000861 海印股份 日线 后复权
      日期	    开盘	    最高	    最低	    收盘	    成交量	    成交额
2020-01-02,2.49,2.53,2.48,2.52,13218705,33167850.00
2020-01-03,2.52,2.54,2.50,2.52,8339244,21010612.00
2020-01-06,2.51,2.54,2.50,2.53,9867020,24870180.00
2020-01-07,2.53,2.56,2.52,2.55,10282850,26110946.00
2020-01-08,2.54,2.56,2.51,2.52,11228858,28473798.00
2020-01-09,2.53,2.55,2.52,2.54,7716486,19601778.00
2020-01-10,2.54,2.56,2.53,2.54,8985232,22842096.00
2020-01-13,2.54,2.54,2.50,2.53,6765853,17025534.00
2020-01-14,2.53,2.54,2.52,2.53,7179100,18155488.00
2020-01-15,2.52,2.53,2.47,2.49,10297190,25662494.00
2020-01-16,2.48,2.49,2.44,2.44,11533540,28383072.00
2020-01-17,2.45,2.47,2.44,2.46,6214503,15280870.00
2020-01-20,2.46,2.47,2.44,2.45,7924754,19407246.00
2020-01-21,2.45,2.45,2.40,2.41,9439700,22867976.00
2020-01-22,2.41,2.47,2.35,2.43,13602762,32616834.00
2020-01-23,2.42,2.43,2.35,2.37,8988532,21424088.00
2020-02-03,2.13,2.13,2.13,2.13,2816100,5998293.00
2020-02-04,1.92,2.05,1.92,1.96,27751585,54504944.00
2020-02-05,1.95,2.02,1.95,2.01,14879928,29743208.00
2020-02-06,2.02,2.04,1.98,2.03,12387009,24891954.00
2020-02-07,2.03,2.04,1.99,2.01,12144079,24428288.00
2020-02-10,2.00,2.08,1.98,2.06,13433625,27401096.00
2020-02-11,2.06,2.09,2.04,2.06,12024407,24913968.00
2020-02-12,2.06,2.11,2.06,2.10,11807843,24676652.00
2020-02-13,2.09,2.12,2.06,2.07,10123965,21116982.00
2020-02-14,2.06,2.09,2.05,2.06,7419121,15356535.00
2020-02-17,2.06,2.12,2.06,2.12,14343950,30208406.00
2020-02-18,2.12,2.16,2.10,2.15,14050184,29994696.00
2020-02-19,2.14,2.18,2.14,2.16,11727236,25345944.00
2020-02-20,2.16,2.25,2.15,2.24,17472502,38643188.00
2020-02-21,2.24,2.24,2.20,2.20,16222537,35961236.00
2020-02-24,2.20,2.20,2.14,2.17,23273134,50342980.00
2020-02-25,2.13,2.36,2.08,2.26,38519489,84599512.00
2020-02-26,2.20,2.30,2.17,2.27,29507571,66520628.00
2020-02-27,2.27,2.30,2.22,2.26,13446742,30268968.00
2020-02-28,2.19,2.24,2.15,2.16,17366270,38056520.00
2020-03-02,2.16,2.27,2.15,2.25,47013000,104794088.00
2020-03-03,2.27,2.33,2.23,2.29,42606681,96691560.00
2020-03-04,2.27,2.39,2.26,2.39,40812800,95505760.00
2020-03-05,2.39,2.43,2.37,2.43,29800885,71812056.00
2020-03-06,2.43,2.54,2.38,2.53,38447212,95326952.00
2020-03-09,2.55,2.64,2.52,2.56,48442860,125550392.00
2020-03-10,2.51,2.56,2.38,2.51,35093706,87117424.00
2020-03-11,2.52,2.63,2.52,2.58,33807678,87577792.00
2020-03-12,2.58,2.68,2.57,2.66,37888989,99748128.00
2020-03-13,2.55,2.66,2.41,2.64,29930229,77598696.00
2020-03-16,2.68,2.73,2.51,2.51,31527590,83007360.00
2020-03-17,2.53,2.58,2.40,2.48,26375902,65228520.00
2020-03-18,2.49,2.54,2.32,2.32,27271250,66469180.00
2020-03-19,2.33,2.45,2.30,2.34,31419363,74386696.00
2020-03-20,2.36,2.41,2.32,2.36,15622630,36788640.00
2020-03-23,2.33,2.33,2.17,2.20,21768288,48872920.00
2020-03-24,2.22,2.25,2.10,2.18,20719940,44994504.00
2020-03-25,2.23,2.26,2.19,2.25,16792130,37367824.00
2020-03-26,2.25,2.31,2.23,2.27,17459870,39658152.00
2020-03-27,2.31,2.38,2.31,2.34,39581940,93006168.00
2020-03-30,2.33,2.37,2.28,2.34,12688640,29383844.00
2020-03-31,2.36,2.38,2.31,2.34,15502937,36226108.00
2020-04-01,2.33,2.39,2.32,2.37,18398600,43377408.00
2020-04-02,2.34,2.54,2.34,2.49,36509757,89715648.00
2020-04-03,2.49,2.55,2.42,2.48,36429070,90577880.00
2020-04-07,2.49,2.53,2.42,2.45,34298950,84270136.00
2020-04-08,2.46,2.46,2.38,2.40,16712834,40205620.00
2020-04-09,2.41,2.44,2.38,2.41,15578384,37693384.00
2020-04-10,2.41,2.54,2.38,2.52,28879994,70940216.00
2020-04-13,2.53,2.58,2.44,2.48,22525075,56301092.00
2020-04-14,2.46,2.51,2.46,2.51,14590133,36312952.00
2020-04-15,2.49,2.51,2.44,2.44,15557790,38356612.00
2020-04-16,2.42,2.47,2.39,2.46,6842030,16675955.00
2020-04-17,2.45,2.58,2.44,2.56,35025093,88956840.00
2020-04-20,2.60,2.75,2.58,2.74,52442274,140257072.00
2020-04-21,2.72,2.86,2.70,2.76,41280138,114560672.00
2020-04-22,2.77,2.81,2.73,2.80,25322169,70238992.00
2020-04-23,2.80,2.90,2.78,2.83,33630188,96004400.00
2020-04-24,2.87,2.87,2.79,2.82,21602694,61117852.00
2020-04-27,2.84,2.86,2.73,2.73,18151680,50403944.00
2020-04-28,2.78,2.79,2.66,2.74,21353531,58317440.00
2020-04-29,2.71,2.82,2.71,2.78,14255767,39626584.00
2020-04-30,2.79,2.85,2.79,2.80,15830777,44597600.00
2020-05-06,2.79,2.84,2.77,2.80,14839320,41498600.00
2020-05-07,2.82,2.91,2.81,2.85,18903659,53860248.00
2020-05-08,2.85,2.87,2.80,2.82,16770760,47550532.00
2020-05-11,2.74,2.93,2.73,2.92,21621083,62004108.00
2020-05-12,2.92,3.05,2.91,3.04,35763091,107478384.00
2020-05-13,3.03,3.09,3.00,3.01,25353593,76922624.00
2020-05-14,3.03,3.04,3.01,3.02,17921894,54204728.00
2020-05-15,3.02,3.05,2.96,2.98,18537856,55519728.00
2020-05-18,3.02,3.04,2.95,2.98,17390490,51814164.00
2020-05-19,3.00,3.00,2.90,2.93,13557790,39779604.00
2020-05-20,2.93,3.06,2.93,3.01,30873064,92808544.00
2020-05-21,3.00,3.08,2.98,3.03,16158124,49030148.00
2020-05-22,3.01,3.05,3.00,3.00,11588470,35033976.00
2020-05-25,3.02,3.05,2.90,2.95,25745175,76430776.00
2020-05-26,2.93,3.00,2.88,2.94,18907654,55427688.00
2020-05-27,2.98,3.05,2.95,3.05,22508287,67917536.00
2020-05-28,3.07,3.09,2.97,3.06,23319437,70945320.00
2020-05-29,3.04,3.08,2.95,3.01,43839809,131858976.00
2020-06-01,3.01,3.04,2.99,3.02,22593451,68156992.00
2020-06-02,3.02,3.03,2.97,2.98,16354470,48963552.00
2020-06-03,2.99,3.07,2.98,3.05,22663432,68889648.00
2020-06-04,3.04,3.21,3.03,3.20,37324101,118220400.00
2020-06-05,3.24,3.28,3.11,3.20,41655007,132639712.00
2020-06-08,3.19,3.21,3.09,3.13,24656231,77081328.00
2020-06-09,3.15,3.23,3.12,3.21,32030581,102024736.00
2020-06-10,3.21,3.26,3.15,3.22,27242740,86820952.00
2020-06-11,3.23,3.40,3.23,3.34,89016739,294332992.00
2020-06-12,3.26,3.31,3.23,3.26,43395318,141954128.00
2020-06-15,3.24,3.24,3.13,3.17,26466170,84147392.00
2020-06-16,3.17,3.18,3.05,3.08,35223077,108784744.00
2020-06-17,3.07,3.25,3.06,3.24,48314673,152215424.00
2020-06-18,3.20,3.32,3.16,3.18,35261251,113759296.00
2020-06-19,3.18,3.24,3.14,3.19,23828504,75927512.00
2020-06-22,3.16,3.29,3.13,3.25,43711880,141526736.00
2020-06-23,3.29,3.30,3.21,3.25,31416998,101852976.00
2020-06-24,3.30,3.35,3.12,3.12,44566214,142872752.00
2020-06-29,3.08,3.14,2.83,2.94,50018556,150263344.00
2020-06-30,2.95,3.18,2.93,3.18,40933442,126318824.00
2020-07-01,3.18,3.26,3.11,3.15,34059483,107878408.00
2020-07-02,3.16,3.24,3.13,3.19,31059795,99010744.00
2020-07-03,3.22,3.26,3.18,3.25,36788136,119071792.00
2020-07-06,3.33,3.47,3.29,3.45,50376723,170250384.00
2020-07-07,3.50,3.76,3.48,3.61,76266593,276523456.00
2020-07-08,3.60,3.87,3.55,3.67,86287858,318438496.00
2020-07-09,3.64,3.70,3.56,3.59,63044313,228097024.00
2020-07-10,3.62,3.75,3.52,3.62,55680163,201150896.00
2020-07-13,3.66,3.68,3.59,3.65,46400648,169045232.00
2020-07-14,3.65,3.69,3.53,3.61,41514260,149476000.00
2020-07-15,3.61,3.65,3.46,3.55,44859505,159652000.00
2020-07-16,3.51,3.68,3.45,3.49,64502333,230214384.00
2020-07-17,3.54,3.54,3.40,3.44,36472173,125970416.00
2020-07-20,3.48,3.77,3.48,3.73,86080595,314002752.00
2020-07-21,3.74,3.81,3.64,3.79,67993982,254399216.00
2020-07-22,3.76,3.88,3.73,3.79,51979109,197756576.00
2020-07-23,3.76,3.86,3.69,3.86,64970798,246130288.00
2020-07-24,3.86,3.94,3.63,3.79,67881298,254821920.00
2020-07-27,3.80,3.82,3.68,3.80,48141425,180436240.00
2020-07-28,3.81,4.14,3.79,4.09,121105026,478137344.00
2020-07-29,3.87,3.97,3.75,3.91,136124009,524751520.00
2020-07-30,3.91,3.91,3.75,3.85,87738106,333833312.00
2020-07-31,3.79,3.86,3.75,3.85,64321940,243793888.00
2020-08-03,3.81,3.91,3.80,3.86,67285082,257663648.00
2020-08-04,3.87,3.87,3.78,3.80,54251748,206634688.00
2020-08-05,3.79,3.79,3.73,3.75,34554454,129565216.00
2020-08-06,3.78,3.90,3.76,3.88,70248719,268170944.00
2020-08-07,3.88,3.92,3.78,3.82,51808123,198487744.00
2020-08-10,3.81,3.83,3.74,3.76,41764187,157393712.00
2020-08-11,3.74,3.78,3.66,3.67,30877174,114642000.00
2020-08-12,3.69,3.79,3.62,3.79,45237446,166657200.00
2020-08-13,3.78,3.82,3.73,3.80,38278578,144380336.00
2020-08-14,3.79,3.80,3.70,3.79,33403695,125088040.00
2020-08-17,3.70,3.79,3.67,3.71,54146787,201049920.00
2020-08-18,3.72,3.83,3.65,3.67,61670619,230004512.00
2020-08-19,3.64,3.65,3.46,3.51,54175670,191298448.00
2020-08-20,3.47,3.52,3.26,3.32,58184678,194761120.00
2020-08-21,3.34,3.56,3.34,3.53,70649637,244653520.00
2020-08-24,3.53,3.58,3.49,3.53,40211664,141592400.00
2020-08-25,3.54,3.58,3.49,3.53,32646184,114938224.00
2020-08-26,3.52,3.60,3.49,3.55,44289988,156617536.00
2020-08-27,3.57,3.59,3.49,3.56,37659413,133091976.00
2020-08-28,3.57,3.69,3.52,3.69,59894705,215756736.00
2020-08-31,3.71,3.80,3.69,3.76,62172264,232476944.00
2020-09-01,3.76,3.83,3.66,3.68,52691029,196118080.00
2020-09-02,3.69,3.73,3.58,3.66,34777579,126345360.00
2020-09-03,3.65,3.69,3.57,3.62,30460285,109977184.00
2020-09-04,3.56,3.59,3.54,3.56,25928186,92199624.00
2020-09-07,3.54,3.62,3.46,3.55,32217300,114005800.00
2020-09-08,3.54,3.57,3.46,3.53,18354441,64313804.00
2020-09-09,3.52,3.52,3.38,3.43,36715670,125418880.00
2020-09-10,3.43,3.46,3.33,3.40,30975926,104430272.00
2020-09-11,3.36,3.47,3.35,3.47,21174076,72003536.00
2020-09-14,3.47,3.65,3.47,3.60,53916300,192470592.00
2020-09-15,3.61,3.61,3.46,3.49,30650520,107219176.00
2020-09-16,3.52,3.54,3.44,3.49,21713172,75383464.00
2020-09-17,3.47,3.56,3.43,3.55,24944600,87051072.00
2020-09-18,3.54,3.55,3.46,3.50,26891593,93567512.00
2020-09-21,3.50,3.51,3.40,3.43,24514125,84252616.00
2020-09-22,3.39,3.41,3.31,3.41,32761071,109956872.00
2020-09-23,3.40,3.44,3.36,3.41,19428780,65503964.00
2020-09-24,3.40,3.41,3.34,3.39,18981024,63748252.00
2020-09-25,3.40,3.40,3.29,3.31,24904676,82720248.00
2020-09-28,3.29,3.34,2.98,2.98,63865192,201191280.00
2020-09-29,2.77,2.91,2.68,2.68,106457062,288838784.00
2020-09-30,2.64,2.74,2.51,2.66,51817340,137555968.00
2020-10-09,2.68,2.90,2.66,2.89,56828980,159542592.00
2020-10-12,2.90,2.93,2.83,2.90,44029914,125958736.00
2020-10-13,2.94,2.94,2.81,2.83,28209022,80065880.00
2020-10-14,2.84,2.86,2.76,2.80,28689811,80326696.00
2020-10-15,2.79,2.80,2.71,2.72,19216060,52410976.00
2020-10-16,2.74,2.75,2.66,2.69,22465445,60233940.00
2020-10-19,2.71,2.75,2.59,2.62,33367344,87905112.00
2020-10-20,2.62,2.71,2.59,2.70,26971590,70637440.00
2020-10-21,2.70,2.71,2.61,2.61,23287690,61234256.00
2020-10-22,2.61,2.66,2.58,2.63,18379166,47958424.00
2020-10-23,2.63,2.66,2.53,2.54,27798606,71476544.00
2020-10-26,2.56,2.56,2.47,2.49,32685984,81974808.00
2020-10-27,2.51,2.51,2.41,2.43,42718115,104220176.00
2020-10-28,2.45,2.50,2.40,2.47,31421218,76409040.00
2020-10-29,2.44,2.46,2.42,2.43,18383835,44602132.00
2020-10-30,2.43,2.44,2.31,2.33,29556223,69746672.00
2020-11-02,2.37,2.48,2.37,2.42,29956923,72214680.00
2020-11-03,2.43,2.65,2.40,2.56,50703971,128249368.00
2020-11-04,2.59,2.59,2.49,2.51,24894350,62638528.00
2020-11-05,2.53,2.59,2.52,2.57,21397215,54395044.00
2020-11-06,2.58,2.60,2.53,2.55,19002182,48377408.00
2020-11-09,2.56,2.64,2.55,2.62,23797365,61823396.00
2020-11-10,2.62,2.67,2.58,2.60,19170763,50185496.00
2020-11-11,2.62,2.75,2.59,2.68,33236135,89032184.00
2020-11-12,2.68,2.71,2.63,2.68,22927511,61100172.00
2020-11-13,2.65,2.69,2.60,2.63,17943930,47049436.00
2020-11-16,2.63,2.75,2.63,2.68,29810566,80007680.00
2020-11-17,2.67,2.72,2.64,2.70,29167211,78009784.00
2020-11-18,2.70,2.73,2.67,2.69,20283419,54450832.00
2020-11-19,2.68,2.69,2.62,2.65,20509337,54278556.00
2020-11-20,2.65,2.69,2.61,2.66,15979943,42117996.00
2020-11-23,2.67,2.68,2.62,2.64,18627891,49118932.00
2020-11-24,2.65,2.68,2.63,2.64,16864576,44509920.00
2020-11-25,2.65,2.65,2.58,2.58,24367460,63385056.00
2020-11-26,2.56,2.58,2.52,2.55,17530629,44500432.00
2020-11-27,2.56,2.58,2.52,2.55,12649049,32022906.00
2020-11-30,2.56,2.61,2.52,2.53,23388328,59686360.00
2020-12-01,2.53,2.58,2.51,2.55,19795427,50179536.00
2020-12-02,2.56,2.80,2.56,2.80,89300178,242086544.00
2020-12-03,2.88,2.88,2.70,2.74,85283087,235306624.00
2020-12-04,2.74,2.75,2.65,2.69,44468230,118589608.00
2020-12-07,2.69,2.70,2.65,2.66,28095271,74753848.00
2020-12-08,2.66,2.93,2.65,2.93,65414240,182960224.00
2020-12-09,3.00,3.22,2.93,2.95,160437115,488248448.00
2020-12-10,2.83,2.98,2.82,2.88,81705913,235190464.00
2020-12-11,2.83,3.01,2.77,2.93,76474424,219252064.00
2020-12-14,2.90,3.00,2.87,2.94,48659578,142685248.00
2020-12-15,2.94,2.97,2.88,2.89,35075031,101749928.00
2020-12-16,2.89,2.93,2.84,2.84,31462824,90007504.00
2020-12-17,2.86,2.97,2.78,2.96,53071528,153489968.00
2020-12-18,2.93,3.02,2.89,2.90,61967824,181351552.00
2020-12-21,2.85,2.94,2.84,2.89,27137855,78231008.00
2020-12-22,2.89,2.94,2.82,2.82,37318059,106430272.00
2020-12-23,2.82,2.88,2.81,2.87,26140281,73985480.00
2020-12-24,2.82,2.87,2.81,2.82,19369659,54729420.00
2020-12-25,2.82,2.94,2.79,2.88,28382058,81216808.00
2020-12-28,2.88,2.90,2.84,2.85,25579555,72852928.00
2020-12-29,2.86,2.86,2.78,2.78,27086921,75651600.00
2020-12-30,2.85,2.91,2.79,2.86,39982262,113691576.00
2020-12-31,2.88,2.93,2.86,2.91,34260004,98689208.00
2021-01-04,2.92,2.98,2.88,2.95,36585403,107147224.00
2021-01-05,2.97,3.00,2.93,2.96,31480931,92943984.00
2021-01-06,2.97,2.99,2.89,2.91,22976018,66745468.00
2021-01-07,2.91,2.91,2.77,2.77,33526980,94503240.00
2021-01-08,2.78,2.84,2.72,2.82,19515496,54310640.00
2021-01-11,2.82,2.86,2.79,2.80,14378420,40376884.00
2021-01-12,2.80,2.82,2.75,2.76,17956417,49675936.00
2021-01-13,2.76,2.77,2.49,2.49,63841427,160989504.00
2021-01-14,2.41,2.49,2.25,2.43,53994609,127322696.00
2021-01-15,2.43,2.52,2.33,2.42,34746617,83134784.00
2021-01-18,2.38,2.41,2.33,2.34,31328118,73585896.00
2021-01-19,2.34,2.49,2.31,2.44,38091524,90933376.00
2021-01-20,2.42,2.44,2.36,2.40,14561881,34686020.00
2021-01-21,2.39,2.41,2.34,2.35,29008854,68397472.00
2021-01-22,2.35,2.35,2.23,2.23,38346042,87045648.00
2021-01-25,2.26,2.33,2.25,2.30,31323223,71600848.00
2021-01-26,2.30,2.53,2.23,2.45,54802086,131922024.00
2021-01-27,2.46,2.50,2.36,2.48,33333419,79948752.00
2021-01-28,2.48,2.52,2.38,2.41,50092176,121617040.00
2021-01-29,2.41,2.41,2.27,2.33,41858068,96289224.00
2021-02-01,2.30,2.32,2.14,2.19,37900644,83726176.00
2021-02-02,2.19,2.21,2.08,2.09,42071712,89171800.00
2021-02-03,2.09,2.12,2.04,2.10,18319427,38019384.00
2021-02-04,2.10,2.10,1.93,2.01,42497343,84621048.00
2021-02-05,2.02,2.09,1.97,2.00,26068932,52279808.00
2021-02-08,1.99,2.08,1.95,2.04,25952540,51774536.00
2021-02-09,2.02,2.09,2.01,2.06,20843171,42450848.00
2021-02-10,2.06,2.20,2.05,2.20,31666306,67260928.00
2021-02-18,2.22,2.24,2.17,2.23,30670373,67343936.00
2021-02-19,2.21,2.30,2.20,2.27,23198360,52042180.00
2021-02-22,2.26,2.35,2.26,2.26,38013344,87149064.00
2021-02-23,2.26,2.28,2.17,2.18,31220127,68614304.00
2021-02-24,2.19,2.25,2.15,2.23,29996700,65902548.00
2021-02-25,2.22,2.30,2.18,2.27,46547093,104028912.00
2021-02-26,2.22,2.25,2.20,2.23,29636719,65564196.00
2021-03-01,2.21,2.24,2.20,2.22,25258970,55738572.00
2021-03-02,2.24,2.29,2.21,2.29,38670612,86910984.00
2021-03-03,2.27,2.29,2.24,2.27,19590225,44077608.00
2021-03-04,2.25,2.30,2.23,2.24,25586100,57677756.00
2021-03-05,2.24,2.28,2.23,2.27,18542650,41704968.00
2021-03-08,2.26,2.28,2.23,2.24,19426270,43678652.00
2021-03-09,2.22,2.24,2.09,2.18,26950330,58214244.00
2021-03-10,2.18,2.19,2.12,2.12,15434587,33026458.00
2021-03-11,2.13,2.17,2.11,2.17,15571756,33263276.00
2021-03-12,2.17,2.22,2.15,2.21,15774372,34402776.00
2021-03-15,2.21,2.29,2.17,2.29,38184305,84806592.00
2021-03-16,2.28,2.30,2.23,2.27,33141566,74746312.00
2021-03-17,2.27,2.30,2.25,2.27,26676390,60372304.00
2021-03-18,2.28,2.29,2.24,2.24,19217562,43255412.00
2021-03-19,2.24,2.26,2.21,2.22,16511900,36827316.00
2021-03-22,2.23,2.24,2.18,2.23,23427170,51514172.00
2021-03-23,2.22,2.23,2.16,2.17,21168675,46022512.00
2021-03-24,2.16,2.19,2.14,2.17,15851668,34166572.00
2021-03-25,2.17,2.19,2.16,2.16,15014500,32487548.00
2021-03-26,2.16,2.18,2.14,2.17,18592750,39953648.00
2021-03-29,2.16,2.20,2.14,2.15,17055630,36683696.00
2021-03-30,2.15,2.16,2.11,2.12,17433406,36752204.00
2021-03-31,2.13,2.18,2.10,2.18,26348120,56223996.00
2021-04-01,2.16,2.18,2.13,2.17,16671388,35708188.00
2021-04-02,2.17,2.19,2.14,2.17,13285376,28558292.00
2021-04-06,2.16,2.19,2.15,2.18,15520635,33576420.00
2021-04-07,2.18,2.24,2.17,2.20,27741565,60823056.00
2021-04-08,2.20,2.24,2.18,2.21,30399965,66848276.00
2021-04-09,2.20,2.26,2.18,2.24,40490022,89575568.00
2021-04-12,2.23,2.24,2.17,2.19,30302265,66591640.00
2021-04-13,2.19,2.19,2.13,2.15,28896272,61868160.00
2021-04-14,2.14,2.31,2.13,2.25,50931409,112826464.00
2021-04-15,2.24,2.34,2.22,2.27,54723121,124216984.00
2021-04-16,2.27,2.46,2.26,2.37,81019033,192109552.00
2021-04-19,2.35,2.40,2.31,2.34,50856600,119125488.00
2021-04-20,2.35,2.40,2.32,2.37,40738759,95706824.00
2021-04-21,2.36,2.39,2.32,2.36,37014560,87085848.00
2021-04-22,2.36,2.43,2.35,2.39,32006513,76234672.00
2021-04-23,2.39,2.40,2.27,2.30,38813939,89634816.00
2021-04-26,2.33,2.33,2.27,2.30,28197020,64295984.00
2021-04-27,2.27,2.29,2.20,2.26,32011996,71284632.00
2021-04-28,2.24,2.24,2.19,2.20,19181330,42309988.00
2021-04-29,2.23,2.32,2.19,2.30,32966468,74529712.00
2021-04-30,2.31,2.32,2.21,2.22,22576070,50731340.00
2021-05-06,2.23,2.28,2.19,2.28,27682856,61345192.00
2021-05-07,2.25,2.27,2.20,2.22,24608458,54509040.00
2021-05-10,2.23,2.24,2.19,2.23,22593900,49713796.00
2021-05-11,2.21,2.24,2.19,2.22,24132931,53141084.00
2021-05-12,2.22,2.26,2.20,2.25,18395241,40875328.00
2021-05-13,2.24,2.36,2.23,2.26,33177627,75580504.00
2021-05-14,2.26,2.30,2.26,2.30,30803600,69860928.00
2021-05-17,2.28,2.29,2.22,2.23,24952477,55704284.00
2021-05-18,2.22,2.27,2.21,2.24,16687590,37278492.00
2021-05-19,2.24,2.27,2.22,2.25,22723262,50755668.00
2021-05-20,2.25,2.25,2.21,2.22,17533700,38912080.00
2021-05-21,2.23,2.23,2.17,2.21,26227601,57564800.00
2021-05-24,2.20,2.23,2.19,2.22,13787778,30379670.00
2021-05-25,2.22,2.23,2.20,2.22,16834460,37069888.00
2021-05-26,2.25,2.30,2.24,2.24,33230033,74801112.00
2021-05-27,2.23,2.26,2.23,2.24,16022738,35752736.00
2021-05-28,2.25,2.26,2.20,2.25,26358669,58471836.00
2021-05-31,2.25,2.27,2.22,2.26,21898216,49046700.00
2021-06-01,2.25,2.28,2.24,2.24,26874250,60246468.00
2021-06-02,2.24,2.27,2.23,2.25,22229333,49889536.00
2021-06-03,2.25,2.26,2.21,2.22,26174740,58168576.00
2021-06-04,2.22,2.23,2.19,2.20,19665910,43204392.00
2021-06-07,2.19,2.21,2.16,2.19,29012219,62991952.00
2021-06-08,2.18,2.20,2.16,2.17,18152539,39326356.00
2021-06-09,2.17,2.18,2.15,2.17,17038480,36768384.00
2021-06-10,2.16,2.18,2.13,2.13,23078500,49439124.00
2021-06-11,2.14,2.16,2.13,2.13,16518043,35264500.00
2021-06-15,2.13,2.15,2.11,2.14,19605940,41562272.00
2021-06-16,2.14,2.14,2.10,2.11,17957900,37874068.00
2021-06-17,2.10,2.11,2.05,2.05,26105373,53887476.00
2021-06-18,2.05,2.06,2.02,2.06,18875414,38285252.00
2021-06-21,2.04,2.07,2.04,2.07,11390366,23354410.00
2021-06-22,2.07,2.11,2.06,2.09,13668529,28401316.00
2021-06-23,2.09,2.10,2.07,2.08,9755482,20194290.00
2021-06-24,2.07,2.10,2.06,2.09,12117588,25078876.00
2021-06-25,2.09,2.10,2.07,2.08,13160967,27280016.00
2021-06-28,2.08,2.13,2.07,2.11,28137716,58936444.00
2021-06-29,2.12,2.15,2.10,2.13,22693020,48117872.00
2021-06-30,2.13,2.16,2.10,2.13,21789000,45977432.00
2021-07-01,2.12,2.13,2.10,2.10,12713530,26654674.00
2021-07-02,2.10,2.11,2.05,2.08,18820349,38719868.00
2021-07-05,2.07,2.14,2.07,2.08,17126596,35567672.00
2021-07-06,2.08,2.09,2.06,2.07,12136820,25025582.00
2021-07-07,2.07,2.08,2.05,2.06,12926179,26540536.00
2021-07-08,2.07,2.09,2.04,2.05,14588710,29924346.00
2021-07-09,2.04,2.09,2.03,2.08,20220685,41413200.00
2021-07-12,2.10,2.11,2.06,2.07,20726590,42921416.00
2021-07-13,2.06,2.08,2.06,2.07,15467735,31792770.00
2021-07-14,2.07,2.08,2.04,2.05,21610038,44264772.00
2021-07-15,2.05,2.06,2.03,2.04,13351696,27064480.00
2021-07-16,2.04,2.08,2.03,2.06,17444390,35798680.00
2021-07-19,2.06,2.06,2.02,2.03,21622764,43905652.00
2021-07-20,2.02,2.05,1.99,2.03,21066360,42227300.00
2021-07-21,2.02,2.05,2.01,2.01,19969650,40050060.00
2021-07-22,2.01,2.02,2.00,2.01,21690797,43081240.00
2021-07-23,2.01,2.01,1.97,1.97,28545571,56069248.00
2021-07-26,1.96,1.97,1.92,1.96,28526629,54826456.00
2021-07-27,1.95,1.97,1.92,1.92,19756214,37885152.00
2021-07-28,1.93,1.93,1.85,1.85,22696293,42088956.00
2021-07-29,1.86,1.88,1.84,1.87,17846159,32867492.00
2021-07-30,1.87,1.89,1.82,1.88,20760481,38036628.00
2021-08-02,1.87,1.92,1.86,1.90,13678516,25616994.00
2021-08-03,1.90,1.93,1.89,1.90,14917520,28239832.00
2021-08-04,1.89,1.96,1.89,1.94,29929845,57082884.00
2021-08-05,1.94,2.02,1.94,2.02,37802484,74002736.00
2021-08-06,2.04,2.21,2.02,2.14,90224232,189436064.00
2021-08-09,2.12,2.12,2.02,2.03,61221780,124426592.00
2021-08-10,2.02,2.08,2.00,2.04,29488982,59593040.00
2021-08-11,2.05,2.06,2.02,2.02,23135669,46626288.00
2021-08-12,2.02,2.09,2.00,2.08,41247043,83104360.00
2021-08-13,2.07,2.12,2.05,2.08,32486400,67179424.00
2021-08-16,2.07,2.07,2.04,2.05,20380649,41426844.00
2021-08-17,2.05,2.05,1.98,1.98,27048935,53821944.00
2021-08-18,1.98,2.02,1.97,2.01,12254066,24283054.00
2021-08-19,2.01,2.04,1.98,2.03,14287615,28511786.00
2021-08-20,2.03,2.04,2.01,2.03,15326000,30730364.00
2021-08-23,2.02,2.05,2.02,2.05,13329415,26912034.00
2021-08-24,2.05,2.06,2.03,2.06,13543600,27434394.00
2021-08-25,2.05,2.12,2.04,2.11,36672365,75945544.00
2021-08-26,2.10,2.13,2.09,2.12,33050238,68895816.00
2021-08-27,2.12,2.14,2.07,2.10,27863873,57737228.00
2021-08-30,2.10,2.13,2.09,2.13,36900039,77351696.00
2021-08-31,2.12,2.14,2.09,2.11,19413990,40613844.00
2021-09-01,2.11,2.13,2.09,2.12,24180230,50591952.00
2021-09-02,2.11,2.11,2.09,2.10,17894485,37219832.00
2021-09-03,2.10,2.17,2.10,2.16,39990759,84728480.00
2021-09-06,2.16,2.21,2.15,2.16,38546278,83099800.00
2021-09-07,2.17,2.20,2.15,2.19,25623200,55253484.00
2021-09-08,2.19,2.31,2.18,2.27,59253799,132054296.00
2021-09-09,2.27,2.27,2.23,2.27,32236009,71933968.00
2021-09-10,2.26,2.30,2.21,2.21,37419622,83767960.00
2021-09-13,2.23,2.32,2.21,2.31,53342058,120785792.00
2021-09-14,2.30,2.34,2.25,2.25,29869556,67687912.00
2021-09-15,2.27,2.32,2.24,2.28,39095198,88280320.00
2021-09-16,2.27,2.30,2.20,2.20,31477141,69981896.00
2021-09-17,2.21,2.24,2.14,2.19,22467820,48607748.00
2021-09-22,2.18,2.21,2.15,2.18,24860523,53759164.00
2021-09-23,2.19,2.27,2.18,2.22,33122752,72962240.00
2021-09-24,2.22,2.24,2.17,2.19,26872200,58621364.00
2021-09-27,2.19,2.21,2.02,2.11,40645181,84962584.00
2021-09-28,2.10,2.14,2.07,2.13,19121173,39885336.00
2021-09-29,2.14,2.15,2.06,2.06,25022686,51867308.00
2021-09-30,2.07,2.10,2.05,2.10,18768650,38725208.00
2021-10-08,2.11,2.22,2.10,2.20,42143003,91215968.00
2021-10-11,2.21,2.24,2.17,2.23,33978760,74300152.00
2021-10-12,2.21,2.24,2.17,2.21,24278740,53041344.00
2021-10-13,2.20,2.21,2.15,2.18,19395610,41784612.00
2021-10-14,2.17,2.22,2.13,2.17,19244690,41315288.00
2021-10-15,2.16,2.17,2.14,2.15,19697411,42055804.00
2021-10-18,2.15,2.20,2.12,2.20,21655630,46488948.00
2021-10-19,2.19,2.19,2.13,2.13,24028036,51233848.00
2021-10-20,2.13,2.14,2.11,2.14,24720341,52010884.00
2021-10-21,2.13,2.13,2.08,2.10,22910218,47633528.00
2021-10-22,2.10,2.12,2.08,2.12,20108134,41759464.00
2021-10-25,2.10,2.12,2.08,2.12,15191620,31687742.00
2021-10-26,2.11,2.13,2.11,2.11,9949400,20844512.00
2021-10-27,2.12,2.12,2.07,2.11,16118510,33396584.00
2021-10-28,2.09,2.11,2.05,2.06,17531440,36136664.00
2021-10-29,2.05,2.08,2.03,2.06,14907202,30288046.00
2021-11-01,2.04,2.08,2.03,2.05,9674700,19707428.00
2021-11-02,2.06,2.07,1.98,2.00,24029394,48020796.00
2021-11-03,2.00,2.02,1.99,2.00,8351900,16585100.00
2021-11-04,2.01,2.03,1.99,2.01,10598518,21088020.00
2021-11-05,2.02,2.02,2.00,2.01,7695090,15285816.00
2021-11-08,2.00,2.01,1.98,2.00,10599711,20918872.00
2021-11-09,1.99,2.01,1.99,1.99,6780790,13401908.00
2021-11-10,1.99,2.00,1.98,1.99,8845382,17403680.00
2021-11-11,1.99,2.08,1.99,2.07,23923506,48566492.00
2021-11-12,2.08,2.12,2.07,2.10,16173978,33509520.00
2021-11-15,2.11,2.17,2.11,2.16,34120580,72538576.00
2021-11-16,2.16,2.24,2.16,2.20,32641475,71326680.00
2021-11-17,2.20,2.20,2.16,2.19,22189835,47957764.00
2021-11-18,2.18,2.23,2.18,2.20,25139083,54836588.00
2021-11-19,2.19,2.42,2.19,2.42,86674677,202066128.00
2021-11-22,2.44,2.63,2.38,2.56,186533078,465321344.00
2021-11-23,2.48,2.62,2.47,2.56,153835095,392880512.00
2021-11-24,2.58,2.79,2.57,2.63,168193373,439919072.00
2021-11-25,2.62,2.65,2.57,2.64,64357367,166624128.00
2021-11-26,2.70,2.90,2.50,2.90,118237559,326088800.00
2021-11-29,2.80,2.95,2.77,2.91,139545609,398510336.00
2021-11-30,2.87,2.97,2.84,2.93,75692744,218666752.00
2021-12-01,2.94,3.10,2.91,3.08,96220514,285644608.00
2021-12-02,3.08,3.13,2.96,3.06,108695415,328872416.00
2021-12-03,3.06,3.29,3.03,3.19,148768167,468543072.00
2021-12-06,3.18,3.51,3.18,3.44,177298065,599452480.00
2021-12-07,3.44,3.56,3.23,3.42,158209100,531957728.00
2021-12-08,3.42,3.53,3.30,3.45,91272234,311206816.00
2021-12-09,3.36,3.40,3.21,3.25,128183453,419052000.00
2021-12-10,3.23,3.41,3.22,3.37,94287862,313933792.00
2021-12-13,3.41,3.55,3.27,3.33,104736341,352345344.00
2021-12-14,3.35,3.38,3.28,3.32,56979522,187852000.00
2021-12-15,3.32,3.54,3.28,3.50,105497094,360080320.00
2021-12-16,3.52,3.54,3.32,3.37,91520310,307756544.00
2021-12-17,3.37,3.38,3.13,3.26,110960514,355685184.00
2021-12-20,3.23,3.40,3.23,3.25,56643955,185497648.00
2021-12-21,3.30,3.45,3.26,3.40,76047920,253298992.00
2021-12-22,3.36,3.41,3.25,3.28,52931497,174264912.00
2021-12-23,3.29,3.39,3.27,3.29,55519785,183273008.00
2021-12-24,3.33,3.33,3.10,3.12,64891833,205012704.00
2021-12-27,3.11,3.17,3.03,3.12,57555963,177894560.00
2021-12-28,3.12,3.15,3.05,3.07,33773294,103809480.00
2021-12-29,3.06,3.16,3.04,3.11,39107123,120346912.00
2021-12-30,3.12,3.15,3.06,3.08,30810660,94713320.00
2021-12-31,3.07,3.37,3.06,3.29,88304342,284954624.00
2022-01-04,3.31,3.48,3.28,3.42,79281711,267315344.00
2022-01-05,3.43,3.43,3.19,3.20,52612548,171402944.00
2022-01-06,3.20,3.34,3.20,3.25,34823230,113691176.00
2022-01-07,3.26,3.32,3.20,3.25,43431580,141177424.00
2022-01-10,3.29,3.43,3.26,3.40,69221633,231276064.00
2022-01-11,3.47,3.52,3.19,3.20,106275007,346347296.00
2022-01-12,3.21,3.27,3.12,3.13,47917644,150817264.00
2022-01-13,3.12,3.15,3.03,3.10,41805424,128671168.00
2022-01-14,3.10,3.25,3.07,3.08,43383657,135190160.00
2022-01-17,3.07,3.12,2.95,2.96,50585017,151748336.00
2022-01-18,2.97,2.98,2.87,2.89,40908244,118734648.00
2022-01-19,2.90,2.92,2.81,2.84,49223277,139080624.00
2022-01-20,2.86,2.87,2.72,2.76,55009575,151981920.00
2022-01-21,2.76,2.88,2.76,2.78,47677568,132486672.00
2022-01-24,2.77,2.79,2.69,2.72,36068396,97582384.00
2022-01-25,2.70,2.74,2.59,2.62,43071685,113811184.00
2022-01-26,2.62,2.80,2.58,2.77,68759848,184518240.00
2022-01-27,2.76,2.89,2.73,2.73,68434019,189905104.00
2022-01-28,2.76,2.79,2.67,2.76,32786532,89065616.00
2022-02-07,2.68,2.75,2.51,2.73,64733006,170044144.00
2022-02-08,2.75,2.89,2.73,2.89,79406020,223761840.00
2022-02-09,2.90,3.00,2.84,2.98,41978384,122939464.00
2022-02-10,3.01,3.01,2.93,2.96,26570665,78184440.00
2022-02-11,2.97,3.04,2.91,2.92,35469378,104228536.00
2022-02-14,2.92,3.07,2.90,2.91,55725554,164919888.00
2022-02-15,2.94,2.96,2.84,2.87,60035602,171585696.00
2022-02-16,2.89,3.16,2.89,3.16,90739002,276289600.00
2022-02-17,3.18,3.22,3.04,3.09,86442082,267221680.00
2022-02-18,3.07,3.20,3.05,3.17,56327330,176156528.00
2022-02-21,3.17,3.17,3.08,3.13,40581460,125394720.00
2022-02-22,3.11,3.31,3.09,3.20,68935282,219900544.00
2022-02-23,3.18,3.29,3.17,3.27,39865731,128177776.00
2022-02-24,3.31,3.46,3.21,3.29,106430588,353412096.00
2022-02-25,3.34,3.44,3.25,3.29,61726540,202930864.00
2022-02-28,3.29,3.31,3.20,3.24,38986829,125349896.00
2022-03-01,3.26,3.31,3.23,3.26,31541468,102504328.00
2022-03-02,3.24,3.28,3.19,3.23,25920743,83139448.00
2022-03-03,3.24,3.28,3.19,3.21,39944035,128244624.00
2022-03-04,3.22,3.22,3.12,3.13,35068831,110071656.00
2022-03-07,3.12,3.17,2.97,2.99,56243177,170483200.00
2022-03-08,3.00,3.03,2.85,2.91,64434580,187216352.00
2022-03-09,2.91,2.98,2.76,2.98,53800982,154064416.00
2022-03-10,3.06,3.25,3.00,3.18,66856340,208932640.00
2022-03-11,3.13,3.24,3.06,3.21,58586014,183990320.00
2022-03-14,3.20,3.28,3.17,3.21,55765213,178639744.00
2022-03-15,3.27,3.30,3.05,3.07,87116991,275985632.00
2022-03-16,3.10,3.20,2.97,3.16,72176958,221175952.00
2022-03-17,3.18,3.28,3.16,3.18,60552500,193312464.00
2022-03-18,3.15,3.50,3.13,3.50,146821086,494274016.00
2022-03-21,3.52,3.62,3.42,3.60,143626617,503905728.00
2022-03-22,3.53,3.80,3.51,3.66,111269249,406441248.00
2022-03-23,3.66,3.78,3.60,3.75,90579167,333682400.00
2022-03-24,3.78,3.80,3.66,3.66,72357411,268004976.00
2022-03-25,3.67,3.79,3.63,3.76,77790072,288768288.00
2022-03-28,3.72,3.74,3.60,3.62,69137050,251941936.00
2022-03-29,3.60,3.68,3.47,3.53,63519972,224432304.00
2022-03-30,3.55,3.63,3.50,3.60,39845410,141273744.00
2022-03-31,3.57,3.61,3.51,3.52,37060598,131057696.00
2022-04-01,3.53,3.71,3.52,3.69,68236702,247099056.00
2022-04-06,3.70,3.77,3.59,3.64,53649864,194725600.00
2022-04-07,3.64,3.67,3.47,3.53,52249441,185224592.00
2022-04-08,3.54,3.57,3.40,3.43,44841154,154328400.00
2022-04-11,3.43,3.45,3.19,3.22,54994592,180556336.00
2022-04-12,3.26,3.40,3.20,3.40,50393715,166261664.00
2022-04-13,3.41,3.43,3.22,3.24,41309470,134712736.00
2022-04-14,3.22,3.26,3.10,3.16,48618019,153244112.00
2022-04-15,3.16,3.24,3.12,3.14,33035890,104056088.00
2022-04-18,3.15,3.15,3.05,3.07,27371920,84111400.00
2022-04-19,3.07,3.12,3.03,3.10,26090778,79969912.00
2022-04-20,3.10,3.12,2.97,2.98,38047738,114712640.00
2022-04-21,2.98,3.00,2.76,2.78,62106238,175880032.00
2022-04-22,2.80,2.90,2.74,2.83,36538115,101681976.00
2022-04-25,2.80,2.82,2.66,2.67,48378630,129915344.00
2022-04-26,2.67,2.72,2.46,2.52,61281446,157378672.00
2022-04-27,2.46,2.77,2.41,2.75,71775177,184364736.00
2022-04-28,2.75,3.01,2.68,2.95,79994239,227333104.00
2022-04-29,2.98,2.99,2.86,2.96,55390346,161218448.00
2022-05-05,2.97,3.06,2.94,3.05,46083611,138216720.00
2022-05-06,3.01,3.05,2.93,3.04,38708284,115320528.00
2022-05-09,3.03,3.11,3.00,3.09,49949664,151430736.00
2022-05-10,3.02,3.14,3.00,3.10,49225874,150641680.00
2022-05-11,3.10,3.24,3.08,3.09,79220637,247663568.00
2022-05-12,3.08,3.14,2.96,3.10,74307307,225492608.00
2022-05-13,3.17,3.36,3.08,3.35,140377042,450476032.00
2022-05-16,3.33,3.33,3.02,3.02,157651963,485471200.00
2022-05-17,2.93,3.00,2.74,2.94,105411803,300055200.00
2022-05-18,2.95,3.01,2.83,2.85,69562958,201153008.00
2022-05-19,2.80,2.87,2.76,2.82,45867459,128406896.00
2022-05-20,2.83,2.94,2.82,2.85,67066360,191004960.00
2022-05-23,2.84,3.00,2.84,2.96,110648352,321927744.00
2022-05-24,3.03,3.07,2.82,2.83,101209203,295077792.00
2022-05-25,2.83,3.00,2.81,2.97,89639148,260886688.00
2022-05-26,2.99,3.12,2.93,3.12,81862093,246873712.00
2022-05-27,3.13,3.13,2.96,2.98,85808790,256903936.00
2022-05-30,3.00,3.01,2.88,2.92,60222474,174912256.00
2022-05-31,2.92,2.93,2.81,2.93,62191302,176989392.00
2022-06-01,2.89,2.98,2.85,2.88,49752114,143846112.00
2022-06-02,2.85,2.88,2.82,2.83,40262581,113541312.00
2022-06-06,2.84,3.02,2.82,3.00,81878947,239182704.00
2022-06-07,2.99,3.01,2.92,2.92,59745580,175366096.00
2022-06-08,2.93,2.99,2.87,2.98,63987836,186768096.00
2022-06-09,2.99,3.07,2.90,2.91,81529833,242036704.00
2022-06-10,2.93,2.99,2.88,2.95,59483623,173716592.00
2022-06-13,2.93,2.96,2.83,2.90,65105192,187158544.00
2022-06-14,2.91,2.91,2.73,2.84,69155119,192983312.00
2022-06-15,2.84,2.88,2.79,2.79,51323423,144239504.00
2022-06-16,2.78,2.83,2.76,2.77,46003270,127497464.00
2022-06-17,2.75,2.77,2.71,2.73,53190103,144258752.00
2022-06-20,2.72,2.75,2.71,2.71,45174968,122236192.00
2022-06-21,2.70,2.73,2.66,2.68,41263692,110268984.00
2022-06-22,2.70,2.80,2.67,2.76,74960607,204995552.00
2022-06-23,2.76,2.76,2.70,2.74,43658324,118111392.00
2022-06-24,2.73,2.86,2.72,2.84,68782464,192463248.00
2022-06-27,2.86,2.88,2.79,2.81,40844620,114217072.00
2022-06-28,2.81,2.83,2.80,2.83,31926206,89261904.00
2022-06-29,2.83,2.83,2.73,2.74,40653703,111972744.00
2022-06-30,2.77,2.81,2.74,2.77,42790017,118231528.00
2022-07-01,2.76,2.79,2.74,2.75,24121411,65896176.00
2022-07-04,2.76,2.76,2.71,2.73,25171375,68374472.00
2022-07-05,2.74,2.75,2.69,2.71,26398811,71105040.00
2022-07-06,2.72,2.72,2.64,2.67,25776522,68345440.00
2022-07-07,2.68,2.79,2.65,2.76,53797272,145580736.00
2022-07-08,2.75,2.76,2.70,2.72,26620068,71942552.00
2022-07-11,2.71,2.71,2.67,2.69,17341801,46257664.00
2022-07-12,2.67,2.68,2.62,2.63,25273600,66370060.00
2022-07-13,2.63,2.66,2.61,2.63,22519638,58893052.00
2022-07-14,2.62,2.69,2.60,2.65,29697166,78185632.00
2022-07-15,2.65,2.65,2.50,2.52,52072500,131664232.00
2022-07-18,2.50,2.62,2.49,2.58,34762708,88288128.00
2022-07-19,2.58,2.60,2.55,2.59,24744579,63289048.00
2022-07-20,2.59,2.66,2.58,2.65,34210965,89266808.00
2022-07-21,2.64,2.64,2.59,2.61,25374302,65757792.00
2022-07-22,2.60,2.86,2.60,2.75,98575583,268071680.00
2022-07-25,2.73,2.74,2.64,2.66,55562343,147640496.00
2022-07-26,2.64,2.79,2.63,2.77,55295068,149148992.00
2022-07-27,2.78,2.82,2.73,2.78,51811671,142956416.00
2022-07-28,2.80,2.90,2.77,2.81,62486523,176772112.00
2022-07-29,2.84,2.87,2.71,2.72,50695306,138668832.00
2022-08-01,2.73,2.79,2.68,2.75,41378585,112478536.00
2022-08-02,2.73,2.74,2.57,2.60,52875748,137698736.00
2022-08-03,2.60,2.66,2.56,2.57,31819660,82446784.00
2022-08-04,2.58,2.61,2.55,2.61,29318560,74966112.00
2022-08-05,2.59,2.63,2.56,2.62,26859951,69268088.00
2022-08-08,2.59,2.62,2.59,2.61,18051406,46662428.00
2022-08-09,2.60,2.68,2.60,2.64,23498254,61637724.00
2022-08-10,2.64,2.65,2.58,2.61,23879605,61610272.00
2022-08-11,2.61,2.65,2.60,2.64,24572094,64051372.00
2022-08-12,2.64,2.64,2.61,2.62,21806541,56794248.00
2022-08-15,2.62,2.62,2.57,2.59,25577659,65763060.00
2022-08-16,2.61,2.63,2.59,2.61,26225528,67877984.00
2022-08-17,2.62,2.76,2.61,2.72,87879447,234713568.00
2022-08-18,2.71,2.72,2.64,2.68,47018812,124438720.00
2022-08-19,2.65,2.70,2.64,2.65,31769884,84023296.00
2022-08-22,2.66,2.67,2.63,2.64,23451785,61528716.00
2022-08-23,2.63,2.65,2.61,2.62,27869998,72535040.00
2022-08-24,2.62,2.64,2.54,2.54,34670896,88851824.00
2022-08-25,2.54,2.56,2.50,2.55,28649290,72014440.00
2022-08-26,2.55,2.55,2.50,2.51,24912850,62371512.00
2022-08-29,2.49,2.51,2.42,2.50,26341291,64811988.00
2022-08-30,2.50,2.55,2.49,2.52,19763450,49383616.00
2022-08-31,2.52,2.53,2.47,2.49,20695130,51130416.00
2022-09-01,2.47,2.50,2.44,2.45,24809900,60782872.00
2022-09-02,2.45,2.48,2.45,2.48,11586206,28367556.00
2022-09-05,2.47,2.53,2.46,2.50,17664547,43573640.00
2022-09-06,2.54,2.59,2.54,2.55,28341468,71985200.00
2022-09-07,2.54,2.54,2.51,2.52,19891282,49764640.00
2022-09-08,2.53,2.53,2.48,2.49,15352601,38047892.00
2022-09-09,2.49,2.51,2.47,2.51,11296966,27921290.00
2022-09-13,2.51,2.60,2.50,2.59,50380488,128061208.00
2022-09-14,2.57,2.64,2.55,2.59,42047735,108782344.00
2022-09-15,2.59,2.62,2.52,2.56,30214054,76813784.00
2022-09-16,2.58,2.58,2.43,2.47,43016948,105783240.00
2022-09-19,2.44,2.47,2.34,2.35,30309923,71920312.00
2022-09-20,2.40,2.42,2.37,2.38,14428116,34252188.00
2022-09-21,2.38,2.41,2.33,2.40,19208138,45234528.00
2022-09-22,2.39,2.43,2.35,2.37,16644600,39265440.00
2022-09-23,2.35,2.38,2.31,2.32,24773734,57327308.00
2022-09-26,2.30,2.30,2.20,2.28,41338799,91685184.00
2022-09-27,2.25,2.28,2.22,2.27,24448521,54462020.00
2022-09-28,2.26,2.26,2.17,2.18,21765944,47680620.00
2022-09-29,2.20,2.24,2.13,2.24,28127495,60879672.00
2022-09-30,2.22,2.28,2.17,2.22,26752836,59179240.00
2022-10-10,2.24,2.24,2.14,2.20,22256944,48347556.00
2022-10-11,2.20,2.20,2.16,2.19,8546337,18478688.00
2022-10-12,2.19,2.22,2.15,2.21,17444977,37866856.00
2022-10-13,2.20,2.25,2.18,2.21,28252731,62016572.00
2022-10-14,2.22,2.27,2.21,2.26,28053603,62597100.00
2022-10-17,2.24,2.28,2.22,2.28,19892584,44637280.00
2022-10-18,2.29,2.29,2.26,2.27,16509930,37187128.00
2022-10-19,2.27,2.29,2.26,2.26,12005031,27055732.00
2022-10-20,2.26,2.27,2.23,2.23,16030184,35664724.00
2022-10-21,2.25,2.32,2.24,2.28,27922226,63203760.00
2022-10-24,2.27,2.31,2.21,2.22,24899398,55708352.00
2022-10-25,2.23,2.23,2.14,2.18,22029199,47501456.00
2022-10-26,2.18,2.23,2.17,2.23,19136453,41877732.00
2022-10-27,2.24,2.27,2.21,2.26,17896160,39830136.00
2022-10-28,2.24,2.25,2.15,2.15,18869832,40964184.00
2022-10-31,2.16,2.22,2.15,2.21,15526554,33718952.00
2022-11-01,2.22,2.25,2.20,2.25,16660700,36706192.00
2022-11-02,2.25,2.30,2.24,2.29,23613978,53247904.00
2022-11-03,2.27,2.28,2.24,2.26,11464900,25686544.00
2022-11-04,2.25,2.29,2.25,2.28,15898161,35860832.00
2022-11-07,2.29,2.31,2.27,2.31,20193145,46008572.00
2022-11-08,2.31,2.33,2.29,2.32,16099900,36833620.00
2022-11-09,2.31,2.35,2.30,2.33,16905383,38993820.00
2022-11-10,2.33,2.38,2.30,2.37,21265306,49494728.00
2022-11-11,2.39,2.42,2.37,2.39,30021417,71416264.00
2022-11-14,2.41,2.42,2.35,2.36,23890579,56480944.00
2022-11-15,2.38,2.41,2.36,2.40,18125362,42973944.00
2022-11-16,2.39,2.42,2.38,2.42,18213572,43347588.00
2022-11-17,2.41,2.45,2.39,2.41,14655630,35117244.00
2022-11-18,2.42,2.47,2.41,2.42,25139066,61046668.00
2022-11-21,2.40,2.42,2.37,2.39,18504700,43924076.00
2022-11-22,2.39,2.41,2.34,2.36,14250035,33596324.00
2022-11-23,2.36,2.37,2.31,2.34,15617600,36127656.00
2022-11-24,2.35,2.38,2.33,2.36,16347381,38142228.00
2022-11-25,2.34,2.38,2.33,2.36,15555528,36291556.00
2022-11-28,2.29,2.34,2.27,2.33,16778333,38350592.00
2022-11-29,2.35,2.43,2.35,2.43,30572011,72826952.00
2022-11-30,2.44,2.44,2.39,2.42,31607274,75554176.00
2022-12-01,2.53,2.61,2.41,2.43,61441878,150341920.00
2022-12-02,2.41,2.45,2.38,2.42,31768680,75895904.00
2022-12-05,2.42,2.44,2.40,2.43,25258949,60620224.00
2022-12-06,2.43,2.45,2.41,2.43,24608240,59273548.00
2022-12-07,2.42,2.50,2.41,2.44,36580890,89006440.00
2022-12-08,2.45,2.46,2.40,2.43,24995202,60212540.00
2022-12-09,2.44,2.44,2.37,2.39,21133393,50265752.00
2022-12-12,2.39,2.39,2.31,2.32,29860900,69246600.00
2022-12-13,2.31,2.37,2.30,2.37,21542500,50209456.00
2022-12-14,2.38,2.39,2.33,2.37,18294167,42922556.00
2022-12-15,2.38,2.39,2.33,2.34,18075852,42166760.00
2022-12-16,2.33,2.36,2.30,2.31,19982474,45986868.00
2022-12-19,2.32,2.33,2.23,2.24,20940234,46912076.00
2022-12-20,2.25,2.25,2.21,2.23,18516230,40912636.00
2022-12-21,2.22,2.25,2.20,2.22,15732466,34691996.00
2022-12-22,2.22,2.27,2.20,2.21,19023566,42020760.00
2022-12-23,2.22,2.22,2.18,2.20,12845744,28001642.00
2022-12-26,2.20,2.22,2.18,2.21,14600008,31818354.00
2022-12-27,2.21,2.28,2.20,2.24,25438851,56426076.00
2022-12-28,2.22,2.23,2.20,2.22,17536275,38545720.00
2022-12-29,2.22,2.28,2.20,2.25,27115750,60500592.00
2022-12-30,2.27,2.28,2.24,2.27,20750160,46593264.00
2023-01-03,2.28,2.29,2.25,2.29,21661890,48752896.00
2023-01-04,2.29,2.33,2.28,2.32,27087719,62038416.00
2023-01-05,2.32,2.32,2.27,2.29,19385780,44009772.00
2023-01-06,2.28,2.28,2.22,2.23,31234100,69447424.00
2023-01-09,2.23,2.25,2.22,2.23,20246134,44726620.00
2023-01-10,2.23,2.23,2.19,2.21,17938078,39234072.00
2023-01-11,2.20,2.22,2.19,2.19,15655602,34207896.00
2023-01-12,2.20,2.20,2.17,2.17,15114300,32691964.00
2023-01-13,2.18,2.22,2.17,2.21,12521080,27293530.00
2023-01-16,2.21,2.24,2.19,2.22,16673124,36638624.00
2023-01-17,2.19,2.20,2.12,2.14,54765841,116432328.00
2023-01-18,2.14,2.14,2.12,2.13,15324938,32366348.00
2023-01-19,2.13,2.14,2.12,2.13,15416660,32541610.00
2023-01-20,2.14,2.18,2.13,2.17,22762641,48572368.00
2023-01-30,2.19,2.35,2.19,2.25,68337156,153208944.00
2023-01-31,2.26,2.45,2.24,2.37,110524988,260083392.00
2023-02-01,2.36,2.39,2.31,2.38,56313103,130951384.00
2023-02-02,2.37,2.38,2.33,2.34,37286940,86675984.00
2023-02-03,2.34,2.34,2.29,2.33,32448555,74416912.00
2023-02-06,2.32,2.34,2.29,2.31,22217332,50798660.00
2023-02-07,2.31,2.32,2.29,2.32,20063346,45850556.00
2023-02-08,2.33,2.33,2.29,2.30,15294520,34926764.00
2023-02-09,2.29,2.32,2.28,2.31,20317240,46266040.00
2023-02-10,2.31,2.37,2.30,2.32,33740733,78113416.00
2023-02-13,2.34,2.34,2.30,2.31,23639170,54150688.00
2023-02-14,2.31,2.32,2.29,2.31,17962940,40993396.00
2023-02-15,2.31,2.32,2.30,2.32,16262919,37205792.00
2023-02-16,2.32,2.38,2.29,2.30,45303440,105278352.00
2023-02-17,2.31,2.34,2.28,2.30,29929004,68231248.00
2023-02-20,2.29,2.30,2.26,2.29,27915160,63084316.00
2023-02-21,2.31,2.31,2.28,2.29,16560674,37699728.00
2023-02-22,2.28,2.30,2.27,2.28,14215050,32200716.00
2023-02-23,2.29,2.31,2.27,2.28,18151039,41244372.00
2023-02-24,2.28,2.30,2.26,2.29,21837541,49408740.00
2023-02-27,2.28,2.29,2.25,2.25,18464863,41601232.00
2023-02-28,2.25,2.29,2.24,2.27,19257807,43247524.00
2023-03-01,2.28,2.30,2.27,2.28,25093781,56818188.00
2023-03-02,2.31,2.38,2.29,2.31,55459180,128667056.00
2023-03-03,2.32,2.33,2.30,2.31,20622401,47234016.00
2023-03-06,2.31,2.32,2.29,2.30,17599100,40199096.00
2023-03-07,2.31,2.32,2.25,2.26,21776962,49248064.00
2023-03-08,2.25,2.30,2.25,2.30,14291900,32308894.00
2023-03-09,2.30,2.31,2.27,2.29,11971705,27167482.00
2023-03-10,2.28,2.29,2.25,2.25,15563846,34925456.00
2023-03-13,2.25,2.28,2.24,2.26,14825783,33144076.00
2023-03-14,2.26,2.26,2.21,2.22,16490889,36378072.00
2023-03-15,2.22,2.25,2.22,2.25,9902498,21980868.00
2023-03-16,2.24,2.24,2.21,2.21,10836494,23920210.00
2023-03-17,2.22,2.24,2.19,2.22,18667594,41060560.00
2023-03-20,2.22,2.23,2.19,2.20,13502830,29519228.00
2023-03-21,2.20,2.21,2.19,2.21,10800537,23580716.00
2023-03-22,2.21,2.22,2.20,2.20,13804470,30181120.00
2023-03-23,2.20,2.21,2.17,2.19,17099583,36987856.00
2023-03-24,2.20,2.21,2.18,2.20,16937940,36883084.00
2023-03-27,2.19,2.26,2.18,2.23,31011231,68139696.00
2023-03-28,2.23,2.25,2.19,2.20,25561137,56319260.00
2023-03-29,2.20,2.20,2.16,2.17,17871210,38578252.00
2023-03-30,2.18,2.18,2.15,2.16,12300170,26347964.00
2023-03-31,2.16,2.19,2.16,2.19,12726178,27466368.00
2023-04-03,2.18,2.19,2.17,2.19,13676545,29535538.00
2023-04-04,2.18,2.19,2.15,2.15,16546858,35465540.00
2023-04-06,2.15,2.16,2.13,2.13,16348180,34683524.00
2023-04-07,2.14,2.16,2.13,2.15,8977041,19078940.00
2023-04-10,2.16,2.16,2.12,2.12,18918200,40038184.00
2023-04-11,2.13,2.13,2.10,2.11,16867684,35271488.00
2023-04-12,2.12,2.13,2.11,2.12,9411348,19748138.00
2023-04-13,2.13,2.18,2.12,2.15,26052053,55582056.00
2023-04-14,2.15,2.16,2.12,2.14,15541355,32820654.00
2023-04-17,2.14,2.14,2.11,2.13,11425146,24060834.00
2023-04-18,2.13,2.14,2.11,2.12,12935539,27179358.00
2023-04-19,2.13,2.13,2.09,2.10,15692400,32707580.00
2023-04-20,2.10,2.11,2.08,2.09,17051667,35339140.00
2023-04-21,2.09,2.10,2.06,2.06,21698885,44634184.00
2023-04-24,2.06,2.10,2.04,2.07,16156170,33151792.00
2023-04-25,2.07,2.08,2.01,2.01,24866758,50223464.00
2023-04-26,2.00,2.03,1.99,2.02,18587900,36989600.00
2023-04-27,2.02,2.04,2.01,2.03,9521878,19117928.00
2023-04-28,2.03,2.09,2.01,2.01,37971418,76908680.00
2023-05-04,2.01,2.03,1.98,2.01,45224246,89810672.00
2023-05-05,1.99,2.01,1.86,1.95,62737253,119526136.00
2023-05-08,1.95,2.02,1.93,2.00,42536283,83033888.00
2023-05-09,1.99,2.00,1.95,1.99,34333770,67105764.00
2023-05-10,1.97,1.97,1.94,1.95,24537919,47358052.00
2023-05-11,1.94,1.96,1.85,1.94,25783485,49238064.00
2023-05-12,1.95,2.01,1.93,1.97,34055316,66443056.00
2023-05-15,1.97,1.98,1.95,1.96,15620756,30342522.00
2023-05-16,1.96,2.05,1.94,1.97,45502150,89997040.00
2023-05-17,1.97,2.01,1.96,1.99,15532044,30527338.00
2023-05-18,2.01,2.02,1.99,2.01,19636162,39014396.00
2023-05-19,2.00,2.01,1.98,2.01,16191300,31964092.00
2023-05-22,2.01,2.13,2.00,2.07,73082539,150341504.00
2023-05-23,2.07,2.09,2.03,2.04,27615280,56052564.00
2023-05-24,2.02,2.03,1.99,1.99,19342200,38374228.00
2023-05-25,1.98,2.00,1.96,1.97,19518262,38167752.00
2023-05-26,1.96,1.97,1.94,1.96,13908280,26917852.00
2023-05-29,1.97,2.02,1.96,2.01,27071537,53525436.00
2023-05-30,2.01,2.05,1.99,2.05,19796457,39731256.00
2023-05-31,2.04,2.09,2.03,2.07,20259150,41421956.00
2023-06-01,2.08,2.08,2.02,2.02,18774853,37943780.00
2023-06-02,2.07,2.07,2.01,2.03,14214307,28599354.00
2023-06-05,2.04,2.04,2.01,2.03,13583254,27230258.00
2023-06-06,2.03,2.04,1.98,1.99,22205234,44378352.00
2023-06-07,1.99,2.01,1.98,1.98,9722488,19187884.00
2023-06-08,1.98,1.99,1.95,1.96,11624210,22721062.00
2023-06-09,1.97,1.98,1.96,1.96,9886182,19263924.00
2023-06-12,1.97,1.97,1.93,1.94,20182027,38907536.00
2023-06-13,1.95,2.02,1.95,1.98,40038586,78548256.00
2023-06-14,1.98,2.01,1.96,2.00,24856892,48903308.00
2023-06-15,2.00,2.07,2.00,2.07,50135618,101246592.00
2023-06-16,2.07,2.08,2.03,2.06,23990775,48938188.00
2023-06-19,2.04,2.08,2.00,2.07,33938994,68638648.00
2023-06-20,2.07,2.08,2.05,2.05,23033990,47063728.00
2023-06-21,2.05,2.12,2.05,2.11,58703687,121913208.00
2023-06-26,2.09,2.14,2.08,2.10,32342780,67524184.00
2023-06-27,2.10,2.14,2.07,2.12,31545257,65716048.00
2023-06-28,2.13,2.13,2.08,2.08,13585917,28165806.00
2023-06-29,2.08,2.09,2.06,2.06,11326097,23193498.00
2023-06-30,2.06,2.18,2.05,2.16,32730317,69197472.00
2023-07-03,2.14,2.16,2.07,2.08,25716300,53810752.00
2023-07-04,2.08,2.09,2.06,2.08,12934227,26562390.00
2023-07-05,2.08,2.12,2.07,2.08,12212036,25344372.00
2023-07-06,2.09,2.10,2.07,2.07,8472960,17493844.00
2023-07-07,2.07,2.12,2.06,2.11,13370480,27729418.00
2023-07-10,2.11,2.14,2.09,2.14,26873400,56343536.00
2023-07-11,2.14,2.20,2.12,2.16,38121141,81364640.00
2023-07-12,2.15,2.26,2.13,2.14,62802675,136490480.00
2023-07-13,2.13,2.13,2.06,2.08,35864790,73948392.00
2023-07-14,2.07,2.08,2.04,2.05,21685820,44228324.00
2023-07-17,2.05,2.08,2.05,2.07,10007550,20528618.00
2023-07-18,2.09,2.15,2.06,2.14,36012847,75233112.00
2023-07-19,2.14,2.19,2.13,2.17,34739706,74567800.00
2023-07-20,2.18,2.18,2.12,2.13,21706095,45981780.00
2023-07-21,2.14,2.16,2.11,2.14,25820404,54696496.00
2023-07-24,2.15,2.15,2.08,2.09,26068195,54316280.00
2023-07-25,2.10,2.19,2.09,2.14,83032542,176695552.00
2023-07-26,2.20,2.27,2.14,2.14,123727734,266988176.00
2023-07-27,2.14,2.17,2.11,2.12,103408385,218169168.00
2023-07-28,2.12,2.33,2.11,2.33,192407002,426928800.00
2023-07-31,2.37,2.52,2.28,2.43,352376457,833039296.00
2023-08-01,2.36,2.38,2.30,2.33,175238921,404608000.00
2023-08-02,2.31,2.36,2.27,2.28,139135576,316669856.00
2023-08-03,2.28,2.31,2.24,2.30,97261859,219640448.00
2023-08-04,2.30,2.36,2.24,2.25,123714562,281168224.00
2023-08-07,2.23,2.24,2.16,2.18,91542338,198728816.00
2023-08-08,2.18,2.21,2.15,2.16,54559580,117015560.00
2023-08-09,2.15,2.19,2.13,2.16,48312780,103459856.00
2023-08-10,2.17,2.17,2.12,2.14,45748780,96834784.00
2023-08-11,2.13,2.14,2.09,2.09,41926830,87738904.00
2023-08-14,2.07,2.11,2.05,2.11,42816900,88236312.00
2023-08-15,2.11,2.12,2.08,2.11,29649000,61659480.00
2023-08-16,2.10,2.15,2.08,2.12,44934537,94309856.00
2023-08-17,2.11,2.14,2.11,2.13,39288390,82700264.00
2023-08-18,2.13,2.15,2.10,2.14,50930440,107101904.00
2023-08-21,2.12,2.13,2.07,2.07,36984000,76883480.00
2023-08-22,2.08,2.14,2.07,2.12,36636451,76304976.00
2023-08-23,2.11,2.12,2.08,2.10,25406060,52774388.00
2023-08-24,2.11,2.17,2.09,2.16,47390617,100316032.00
2023-08-25,2.15,2.17,2.11,2.14,46202520,97839024.00
2023-08-28,2.23,2.27,2.14,2.16,57783393,125442872.00
2023-08-29,2.14,2.22,2.12,2.22,49878248,107555344.00
2023-08-30,2.19,2.21,2.16,2.21,47144654,102237720.00
2023-08-31,2.19,2.20,2.18,2.19,18865707,40892764.00
2023-09-01,2.19,2.22,2.18,2.18,21029140,45801008.00
2023-09-04,2.18,2.20,2.16,2.19,21964149,47445032.00
2023-09-05,2.18,2.18,2.14,2.15,20878309,44591696.00
2023-09-06,2.14,2.17,2.13,2.17,20015950,42633428.00
2023-09-07,2.16,2.16,2.12,2.12,13289930,28201076.00
2023-09-08,2.12,2.13,2.08,2.08,20541595,42638580.00
2023-09-11,2.09,2.11,2.07,2.10,16119730,33431618.00
2023-09-12,2.09,2.11,2.08,2.08,20151002,41749712.00
2023-09-13,2.08,2.09,2.05,2.06,16196560,33197790.00
2023-09-14,2.06,2.08,2.01,2.02,30487100,61493520.00
2023-09-15,2.02,2.06,1.99,2.03,28315357,56858396.00
2023-09-18,2.02,2.05,2.00,2.04,20849307,41918240.00
2023-09-19,2.04,2.06,2.03,2.03,13336140,26972116.00
2023-09-20,2.04,2.05,2.01,2.02,12069904,24198092.00
2023-09-21,2.03,2.03,2.01,2.02,11651340,23272750.00
2023-09-22,2.01,2.05,2.00,2.03,18909677,37988012.00
2023-09-25,2.02,2.10,2.01,2.09,39445201,80579344.00
2023-09-26,2.08,2.14,2.07,2.13,37039634,77455504.00
2023-09-27,2.12,2.14,2.10,2.12,21977100,46119892.00
2023-09-28,2.12,2.18,2.12,2.16,31620460,67530080.00
2023-10-09,2.15,2.16,2.12,2.13,24695330,52355004.00
2023-10-10,2.12,2.17,2.12,2.13,20658900,43875876.00
2023-10-11,2.13,2.16,2.11,2.12,23788069,50102320.00
2023-10-12,2.13,2.14,2.11,2.12,10573900,22192944.00
2023-10-13,2.11,2.11,2.07,2.08,18501237,38200088.00
2023-10-16,2.08,2.09,2.04,2.07,12594200,25754588.00
2023-10-17,2.06,2.07,2.04,2.04,11954796,24285550.00
2023-10-18,2.04,2.05,2.00,2.02,15665720,31296698.00
2023-10-19,2.02,2.03,1.98,1.99,20272400,40147752.00
2023-10-20,1.99,2.01,1.97,1.99,15439898,30417066.00
2023-10-23,1.99,2.01,1.97,1.99,14986670,29564310.00
2023-10-24,2.00,2.04,1.99,2.04,19747440,39518340.00
2023-10-25,2.04,2.06,2.02,2.03,14956090,30230136.00
2023-10-26,2.03,2.03,2.00,2.02,8986710,17896366.00
2023-10-27,2.01,2.04,1.99,2.03,12217115,24456020.00
2023-10-30,2.02,2.06,2.01,2.06,12521429,25353646.00
2023-10-31,2.05,2.06,2.03,2.05,8858906,17923466.00
2023-11-01,2.06,2.06,2.03,2.06,14207640,28757338.00
2023-11-02,2.05,2.05,2.02,2.04,13893840,27957776.00
2023-11-03,2.04,2.04,2.01,2.03,13052314,26140648.00
2023-11-06,2.03,2.05,2.02,2.05,23650837,47708844.00
2023-11-07,2.04,2.05,2.02,2.03,17311134,34813620.00
2023-11-08,2.03,2.05,2.02,2.04,17150793,34609312.00
2023-11-09,2.04,2.04,2.00,2.01,23532820,46906264.00
2023-11-10,2.01,2.01,1.98,1.99,14991403,29567216.00
2023-11-13,1.99,2.01,1.97,2.01,22093298,43587948.00
2023-11-14,2.01,2.02,1.99,2.01,21990303,43681580.00
2023-11-15,2.02,2.04,2.00,2.03,31763840,63690604.00
2023-11-16,2.04,2.04,2.00,2.01,14459200,28852928.00
2023-11-17,2.01,2.03,1.99,2.02,14632750,29112072.00
2023-11-20,2.02,2.04,2.00,2.03,29382660,58904216.00
2023-11-21,2.03,2.10,2.02,2.07,46845193,96070600.00
2023-11-22,2.07,2.10,2.06,2.08,28106897,57992280.00
2023-11-23,2.09,2.09,2.06,2.07,16963663,34751324.00
2023-11-24,2.06,2.09,2.05,2.06,19889614,40759356.00
2023-11-27,2.07,2.07,2.04,2.06,25154501,51094104.00
2023-11-28,2.06,2.07,2.04,2.06,16730145,34081184.00
2023-11-29,2.06,2.11,2.03,2.08,43597810,89238696.00
2023-11-30,2.08,2.08,2.05,2.07,31579762,64417104.00
2023-12-01,2.07,2.10,2.06,2.10,25988603,53604352.00
2023-12-04,2.09,2.11,2.05,2.07,26961982,55395960.00
2023-12-05,2.07,2.09,2.05,2.06,20420582,41875028.00
2023-12-06,2.06,2.08,2.05,2.06,11876450,24272608.00
2023-12-07,2.07,2.07,2.05,2.06,11269969,22975430.00
2023-12-08,2.05,2.07,2.01,2.02,31757997,64111288.00
2023-12-11,2.02,2.11,2.00,2.10,34428577,70424080.00
2023-12-12,2.09,2.10,2.07,2.09,19198064,39678204.00
2023-12-13,2.08,2.15,2.08,2.12,38255234,80315728.00
2023-12-14,2.12,2.20,2.10,2.12,43938036,93707688.00
2023-12-15,2.12,2.17,2.11,2.15,41808380,88685840.00
2023-12-18,2.15,2.19,2.09,2.11,32535350,69055496.00
2023-12-19,2.11,2.14,2.06,2.08,20505196,42540288.00
2023-12-20,2.08,2.10,2.04,2.06,24405690,49827104.00
2023-12-21,2.05,2.06,2.03,2.06,15950723,32327486.00
2023-12-22,2.05,2.06,2.02,2.05,26985250,54469412.00
2023-12-25,2.04,2.04,2.01,2.01,14196666,28427364.00
2023-12-26,2.02,2.02,2.00,2.00,9375500,18664648.00
2023-12-27,2.00,2.01,1.99,2.01,11597169,22951152.00
2023-12-28,2.01,2.04,1.99,2.03,18687000,37326616.00
2023-12-29,2.02,2.03,2.00,2.02,22684100,45216632.00
2024-01-02,2.01,2.02,1.99,2.02,20378060,40457756.00
2024-01-03,2.02,2.03,2.00,2.03,20388708,40752180.00
2024-01-04,2.03,2.03,2.01,2.03,12096380,24203332.00
2024-01-05,2.03,2.04,2.00,2.01,17372400,34681944.00
2024-01-08,2.00,2.01,1.94,1.97,35842195,69713456.00
2024-01-09,1.97,1.99,1.94,1.97,13306970,25864978.00
2024-01-10,1.96,1.98,1.94,1.97,11016363,21387502.00
2024-01-11,1.96,2.01,1.95,2.00,20477623,40219004.00
2024-01-12,1.99,2.04,1.99,2.04,28197242,56565952.00
2024-01-15,2.04,2.24,2.03,2.24,349438780,768638272.00
2024-01-16,2.24,2.31,2.11,2.24,321512083,709311552.00
2024-01-17,2.21,2.24,2.02,2.13,228342012,473536032.00
2024-01-18,2.19,2.34,2.13,2.17,409941852,923596480.00
2024-01-19,2.12,2.15,1.96,1.96,296406061,588652352.00
2024-01-22,1.85,1.86,1.77,1.77,92878595,163622848.00
2024-01-23,1.68,1.72,1.60,1.66,258375128,413480992.00
2024-01-24,1.60,1.67,1.59,1.65,156661039,251882272.00
2024-01-25,1.64,1.69,1.61,1.66,136021900,222133072.00
2024-01-26,1.64,1.70,1.63,1.67,119449084,197334272.00
2024-01-29,1.67,1.68,1.58,1.63,113701001,181855344.00
2024-01-30,1.60,1.63,1.56,1.62,97127844,153253744.00
2024-01-31,1.59,1.62,1.47,1.62,129068936,195228048.00
2024-02-01,1.56,1.56,1.51,1.55,60040454,91096344.00
2024-02-02,1.52,1.54,1.40,1.41,62456633,90831424.00
2024-02-05,1.37,1.55,1.31,1.40,172032243,245071968.00
2024-02-06,1.32,1.52,1.29,1.48,131730407,182601712.00
2024-02-07,1.46,1.46,1.34,1.34,83798402,116341520.00
2024-02-08,1.32,1.43,1.32,1.42,81702300,111486824.00
2024-02-19,1.40,1.46,1.35,1.44,90634041,125378704.00
2024-02-20,1.42,1.44,1.39,1.43,55700266,77865960.00
2024-02-21,1.42,1.54,1.41,1.47,111185697,162169008.00
2024-02-22,1.47,1.50,1.45,1.50,76370622,111704200.00
2024-02-23,1.50,1.57,1.49,1.56,96047106,144889600.00
2024-02-26,1.55,1.62,1.54,1.58,88982187,138352560.00
2024-02-27,1.57,1.61,1.56,1.60,56507950,88540880.00
2024-02-28,1.60,1.64,1.49,1.49,107573380,168097648.00
2024-02-29,1.47,1.53,1.45,1.51,100939048,149577712.00
2024-03-01,1.51,1.53,1.46,1.49,82854192,122120600.00
2024-03-04,1.49,1.49,1.44,1.48,58708144,85044504.00
2024-03-05,1.47,1.48,1.43,1.43,48286218,68982504.00
2024-03-06,1.43,1.48,1.43,1.47,46091551,66291744.00
2024-03-07,1.46,1.51,1.46,1.48,73084940,107159288.00
2024-03-08,1.49,1.51,1.47,1.48,42289783,62034512.00
2024-03-11,1.48,1.50,1.47,1.50,43653810,64113568.00
2024-03-12,1.54,1.62,1.54,1.56,95556135,147989056.00
2024-03-13,1.54,1.56,1.52,1.53,64713594,98024808.00
2024-03-14,1.53,1.55,1.50,1.52,45012816,67652712.00
2024-03-15,1.51,1.56,1.51,1.55,54658494,83053896.00
2024-03-18,1.54,1.56,1.53,1.56,50229440,76635240.00
2024-03-19,1.55,1.56,1.53,1.53,33962791,51718840.00
2024-03-20,1.53,1.57,1.52,1.56,51667975,78922824.00
2024-03-21,1.56,1.60,1.55,1.60,80844986,125910440.00
2024-03-22,1.59,1.60,1.55,1.57,62085134,96201872.00
2024-03-25,1.58,1.59,1.52,1.52,52919404,80838960.00
2024-03-26,1.53,1.54,1.49,1.52,42025978,62831392.00
2024-03-27,1.51,1.52,1.45,1.47,49183500,71970152.00
2024-03-28,1.46,1.50,1.45,1.49,41288759,60332396.00
2024-03-29,1.48,1.49,1.47,1.49,22114582,32274948.00
2024-04-01,1.49,1.53,1.48,1.53,42335614,63067004.00
2024-04-02,1.59,1.68,1.58,1.64,353663034,581950656.00
2024-04-03,1.56,1.60,1.54,1.56,231899962,357405952.00
2024-04-08,1.57,1.63,1.56,1.57,142013608,222628976.00
2024-04-09,1.56,1.58,1.54,1.58,81347143,125465120.00
2024-04-10,1.57,1.57,1.52,1.54,85155009,129488000.00
2024-04-11,1.52,1.55,1.51,1.52,57409351,86485416.00
2024-04-12,1.51,1.53,1.49,1.50,43147305,64236844.00
2024-04-15,1.48,1.50,1.35,1.41,94684910,131851496.00
2024-04-16,1.39,1.40,1.31,1.35,79386131,105069848.00
2024-04-17,1.35,1.41,1.35,1.40,58328459,79795856.00
2024-04-18,1.39,1.40,1.37,1.37,39167017,53233220.00
2024-04-19,1.36,1.38,1.33,1.36,43403342,57839008.00
2024-04-22,1.35,1.36,1.32,1.35,41666314,54830692.00
2024-04-23,1.34,1.37,1.33,1.35,31772084,42159288.00
2024-04-24,1.35,1.36,1.33,1.35,26336126,34914388.00
2024-04-25,1.34,1.37,1.33,1.35,34354640,45898188.00
2024-04-26,1.34,1.38,1.34,1.38,51266020,68882304.00
2024-04-29,1.38,1.49,1.37,1.47,89294290,126561880.00
2024-04-30,1.52,1.55,1.48,1.50,86766868,129460080.00
2024-05-06,1.52,1.54,1.51,1.53,52782546,79453608.00
2024-05-07,1.54,1.55,1.51,1.54,40556379,61186240.00
2024-05-08,1.54,1.54,1.50,1.50,34489710,51531132.00
2024-05-09,1.50,1.54,1.48,1.53,39635794,59631692.00
2024-05-10,1.53,1.65,1.53,1.58,105498764,164265552.00
2024-05-13,1.56,1.59,1.54,1.55,51251303,79088672.00
2024-05-14,1.55,1.58,1.54,1.56,32104960,49506684.00
2024-05-15,1.56,1.64,1.55,1.60,76867954,121561336.00
2024-05-16,1.60,1.68,1.59,1.64,114902768,187205040.00
2024-05-17,1.64,1.67,1.61,1.64,98565249,159160800.00
2024-05-20,1.64,1.65,1.60,1.62,64185998,102638560.00
2024-05-21,1.61,1.62,1.59,1.60,34566981,54715548.00
2024-05-22,1.60,1.63,1.60,1.63,43396720,69293440.00
2024-05-23,1.62,1.62,1.56,1.57,46785180,73169880.00
2024-05-24,1.56,1.61,1.55,1.56,45760350,71310864.00
2024-05-27,1.55,1.58,1.49,1.53,42529164,63959556.00
2024-05-28,1.53,1.54,1.49,1.51,27385000,41027296.00
2024-05-29,1.51,1.52,1.45,1.47,42184700,61810768.00
2024-05-30,1.46,1.46,1.40,1.43,55366097,77833912.00
2024-05-31,1.43,1.43,1.41,1.43,20502161,28760612.00
2024-06-03,1.42,1.42,1.37,1.38,40061800,54818348.00
2024-06-04,1.39,1.39,1.35,1.36,38735680,52070492.00
2024-06-05,1.35,1.39,1.34,1.36,37365490,50407728.00
2024-06-06,1.36,1.38,1.23,1.23,84603120,105702464.00
2024-06-07,1.21,1.27,1.14,1.23,166379801,195554064.00
2024-06-11,1.22,1.23,1.18,1.23,72571988,86018224.00
2024-06-12,1.22,1.25,1.21,1.23,54257136,65898172.00
2024-06-13,1.23,1.25,1.19,1.21,52251598,62287172.00
2024-06-14,1.19,1.21,1.17,1.20,50823801,59367908.00
2024-06-17,1.19,1.19,1.10,1.10,95264538,106602168.00
2024-06-18,1.10,1.21,1.09,1.21,126841671,145418688.00
2024-06-19,1.26,1.28,1.16,1.17,167969732,199616480.00
2024-06-20,1.16,1.24,1.12,1.20,138272392,160337088.00
2024-06-21,1.17,1.19,1.14,1.15,73816863,84330752.00
2024-06-24,1.13,1.14,1.04,1.07,159634067,166348640.00
2024-06-25,1.02,1.06,0.97,1.01,173418498,168883328.00
2024-06-26,0.95,0.96,0.91,0.91,286331376,256591504.00
2024-06-27,0.82,0.85,0.82,0.82,218585869,175842288.00
2024-06-28,0.74,0.80,0.74,0.74,459731512,334787744.00
2024-07-01,0.72,0.79,0.70,0.76,339914787,247541296.00
2024-07-02,0.75,0.83,0.73,0.83,268303646,210939376.00
2024-07-03,0.86,0.91,0.85,0.91,126205852,110372560.00
2024-07-04,0.95,1.00,0.84,0.97,530196826,492166688.00
2024-07-05,0.94,1.02,0.92,0.97,350521284,336931968.00
2024-07-08,0.94,0.98,0.88,0.90,260707505,236547296.00
2024-07-09,0.88,0.90,0.81,0.81,303006026,245026528.00
2024-07-10,0.74,0.85,0.73,0.77,349970707,265910320.00
2024-07-11,0.81,0.85,0.78,0.85,198287493,159858976.00
2024-07-12,0.92,0.93,0.89,0.93,226241305,204368128.00
2024-07-15,0.95,1.00,0.92,0.97,388038574,368343328.00
2024-07-16,0.96,1.05,0.95,0.97,448928026,441176320.00
2024-07-17,0.88,0.96,0.88,0.88,468136779,410297728.00
2024-09-02,0.64,0.64,0.64,0.64,0,0.00
数据来源:通达信
