002502 ST鼎龙 日线 后复权
      日期	    开盘	    最高	    最低	    收盘	    成交量	    成交额
2020-01-02,3.22,3.30,3.18,3.29,23045629,75031304.00
2020-01-03,3.29,3.33,3.25,3.29,29063900,95652528.00
2020-01-06,3.23,3.35,3.21,3.29,27582948,90780216.00
2020-01-07,3.30,3.55,3.28,3.47,50884866,173347600.00
2020-01-08,3.40,3.42,3.30,3.32,33826565,113388240.00
2020-01-09,3.32,3.38,3.30,3.35,21678580,72284784.00
2020-01-10,3.33,3.38,3.25,3.28,17476650,57543320.00
2020-01-13,3.29,3.29,3.21,3.25,14858218,48042636.00
2020-01-14,3.26,3.29,3.21,3.22,15308990,49655344.00
2020-01-15,3.20,3.22,3.15,3.16,13779770,43674752.00
2020-01-16,3.17,3.35,3.17,3.21,22078796,71713416.00
2020-01-17,3.19,3.21,3.11,3.13,16626228,52375416.00
2020-01-20,3.11,3.12,3.03,3.06,13713448,42009464.00
2020-01-21,3.05,3.13,3.04,3.05,10623686,32694714.00
2020-01-22,3.05,3.06,3.00,3.02,10636015,32166302.00
2020-01-23,3.04,3.08,2.96,2.99,13527928,40899040.00
2020-02-03,2.69,2.69,2.69,2.69,1684800,4532112.00
2020-02-04,2.42,2.62,2.42,2.54,31326833,78325848.00
2020-02-05,2.57,2.64,2.52,2.59,18621543,48398916.00
2020-02-06,2.59,2.69,2.54,2.67,18627045,48903900.00
2020-02-07,2.67,2.76,2.65,2.73,18059165,48858912.00
2020-02-10,2.71,2.75,2.67,2.73,12922402,35138068.00
2020-02-11,2.73,2.76,2.67,2.68,10548200,28504616.00
2020-02-12,2.67,2.72,2.66,2.72,9397300,25335216.00
2020-02-13,2.71,2.72,2.65,2.65,10694208,28625860.00
2020-02-14,2.64,2.66,2.60,2.61,9365402,24553998.00
2020-02-17,2.62,2.71,2.61,2.71,12497789,33503350.00
2020-02-18,2.71,2.86,2.71,2.85,20802228,57962416.00
2020-02-19,2.83,2.84,2.76,2.77,13658593,38193276.00
2020-02-20,2.75,2.87,2.75,2.84,12796100,36200532.00
2020-02-21,2.82,3.08,2.82,2.97,31274003,93050744.00
2020-02-24,2.95,3.15,2.92,3.10,30572114,92658192.00
2020-02-25,3.01,3.07,2.95,3.04,19079440,57551956.00
2020-02-26,3.00,3.08,2.97,2.97,13857901,41831528.00
2020-02-27,3.05,3.05,2.96,2.97,12497402,37310952.00
2020-02-28,2.90,2.90,2.72,2.74,19123952,53774852.00
2020-03-02,2.79,2.88,2.72,2.87,13328352,37526912.00
2020-03-03,2.89,2.94,2.84,2.87,12362725,35765960.00
2020-03-04,2.84,2.88,2.83,2.88,7894144,22579252.00
2020-03-05,2.90,3.05,2.90,3.01,20740644,61814436.00
2020-03-06,3.03,3.09,2.97,3.06,22308920,68143048.00
2020-03-09,3.01,3.05,2.95,2.97,13795800,41333104.00
2020-03-10,2.87,3.00,2.87,2.97,12967886,38096840.00
2020-03-11,2.99,3.27,2.99,3.27,22805222,73718704.00
2020-03-12,3.47,3.60,3.25,3.32,87075552,298158080.00
2020-03-13,2.99,3.21,2.99,3.17,45476349,140699008.00
2020-03-16,3.21,3.41,3.17,3.21,45583612,150125152.00
2020-03-17,3.21,3.32,3.02,3.32,31850054,102001896.00
2020-03-18,3.27,3.36,3.15,3.17,28518953,92797904.00
2020-03-19,3.11,3.19,3.07,3.18,16434257,51327724.00
2020-03-20,3.24,3.30,3.17,3.24,14623616,47381744.00
2020-03-23,3.15,3.30,3.10,3.19,17900004,57942368.00
2020-03-24,3.21,3.30,3.15,3.30,17895269,57588596.00
2020-03-25,3.34,3.38,3.26,3.27,17591258,58002644.00
2020-03-26,3.28,3.28,3.15,3.16,13969702,44553252.00
2020-03-27,3.16,3.18,3.10,3.10,8669832,27138892.00
2020-03-30,3.10,3.14,2.95,2.97,14162240,43271452.00
2020-03-31,3.00,3.27,2.89,3.26,29753699,92316696.00
2020-04-01,3.19,3.34,3.14,3.16,14180790,45640932.00
2020-04-02,3.13,3.23,3.07,3.18,9835326,31061928.00
2020-04-03,3.15,3.26,3.13,3.21,14638787,46782824.00
2020-04-07,3.25,3.30,3.16,3.25,15782856,50969376.00
2020-04-08,3.25,3.43,3.21,3.33,17964172,59884472.00
2020-04-09,3.38,3.50,3.29,3.40,36416881,123972904.00
2020-04-10,3.39,3.68,3.36,3.60,42406902,149600256.00
2020-04-13,3.59,3.59,3.24,3.44,30579905,104143464.00
2020-04-14,3.44,3.50,3.28,3.46,20021806,67981560.00
2020-04-15,3.44,3.52,3.34,3.52,36246159,124089800.00
2020-04-16,3.59,3.81,3.39,3.41,66160602,240523264.00
2020-04-17,3.30,3.37,3.23,3.28,28417187,93548328.00
2020-04-20,3.20,3.26,3.13,3.15,19135500,60815528.00
2020-04-21,3.18,3.19,3.10,3.18,14418104,45551368.00
2020-04-22,3.13,3.30,3.10,3.25,19015807,61717048.00
2020-04-23,3.20,3.30,3.18,3.25,14939000,48508644.00
2020-04-24,3.28,3.45,3.27,3.31,35367776,119014744.00
2020-04-27,3.20,3.20,2.98,2.98,20314600,61068228.00
2020-04-28,2.68,2.79,2.68,2.75,32504312,87744736.00
2020-04-30,2.61,2.61,2.61,2.61,6564400,17133084.00
2020-05-06,2.49,2.74,2.48,2.74,24363302,63761936.00
2020-05-07,2.75,2.88,2.75,2.88,19896062,56728520.00
2020-05-08,2.87,3.02,2.84,3.01,16739041,49657112.00
2020-05-11,3.01,3.09,2.95,2.99,14099962,42537072.00
2020-05-12,2.99,3.08,2.95,3.02,7991380,24249984.00
2020-05-13,3.11,3.11,3.00,3.03,7055704,21434136.00
2020-05-14,2.99,3.02,2.88,2.99,13234404,39043268.00
2020-05-15,2.98,2.99,2.91,2.91,7085700,20842330.00
2020-05-18,2.92,3.06,2.91,3.06,15118841,45661496.00
2020-05-19,3.07,3.21,3.03,3.13,18686769,58554584.00
2020-05-20,3.10,3.20,3.05,3.19,8582920,26929524.00
2020-05-21,3.17,3.20,3.12,3.17,8523204,26866134.00
2020-05-22,3.17,3.19,3.04,3.07,10129500,31635820.00
2020-05-25,3.07,3.08,3.01,3.02,4905500,14931645.00
2020-05-26,3.06,3.06,3.00,3.01,6427300,19507244.00
2020-05-27,3.05,3.06,3.01,3.01,3788347,11489220.00
2020-05-28,3.03,3.04,2.94,2.96,3570300,10687074.00
2020-05-29,2.99,2.99,2.95,2.97,3077608,9146408.00
2020-06-01,2.99,3.01,2.96,2.98,7553030,22472426.00
2020-06-02,2.98,2.98,2.91,2.93,10191500,29993072.00
2020-06-03,2.93,2.97,2.92,2.95,4662960,13704241.00
2020-06-04,2.96,2.96,2.88,2.90,5794400,16822084.00
2020-06-05,2.89,2.90,2.84,2.85,5300347,15196441.00
2020-06-08,2.89,2.89,2.81,2.87,4787988,13587412.00
2020-06-09,2.88,2.95,2.82,2.93,7163640,20605178.00
2020-06-10,2.93,2.95,2.88,2.93,5105700,14873383.00
2020-06-11,2.89,2.95,2.89,2.91,4671900,13663510.00
2020-06-12,2.85,2.90,2.85,2.89,3233000,9331994.00
2020-06-15,2.87,2.97,2.82,2.89,5850140,16887026.00
2020-06-16,2.89,2.89,2.85,2.87,3366517,9630944.00
2020-06-17,2.86,2.88,2.78,2.81,6698772,18818704.00
2020-06-18,2.80,2.80,2.74,2.76,4598893,12678557.00
2020-06-19,2.76,2.77,2.69,2.70,5683333,15427924.00
2020-06-22,2.70,2.78,2.68,2.72,3678480,10076690.00
2020-06-23,2.71,2.73,2.68,2.69,3093478,8345563.50
2020-06-24,2.70,2.74,2.70,2.73,2251901,6127025.50
2020-06-29,2.73,2.74,2.69,2.73,3502364,9501704.00
2020-06-30,2.73,2.76,2.71,2.75,3409268,9342103.00
2020-07-01,2.74,2.74,2.70,2.71,4093600,11118274.00
2020-07-02,2.71,2.74,2.70,2.74,5248600,14303894.00
2020-07-03,2.73,2.79,2.72,2.79,6186072,16958008.00
2020-07-06,2.78,2.89,2.77,2.87,9535062,27072220.00
2020-07-07,2.89,2.89,2.84,2.85,7873934,22497394.00
2020-07-08,2.84,2.88,2.82,2.86,7355645,20915522.00
2020-07-09,2.87,2.97,2.85,2.96,11398056,33371564.00
2020-07-10,2.93,3.00,2.92,2.94,8165545,24154930.00
2020-07-13,2.94,3.09,2.94,3.09,13913842,42250620.00
2020-07-14,3.12,3.13,3.01,3.07,14267500,43858564.00
2020-07-15,3.06,3.10,2.93,2.97,12345227,37079844.00
2020-07-16,2.88,3.01,2.88,2.91,7552506,22299014.00
2020-07-17,2.92,2.95,2.82,2.86,7374004,21306884.00
2020-07-20,2.85,2.99,2.84,2.94,6775064,19850570.00
2020-07-21,2.98,3.00,2.93,2.94,4832800,14270447.00
2020-07-22,2.94,2.95,2.90,2.91,5347906,15638034.00
2020-07-23,2.91,2.91,2.84,2.88,5354140,15362587.00
2020-07-24,2.88,2.88,2.78,2.80,5968100,16882774.00
2020-07-27,2.80,2.85,2.80,2.83,2784400,7850660.00
2020-07-28,2.82,2.91,2.82,2.84,4167032,11915958.00
2020-07-29,2.84,2.90,2.80,2.90,4834738,13803854.00
2020-07-30,2.89,2.90,2.84,2.86,4360944,12500600.00
2020-07-31,2.86,2.88,2.83,2.85,4958070,14141321.00
2020-08-03,2.86,2.92,2.86,2.91,6653240,19234092.00
2020-08-04,2.91,2.91,2.87,2.91,5165900,14961224.00
2020-08-05,2.91,2.94,2.87,2.91,5080683,14760101.00
2020-08-06,2.91,2.94,2.87,2.90,6763794,19654720.00
2020-08-07,2.89,2.91,2.83,2.89,5571130,15952281.00
2020-08-10,2.88,2.94,2.87,2.92,5923502,17248122.00
2020-08-11,2.93,2.98,2.91,2.93,7565332,22287596.00
2020-08-12,2.93,3.08,2.91,3.06,13513124,40573908.00
2020-08-13,3.03,3.06,2.98,2.99,8618419,26080972.00
2020-08-14,2.98,2.99,2.94,2.98,6670460,19764056.00
2020-08-17,2.98,3.02,2.95,3.00,4964080,14839036.00
2020-08-18,3.01,3.02,2.96,3.02,5323340,15943721.00
2020-08-19,3.00,3.03,2.98,2.99,4089548,12258662.00
2020-08-20,2.99,3.00,2.94,2.94,4300500,12732521.00
2020-08-21,2.94,2.98,2.94,2.96,3052900,9040540.00
2020-08-24,2.97,2.99,2.95,2.97,6971442,20707690.00
2020-08-25,2.98,3.06,2.97,3.04,9868536,29718480.00
2020-08-26,3.02,3.09,3.00,3.01,8391004,25520788.00
2020-08-27,3.03,3.07,2.99,3.01,8412800,25414808.00
2020-08-28,3.00,3.04,2.99,3.03,4807232,14513022.00
2020-08-31,3.03,3.06,3.01,3.04,6498736,19699466.00
2020-09-01,3.03,3.04,2.99,3.01,4557336,13713329.00
2020-09-02,2.99,3.02,2.97,3.00,4961240,14852096.00
2020-09-03,2.99,3.03,2.97,3.00,6984936,20876480.00
2020-09-04,2.98,2.99,2.95,2.98,4260004,12653136.00
2020-09-07,2.98,3.00,2.95,2.96,4706500,13994224.00
2020-09-08,2.96,2.98,2.95,2.97,4184275,12399804.00
2020-09-09,2.96,2.97,2.92,2.92,6911004,20299296.00
2020-09-10,2.94,2.94,2.77,2.78,8889500,25379016.00
2020-09-11,2.78,2.82,2.76,2.81,5391095,15057693.00
2020-09-14,2.82,2.91,2.80,2.88,6401300,18361218.00
2020-09-15,2.90,2.90,2.85,2.87,2876395,8255334.50
2020-09-16,2.87,2.88,2.81,2.83,3278600,9295726.00
2020-09-17,2.83,2.83,2.78,2.81,4379900,12292596.00
2020-09-18,2.81,2.86,2.80,2.85,3951500,11179264.00
2020-09-21,2.84,2.86,2.82,2.82,3840500,10895181.00
2020-09-22,2.81,2.83,2.79,2.80,4381100,12308249.00
2020-09-23,2.80,2.82,2.78,2.81,3764900,10562351.00
2020-09-24,2.80,2.81,2.77,2.77,5188800,14487633.00
2020-09-25,2.78,2.79,2.70,2.71,2800400,7674612.00
2020-09-28,2.71,2.77,2.66,2.68,4342954,11761538.00
2020-09-29,2.68,2.71,2.68,2.69,2082403,5621028.00
2020-09-30,2.71,2.73,2.68,2.70,2237500,6051515.00
2020-10-09,2.73,2.76,2.73,2.75,2755800,7579868.00
2020-10-12,2.75,2.82,2.75,2.82,3224202,9017506.00
2020-10-13,2.82,2.83,2.80,2.83,4270624,12027632.00
2020-10-14,2.82,2.82,2.78,2.81,2258600,6321401.00
2020-10-15,2.82,2.82,2.78,2.78,2061611,5761148.50
2020-10-16,2.77,2.78,2.73,2.74,3564300,9809688.00
2020-10-19,2.75,2.78,2.75,2.77,2734500,7555470.00
2020-10-20,2.77,2.79,2.75,2.78,1106500,3063671.00
2020-10-21,2.78,2.79,2.72,2.74,3156400,8676514.00
2020-10-22,2.74,2.74,2.71,2.73,1260000,3429076.00
2020-10-23,2.73,2.76,2.72,2.75,2566606,7039327.50
2020-10-26,2.74,2.75,2.73,2.74,1451100,3974820.00
2020-10-27,2.73,2.88,2.71,2.84,5542000,15572802.00
2020-10-28,2.82,2.87,2.79,2.86,4622024,13059775.00
2020-10-29,2.84,2.99,2.82,2.96,7536313,22132694.00
2020-10-30,2.96,2.96,2.86,2.88,4464800,12941446.00
2020-11-02,2.86,2.94,2.86,2.87,2859148,8255927.00
2020-11-03,2.91,2.91,2.88,2.88,3154438,9136900.00
2020-11-04,2.88,2.92,2.85,2.91,3996930,11493669.00
2020-11-05,2.91,2.94,2.90,2.91,2112500,6146017.00
2020-11-06,2.89,2.92,2.86,2.89,4465478,12884245.00
2020-11-09,2.87,2.95,2.87,2.92,5022302,14663102.00
2020-11-10,2.93,2.94,2.90,2.92,3162300,9233303.00
2020-11-11,2.90,3.00,2.90,2.95,4706789,13900998.00
2020-11-12,2.95,3.10,2.94,3.10,19371712,59339552.00
2020-11-13,3.10,3.24,3.07,3.19,12799119,40174416.00
2020-11-16,3.18,3.22,3.03,3.09,10944100,34221476.00
2020-11-17,3.09,3.14,3.06,3.08,4779126,14811153.00
2020-11-18,3.06,3.13,3.02,3.05,5616200,17232830.00
2020-11-19,3.05,3.09,3.00,3.03,5356500,16250773.00
2020-11-20,3.01,3.03,2.98,3.00,4563300,13700500.00
2020-11-23,3.00,3.08,2.99,3.05,4645418,14115433.00
2020-11-24,3.05,3.07,3.01,3.02,3326900,10083376.00
2020-11-25,3.04,3.05,2.97,2.98,3750304,11271387.00
2020-11-26,2.97,2.99,2.93,2.93,3055282,9035030.00
2020-11-27,2.94,2.97,2.92,2.97,2459300,7233183.00
2020-11-30,2.95,3.00,2.92,2.96,2735400,8092768.00
2020-12-01,2.97,3.01,2.96,2.98,2825312,8408522.00
2020-12-02,2.98,2.98,2.90,2.92,4556004,13356641.00
2020-12-03,2.92,2.94,2.88,2.92,2521700,7328592.00
2020-12-04,2.90,2.97,2.90,2.95,2914900,8566776.00
2020-12-07,2.95,2.95,2.91,2.92,2599400,7598226.00
2020-12-08,2.92,2.94,2.90,2.91,2486400,7251644.00
2020-12-09,2.92,2.93,2.86,2.86,4763000,13772226.00
2020-12-10,2.86,2.86,2.82,2.85,3318300,9421091.00
2020-12-11,2.85,2.85,2.78,2.80,4405200,12402961.00
2020-12-14,2.81,2.85,2.76,2.84,2642943,7456215.50
2020-12-15,2.84,2.84,2.79,2.81,2509869,7055391.00
2020-12-16,2.80,2.82,2.76,2.78,2372889,6621358.50
2020-12-17,2.78,2.84,2.77,2.82,2334100,6541552.50
2020-12-18,2.83,2.86,2.81,2.84,2110769,5989482.50
2020-12-21,2.84,2.86,2.80,2.84,2232069,6316581.50
2020-12-22,2.82,2.84,2.81,2.83,2487258,7025863.50
2020-12-23,2.83,2.85,2.81,2.85,1655996,4690284.00
2020-12-24,2.85,2.86,2.75,2.81,4805989,13437395.00
2020-12-25,2.78,2.82,2.78,2.80,1961389,5484088.50
2020-12-28,2.79,2.79,2.66,2.70,5675600,15436758.00
2020-12-29,2.68,2.76,2.68,2.73,1504800,4102521.00
2020-12-30,2.73,2.78,2.71,2.77,1638700,4499949.00
2020-12-31,2.75,2.78,2.75,2.78,1260700,3491232.00
2021-01-04,2.78,2.78,2.71,2.73,3994241,10938675.00
2021-01-05,2.73,2.73,2.70,2.72,2571900,6971856.00
2021-01-06,2.71,2.71,2.67,2.70,3233150,8704237.00
2021-01-07,2.69,2.69,2.57,2.58,5907900,15430408.00
2021-01-08,2.58,2.58,2.45,2.55,5226257,13081822.00
2021-01-11,2.52,2.55,2.47,2.53,4498400,11277269.00
2021-01-12,2.50,2.66,2.50,2.66,10814037,28462484.00
2021-01-13,2.64,2.70,2.54,2.55,4456936,11461812.00
2021-01-14,2.53,2.59,2.50,2.57,2802920,7124042.50
2021-01-15,2.57,2.64,2.56,2.62,3418804,8861732.00
2021-01-18,2.63,2.71,2.62,2.68,3100900,8286326.00
2021-01-19,2.67,2.72,2.64,2.65,3277300,8767433.00
2021-01-20,2.65,2.66,2.55,2.57,5546700,14405747.00
2021-01-21,2.58,2.62,2.53,2.58,5039100,12963780.00
2021-01-22,2.56,2.58,2.49,2.52,5703800,14384844.00
2021-01-25,2.54,2.55,2.46,2.51,4836200,12054798.00
2021-01-26,2.49,2.51,2.38,2.51,7284664,17871434.00
2021-01-27,2.50,2.64,2.46,2.64,10484171,27253384.00
2021-01-28,2.65,2.70,2.62,2.66,7609508,20222044.00
2021-01-29,2.65,2.66,2.53,2.66,7367625,19078654.00
2021-02-01,2.69,2.69,2.61,2.65,6022740,15950739.00
2021-02-02,2.63,2.66,2.59,2.60,3178500,8303741.00
2021-02-03,2.61,2.63,2.52,2.62,3376300,8710655.00
2021-02-04,2.61,2.65,2.56,2.57,3983800,10364298.00
2021-02-05,2.57,2.59,2.52,2.56,2710104,6953429.00
2021-02-08,2.56,2.69,2.50,2.66,4778200,12587902.00
2021-02-09,2.63,2.76,2.63,2.75,5167990,14046696.00
2021-02-10,2.74,2.81,2.72,2.76,3502904,9686486.00
2021-02-18,2.80,2.83,2.73,2.79,4113800,11381398.00
2021-02-19,2.79,2.84,2.73,2.83,3873440,10796088.00
2021-02-22,2.83,2.97,2.80,2.92,10504344,30605852.00
2021-02-23,2.92,2.93,2.85,2.88,3561704,10301313.00
2021-02-24,2.87,2.88,2.78,2.81,5679980,16055396.00
2021-02-25,2.81,2.82,2.75,2.78,3588189,9987472.00
2021-02-26,2.76,2.82,2.74,2.80,2356500,6578775.00
2021-03-01,2.78,2.88,2.77,2.87,2867592,8139794.00
2021-03-02,2.88,2.88,2.81,2.84,5070969,14356696.00
2021-03-03,2.85,2.98,2.85,2.98,12521271,37140172.00
2021-03-04,3.00,3.01,2.94,2.96,8032500,23822756.00
2021-03-05,2.96,2.99,2.91,2.98,4798000,14194952.00
2021-03-08,2.98,3.08,2.96,2.97,6672976,20105374.00
2021-03-09,2.97,2.98,2.82,2.88,10385004,29668552.00
2021-03-10,2.88,2.92,2.85,2.90,3887900,11247639.00
2021-03-11,2.92,2.93,2.86,2.90,4283000,12372313.00
2021-03-12,2.90,2.91,2.88,2.90,5919962,17117944.00
2021-03-15,2.90,2.90,2.86,2.87,2911300,8383448.00
2021-03-16,2.88,2.90,2.86,2.89,4426504,12740882.00
2021-03-17,2.89,2.95,2.86,2.95,6273420,18336716.00
2021-03-18,2.97,2.99,2.91,2.93,5542573,16326111.00
2021-03-19,2.92,3.02,2.90,2.99,7874889,23524726.00
2021-03-22,2.97,3.05,2.97,3.03,5618300,17011084.00
2021-03-23,3.04,3.05,3.00,3.04,5712900,17278872.00
2021-03-24,3.04,3.04,2.99,2.99,4758600,14318991.00
2021-03-25,2.99,3.04,2.95,3.01,5754494,17197262.00
2021-03-26,3.02,3.02,2.98,2.98,4249404,12750580.00
2021-03-29,3.00,3.01,2.98,2.99,3478000,10422855.00
2021-03-30,2.99,3.00,2.91,2.92,4979600,14749022.00
2021-03-31,2.91,2.98,2.90,2.92,2858100,8394835.00
2021-04-01,2.92,2.96,2.92,2.94,1681190,4944830.50
2021-04-02,2.96,2.99,2.94,2.97,2308600,6848836.00
2021-04-06,2.97,3.12,2.96,3.07,8139798,25088140.00
2021-04-07,3.07,3.16,3.05,3.09,4942430,15352905.00
2021-04-08,3.10,3.15,3.08,3.11,4022069,12531696.00
2021-04-09,3.12,3.14,3.08,3.12,2896600,9010716.00
2021-04-12,3.14,3.16,3.06,3.08,5316700,16522889.00
2021-04-13,3.09,3.10,3.03,3.05,3971890,12168154.00
2021-04-14,3.04,3.09,3.00,3.09,2671400,8153670.00
2021-04-15,3.06,3.06,2.94,2.94,9357908,27916124.00
2021-04-16,2.93,3.00,2.89,2.98,8086060,23888076.00
2021-04-19,2.99,3.00,2.94,2.94,12157200,36050196.00
2021-04-20,2.95,2.97,2.81,2.88,20886399,60453740.00
2021-04-21,2.85,2.92,2.83,2.91,7688000,22170936.00
2021-04-22,2.90,2.99,2.90,2.96,5323454,15770595.00
2021-04-23,2.96,3.03,2.95,2.99,4947200,14850036.00
2021-04-26,2.99,3.07,2.99,3.03,5703700,17262016.00
2021-04-27,3.04,3.04,2.90,2.95,6864954,20269270.00
2021-04-28,3.06,3.10,2.98,3.02,13295200,40762356.00
2021-04-29,3.01,3.13,3.00,3.06,8311499,25539006.00
2021-04-30,3.04,3.10,3.04,3.04,5156404,15835670.00
2021-05-06,3.07,3.13,3.07,3.09,6693784,20729202.00
2021-05-07,3.11,3.12,3.08,3.10,3954300,12244267.00
2021-05-10,3.10,3.26,3.10,3.23,13113100,42048308.00
2021-05-11,3.22,3.24,3.17,3.23,7277500,23328992.00
2021-05-12,3.22,3.24,3.20,3.24,5653600,18211684.00
2021-05-13,3.18,3.25,3.18,3.19,9876787,31604290.00
2021-05-14,3.21,3.24,3.19,3.23,7630295,24575830.00
2021-05-17,3.25,3.25,3.07,3.07,13076804,40623948.00
2021-05-18,3.06,3.22,3.05,3.22,7661024,24329478.00
2021-05-19,3.23,3.38,3.22,3.37,10928800,36425856.00
2021-05-20,3.36,3.51,3.33,3.46,10691702,36821864.00
2021-05-21,3.47,3.61,3.40,3.58,12851400,45621508.00
2021-05-25,3.90,3.90,3.44,3.50,46425459,169918688.00
2021-05-26,3.44,3.73,3.44,3.62,27627330,99310312.00
2021-05-27,3.57,3.66,3.53,3.56,16185300,57934088.00
2021-05-28,3.57,3.92,3.54,3.92,28568609,107133728.00
2021-05-31,4.12,4.31,3.99,4.31,69840772,293070400.00
2021-06-01,4.70,4.74,4.31,4.74,102364593,474229888.00
2021-06-02,4.47,4.65,4.27,4.27,84842654,376581568.00
2021-06-03,4.18,4.70,4.16,4.58,77171849,347792288.00
2021-06-04,4.45,4.53,4.27,4.35,46858885,204571600.00
2021-06-07,4.43,4.46,4.14,4.35,30192948,129311480.00
2021-06-08,4.36,4.41,4.15,4.17,22295709,94677688.00
2021-06-09,4.17,4.59,4.06,4.43,53831691,238416464.00
2021-06-10,4.36,4.44,4.16,4.26,34284808,145703104.00
2021-06-11,4.32,4.37,4.21,4.22,15321140,65239692.00
2021-06-15,4.21,4.43,4.15,4.22,18821320,80601872.00
2021-06-16,4.22,4.28,4.07,4.08,13544515,55869504.00
2021-06-17,4.08,4.19,4.07,4.16,9802569,40317732.00
2021-06-18,4.14,4.18,4.04,4.18,9730100,39976136.00
2021-06-21,4.18,4.40,4.13,4.34,16345019,70234624.00
2021-06-22,4.38,4.55,4.24,4.30,19187219,84443992.00
2021-06-23,4.35,4.37,4.16,4.25,11022254,46507288.00
2021-06-24,4.19,4.20,4.08,4.09,11487121,47459920.00
2021-06-25,4.10,4.20,4.08,4.14,8813200,36336704.00
2021-06-28,4.13,4.24,4.08,4.17,11115200,46287776.00
2021-06-29,4.18,4.25,4.09,4.10,9238875,38241228.00
2021-06-30,4.10,4.20,4.07,4.13,9653846,39942736.00
2021-07-01,4.11,4.15,3.96,4.00,12771429,51617392.00
2021-07-02,4.00,4.10,3.96,4.06,8787789,35520292.00
2021-07-05,4.06,4.17,4.00,4.11,9104200,37151648.00
2021-07-06,4.12,4.19,4.04,4.10,8346940,34234908.00
2021-07-07,4.08,4.12,4.04,4.08,5921044,24117080.00
2021-07-08,4.06,4.18,4.06,4.08,9971344,41108756.00
2021-07-09,4.04,4.29,4.00,4.25,15611400,64734928.00
2021-07-12,4.26,4.38,4.19,4.21,15789204,67697224.00
2021-07-13,4.25,4.31,4.16,4.28,13082360,55543920.00
2021-07-14,4.27,4.35,4.17,4.26,15412960,65609496.00
2021-07-15,4.19,4.21,4.09,4.17,9395938,39135036.00
2021-07-16,4.21,4.31,4.16,4.23,9376005,39805132.00
2021-07-19,4.25,4.26,4.10,4.14,8712500,36279424.00
2021-07-20,4.09,4.13,4.07,4.11,4761600,19521458.00
2021-07-21,4.13,4.18,4.11,4.13,5030780,20795040.00
2021-07-22,4.13,4.18,4.10,4.16,5498200,22823032.00
2021-07-23,4.16,4.16,4.05,4.08,9601604,39309420.00
2021-07-26,4.08,4.14,4.03,4.07,7529400,30734722.00
2021-07-27,4.09,4.33,4.06,4.17,21964956,92663352.00
2021-07-28,4.21,4.52,4.05,4.41,36669922,159838096.00
2021-07-29,4.41,4.57,4.35,4.43,25277016,111592280.00
2021-07-30,4.35,4.42,4.21,4.25,16951700,72333984.00
2021-08-02,4.23,4.45,4.16,4.36,16212800,70186928.00
2021-08-03,4.35,4.50,4.31,4.41,17613357,77924792.00
2021-08-04,4.38,4.51,4.35,4.46,13415900,59318600.00
2021-08-05,4.48,4.52,4.34,4.39,11908700,52448976.00
2021-08-06,4.36,4.42,4.26,4.42,8035700,34940372.00
2021-08-09,4.33,4.86,4.33,4.86,39321271,187004176.00
2021-08-10,4.87,5.20,4.87,5.10,43103057,216251232.00
2021-08-11,5.10,5.23,5.01,5.17,23844691,122255328.00
2021-08-12,5.17,5.19,4.94,4.96,22401992,112296504.00
2021-08-13,5.00,5.18,4.95,5.11,24501121,123965192.00
2021-08-16,5.09,5.42,5.09,5.17,25592006,134132880.00
2021-08-17,5.22,5.22,4.94,4.97,19794187,100052320.00
2021-08-18,4.95,5.10,4.87,4.94,22223389,110507424.00
2021-08-19,5.00,5.08,4.77,4.82,16945300,82594720.00
2021-08-20,4.82,4.85,4.65,4.80,14812930,70223672.00
2021-08-23,4.78,5.09,4.77,5.04,17485200,86930632.00
2021-08-24,5.07,5.08,4.91,4.94,11218900,55764720.00
2021-08-25,4.92,5.14,4.91,5.11,18183200,91396096.00
2021-08-26,5.10,5.16,5.01,5.09,13766100,69760160.00
2021-08-27,5.10,5.33,5.03,5.04,16280228,83440536.00
2021-08-30,4.98,5.09,4.94,4.96,13101580,65585156.00
2021-08-31,4.96,5.21,4.92,5.19,15730660,79957272.00
2021-09-01,5.13,5.26,4.97,5.01,17475800,88282056.00
2021-09-02,4.95,5.13,4.93,5.02,8500900,42811104.00
2021-09-03,5.01,5.09,4.86,4.94,12304595,61014380.00
2021-09-06,4.94,5.18,4.87,5.11,20887282,105129224.00
2021-09-07,5.19,5.19,5.03,5.06,10405020,52730148.00
2021-09-08,5.06,5.22,5.06,5.18,14712800,75757744.00
2021-09-09,5.26,5.70,5.17,5.70,36299419,202480688.00
2021-09-10,5.69,5.75,5.42,5.50,32443267,179966784.00
2021-09-13,5.58,5.98,5.40,5.86,30459758,174844832.00
2021-09-14,5.89,6.14,5.79,5.89,37305995,221797632.00
2021-09-15,5.73,6.48,5.71,6.48,26207413,165005504.00
2021-09-16,6.36,6.83,6.31,6.54,62469695,412874560.00
2021-09-17,6.54,7.15,6.51,7.08,43346850,299023488.00
2021-09-22,7.10,7.26,6.81,6.88,37835482,263004576.00
2021-09-23,6.95,7.57,6.90,7.48,41889903,310754720.00
2021-09-24,7.33,7.56,7.19,7.38,30106700,221422432.00
2021-09-27,7.21,7.35,6.64,6.64,20321404,137713632.00
2021-09-28,5.98,6.21,5.98,5.98,33490356,201547376.00
2021-09-29,6.00,6.33,5.96,6.01,23084760,141099312.00
2021-09-30,6.05,6.46,6.00,6.38,19353660,121910576.00
2021-10-08,6.80,6.87,6.52,6.59,24396156,162606848.00
2021-10-11,6.59,6.65,6.32,6.54,13143413,85437816.00
2021-10-12,6.54,6.61,6.24,6.31,14182100,90278904.00
2021-10-13,6.35,6.44,5.91,6.07,19034776,116359400.00
2021-10-14,6.13,6.43,6.06,6.21,11388922,71377016.00
2021-10-15,6.06,6.31,5.91,5.97,18550443,111884296.00
2021-10-18,6.01,6.14,5.88,6.00,9079800,54720968.00
2021-10-19,6.07,6.07,5.83,5.85,12685019,74921512.00
2021-10-20,5.83,5.88,5.54,5.62,19759512,112172192.00
2021-10-21,5.62,5.74,5.51,5.60,11887800,67147048.00
2021-10-22,5.69,5.69,5.53,5.60,8468112,47570920.00
2021-10-25,5.66,5.67,5.50,5.55,7417300,41424904.00
2021-10-26,5.54,5.80,5.10,5.58,19544100,107550856.00
2021-10-27,5.60,5.65,5.31,5.32,13630600,73391368.00
2021-10-28,5.30,5.38,5.20,5.21,11133902,58616148.00
2021-10-29,5.20,5.25,4.80,4.90,33677605,167185056.00
2021-11-01,4.81,5.19,4.81,5.05,25321484,127801792.00
2021-11-02,4.95,5.08,4.56,4.65,42192138,200060288.00
2021-11-03,4.59,4.79,4.59,4.73,17119543,80459608.00
2021-11-04,4.76,4.82,4.62,4.75,21028528,99676520.00
2021-11-05,4.83,4.83,4.58,4.62,14450100,67279264.00
2021-11-08,4.59,4.73,4.55,4.70,13499499,62560408.00
2021-11-09,4.67,4.80,4.64,4.79,14211666,67007668.00
2021-11-10,4.81,5.27,4.77,5.08,45483643,230232112.00
2021-11-11,4.86,5.00,4.84,4.85,30295081,147881120.00
2021-11-12,4.82,4.90,4.65,4.69,20157600,96228040.00
2021-11-15,4.71,4.83,4.66,4.74,11354408,53763892.00
2021-11-16,4.79,4.79,4.62,4.65,10182400,47697556.00
2021-11-17,4.65,4.75,4.61,4.73,8545300,40237564.00
2021-11-18,4.75,4.89,4.71,4.84,11899320,57571772.00
2021-11-19,4.78,4.85,4.72,4.83,10778500,51534724.00
2021-11-22,4.80,5.10,4.80,5.04,17041442,85197728.00
2021-11-23,5.06,5.18,4.97,5.05,13526971,68510032.00
2021-11-24,5.09,5.10,4.87,4.89,20422960,100529656.00
2021-11-25,4.86,4.91,4.73,4.75,14714051,70360424.00
2021-11-26,4.73,4.73,4.60,4.65,14573444,67881648.00
2021-11-29,4.56,4.69,4.51,4.68,9797500,45204108.00
2021-11-30,4.70,4.80,4.69,4.72,10493100,49727388.00
2021-12-01,4.72,4.76,4.67,4.76,6610438,31135456.00
2021-12-02,4.75,4.76,4.61,4.61,7264300,33897712.00
2021-12-03,4.63,4.74,4.58,4.67,6970500,32352488.00
2021-12-06,4.67,4.74,4.61,4.68,7931300,36947884.00
2021-12-07,4.68,4.69,4.53,4.53,12243400,56212072.00
2021-12-08,4.53,4.62,4.53,4.54,6525008,29829870.00
2021-12-09,4.54,4.56,4.41,4.47,12778508,57339124.00
2021-12-10,4.46,4.62,4.45,4.55,14542205,65972560.00
2021-12-13,4.69,4.75,4.57,4.67,16924113,79272104.00
2021-12-14,4.69,5.06,4.65,4.91,30638604,149595456.00
2021-12-15,4.88,5.06,4.80,4.84,19284569,93937264.00
2021-12-16,4.79,4.92,4.79,4.85,14518604,70361624.00
2021-12-17,4.82,4.88,4.69,4.73,16220922,77094192.00
2021-12-20,4.70,4.76,4.49,4.52,16570100,76026824.00
2021-12-21,4.22,4.50,4.22,4.34,28013424,121823456.00
2021-12-22,4.37,4.54,4.31,4.44,18022677,80048320.00
2021-12-23,4.45,4.50,4.32,4.34,12558500,54797260.00
2021-12-24,4.34,4.38,4.18,4.20,16732600,70990176.00
2021-12-27,4.19,4.22,4.08,4.21,9920508,41225680.00
2021-12-28,4.20,4.25,4.14,4.24,9792168,41010428.00
2021-12-29,4.26,4.26,4.16,4.17,6565900,27542860.00
2021-12-30,4.16,4.57,4.16,4.36,25294512,111006424.00
2021-12-31,4.40,4.41,4.31,4.35,12049600,52529496.00
2022-01-04,4.35,4.50,4.32,4.49,16150504,71465600.00
2022-01-05,4.49,4.66,4.46,4.63,23592408,108179448.00
2022-01-06,4.59,4.63,4.50,4.62,13081202,59633532.00
2022-01-07,4.58,4.66,4.41,4.42,13712600,61924496.00
2022-01-10,4.49,4.49,4.27,4.44,9512106,41627656.00
2022-01-11,4.42,4.74,4.37,4.65,23352634,106379200.00
2022-01-12,4.65,4.65,4.49,4.52,20796890,94603800.00
2022-01-13,4.53,4.56,4.47,4.55,10811926,48791700.00
2022-01-14,4.50,4.54,4.34,4.35,15009054,66226572.00
2022-01-17,4.35,4.53,4.32,4.42,12868984,56982936.00
2022-01-18,4.42,4.49,4.21,4.23,14602683,63062860.00
2022-01-19,4.31,4.42,4.24,4.29,13014040,56361992.00
2022-01-20,4.29,4.35,4.14,4.16,11038604,46384736.00
2022-01-21,4.16,4.21,4.06,4.09,9557804,39445376.00
2022-01-24,4.09,4.13,4.05,4.07,4821800,19674084.00
2022-01-25,4.09,4.11,3.83,3.85,12201300,47890312.00
2022-01-26,3.85,3.90,3.76,3.85,8019112,30732814.00
2022-01-27,3.85,3.86,3.67,3.69,8243812,30806150.00
2022-01-28,3.68,3.88,3.68,3.83,8470913,32143786.00
2022-02-07,3.98,3.98,3.77,3.82,7817712,29954014.00
2022-02-08,3.86,3.96,3.80,3.94,8250660,32247916.00
2022-02-09,3.97,4.02,3.93,3.98,6545500,25965380.00
2022-02-10,3.97,4.02,3.90,3.96,6173300,24460478.00
2022-02-11,3.95,3.97,3.82,3.86,6529100,25358606.00
2022-02-14,3.87,3.94,3.78,3.93,6044100,23527408.00
2022-02-15,3.93,3.95,3.81,3.85,6572504,25454052.00
2022-02-16,3.86,3.91,3.82,3.85,7160201,27716186.00
2022-02-17,3.87,3.87,3.74,3.78,9995800,37853900.00
2022-02-18,3.77,3.84,3.72,3.83,5779004,21853804.00
2022-02-21,3.80,3.88,3.80,3.88,5765500,22163716.00
2022-02-22,3.85,3.87,3.76,3.77,6380000,24161228.00
2022-02-23,3.83,3.85,3.78,3.79,6452304,24554684.00
2022-02-24,3.79,3.84,3.53,3.59,16795300,61425032.00
2022-02-25,3.65,3.75,3.61,3.66,10036100,36930744.00
2022-02-28,3.68,3.70,3.56,3.62,9003700,32540432.00
2022-03-01,3.66,3.76,3.59,3.71,8496300,31429896.00
2022-03-02,3.72,3.79,3.68,3.75,8093300,30337180.00
2022-03-03,3.75,3.77,3.69,3.73,6715600,25002934.00
2022-03-04,3.72,3.74,3.62,3.64,8244200,30176020.00
2022-03-07,3.64,3.75,3.60,3.64,9609700,35346984.00
2022-03-08,3.66,3.66,3.53,3.57,9346900,33604284.00
2022-03-09,3.58,3.62,3.38,3.52,11942100,42206696.00
2022-03-10,3.59,3.62,3.53,3.54,5862000,20974432.00
2022-03-11,3.49,3.63,3.44,3.61,9958100,35158728.00
2022-03-14,3.54,3.60,3.51,3.52,5524700,19639548.00
2022-03-15,3.49,3.50,3.28,3.28,9564413,32507404.00
2022-03-16,3.32,3.47,3.24,3.45,13499700,45347020.00
2022-03-17,3.48,3.55,3.43,3.47,8125018,28450992.00
2022-03-18,3.48,3.63,3.41,3.58,11412920,40282896.00
2022-03-21,3.58,3.63,3.55,3.60,5966309,21507168.00
2022-03-22,3.65,3.72,3.56,3.68,10726400,39068988.00
2022-03-23,3.68,3.78,3.64,3.67,9118099,33828692.00
2022-03-24,3.65,3.66,3.57,3.59,5641600,20359826.00
2022-03-25,3.56,3.63,3.55,3.57,4991900,17921792.00
2022-03-28,3.54,3.67,3.51,3.62,6419000,23117658.00
2022-03-29,3.66,3.70,3.57,3.60,6499500,23620702.00
2022-03-30,3.61,3.64,3.53,3.64,7006900,25164796.00
2022-03-31,3.73,4.00,3.69,4.00,35443620,140036624.00
2022-04-01,4.00,4.40,3.81,4.40,69996442,292154816.00
2022-04-06,4.40,4.84,4.29,4.45,138075853,641579008.00
2022-04-07,4.33,4.34,4.01,4.01,74264365,302604000.00
2022-04-08,3.82,3.89,3.74,3.84,55709169,212460416.00
2022-04-11,3.78,3.87,3.58,3.60,36366200,135012560.00
2022-04-12,3.79,3.85,3.61,3.68,37605102,139646208.00
2022-04-13,3.61,3.66,3.42,3.42,40360300,141765904.00
2022-04-14,3.42,3.48,3.38,3.38,18946200,65050368.00
2022-04-15,3.35,3.39,3.26,3.27,22962265,75945776.00
2022-04-18,3.30,3.30,3.14,3.24,14594900,47124924.00
2022-04-19,3.27,3.34,3.23,3.30,15349976,50540428.00
2022-04-20,3.33,3.46,3.28,3.28,20264980,68317976.00
2022-04-21,3.34,3.36,3.13,3.13,18249880,58926296.00
2022-04-22,3.17,3.21,3.07,3.14,16033100,50468040.00
2022-04-25,3.06,3.11,2.84,2.84,21860700,65244016.00
2022-04-26,2.81,2.83,2.68,2.69,14799702,40883628.00
2022-04-27,2.64,2.82,2.59,2.81,14738484,39948128.00
2022-04-28,2.77,2.83,2.71,2.76,10104616,27949944.00
2022-04-29,2.75,2.93,2.74,2.89,12662919,36162472.00
2022-05-05,2.92,2.94,2.80,2.91,11255199,32382072.00
2022-05-06,2.82,2.89,2.78,2.87,9300204,26516360.00
2022-05-09,2.87,3.03,2.87,2.97,13564204,40250432.00
2022-05-10,2.95,2.98,2.90,2.95,10114100,29590056.00
2022-05-11,2.96,2.99,2.89,2.90,12822200,37775400.00
2022-05-12,2.87,2.92,2.82,2.89,8731700,25084246.00
2022-05-13,2.89,2.91,2.78,2.86,16965200,47956376.00
2022-05-16,2.86,2.93,2.81,2.93,16536324,47915056.00
2022-05-17,2.91,2.95,2.81,2.85,11287100,32155776.00
2022-05-18,2.82,2.92,2.81,2.88,15295204,44077828.00
2022-05-19,2.81,2.90,2.81,2.87,9187650,26248080.00
2022-05-20,2.91,2.91,2.85,2.90,10298724,29652504.00
2022-05-23,2.96,3.08,2.96,2.99,22829340,68532760.00
2022-05-24,2.94,3.03,2.84,2.86,18803980,55331592.00
2022-05-25,2.84,2.96,2.79,2.95,15522700,44706068.00
2022-05-26,2.96,2.99,2.89,2.97,11067400,32528736.00
2022-05-27,2.99,3.00,2.92,2.94,8737200,25812848.00
2022-05-30,2.94,2.99,2.89,2.99,11331000,33293956.00
2022-05-31,2.99,3.00,2.92,2.96,8366304,24738202.00
2022-06-01,2.97,3.05,2.96,3.02,14031497,42374748.00
2022-06-02,3.00,3.00,2.93,2.96,9473900,28051720.00
2022-06-06,2.95,2.98,2.93,2.95,10802300,31896300.00
2022-06-07,2.95,2.97,2.88,2.90,11448200,33401932.00
2022-06-08,2.94,2.94,2.83,2.88,11634400,33579492.00
2022-06-09,2.86,2.88,2.78,2.79,10643800,30033262.00
2022-06-10,2.76,2.84,2.76,2.82,7880500,22105296.00
2022-06-13,2.79,2.82,2.73,2.75,9798145,27154056.00
2022-06-14,2.72,2.74,2.63,2.73,14277559,38299736.00
2022-06-15,2.70,2.76,2.70,2.75,10097215,27642524.00
2022-06-16,2.75,3.03,2.74,3.03,15595904,46027904.00
2022-06-17,3.18,3.25,3.01,3.04,76229767,237631120.00
2022-06-20,2.94,3.17,2.93,3.15,49743037,152042688.00
2022-06-21,3.12,3.42,3.10,3.20,52371598,170101936.00
2022-06-22,3.20,3.23,3.09,3.10,30354004,95347872.00
2022-06-23,3.10,3.19,3.08,3.12,19621029,61447848.00
2022-06-24,3.11,3.16,3.08,3.10,14427129,44951348.00
2022-06-27,3.11,3.13,3.09,3.09,12112300,37620076.00
2022-06-28,3.11,3.21,3.05,3.17,21190800,66407124.00
2022-06-29,3.14,3.21,3.06,3.07,15126300,47129528.00
2022-06-30,3.05,3.38,3.05,3.38,16373282,53464616.00
2022-07-01,3.69,3.72,3.55,3.72,39384124,145114944.00
2022-07-04,3.60,3.98,3.50,3.55,112279975,415586848.00
2022-07-05,3.41,3.91,3.41,3.68,93136067,340446112.00
2022-07-06,3.52,3.62,3.31,3.31,62786888,210483696.00
2022-07-07,3.20,3.35,3.20,3.25,45735501,149117312.00
2022-07-08,3.23,3.35,3.20,3.25,33969564,110245816.00
2022-07-11,3.21,3.47,3.15,3.43,51768964,172649232.00
2022-07-12,3.36,3.77,3.26,3.53,107866367,388442144.00
2022-07-13,3.50,3.74,3.48,3.54,80996714,288739648.00
2022-07-14,3.43,3.60,3.40,3.47,43291732,151553648.00
2022-07-15,3.40,3.45,3.25,3.31,42697900,142791248.00
2022-07-18,3.34,3.64,3.30,3.64,37226483,130797512.00
2022-07-19,3.62,3.70,3.50,3.57,49342100,176707344.00
2022-07-20,3.63,3.93,3.52,3.93,67185800,249011008.00
2022-07-21,4.14,4.32,3.90,4.32,132720540,563121600.00
2022-07-22,4.16,4.20,3.89,3.89,140100854,560503168.00
2022-07-25,3.85,3.89,3.68,3.68,65526600,246282352.00
2022-07-26,3.70,3.86,3.65,3.75,49261740,183853488.00
2022-07-27,3.70,3.85,3.66,3.82,47679300,180270096.00
2022-07-28,3.83,3.86,3.72,3.75,40712500,153600080.00
2022-07-29,3.73,3.95,3.67,3.86,60888278,232601216.00
2022-08-01,3.79,3.85,3.70,3.82,38402800,144531424.00
2022-08-02,3.71,3.73,3.44,3.44,43348344,152756048.00
2022-08-03,3.44,3.78,3.44,3.56,73022072,268606880.00
2022-08-04,3.58,3.74,3.50,3.65,52772100,189923744.00
2022-08-05,3.63,3.69,3.53,3.57,28953694,103916472.00
2022-08-08,3.62,3.93,3.58,3.82,90171530,346592384.00
2022-08-09,3.80,3.97,3.73,3.89,81922530,313938592.00
2022-08-10,3.82,3.87,3.76,3.85,42711492,162581360.00
2022-08-11,3.85,4.16,3.82,3.93,57692104,229003024.00
2022-08-12,3.96,4.32,3.96,4.13,80498134,333660896.00
2022-08-15,4.05,4.13,3.97,4.03,48541100,195208576.00
2022-08-16,3.98,4.08,3.91,3.98,45965400,182874320.00
2022-08-17,3.95,3.99,3.88,3.89,35294800,138497920.00
2022-08-18,3.92,4.06,3.77,3.98,42260300,165262960.00
2022-08-19,3.93,4.05,3.85,3.86,31209800,123540808.00
2022-08-22,3.81,3.94,3.80,3.92,26224540,102013704.00
2022-08-23,3.85,3.94,3.82,3.83,22292548,86263288.00
2022-08-24,3.83,3.87,3.68,3.69,25541800,95545936.00
2022-08-25,3.71,3.80,3.60,3.65,18928199,69115896.00
2022-08-26,3.65,3.70,3.52,3.52,18170100,65536424.00
2022-08-29,3.45,3.60,3.44,3.57,19595500,69574728.00
2022-08-30,3.59,3.72,3.56,3.61,20451537,74323208.00
2022-08-31,3.57,3.74,3.54,3.66,34003672,124123896.00
2022-09-01,3.62,3.67,3.44,3.49,26009486,92223184.00
2022-09-02,3.51,3.84,3.51,3.78,84109974,320227552.00
2022-09-05,3.60,3.68,3.56,3.67,61699227,223336464.00
2022-09-06,3.64,3.75,3.58,3.67,33310186,121699576.00
2022-09-07,3.68,3.70,3.60,3.61,21328286,77160232.00
2022-09-08,3.60,3.68,3.53,3.53,19691500,70609520.00
2022-09-09,3.53,3.55,3.46,3.54,14927200,52244268.00
2022-09-13,3.56,3.66,3.56,3.60,17930000,64727528.00
2022-09-14,3.60,3.65,3.55,3.59,15615504,56025672.00
2022-09-15,3.58,3.59,3.41,3.46,18185886,63478464.00
2022-09-16,3.47,3.50,3.27,3.27,16405400,55091988.00
2022-09-19,3.27,3.30,3.18,3.23,9924000,32036172.00
2022-09-20,3.28,3.35,3.25,3.32,11278900,37201900.00
2022-09-21,3.31,3.38,3.23,3.35,9870625,32814772.00
2022-09-22,3.33,3.48,3.31,3.39,14071000,48049464.00
2022-09-23,3.37,3.40,3.27,3.27,10212504,33896716.00
2022-09-26,3.23,3.27,3.12,3.13,9872700,31370664.00
2022-09-27,3.13,3.21,3.12,3.20,7995300,25334248.00
2022-09-28,3.20,3.21,3.07,3.07,8570200,26786680.00
2022-09-29,3.10,3.15,2.98,3.01,8589358,26104458.00
2022-09-30,3.03,3.07,2.99,3.02,6590000,19933648.00
2022-10-10,3.02,3.06,2.94,2.95,5873500,17579820.00
2022-10-11,2.92,2.98,2.86,2.96,6096833,17841588.00
2022-10-12,2.96,3.05,2.92,3.05,6699500,20009362.00
2022-10-13,3.04,3.14,3.01,3.10,9455700,29274710.00
2022-10-14,3.12,3.17,3.10,3.13,7968430,25016998.00
2022-10-17,3.13,3.22,3.09,3.20,9361833,29771528.00
2022-10-18,3.23,3.24,3.17,3.19,6015200,19243764.00
2022-10-19,3.16,3.19,3.13,3.14,7180400,22670328.00
2022-10-20,3.16,3.19,3.13,3.15,5794304,18299772.00
2022-10-21,3.15,3.17,3.10,3.11,5479900,17150784.00
2022-10-24,3.13,3.18,3.03,3.05,9296700,28873808.00
2022-10-25,3.07,3.09,2.99,3.03,6189995,18740202.00
2022-10-26,3.04,3.10,3.02,3.06,5971605,18315702.00
2022-10-27,3.07,3.25,3.05,3.14,12633603,39603732.00
2022-10-28,3.10,3.12,2.96,2.98,11674416,35366584.00
2022-10-31,2.90,3.05,2.90,2.97,7013133,20942578.00
2022-11-01,2.97,3.02,2.95,3.02,9356700,27930680.00
2022-11-02,3.04,3.11,3.01,3.09,10914500,33717992.00
2022-11-03,3.09,3.10,3.03,3.06,6137400,18785420.00
2022-11-04,3.07,3.21,3.07,3.14,12613536,39531628.00
2022-11-07,3.12,3.24,3.12,3.22,19500100,62291552.00
2022-11-08,3.21,3.26,3.19,3.25,10146900,32805166.00
2022-11-09,3.25,3.28,3.20,3.21,8181400,26406640.00
2022-11-10,3.21,3.26,3.15,3.25,9394104,30295844.00
2022-11-11,3.30,3.33,3.23,3.25,8730025,28529294.00
2022-11-14,3.25,3.29,3.18,3.21,7343600,23721536.00
2022-11-15,3.21,3.25,3.19,3.24,7704300,24801268.00
2022-11-16,3.24,3.29,3.23,3.27,9298000,30383552.00
2022-11-17,3.41,3.49,3.26,3.34,25563700,85182328.00
2022-11-18,3.34,3.67,3.34,3.61,113201106,411377440.00
2022-11-21,3.45,3.47,3.26,3.29,81030144,271413984.00
2022-11-22,3.29,3.62,3.28,3.62,33579326,119484400.00
2022-11-23,3.62,3.77,3.49,3.53,95944468,347388352.00
2022-11-24,3.46,3.57,3.42,3.50,47773153,165681264.00
2022-11-25,3.45,3.45,3.37,3.39,27848625,94872696.00
2022-11-28,3.36,3.40,3.26,3.39,26950691,89685768.00
2022-11-29,3.37,3.42,3.33,3.42,24685911,83628536.00
2022-11-30,3.45,3.67,3.44,3.47,37927355,132753512.00
2022-12-01,3.41,3.56,3.41,3.50,33638492,117216664.00
2022-12-02,3.46,3.55,3.44,3.51,24607540,86070752.00
2022-12-05,3.49,3.54,3.45,3.50,21513900,74910576.00
2022-12-06,3.50,3.50,3.42,3.45,15368056,53069596.00
2022-12-07,3.47,3.54,3.43,3.51,26694800,93244088.00
2022-12-08,3.50,3.52,3.44,3.50,16842502,58524464.00
2022-12-09,3.48,3.51,3.40,3.42,16056802,55128332.00
2022-12-12,3.40,3.53,3.38,3.39,14169440,48705740.00
2022-12-13,3.39,3.50,3.38,3.45,17583370,60849564.00
2022-12-14,3.47,3.52,3.44,3.49,16954799,59209656.00
2022-12-15,3.47,3.67,3.47,3.55,28299880,100413880.00
2022-12-16,3.52,3.57,3.47,3.50,15293540,53726056.00
2022-12-19,3.52,3.54,3.38,3.40,13196700,45304944.00
2022-12-20,3.39,3.42,3.31,3.32,12616680,42204372.00
2022-12-21,3.32,3.38,3.29,3.34,7374300,24643044.00
2022-12-22,3.32,3.39,3.26,3.27,9958400,33073936.00
2022-12-23,3.28,3.43,3.23,3.34,14599470,48995120.00
2022-12-26,3.35,3.38,3.33,3.37,8332570,27989472.00
2022-12-27,3.37,3.40,3.31,3.34,8276200,27614710.00
2022-12-28,3.33,3.37,3.28,3.29,8862522,29400290.00
2022-12-29,3.32,3.38,3.29,3.31,10244900,34062872.00
2022-12-30,3.29,3.41,3.29,3.41,20054400,67755488.00
2023-01-03,3.40,3.52,3.38,3.50,18135630,63133556.00
2023-01-04,3.49,3.60,3.48,3.59,21013150,74921944.00
2023-01-05,3.57,3.66,3.57,3.59,21424336,77206312.00
2023-01-06,3.62,3.64,3.48,3.53,16435900,57975160.00
2023-01-09,3.57,3.58,3.46,3.48,9107300,31796872.00
2023-01-10,3.49,3.53,3.45,3.48,9374900,32558104.00
2023-01-11,3.47,3.83,3.47,3.62,79737694,296459424.00
2023-01-12,3.57,3.68,3.47,3.60,59050622,211057936.00
2023-01-13,3.54,3.60,3.52,3.57,19855900,70628120.00
2023-01-16,3.59,3.59,3.49,3.51,20444800,71780200.00
2023-01-17,3.50,3.50,3.37,3.38,20669000,70443600.00
2023-01-18,3.40,3.72,3.40,3.58,87552954,319413792.00
2023-01-19,3.51,3.54,3.38,3.47,65543980,226680960.00
2023-01-20,3.48,3.82,3.46,3.64,63857534,232153984.00
2023-01-30,3.71,3.78,3.61,3.66,52503902,192344224.00
2023-01-31,3.62,3.74,3.56,3.65,50855980,184761392.00
2023-02-01,3.63,4.00,3.62,3.81,75865106,288563264.00
2023-02-02,3.82,3.86,3.70,3.83,50828924,192382880.00
2023-02-03,3.80,4.05,3.77,3.88,52648500,204983632.00
2023-02-06,3.84,3.89,3.74,3.80,40197500,152539648.00
2023-02-07,3.82,3.83,3.74,3.80,25017402,94455688.00
2023-02-08,3.77,3.80,3.69,3.72,26277000,97846168.00
2023-02-09,3.70,3.77,3.67,3.77,22415200,83778400.00
2023-02-10,3.76,3.83,3.72,3.73,24036700,90741960.00
2023-02-13,3.73,3.76,3.70,3.73,19088700,71044544.00
2023-02-14,3.72,3.74,3.65,3.74,21881584,80871072.00
2023-02-15,3.71,3.90,3.71,3.81,35632082,135302848.00
2023-02-16,3.79,3.96,3.75,3.79,50374100,194836896.00
2023-02-17,3.84,4.17,3.84,3.93,124762508,505341024.00
2023-02-20,3.88,3.93,3.79,3.90,83308115,320419104.00
2023-02-21,3.86,3.88,3.76,3.82,51299800,195188784.00
2023-02-22,3.76,3.80,3.72,3.80,26808602,100778008.00
2023-02-23,3.81,3.82,3.73,3.75,23504200,88147432.00
2023-02-24,3.75,3.75,3.67,3.69,16280600,60286212.00
2023-02-27,3.70,3.75,3.65,3.74,16539800,61069840.00
2023-02-28,3.70,3.75,3.68,3.71,10908500,40440424.00
2023-03-01,3.73,3.77,3.70,3.75,16505600,61849628.00
2023-03-02,3.75,3.80,3.74,3.76,18814700,70844096.00
2023-03-03,3.75,3.75,3.63,3.65,26160800,96027432.00
2023-03-06,3.67,3.68,3.61,3.65,13314600,48428792.00
2023-03-07,3.64,3.65,3.51,3.52,22038000,78585328.00
2023-03-08,3.50,3.58,3.50,3.57,11997021,42592532.00
2023-03-09,3.60,3.65,3.54,3.59,15680007,56433964.00
2023-03-10,3.56,3.58,3.52,3.54,10556900,37457100.00
2023-03-13,3.51,3.55,3.47,3.54,10346700,36305088.00
2023-03-14,3.55,3.59,3.45,3.49,11700200,41076580.00
2023-03-15,3.50,3.54,3.49,3.51,8859300,31157286.00
2023-03-16,3.49,3.52,3.46,3.47,9812152,34162128.00
2023-03-17,3.50,3.55,3.47,3.53,12354500,43443568.00
2023-03-20,3.53,3.61,3.52,3.57,18097000,64775312.00
2023-03-21,3.55,3.68,3.55,3.68,22627404,82297776.00
2023-03-22,3.70,3.74,3.65,3.74,24183804,89520456.00
2023-03-23,3.75,3.75,3.68,3.71,15992400,59228964.00
2023-03-24,3.71,3.76,3.67,3.72,21487900,79791248.00
2023-03-27,3.72,3.78,3.65,3.76,23774900,88559272.00
2023-03-28,3.77,3.78,3.70,3.73,18257210,68339928.00
2023-03-29,3.75,3.77,3.67,3.72,14259604,53127196.00
2023-03-30,3.72,3.73,3.63,3.65,13208500,48507280.00
2023-03-31,3.68,3.76,3.63,3.75,16020100,59517024.00
2023-04-03,3.75,3.84,3.75,3.82,20148704,76411832.00
2023-04-04,3.83,3.83,3.74,3.75,16540100,62517592.00
2023-04-06,3.74,3.75,3.62,3.64,18215700,66813568.00
2023-04-07,3.65,3.73,3.59,3.69,15550000,57022800.00
2023-04-10,3.68,3.76,3.61,3.61,21209100,78044408.00
2023-04-11,3.61,3.78,3.58,3.73,28485200,105480488.00
2023-04-12,3.70,3.93,3.68,3.90,49213600,188970080.00
2023-04-13,3.90,4.02,3.88,3.90,51700940,203902416.00
2023-04-14,3.90,3.97,3.77,3.86,32519400,125830880.00
2023-04-17,3.83,3.86,3.68,3.72,28782700,107647888.00
2023-04-18,3.73,3.73,3.58,3.62,23075240,83878416.00
2023-04-19,3.62,3.72,3.56,3.66,20293200,74432088.00
2023-04-20,3.63,3.69,3.56,3.68,21586228,77931424.00
2023-04-21,3.67,3.67,3.40,3.45,30371700,106453976.00
2023-04-24,3.46,3.52,3.39,3.49,19941500,69133712.00
2023-04-25,3.49,3.55,3.35,3.43,15756800,54115404.00
2023-04-26,3.40,3.48,3.31,3.39,17455832,59086484.00
2023-04-27,3.39,3.39,3.22,3.28,19747900,65310288.00
2023-04-28,3.25,3.47,3.24,3.46,29940028,101662352.00
2023-05-05,3.29,3.29,3.29,3.29,192900,634641.00
2023-05-08,3.13,3.13,3.13,3.13,130600,408778.00
2023-05-09,2.97,2.97,2.97,2.97,306000,908820.00
2023-05-10,2.82,2.82,2.82,2.82,311500,878430.00
2023-05-11,2.68,2.68,2.68,2.68,1126900,3020092.00
2023-05-12,2.55,2.60,2.55,2.55,26763586,68309800.00
2023-05-15,2.44,2.48,2.42,2.42,9956900,24207920.00
2023-05-16,2.30,2.30,2.30,2.30,4042900,9298670.00
2023-05-17,2.19,2.19,2.19,2.19,783100,1714989.00
2023-05-18,2.08,2.13,2.08,2.10,90196147,188002192.00
2023-05-19,2.06,2.09,2.00,2.00,70785120,143861344.00
2023-05-22,1.98,2.09,1.92,2.04,80765258,161197280.00
2023-05-23,2.02,2.14,2.01,2.14,47404797,99711128.00
2023-05-24,2.20,2.25,2.07,2.08,100208406,219698784.00
2023-05-25,1.99,2.00,1.98,1.98,14806400,29390596.00
2023-05-26,1.88,1.88,1.88,1.88,3823100,7187428.00
2023-05-29,1.79,1.79,1.79,1.79,2324900,4161571.00
2023-05-30,1.70,1.70,1.70,1.70,1981500,3368550.00
2023-05-31,1.72,1.79,1.72,1.79,34477830,60561124.00
2023-06-01,1.88,1.88,1.70,1.70,75788477,134201496.00
2023-06-02,1.70,1.79,1.69,1.79,49605740,87646432.00
2023-06-05,1.84,1.88,1.83,1.88,41822698,78019080.00
2023-06-06,1.94,1.97,1.87,1.93,79351355,153946048.00
2023-06-07,1.90,2.03,1.87,2.03,55727930,108909976.00
2023-06-08,2.07,2.12,1.98,2.03,59916431,122668216.00
2023-06-09,2.02,2.11,2.01,2.06,42419679,87700072.00
2023-06-12,2.04,2.06,1.96,1.96,45349221,89614560.00
2023-06-13,1.96,2.05,1.95,2.00,35190000,70360384.00
2023-06-14,1.98,2.08,1.96,2.05,36161204,73292192.00
2023-06-15,2.04,2.09,2.00,2.05,30234608,61749580.00
2023-06-16,2.03,2.14,2.03,2.12,34579004,72343432.00
2023-06-19,2.09,2.13,2.07,2.09,31300800,65619344.00
2023-06-20,2.08,2.10,1.99,1.99,35653500,72101336.00
2023-06-21,1.96,2.01,1.92,1.95,22406080,44018208.00
2023-06-26,1.93,2.05,1.92,2.05,35945400,72401936.00
2023-06-27,2.05,2.15,2.03,2.15,40743579,85760056.00
2023-06-28,2.18,2.23,2.08,2.20,53387700,115175352.00
2023-06-29,2.17,2.24,2.15,2.15,32719020,71642640.00
2023-06-30,2.13,2.23,2.11,2.17,31532900,68468824.00
2023-07-03,2.17,2.21,2.16,2.19,23730904,51820172.00
2023-07-04,2.18,2.30,2.18,2.30,36987046,83847784.00
2023-07-05,2.38,2.38,2.26,2.31,46430004,108127512.00
2023-07-06,2.31,2.35,2.19,2.20,41505300,93125184.00
2023-07-07,2.19,2.26,2.17,2.22,23601900,52263344.00
2023-07-10,2.24,2.25,2.15,2.17,23635500,51599996.00
2023-07-11,2.16,2.24,2.15,2.22,22046922,48698472.00
2023-07-12,2.22,2.23,2.12,2.12,25454318,54819972.00
2023-07-13,2.11,2.13,2.03,2.09,23066300,47954520.00
2023-07-14,2.10,2.14,2.08,2.12,14934418,31556590.00
2023-07-17,2.23,2.23,2.23,2.23,3424640,7636947.00
2023-07-18,2.34,2.34,2.34,2.34,895000,2094300.00
2023-07-19,2.46,2.46,2.31,2.32,76995300,184569312.00
2023-07-20,2.35,2.44,2.35,2.43,61799353,148892192.00
2023-07-21,2.37,2.46,2.36,2.43,44744262,107822752.00
2023-07-24,2.41,2.53,2.41,2.42,31685700,77906704.00
2023-07-25,2.42,2.43,2.35,2.40,27132200,64899192.00
2023-07-26,2.41,2.52,2.38,2.50,33981300,83815664.00
2023-07-27,2.47,2.49,2.38,2.39,35180900,85225272.00
2023-07-28,2.37,2.42,2.36,2.40,17374700,41553540.00
2023-07-31,2.38,2.41,2.29,2.40,21051200,49377236.00
2023-08-01,2.38,2.41,2.37,2.40,12536900,29940472.00
2023-08-02,2.39,2.49,2.35,2.42,19402000,46906996.00
2023-08-03,2.41,2.43,2.38,2.38,13825400,33151448.00
2023-08-04,2.38,2.40,2.34,2.34,15894500,37492536.00
2023-08-07,2.35,2.39,2.34,2.35,13362800,31597184.00
2023-08-08,2.34,2.39,2.32,2.38,13248158,31240008.00
2023-08-09,2.36,2.48,2.36,2.44,26987600,65604092.00
2023-08-10,2.44,2.48,2.39,2.44,25329200,61701040.00
2023-08-11,2.43,2.55,2.43,2.53,37753000,94149320.00
2023-08-14,2.45,2.50,2.41,2.46,33902069,83197192.00
2023-08-15,2.45,2.55,2.44,2.50,28124204,70137712.00
2023-08-16,2.48,2.50,2.39,2.41,30831600,75067264.00
2023-08-17,2.37,2.40,2.32,2.39,20103700,47547848.00
2023-08-18,2.38,2.43,2.37,2.38,19327900,46381344.00
2023-08-21,2.36,2.40,2.35,2.35,12044404,28598752.00
2023-08-22,2.37,2.39,2.23,2.26,23981500,54586672.00
2023-08-23,2.25,2.28,2.22,2.24,10758004,24170374.00
2023-08-24,2.24,2.30,2.16,2.28,19227604,42850120.00
2023-08-25,2.25,2.33,2.24,2.26,15226600,34746020.00
2023-08-28,2.33,2.37,2.26,2.28,15414040,35493840.00
2023-08-29,2.27,2.39,2.26,2.39,21638124,50707932.00
2023-08-30,2.42,2.49,2.40,2.46,31211424,76336152.00
2023-08-31,2.50,2.52,2.41,2.46,25622800,62872716.00
2023-09-01,2.44,2.54,2.42,2.52,23670200,58761044.00
2023-09-04,2.50,2.65,2.50,2.65,28044276,72522144.00
2023-09-05,2.70,2.76,2.60,2.62,44971862,120466152.00
2023-09-06,2.61,2.75,2.60,2.65,45584404,122396608.00
2023-09-07,2.61,2.63,2.53,2.57,30943804,79948952.00
2023-09-08,2.58,2.63,2.57,2.61,18337804,47652176.00
2023-09-11,2.60,2.62,2.54,2.54,18342300,47213928.00
2023-09-12,2.54,2.58,2.52,2.53,13953304,35619692.00
2023-09-13,2.55,2.59,2.51,2.58,18800800,48215700.00
2023-09-14,2.57,2.58,2.48,2.51,18547308,46741268.00
2023-09-15,2.51,2.58,2.49,2.58,14978400,38026520.00
2023-09-18,2.56,2.70,2.56,2.61,25441200,67117840.00
2023-09-19,2.60,2.67,2.56,2.66,19895900,52074636.00
2023-09-20,2.66,2.68,2.61,2.63,19393200,51269720.00
2023-09-21,2.62,2.65,2.56,2.57,16380500,42476620.00
2023-09-22,2.54,2.60,2.53,2.54,20236600,51732752.00
2023-09-25,2.51,2.52,2.41,2.42,20472300,50222072.00
2023-09-26,2.42,2.46,2.41,2.44,9926700,24158742.00
2023-09-27,2.45,2.47,2.42,2.44,9891300,24202518.00
2023-09-28,2.45,2.51,2.43,2.48,11486900,28433764.00
2023-10-09,2.46,2.47,2.42,2.44,11490004,28038200.00
2023-10-10,2.44,2.48,2.43,2.45,9646604,23603242.00
2023-10-11,2.44,2.45,2.33,2.34,18508107,44033812.00
2023-10-12,2.34,2.37,2.33,2.37,8551804,20130052.00
2023-10-13,2.35,2.41,2.29,2.40,13789804,32467260.00
2023-10-16,2.37,2.41,2.35,2.37,11354500,26918332.00
2023-10-17,2.36,2.43,2.36,2.41,10655700,25536748.00
2023-10-18,2.38,2.38,2.29,2.31,16365244,38004404.00
2023-10-19,2.28,2.31,2.23,2.25,12051500,27329332.00
2023-10-20,2.22,2.26,2.22,2.25,7047700,15796680.00
2023-10-23,2.24,2.27,2.18,2.20,10539000,23508128.00
2023-10-24,2.20,2.30,2.20,2.28,10514900,23678466.00
2023-10-25,2.31,2.35,2.28,2.31,10891903,25246498.00
2023-10-26,2.30,2.36,2.29,2.35,11261003,26220206.00
2023-10-27,2.35,2.42,2.33,2.41,11542744,27569280.00
2023-10-30,2.42,2.47,2.40,2.44,10248100,24983094.00
2023-10-31,2.46,2.48,2.38,2.41,16256000,39362728.00
2023-11-01,2.42,2.48,2.40,2.45,15981200,39090272.00
2023-11-02,2.43,2.57,2.41,2.52,24410400,60784304.00
2023-11-03,2.51,2.56,2.49,2.53,16753600,42241608.00
2023-11-06,2.54,2.66,2.51,2.65,38485231,100508280.00
2023-11-07,2.64,2.72,2.59,2.66,36140900,95346720.00
2023-11-08,2.65,2.79,2.63,2.76,50917500,141090976.00
2023-11-09,2.73,2.74,2.62,2.62,43112500,115066536.00
2023-11-10,2.58,2.62,2.55,2.57,25363200,65349136.00
2023-11-13,2.57,2.63,2.53,2.54,23016300,59382712.00
2023-11-14,2.55,2.59,2.52,2.56,14472100,36938880.00
2023-11-15,2.56,2.63,2.56,2.56,20000904,51819184.00
2023-11-16,2.56,2.61,2.54,2.57,12839252,33140124.00
2023-11-17,2.57,2.66,2.57,2.63,20635074,54154728.00
2023-11-20,2.62,2.68,2.59,2.63,16597900,43629720.00
2023-11-21,2.61,2.64,2.58,2.60,16517500,43095076.00
2023-11-22,2.60,2.73,2.58,2.70,49674578,133716120.00
2023-11-23,2.68,2.70,2.62,2.67,28487800,75769744.00
2023-11-24,2.67,2.70,2.61,2.63,17490200,46427332.00
2023-11-27,2.59,2.61,2.51,2.54,21129504,53860456.00
2023-11-28,2.54,2.57,2.52,2.57,11245308,28704512.00
2023-11-29,2.57,2.58,2.54,2.56,10627000,27184668.00
2023-11-30,2.56,2.57,2.54,2.55,7142200,18201504.00
2023-12-01,2.55,2.59,2.54,2.57,7922200,20319424.00
2023-12-04,2.57,2.63,2.56,2.60,10532100,27425876.00
2023-12-05,2.59,2.62,2.49,2.50,15441200,39316608.00
2023-12-06,2.50,2.56,2.48,2.53,8999304,22794576.00
2023-12-07,2.52,2.54,2.48,2.52,10887000,27281348.00
2023-12-08,2.52,2.53,2.47,2.48,8611800,21541740.00
2023-12-11,2.45,2.49,2.40,2.49,11693550,28586236.00
2023-12-12,2.49,2.51,2.48,2.50,6530400,16302455.00
2023-12-13,2.49,2.51,2.44,2.44,8589200,21258300.00
2023-12-14,2.45,2.49,2.44,2.46,7577750,18691098.00
2023-12-15,2.46,2.53,2.43,2.52,13880820,34562224.00
2023-12-18,2.51,2.54,2.44,2.46,12015600,29913832.00
2023-12-19,2.46,2.49,2.44,2.46,7449000,18351942.00
2023-12-20,2.47,2.53,2.46,2.49,11721200,29321186.00
2023-12-21,2.49,2.58,2.47,2.57,20669300,52492720.00
2023-12-22,2.56,2.57,2.44,2.44,24530500,61264516.00
2023-12-25,2.42,2.45,2.37,2.40,12975500,31198774.00
2023-12-26,2.40,2.43,2.33,2.34,12676000,30210688.00
2023-12-27,2.35,2.45,2.34,2.43,12839300,30693376.00
2023-12-28,2.42,2.50,2.40,2.47,13334580,32731688.00
2023-12-29,2.46,2.51,2.45,2.50,8792308,21891412.00
2024-01-02,2.48,2.49,2.44,2.45,15666100,38675968.00
2024-01-03,2.45,2.48,2.43,2.48,9546208,23496148.00
2024-01-04,2.47,2.53,2.46,2.50,12576108,31486220.00
2024-01-05,2.57,2.57,2.42,2.43,19793900,49292744.00
2024-01-08,2.40,2.42,2.31,2.31,17132700,40406424.00
2024-01-09,2.31,2.34,2.26,2.29,14616400,33580420.00
2024-01-10,2.29,2.32,2.25,2.32,9753200,22358532.00
2024-01-11,2.31,2.38,2.30,2.37,9554500,22414728.00
2024-01-12,2.36,2.39,2.32,2.32,9909800,23236996.00
2024-01-15,2.33,2.35,2.30,2.34,7522200,17536444.00
2024-01-16,2.34,2.34,2.25,2.29,11591700,26515672.00
2024-01-17,2.28,2.30,2.21,2.22,10049400,22701510.00
2024-01-18,2.20,2.22,2.12,2.21,12382300,26845916.00
2024-01-19,2.20,2.27,2.20,2.23,8288460,18512896.00
2024-01-22,2.22,2.23,2.12,2.12,11542069,24917252.00
2024-01-23,2.09,2.15,2.06,2.15,8758000,18502018.00
2024-01-24,2.16,2.26,2.16,2.26,19047003,42418940.00
2024-01-25,2.24,2.32,2.24,2.32,15320204,35054628.00
2024-01-26,2.32,2.37,2.29,2.34,11997200,28021452.00
2024-01-29,2.33,2.34,2.23,2.26,12157769,27629890.00
2024-01-30,2.24,2.32,2.22,2.26,11203700,25503282.00
2024-01-31,2.22,2.22,2.15,2.15,14787733,32006556.00
2024-02-01,2.06,2.08,2.04,2.04,11553600,23646122.00
2024-02-02,2.00,2.04,1.94,1.94,11087700,21924150.00
2024-02-05,1.84,1.84,1.84,1.84,1254500,2308280.00
2024-02-06,1.75,1.84,1.75,1.75,20134400,35460168.00
2024-02-07,1.75,1.78,1.66,1.66,19265100,32950264.00
2024-02-08,1.58,1.67,1.58,1.66,27106600,43714256.00
2024-02-19,1.68,1.74,1.63,1.74,22072947,37610480.00
2024-02-20,1.73,1.83,1.72,1.83,18026143,32322712.00
2024-02-21,1.84,1.92,1.81,1.83,22701543,42399220.00
2024-02-22,1.85,1.89,1.83,1.87,15454004,28750336.00
2024-02-23,1.88,1.95,1.85,1.94,18549200,35188720.00
2024-02-26,1.92,1.97,1.91,1.94,17736200,34427040.00
2024-02-27,1.93,1.98,1.91,1.98,14441200,28148520.00
2024-02-28,1.98,2.02,1.88,1.88,22811800,44563560.00
2024-02-29,1.82,1.92,1.81,1.91,18046007,33927740.00
2024-03-01,1.90,1.92,1.86,1.88,12018604,22677960.00
2024-03-04,1.87,1.88,1.79,1.80,24029800,43400820.00
2024-03-05,1.79,1.81,1.75,1.76,16926456,30086108.00
2024-03-06,1.85,1.85,1.84,1.85,13588700,25131350.00
2024-03-07,1.90,1.94,1.85,1.93,38581100,73420648.00
2024-03-08,1.89,1.99,1.88,1.96,21102400,41078856.00
2024-03-11,1.95,2.00,1.92,1.99,17328856,33921392.00
2024-03-12,1.99,2.00,1.93,1.98,19978800,39246944.00
2024-03-13,1.97,1.99,1.94,1.94,11940900,23396384.00
2024-03-14,1.94,1.97,1.92,1.95,14157100,27570348.00
2024-03-15,1.94,2.04,1.93,2.02,24862100,49494972.00
2024-03-18,2.00,2.03,1.98,2.02,17484900,35035064.00
2024-03-19,2.00,2.11,2.00,2.04,20706000,42693756.00
2024-03-20,2.04,2.14,2.03,2.12,20631300,43223264.00
2024-03-21,2.12,2.16,2.08,2.08,20101900,42415516.00
2024-03-22,2.08,2.14,2.06,2.11,19269900,40544276.00
2024-03-25,2.10,2.12,2.00,2.01,19629900,40409624.00
2024-03-26,2.00,2.05,1.98,2.01,12958900,26067056.00
2024-03-27,2.00,2.01,1.91,1.91,16969900,33074592.00
2024-03-28,1.88,1.96,1.88,1.93,11790104,22793958.00
2024-03-29,1.93,2.01,1.93,2.00,11515104,22654992.00
2024-04-01,2.00,2.04,1.99,2.02,12442200,25008074.00
2024-04-02,2.01,2.07,2.00,2.05,14497300,29513528.00
2024-04-03,2.04,2.06,2.01,2.05,11126100,22683684.00
2024-04-08,2.05,2.15,2.04,2.09,29504300,62718296.00
2024-04-09,2.09,2.09,2.03,2.07,17579300,36177388.00
2024-04-10,2.07,2.08,1.97,2.00,19174400,38342460.00
2024-04-11,1.97,2.02,1.97,2.01,10477000,21003644.00
2024-04-12,1.99,2.02,1.97,2.01,9003700,17969052.00
2024-04-15,1.91,1.91,1.91,1.91,2698700,5154517.00
2024-04-16,1.81,1.81,1.81,1.81,730100,1321481.00
2024-04-17,1.72,1.78,1.72,1.76,40478596,70208240.00
2024-04-18,1.72,1.73,1.67,1.67,21724700,36616580.00
2024-04-19,1.59,1.63,1.59,1.59,17813100,28527338.00
2024-04-22,1.52,1.55,1.51,1.51,9211800,13967005.00
2024-04-23,1.43,1.53,1.43,1.48,31472102,46056632.00
2024-04-24,1.46,1.55,1.46,1.55,13937600,21241128.00
2024-04-25,1.55,1.63,1.55,1.62,29284800,46931744.00
2024-04-26,1.58,1.60,1.54,1.57,22051261,34429648.00
2024-04-29,1.49,1.49,1.49,1.49,2697200,4018828.00
2024-04-30,1.49,1.56,1.49,1.56,28274394,43261388.00
2024-05-06,1.48,1.55,1.48,1.51,33073794,49399260.00
2024-05-07,1.49,1.59,1.49,1.58,28620995,44369000.00
2024-05-08,1.56,1.66,1.54,1.61,26895095,43205836.00
2024-05-09,1.60,1.63,1.56,1.59,17192400,27337392.00
2024-05-10,1.60,1.61,1.51,1.51,20747700,31834772.00
2024-05-13,1.45,1.48,1.43,1.43,22356161,32083636.00
2024-05-14,1.41,1.49,1.41,1.47,15497432,22669204.00
2024-05-15,1.48,1.53,1.45,1.50,15780661,23618172.00
2024-05-16,1.51,1.52,1.47,1.48,13099061,19491172.00
2024-05-17,1.49,1.49,1.46,1.48,11210338,16501879.00
2024-05-20,1.48,1.53,1.47,1.49,13613617,20413750.00
2024-05-21,1.48,1.49,1.42,1.42,19899800,28464212.00
2024-05-22,1.42,1.44,1.39,1.42,12260163,17354704.00
2024-05-23,1.41,1.41,1.35,1.35,18538480,25148820.00
2024-05-24,1.33,1.36,1.28,1.35,28803980,37527112.00
2024-05-27,1.34,1.35,1.28,1.29,19562323,25480522.00
2024-05-28,1.25,1.27,1.23,1.23,14337700,17731860.00
2024-05-29,1.17,1.19,1.17,1.17,11005800,12905968.00
2024-05-30,1.11,1.11,1.11,1.11,2123900,2357529.00
2024-05-31,1.05,1.10,1.05,1.05,70586323,74480232.00
2024-06-03,1.00,1.01,1.00,1.00,17368200,17369648.00
2024-06-04,0.95,0.95,0.95,0.95,4079000,3875050.00
2024-06-05,0.90,0.94,0.90,0.90,66310700,60006184.00
2024-06-06,0.86,0.86,0.86,0.86,5602000,4817720.00
2024-06-07,0.82,0.82,0.82,0.82,5238300,4295406.00
2024-06-11,0.78,0.78,0.78,0.78,3113900,2428842.00
2024-06-12,0.74,0.82,0.74,0.82,35694088,27732472.00
2024-06-13,0.86,0.86,0.86,0.86,784400,674584.00
2024-06-14,0.90,0.90,0.85,0.90,27668530,24748132.00
2024-06-17,0.93,0.95,0.89,0.95,20508996,19127534.00
2024-06-18,0.97,1.00,0.96,1.00,40803130,40529356.00
2024-06-19,1.00,1.01,0.95,0.98,31910389,31119524.00
2024-06-20,0.96,1.00,0.93,0.93,25443296,24244268.00
2024-06-21,0.88,0.92,0.88,0.88,28100800,24953762.00
2024-06-24,0.84,0.84,0.84,0.84,2709100,2275644.00
2024-06-25,0.80,0.84,0.80,0.80,36188900,29092056.00
2024-06-26,0.76,0.79,0.76,0.76,32988827,25183400.00
2024-06-27,0.76,0.80,0.76,0.80,6692900,5257508.00
2024-06-28,0.84,0.84,0.83,0.84,9317000,7815805.00
2024-07-01,0.88,0.88,0.88,0.88,758800,667744.00
2024-07-02,0.92,0.92,0.84,0.88,37691840,33890176.00
2024-07-03,0.88,0.92,0.85,0.89,33902509,30164092.00
2024-07-04,0.88,0.90,0.85,0.86,43187832,37017900.00
2024-07-05,0.84,0.90,0.83,0.90,28064008,24852908.00
2024-07-08,0.90,0.91,0.86,0.86,29645900,25878976.00
2024-07-09,0.82,0.84,0.82,0.82,20483900,16825264.00
2024-07-10,0.78,0.78,0.78,0.78,1698700,1324986.00
2024-07-11,0.74,0.74,0.74,0.74,1073900,794686.00
2024-07-12,0.70,0.70,0.70,0.70,649400,454580.00
2024-07-15,0.67,0.67,0.67,0.67,297000,198990.00
2024-07-16,0.64,0.64,0.64,0.64,1968500,1259840.00
2024-09-02,0.64,0.64,0.64,0.64,0,0.00
数据来源:通达信
