430300 辰光医疗 日线 不复权
      日期	    开盘	    最高	    最低	    收盘	    成交量	    成交额
2015-03-20,12.00,12.00,12.00,12.00,100000,1200000.00
2015-03-23,13.50,30.00,13.50,13.84,524000,7250000.00
2015-03-24,30.60,30.60,13.50,25.71,3287000,45282220.00
2015-03-25,27.77,27.77,25.50,27.18,31000,837600.00
2015-03-26,27.77,27.88,26.00,26.00,18000,498640.00
2015-03-27,14.50,31.50,14.50,31.31,361000,8989500.00
2015-03-30,30.30,34.95,30.30,30.43,95000,2891200.00
2015-03-31,15.80,34.80,15.80,30.49,84000,2413700.00
2015-04-01,35.80,35.80,33.00,35.22,11000,387400.00
2015-04-02,35.50,35.59,30.00,30.33,260000,7956920.00
2015-04-03,30.50,35.50,28.00,30.11,673000,20428870.00
2015-04-07,32.00,35.00,31.23,33.16,219000,7240880.00
2015-04-08,35.00,36.88,33.50,34.30,99000,3396180.00
2015-04-09,35.00,35.00,3.87,31.44,912000,11759060.00
2015-04-10,31.50,34.50,5.00,14.03,487000,6834560.00
2015-04-13,30.50,33.80,30.50,30.92,36000,1113280.00
2015-04-14,68.00,68.00,4.00,33.83,36000,647000.00
2015-04-15,31.10,32.00,28.50,31.58,71000,2242420.00
2015-04-16,30.00,32.00,30.00,30.50,21000,643500.00
2015-04-17,32.50,32.50,32.00,32.08,14000,452600.00
2015-04-20,30.00,30.00,29.59,29.73,3000,89180.00
2015-04-21,28.20,28.25,28.20,28.22,11000,310410.00
2015-04-22,30.00,30.00,28.20,29.40,6000,176400.00
2015-04-23,30.00,36.00,30.00,32.93,19000,625600.00
2015-04-24,30.30,33.30,30.30,32.20,8000,257600.00
2015-04-27,30.00,30.00,29.90,30.00,46000,1379660.00
2015-04-28,16.00,28.60,16.00,28.60,13000,308800.00
2015-04-29,28.00,28.00,28.00,28.00,2000,56000.00
2015-04-30,36.00,36.00,29.50,33.57,35000,1148510.00
2015-05-04,3.00,33.00,3.00,31.75,403000,2376500.00
2015-05-05,31.00,32.90,5.00,8.32,179000,2730320.00
2015-05-06,22.00,34.21,21.00,28.68,305000,6974160.00
2015-05-07,26.00,28.00,25.65,26.00,58000,1535640.00
2015-05-08,27.50,27.50,26.13,26.42,41000,1112380.00
2015-05-11,26.50,26.50,26.13,26.30,9000,236920.00
2015-05-12,26.13,26.50,25.18,25.30,20000,517910.00
2015-05-13,25.18,25.50,24.90,25.50,21000,530980.00
2015-05-14,25.60,26.30,25.60,26.00,12000,312600.00
2015-05-15,25.58,26.20,25.58,26.00,26000,678570.00
2015-05-18,25.58,26.42,24.98,26.00,67000,1723810.00
2015-05-19,26.00,26.00,26.00,26.00,1000,26000.00
2015-05-20,25.29,25.50,23.80,24.18,103000,2513110.00
2015-05-21,24.70,25.20,23.60,23.60,18000,437780.00
2015-05-22,24.20,24.20,22.79,24.00,39000,900450.00
2015-05-25,24.20,24.50,24.00,24.50,28000,676530.00
2015-05-26,24.51,25.30,24.50,25.00,18000,447480.00
2015-05-27,24.13,25.39,24.13,25.39,11000,274540.00
2015-05-28,25.39,27.00,24.70,24.70,54000,1390050.00
2015-05-29,24.30,24.71,24.30,24.70,15000,366520.00
2015-06-01,25.00,25.00,23.94,24.50,19000,468180.00
2015-06-02,23.94,25.20,23.94,23.94,32000,772570.00
2015-06-03,25.20,25.20,23.38,23.50,18000,432740.00
2015-06-04,23.38,24.62,23.38,24.00,14000,335850.00
2015-06-05,24.00,24.01,24.00,24.01,4000,96010.00
2015-06-08,24.00,24.50,24.00,24.00,11000,265700.00
2015-06-09,24.00,25.26,24.00,25.00,22000,542720.00
2015-06-10,25.00,25.00,25.00,25.00,4000,100000.00
2015-06-11,25.26,25.36,24.50,24.80,10000,250660.00
2015-06-12,25.78,25.78,24.50,25.00,78000,1973730.00
2015-06-15,24.50,25.20,24.50,25.20,10000,247100.00
2015-06-16,24.00,25.20,24.00,25.20,10000,244400.00
2015-06-17,25.26,25.26,24.00,24.50,32000,792360.00
2015-06-18,24.00,24.00,23.00,23.50,26000,612140.00
2015-06-19,23.00,24.22,23.00,24.21,102000,2441000.00
2015-06-23,23.75,24.50,23.50,24.20,47000,1120610.00
2015-06-24,23.00,23.68,22.50,23.00,65000,1495750.00
2015-06-25,23.15,23.15,22.50,22.50,51700,1178855.00
2015-06-26,22.00,22.63,20.00,20.43,74000,1566870.00
2015-06-29,20.00,20.52,17.39,19.46,267000,5048270.00
2015-06-30,19.10,19.10,17.96,18.91,22000,408610.00
2015-07-01,18.53,19.50,18.50,18.50,11000,207250.00
2015-07-02,18.15,18.15,16.62,17.00,144300,2478314.00
2015-07-03,17.11,17.35,16.06,16.50,37000,618010.00
2015-07-06,16.00,16.50,14.92,15.21,347000,5491580.00
2015-07-07,16.00,16.50,14.50,14.54,756000,11993940.00
2015-07-08,14.50,15.00,13.24,15.00,444100,6209612.00
2015-07-09,15.70,19.50,15.70,18.06,43000,759690.00
2015-07-10,18.50,20.54,18.44,20.00,65800,1300786.50
2015-07-13,20.50,20.51,19.00,20.00,49000,965910.00
2015-07-14,20.00,20.00,20.00,20.00,3000,60000.00
2015-07-15,19.48,19.48,19.48,19.48,4000,77920.00
2015-07-16,19.48,19.50,19.48,19.50,7000,136400.00
2015-07-17,19.00,19.50,19.00,19.50,6000,115400.00
2015-07-20,19.00,20.10,19.00,19.50,18000,353300.00
2015-07-21,19.00,20.00,19.00,19.48,34000,666320.00
2015-07-22,19.00,20.40,18.99,19.00,46000,879850.00
2015-07-23,19.00,20.00,19.00,20.00,5000,96970.00
2015-07-24,20.00,20.50,19.00,19.50,29000,567600.00
2015-07-27,20.00,20.00,19.48,19.50,42000,831990.00
2015-07-28,19.00,19.50,19.00,19.26,23000,442610.00
2015-07-29,19.00,19.50,19.00,19.00,27000,518500.00
2015-07-30,20.00,20.20,19.19,19.50,98000,1909120.00
2015-07-31,19.00,20.00,19.00,20.00,35000,688520.00
2015-08-05,20.00,20.00,19.50,19.90,8000,157800.00
2015-08-07,20.00,20.00,19.50,19.50,11000,217500.00
2015-08-10,20.00,20.00,19.48,20.00,38000,752400.00
2015-08-11,20.50,21.05,20.00,20.00,22000,449470.00
2015-08-13,19.70,20.00,19.70,20.00,2000,39700.00
2015-08-14,19.50,20.00,19.00,19.54,31000,610700.00
2015-08-17,19.50,19.50,19.50,19.50,5000,97500.00
2015-08-18,20.00,20.00,19.00,19.00,29000,560540.00
2015-08-19,19.40,19.40,19.40,19.40,5000,97000.00
2015-08-20,19.00,19.00,17.11,17.50,136900,2464850.00
2015-08-24,17.11,17.20,15.60,16.00,68300,1131767.00
2015-08-25,16.50,16.50,15.49,15.80,72000,1169470.00
2015-08-26,16.29,16.29,16.00,16.00,2000,32300.00
2015-08-27,15.49,15.49,14.00,14.50,39000,566520.00
2015-08-28,15.00,15.50,15.00,15.50,4000,61000.00
2015-08-31,15.80,16.00,15.50,16.00,8000,127000.00
2015-09-01,16.50,16.50,15.97,15.97,6000,97410.00
2015-09-02,15.68,16.00,14.73,15.50,17000,261780.00
2015-09-07,15.20,16.00,15.20,15.68,12000,188850.00
2015-09-08,16.00,16.29,16.00,16.10,9000,145060.00
2015-09-11,16.50,16.50,16.10,16.20,3000,48800.00
2015-09-14,15.68,16.00,15.68,16.00,7000,110470.00
2015-09-15,15.68,16.00,15.68,15.68,23000,363560.00
2015-09-16,16.00,16.00,15.68,15.68,46000,729280.00
2015-09-17,16.00,16.00,16.00,16.00,1000,16000.00
2015-09-21,16.00,16.00,16.00,16.00,2000,32000.00
2015-09-22,16.00,17.10,16.00,17.10,20000,328410.00
2015-09-23,16.16,17.26,16.15,17.26,19000,311280.00
2015-09-24,8.37,8.45,8.22,8.45,72000,604504.38
2015-09-28,8.45,8.70,8.29,8.30,56000,467850.00
2015-09-29,8.03,8.03,8.03,8.03,4000,32120.00
2015-09-30,8.35,8.57,8.03,8.57,20000,166800.00
2015-10-08,8.67,8.67,8.30,8.67,10000,85960.00
2015-10-09,8.72,9.00,8.72,9.00,14000,122530.00
2015-10-12,9.00,9.20,8.89,9.00,66000,596970.00
2015-10-13,8.79,9.25,8.79,9.24,63000,580770.00
2015-10-14,9.25,9.25,8.80,9.00,22000,198880.00
2015-10-15,9.20,9.22,9.20,9.22,30000,276150.00
2015-10-16,9.22,9.22,9.10,9.10,22000,201540.00
2015-10-19,9.20,9.20,8.97,9.10,111400,1008436.50
2015-10-20,9.05,9.10,9.00,9.10,52000,470450.00
2015-10-21,9.10,9.12,9.10,9.10,24000,218610.00
2015-10-22,9.10,9.10,8.80,9.08,25000,222690.00
2015-10-23,8.80,9.00,8.79,8.80,103000,911050.00
2015-10-27,8.84,8.84,8.84,8.84,1000,8840.00
2015-10-28,8.56,8.80,8.56,8.64,40000,345300.00
2015-10-29,8.56,8.70,8.30,8.70,28000,241150.00
2015-10-30,8.97,9.00,8.97,9.00,14000,125670.00
2015-11-04,9.00,9.10,9.00,9.10,29000,262000.00
2015-11-06,9.12,9.20,8.79,8.79,32000,290410.00
2015-11-09,9.05,9.10,9.01,9.10,13000,117710.00
2015-11-10,9.10,9.10,8.64,8.79,108000,941440.00
2015-11-11,8.80,8.89,8.64,8.64,121000,1054640.00
2015-11-12,8.80,8.89,8.68,8.70,234000,2045760.00
2015-11-13,8.89,9.10,8.80,8.80,224000,1999260.00
2015-11-16,8.89,9.30,8.89,9.20,1113000,10187980.00
2015-11-17,9.25,9.57,9.12,9.20,510000,4811370.00
2015-11-18,9.30,9.35,9.00,9.25,274000,2516240.00
2015-11-19,9.10,9.10,8.89,8.99,514000,4605060.00
2015-11-20,8.99,9.08,8.13,8.39,314000,2714780.00
2015-11-23,8.72,9.26,8.70,9.09,406000,3646110.00
2015-11-24,9.16,9.16,9.00,9.05,118000,1066910.00
2015-11-25,9.12,9.20,8.80,8.89,177000,1597830.00
2015-11-26,8.64,8.95,8.56,8.70,46000,398880.00
2015-11-27,8.55,8.80,8.39,8.39,49000,417300.00
2015-11-30,8.37,8.64,8.37,8.64,51000,432610.00
2015-12-01,8.50,8.51,8.37,8.37,13000,110430.00
2015-12-02,8.37,8.70,8.37,8.45,47000,399920.00
2015-12-03,8.37,8.60,8.27,8.47,32000,269050.00
2015-12-04,8.20,8.58,8.13,8.58,100000,830820.00
2015-12-07,8.60,8.96,8.60,8.93,51000,450310.00
2015-12-08,8.56,8.89,8.56,8.89,45000,386650.00
2015-12-09,9.00,9.18,8.80,9.00,67000,607060.00
2015-12-10,9.08,9.14,8.89,8.89,12000,108950.00
2015-12-11,9.20,9.20,9.00,9.14,58000,528210.00
2015-12-14,9.14,9.20,9.00,9.00,42000,381880.00
2015-12-15,9.20,9.26,9.14,9.18,25000,230050.00
2015-12-16,9.30,9.30,9.10,9.10,45000,414660.00
2015-12-17,9.26,9.26,9.26,9.26,10000,92600.00
2015-12-18,9.20,9.26,9.05,9.14,90000,820770.00
2015-12-21,9.25,9.30,8.89,8.95,244000,2242660.00
2015-12-22,9.00,9.00,8.81,8.89,28000,248900.00
2015-12-23,8.89,9.02,8.60,9.02,94000,837970.00
2015-12-24,9.05,9.05,9.00,9.00,2000,18050.00
2015-12-25,9.01,9.09,9.01,9.05,14000,126890.00
2015-12-28,9.08,9.09,8.89,9.09,103000,928120.00
2015-12-29,9.07,9.14,8.76,9.03,140000,1257210.00
2015-12-30,9.00,9.00,9.00,9.00,44000,396000.00
2015-12-31,8.88,9.14,8.82,9.14,166000,1498940.00
2016-01-04,9.06,9.06,8.88,9.00,54000,484300.00
2016-01-05,8.76,8.89,8.76,8.89,7000,61990.00
2016-01-06,8.95,9.00,8.95,9.00,8000,71940.00
2016-01-07,8.64,8.75,8.35,8.62,117000,992700.00
2016-01-08,8.50,8.75,8.50,8.75,27000,231020.00
2016-01-11,8.49,8.51,8.41,8.41,108000,915110.00
2016-01-12,8.41,8.52,8.31,8.52,131000,1101690.00
2016-01-13,8.41,8.50,8.39,8.50,62000,525180.00
2016-01-14,8.46,8.50,8.39,8.50,34000,287610.00
2016-01-15,8.50,8.50,8.20,8.20,3000,24900.00
2016-01-18,8.14,8.14,8.13,8.13,7000,56970.00
2016-01-19,8.30,8.57,8.16,8.57,26800,223234.41
2016-01-20,8.54,8.54,8.35,8.52,29000,243940.00
2016-01-21,8.51,8.51,8.37,8.38,30000,251850.00
2016-01-22,8.35,8.47,8.35,8.47,12000,101470.00
2016-01-25,8.49,8.49,8.35,8.35,3000,25210.00
2016-01-26,8.35,8.35,8.10,8.10,6000,49420.00
2016-01-27,8.08,8.14,7.75,8.10,83000,657090.00
2016-01-28,8.00,8.00,7.70,7.90,26000,203660.00
2016-01-29,7.70,8.43,7.51,8.43,279000,2240030.00
2016-02-01,8.47,8.47,8.28,8.38,4000,33520.00
2016-02-02,8.46,8.46,8.14,8.20,20000,164080.00
2016-02-03,8.30,8.30,8.30,8.30,5000,41500.00
2016-02-04,8.50,8.55,8.47,8.55,21000,178580.00
2016-02-15,8.43,8.43,8.38,8.38,12000,100630.00
2016-02-16,8.38,8.38,8.38,8.38,2000,16760.00
2016-02-17,8.43,8.43,8.37,8.39,13000,109250.00
2016-02-18,8.43,8.50,8.35,8.50,15000,127090.00
2016-02-19,8.58,8.58,8.45,8.49,31000,263620.00
2016-02-22,8.39,8.39,8.03,8.25,25000,205040.00
2016-02-23,8.28,8.41,8.01,8.41,18000,148750.00
2016-02-24,8.45,8.55,8.45,8.55,23000,195600.00
2016-02-25,8.50,8.50,8.09,8.10,48000,397550.00
2016-02-26,8.14,8.49,8.14,8.49,43000,361610.00
2016-02-29,8.31,8.54,8.08,8.54,113000,948450.00
2016-03-01,8.41,8.41,8.30,8.38,37000,310000.00
2016-03-02,8.39,8.49,8.21,8.39,34000,284720.00
2016-03-03,8.32,8.39,8.31,8.39,14000,117250.00
2016-03-04,8.21,8.43,8.20,8.43,63500,526626.00
2016-03-07,8.45,8.47,8.28,8.47,80800,680686.38
2016-03-08,8.50,8.50,8.41,8.41,10000,84370.00
2016-03-09,8.50,8.56,8.39,8.50,49000,414850.00
2016-03-10,8.50,8.50,8.47,8.47,16000,135700.00
2016-03-11,8.50,8.64,8.50,8.64,19000,163130.00
2016-03-14,8.51,8.70,8.50,8.70,39000,335800.00
2016-03-15,8.51,8.60,8.50,8.60,37000,316420.00
2016-03-16,8.78,8.78,8.70,8.70,10000,87480.00
2016-03-17,8.51,8.78,8.50,8.78,42000,364500.00
2016-03-18,8.57,8.70,8.39,8.50,549000,4659010.00
2016-03-21,8.64,8.67,8.39,8.58,21000,180320.00
2016-03-22,8.64,8.70,8.64,8.70,12000,103920.00
2016-03-23,8.43,8.60,8.43,8.60,86000,729940.00
2016-03-24,8.43,8.70,8.39,8.70,44000,372700.00
2016-03-28,8.50,8.68,8.50,8.60,11000,94630.00
2016-03-29,8.60,8.68,8.58,8.58,45000,388310.00
2016-03-30,8.41,8.41,8.41,8.41,10000,84100.00
2016-03-31,8.45,8.60,8.39,8.60,200000,1691600.00
2016-04-01,8.55,8.60,8.39,8.39,104000,883680.00
2016-04-05,8.39,8.50,8.35,8.39,158000,1327900.00
2016-04-06,8.50,8.56,8.39,8.54,271000,2306320.00
2016-04-07,8.54,8.64,8.54,8.64,32000,274490.00
2016-04-08,8.64,8.75,8.64,8.75,58000,504020.00
2016-04-11,8.70,9.42,8.70,9.10,396000,3582990.00
2016-04-12,9.04,9.08,8.95,8.95,62000,559630.00
2016-04-13,9.08,9.12,8.80,8.95,77000,685580.00
2016-04-14,8.85,8.85,8.80,8.80,31000,273410.00
2016-04-15,8.75,8.89,8.75,8.89,45000,396460.00
2016-04-18,8.82,8.82,8.76,8.76,21000,184610.00
2016-04-19,8.96,8.96,8.96,8.96,10000,89600.00
2016-04-20,8.99,8.99,8.80,8.81,29000,256170.00
2016-04-22,8.71,8.72,8.60,8.72,44000,382780.00
2016-04-25,8.60,8.60,8.35,8.35,62000,527270.00
2016-04-26,8.22,8.25,8.08,8.08,90000,735440.00
2016-04-27,8.08,8.20,8.07,8.16,33000,268830.00
2016-04-28,8.13,8.18,8.12,8.16,71000,578660.00
2016-04-29,8.16,8.22,8.16,8.16,30000,245500.00
2016-05-03,8.00,8.00,7.10,7.20,262700,1939917.88
2016-05-04,7.25,7.27,7.25,7.27,16000,116120.00
2016-05-05,7.33,7.33,7.33,7.33,2000,14660.00
2016-05-06,7.33,7.33,7.33,7.33,2000,14660.00
2016-05-09,7.33,7.35,7.33,7.35,10000,73400.00
2016-05-10,7.35,7.35,7.30,7.30,101000,739160.00
2016-05-11,7.30,7.34,7.30,7.34,10000,73200.00
2016-05-12,7.33,7.36,7.26,7.33,71000,518740.00
2016-05-13,7.35,7.35,7.30,7.31,121000,886710.00
2016-05-16,7.31,7.36,7.30,7.32,41000,299930.00
2016-05-17,7.36,7.46,7.36,7.46,33000,244300.00
2016-05-18,7.28,7.30,7.28,7.30,150000,1093800.00
2016-05-19,7.31,7.46,7.30,7.32,144000,1056120.00
2016-05-20,7.27,7.39,7.20,7.39,56000,407690.00
2016-05-23,7.31,7.46,7.30,7.44,106000,778540.00
2016-05-24,7.37,7.37,7.25,7.35,581000,4239880.00
2016-05-25,7.42,7.42,7.42,7.42,1000,7420.00
2016-05-26,7.40,8.05,7.40,8.05,46000,351190.00
2016-05-27,7.89,7.90,7.60,7.80,50000,390440.00
2016-05-30,7.85,7.85,7.60,7.80,29000,224120.00
2016-05-31,7.80,7.80,7.80,7.80,1000,7800.00
2016-06-01,7.80,7.80,7.80,7.80,10000,78000.00
2016-06-03,7.65,7.84,7.65,7.82,3000,23310.00
2016-06-07,7.80,7.80,7.60,7.60,31000,236840.00
2016-06-08,7.48,7.48,7.48,7.48,1000,7480.00
2016-06-15,7.48,7.48,7.48,7.48,1000,7480.00
2016-06-16,7.41,7.41,7.41,7.41,5000,37050.00
2016-06-17,7.41,7.41,7.40,7.40,10000,74050.00
2016-06-20,7.33,7.55,7.32,7.55,16000,119470.00
2016-06-23,7.41,7.42,7.05,7.30,64000,463080.00
2016-06-24,6.99,6.99,6.80,6.93,28000,193760.00
2016-06-27,6.66,7.06,6.65,6.80,44100,303075.59
2016-06-28,6.81,6.89,6.71,6.71,26000,177420.00
2016-06-29,6.86,7.65,6.86,7.65,74000,523690.00
2016-06-30,7.33,7.70,7.28,7.70,83000,622370.00
2016-07-01,7.79,8.08,7.74,7.80,35000,274350.00
2016-07-04,7.80,7.80,7.76,7.76,9000,70000.00
2016-07-05,7.84,7.84,7.66,7.66,4000,31000.00
2016-07-06,7.79,7.80,7.79,7.80,10000,77950.00
2016-07-08,7.98,8.09,7.92,8.05,60000,480700.00
2016-07-11,8.10,8.18,7.92,8.17,40000,323520.00
2016-07-12,8.00,8.00,7.70,7.70,59000,462720.00
2016-07-13,7.79,7.79,7.60,7.61,52000,399610.00
2016-07-14,7.60,7.60,7.51,7.51,12000,90430.00
2016-07-15,7.51,7.51,7.35,7.35,26000,192900.00
2016-07-18,7.45,7.45,7.27,7.27,2000,14720.00
2016-07-20,7.19,7.20,7.05,7.10,37400,266903.81
2016-07-21,7.05,7.05,7.05,7.05,5000,35250.00
2016-07-22,7.05,7.12,7.00,7.00,29000,204660.00
2016-07-26,6.94,7.00,6.84,6.84,40000,276480.00
2016-07-27,6.93,6.94,6.93,6.94,11000,76240.00
2016-07-28,7.00,7.14,7.00,7.14,18000,126910.00
2016-07-29,7.14,7.75,7.14,7.40,69000,508700.00
2016-08-01,7.35,7.35,7.33,7.33,13000,95390.00
2016-08-02,7.32,7.32,7.27,7.27,7000,51090.00
2016-08-03,7.16,7.16,7.10,7.10,3000,21420.00
2016-08-04,7.05,7.05,7.05,7.05,5000,35250.00
2016-08-05,7.20,7.20,7.10,7.10,22000,157400.00
2016-08-08,7.05,7.31,7.02,7.31,42000,300030.00
2016-08-10,7.34,7.34,7.34,7.34,10000,73400.00
2016-08-12,7.15,7.15,7.15,7.15,3000,21450.00
2016-08-16,7.16,7.16,7.10,7.10,11000,78400.00
2016-08-17,7.25,7.50,7.25,7.30,61000,450370.00
2016-08-18,7.21,7.25,6.98,7.19,212000,1506830.00
2016-08-19,7.00,7.15,7.00,7.00,11000,77150.00
2016-08-23,6.95,7.12,6.95,7.09,76000,536560.00
2016-08-24,7.08,7.14,7.00,7.14,78000,549720.00
2016-08-25,7.20,7.30,7.20,7.30,15000,108610.00
2016-08-30,7.29,7.47,7.29,7.47,21000,154360.00
2016-08-31,7.47,7.73,7.47,7.73,23000,173420.00
2016-09-01,7.55,7.66,7.52,7.66,3000,22730.00
2016-09-02,7.48,7.48,7.24,7.24,80000,588840.00
2016-09-05,7.40,7.44,7.20,7.35,56000,408380.00
2016-09-06,7.20,7.20,7.20,7.20,5000,36000.00
2016-09-07,7.30,7.44,7.20,7.30,58000,423800.00
2016-09-09,7.35,7.47,7.13,7.36,157000,1153290.00
2016-09-12,7.36,7.40,7.25,7.40,46000,337950.00
2016-09-13,7.44,7.70,7.44,7.70,35000,262840.00
2016-09-14,7.55,7.85,7.55,7.85,34000,263260.00
2016-09-19,7.90,8.20,7.50,7.94,413000,3203860.00
2016-09-21,7.70,7.80,7.70,7.80,15000,116500.00
2016-09-22,7.90,8.20,7.90,8.10,86000,692180.00
2016-09-23,8.10,8.30,8.10,8.30,78000,638070.00
2016-09-26,8.20,8.20,8.00,8.00,51000,412870.00
2016-09-27,7.93,8.10,7.93,7.93,4000,32060.00
2016-09-28,7.78,8.00,7.75,8.00,26000,205760.00
2016-09-29,8.00,8.05,7.95,8.00,105000,838940.00
2016-09-30,7.98,8.30,7.98,8.30,55000,443640.00
2016-10-10,8.14,8.20,8.14,8.20,14000,114750.00
2016-10-11,8.29,8.29,8.29,8.29,15000,124350.00
2016-10-12,8.16,8.20,8.16,8.20,7000,57280.00
2016-10-13,8.30,8.31,8.30,8.31,13000,108000.00
2016-10-14,8.30,8.31,8.30,8.31,5000,41510.00
2016-10-18,8.25,8.25,8.25,8.25,5000,41250.00
2016-10-19,8.29,8.29,8.29,8.29,5000,41450.00
2016-10-21,8.35,8.35,8.35,8.35,5000,41750.00
2016-10-24,8.22,8.35,8.22,8.35,16000,132250.00
2016-10-27,8.25,8.30,8.25,8.25,15000,124000.00
2016-10-28,8.21,8.45,8.21,8.45,38000,316830.00
2016-10-31,8.45,8.50,8.43,8.49,15000,126850.00
2016-11-01,8.50,8.50,8.45,8.47,17000,144230.00
2016-11-04,8.39,8.45,8.39,8.43,30000,252580.00
2016-11-07,8.30,8.39,8.30,8.39,10000,83500.00
2016-11-08,8.39,8.45,8.30,8.39,34000,285450.00
2016-11-09,8.35,8.37,8.35,8.37,15000,125350.00
2016-11-10,8.30,8.35,8.16,8.16,27000,222360.00
2016-11-11,8.35,8.35,8.30,8.30,40000,333000.00
2016-11-15,8.32,8.32,8.10,8.25,38000,311650.00
2016-11-17,8.20,8.30,7.94,8.14,48000,390750.00
2016-11-18,8.14,8.14,8.10,8.10,14000,113700.00
2016-11-21,8.05,8.10,8.01,8.01,26000,209200.00
2016-11-22,7.95,8.05,7.75,8.00,31000,245650.00
2016-11-23,7.83,8.05,7.83,7.96,4000,31890.00
2016-11-24,8.02,8.02,8.02,8.02,3000,24060.00
2016-11-25,8.00,8.02,8.00,8.02,5000,40020.00
2016-11-28,8.02,8.10,8.01,8.02,70000,563780.00
2016-11-29,8.02,8.10,8.02,8.10,22000,177350.00
2016-11-30,8.25,8.46,8.10,8.46,41000,339860.00
2016-12-01,8.31,8.31,8.31,8.31,8000,66480.00
2016-12-02,8.45,8.85,8.45,8.75,102000,879580.00
2016-12-05,8.75,8.75,8.47,8.47,50000,432030.00
2016-12-06,8.58,8.58,8.50,8.56,28000,239400.00
2016-12-07,8.50,8.68,8.47,8.68,96000,821920.00
2016-12-08,8.50,8.57,8.47,8.50,93000,793000.00
2016-12-09,8.50,8.51,8.47,8.47,35000,297110.00
2016-12-12,8.50,8.50,8.38,8.50,25000,210020.00
2016-12-13,8.37,8.43,8.35,8.39,73000,613270.00
2016-12-14,8.35,8.35,8.22,8.22,30000,247350.00
2016-12-15,8.20,8.35,8.17,8.35,7000,57520.00
2016-12-16,8.20,8.20,8.20,8.20,5000,41000.00
2016-12-19,8.39,8.39,8.39,8.39,1000,8400.00
2016-12-20,8.16,8.20,8.08,8.20,33000,268320.00
2016-12-21,8.00,8.14,8.00,8.14,8000,64400.00
2016-12-22,8.20,8.20,8.20,8.20,20000,164000.00
2016-12-23,8.30,8.52,8.20,8.52,44000,367340.00
2016-12-27,8.58,8.75,8.30,8.30,130000,1114250.00
2016-12-28,8.54,8.81,8.42,8.80,202000,1749590.00
2016-12-29,8.60,8.70,8.47,8.59,94000,807330.00
2016-12-30,8.68,8.89,8.55,8.89,59000,510860.00
2017-01-03,8.75,8.76,8.75,8.76,10000,87550.00
2017-01-04,8.52,8.83,8.52,8.60,100000,870350.00
2017-01-05,8.80,8.80,8.50,8.60,60000,516000.00
2017-01-06,8.64,8.89,8.50,8.80,124000,1081670.00
2017-01-09,8.92,9.05,8.70,9.05,74000,660220.00
2017-01-10,9.00,9.07,8.80,9.07,19000,168550.00
2017-01-11,9.05,9.05,8.85,9.04,52000,463460.00
2017-01-12,9.07,9.07,8.85,9.06,39000,348540.00
2017-01-13,9.00,9.00,8.89,8.89,10000,89500.00
2017-01-16,9.09,9.09,8.80,8.80,75000,671070.00
2017-01-17,8.75,8.80,8.75,8.80,3000,26350.00
2017-01-18,8.79,8.79,8.79,8.79,5000,43950.00
2017-01-19,8.89,8.95,8.76,8.80,42000,373110.00
2017-01-20,8.64,9.14,8.50,8.83,3287000,28006220.00
2017-01-24,8.82,8.82,8.78,8.78,5000,44020.00
2017-01-25,8.79,8.79,8.79,8.79,2000,17580.00
2017-01-26,8.75,8.89,8.75,8.89,3000,26390.00
2017-02-03,8.85,8.85,8.85,8.85,7000,61950.00
2017-02-06,8.70,8.89,8.70,8.89,8000,70200.00
2017-02-07,8.89,8.89,8.89,8.89,2000,17800.00
2017-02-08,8.70,8.80,8.70,8.80,26000,227480.00
2017-02-09,8.95,9.00,8.85,8.85,33000,296050.00
2017-02-10,9.05,9.20,9.00,9.10,115000,1044790.00
2017-02-13,9.00,9.10,9.00,9.10,6000,54100.00
2017-02-14,9.10,9.20,9.00,9.20,63000,572830.00
2017-02-15,9.18,9.18,9.10,9.10,20000,182900.00
2017-02-16,9.00,9.00,8.85,8.97,91000,814811.63
2017-02-17,8.97,8.97,8.97,8.97,1000,8970.00
2017-02-20,8.85,8.88,8.85,8.87,20000,177400.00
2017-02-21,8.88,9.02,8.87,9.00,42000,374620.00
2017-02-22,9.00,9.05,8.92,9.01,157000,1415020.00
2017-02-23,8.93,9.10,8.93,9.05,112000,1007800.00
2017-02-27,9.06,9.06,9.00,9.00,115000,1036160.00
2017-02-28,9.01,9.02,8.95,8.95,62000,558420.00
2017-03-01,9.01,9.02,8.99,8.99,28000,252040.00
2017-03-02,9.00,9.09,9.00,9.02,43000,388360.00
2017-03-03,9.00,9.05,8.99,9.03,45000,405580.00
2017-03-06,9.04,9.25,9.04,9.10,72000,655300.00
2017-03-07,9.07,9.16,9.07,9.16,23000,209020.00
2017-03-08,9.07,9.07,9.07,9.07,10000,90700.00
2017-03-09,9.07,9.07,9.00,9.06,24000,216720.00
2017-03-10,9.02,9.02,9.02,9.02,10000,90200.00
2017-03-13,9.02,9.18,9.02,9.05,42000,379990.00
2017-03-14,9.09,9.34,9.09,9.18,4000,36700.00
2017-03-16,9.14,9.18,9.14,9.18,25000,228950.00
2017-03-17,9.24,9.28,9.20,9.28,34000,313480.00
2017-03-20,9.30,9.43,9.30,9.43,13000,121390.00
2017-03-21,9.43,9.49,9.43,9.43,27000,255490.00
2017-03-23,9.54,9.55,9.47,9.50,10000,95230.00
2017-03-24,9.64,9.70,9.43,9.45,68000,646240.00
2017-03-27,9.39,9.43,9.39,9.41,22000,206980.00
2017-03-28,9.43,9.43,9.43,9.43,1000,9430.00
2017-03-29,9.43,9.43,9.33,9.33,3000,28190.00
2017-03-31,9.39,9.43,9.35,9.35,19000,178600.00
2017-04-05,9.39,9.39,9.39,9.39,5000,47000.00
2017-04-06,9.32,9.35,9.28,9.32,37000,344650.00
2017-04-07,9.28,9.31,9.25,9.31,45000,418000.00
2017-04-10,9.37,9.38,9.28,9.30,60000,559200.00
2017-04-11,9.22,9.25,9.22,9.25,20000,184800.00
2017-04-12,9.22,9.24,9.20,9.20,50000,460920.00
2017-04-13,9.30,9.30,9.07,9.07,2000,18370.00
2017-04-14,9.28,9.29,9.28,9.29,11000,102090.00
2017-04-17,9.31,9.31,9.31,9.31,1000,9310.00
2017-04-18,9.30,9.30,9.30,9.30,1000,9300.00
2017-04-19,9.10,9.10,8.72,9.00,169000,1509800.00
2017-04-20,8.99,8.99,8.78,8.85,59000,522320.00
2017-04-21,8.89,8.89,8.70,8.80,16000,141030.00
2017-04-24,8.60,8.92,8.50,8.92,50000,431330.00
2017-04-25,8.56,8.89,8.56,8.84,46000,403710.00
2017-04-26,8.60,8.83,8.60,8.76,65000,569760.00
2017-04-27,8.63,8.89,8.63,8.84,104000,912150.00
2017-04-28,8.84,8.84,8.66,8.70,52000,452990.00
2017-05-02,8.63,8.70,8.50,8.60,15000,128890.00
2017-05-03,8.39,8.42,8.35,8.35,12100,102018.54
2017-05-04,8.25,8.49,8.25,8.49,39000,327310.00
2017-05-05,8.54,8.54,8.39,8.39,2000,16940.00
2017-05-08,8.30,8.38,8.17,8.17,62000,509700.00
2017-05-09,8.14,8.14,7.95,7.95,20000,160230.00
2017-05-10,8.05,8.06,8.05,8.06,20000,161100.00
2017-05-11,7.90,8.14,7.90,8.12,53000,424660.00
2017-05-12,8.14,8.18,8.14,8.18,6000,48940.00
2017-05-15,8.20,8.24,8.20,8.24,7000,57440.00
2017-05-16,8.24,8.31,8.24,8.28,13000,107790.00
2017-05-17,8.20,8.30,8.20,8.30,11000,90300.00
2017-05-18,8.20,8.20,7.99,7.99,22000,177170.00
2017-05-19,7.95,8.05,7.90,7.99,34000,270670.00
2017-05-22,7.90,8.00,7.90,8.00,6000,47900.00
2017-05-23,8.01,8.01,8.01,8.01,5000,40050.00
2017-05-24,7.99,8.03,7.99,8.03,500000,4005000.00
2017-05-25,8.05,8.05,8.03,8.03,10000,80400.00
2017-05-26,8.06,8.06,8.06,8.06,5000,40300.00
2017-06-02,8.00,8.00,8.00,8.00,4000,32000.00
2017-06-05,8.10,8.18,8.10,8.18,15000,122150.00
2017-06-06,8.14,8.14,8.14,8.14,8000,65170.00
2017-06-07,8.20,8.20,8.20,8.20,1000,8200.00
2017-06-09,8.14,8.14,8.14,8.14,1000,8150.00
2017-06-12,8.14,8.14,8.14,8.14,5000,40750.00
2017-06-13,8.14,8.14,8.14,8.14,8000,65200.00
2017-06-15,8.20,8.20,8.20,8.20,1000,8200.00
2017-06-20,8.21,8.21,8.21,8.21,1000,8210.00
2017-06-22,8.12,8.13,8.10,8.13,45000,365350.00
2017-06-23,8.08,8.08,8.00,8.00,79200,634996.00
2017-06-27,8.08,8.08,8.08,8.08,10000,80800.00
2017-06-29,8.17,8.17,8.17,8.17,1000,8170.00
2017-06-30,8.10,8.10,8.10,8.10,8000,64800.00
2017-07-07,8.08,8.08,8.00,8.00,11000,88180.00
2017-07-11,8.08,8.08,8.08,8.08,1000,8080.00
2017-07-13,8.04,8.04,8.04,8.04,1000,8040.00
2017-07-17,8.01,8.04,8.00,8.04,8000,64100.00
2017-07-18,8.10,8.10,8.10,8.10,1000,8110.00
2017-07-20,8.13,8.13,8.13,8.13,1000,8130.00
2017-07-24,8.01,8.01,7.08,7.20,53000,401010.00
2017-07-25,7.04,7.04,6.75,7.01,83000,578840.00
2017-07-26,7.04,7.04,6.79,7.00,33000,227570.00
2017-07-27,7.10,7.10,7.10,7.10,1000,7100.00
2017-07-28,7.20,7.20,7.20,7.20,1000,7200.00
2017-07-31,7.22,7.25,7.00,7.10,29000,206580.00
2017-08-01,7.02,7.10,6.99,7.00,32000,224360.00
2017-08-03,7.12,7.12,7.12,7.12,5000,35600.00
2017-08-04,7.17,7.17,7.15,7.16,9000,64440.00
2017-08-08,7.17,7.17,7.17,7.17,1000,7170.00
2017-08-10,7.22,7.22,7.22,7.22,5000,36100.00
2017-08-16,6.96,6.96,6.80,6.90,12000,82810.00
2017-08-17,6.75,6.80,6.49,6.66,29000,193060.00
2017-08-18,6.73,6.90,6.45,6.80,187000,1240154.00
2017-08-21,6.58,6.59,6.40,6.50,41000,267460.00
2017-08-23,6.58,6.69,6.58,6.69,14000,92830.00
2017-08-24,6.75,6.75,6.69,6.69,9000,60450.00
2017-08-28,6.48,6.50,6.45,6.50,27000,174550.00
2017-08-30,6.62,7.22,6.62,7.22,43000,295490.00
2017-08-31,7.23,7.42,7.23,7.42,11000,80290.00
2017-09-01,7.30,7.45,7.30,7.45,13000,95930.00
2017-09-04,7.25,7.25,7.25,7.25,1000,7250.00
2017-09-05,7.18,7.18,7.18,7.18,1000,7180.00
2017-09-07,7.04,7.04,6.80,6.94,17000,117550.00
2017-09-08,6.99,6.99,6.94,6.94,2000,13930.00
2017-09-11,6.96,6.96,6.94,6.94,10000,69500.00
2017-09-12,7.00,7.00,7.00,7.00,12000,84000.00
2017-09-13,6.84,6.84,6.50,6.72,32000,214580.00
2017-09-14,6.74,6.79,6.50,6.68,34000,225660.00
2017-09-15,6.40,6.40,6.35,6.39,109000,695500.00
2017-09-18,6.41,6.41,6.18,6.18,20000,126650.00
2017-09-19,6.31,6.31,6.10,6.10,27000,165910.00
2017-09-20,6.07,6.13,6.07,6.13,8000,48680.00
2017-09-22,6.00,6.11,5.98,6.00,29000,173950.00
2017-09-25,5.91,5.91,5.91,5.91,6000,35460.00
2017-09-26,5.85,5.98,5.85,5.98,12000,70880.00
2017-09-28,5.83,5.89,5.78,5.89,28000,163090.00
2017-09-29,5.66,5.80,5.66,5.80,3000,17120.00
2017-10-09,5.87,6.14,5.80,6.00,30000,178670.00
2017-10-10,5.91,5.91,5.90,5.90,5000,29530.00
2017-10-11,5.78,5.88,5.75,5.88,18000,104370.00
2017-10-12,5.87,6.03,5.85,5.98,31000,183820.00
2017-10-13,6.05,6.13,5.95,6.13,53000,317930.00
2017-10-16,5.99,6.01,5.94,5.97,51000,303650.00
2017-10-17,5.97,5.97,5.93,5.95,61000,362690.00
2017-10-18,5.94,5.95,5.90,5.95,67000,396370.00
2017-10-19,5.85,5.90,5.85,5.90,8000,47000.00
2017-10-20,5.80,5.99,5.78,5.78,135000,785560.00
2017-10-23,5.94,5.95,5.94,5.95,16000,95090.00
2017-10-24,5.97,5.97,5.80,5.80,98000,577570.00
2017-10-25,5.83,5.92,5.77,5.77,22000,127990.00
2017-10-26,5.84,5.84,5.75,5.75,15000,87150.00
2017-10-27,5.78,5.78,5.75,5.75,10000,57650.00
2017-10-30,5.75,5.80,5.73,5.80,45000,258390.00
2017-10-31,5.72,5.74,5.68,5.68,13000,74280.00
2017-11-01,5.62,5.62,5.62,5.62,3000,16860.00
2017-11-03,5.75,5.82,5.75,5.82,17000,98510.00
2017-11-07,5.79,5.79,5.70,5.70,9000,51750.00
2017-11-13,5.82,5.97,5.82,5.97,27000,158830.00
2017-11-14,6.02,6.57,6.02,6.57,18000,113090.00
2017-11-15,6.75,7.12,6.75,6.79,19000,130720.00
2017-11-16,6.90,6.94,6.74,6.74,10000,68390.00
2017-11-17,6.92,7.10,6.92,7.10,8000,56010.00
2017-11-20,6.85,7.00,6.80,7.00,8000,54930.00
2017-11-27,6.75,6.75,6.70,6.70,5000,33560.00
2017-11-29,6.90,6.90,6.90,6.90,1000,6900.00
2017-12-01,6.60,6.60,6.56,6.56,2000,13160.00
2017-12-04,6.46,6.50,6.25,6.25,9000,57130.00
2017-12-05,6.35,6.35,6.35,6.35,1000,6350.00
2017-12-07,6.11,6.11,6.10,6.10,4000,24430.00
2017-12-18,6.16,6.21,6.10,6.10,21000,128520.00
2017-12-19,6.25,6.40,6.25,6.40,7000,44240.00
2017-12-20,6.50,6.78,6.50,6.78,10000,66350.00
2017-12-22,6.85,6.85,6.85,6.85,3000,20550.00
2017-12-28,6.70,6.80,6.65,6.80,5000,33520.00
2017-12-29,6.64,6.66,6.64,6.66,4000,26600.00
2018-01-02,6.65,6.65,6.50,6.62,11000,72160.00
2018-01-11,6.45,6.50,6.45,6.50,2000,12950.00
2018-01-12,6.65,6.76,6.65,6.65,11000,73840.00
2018-01-19,6.53,6.53,6.50,6.52,2000,13030.00
2018-01-22,6.50,6.55,6.37,6.53,9000,58250.00
2018-01-23,6.55,6.60,6.50,6.50,3000,19650.00
2018-01-24,6.65,6.70,6.65,6.68,3000,20040.00
2018-01-25,6.75,6.77,6.75,6.76,2000,13520.00
2018-02-01,6.52,6.52,6.22,6.28,17000,108190.00
2018-02-02,6.30,6.33,6.30,6.32,2000,12630.00
2018-02-06,6.05,6.10,6.00,6.05,9000,54480.00
2018-02-07,5.90,6.00,5.88,5.92,9000,53310.00
2018-02-09,5.83,5.83,5.83,5.83,1000,5830.00
2018-02-12,5.80,5.99,5.80,5.86,8000,46890.00
2018-02-22,5.94,5.94,5.94,5.94,2000,11880.00
2018-02-26,5.94,5.95,5.94,5.94,11000,65350.00
2018-02-28,6.00,6.00,6.00,6.00,1000,6000.00
2018-03-01,6.05,6.18,6.05,6.11,11000,67440.00
2018-03-02,6.16,6.18,6.16,6.18,6000,37060.00
2018-03-05,6.10,6.10,6.10,6.10,1000,6100.00
2018-03-08,6.00,6.00,6.00,6.00,1000,6000.00
2018-03-09,5.91,5.91,5.91,5.91,2000,11820.00
2018-03-12,6.05,6.06,5.95,5.95,3000,18060.00
2018-03-14,6.05,6.18,6.00,6.14,11000,67010.00
2018-03-15,6.18,6.18,6.08,6.13,2000,12260.00
2018-03-16,6.18,6.22,6.15,6.22,9000,55650.00
2018-03-19,6.25,6.57,6.25,6.52,10000,63830.00
2018-03-20,6.35,6.50,6.35,6.50,3000,19200.00
2018-03-22,6.55,6.55,6.40,6.45,12000,77750.00
2018-03-23,6.30,6.35,6.30,6.35,113200,716337.63
2018-03-28,6.54,6.54,6.54,6.54,1000,6540.00
2018-03-30,6.30,6.30,6.30,6.30,1000,6300.00
2018-04-09,6.25,6.25,6.18,6.19,7000,43500.00
2018-04-16,6.02,6.02,5.75,5.83,12000,70550.00
2018-04-17,5.61,5.70,5.60,5.70,7000,39340.00
2018-04-18,5.80,5.80,5.80,5.80,3000,17400.00
2018-04-19,5.85,5.91,5.66,5.76,18000,104620.00
2018-04-20,5.81,5.82,5.81,5.82,2000,11630.00
2018-04-23,5.85,6.15,5.85,5.98,11000,65800.00
2018-04-24,6.04,6.06,6.00,6.04,40000,241500.00
2018-04-25,6.00,6.00,5.99,5.99,21000,125940.00
2018-05-02,6.15,6.15,6.15,6.15,2000,12300.00
2018-05-03,6.00,6.00,6.00,6.00,5000,30000.00
2018-05-08,5.87,5.87,5.87,5.87,3000,17610.00
2018-05-16,5.80,5.98,5.80,5.92,9000,52800.00
2018-05-17,6.00,6.00,6.00,6.00,3000,18000.00
2018-05-18,5.90,6.00,5.90,5.95,8000,47600.00
2018-05-21,5.80,5.80,5.80,5.80,2000,11600.00
2018-05-23,5.80,5.85,5.70,5.75,20000,115360.00
2018-05-28,5.85,5.85,5.80,5.84,7000,40900.00
2018-05-29,5.66,5.66,5.65,5.66,6000,33950.00
2018-06-01,5.82,5.82,5.76,5.76,2000,11580.00
2018-06-04,5.81,5.85,5.70,5.79,38000,220250.00
2018-06-05,5.70,5.85,5.70,5.70,13000,74700.00
2018-06-13,5.59,5.63,5.59,5.60,17000,95190.00
2018-06-14,5.65,5.65,5.56,5.56,3000,16770.00
2018-06-15,5.47,5.56,5.47,5.56,6000,33040.00
2018-06-21,5.56,5.68,5.53,5.53,12000,67420.00
2018-06-22,5.69,5.74,5.69,5.74,7000,39950.00
2018-06-25,5.75,5.80,5.70,5.77,22000,126610.00
2018-06-26,5.80,5.80,5.80,5.80,1000,5800.00
2018-06-27,5.83,5.83,5.60,5.61,4300,24944.40
2018-06-29,5.77,5.77,5.59,5.60,4000,22580.00
2018-07-03,5.60,5.76,5.60,5.76,3000,16960.00
2018-07-04,5.77,5.77,5.60,5.60,4000,22740.00
2018-07-06,5.56,5.56,5.56,5.56,2000,11120.00
2018-07-09,5.70,5.71,5.70,5.71,3000,17110.00
2018-07-10,5.52,5.52,5.52,5.52,1000,5520.00
2018-07-11,5.54,5.54,5.52,5.53,2000,11060.00
2018-07-13,5.65,5.65,5.53,5.59,10000,55900.00
2018-07-16,5.65,5.65,5.59,5.59,2000,11240.00
2018-07-19,5.64,5.64,5.64,5.64,1000,5640.00
2018-07-26,5.60,5.60,5.60,5.60,1000,5600.00
2018-07-31,5.45,5.49,5.42,5.46,30000,163800.00
2018-08-01,5.42,5.42,5.38,5.39,14000,75710.00
2018-08-02,5.32,5.32,5.31,5.32,253000,1480950.00
2018-08-03,5.21,5.21,5.20,5.21,2000,10410.00
2018-08-06,5.10,5.10,4.98,4.98,6000,30260.00
2018-08-07,4.94,4.94,4.66,4.80,12000,57770.00
2018-08-08,4.61,4.61,4.42,4.55,40000,181150.00
2018-08-09,4.62,4.62,4.62,4.62,1000,4620.00
2018-08-13,4.50,4.50,4.50,4.50,3000,13500.00
2018-08-14,4.54,4.55,4.50,4.53,15000,67950.00
2018-08-15,4.60,4.62,4.60,4.62,11000,50800.00
2018-08-16,4.50,4.55,4.50,4.54,15000,67900.00
2018-08-17,4.50,4.52,4.50,4.51,25000,112700.00
2018-08-21,4.55,4.55,4.55,4.55,5000,22750.00
2018-08-22,4.55,4.56,4.55,4.56,10000,45550.00
2018-08-23,4.60,4.60,4.56,4.59,6000,27560.00
2018-08-27,4.51,4.51,4.51,4.51,5000,22550.00
2018-09-04,4.50,4.50,4.44,4.48,160000,614750.00
2018-09-05,4.40,4.40,4.30,4.34,4000,17360.00
2018-09-06,4.40,4.44,4.30,4.38,21000,92030.00
2018-09-07,4.44,4.48,4.44,4.48,8000,35780.00
2018-09-12,4.40,4.41,4.33,4.38,14300,62939.42
2018-09-13,4.44,4.44,4.40,4.40,10000,44200.00
2018-09-17,4.25,4.25,4.23,4.23,9000,38190.00
2018-09-18,4.26,4.30,4.26,4.30,5000,21340.00
2018-09-19,4.35,4.35,4.35,4.35,2000,8700.00
2018-10-08,4.38,4.40,4.38,4.39,6000,26340.00
2018-10-12,4.40,4.40,4.32,4.36,6000,26140.00
2018-10-15,4.40,4.40,4.40,4.40,1000,4400.00
2018-10-16,4.31,4.31,4.19,4.25,11000,46960.00
2018-10-17,4.25,4.25,4.25,4.25,1000,4250.00
2018-10-22,4.30,4.30,4.30,4.30,5000,21500.00
2018-10-23,4.35,4.35,4.35,4.35,1000,4350.00
2018-10-24,4.39,4.39,4.30,4.35,10000,43450.00
2018-10-25,4.40,4.40,4.40,4.40,3000,13200.00
2018-11-01,4.23,4.23,4.23,4.23,4000,16920.00
2018-11-02,4.30,4.36,4.30,4.33,14000,60560.00
2018-11-05,4.40,4.40,4.30,4.35,13000,56620.00
2018-11-06,4.23,4.23,4.23,4.23,1000,4230.00
2018-11-08,4.32,4.32,4.32,4.32,2000,8640.00
2018-11-09,4.19,4.21,4.19,4.21,12000,50450.00
2018-11-12,4.10,4.12,4.10,4.12,33000,135600.00
2018-11-13,4.19,4.19,4.19,4.19,1000,4200.00
2018-11-14,4.21,4.23,4.19,4.21,13000,54830.00
2018-11-15,4.26,4.26,4.26,4.26,1000,4260.00
2018-11-21,4.23,4.23,4.19,4.21,10000,42200.00
2018-11-22,4.25,4.25,4.25,4.25,5000,21250.00
2018-11-23,4.15,4.15,4.15,4.15,5000,20750.00
2018-11-27,4.21,4.21,4.15,4.15,6000,24960.00
2018-11-28,4.19,4.19,4.15,4.17,10000,41750.00
2018-11-29,4.19,4.19,4.19,4.19,5000,21000.00
2018-12-03,4.25,4.25,4.25,4.25,1000,4250.00
2018-12-04,4.10,4.19,4.10,4.10,22000,90780.00
2018-12-12,4.05,4.09,4.05,4.09,10000,40700.00
2018-12-13,4.05,4.05,4.05,4.05,10000,40500.00
2018-12-14,4.04,4.04,4.04,4.04,1000,4040.00
2018-12-19,4.00,4.03,4.00,4.03,3000,12060.00
2018-12-21,4.03,4.03,3.99,4.01,20000,80200.00
2018-12-24,4.02,4.19,4.00,4.02,57000,229720.00
2018-12-26,4.08,4.08,4.00,4.04,54000,217900.00
2019-01-02,4.00,4.00,4.00,4.00,1000,4000.00
2019-01-04,4.00,4.00,4.00,4.00,10000,40000.00
2019-01-07,4.00,4.01,3.97,4.00,41000,163410.00
2019-01-08,3.96,3.96,3.96,3.96,10000,39600.00
2019-01-09,3.99,4.05,3.96,3.98,74000,294420.00
2019-01-10,3.94,3.97,3.88,3.97,3000,11790.00
2019-01-16,3.81,3.81,3.79,3.80,4000,15190.00
2019-01-17,3.82,3.82,3.82,3.82,10000,38200.00
2019-01-21,3.66,3.66,3.66,3.66,3000,10980.00
2019-01-22,3.67,3.67,3.67,3.67,12000,44040.00
2019-01-24,3.67,3.80,3.60,3.76,33000,121660.00
2019-01-25,3.78,3.80,3.72,3.80,25000,94360.00
2019-01-28,3.71,3.84,3.71,3.71,50000,188100.00
2019-01-30,3.72,3.72,3.71,3.72,20000,74300.00
2019-02-01,3.75,3.77,3.75,3.76,18000,67620.00
2019-02-12,3.78,3.78,3.68,3.68,26000,97380.00
2019-02-13,3.71,3.76,3.57,3.75,39000,143640.00
2019-02-14,3.77,3.80,3.75,3.77,52000,195900.00
2019-02-15,3.84,3.84,3.80,3.82,20000,76400.00
2019-02-19,3.88,3.99,3.85,3.99,20000,77570.00
2019-02-20,4.00,4.02,3.95,3.98,22000,87500.00
2019-02-22,4.00,4.00,4.00,4.00,2000,8000.00
2019-02-25,4.01,4.02,3.63,3.74,49000,187320.00
2019-02-26,3.67,3.90,3.67,3.82,22000,83360.00
2019-02-27,3.85,3.85,3.75,3.85,5000,19050.00
2019-02-28,3.71,3.84,3.70,3.82,10000,37550.00
2019-03-01,3.68,3.85,3.68,3.85,10000,37380.00
2019-03-04,3.72,3.80,3.69,3.75,12000,44890.00
2019-03-05,3.68,3.68,3.66,3.66,3000,11000.00
2019-03-06,3.72,3.85,3.67,3.80,213000,806890.00
2019-03-07,3.84,3.84,3.69,3.70,56000,208240.00
2019-03-08,3.68,3.81,3.67,3.72,31000,115830.00
2019-03-11,3.66,3.70,3.65,3.67,52000,190930.00
2019-03-12,3.62,3.63,3.62,3.63,21000,76120.00
2019-03-13,3.72,3.72,3.60,3.62,120000,437270.00
2019-03-19,3.70,3.70,3.63,3.68,46000,168300.00
2019-03-20,3.68,3.68,3.68,3.68,10000,36800.00
2019-03-21,3.72,3.80,3.72,3.80,59000,220530.00
2019-03-22,3.90,4.55,3.88,4.52,188000,776950.00
2019-03-25,4.33,4.55,4.10,4.44,99000,431090.00
2019-03-26,4.52,4.89,4.52,4.82,56000,267130.00
2019-03-27,4.61,4.62,4.56,4.58,12000,55050.00
2019-03-28,4.44,4.48,4.35,4.35,34000,149540.00
2019-03-29,4.30,4.38,4.23,4.35,40000,172130.00
2019-04-01,4.25,4.35,4.23,4.35,20000,85180.00
2019-04-02,4.35,4.35,4.25,4.35,22000,94450.00
2019-04-03,4.35,4.38,4.33,4.38,21000,91300.00
2019-04-04,4.25,4.35,4.21,4.28,101000,430550.00
2019-04-08,4.35,4.35,4.35,4.35,3000,13050.00
2019-04-09,4.38,4.60,4.25,4.54,33000,145290.00
2019-04-10,4.60,5.15,4.60,5.13,17000,83710.00
2019-04-11,5.20,5.20,5.04,5.17,41000,211250.00
2019-04-12,5.25,5.52,5.10,5.19,40000,211680.00
2019-04-15,5.30,5.68,5.30,5.61,100000,549630.00
2019-04-16,5.68,5.70,5.56,5.58,12000,67560.00
2019-04-17,5.50,5.67,5.50,5.62,8000,44790.00
2019-04-18,5.67,5.68,5.55,5.55,14000,78950.00
2019-04-19,5.68,5.69,5.68,5.69,8000,45460.00
2019-04-22,5.69,5.69,5.40,5.49,6000,32910.00
2019-04-24,5.23,5.25,5.12,5.23,14000,73170.00
2019-04-26,5.25,5.25,4.98,5.09,15000,76920.00
2019-04-29,5.09,5.09,5.09,5.09,4000,20360.00
2019-05-06,5.09,5.09,5.00,5.00,10000,50450.00
2019-05-07,5.04,5.04,5.04,5.04,5000,25200.00
2019-05-08,5.04,5.04,5.04,5.04,1000,5040.00
2019-05-09,5.05,5.25,5.05,5.21,6000,30920.00
2019-05-10,5.38,5.55,5.38,5.40,11000,60250.00
2019-05-13,5.60,5.95,5.60,5.95,31000,179680.00
2019-05-14,5.72,5.72,5.60,5.66,7000,39760.00
2019-05-15,5.62,5.65,5.48,5.64,10000,55680.00
2019-05-16,5.75,6.00,5.75,5.90,17000,99840.00
2019-05-17,5.95,5.95,5.89,5.92,21000,124350.00
2019-05-20,6.00,6.01,5.94,5.94,13000,77700.00
2019-05-21,5.99,5.99,5.99,5.99,2000,11980.00
2019-05-22,5.93,5.98,5.93,5.95,7000,41610.00
2019-05-23,5.98,5.98,5.92,5.96,8000,47700.00
2019-05-27,5.91,5.91,5.72,5.86,2011000,6064020.00
2019-05-28,5.95,5.97,5.95,5.97,3000,17890.00
2019-05-29,5.90,5.92,5.70,5.78,9000,52560.00
2019-05-30,5.81,5.81,5.75,5.75,3000,17370.00
2019-05-31,5.80,5.91,5.80,5.88,3000,17560.00
2019-06-03,5.95,5.95,5.95,5.95,1000,5950.00
2019-06-05,6.00,6.00,5.95,5.98,4011000,39065752.00
2019-06-06,6.04,6.26,6.00,6.07,34000,206570.00
2019-06-10,6.00,6.06,5.97,6.02,10000,60190.00
2019-06-11,6.12,6.15,6.01,6.06,8000,48470.00
2019-06-12,6.10,6.12,6.02,6.06,28000,169840.00
2019-06-13,6.00,6.05,5.90,6.00,8000,47900.00
2019-06-14,6.00,6.00,6.00,6.00,2000,12000.00
2019-06-17,5.86,5.86,5.78,5.78,3000,17420.00
2019-06-18,5.66,5.68,5.66,5.68,8000,45420.00
2019-06-19,5.62,5.70,5.61,5.70,10000,56480.00
2019-06-20,5.70,5.70,5.60,5.65,6000,33900.00
2019-06-21,5.51,5.71,5.49,5.66,19000,105970.00
2019-06-24,5.51,5.55,5.50,5.55,6000,33160.00
2019-06-25,5.49,5.54,5.49,5.54,4000,22060.00
2019-06-27,5.38,5.64,5.37,5.58,21000,115530.00
2019-06-28,5.65,5.65,5.53,5.53,12000,67080.00
2019-07-01,5.65,5.65,5.42,5.60,51000,283270.00
2019-07-02,5.62,5.62,5.50,5.62,15000,83700.00
2019-07-03,5.62,5.62,5.60,5.61,15000,84200.00
2019-07-04,5.42,5.50,5.23,5.29,19000,102680.00
2019-07-05,5.38,5.38,5.30,5.33,11000,58780.00
2019-07-08,5.18,5.20,5.00,5.10,40000,204250.00
2019-07-09,5.16,5.16,5.16,5.16,5000,25800.00
2019-07-10,5.10,5.42,5.10,5.23,50000,259190.00
2019-07-11,5.15,5.40,5.14,5.30,22000,114220.00
2019-07-12,5.14,5.28,5.10,5.11,29000,149360.00
2019-07-15,5.19,5.20,5.09,5.15,19000,97790.00
2019-07-17,5.10,5.37,5.00,5.21,126000,650310.00
2019-07-18,5.14,5.16,5.13,5.15,11000,56630.00
2019-07-19,5.13,5.13,5.13,5.13,5000,25650.00
2019-07-22,5.18,5.42,5.10,5.34,91000,476580.00
2019-07-23,5.40,5.61,5.35,5.46,72000,393060.00
2019-07-24,5.44,5.70,5.44,5.64,37000,208910.00
2019-07-25,5.73,6.20,5.73,5.99,108000,647090.00
2019-07-26,6.15,6.15,6.06,6.09,14000,85560.00
2019-07-29,6.12,6.25,6.09,6.16,64000,392270.00
2019-07-30,6.20,6.20,6.10,6.18,6000,37040.00
2019-07-31,6.20,6.20,6.08,6.11,43000,264500.00
2019-08-05,6.15,6.21,6.09,6.09,58000,356580.00
2019-08-06,5.95,5.95,5.95,5.95,1000,5950.00
2019-08-07,6.10,6.10,6.10,6.10,1000,6100.00
2019-08-08,6.10,6.15,5.90,6.01,4000,24050.00
2019-08-09,6.06,6.06,5.90,5.96,24000,143020.00
2019-08-12,6.10,6.10,6.00,6.08,10000,60660.00
2019-08-13,6.08,6.10,5.98,6.10,22000,132780.00
2019-08-14,6.10,6.10,5.80,5.84,3000,17770.00
2019-08-15,6.00,6.00,5.84,5.91,37000,218800.00
2019-08-16,6.00,6.00,5.94,5.98,4000,23940.00
2019-08-19,5.82,5.82,5.82,5.82,1000,5820.00
2019-08-20,5.90,6.00,5.90,5.95,2000,11900.00
2019-08-21,6.09,6.10,6.00,6.08,51000,309180.00
2019-08-22,6.02,6.05,6.02,6.04,1003000,7518090.00
2019-08-23,6.10,6.30,6.04,6.30,107000,656750.00
2019-08-26,6.05,6.42,6.05,6.42,41000,253330.00
2019-08-27,6.11,6.35,6.11,6.16,112000,691310.00
2019-08-28,6.35,6.35,6.10,6.12,48000,295910.00
2019-08-29,6.20,6.25,6.12,6.18,10000,61800.00
2019-08-30,6.02,6.20,6.02,6.19,59500,366958.31
2019-09-02,6.35,6.63,6.35,6.42,93000,595710.00
2019-09-03,6.35,6.50,6.35,6.45,18000,116150.00
2019-09-04,6.32,6.38,6.30,6.35,33000,209660.00
2019-09-05,6.50,6.50,6.30,6.33,152000,968400.00
2019-09-06,6.22,6.35,6.22,6.28,77000,486310.00
2019-09-09,6.13,6.40,6.13,6.35,107400,679401.19
2019-09-10,6.38,6.40,6.38,6.39,9000,57500.00
2019-09-11,6.40,6.60,6.40,6.52,73000,474490.00
2019-09-12,6.40,6.40,6.40,6.40,4000,25600.00
2019-09-16,6.50,6.50,6.43,6.49,25000,162150.00
2019-09-17,6.54,6.60,6.45,6.58,32000,209480.00
2019-09-18,6.60,6.65,6.50,6.65,26000,170650.00
2019-09-19,6.65,6.65,6.50,6.50,27000,178510.00
2019-09-20,6.60,6.60,6.52,6.57,12000,78800.00
2019-09-23,6.55,6.60,6.45,6.52,28000,182770.00
2019-09-24,6.30,6.40,5.97,6.05,115000,700880.00
2019-09-25,6.10,6.10,5.80,5.94,25000,149440.00
2019-09-26,6.00,6.00,6.00,6.00,3000,18000.00
2019-09-27,5.80,6.00,5.80,5.90,6000,35400.00
2019-10-08,5.82,5.90,5.82,5.86,40000,234250.00
2019-10-11,6.00,6.00,5.78,5.88,11000,65280.00
2019-10-14,5.78,5.80,5.51,5.75,31000,177470.00
2019-10-15,5.80,6.05,5.75,6.04,102000,593130.00
2019-10-16,5.83,5.85,5.83,5.84,48000,280320.00
2019-10-17,5.83,5.85,5.83,5.84,7000,40850.00
2019-10-22,5.92,6.08,5.92,6.07,33000,199080.00
2019-10-25,6.07,6.09,6.06,6.07,54000,328010.00
2019-10-28,6.30,6.42,6.00,6.08,283000,1718410.00
2019-10-29,6.10,6.15,6.08,6.13,25000,152400.00
2019-10-30,6.13,6.13,6.10,6.12,2000,12230.00
2019-10-31,6.00,6.00,5.90,5.98,160000,956630.00
2019-11-01,6.09,6.09,5.80,5.94,21000,124350.00
2019-11-06,6.00,6.00,5.80,5.83,13000,77150.00
2019-11-08,6.00,6.01,5.80,5.89,5000,29460.00
2019-11-11,5.72,6.05,5.70,5.85,32000,186440.00
2019-11-12,5.79,5.95,5.79,5.83,6000,35070.00
2019-11-13,5.80,5.82,5.70,5.73,20000,115350.00
2019-11-14,5.86,5.86,5.86,5.86,5000,29300.00
2019-11-15,5.80,5.94,5.80,5.90,22000,129280.00
2019-11-18,5.76,5.80,5.66,5.74,3000,17220.00
2019-11-21,5.65,5.70,5.60,5.65,14000,79210.00
2019-11-22,5.78,5.80,5.78,5.80,3000,17360.00
2019-11-25,5.88,5.90,5.70,5.81,104000,608480.00
2019-11-26,5.95,5.99,5.75,5.98,107000,631250.00
2019-11-27,5.85,5.85,5.85,5.85,10000,58500.00
2019-11-28,5.70,5.75,5.70,5.75,10000,57200.00
2019-11-29,5.75,5.75,5.75,5.75,4000,23000.00
2019-12-04,5.53,5.60,5.41,5.53,22000,120790.00
2019-12-05,5.56,6.00,5.52,5.92,20000,114290.00
2019-12-06,5.80,5.85,5.80,5.85,4000,23300.00
2019-12-09,5.75,5.75,5.75,5.75,2000,11500.00
2019-12-11,5.85,6.00,5.79,5.84,16000,93440.00
2019-12-12,6.00,6.00,5.84,5.87,7000,41220.00
2019-12-13,5.92,5.92,5.80,5.83,9000,52860.00
2019-12-16,5.90,5.90,5.90,5.90,10000,59000.00
2019-12-17,5.92,6.00,5.90,5.98,189000,1128270.00
2019-12-18,5.80,5.85,5.75,5.81,224000,1303400.00
2019-12-19,5.81,5.81,5.80,5.80,11000,63810.00
2019-12-20,5.85,5.85,5.85,5.85,1000,5850.00
2019-12-23,5.70,5.85,5.70,5.73,6000,34350.00
2019-12-24,6.00,6.05,5.95,6.03,154000,924850.00
2019-12-25,5.95,6.00,5.80,5.98,63000,376300.00
2019-12-26,5.95,6.00,5.90,5.94,80000,476850.00
2019-12-30,6.05,6.42,6.05,6.41,57000,354480.00
2019-12-31,6.46,6.46,6.44,6.45,7000,45150.00
2020-01-03,6.15,6.15,6.10,6.10,11000,67150.00
2020-01-06,6.30,6.50,6.25,6.32,103000,655740.00
2020-01-07,6.20,6.63,6.20,6.46,43000,272880.00
2020-01-08,6.33,6.39,6.10,6.20,34000,214420.00
2020-01-09,6.08,6.20,6.00,6.09,121000,735920.00
2020-01-10,5.95,6.09,5.95,6.00,3000,17990.00
2020-01-14,6.01,6.01,6.00,6.01,10000,60050.00
2020-01-15,5.94,6.20,5.94,6.13,5000,30530.00
2020-01-16,5.95,6.01,5.95,5.99,12000,71885.60
2020-01-17,5.94,6.11,5.94,6.03,25000,151010.00
2020-01-20,6.20,6.20,6.10,6.15,11000,67700.00
2020-01-21,6.05,6.15,6.05,6.15,10000,61000.00
2020-01-23,6.05,6.20,6.05,6.05,10000,60950.00
2020-02-03,5.99,5.99,5.99,5.99,1000,5990.00
2020-02-10,6.10,6.16,6.10,6.13,2000,12260.00
2020-02-12,6.30,6.40,6.30,6.33,3000,19000.00
2020-02-14,6.20,6.40,6.20,6.20,10000,63020.00
2020-02-17,6.26,6.35,6.13,6.23,12000,75030.00
2020-02-18,6.30,6.30,6.23,6.28,3000,18830.00
2020-02-19,6.04,6.15,6.04,6.10,18000,109740.00
2020-02-21,6.15,6.15,6.15,6.15,3000,18450.00
2020-02-24,6.05,6.05,6.05,6.05,3000,18150.00
2020-02-26,5.85,6.00,5.85,5.94,19000,112850.00
2020-02-27,6.10,6.10,5.80,5.92,40000,237800.00
2020-02-28,5.90,5.95,5.90,5.93,37000,219200.00
2020-03-02,6.00,6.00,5.80,5.82,13000,76490.80
2020-03-03,5.76,5.85,5.76,5.81,87000,505740.00
2020-03-04,5.80,5.94,5.75,5.78,68000,396820.00
2020-03-05,5.89,5.90,5.80,5.83,47000,274950.00
2020-03-06,5.80,5.83,5.75,5.79,20000,116000.00
2020-03-09,5.70,6.00,5.66,5.69,44000,253560.00
2020-03-10,5.60,5.70,5.60,5.65,24000,135680.00
2020-03-11,5.70,5.70,5.60,5.60,12000,67800.00
2020-03-12,5.70,5.70,5.65,5.70,6200,35612.50
2020-03-16,5.60,5.65,5.59,5.62,20000,112400.00
2020-03-17,5.78,5.80,5.60,5.72,24000,136290.00
2020-03-18,5.74,5.91,5.70,5.70,23000,131990.00
2020-03-19,5.62,5.70,5.62,5.66,10000,56570.00
2020-03-20,5.60,5.75,5.60,5.64,23000,129650.00
2020-03-24,5.75,6.30,5.75,6.09,12000,72210.00
2020-03-25,6.30,6.30,5.68,6.10,14000,84010.00
2020-03-26,6.01,6.01,6.01,6.01,1000,6010.00
2020-03-30,5.83,5.88,5.83,5.88,2000,11710.00
2020-03-31,5.76,6.20,5.75,6.01,145000,870530.00
2020-04-01,6.10,6.10,6.05,6.08,19200,116700.00
2020-04-02,6.15,6.15,5.86,5.93,28700,170219.00
2020-04-03,5.86,5.90,5.81,5.86,37800,221688.00
2020-04-07,5.80,6.00,5.76,6.00,40600,236684.00
2020-04-08,5.70,5.75,5.70,5.71,9000,51420.00
2020-04-09,5.52,5.57,5.25,5.41,229500,1253886.00
2020-04-10,5.55,5.55,5.30,5.33,46000,245910.00
2020-04-13,5.23,5.30,5.11,5.20,199000,783190.00
2020-04-14,5.30,5.30,5.15,5.17,104400,546380.00
2020-04-15,5.17,5.17,5.15,5.16,115000,593150.00
2020-04-16,5.15,5.16,5.10,5.16,140000,720950.00
2020-04-17,5.17,5.17,5.15,5.15,66700,343839.00
2020-04-20,5.30,5.36,5.10,5.20,78900,409245.00
2020-04-21,5.29,5.30,5.00,5.00,21500,111000.00
2020-04-22,5.05,5.14,4.89,4.96,45500,226080.00
2020-04-23,4.98,5.00,4.80,4.85,59000,291653.00
2020-06-10,5.00,5.21,5.00,5.00,87000,436040.00
2020-06-11,5.04,5.04,4.75,4.75,54000,258550.00
2020-06-12,4.80,4.98,4.80,4.98,9000,43780.00
2020-06-15,4.82,4.82,4.82,4.82,6000,28920.00
2020-06-16,4.98,4.98,4.98,4.98,11000,54890.00
2020-06-17,4.85,5.28,4.85,5.00,66100,329245.13
2020-06-18,5.00,5.00,4.98,4.98,4600,22982.00
2020-06-23,4.50,4.50,4.50,4.50,16000,72000.00
2020-06-24,4.80,4.80,4.65,4.80,802900,3850698.75
2020-06-29,4.80,4.80,4.80,4.80,30300,145440.00
2020-06-30,4.69,4.69,4.69,4.69,32000,150400.00
2020-07-01,4.80,4.80,4.69,4.69,66800,317435.59
2020-07-02,4.80,4.80,4.69,4.77,49300,235067.20
2020-07-03,4.76,5.18,4.76,5.18,85200,414072.91
2020-07-06,5.38,5.38,5.26,5.37,28900,152952.00
2020-07-07,5.37,5.38,5.10,5.37,67000,351840.00
2020-07-08,5.37,5.38,5.37,5.38,40300,216981.27
2020-07-09,5.20,5.20,5.20,5.20,19500,101400.00
2020-07-10,5.20,5.20,5.10,5.10,39500,203200.00
2020-07-13,5.19,5.19,5.01,5.01,65100,337509.00
2020-07-14,5.20,6.20,5.20,5.40,17500,92654.00
2020-07-15,5.30,5.30,5.30,5.30,2000,10600.00
2020-07-16,5.50,5.50,5.21,5.21,18900,103660.00
2020-07-17,5.25,5.25,5.25,5.25,1000,5250.00
2020-07-20,5.50,5.50,5.50,5.50,27700,152350.00
2020-07-21,5.80,5.80,5.80,5.80,27500,159500.00
2020-07-22,6.58,6.58,6.29,6.29,600,3890.00
2020-07-23,6.29,6.29,6.10,6.10,2100,12829.00
2020-07-24,5.92,5.93,5.92,5.93,7200,42649.00
2020-07-27,5.99,5.99,5.98,5.98,2500,14960.00
2020-07-29,6.13,6.13,6.13,6.13,3000,18390.00
2020-07-31,5.80,5.80,5.22,5.23,13500,73235.00
2020-08-03,5.80,6.30,5.80,5.80,40700,247430.00
2020-08-04,6.10,6.10,3.53,5.99,18000,105835.00
2020-08-05,4.66,4.66,4.66,4.66,0,4.66
2020-08-06,5.99,5.99,4.98,5.82,14600,84779.17
2020-08-07,5.75,5.75,5.75,5.75,5600,32200.00
2020-08-12,5.18,5.18,5.18,5.18,10000,51800.00
2020-08-14,5.00,5.18,5.00,5.18,31100,159838.00
2020-08-19,4.69,4.69,4.69,4.69,1000,4700.00
2020-08-20,4.86,5.18,4.86,4.87,23000,118490.01
2020-08-21,5.00,5.00,5.00,5.00,5000,25000.00
2020-08-24,5.01,5.01,5.00,5.00,5300,26550.00
2020-08-31,4.86,5.44,4.85,4.94,161100,786225.00
2020-09-17,5.10,5.13,4.96,5.04,12000,60580.00
2020-09-18,4.94,4.94,4.94,4.94,1000,4940.00
2020-09-28,4.85,4.85,4.85,4.85,3000,14550.00
2020-09-29,4.88,5.00,4.80,5.00,14000,68370.00
2020-09-30,5.07,5.20,5.01,5.12,10200,52262.00
2020-10-09,5.26,5.87,5.15,5.67,89100,497240.00
2020-10-12,5.85,6.32,5.59,6.15,128000,786844.50
2020-10-13,6.13,6.19,6.02,6.04,87600,535082.25
2020-10-14,6.19,6.19,5.95,6.07,500,3047.00
2020-10-15,6.15,6.24,6.15,6.22,10600,65734.00
2020-10-16,6.19,6.90,6.19,6.72,90200,589730.00
2020-10-19,6.46,6.55,6.41,6.55,3100,19985.00
2020-10-20,6.55,6.57,6.50,6.54,11000,71950.00
2020-10-21,6.27,6.44,6.27,6.44,5100,32024.00
2020-10-22,6.13,6.42,6.13,6.40,2300,14352.00
2020-10-23,6.13,6.13,6.10,6.11,3000,18330.00
2020-10-27,5.89,5.89,5.69,5.81,6500,37750.00
2020-10-28,5.50,5.50,5.23,5.26,19000,100840.00
2020-10-29,5.11,5.18,4.38,4.69,251700,1154226.00
2020-10-30,4.55,4.67,4.34,4.42,83500,368770.00
2020-11-02,4.33,4.69,4.23,4.56,29500,127690.00
2020-11-03,4.48,4.50,4.30,4.39,39600,173220.00
2020-11-04,4.40,4.40,4.40,4.40,1000,4400.00
2020-11-05,4.50,4.75,4.50,4.69,12000,55150.00
2020-11-06,4.57,4.57,4.30,4.50,114000,502430.00
2020-11-09,4.60,4.60,4.44,4.53,7700,34918.00
2020-11-10,4.60,4.69,4.55,4.66,13000,59660.00
2020-11-24,4.57,4.59,4.56,4.58,6000,27430.00
2020-11-26,4.69,4.69,4.69,4.69,100,469.00
2020-11-27,4.71,4.71,4.57,4.57,2000,9290.00
2020-12-01,4.50,4.50,4.46,4.48,7000,31420.00
2020-12-02,4.46,4.48,4.46,4.48,3000,13420.00
2020-12-03,4.38,4.40,4.38,4.39,2000,8780.00
2020-12-07,4.38,4.58,4.38,4.58,8300,36694.00
2020-12-08,4.58,4.60,4.58,4.59,3000,13770.00
2020-12-11,4.55,4.73,4.52,4.71,8100,37581.00
2020-12-16,4.86,5.39,4.86,5.20,33800,177585.00
2020-12-17,5.39,5.42,5.38,5.38,65100,352092.00
2020-12-18,5.29,5.29,5.29,5.29,1000,5290.00
2020-12-21,5.11,5.30,5.03,5.04,26000,133300.00
2020-12-22,4.92,4.98,4.85,4.85,52300,258006.00
2020-12-23,4.76,4.89,4.76,4.80,10000,47909.62
2020-12-24,4.75,4.75,4.71,4.71,3000,14170.00
2020-12-25,4.79,4.79,4.79,4.79,1000,4790.00
2020-12-28,4.62,4.62,4.57,4.57,6100,28167.00
2020-12-29,4.67,4.67,4.53,4.57,29100,132788.50
2020-12-30,4.57,4.57,4.57,4.57,3000,13710.00
2020-12-31,4.57,4.58,4.57,4.58,2000,9150.00
2021-01-04,4.73,4.73,4.34,4.39,45300,201726.00
2021-01-05,4.40,4.52,4.31,4.36,34000,151150.00
2021-01-06,4.44,4.48,4.39,4.44,243000,1080360.00
2021-01-07,4.48,4.54,4.44,4.53,76000,339720.00
2021-01-08,4.62,4.69,4.62,4.66,3000,13990.00
2021-01-11,4.80,5.03,4.78,4.87,12000,58240.00
2021-01-12,4.86,4.88,4.77,4.86,67200,325552.81
2021-01-13,4.83,4.94,4.83,4.94,28000,136580.00
2021-01-14,5.09,5.10,5.00,5.07,32300,163686.70
2021-01-15,5.05,5.05,5.05,5.05,2000,10100.00
2021-01-21,4.90,5.00,4.90,5.00,8000,39800.00
2021-01-22,4.86,5.05,4.86,4.89,12300,60117.80
2021-01-25,4.98,4.98,4.98,4.98,1000,4990.00
2021-01-29,4.85,4.89,4.71,4.89,29400,141793.00
2021-02-01,4.90,4.90,4.90,4.90,300,1470.00
2021-02-03,4.76,4.76,4.76,4.76,10000,47600.00
2021-02-05,4.67,4.76,4.67,4.69,13000,60970.00
2021-02-09,4.67,4.80,4.65,4.69,12500,58478.18
2021-02-10,4.66,4.67,4.07,4.48,164000,699469.19
2021-02-18,4.42,4.56,4.39,4.46,139100,620777.00
2021-02-19,4.60,4.60,4.51,4.56,26600,121208.00
2021-02-22,4.50,4.55,4.40,4.54,34500,152739.00
2021-02-23,4.37,4.42,4.17,4.40,177200,761640.00
2021-02-24,4.28,4.38,4.17,4.30,86200,368553.00
2021-02-25,4.39,4.39,4.21,4.26,57000,241740.00
2021-02-26,4.19,4.37,4.17,4.19,71000,302320.00
2021-03-01,4.35,4.41,4.14,4.36,112000,480949.81
2021-03-02,4.35,4.35,4.30,4.30,11000,47350.00
2021-03-03,4.42,4.48,4.36,4.42,18000,79610.00
2021-03-04,4.48,4.48,4.29,4.29,1000,4390.00
2021-03-05,4.48,4.48,4.29,4.46,11100,49549.00
2021-03-08,4.30,4.30,4.30,4.30,5000,21500.00
2021-03-09,4.29,4.29,4.29,4.29,10000,42900.00
2021-03-11,4.21,4.42,4.21,4.41,36500,159245.00
2021-03-19,4.52,4.52,4.52,4.52,2000,9040.00
2021-03-24,4.44,4.51,4.41,4.51,20100,89301.00
2021-03-29,4.51,4.54,4.51,4.51,12000,54160.00
2021-04-06,4.55,4.55,4.55,4.55,3000,13650.00
2021-04-08,4.56,4.80,4.56,4.71,165000,781304.00
2021-04-13,4.69,4.84,4.67,4.84,20300,96382.00
2021-04-14,4.94,4.94,4.78,4.81,68000,326250.00
2021-04-15,4.80,4.80,4.80,4.80,3000,14400.00
2021-04-16,4.77,4.80,4.77,4.80,7000,33510.00
2021-04-19,4.98,5.40,4.98,5.17,48600,252957.64
2021-04-20,5.35,5.36,5.30,5.30,6000,32020.00
2021-04-21,5.44,5.57,5.23,5.34,18700,101283.00
2021-04-22,5.40,5.50,5.36,5.36,4600,25156.00
2021-04-23,5.36,5.58,5.36,5.58,1500,8150.00
2021-04-26,5.57,5.57,5.40,5.57,73000,405850.00
2021-04-27,5.59,5.60,5.50,5.57,13500,75200.00
2021-04-28,5.33,5.57,5.33,5.50,1700,9181.00
2021-04-29,5.57,5.58,5.57,5.57,2200,12261.00
2021-04-30,5.58,6.52,5.58,6.15,173300,1081326.88
2021-05-06,5.85,5.85,5.59,5.60,27700,159809.20
2021-05-07,5.51,5.72,5.51,5.72,56400,316492.00
2021-05-10,5.77,5.77,5.77,5.77,1000,5770.00
2021-05-11,5.51,5.60,5.50,5.51,48000,265340.00
2021-05-12,5.52,5.52,5.50,5.51,4100,22612.00
2021-05-13,5.42,5.42,5.04,5.04,213700,1120832.50
2021-05-14,5.30,5.30,4.91,5.14,279400,1421501.13
2021-05-17,5.01,5.10,4.91,5.00,365000,1823054.50
2021-05-18,5.02,5.34,5.00,5.34,129000,681320.00
2021-05-20,5.24,5.52,5.24,5.50,95900,526299.06
2021-05-24,5.69,5.69,5.69,5.69,3000,17070.00
2021-05-31,5.70,5.89,5.70,5.84,14000,81150.00
2021-06-01,5.92,5.93,5.77,5.77,15000,87550.00
2021-06-02,5.76,5.85,5.75,5.78,10000,57790.00
2021-06-03,5.76,5.89,5.75,5.89,16500,96180.00
2021-06-04,5.63,5.90,5.63,5.89,27000,157325.00
2021-06-08,5.71,5.89,5.70,5.77,5000,28850.00
2021-06-09,5.70,5.89,5.69,5.89,6300,36467.00
2021-06-10,5.89,5.90,5.64,5.69,19500,111314.00
2021-06-21,5.67,5.69,5.67,5.67,27700,157379.00
2021-06-23,5.90,5.90,5.90,5.90,2000,11800.00
2021-06-24,5.70,5.70,5.67,5.68,13000,73810.00
2021-06-25,5.68,5.70,5.68,5.69,40000,227600.00
2021-06-28,5.92,5.92,5.65,5.66,19700,111514.56
2021-06-29,5.66,5.66,5.66,5.66,100,566.00
2021-06-30,5.66,5.67,5.65,5.67,63000,356850.00
2021-07-01,5.73,5.95,5.73,5.73,8000,47040.00
2021-07-02,5.80,5.80,5.80,5.80,1000,5800.00
2021-07-05,5.70,5.70,5.68,5.70,78300,445882.25
2021-07-09,5.97,6.05,5.80,5.80,9500,56370.00
2021-07-12,5.98,5.98,5.95,5.97,6000,35790.00
2021-07-14,5.70,6.00,5.70,5.99,3200,18927.60
2021-07-15,6.08,6.22,6.06,6.22,20500,125630.00
2021-07-16,6.24,6.29,6.10,6.26,62000,388030.00
2021-07-19,6.39,6.39,6.35,6.38,8000,51000.00
2021-07-20,6.08,6.08,6.08,6.08,3000,18240.00
2021-07-21,6.18,6.19,6.18,6.18,4100,25339.00
2021-07-22,6.20,6.21,6.20,6.21,10000,62070.00
2021-07-23,6.25,6.25,5.99,6.02,78000,473800.00
2021-07-26,5.92,5.92,5.80,5.82,6000,35180.00
2021-07-27,5.70,6.00,5.70,5.80,43000,253420.00
2021-07-28,5.75,5.80,5.70,5.73,6000,34370.00
2021-07-30,5.61,5.61,5.60,5.60,3000,16810.00
2021-08-03,5.83,6.00,5.80,6.00,17700,103260.00
2021-08-04,6.03,6.31,5.95,6.12,33100,199616.56
2021-08-05,5.99,6.00,5.98,5.99,20000,119850.00
2021-08-06,5.85,6.05,5.80,5.90,40800,243147.41
2021-08-10,6.00,6.05,5.95,5.99,20000,120100.00
2021-08-11,6.10,6.10,6.00,6.00,43000,260370.00
2021-08-12,6.16,6.16,5.96,5.97,75000,452150.00
2021-08-13,5.99,5.99,5.89,5.93,42500,253350.00
2021-08-16,5.96,6.00,5.96,5.98,50000,298800.00
2021-08-23,5.70,5.75,5.70,5.70,17500,99779.50
2021-08-26,5.75,5.75,5.75,5.75,100,575.00
2021-08-27,5.51,5.65,5.51,5.61,3600,20020.00
2021-08-31,5.65,5.70,5.65,5.70,2000,11350.00
2021-09-01,5.55,5.60,5.52,5.56,27600,153660.00
2021-09-02,5.45,5.59,5.43,5.59,36300,198885.00
2021-09-03,5.80,6.08,5.80,5.98,110000,651070.00
2021-09-06,6.00,7.00,6.00,6.85,294300,1941607.00
2021-09-07,6.99,8.00,6.94,7.10,96400,723864.00
2021-09-08,7.12,7.31,6.56,7.18,41200,288217.00
2021-09-09,7.03,7.35,7.00,7.30,3100,22723.00
2021-09-10,7.35,7.70,7.23,7.55,20600,154652.00
2021-09-13,7.32,7.80,7.32,7.75,154300,1220685.00
2021-09-14,7.75,7.80,7.30,7.36,8200,60788.00
2021-09-15,7.59,7.60,7.48,7.54,4100,30900.00
2021-09-16,7.32,7.40,7.21,7.24,9500,69235.00
2021-09-17,7.47,7.47,7.20,7.45,4300,31132.00
2021-09-22,7.47,7.73,7.20,7.29,24900,183529.92
2021-09-23,7.50,7.70,7.32,7.50,80200,600861.00
2021-09-24,7.68,7.68,7.22,7.65,83800,623084.50
2021-09-27,7.60,7.70,7.29,7.37,197500,1464263.63
2021-09-28,7.25,7.49,7.22,7.49,170100,1249126.00
2021-09-29,7.25,7.73,7.22,7.44,54600,407596.75
2021-09-30,7.63,7.84,7.42,7.62,108000,822352.00
2021-10-08,7.81,7.87,7.81,7.87,2200,17188.00
2021-10-11,7.98,7.98,7.61,7.95,27800,213452.00
2021-10-12,8.02,8.21,7.70,8.21,107400,857368.06
2021-10-13,8.00,8.92,8.00,8.82,381400,3265739.25
2021-10-14,8.60,8.88,8.58,8.66,84600,739874.00
2021-10-15,8.80,8.80,8.58,8.72,307200,2053815.00
2021-10-18,8.78,9.66,8.75,9.59,277800,2520164.00
2021-10-19,9.64,9.64,9.35,9.43,69700,662718.25
2021-10-20,9.62,9.62,8.64,9.00,68400,632845.00
2021-10-21,9.10,9.10,8.25,8.60,69300,580103.00
2021-10-22,8.70,8.72,8.30,8.64,69700,582138.38
2021-10-25,8.64,8.78,8.41,8.75,7700,66438.00
2021-10-26,8.47,8.80,8.35,8.51,81800,698906.00
2021-10-27,8.64,8.64,8.35,8.45,51300,435643.81
2021-10-28,8.30,8.30,7.95,7.95,74500,603014.00
2021-10-29,8.00,8.00,8.00,8.00,100,800.00
2021-11-01,7.99,7.99,7.99,7.99,3000,23970.00
2021-11-02,8.00,8.00,8.00,8.00,1400,11200.00
2021-11-03,8.00,8.10,7.98,8.00,84500,678964.25
2021-11-04,7.85,8.18,7.85,8.18,40300,323721.09
2021-11-05,7.92,8.28,7.90,7.91,61600,488163.00
2021-11-08,7.80,7.94,7.79,7.83,50900,398746.00
2021-11-09,7.90,8.24,7.88,8.24,14500,114420.00
2021-11-10,7.94,8.27,7.94,8.27,100,834.94
2021-11-11,8.28,8.29,7.95,8.20,49000,398769.41
2021-11-12,8.30,9.05,8.10,8.93,114700,978212.00
2021-11-15,9.00,9.03,8.89,9.03,15800,141834.59
2021-11-16,8.80,9.03,8.75,8.85,36300,321611.00
2021-11-17,8.99,8.99,8.60,8.88,32300,284481.00
2021-11-18,9.00,9.00,8.75,8.89,53900,479773.00
2021-11-19,8.76,8.99,8.76,8.93,47100,417329.00
2021-11-22,8.99,8.99,8.71,8.93,8200,71833.00
2021-11-23,8.97,8.99,8.80,8.83,53100,471741.00
2021-11-24,8.75,8.92,8.60,8.81,30900,269286.00
2021-11-25,8.60,8.71,8.37,8.68,61900,531112.06
2021-11-26,8.72,8.99,8.55,8.60,27700,241915.00
2021-11-29,8.93,8.99,8.58,8.93,15800,140731.00
2021-11-30,8.95,8.95,8.52,8.64,12000,103781.25
2021-12-01,8.79,9.20,8.72,8.83,165500,1469849.00
2021-12-02,9.04,9.04,8.82,8.87,68800,613559.00
2021-12-03,8.87,10.52,8.87,9.37,366600,3417254.25
2021-12-06,9.30,9.30,9.00,9.01,105600,962908.38
2021-12-07,9.00,9.10,8.88,8.88,68600,613174.94
2021-12-08,8.76,8.88,8.70,8.80,13600,119065.52
2021-12-09,8.80,8.85,8.60,8.83,107200,941591.00
2021-12-10,9.00,9.00,9.00,9.00,100,900.00
2021-12-13,9.00,9.04,8.99,9.00,159900,1439236.25
2021-12-14,9.07,9.50,9.07,9.22,33300,304027.00
2021-12-15,9.31,9.31,9.08,9.18,4000,36781.00
2021-12-16,9.24,9.24,9.08,9.09,6700,60943.00
2021-12-17,9.38,9.38,8.93,8.93,56900,516408.19
2021-12-20,9.08,9.08,8.89,9.02,43900,391988.69
2021-12-21,9.05,9.05,9.05,9.05,200,1810.00
2021-12-22,8.88,8.96,8.75,8.87,23300,205554.88
2021-12-23,8.85,8.88,8.80,8.87,26100,230558.00
2021-12-24,8.85,8.85,8.57,8.71,20300,177053.00
2021-12-27,8.70,8.76,8.70,8.76,14800,129340.00
2021-12-28,8.85,8.85,8.66,8.68,10900,94452.26
2021-12-29,8.77,8.77,8.68,8.76,3000,26163.00
2021-12-30,8.77,8.79,8.75,8.75,10300,89909.12
2021-12-31,8.51,8.79,8.51,8.70,11900,103290.00
2022-01-04,8.77,8.89,8.70,8.85,34100,301349.00
2022-01-05,8.89,8.89,8.80,8.88,3000,27000.27
2022-01-06,8.85,8.93,8.85,8.91,3300,29328.00
2022-01-07,8.93,8.93,8.56,8.67,57400,498559.00
2022-01-10,8.55,8.87,8.55,8.70,24300,208321.00
2022-01-11,8.78,8.93,8.55,8.60,122800,1058747.13
2022-01-12,8.59,8.80,8.59,8.80,59200,508727.00
2022-01-13,8.76,8.76,8.76,8.76,1800,15768.00
2022-01-14,8.79,8.79,8.58,8.71,2200,19035.00
2022-01-17,8.72,8.72,8.72,8.72,100,873.00
2022-01-18,8.70,8.70,8.70,8.70,2000,17400.00
2022-01-19,8.68,8.68,8.39,8.45,1200,10258.00
2022-01-20,8.66,8.70,8.47,8.68,57400,493072.09
2022-01-21,8.67,8.67,8.60,8.60,10700,92069.00
2022-01-24,8.53,8.66,8.53,8.60,45600,390897.19
2022-01-25,8.57,8.60,8.47,8.47,26200,223555.80
2022-01-26,8.60,8.60,8.46,8.49,9600,81293.37
2022-01-27,8.34,8.50,8.20,8.24,62300,522259.34
2022-01-28,8.32,8.39,8.20,8.39,5100,42262.50
2022-02-07,8.60,8.60,8.22,8.43,20500,170420.38
2022-02-08,8.45,8.45,8.45,8.45,700,5915.00
2022-02-09,8.20,8.43,8.17,8.18,19700,161952.56
2022-02-10,8.06,8.30,7.95,8.00,17300,138520.70
2022-02-11,8.25,8.25,8.25,8.25,100,825.00
2022-02-14,8.01,8.27,7.91,8.18,5500,44416.00
2022-02-16,8.10,8.24,8.10,8.17,45200,367584.63
2022-02-17,8.10,8.10,8.10,8.10,1000,8100.00
2022-02-18,8.18,8.18,8.18,8.18,200,1636.00
2022-02-21,8.16,8.16,8.01,8.16,18100,145146.00
2022-02-23,7.86,8.22,7.86,8.22,13800,111870.78
2022-02-24,7.88,8.22,7.88,8.22,14600,115430.00
2022-02-25,7.88,8.09,7.86,8.09,12600,99573.00
2022-02-28,7.85,8.10,7.70,7.71,10800,84851.00
2022-03-01,7.89,7.89,7.88,7.88,5000,39442.00
2022-03-03,7.52,7.61,7.51,7.53,4800,36039.90
2022-03-04,7.50,7.69,7.42,7.69,2500,18765.00
2022-03-07,7.34,7.60,7.33,7.60,10600,77845.00
2022-03-08,7.39,7.70,7.39,7.64,2400,18221.00
2022-03-09,7.33,7.49,6.84,7.06,84400,597458.81
2022-03-10,7.12,7.12,6.86,6.90,6100,42311.00
2022-03-11,6.89,6.89,6.83,6.85,3000,20550.00
2022-03-14,6.56,6.60,6.42,6.60,7700,50748.12
2022-03-15,6.38,6.48,6.18,6.33,12000,76241.78
2022-03-16,6.14,6.21,5.79,6.21,38000,227634.41
2022-03-17,6.29,6.39,6.22,6.25,6300,39537.00
2022-03-18,6.50,6.50,6.50,6.50,1000,6500.00
2022-03-21,6.52,6.53,6.52,6.53,2000,13050.00
2022-03-22,6.52,6.78,6.47,6.78,15900,103647.00
2022-03-23,6.78,7.00,6.78,7.00,85200,579240.88
2022-03-24,6.84,6.84,6.84,6.84,400,2736.00
2022-03-25,6.84,6.84,6.84,6.84,1000,6840.00
2022-03-28,7.10,7.10,7.10,7.10,100,710.00
2022-03-30,7.10,7.10,7.10,7.10,1000,7100.00
2022-03-31,6.92,7.09,6.86,6.87,9500,65092.04
2022-04-01,6.84,7.12,6.84,7.10,7900,54622.60
2022-04-07,6.95,7.03,6.95,6.97,3000,20874.00
2022-04-08,7.07,7.07,7.00,7.02,400,2723.00
2022-04-14,7.06,7.06,6.90,6.90,3800,26252.00
2022-04-15,6.80,6.80,6.75,6.76,8000,54050.00
2022-04-18,6.75,6.75,6.75,6.75,1000,6750.00
2022-04-19,6.70,6.70,6.58,6.65,22100,145925.00
2022-04-21,6.65,6.65,6.32,6.36,22200,143164.00
2022-04-22,6.39,6.39,6.36,6.36,2200,13996.00
2022-04-25,6.34,6.34,6.10,6.10,4100,25364.00
2022-04-26,6.01,6.07,6.00,6.00,12100,72907.00
2022-04-27,5.94,6.00,5.94,6.00,17000,101930.00
2022-04-29,5.80,6.00,5.70,5.93,44500,258639.22
2022-05-05,6.10,6.15,6.10,6.15,3100,18915.00
2022-05-06,6.01,6.21,6.01,6.13,11800,72414.31
2022-05-09,6.42,6.66,6.42,6.65,8100,53740.90
2022-05-10,6.50,7.10,6.50,7.10,36100,249438.00
2022-05-11,7.20,7.68,7.20,7.40,100000,742705.19
2022-05-12,7.48,8.00,7.48,7.70,69300,539264.31
2022-05-13,7.81,7.82,7.75,7.75,5000,39293.24
2022-05-16,7.70,7.70,7.70,7.70,5600,43197.00
2022-05-17,7.62,7.72,7.62,7.72,1500,11603.52
2022-05-18,7.34,7.34,7.33,7.34,4000,29350.00
2022-05-19,7.59,7.60,7.45,7.60,15800,119237.20
2022-05-20,7.69,7.69,7.69,7.69,400,3437.43
2022-05-23,7.66,7.66,7.66,7.66,2000,15320.00
2022-05-24,7.62,7.62,7.60,7.60,1200,9124.00
2022-05-25,8.02,8.50,7.60,8.31,468000,3697168.50
2022-05-26,8.39,8.64,8.39,8.62,125000,1066688.13
2022-05-27,8.63,8.63,8.39,8.47,47900,406693.84
2022-05-30,8.59,8.60,8.31,8.45,93700,791326.25
2022-05-31,8.32,8.60,8.32,8.51,69000,584250.00
2022-06-01,8.79,8.79,8.42,8.49,11000,93714.00
2022-06-02,8.41,8.41,8.08,8.12,54100,449262.00
2022-06-06,8.06,8.06,7.61,7.68,210800,1632786.63
2022-06-07,7.70,7.70,7.50,7.50,22000,168110.00
2022-06-08,7.59,7.62,7.50,7.58,42600,323134.00
2022-06-09,7.41,7.41,7.11,7.25,135500,979094.75
2022-06-10,7.31,7.60,7.31,7.60,18300,136127.00
2022-06-13,7.69,7.73,7.58,7.58,51700,395283.81
2022-06-14,7.50,7.58,7.37,7.57,8600,64658.00
2022-06-15,7.62,7.84,7.62,7.79,10000,76634.35
2022-06-16,7.84,7.94,7.61,7.91,8900,69918.00
2022-06-17,7.94,7.95,7.68,7.95,4500,35077.00
2022-06-20,7.75,7.83,7.75,7.80,17000,132490.00
2022-06-21,7.66,7.88,7.60,7.80,39500,303459.41
2022-06-22,7.61,7.61,7.61,7.61,1000,7610.00
2022-06-24,7.46,7.49,7.44,7.44,10500,78111.83
2022-06-27,7.36,7.46,7.10,7.12,12800,92468.00
2022-06-28,7.34,7.47,7.12,7.17,22200,161392.00
2022-12-07,7.06,9.11,7.06,8.01,15501000,117573336.00
2022-12-08,7.70,7.95,7.32,7.75,7825076,59523012.00
2022-12-09,7.60,7.70,7.30,7.36,4817797,35866772.00
2022-12-12,7.30,7.30,6.86,7.13,3590172,25411572.00
2022-12-13,7.15,7.37,6.98,7.24,1713535,12317241.00
2022-12-14,7.17,7.24,7.00,7.19,1450060,10304245.00
2022-12-15,7.11,7.18,7.10,7.12,800748,5709434.50
2022-12-16,7.13,7.18,6.99,7.03,979441,6899720.00
2022-12-19,7.05,7.05,6.68,6.71,1009237,6878427.50
2022-12-20,6.74,6.79,6.48,6.67,517395,3439251.75
2022-12-21,6.69,6.78,6.51,6.65,726979,4831032.50
2022-12-22,6.71,6.71,6.35,6.43,1077723,7049546.50
2022-12-23,6.45,6.52,6.21,6.50,672191,4246837.50
2022-12-26,6.42,6.64,6.42,6.60,513587,3333857.75
2022-12-27,6.63,6.71,6.51,6.60,197170,1300575.75
2022-12-28,6.48,6.49,6.21,6.38,292965,1864278.25
2022-12-29,6.44,6.44,6.25,6.36,270403,1711969.75
2022-12-30,6.43,6.50,6.29,6.50,298311,1917648.25
2023-01-03,6.50,6.66,6.50,6.63,484458,3200393.25
2023-01-04,6.76,6.76,6.56,6.73,130524,871709.88
2023-01-05,6.71,6.83,6.69,6.74,280316,1897635.38
2023-01-06,6.66,6.70,6.58,6.63,329519,2176441.50
2023-01-09,6.55,6.65,6.49,6.52,387312,2530654.50
2023-01-10,6.47,6.55,6.35,6.45,324980,2092343.63
2023-01-11,6.51,6.51,6.40,6.48,253552,1634502.63
2023-01-12,6.53,6.54,6.43,6.46,201239,1304911.63
2023-01-13,6.40,6.51,6.40,6.50,154257,999506.81
2023-01-16,6.64,6.64,6.48,6.55,158533,1034602.75
2023-01-17,6.48,6.76,6.48,6.71,401417,2668405.25
2023-01-18,6.70,6.77,6.64,6.70,184358,1237018.13
2023-01-19,6.74,6.88,6.66,6.80,411934,2781275.50
2023-01-20,6.73,6.84,6.70,6.79,319914,2165797.00
2023-01-30,6.86,6.95,6.80,6.95,324664,2237903.00
2023-01-31,6.89,7.70,6.85,7.38,2010274,14757550.00
2023-02-01,7.50,7.50,7.17,7.26,1063604,7772240.00
2023-02-02,7.21,7.26,6.95,7.00,749834,5303126.50
2023-02-03,7.00,7.08,6.94,7.00,537284,3760752.00
2023-02-06,6.97,7.03,6.91,6.98,158570,1104002.00
2023-02-07,7.00,7.16,6.96,7.15,628747,4473655.50
2023-02-08,7.10,7.17,7.04,7.09,335425,2382541.25
2023-02-09,7.10,7.10,7.05,7.10,237713,1682662.88
2023-02-10,7.07,7.21,7.07,7.10,368337,2627113.50
2023-02-13,7.08,7.16,7.06,7.11,350740,2487603.00
2023-02-14,7.11,7.14,7.00,7.05,222927,1574277.88
2023-02-15,6.96,7.06,6.90,6.95,316409,2199348.25
2023-02-16,6.94,7.03,6.80,6.80,588267,4067057.75
2023-02-17,6.80,6.85,6.65,6.65,326151,2192128.75
2023-02-20,6.72,6.76,6.63,6.76,409828,2737883.50
2023-02-21,6.74,6.79,6.68,6.78,192981,1302477.88
2023-02-22,6.72,6.81,6.72,6.79,154391,1045818.94
2023-02-23,6.79,6.80,6.55,6.75,228880,1529530.75
2023-02-24,6.73,6.74,6.65,6.74,86400,578369.75
2023-02-27,6.77,6.77,6.60,6.67,99385,661760.94
2023-02-28,6.67,6.73,6.60,6.71,169098,1128245.38
2023-03-01,6.71,6.77,6.65,6.76,262695,1761303.88
2023-03-02,6.67,6.80,6.62,6.73,635667,4265770.00
2023-03-03,6.68,6.74,6.64,6.69,155504,1041778.06
2023-03-06,6.70,6.70,6.53,6.59,256303,1687716.00
2023-03-07,6.56,6.60,6.45,6.47,354924,2308494.25
2023-03-08,6.43,6.53,6.43,6.53,338445,2188897.75
2023-03-09,6.56,6.60,6.50,6.56,164777,1080521.88
2023-03-10,6.56,6.56,6.42,6.50,228312,1472311.13
2023-03-13,6.51,6.51,6.30,6.38,289142,1836881.25
2023-03-14,6.37,6.41,6.26,6.35,165123,1040120.50
2023-03-15,6.38,6.38,6.26,6.33,382440,2407648.00
2023-03-16,6.31,6.32,6.09,6.23,466022,2884938.75
2023-03-17,6.16,6.16,6.08,6.14,273596,1673626.88
2023-03-20,6.14,6.15,6.05,6.13,156846,957171.44
2023-03-21,6.08,6.28,6.05,6.22,351664,2170275.50
2023-03-22,6.16,6.48,6.15,6.29,601499,3810440.25
2023-03-23,6.33,6.34,6.22,6.28,427477,2684825.25
2023-03-24,6.29,6.39,6.26,6.28,323329,2034101.25
2023-03-27,6.23,6.30,6.17,6.28,307537,1912623.88
2023-03-28,6.28,6.28,6.19,6.24,93460,580574.44
2023-03-29,6.10,6.24,6.10,6.21,135493,837334.00
2023-03-30,6.16,6.23,6.05,6.12,688402,4179196.75
2023-03-31,6.12,6.17,6.02,6.10,141943,864653.94
2023-04-03,6.15,6.15,6.08,6.12,63687,388190.00
2023-04-04,6.06,6.12,6.03,6.12,276734,1678522.63
2023-04-06,6.07,6.12,6.03,6.07,400586,2432617.75
2023-04-07,6.04,6.10,6.03,6.08,155771,943063.00
2023-04-10,6.10,6.13,6.03,6.08,268174,1631213.50
2023-04-11,6.05,6.11,6.04,6.09,224187,1360606.00
2023-04-12,6.08,6.10,5.97,6.04,455224,2735789.00
2023-04-13,6.00,6.03,5.97,6.00,175045,1049518.25
2023-04-14,5.97,6.02,5.97,6.00,129730,777679.38
2023-04-17,5.98,6.01,5.93,5.99,220927,1318144.50
2023-04-18,5.93,6.01,5.93,6.01,203609,1214062.25
2023-04-19,5.99,6.00,5.90,5.99,425024,2525206.75
2023-04-20,5.93,5.97,5.90,5.97,86835,514548.09
2023-04-21,5.95,5.96,5.88,5.91,175943,1039470.81
2023-04-24,5.87,5.97,5.86,5.92,157534,932951.63
2023-04-25,5.90,5.92,5.73,5.92,474086,2755615.50
2023-04-26,5.85,5.92,5.78,5.91,272525,1598356.63
2023-04-27,5.91,6.39,5.89,6.29,878365,5438624.00
2023-04-28,6.10,6.15,6.00,6.10,440714,2674971.50
2023-05-04,6.03,6.11,6.01,6.07,310870,1879823.88
2023-05-05,6.06,6.20,5.94,6.18,745143,4536833.50
2023-05-08,6.13,6.34,6.12,6.29,767749,4785245.50
2023-05-09,6.27,6.29,6.05,6.17,278014,1726005.63
2023-05-10,6.09,6.18,6.04,6.11,208321,1268685.13
2023-05-11,6.08,6.12,6.00,6.10,171782,1043728.69
2023-05-12,6.18,6.18,5.99,6.09,584677,3535525.75
2023-05-15,6.01,6.08,6.00,6.06,147320,889129.38
2023-05-16,6.03,6.06,5.98,6.02,176710,1061292.13
2023-05-17,6.02,6.02,5.96,6.02,129040,773488.63
2023-05-18,6.05,6.09,5.98,6.03,213659,1290651.00
2023-05-19,6.04,6.04,5.94,6.03,129484,773943.50
2023-05-22,5.98,6.84,5.97,6.75,3361504,21977910.00
2023-05-23,7.68,8.77,7.67,8.77,7672064,65005884.00
2023-05-24,11.00,11.00,9.50,9.73,12775110,132290672.00
2023-05-25,9.18,9.99,8.50,9.29,7115065,65763312.00
2023-05-26,8.90,9.05,8.41,8.91,6094921,53158996.00
2023-05-29,8.75,8.88,8.20,8.55,3250070,27654914.00
2023-05-30,8.50,9.80,8.40,8.81,5244843,47349524.00
2023-05-31,9.03,10.00,8.61,9.48,4688584,43641552.00
2023-06-01,9.49,9.89,9.10,9.30,3169750,29686240.00
2023-06-02,9.19,9.25,8.80,8.90,2273116,20407264.00
2023-06-05,8.90,8.92,8.27,8.38,2279507,19323088.00
2023-06-06,8.52,8.86,8.22,8.31,2243194,19206882.00
2023-06-07,8.23,8.27,7.80,7.98,1942073,15574978.00
2023-06-08,7.81,7.96,7.60,7.70,1321655,10259921.00
2023-06-09,7.59,7.98,7.53,7.86,1726931,13206967.00
2023-06-12,7.89,7.89,7.25,7.32,2088626,15444578.00
2023-06-13,7.31,7.32,7.09,7.09,1630520,11624634.00
2023-06-14,7.13,7.30,7.01,7.11,890471,6308827.50
2023-06-15,7.10,7.42,6.99,7.30,1228010,8922447.00
2023-06-16,7.32,7.36,7.21,7.26,690969,5022615.00
2023-06-19,7.11,7.31,7.11,7.15,572894,4116558.25
2023-06-20,7.22,7.45,7.12,7.19,616241,4442627.50
2023-06-21,7.12,7.78,7.07,7.55,2157664,16063175.00
2023-06-26,7.41,7.43,7.13,7.13,1501006,10826789.00
2023-06-27,7.11,7.17,6.92,6.94,942710,6610779.00
2023-06-28,6.94,7.03,6.84,6.98,698457,4836847.50
2023-06-29,6.98,7.38,6.91,7.32,1931802,13901149.00
2023-06-30,7.22,7.35,7.17,7.23,900541,6519724.00
2023-07-03,7.33,7.47,7.11,7.29,851007,6152776.50
2023-07-04,7.36,7.36,7.20,7.23,682434,4942737.00
2023-07-05,7.19,7.28,7.10,7.20,717195,5151508.50
2023-07-06,7.18,7.27,7.11,7.21,468076,3361519.75
2023-07-07,7.14,7.24,7.11,7.13,680614,4878464.50
2023-07-10,7.04,7.17,7.04,7.12,788475,5594421.00
2023-07-11,7.18,7.18,7.06,7.12,277514,1971832.88
2023-07-12,7.12,7.12,6.81,6.95,783419,5457971.00
2023-07-13,7.00,8.50,7.00,8.14,5554938,44025660.00
2023-07-14,8.01,8.15,7.77,8.03,3519263,28007328.00
2023-07-17,8.01,8.84,7.90,8.41,2362357,20177236.00
2023-07-18,8.55,8.55,8.06,8.18,1552481,12730484.00
2023-07-19,8.00,8.30,7.70,7.85,1150054,9065037.00
2023-07-20,8.00,8.45,7.92,8.22,1334149,10998849.00
2023-07-21,8.36,9.01,8.30,8.69,2101728,18226666.00
2023-07-24,9.30,9.73,9.05,9.11,2857830,26695402.00
2023-07-25,8.87,9.24,8.76,8.83,1918756,17033714.00
2023-07-26,9.00,9.88,8.85,9.25,1249493,11610565.00
2023-07-27,9.46,9.46,8.97,9.05,1048625,9566015.00
2023-07-28,8.88,9.11,8.50,8.79,1674926,14603714.00
2023-07-31,8.79,9.00,8.56,8.59,834560,7283455.00
2023-08-01,8.51,9.21,8.45,9.09,1281869,11364616.00
2023-08-02,9.90,10.79,9.05,9.05,3891511,37867196.00
2023-08-03,8.60,8.72,8.31,8.63,2489688,21247892.00
2023-08-04,8.74,8.94,8.40,8.84,1131286,9837476.00
2023-08-07,8.64,9.18,8.60,8.98,1385045,12346906.00
2023-08-08,8.88,8.88,8.48,8.56,1029345,8836755.00
2023-08-09,8.53,8.66,8.21,8.56,1484013,12521447.00
2023-08-10,8.58,8.58,8.13,8.13,1124905,9298036.00
2023-08-11,8.25,8.40,8.10,8.12,706037,5808550.00
2023-08-14,8.20,8.33,8.08,8.17,515578,4218802.00
2023-08-15,8.29,8.30,8.06,8.11,597418,4885343.50
2023-08-16,8.09,8.21,7.91,7.91,485361,3916909.50
2023-08-17,7.77,7.80,7.48,7.51,1158499,8789798.00
2023-08-18,7.48,7.51,7.11,7.21,666735,4875018.00
2023-08-21,7.30,7.36,7.08,7.16,502777,3641262.50
2023-08-22,7.16,7.25,7.06,7.20,356769,2539041.25
2023-08-23,7.16,7.30,7.09,7.19,592915,4276609.50
2023-08-24,7.11,7.22,7.08,7.18,373938,2673838.75
2023-08-25,7.25,7.25,6.92,7.06,458463,3223924.00
2023-08-28,7.42,7.50,7.08,7.11,606064,4406184.00
2023-08-29,7.02,7.37,6.80,7.30,780517,5621475.00
2023-08-30,7.49,7.91,7.30,7.63,1273264,9699851.00
2023-08-31,7.65,7.77,7.41,7.64,676003,5099295.00
2023-09-01,7.53,7.90,7.53,7.74,618021,4800261.50
2023-09-04,8.01,8.39,7.80,8.09,1218234,9960257.00
2023-09-05,8.06,8.08,7.77,7.85,582360,4596556.00
2023-09-06,7.75,7.93,7.59,7.64,450119,3453219.25
2023-09-07,7.58,7.76,7.46,7.55,327109,2484237.75
2023-09-08,7.46,7.55,7.40,7.46,200908,1498433.88
2023-09-11,7.43,7.54,7.30,7.48,177455,1328058.00
2023-09-12,7.40,7.52,7.40,7.48,95427,711971.69
2023-09-13,7.41,7.50,7.34,7.36,287464,2126882.50
2023-09-14,7.42,7.42,7.27,7.37,526406,3862373.25
2023-09-15,7.38,7.48,7.36,7.40,203683,1512523.13
2023-09-18,7.69,8.20,7.69,7.89,1071061,8408464.00
2023-09-19,7.56,7.75,7.51,7.67,578905,4417673.50
2023-09-20,7.63,7.72,7.58,7.68,182777,1395946.50
2023-09-21,7.87,7.87,7.59,7.65,186361,1425420.00
2023-09-22,7.58,7.70,7.54,7.66,200368,1526094.13
2023-09-25,7.69,7.69,7.50,7.53,119186,902717.25
2023-09-26,7.53,7.58,7.50,7.53,110535,833269.31
2023-09-27,7.53,7.89,7.52,7.55,198825,1518319.63
2023-09-28,7.54,7.80,7.48,7.62,967638,7295000.50
2023-10-09,7.88,7.88,7.60,7.63,214317,1640043.75
2023-10-10,7.54,7.74,7.54,7.56,166285,1262262.75
2023-10-11,7.42,7.70,7.31,7.41,476788,3549132.75
2023-10-12,7.41,7.41,7.06,7.26,809588,5839787.00
2023-10-13,7.35,7.35,7.12,7.20,317837,2284650.00
2023-10-16,7.20,7.26,7.08,7.10,382118,2728372.75
2023-10-17,7.10,7.23,7.04,7.15,183181,1297172.75
2023-10-18,7.07,7.16,7.06,7.15,143837,1021790.44
2023-10-19,7.03,7.12,7.00,7.07,192756,1352927.50
2023-10-20,6.95,7.07,6.95,6.98,157082,1096620.38
2023-10-23,6.88,7.05,6.78,6.80,194464,1327840.13
2023-10-24,6.84,6.91,6.80,6.90,303315,2080867.00
2023-10-25,6.89,7.05,6.86,6.94,348029,2410346.75
2023-10-26,6.86,6.99,6.86,6.98,132908,923371.31
2023-10-27,7.10,7.37,6.91,7.20,517836,3674688.50
2023-10-30,7.25,7.35,7.11,7.33,590525,4276218.00
2023-10-31,7.13,7.14,6.83,6.97,1124888,7838740.50
2023-11-01,7.01,7.05,6.90,6.96,232278,1614807.25
2023-11-02,6.95,6.99,6.90,6.96,267519,1852397.50
2023-11-03,7.00,7.00,6.89,6.95,402523,2787055.75
2023-11-06,6.91,6.96,6.88,6.96,533315,3688611.00
2023-11-07,6.96,6.99,6.89,6.93,310148,2147400.25
2023-11-08,6.95,7.21,6.95,7.10,471226,3344409.00
2023-11-09,7.14,7.26,7.05,7.08,504266,3610505.00
2023-11-10,7.03,7.15,6.93,7.05,436240,3068080.00
2023-11-13,7.00,7.13,6.99,7.09,221723,1568945.50
2023-11-14,7.06,7.59,7.02,7.36,991962,7269694.00
2023-11-15,7.52,7.53,7.27,7.32,389986,2882788.00
2023-11-16,7.29,7.35,7.13,7.16,224985,1624245.88
2023-11-17,7.28,7.30,7.16,7.22,308639,2232285.00
2023-11-20,7.27,7.50,7.17,7.44,614513,4536112.00
2023-11-21,7.44,8.29,7.44,7.78,2717356,21602428.00
2023-11-22,7.60,8.43,7.60,8.38,3736751,30439038.00
2023-11-23,8.67,9.30,8.02,8.13,5238892,45283240.00
2023-11-24,8.02,8.95,7.82,8.92,6388175,54396276.00
2023-11-27,8.93,11.59,8.93,11.59,15648772,163767008.00
2023-11-28,10.02,11.58,9.90,10.22,11163049,118599392.00
2023-11-29,10.24,10.60,9.07,9.10,6562937,63646724.00
2023-11-30,9.00,9.39,8.70,8.90,4238147,37992992.00
2023-12-01,8.99,9.10,8.37,8.39,3274312,28380448.00
2023-12-04,8.37,8.98,8.29,8.60,2915728,25156030.00
2023-12-05,8.65,9.49,8.41,9.20,4667826,42244040.00
2023-12-06,9.22,9.97,9.09,9.45,5201144,49771992.00
2023-12-07,9.50,10.43,9.25,9.89,5437277,53899432.00
2023-12-08,10.24,10.39,9.63,9.83,3850257,38485020.00
2023-12-11,9.90,10.20,9.36,9.63,3305136,32226864.00
2023-12-12,9.94,11.50,9.81,10.58,5872401,62318876.00
2023-12-13,10.48,11.05,10.21,10.64,5029825,53562620.00
2023-12-14,10.41,11.08,10.35,10.60,4767778,50913812.00
2023-12-15,10.60,10.78,10.10,10.34,2369120,24581050.00
2023-12-18,10.27,12.40,10.27,11.62,7037165,79676296.00
2023-12-19,11.70,12.90,11.40,12.78,8007143,97250552.00
2023-12-20,12.31,15.88,11.91,15.04,12106737,166311264.00
2023-12-21,14.91,15.69,12.89,13.06,10133769,144391664.00
2023-12-22,13.06,14.83,12.51,14.83,8742876,121827144.00
2023-12-25,15.60,17.10,14.60,16.30,11248303,180073824.00
2023-12-26,15.60,16.10,14.75,15.82,8361561,130330840.00
2023-12-27,15.15,15.25,13.87,14.47,7482940,108319840.00
2023-12-28,14.20,14.80,13.76,14.13,5237271,74791744.00
2023-12-29,14.60,15.68,14.35,15.38,7245720,108940928.00
2024-01-02,16.15,17.36,14.88,16.48,10050586,161689968.00
2024-01-03,15.99,16.30,15.21,15.23,5083704,79753576.00
2024-01-04,14.80,16.18,14.55,15.62,6147073,95002648.00
2024-01-05,15.70,15.79,14.05,14.50,5212888,78001096.00
2024-01-08,14.38,14.85,13.00,13.10,3925610,53756368.00
2024-01-09,13.10,13.47,11.80,12.12,4712153,58735140.00
2024-01-10,12.15,12.45,11.71,12.33,2596780,31677660.00
2024-01-11,12.19,12.68,12.19,12.30,2214813,27511374.00
2024-01-12,12.11,12.35,10.45,10.45,4048519,46231620.00
2024-01-15,10.45,10.90,10.00,10.34,2608701,27290318.00
2024-01-16,10.50,11.75,10.14,11.60,4812145,52954416.00
2024-01-17,11.41,12.10,11.22,11.33,3517552,41045104.00
2024-01-18,11.34,11.75,10.93,11.75,2803601,32108698.00
2024-01-19,11.76,12.60,11.56,12.38,3529531,43148812.00
2024-01-22,12.29,12.45,11.21,11.54,2617895,30940254.00
2024-01-23,11.40,11.87,11.25,11.70,1885269,21828922.00
2024-01-24,12.09,12.68,11.88,12.28,4594425,56540872.00
2024-01-25,12.10,12.44,11.42,11.67,3812409,45428140.00
2024-01-26,11.63,12.78,11.60,11.76,4058423,50110188.00
2024-01-29,11.44,11.86,10.12,10.12,3240288,35657256.00
2024-01-30,10.40,10.79,10.00,10.66,2893027,30192950.00
2024-01-31,10.41,11.20,10.41,10.70,2425014,26340654.00
2024-02-01,10.97,11.65,10.72,11.05,3455431,38743776.00
2024-02-02,10.83,11.34,9.85,10.20,3066207,32213238.00
2024-02-05,10.01,10.43,9.46,9.71,2042298,20308404.00
2024-02-06,9.52,10.68,9.50,10.64,2887132,29834990.00
2024-02-07,10.83,11.65,10.50,10.65,3210321,35796704.00
2024-02-08,10.65,10.96,10.00,10.51,2439946,25464354.00
2024-02-19,10.88,10.88,10.25,10.65,1908238,20021650.00
2024-02-20,10.56,11.37,10.35,11.08,2313151,25326728.00
2024-02-21,10.78,11.50,10.78,11.00,2053679,22941914.00
2024-02-22,11.09,11.26,10.75,10.86,1962054,21513526.00
2024-02-23,10.89,10.95,10.31,10.42,2669086,28197318.00
2024-02-26,10.25,10.38,9.87,10.15,2690242,27154858.00
2024-02-27,10.15,10.74,10.14,10.60,2659048,27907466.00
2024-02-28,10.61,11.25,10.25,10.60,3151070,33901480.00
2024-02-29,10.28,11.20,10.28,11.06,2754647,29972800.00
2024-03-01,11.06,11.55,10.99,11.26,3049476,34420420.00
2024-03-04,11.30,12.17,11.27,11.72,5478010,64030664.00
2024-03-05,11.33,11.45,10.88,10.90,3403127,37815740.00
2024-03-06,10.90,11.33,10.73,10.80,2450895,26968672.00
2024-03-07,10.60,10.79,10.08,10.15,3163535,32983716.00
2024-03-08,10.20,10.37,9.88,9.90,2534129,25330102.00
2024-03-11,9.98,9.98,9.72,9.93,1641060,16118211.00
2024-03-12,9.96,10.38,9.91,9.99,1661794,16896350.00
2024-03-13,9.99,10.08,9.65,9.65,1860970,18238358.00
2024-03-14,9.76,10.04,9.46,9.48,2153978,20982312.00
2024-03-15,9.47,9.93,9.30,9.80,2340845,22685080.00
2024-03-18,9.87,9.90,9.68,9.81,1637646,16057805.00
2024-03-19,9.89,9.89,9.41,9.49,1894422,18238480.00
2024-03-20,9.55,9.89,9.40,9.62,2329678,22532652.00
2024-03-21,9.43,10.36,9.38,10.00,4410374,43628840.00
2024-03-22,9.76,9.89,9.56,9.56,2478247,24074404.00
2024-03-25,9.56,9.66,8.90,8.90,1913852,17833950.00
2024-03-26,8.98,9.04,8.48,8.58,1620323,14077008.00
2024-03-27,8.61,8.87,8.52,8.59,1400396,12222834.00
2024-03-28,8.69,8.80,8.51,8.57,1465172,12630257.00
2024-03-29,8.56,8.65,8.49,8.49,814818,6963979.00
2024-04-01,8.49,8.60,8.45,8.54,1130713,9619400.00
2024-04-02,8.57,8.62,8.45,8.45,991875,8444869.00
2024-04-03,8.51,8.51,8.25,8.27,834648,6976599.00
2024-04-08,8.30,8.33,7.76,7.76,1198987,9645398.00
2024-04-09,7.88,8.30,7.79,8.25,1292906,10411161.00
2024-04-10,8.18,8.84,8.18,8.45,2106510,17992588.00
2024-04-11,8.36,8.52,8.07,8.13,1148415,9554293.00
2024-04-12,8.04,8.43,8.00,8.19,1170741,9658660.00
2024-04-15,8.18,8.38,7.80,7.89,1363719,10881392.00
2024-04-16,7.82,7.89,7.12,7.15,1345633,9916874.00
2024-04-17,7.25,7.64,7.23,7.48,936267,6997109.50
2024-04-18,7.68,9.72,7.68,9.50,8755152,81733912.00
2024-04-19,8.95,8.95,8.30,8.44,6182171,53522748.00
2024-04-22,8.21,8.55,8.02,8.36,2435699,20027630.00
2024-04-23,8.38,8.40,8.09,8.11,1654363,13584953.00
2024-04-24,8.29,8.52,8.16,8.22,2137608,17681186.00
2024-04-25,8.17,8.28,8.03,8.05,1664075,13547305.00
2024-04-26,8.09,8.45,7.92,8.22,1670845,13705943.00
2024-04-29,8.19,8.60,7.99,8.37,2076211,17289632.00
2024-04-30,8.38,8.60,8.23,8.55,1396079,11776758.00
2024-05-06,8.69,8.98,8.61,8.92,2116490,18579308.00
2024-05-07,9.01,9.59,8.60,8.70,2026541,18448118.00
2024-05-08,8.50,8.97,8.49,8.68,1552003,13559902.00
2024-05-09,8.69,8.69,8.50,8.65,1139793,9809649.00
2024-05-10,8.66,8.81,8.51,8.68,960752,8340356.00
2024-05-13,8.64,8.79,8.48,8.58,744746,6414930.50
2024-05-14,8.58,8.60,8.30,8.43,773918,6524336.50
2024-05-15,8.42,8.42,8.00,8.14,1640679,13321896.00
2024-05-16,8.10,8.23,8.04,8.11,716817,5812407.50
2024-05-17,8.08,8.10,7.92,7.94,713231,5695622.00
2024-05-20,7.80,8.00,7.80,7.91,542405,4285188.00
2024-05-21,7.90,7.95,7.73,7.77,523985,4082772.50
2024-05-22,7.88,7.99,7.78,7.89,321113,2539546.25
2024-05-23,7.96,8.59,7.87,8.26,2259568,18720166.00
2024-05-24,8.29,8.44,8.00,8.08,1001426,8195562.50
2024-05-27,8.03,8.13,7.90,8.00,468673,3738417.75
2024-05-28,7.97,8.27,7.92,7.96,367655,2961315.50
2024-05-29,7.96,8.01,7.76,7.83,680767,5372708.00
2024-05-30,7.79,7.89,7.70,7.78,526679,4078967.00
2024-05-31,7.79,7.98,7.77,7.81,284731,2240254.50
2024-06-03,7.81,7.83,7.50,7.57,464924,3545958.75
2024-06-04,7.57,7.57,7.37,7.50,598685,4456442.00
2024-06-05,7.55,7.55,7.35,7.35,557283,4138986.00
2024-06-06,7.32,7.73,7.00,7.10,823739,5899764.00
2024-06-07,7.13,7.37,7.07,7.15,255959,1846720.00
2024-06-11,7.24,7.64,7.02,7.43,835826,6169700.50
2024-06-12,7.58,7.58,7.36,7.42,459236,3432114.25
2024-06-13,7.49,7.49,7.31,7.43,306971,2273552.00
2024-06-14,7.35,7.53,7.35,7.42,244234,1815094.13
2024-06-17,7.40,7.46,7.31,7.32,349003,2576037.75
2024-06-18,7.46,7.46,7.31,7.38,202029,1486625.25
2024-06-19,7.46,7.78,7.35,7.59,810885,6177533.00
2024-06-20,7.46,7.66,7.46,7.51,486987,3678383.25
2024-06-21,7.50,7.87,7.45,7.82,1081898,8378496.00
2024-06-24,7.87,7.87,7.46,7.46,622742,4754883.00
2024-06-25,7.50,7.64,7.20,7.30,604830,4508351.00
2024-06-26,7.43,7.78,7.16,7.62,792403,5980266.00
2024-06-27,7.51,7.58,7.36,7.40,500067,3721780.00
2024-06-28,7.36,7.49,7.23,7.30,460132,3373884.75
2024-07-01,7.25,7.32,7.12,7.17,434820,3126484.25
2024-07-02,7.23,7.28,7.08,7.13,376373,2692500.50
2024-07-03,7.16,7.16,6.90,7.00,595566,4163923.00
2024-07-04,7.02,7.14,6.85,6.93,318939,2237426.75
2024-07-05,6.98,6.99,6.81,6.96,276539,1901123.00
2024-07-08,6.99,6.99,6.60,6.64,324511,2187386.50
2024-07-09,6.63,6.78,6.42,6.70,311203,2068046.75
2024-07-10,6.70,6.75,6.55,6.60,145313,965210.19
2024-07-11,6.76,6.79,6.60,6.76,322830,2168520.25
2024-07-12,6.76,6.87,6.69,6.76,162478,1100999.88
2024-07-15,6.62,6.76,6.51,6.59,420838,2773754.00
2024-07-16,6.60,7.08,6.55,7.01,954051,6551746.00
2024-07-17,7.17,8.22,7.04,7.85,3250480,25111984.00
2024-07-18,7.90,8.77,7.69,7.79,3663817,30294520.00
2024-07-19,7.41,7.82,7.28,7.34,2765754,20641118.00
2024-07-22,7.28,7.38,7.10,7.18,1026642,7413150.50
2024-07-23,7.19,7.46,7.05,7.30,1404685,10147931.00
2024-07-24,7.29,7.30,7.04,7.07,891715,6334635.50
2024-07-25,7.02,7.20,6.99,7.09,565370,4024977.25
2024-07-26,7.14,7.22,7.06,7.14,490270,3497501.50
2024-07-29,7.20,7.20,7.04,7.07,247908,1759269.63
2024-07-30,7.05,7.18,7.00,7.05,544755,3857017.25
2024-07-31,7.08,7.24,6.90,7.22,1514148,10719034.00
2024-08-01,7.19,7.38,7.17,7.17,1024800,7458218.00
2024-08-02,7.17,7.83,7.14,7.35,2202422,16599083.00
2024-08-05,7.26,7.35,6.90,6.92,1404527,10006471.00
2024-08-06,7.05,7.22,6.93,7.16,923105,6538032.50
2024-08-07,7.10,7.17,7.05,7.13,527139,3737667.00
2024-08-08,7.19,7.60,7.15,7.16,1666134,12234847.00
2024-08-09,7.12,7.87,7.12,7.36,1612404,12022686.00
2024-08-12,7.16,7.76,7.12,7.76,1766054,13192342.00
2024-08-13,7.76,7.78,7.30,7.39,1082796,8074043.00
2024-08-14,7.55,8.37,7.55,7.71,2419719,18886116.00
2024-08-15,7.48,7.77,7.42,7.52,1574035,11916626.00
2024-08-16,7.40,7.45,7.20,7.26,1323213,9685779.00
2024-08-19,7.21,7.24,7.03,7.07,977397,6951982.50
2024-08-20,7.09,7.27,7.02,7.06,830721,5924948.50
2024-08-21,7.06,7.09,6.92,7.00,497912,3477260.25
2024-08-22,6.97,7.03,6.83,6.86,473362,3269250.25
2024-08-23,6.82,7.00,6.82,6.89,494496,3420253.00
2024-08-26,6.91,6.98,6.86,6.90,292420,2020343.25
2024-08-27,6.88,7.03,6.76,6.76,344885,2368127.50
2024-08-28,6.79,6.97,6.71,6.80,450295,3059610.00
2024-08-29,6.80,6.96,6.75,6.91,321907,2209268.50
2024-08-30,6.88,7.19,6.88,7.04,554325,3917419.00
2024-09-02,7.01,7.11,6.95,6.95,242653,1704865.75
2024-09-03,6.93,7.06,6.93,6.98,189669,1325799.63
2024-09-04,6.93,7.00,6.82,6.83,278037,1922863.75
2024-09-05,6.80,6.91,6.80,6.85,204631,1402293.00
2024-09-06,6.85,6.97,6.83,6.83,297986,2050739.75
2024-09-09,6.93,7.03,6.79,6.94,268409,1860835.75
2024-09-10,7.00,7.07,6.80,6.85,341625,2361859.25
2024-09-11,6.83,6.92,6.82,6.86,193711,1326825.63
2024-09-12,6.84,7.00,6.83,6.83,221721,1530253.75
2024-09-13,6.82,7.01,6.78,6.89,450201,3104665.50
2024-09-18,6.83,7.05,6.81,6.90,355142,2448100.75
2024-09-19,6.82,6.99,6.80,6.92,517578,3575407.75
2024-09-20,6.96,7.05,6.87,6.97,343950,2391498.75
2024-09-23,6.94,7.10,6.91,6.92,379609,2656336.00
2024-09-24,6.92,7.08,6.83,7.05,665583,4644212.50
2024-09-25,7.09,7.25,7.05,7.06,929173,6629611.50
2024-09-26,7.06,7.28,6.96,7.26,995253,7117387.00
2024-09-27,7.40,7.97,7.32,7.76,2103996,16118948.00
2024-09-30,8.15,9.44,7.96,9.12,3979332,34463408.00
2024-10-08,11.06,11.77,9.57,10.95,5982482,63010968.00
2024-10-09,10.10,10.59,9.00,9.00,3913831,38120424.00
2024-10-10,9.08,9.55,8.85,9.02,2622756,24034492.00
2024-10-11,9.15,9.15,8.10,8.29,1826467,15616299.00
2024-10-14,8.35,8.83,8.28,8.73,2251569,19215232.00
2024-10-15,8.72,9.04,8.44,8.57,2085658,18324936.00
2024-10-16,8.45,8.76,8.32,8.62,1644919,14070114.00
2024-10-17,8.81,10.53,8.74,9.50,7702212,74832136.00
2024-10-18,9.42,10.53,9.11,10.17,7515537,74791280.00
2024-10-21,10.22,11.75,10.21,11.51,8418498,91500776.00
2024-10-22,11.30,12.99,10.00,10.72,7814476,89651304.00
2024-10-23,10.21,11.18,10.21,10.96,5739319,61517800.00
2024-10-24,11.89,14.24,11.59,14.24,17035940,227113136.00
2024-10-25,14.60,15.99,13.35,13.35,19158254,276716192.00
2024-10-28,12.80,13.18,12.02,12.96,9613419,121421952.00
2024-10-29,13.50,13.88,12.80,13.05,8634937,113886688.00
2024-10-30,13.06,13.66,12.30,13.60,6945814,90540488.00
2024-10-31,13.39,13.69,12.47,12.67,6595235,85190048.00
2024-11-01,12.42,13.00,11.51,11.85,5248173,64505768.00
2024-11-04,11.51,12.40,11.50,12.30,2946402,35804240.00
2024-11-05,12.26,13.35,12.26,13.09,5371364,69130480.00
2024-11-06,13.51,13.99,13.11,13.57,6711571,90992104.00
2024-11-07,13.78,14.99,13.19,14.38,8924732,127240912.00
2024-11-08,14.65,14.77,13.29,13.52,6663852,93225112.00
2024-11-11,13.80,14.23,12.80,13.45,4210728,56425188.00
2024-11-12,13.35,15.89,13.21,14.30,10278944,152448864.00
2024-11-13,13.57,14.49,13.18,13.78,6203824,84917712.00
2024-11-14,13.79,13.90,13.00,13.07,3921313,52972180.00
2024-11-15,13.31,13.56,12.81,12.90,3501365,45860280.00
2024-11-18,12.90,13.29,12.32,12.49,3684988,47309688.00
2024-11-19,12.50,15.82,11.25,14.41,13523579,184494064.00
2024-11-20,13.38,15.69,13.10,14.94,12002915,171658928.00
2024-11-21,15.50,19.42,15.00,19.42,8815387,160791360.00
2024-11-22,22.00,25.18,19.46,19.60,22474230,499957536.00
2024-11-25,19.85,22.90,18.50,18.53,16891524,350541696.00
2024-11-26,17.04,19.50,16.61,16.61,13083360,232589072.00
2024-11-27,16.11,17.78,15.99,17.48,10186740,173097088.00
2024-11-28,17.20,17.75,16.50,16.64,11001739,188455200.00
2024-11-29,16.20,16.85,15.54,16.38,9775402,158452320.00
2024-12-02,16.50,16.99,16.12,16.53,7231389,120208616.00
2024-12-03,16.53,16.53,16.53,16.53,0,0.00
#数据来源:通达信
