430718 合肥高科 日线 不复权
      日期	    开盘	    最高	    最低	    收盘	    成交量	    成交额
2014-11-21,5.60,5.60,5.60,5.60,300000,1680000.00
2014-11-24,5.60,5.60,5.60,5.60,200000,1120000.00
2014-12-03,5.65,5.65,5.64,5.65,70000,395450.00
2014-12-05,5.65,5.65,5.65,5.65,5000,28250.00
2014-12-11,5.55,5.55,5.55,5.55,1000,5550.00
2014-12-16,5.65,5.65,5.55,5.55,33000,183450.00
2014-12-19,6.94,7.05,6.16,6.60,43000,284370.00
2014-12-22,6.27,6.27,6.15,6.15,44000,272810.00
2014-12-23,6.20,6.20,6.20,6.20,259000,1605800.00
2014-12-24,6.30,6.30,6.30,6.30,1000,6300.00
2014-12-25,6.30,6.30,6.25,6.25,2000,12550.00
2014-12-26,6.25,6.35,6.20,6.20,5000,31400.00
2015-01-05,6.30,6.30,6.30,6.30,1000,6300.00
2015-01-06,6.20,6.25,6.20,6.25,2000,12450.00
2015-01-07,6.30,6.30,6.30,6.30,1000,6300.00
2015-01-08,6.20,6.20,6.20,6.20,4000,24800.00
2015-01-12,6.20,6.20,6.05,6.05,3000,18300.00
2015-01-14,6.10,6.10,6.10,6.10,2000,12200.00
2015-01-15,6.20,6.20,6.20,6.20,2000,12400.00
2015-01-19,6.10,6.20,6.10,6.20,2000,12300.00
2015-01-20,6.15,6.20,6.15,6.20,3000,18550.00
2015-01-21,6.19,6.19,6.19,6.19,1000,6190.00
2015-01-26,6.20,6.20,6.20,6.20,2000,12400.00
2015-01-27,6.30,6.45,6.30,6.45,5000,31920.00
2015-01-28,6.45,6.57,6.45,6.57,3000,19520.00
2015-01-29,6.27,6.27,6.27,6.27,3000,18810.00
2015-02-05,6.25,6.25,6.20,6.20,2000,12450.00
2015-02-06,6.45,6.45,6.45,6.45,1000,6450.00
2015-02-09,6.25,6.25,6.18,6.18,3000,18630.00
2015-02-11,6.20,6.20,6.20,6.20,1000,6200.00
2015-02-12,6.20,6.20,6.20,6.20,1000,6200.00
2015-02-13,6.18,6.18,6.15,6.15,2000,12330.00
2015-02-16,6.15,6.15,6.15,6.15,1000,6150.00
2015-02-17,6.25,6.25,6.25,6.25,1000,6250.00
2015-02-25,6.20,6.20,6.04,6.04,4000,24420.00
2015-03-02,6.20,6.30,6.20,6.30,3000,18700.00
2015-03-03,6.30,6.73,6.30,6.73,27000,176800.00
2015-03-04,6.42,6.70,6.42,6.60,9000,58810.00
2015-03-05,6.69,7.15,6.50,6.50,114000,748840.00
2015-03-06,7.10,7.50,7.10,7.50,14000,102250.00
2015-03-09,7.60,8.70,7.60,8.70,47000,391380.00
2015-03-10,8.72,8.75,7.78,7.79,77000,645600.00
2015-03-12,7.95,7.95,7.60,7.60,3000,23150.00
2015-03-13,7.65,7.84,7.30,7.30,16000,121210.00
2015-03-16,7.62,7.70,7.62,7.70,6000,45840.00
2015-03-17,7.65,7.70,7.65,7.70,6000,46050.00
2015-03-18,7.74,7.75,7.74,7.75,9000,69700.00
2015-03-19,7.75,7.77,7.42,7.42,21000,157580.00
2015-03-20,7.77,7.77,7.77,7.77,1000,7770.00
2015-03-23,7.77,7.78,7.77,7.78,2000,15550.00
2015-03-24,7.77,7.89,7.39,7.89,50000,383450.00
2015-03-25,7.85,8.00,7.63,8.00,41000,322620.00
2015-03-26,7.95,8.20,7.95,8.20,49000,394360.00
2015-03-27,8.30,8.39,8.20,8.20,54000,450250.00
2015-03-30,8.29,8.89,8.29,8.89,78000,672260.00
2015-03-31,8.95,9.14,8.60,9.14,51000,455680.00
2015-04-01,9.20,9.57,8.89,9.57,115000,1070030.00
2015-04-02,9.60,10.60,9.41,10.39,236000,2352650.00
2015-04-03,10.65,12.35,10.46,10.46,195000,2245200.00
2015-04-07,12.29,12.63,9.00,11.80,585000,6135800.00
2015-04-08,10.00,12.16,10.00,11.05,181000,1948650.00
2015-04-09,11.30,11.30,10.74,11.00,36000,391320.00
2015-04-10,11.29,11.30,10.64,10.74,51000,553350.00
2015-04-13,10.69,10.70,9.68,10.18,68000,694990.00
2015-04-14,10.17,10.17,9.50,9.59,63000,624800.00
2015-04-15,9.50,9.59,9.12,9.38,55000,512500.00
2015-04-16,9.38,9.64,9.20,9.39,66000,625090.00
2015-04-17,8.93,9.55,8.93,9.55,58000,533910.00
2015-04-20,9.12,9.30,8.84,9.00,83000,746820.00
2015-04-21,8.84,9.14,8.55,8.75,28000,243940.00
2015-04-22,8.46,8.70,7.90,8.00,67000,547450.00
2015-04-23,8.35,8.53,7.85,8.31,106000,876450.00
2015-04-24,8.60,8.60,7.80,8.00,24000,195040.00
2015-04-27,7.89,8.18,7.42,7.43,35000,268870.00
2015-04-28,7.46,7.54,6.46,6.77,85000,588800.00
2015-04-29,6.75,7.33,6.75,7.30,62000,434970.00
2015-04-30,7.34,7.59,7.13,7.35,57000,415390.00
2015-05-04,7.48,7.97,7.35,7.40,86000,653090.00
2015-05-05,7.30,7.47,7.13,7.20,96000,694090.00
2015-05-06,7.50,7.50,7.50,7.50,2000,15000.00
2015-05-07,7.50,7.52,7.13,7.36,22000,160930.00
2015-05-08,7.45,7.80,7.17,7.80,24000,177300.00
2015-05-11,7.50,7.73,7.44,7.44,14000,105180.00
2015-05-12,7.70,8.00,7.50,7.90,25000,193140.00
2015-05-13,7.60,7.60,7.37,7.50,35000,261310.00
2015-05-14,7.40,7.73,6.94,7.30,86000,634570.00
2015-05-15,7.10,7.57,7.10,7.22,24000,177250.00
2015-05-18,7.47,8.00,7.12,7.37,28000,212870.00
2015-05-19,7.57,7.57,7.18,7.18,9000,66080.00
2015-05-20,7.13,7.45,7.00,7.20,46000,333570.00
2015-05-21,7.05,7.31,6.98,7.20,33000,236170.00
2015-05-22,7.00,7.36,7.00,7.20,43000,309250.00
2015-05-25,7.36,7.85,7.35,7.85,34000,253360.00
2015-05-26,7.90,8.05,7.70,7.70,25000,197780.00
2015-05-27,7.66,7.66,7.18,7.25,20000,147770.00
2015-05-28,7.08,7.35,7.08,7.35,3000,21680.00
2015-05-29,7.13,7.13,7.00,7.00,18000,126760.00
2015-06-01,7.13,7.13,6.96,6.96,35000,248130.00
2015-06-02,6.68,6.70,6.27,6.60,18000,117840.00
2015-06-03,6.41,6.54,6.40,6.54,42000,271010.00
2015-06-04,6.73,6.74,6.27,6.51,18000,116930.00
2015-06-05,6.73,6.73,6.39,6.39,8000,51740.00
2015-06-08,6.25,6.47,6.20,6.40,8000,50810.00
2015-06-09,6.55,6.55,6.55,6.55,2000,13100.00
2015-06-10,6.55,6.55,6.50,6.50,2000,13050.00
2015-06-11,6.36,6.40,6.33,6.36,20000,127300.00
2015-06-12,6.47,6.47,6.40,6.40,5000,32210.00
2015-06-15,6.00,6.90,5.98,6.60,679000,4111260.00
2015-06-16,6.45,6.60,6.35,6.48,7000,45240.00
2015-06-17,6.36,6.65,6.31,6.31,22000,140750.00
2015-06-19,6.32,6.32,6.23,6.23,4000,25160.00
2015-06-23,6.24,6.51,6.18,6.18,19000,119880.00
2015-06-24,6.27,6.28,6.18,6.28,8000,49970.00
2015-06-25,6.21,6.30,6.04,6.11,27000,165670.00
2015-06-26,6.04,6.08,5.70,5.70,24000,139160.00
2015-06-29,5.80,5.80,5.53,5.69,5000,28120.00
2015-06-30,5.84,5.84,5.57,5.68,17000,97210.00
2015-07-01,5.79,5.94,5.79,5.80,10000,58370.00
2015-07-02,5.66,5.85,5.60,5.85,6000,34110.00
2015-07-03,5.71,5.78,5.51,5.56,10000,56170.00
2015-07-06,5.47,5.51,4.85,5.04,31000,158480.00
2015-07-07,4.90,5.00,4.61,4.75,65000,308320.00
2015-07-08,4.66,4.66,4.46,4.46,6000,27520.00
2015-07-09,4.48,5.35,4.48,5.05,27000,133170.00
2015-07-10,5.15,6.30,5.15,5.99,150000,873810.00
2015-07-13,5.85,5.85,5.77,5.83,6000,34860.00
2015-07-14,5.71,5.71,5.71,5.71,1000,5710.00
2015-07-15,5.61,5.65,5.42,5.42,8000,44280.00
2015-07-16,5.49,5.55,5.42,5.42,18000,98490.00
2015-07-17,5.44,5.44,5.38,5.38,3000,16260.00
2015-07-20,5.23,5.49,5.23,5.49,19000,101540.00
2015-07-21,5.54,5.55,5.33,5.33,4000,21750.00
2015-07-22,5.33,5.33,5.33,5.33,1000,5330.00
2015-07-23,5.32,5.32,5.32,5.32,3000,15960.00
2015-07-24,4.89,5.16,4.89,5.16,5000,24890.00
2015-07-28,4.89,5.00,4.89,5.00,3000,14890.00
2015-07-29,5.10,5.10,5.10,5.10,3000,15300.00
2015-07-30,5.07,5.10,5.07,5.10,4000,20320.00
2015-07-31,4.85,4.85,4.85,4.85,3000,14550.00
2015-08-03,4.85,4.90,4.85,4.90,4000,19540.00
2015-08-05,4.84,5.03,4.79,5.03,11000,53950.00
2015-08-06,5.07,5.16,5.07,5.07,6000,30680.00
2015-08-07,5.09,5.25,5.09,5.25,7000,36240.00
2015-08-10,5.24,5.75,5.24,5.60,34000,188620.00
2015-08-11,5.74,6.04,5.74,5.85,19000,112810.00
2015-08-12,5.84,6.00,5.84,5.90,5000,29590.00
2015-08-13,5.94,6.04,5.80,5.80,9000,53600.00
2015-08-14,5.66,5.66,5.66,5.66,1000,5660.00
2015-08-17,5.46,5.50,5.46,5.50,2000,10960.00
2015-08-18,5.49,5.50,5.49,5.50,2000,10990.00
2015-08-19,5.54,5.56,5.47,5.50,24000,132530.00
2015-08-20,5.54,5.55,5.54,5.55,2000,11090.00
2015-08-21,5.32,5.52,5.31,5.52,16000,87680.00
2015-08-24,5.28,5.43,5.08,5.43,19000,100420.00
2015-08-25,5.19,5.40,5.17,5.40,24000,127670.00
2015-08-26,5.39,5.50,5.39,5.50,4000,21770.00
2015-08-27,5.28,5.31,5.18,5.20,14000,73280.00
2015-08-28,5.19,5.22,4.96,5.20,73000,375650.00
2015-09-01,4.98,4.98,4.78,4.80,9000,43390.00
2015-09-09,4.61,5.05,4.61,4.84,18000,86570.00
2015-09-10,4.66,4.73,4.66,4.73,2000,9400.00
2015-09-14,4.61,4.73,4.51,4.60,13000,60230.00
2015-09-24,4.55,4.75,4.50,4.56,10000,45770.00
2015-10-09,4.42,4.64,4.42,4.60,12000,55080.00
2015-10-14,4.42,4.42,4.42,4.42,1000,4420.00
2015-10-15,4.42,4.61,4.42,4.60,8000,36370.00
2015-10-16,4.65,4.65,4.41,4.55,16000,71520.00
2015-10-19,4.54,4.54,4.42,4.42,10000,44490.00
2015-10-20,4.50,4.50,4.48,4.48,12000,53980.00
2015-10-21,4.40,4.40,4.40,4.40,5000,22000.00
2015-10-22,4.34,4.40,4.34,4.40,4000,17480.00
2015-10-23,4.38,4.50,4.35,4.40,31000,136390.00
2015-10-28,4.55,4.73,4.50,4.71,17000,79080.00
2015-11-02,4.69,4.69,4.65,4.65,4000,18680.00
2015-11-06,4.69,4.91,4.69,4.91,7000,33540.00
2015-11-10,4.69,4.84,4.56,4.56,13000,61010.00
2015-11-11,4.60,5.10,4.60,5.10,23000,113330.00
2015-11-12,5.23,5.53,5.23,5.53,21000,112530.00
2015-11-13,5.68,5.72,5.44,5.45,23000,128480.00
2015-11-16,5.50,5.50,5.45,5.46,6000,32910.00
2015-11-17,5.35,5.89,5.32,5.61,24000,135280.00
2015-11-18,5.69,5.70,5.65,5.69,6000,34090.00
2015-11-19,5.80,5.80,5.60,5.65,7000,39710.00
2015-11-20,5.69,5.93,5.68,5.85,13000,75390.00
2015-11-23,5.95,6.00,4.98,5.18,128000,693390.00
2015-11-24,5.27,5.70,5.27,5.70,43000,235700.00
2015-11-25,5.77,6.08,5.75,5.80,42000,246850.00
2015-11-26,5.90,6.10,5.90,6.06,109000,658840.00
2015-11-27,6.09,6.10,5.80,6.05,21000,125800.00
2015-11-30,6.07,6.08,6.00,6.08,5000,30220.00
2015-12-01,6.09,6.09,6.05,6.07,8000,48550.00
2015-12-02,6.09,6.10,5.76,5.76,22000,131790.00
2015-12-03,5.63,5.65,5.42,5.65,18000,99540.00
2015-12-04,5.60,5.60,5.14,5.40,15000,80220.00
2015-12-07,5.25,5.25,5.04,5.10,13000,66810.00
2015-12-08,5.24,5.30,5.15,5.15,11000,57630.00
2015-12-09,5.20,5.30,5.14,5.28,27000,140790.00
2015-12-10,5.30,5.34,5.30,5.34,3000,15940.00
2015-12-11,5.45,5.45,5.19,5.19,6000,31760.00
2015-12-14,5.30,5.30,5.05,5.06,5000,25910.00
2015-12-15,5.06,5.06,5.04,5.04,4000,20200.00
2015-12-16,5.05,5.26,5.05,5.26,6000,30700.00
2015-12-17,5.23,5.23,5.18,5.18,3000,15630.00
2015-12-21,5.29,5.30,5.20,5.20,6000,31530.00
2015-12-22,5.05,5.15,4.89,4.89,9000,45200.00
2015-12-23,4.94,5.35,4.94,5.35,345000,1727200.00
2015-12-24,5.19,5.24,5.18,5.18,345000,1787270.00
2015-12-25,5.30,5.52,5.24,5.24,14000,74580.00
2015-12-28,5.30,5.34,5.25,5.27,54000,284410.00
2015-12-30,5.30,5.35,5.20,5.25,7000,36970.00
2015-12-31,5.30,5.31,5.25,5.25,6000,31720.00
2016-01-04,5.29,5.30,5.25,5.25,4000,21090.00
2016-01-05,5.30,5.34,5.25,5.25,5000,26450.00
2016-01-06,5.05,5.30,4.60,5.20,62000,302450.00
2016-01-07,5.29,5.29,5.04,5.20,8000,41060.00
2016-01-08,5.05,5.19,4.94,4.94,7000,35260.00
2016-01-11,5.00,5.00,4.80,4.80,21000,103320.00
2016-01-12,4.90,4.94,4.69,4.86,39000,189160.00
2016-01-14,4.75,4.75,4.71,4.71,4000,18920.00
2016-01-19,4.78,4.78,4.78,4.78,1000,4780.00
2016-01-20,4.79,4.80,4.75,4.75,14000,66980.00
2016-01-21,4.80,4.80,4.69,4.69,3000,14300.00
2016-01-22,4.80,4.80,4.69,4.69,2000,9500.00
2016-01-25,4.75,4.75,4.75,4.75,1000,4750.00
2016-01-27,4.79,4.79,4.42,4.44,11000,50110.00
2016-01-28,4.50,4.50,4.32,4.32,10000,44230.00
2016-01-29,4.40,4.60,4.32,4.60,111000,482830.00
2016-02-01,4.64,4.64,4.60,4.60,2000,9240.00
2016-02-03,4.48,4.48,4.48,4.48,1000,4480.00
2016-02-15,4.55,4.64,4.55,4.60,16000,73710.00
2016-02-18,4.46,4.46,4.46,4.46,3000,13410.00
2016-02-19,4.50,4.50,4.50,4.50,1000,4500.00
2016-02-22,4.55,4.60,4.55,4.55,3000,13700.00
2016-02-23,4.39,4.39,4.37,4.37,7000,30620.00
2016-02-24,4.26,4.26,4.23,4.25,6000,25440.00
2016-02-25,4.14,4.14,4.04,4.04,6000,24540.00
2016-02-29,3.96,4.09,3.95,4.00,23000,91970.00
2016-03-01,4.00,4.00,4.00,4.00,3000,12000.00
2016-03-03,3.91,3.95,3.90,3.95,7000,27410.00
2016-03-04,4.00,4.28,4.00,4.28,31000,127520.00
2016-03-07,4.30,4.42,4.30,4.30,36000,155230.00
2016-03-08,4.30,4.40,4.30,4.40,4000,17400.00
2016-03-09,4.44,4.66,4.40,4.50,21000,94830.00
2016-03-10,4.55,4.69,4.48,4.50,23000,104870.00
2016-03-11,4.60,4.65,4.48,4.65,9000,41240.00
2016-03-14,4.75,4.79,4.69,4.69,4000,19000.00
2016-03-15,4.82,4.82,4.67,4.67,2000,9500.00
2016-03-16,4.75,4.75,4.75,4.75,1000,4750.00
2016-03-17,4.64,4.65,4.60,4.65,19000,88080.00
2016-03-18,4.55,4.62,4.52,4.62,3000,13690.00
2016-03-21,4.71,4.71,4.71,4.71,1000,4720.00
2016-03-23,4.75,4.75,4.75,4.75,1000,4750.00
2016-03-24,4.79,4.79,4.75,4.75,2000,9540.00
2016-03-25,4.85,4.85,4.85,4.85,1000,4850.00
2016-03-28,4.75,4.75,4.73,4.73,4000,18950.00
2016-03-30,4.79,4.79,4.79,4.79,1000,4790.00
2016-03-31,4.62,4.62,4.59,4.59,5000,23030.00
2016-04-01,4.53,4.54,4.52,4.52,4000,18110.00
2016-04-05,4.62,4.62,4.62,4.62,1000,4620.00
2016-04-06,4.42,4.60,4.28,4.28,28000,121640.00
2016-04-07,4.35,4.35,4.17,4.25,7000,29760.00
2016-04-08,4.15,4.15,3.98,3.98,12000,48630.00
2016-04-11,4.08,4.23,4.08,4.21,10000,41470.00
2016-04-12,4.30,4.35,4.30,4.35,22000,94860.00
2016-04-13,4.40,4.48,4.40,4.48,5000,22260.00
2016-04-14,4.55,4.60,4.55,4.60,2000,9150.00
2016-04-15,4.67,4.67,4.67,4.67,3000,14040.00
2016-04-19,4.48,4.69,4.48,4.69,7000,32650.00
2016-04-20,4.66,4.66,4.65,4.65,3000,13970.00
2016-04-21,4.56,4.56,4.56,4.56,1000,4560.00
2016-04-22,4.42,4.42,4.42,4.42,3000,13270.00
2016-04-26,4.50,4.50,4.50,4.50,1000,4500.00
2016-04-27,4.50,4.50,4.50,4.50,1000,4500.00
2016-04-29,4.46,4.46,4.46,4.46,1000,4470.00
2016-05-03,4.33,4.33,4.33,4.33,1000,4330.00
2016-05-04,4.23,4.23,3.98,4.09,11000,45390.00
2016-05-05,4.10,4.17,4.10,4.17,6000,24710.00
2016-05-06,4.03,4.15,4.03,4.15,3000,12230.00
2016-05-13,4.19,4.25,4.15,4.17,9000,37700.00
2016-05-17,4.09,4.09,4.09,4.09,1000,4090.00
2016-05-18,4.15,4.30,4.15,4.30,9000,38050.00
2016-05-19,4.19,4.30,4.19,4.30,4000,16880.00
2016-05-20,4.35,4.35,4.21,4.21,5000,21500.00
2016-05-23,4.28,4.31,4.21,4.21,5000,21410.00
2016-05-24,4.32,4.36,4.32,4.36,4000,17380.00
2016-05-25,4.30,4.30,4.30,4.30,3000,12900.00
2016-05-26,4.35,4.50,4.30,4.50,8000,35040.00
2016-05-27,4.33,4.33,4.19,4.19,7000,29890.00
2016-05-30,4.25,4.25,4.07,4.07,4000,16600.00
2016-05-31,3.99,4.10,3.99,4.10,9000,36530.00
2016-06-01,4.21,4.30,4.19,4.21,12000,50800.00
2016-06-02,4.19,4.31,4.19,4.21,6000,25560.00
2016-06-03,4.30,4.32,4.30,4.32,3000,12920.00
2016-06-06,4.19,4.19,4.15,4.19,6000,25050.00
2016-06-07,4.11,4.11,4.11,4.11,1000,4110.00
2016-06-08,4.01,4.07,4.01,4.05,4000,16190.00
2016-06-13,4.13,4.13,4.13,4.13,1000,4130.00
2016-06-14,4.02,4.05,4.02,4.05,2000,8070.00
2016-06-15,3.98,4.00,3.97,4.00,14000,55840.00
2016-06-16,3.91,3.91,3.86,3.86,22000,85220.00
2016-06-20,3.80,3.85,3.77,3.85,8000,30390.00
2016-06-21,3.80,3.81,3.80,3.81,20000,76100.00
2016-06-24,3.85,3.85,3.85,3.85,1000,3850.00
2016-06-27,3.94,3.94,3.94,3.94,1000,3940.00
2016-06-28,3.83,3.83,3.57,3.60,52000,190310.00
2016-06-29,3.55,3.55,3.37,3.52,74000,254200.00
2016-06-30,3.38,3.39,3.38,3.39,2000,6770.00
2016-07-01,3.48,3.50,3.38,3.50,4000,13840.00
2016-07-04,3.53,3.65,3.53,3.65,8000,28680.00
2016-07-05,3.68,3.70,3.66,3.66,6000,22120.00
2016-07-07,3.58,3.61,3.51,3.51,10000,35730.00
2016-07-08,3.55,3.59,3.55,3.59,4000,14280.00
2016-07-11,3.65,3.75,3.65,3.75,6000,22160.00
2016-07-12,3.62,3.79,3.62,3.63,4000,14660.00
2016-07-13,3.68,3.69,3.59,3.62,23000,83130.00
2016-07-14,3.52,3.52,3.52,3.52,1000,3520.00
2016-07-19,3.42,3.42,3.42,3.42,5000,17100.00
2016-07-20,3.38,3.40,3.33,3.40,5000,16870.00
2016-07-21,3.45,3.45,3.45,3.45,1000,3450.00
2016-07-22,3.35,3.35,3.35,3.35,1000,3350.00
2016-07-28,3.33,3.33,3.33,3.33,1000,3330.00
2016-07-29,3.40,3.40,3.27,3.30,5000,16530.00
2016-08-01,3.23,3.24,3.23,3.24,2000,6470.00
2016-08-02,3.16,3.18,3.16,3.18,2000,6340.00
2016-08-04,3.20,3.20,3.20,3.20,1000,3200.00
2016-08-09,3.28,3.30,3.28,3.30,3000,9880.00
2016-08-16,3.31,3.36,3.31,3.31,7000,23340.00
2016-08-17,3.38,3.40,3.30,3.30,5000,16780.00
2016-08-23,3.23,3.23,2.96,3.06,27000,82730.00
2016-08-24,2.96,3.08,2.96,3.08,4000,12120.00
2016-08-29,3.10,3.10,3.10,3.10,5000,15500.00
2016-08-30,3.14,3.17,3.14,3.17,2000,6310.00
2016-08-31,3.21,3.22,3.21,3.22,4000,12860.00
2016-09-02,3.25,3.25,3.25,3.25,4000,13000.00
2016-09-07,3.20,3.20,3.19,3.20,3000,9590.00
2016-09-08,3.18,3.19,3.12,3.12,5000,15770.00
2016-09-09,3.09,3.12,3.09,3.12,3000,9330.00
2016-09-12,3.15,3.17,3.15,3.17,2000,6320.00
2016-09-19,3.17,3.20,3.17,3.20,5000,15950.00
2016-09-28,3.27,3.27,3.12,3.12,8000,25440.00
2016-09-29,3.03,3.38,3.00,3.38,7000,22090.00
2016-09-30,3.30,3.30,3.11,3.11,12000,38560.00
2016-10-10,3.18,3.20,3.11,3.11,8000,25300.00
2016-10-12,3.01,3.15,3.01,3.09,8000,24920.00
2016-10-14,3.12,3.12,3.05,3.05,8000,24780.00
2016-10-18,3.09,3.09,3.08,3.09,6000,18510.00
2016-10-19,3.10,3.10,3.10,3.10,1000,3100.00
2016-10-21,3.01,3.09,3.01,3.09,2000,6100.00
2016-10-24,3.10,3.10,3.10,3.10,3000,9300.00
2016-10-26,2.96,3.00,2.96,3.00,4000,11920.00
2016-10-27,2.95,3.02,2.86,2.92,20000,58750.00
2016-11-01,2.95,3.00,2.95,3.00,5000,14950.00
2016-11-02,3.02,3.03,3.00,3.00,8000,24140.00
2016-11-03,3.05,3.05,3.00,3.00,2000,6050.00
2016-11-04,2.91,3.06,2.90,3.00,17000,50650.00
2016-11-07,2.93,3.00,2.90,2.98,33000,96880.00
2016-11-14,2.90,2.92,2.86,2.90,9000,26040.00
2016-11-15,2.81,2.87,2.78,2.87,15000,41990.00
2016-11-17,2.90,2.94,2.90,2.93,6000,17550.00
2016-11-23,2.84,2.85,2.84,2.85,3000,8530.00
2016-12-06,2.79,2.80,2.78,2.80,9000,25120.00
2016-12-12,2.71,2.80,2.71,2.71,16000,43960.00
2016-12-14,2.66,2.75,2.66,2.66,7000,18820.00
2016-12-20,2.60,2.60,2.59,2.59,4000,10370.00
2016-12-21,2.63,2.65,2.63,2.65,3000,7910.00
2016-12-23,2.65,2.66,2.65,2.66,2000,5310.00
2016-12-27,2.59,2.59,2.52,2.52,7000,17950.00
2016-12-28,2.55,2.59,2.55,2.59,4000,10300.00
2016-12-29,2.62,2.65,2.62,2.65,5000,13200.00
2016-12-30,2.65,2.65,2.65,2.65,2000,5300.00
2017-01-04,2.65,2.67,2.56,2.56,4000,10440.00
2017-01-05,2.62,2.78,2.62,2.78,11000,29700.00
2017-01-09,2.82,2.85,2.82,2.85,3000,8520.00
2017-01-10,2.90,2.96,2.90,2.96,6000,17510.00
2017-01-12,2.86,2.86,2.85,2.85,4000,11430.00
2017-01-16,2.77,2.77,2.77,2.77,1000,2770.00
2017-01-18,2.71,2.72,2.64,2.64,15000,40250.00
2017-01-19,2.58,2.58,2.57,2.57,10000,25710.00
2017-01-23,2.60,2.60,2.60,2.60,1000,2600.00
2017-01-25,2.52,2.52,2.40,2.40,60000,146530.00
2017-01-26,2.44,2.45,2.44,2.45,6000,14650.00
2017-02-03,2.38,2.45,2.34,2.45,33000,79210.00
2017-02-06,2.47,2.48,2.44,2.48,6000,14800.00
2017-02-07,2.39,2.41,2.38,2.41,7000,16740.00
2017-02-08,2.34,2.38,2.33,2.38,7000,16440.00
2017-02-10,2.40,2.40,2.40,2.40,3000,7200.00
2017-02-13,2.45,2.46,2.45,2.46,5000,12270.00
2017-02-22,2.38,2.43,2.35,2.43,14000,33630.00
2017-02-23,2.34,2.45,2.33,2.45,19000,44980.00
2017-02-27,2.38,2.42,2.33,2.36,26000,61770.00
2017-02-28,2.40,2.52,2.40,2.52,13000,32210.00
2017-03-01,2.55,2.84,2.55,2.72,47000,127790.00
2017-03-02,2.76,2.95,2.76,2.88,24000,68700.00
2017-03-03,2.90,2.90,2.81,2.81,2000,5710.00
2017-03-06,2.86,3.01,2.78,2.89,43000,125140.00
2017-03-07,2.93,3.20,2.86,2.86,72000,215890.00
2017-03-08,2.92,2.93,2.85,2.85,7000,20270.00
2017-03-10,2.90,2.91,2.86,2.88,28000,80970.00
2017-03-13,2.90,3.01,2.89,2.91,28000,81760.00
2017-03-16,2.87,2.90,2.86,2.86,9000,25910.00
2017-03-17,2.91,2.91,2.87,2.91,3000,8690.00
2017-03-23,2.93,2.93,2.92,2.92,2000,5850.00
2017-03-24,2.96,3.00,2.95,3.00,7000,20770.00
2017-03-27,2.93,2.93,2.90,2.90,5000,14570.00
2017-03-28,2.93,2.93,2.93,2.93,2000,5860.00
2017-03-30,2.86,2.87,2.81,2.87,6000,16970.00
2017-03-31,2.77,2.80,2.76,2.80,28000,78110.00
2017-04-05,2.73,2.73,2.73,2.73,3000,8190.00
2017-04-06,2.80,2.80,2.80,2.80,1000,2800.00
2017-04-07,2.73,2.73,2.73,2.73,1000,2730.00
2017-04-11,2.67,2.67,2.67,2.67,1000,2670.00
2017-04-13,2.86,2.88,2.70,2.73,2034000,5832850.00
2017-04-14,2.75,2.80,2.73,2.73,6000,16620.00
2017-04-19,2.80,2.80,2.73,2.73,8000,22260.00
2017-04-20,2.68,2.68,2.68,2.68,1000,2680.00
2017-04-25,2.62,2.62,2.60,2.60,3000,7830.00
2017-04-26,2.63,2.63,2.50,2.50,7000,17910.00
2017-04-27,2.46,2.50,2.38,2.50,71000,173210.00
2017-04-28,2.53,2.60,2.53,2.60,8000,20460.00
2017-05-02,2.54,2.55,2.51,2.55,10000,25400.00
2017-05-03,2.51,2.51,2.51,2.51,1000,2510.00
2017-05-04,2.53,2.56,2.53,2.56,3000,7630.00
2017-05-05,2.60,2.63,2.60,2.63,3000,7830.00
2017-05-08,2.64,2.65,2.63,2.65,12000,31640.00
2017-05-09,2.68,2.73,2.68,2.73,7000,18870.00
2017-05-10,2.80,2.80,2.80,2.80,2000,5600.00
2017-05-11,2.82,2.82,2.76,2.78,10000,27980.00
2017-05-15,2.82,2.82,2.78,2.78,6000,16820.00
2017-05-18,2.71,2.73,2.69,2.73,5000,13510.00
2017-05-19,2.62,2.65,2.62,2.65,6000,15750.00
2017-05-22,2.70,2.70,2.70,2.70,1000,2700.00
2017-05-23,2.67,2.67,2.42,2.50,36000,90460.00
2017-05-26,2.51,2.51,2.51,2.51,1000,2510.00
2017-05-31,2.55,2.55,2.55,2.55,1000,2550.00
2017-06-13,2.58,2.60,2.58,2.60,10000,25900.00
2017-06-14,2.63,2.70,2.63,2.70,6000,16010.00
2017-06-20,2.63,2.71,2.63,2.71,6000,16180.00
2017-06-21,2.64,2.72,2.64,2.72,2000,5360.00
2017-06-27,2.75,2.75,2.75,2.75,1000,2750.00
2017-06-29,2.77,2.77,2.77,2.77,4000,11080.00
2017-06-30,2.78,2.78,2.78,2.78,1000,2780.00
2017-07-03,2.68,2.80,2.67,2.68,35000,95290.00
2017-07-04,2.68,2.72,2.68,2.72,12000,32200.00
2017-07-05,2.62,2.69,2.61,2.69,9000,23700.00
2017-07-06,2.70,2.70,2.70,2.70,1000,2700.00
2017-07-10,2.62,2.62,2.60,2.60,5000,13020.00
2017-07-13,2.65,2.65,2.65,2.65,1000,2650.00
2017-07-14,2.66,2.66,2.66,2.66,1000,2660.00
2017-07-18,2.69,2.69,2.69,2.69,1000,2690.00
2017-07-24,2.66,2.66,2.48,2.48,25000,64220.00
2017-07-25,2.49,2.50,2.33,2.38,56000,135720.00
2017-07-26,2.33,2.33,2.33,2.33,18000,41940.00
2017-07-27,2.36,2.36,2.36,2.36,5000,11850.00
2017-07-28,2.40,2.40,2.40,2.40,5000,12000.00
2017-07-31,2.45,2.60,2.45,2.53,76000,192380.00
2017-08-01,2.49,2.49,2.48,2.48,28000,69490.00
2017-08-04,2.49,2.49,2.49,2.49,1000,2490.00
2017-08-07,2.51,2.53,2.50,2.50,5000,12540.00
2017-08-11,2.55,2.55,2.55,2.55,4000,10200.00
2017-08-14,2.49,2.49,2.49,2.49,8000,19920.00
2017-08-16,2.55,2.55,2.55,2.55,1000,2550.00
2017-08-18,2.49,2.49,2.46,2.46,9000,22220.00
2017-08-21,2.50,2.58,2.50,2.50,8000,20200.00
2017-08-22,2.56,2.62,2.56,2.62,7000,18210.00
2017-08-24,2.65,2.66,2.64,2.66,8000,21190.00
2017-08-25,2.68,2.68,2.59,2.59,4000,10630.00
2017-08-28,2.58,2.58,2.57,2.57,13000,33510.00
2017-08-29,2.52,2.52,2.52,2.52,1000,2520.00
2017-09-01,2.48,2.48,2.47,2.47,2000,4950.00
2017-09-05,2.53,2.53,2.53,2.53,2000,5060.00
2017-09-11,2.57,2.58,2.53,2.53,13000,33320.00
2017-09-14,2.51,2.51,2.47,2.47,5000,12400.00
2017-09-19,2.49,2.51,2.49,2.51,3000,7500.00
2017-09-20,2.45,2.45,2.41,2.45,10000,24340.00
2017-09-21,2.39,2.39,2.36,2.36,5000,11910.00
2017-09-25,2.39,2.39,2.38,2.39,6000,14310.00
2017-10-12,2.42,2.46,2.42,2.46,5000,12240.00
2017-10-17,2.42,2.42,2.41,2.41,3000,7240.00
2017-10-18,2.40,2.40,2.40,2.40,1000,2400.00
2017-10-25,2.33,2.33,2.33,2.33,2000,4680.00
2017-10-26,2.28,2.28,2.28,2.28,4000,9120.00
2017-10-31,2.24,2.24,2.22,2.22,4000,8930.00
2017-11-01,2.25,2.25,2.25,2.25,1000,2250.00
2017-11-02,2.26,2.26,2.26,2.26,1000,2260.00
2017-11-06,2.28,2.32,2.28,2.32,6000,13820.00
2017-11-07,2.28,2.30,2.28,2.30,3000,6860.00
2017-11-09,2.34,2.34,2.34,2.34,4000,9400.00
2017-11-15,2.35,2.40,2.35,2.40,2000,4760.00
2017-11-22,2.41,2.43,2.41,2.41,6000,14510.00
2017-11-23,2.47,2.47,2.40,2.40,2000,4870.00
2017-11-24,2.38,2.38,2.33,2.33,6000,14170.00
2017-11-28,2.40,2.40,2.33,2.33,2000,4730.00
2017-11-29,2.29,2.32,2.28,2.32,3000,6890.00
2017-12-06,2.26,2.32,2.24,2.24,8000,18070.00
2017-12-07,2.28,2.28,2.24,2.24,4000,9080.00
2017-12-08,2.28,2.28,2.19,2.19,11000,24870.00
2017-12-12,2.25,2.25,2.25,2.25,1000,2250.00
2017-12-14,2.25,2.25,2.19,2.19,2000,4440.00
2017-12-19,2.11,2.11,2.11,2.11,1000,2120.00
2017-12-20,2.17,2.17,2.17,2.17,1000,2170.00
2017-12-25,2.20,2.20,2.20,2.20,4000,8800.00
2017-12-29,2.23,2.23,2.23,2.23,1000,2230.00
2018-01-09,2.25,2.27,2.25,2.27,5000,11290.00
2018-01-10,2.21,2.21,2.00,2.06,114000,233130.00
2018-01-11,2.02,2.04,2.01,2.02,29000,58490.00
2018-01-12,2.06,2.14,2.06,2.14,2010000,4210430.00
2018-01-15,2.15,2.15,2.15,2.15,1000,2150.00
2018-01-16,2.18,2.18,2.18,2.18,3000,6540.00
2018-01-17,2.21,2.22,2.21,2.22,8000,17690.00
2018-01-22,2.16,2.16,2.11,2.15,8000,17090.00
2018-01-23,2.17,2.17,2.17,2.17,1000,2170.00
2018-01-31,2.11,2.15,2.06,2.07,15000,31510.00
2018-02-01,2.10,2.10,2.09,2.10,6000,12640.00
2018-02-02,2.07,2.08,2.07,2.08,4000,8320.00
2018-02-08,2.03,2.03,2.03,2.03,1000,2030.00
2018-02-09,2.00,2.00,1.99,2.00,3000,5990.00
2018-02-12,1.97,1.97,1.97,1.97,1000,1970.00
2018-02-26,2.00,2.02,1.97,2.01,7000,14040.00
2018-02-28,1.96,2.00,1.94,1.96,4000,7850.00
2018-03-01,2.00,2.05,1.97,2.01,60000,120670.00
2018-03-05,1.96,1.96,1.96,1.96,1000,1960.00
2018-03-08,1.99,1.99,1.99,1.99,5000,9950.00
2018-03-09,2.00,2.06,2.00,2.06,14000,28330.00
2018-03-12,2.08,2.09,2.08,2.08,12000,25130.00
2018-03-14,2.04,2.04,2.03,2.03,13000,26410.00
2018-03-16,2.07,2.13,1.99,2.00,61000,126790.00
2018-03-20,1.97,2.08,1.97,2.05,23000,47060.00
2018-03-21,2.09,2.09,1.99,2.03,129000,262150.00
2018-03-22,1.98,2.06,1.98,1.98,20000,40580.00
2018-03-23,1.96,1.96,1.96,1.96,1000,1960.00
2018-03-26,2.00,2.00,2.00,2.00,20000,40000.00
2018-03-29,1.96,2.05,1.96,2.05,14000,27800.00
2018-03-30,2.00,2.05,1.95,1.97,26000,51790.00
2018-04-04,2.02,2.02,2.02,2.02,2000,4040.00
2018-04-17,1.97,1.97,1.93,1.94,7000,13620.00
2018-04-19,1.89,1.89,1.89,1.89,1000,1890.00
2018-04-20,1.86,1.86,1.86,1.86,1000,1860.00
2018-04-23,1.83,1.86,1.83,1.85,2000,3690.00
2018-04-24,1.81,1.81,1.81,1.81,1000,1810.00
2018-05-10,1.84,1.84,1.84,1.84,1000,1840.00
2018-05-18,1.85,1.85,1.85,1.85,1000,1850.00
2018-05-23,1.87,1.87,1.87,1.87,1000,1870.00
2018-05-24,1.88,2.01,1.88,2.00,24000,46690.00
2018-05-25,1.95,1.95,1.78,1.80,21000,38780.00
2018-05-28,1.83,1.85,1.83,1.85,6000,11060.00
2018-06-15,1.80,1.80,1.79,1.80,11000,19710.00
2018-06-19,1.73,1.75,1.73,1.75,11000,19060.00
2018-06-29,1.78,1.78,1.78,1.78,4000,7120.00
2018-07-05,1.75,1.75,1.75,1.75,1000,1750.00
2018-07-09,1.71,1.75,1.71,1.75,2000,3460.00
2018-07-10,1.78,1.85,1.78,1.84,10000,18170.00
2018-07-20,1.86,1.86,1.74,1.75,10000,17770.00
2018-07-24,1.73,1.73,1.71,1.71,5000,8570.00
2018-08-09,1.67,1.67,1.67,1.67,10000,16700.00
2018-08-21,1.63,1.63,1.62,1.63,4000,6510.00
2018-08-22,1.59,1.59,1.53,1.53,6000,9370.00
2018-08-23,1.51,1.52,1.42,1.45,102000,149780.00
2018-09-05,1.39,1.39,1.39,1.39,4000,5560.00
2018-09-12,1.36,1.36,1.36,1.36,2000,2720.00
2018-09-13,1.33,1.33,1.32,1.32,4000,5300.00
2018-09-14,1.34,1.37,1.34,1.36,15000,20330.00
2018-09-18,1.33,1.33,1.33,1.33,2000,2660.00
2018-09-19,1.36,1.36,1.36,1.36,8000,10880.00
2018-09-26,1.33,1.33,1.29,1.29,7000,9170.00
2018-10-09,1.26,1.26,1.26,1.26,1000,1260.00
2018-10-15,1.23,1.23,1.22,1.22,4000,4890.00
2018-10-16,1.25,1.25,1.17,1.17,13000,15790.00
2018-10-17,1.15,1.15,1.14,1.14,4000,4570.00
2018-10-18,1.11,1.11,1.04,1.08,9000,9820.00
2018-10-19,1.04,1.04,1.02,1.03,9000,9330.00
2018-10-25,1.00,1.00,1.00,1.00,2000,2000.00
2018-10-29,1.03,1.03,1.03,1.03,1000,1030.00
2018-10-30,1.03,1.03,1.03,1.03,2000,2060.00
2018-10-31,1.00,1.02,1.00,1.02,22000,22040.00
2018-11-02,1.02,1.02,1.02,1.02,5000,5100.00
2018-11-05,1.02,1.02,1.02,1.02,1000,1020.00
2018-11-06,1.02,1.02,1.02,1.02,1000,1020.00
2018-11-08,1.02,1.08,1.02,1.04,73000,75930.00
2018-11-09,1.01,1.01,1.00,1.00,3000,3010.00
2018-11-12,1.02,1.15,1.00,1.12,151000,155500.00
2018-11-13,1.12,1.16,1.12,1.14,16000,18230.00
2018-11-16,1.16,1.17,1.16,1.16,5000,5860.00
2018-11-20,1.20,1.38,1.20,1.36,49000,64020.00
2018-11-21,1.39,1.40,1.37,1.37,5000,6960.00
2018-11-22,1.36,1.37,1.34,1.36,5000,6790.00
2018-11-23,1.40,1.42,1.40,1.42,6000,8450.00
2018-11-26,1.45,1.49,1.43,1.44,26000,37740.00
2018-11-27,1.42,1.45,1.42,1.45,2000,2870.00
2018-11-28,1.42,1.48,1.42,1.44,12000,17250.00
2018-11-29,1.47,1.49,1.43,1.44,10000,14680.00
2018-12-04,1.43,1.43,1.37,1.40,6000,8380.00
2018-12-05,1.41,1.43,1.41,1.43,3000,4270.00
2018-12-07,1.45,1.46,1.45,1.46,3000,4370.00
2018-12-10,1.48,1.50,1.48,1.49,4000,5970.00
2018-12-11,1.52,1.52,1.52,1.52,3000,4560.00
2018-12-25,1.48,1.48,1.48,1.48,3000,4440.00
2018-12-26,1.50,1.52,1.50,1.51,4000,6040.00
2018-12-27,1.48,1.48,1.48,1.48,1000,1480.00
2019-01-08,1.45,1.45,1.45,1.45,1000,1450.00
2019-01-18,1.41,1.41,1.38,1.38,4000,5580.00
2019-01-21,1.35,1.38,1.35,1.38,2000,2730.00
2019-01-23,1.40,1.40,1.40,1.40,2078200,2494840.00
2019-01-24,1.37,1.37,1.36,1.37,2000,2730.00
2019-01-25,1.34,1.34,1.33,1.34,2000,2670.00
2019-04-25,1.34,1.34,1.34,1.34,1000,1340.00
2019-05-23,1.34,1.34,1.34,1.34,25000,33500.00
2019-10-28,1.35,1.35,1.35,1.35,6000,8100.00
2019-11-08,1.35,1.35,1.35,1.35,8000,10800.00
2019-12-16,1.35,1.35,1.35,1.35,20000,27000.00
2019-12-30,1.35,1.50,1.35,1.50,32000,46200.00
2019-12-31,1.51,1.51,1.51,1.51,17000,25670.00
2020-01-02,1.51,1.51,1.51,1.51,6000,9060.00
2020-01-03,1.51,1.55,1.51,1.55,12000,18400.00
2020-01-06,1.55,1.80,1.55,1.79,32000,51930.00
2020-01-07,1.79,1.80,1.79,1.80,18000,32250.00
2020-01-09,1.81,1.81,1.81,1.81,4000,7240.00
2020-01-13,1.89,1.89,1.89,1.89,2000,3780.00
2020-01-14,1.89,1.98,1.89,1.98,6000,11790.00
2020-01-20,1.99,1.99,1.99,1.99,9000,17910.00
2020-02-12,1.99,1.99,1.99,1.99,1000,1990.00
2020-03-04,1.56,1.61,1.56,1.61,6000,9610.00
2020-03-05,1.77,1.79,1.77,1.79,11000,19670.00
2020-03-06,1.79,1.99,1.79,1.99,23000,42260.00
2020-03-09,2.08,2.08,2.07,2.07,12000,24850.00
2020-03-10,2.07,2.07,2.07,2.07,13000,26910.00
2020-03-11,1.61,2.07,1.61,2.07,10000,18860.00
2020-03-12,2.07,2.07,2.00,2.00,4000,8100.00
2020-03-16,2.00,2.00,2.00,2.00,5000,10000.00
2020-03-17,2.00,2.00,2.00,2.00,4000,8000.00
2020-03-20,1.61,1.70,1.61,1.70,18000,29570.00
2020-04-10,1.32,1.65,1.32,1.65,11000,14850.00
2020-04-13,1.65,1.65,1.65,1.65,10000,16500.00
2020-04-14,1.47,1.47,1.47,1.47,5000,7350.00
2020-04-16,1.63,1.63,1.63,1.63,100,163.00
2020-04-20,1.62,1.62,1.62,1.62,3000,4860.00
2020-04-21,1.98,1.98,1.97,1.97,13000,25620.00
2020-04-23,1.51,1.51,1.51,1.51,3000,4530.00
2020-04-27,1.55,1.57,1.55,1.57,12800,19896.00
2020-04-28,1.66,1.86,1.66,1.86,10900,19657.00
2020-04-29,2.00,2.09,2.00,2.07,11400,23272.00
2020-04-30,2.01,2.02,2.01,2.02,5000,10060.00
2020-05-07,2.18,2.18,2.18,2.18,5800,12644.00
2020-05-12,2.08,2.08,2.08,2.08,7800,16302.00
2020-05-13,2.05,2.05,2.05,2.05,3000,6150.00
2020-05-18,2.05,2.05,2.05,2.05,1000,2050.00
2020-05-20,1.80,1.80,1.80,1.80,1000,1800.00
2020-05-29,1.80,2.00,1.65,1.78,9400,17030.00
2020-06-01,2.00,2.00,2.00,2.00,2000,4000.00
2020-06-02,1.99,1.99,1.85,1.85,25000,49050.00
2020-06-10,1.85,1.85,1.85,1.85,56700,105076.30
2020-06-11,1.85,1.85,1.85,1.85,1000000,2000000.00
2020-06-12,2.00,2.00,1.97,1.97,8300,16523.00
2020-06-15,1.97,2.00,1.97,2.00,826800,1653668.00
2020-06-16,2.01,2.01,1.97,1.97,4000,7960.00
2020-06-18,1.98,1.98,1.98,1.98,2800,5544.00
2020-06-19,2.00,2.00,2.00,2.00,1009700,2019400.00
2020-06-22,2.80,2.80,2.79,2.79,800,2239.90
2020-06-23,2.00,2.00,2.00,2.00,1000,2000.00
2020-06-29,2.00,2.00,2.00,2.00,1289800,2579774.00
2020-06-30,2.00,2.00,2.00,2.00,661000,1322000.00
2020-07-06,2.22,2.22,2.22,2.22,2900,6438.00
2020-07-07,2.22,2.22,2.22,2.22,4000,8880.00
2020-07-10,2.01,2.04,2.01,2.04,1000,2042.01
2020-07-13,2.05,2.20,2.00,2.20,29000,61050.00
2020-07-14,2.27,2.27,2.27,2.27,1000,2270.00
2020-07-20,2.40,2.40,2.40,2.40,8000,19200.00
2020-07-21,2.41,3.38,2.41,2.51,5000,12585.49
2020-07-23,2.55,2.55,2.55,2.55,1100,2805.00
2020-08-04,2.83,2.83,2.83,2.83,1000,2830.00
2020-08-05,2.86,2.86,2.50,2.50,32800,85317.50
2020-08-06,2.42,2.43,2.42,2.42,20400,49428.00
2020-08-07,2.40,2.40,2.34,2.34,12000,28700.00
2020-08-10,2.34,2.34,2.34,2.34,3900,9376.50
2020-08-17,2.05,2.05,2.05,2.05,1000,2050.00
2020-08-18,2.40,2.41,2.40,2.40,65900,158776.59
2020-08-19,2.42,2.42,2.41,2.41,4200,10159.59
2020-08-25,2.41,2.41,2.41,2.41,3800,9158.00
2020-08-27,2.40,2.40,2.40,2.40,1000,2400.00
2020-08-28,2.55,2.55,2.55,2.55,3000,7650.00
2020-08-31,2.90,2.90,2.90,2.90,100,290.00
2020-09-02,2.31,2.31,2.31,2.31,2000,4620.00
2020-09-07,2.64,2.64,2.64,2.64,100,264.00
2020-09-11,2.18,2.78,2.18,2.78,100,280.18
2020-09-15,2.78,2.78,2.78,2.78,1000,2780.00
2020-09-16,2.08,2.08,2.08,2.08,1000,2080.00
2020-09-17,2.27,2.27,2.27,2.27,6000,13620.00
2020-09-22,2.27,2.28,2.27,2.28,2000,4542.00
2020-09-25,2.40,2.40,2.40,2.40,2000,4800.00
2020-09-29,2.55,2.55,2.55,2.55,3400,8573.10
2020-10-12,2.55,2.77,2.55,2.77,2100,5377.00
2020-10-14,2.67,2.68,2.67,2.68,3500,9349.64
2020-10-16,2.11,2.11,2.11,2.11,500,1060.00
2020-10-19,2.06,2.22,2.06,2.22,500,1109.84
2020-10-20,2.45,2.45,2.45,2.45,0,2.45
2020-10-21,4.90,4.90,4.90,4.90,4000,19600.00
2020-10-28,2.45,2.45,2.45,2.45,100,245.00
2020-10-29,2.45,2.45,2.45,2.45,294000,676200.00
2020-11-03,3.29,3.32,3.20,3.20,3100,10169.00
2020-11-09,2.90,2.90,2.80,2.80,11000,31800.00
2020-11-10,3.98,3.98,3.98,3.98,100,398.00
2020-11-12,4.60,4.60,4.60,4.60,100,460.00
2020-12-04,4.30,4.30,4.25,4.25,5000,21300.00
2020-12-07,4.00,4.00,3.95,3.95,1000,3975.00
2020-12-10,3.95,3.95,3.95,3.95,2800,11052.10
2020-12-11,3.95,3.95,3.95,3.95,4400,17380.00
2020-12-22,3.95,3.95,3.95,3.95,10000,39500.00
2020-12-23,3.95,3.95,3.95,3.95,13000,51350.00
2020-12-24,3.95,3.95,3.94,3.94,16800,66300.00
2021-01-12,3.42,3.42,3.42,3.42,900,3078.00
2021-01-13,3.90,3.90,3.90,3.90,1900,7410.00
2021-01-14,3.90,3.90,3.90,3.90,1000,3900.00
2021-02-09,2.09,2.09,2.09,2.09,100,210.00
2021-02-10,4.19,4.19,4.19,4.19,100,420.00
2021-04-19,3.41,3.41,3.41,3.41,2000,6820.00
2021-06-22,3.03,3.03,2.44,2.44,15000,39550.00
2021-07-06,3.00,3.00,3.00,3.00,1000,3000.00
2021-07-13,3.00,3.00,3.00,3.00,4000,12000.00
2021-07-22,2.95,2.95,2.95,2.95,6000,17700.00
2021-07-29,2.95,2.95,2.95,2.95,500,1551.70
2021-08-04,2.95,2.95,2.88,2.88,4800,13964.70
2021-08-05,3.00,3.00,3.00,3.00,100,351.00
2021-09-03,3.00,3.00,3.00,3.00,68100,204237.00
2021-09-06,3.01,5.98,3.01,3.80,56600,191256.20
2021-09-07,3.80,3.80,3.57,3.80,30300,115136.00
2021-09-09,5.10,5.10,5.10,5.10,200,1014.90
2021-09-10,5.18,5.18,5.18,5.18,5000,25900.00
2021-09-14,5.18,5.18,4.98,4.98,5500,28107.91
2021-09-22,5.00,5.01,4.98,5.01,11200,55901.90
2021-09-23,5.00,5.00,4.01,5.00,3500,17372.00
2021-09-24,5.00,5.00,5.00,5.00,1000,5000.00
2021-09-28,5.46,5.46,5.46,5.46,300,1638.00
2021-09-29,5.00,5.00,5.00,5.00,100,500.00
2021-09-30,4.00,5.50,4.00,4.61,1900,8674.71
2021-10-08,4.50,4.50,4.50,4.50,0,4.50
2021-10-11,6.00,6.00,6.00,6.00,100,600.00
2021-11-09,5.41,5.41,4.11,4.55,1600,8056.00
2021-11-10,4.56,4.61,4.56,4.61,1000,4570.88
2021-11-16,4.00,4.00,4.00,4.00,5000,20000.00
2021-11-17,4.15,4.15,4.15,4.15,2000,8300.00
2021-11-18,4.19,4.50,4.19,4.50,1100,4920.00
2021-11-19,4.55,4.60,4.55,4.60,11300,51504.60
2021-11-23,4.79,4.79,4.79,4.79,1000,4790.00
2021-11-26,4.53,4.53,4.53,4.53,1000,4530.00
2021-11-29,4.73,4.73,4.73,4.73,4500,21330.00
2021-11-30,4.91,4.91,4.91,4.91,5300,26023.00
2021-12-01,4.98,4.98,4.60,4.60,13900,64637.20
2021-12-16,4.69,4.69,4.69,4.69,1800,8267.30
2021-12-20,5.01,5.57,5.01,5.10,16900,89144.04
2021-12-21,5.38,5.39,5.30,5.30,4800,25806.62
2021-12-22,5.30,5.99,5.19,5.30,7400,39047.93
2021-12-23,5.29,5.29,5.28,5.28,2000,10574.00
2021-12-27,5.12,5.12,5.10,5.10,4100,20950.00
2021-12-28,5.02,5.20,5.02,5.16,2600,13072.02
2021-12-29,5.21,5.28,5.21,5.27,9200,48349.00
2021-12-30,5.39,5.39,5.39,5.39,3100,16709.00
2021-12-31,5.49,5.50,5.49,5.50,4300,23498.75
2022-01-04,5.60,5.60,5.60,5.60,1900,10634.40
2022-01-05,6.50,6.50,5.87,5.87,10200,61877.00
2022-01-06,5.97,5.97,5.71,5.97,1900,11083.00
2022-01-07,5.97,6.00,5.97,6.00,14700,87972.00
2022-01-10,6.00,6.00,6.00,6.00,600,3600.00
2022-01-11,6.01,6.01,6.01,6.01,1000,6010.00
2022-01-12,6.09,6.09,6.09,6.09,7000,42569.10
2022-01-13,6.00,6.10,6.00,6.00,12400,74568.00
2022-01-14,6.00,6.01,6.00,6.01,3000,18324.00
2022-01-17,6.00,6.00,6.00,6.00,300,1656.00
2022-01-21,6.01,6.01,6.01,6.01,1000,6010.00
2022-01-25,6.08,6.98,6.08,6.98,16500,100471.20
2022-01-26,6.66,6.76,6.66,6.76,1100,7396.00
2022-01-27,6.76,6.76,6.76,6.76,1600,10816.00
2022-01-28,6.98,6.98,6.98,6.98,200,1396.00
2022-02-07,6.67,6.67,6.67,6.67,1500,10005.00
2022-02-08,6.50,6.50,6.50,6.50,1700,11050.00
2022-02-14,6.20,6.20,6.20,6.20,3600,22320.00
2022-02-15,6.20,6.20,6.20,6.20,5600,34720.00
2022-02-16,6.20,6.20,6.11,6.11,1500,9291.00
2022-02-17,6.00,6.00,6.00,6.00,200,1200.00
2022-02-23,5.81,5.81,4.87,4.87,700,3871.19
2022-02-28,4.55,4.55,4.55,4.55,1000,4550.00
2022-03-01,4.80,4.80,4.80,4.80,100,480.00
2022-03-02,5.04,5.04,5.04,5.04,300,1512.00
2022-03-04,4.59,5.18,4.59,5.15,18200,91693.00
2022-03-07,4.87,4.87,4.87,4.87,300,1461.00
2022-03-08,4.96,4.98,4.96,4.98,3900,19423.76
2022-03-11,4.96,4.96,4.50,4.96,700,3450.82
2022-03-15,2.70,4.60,2.70,4.60,300,1000.00
2022-03-16,4.59,4.59,4.59,4.59,2200,10098.00
2022-03-17,4.92,4.92,4.92,4.92,100,493.00
2022-03-18,4.92,4.92,4.92,4.92,3000,14790.00
2022-03-21,4.78,4.78,4.78,4.78,2000,9560.00
2022-03-22,3.39,5.50,3.39,5.28,2400,8875.26
2022-03-23,4.00,5.00,4.00,5.00,10400,51523.20
2022-03-29,3.88,3.88,3.88,3.88,0,3.88
2022-03-30,4.25,4.50,4.25,4.50,10000,44437.50
2022-04-01,4.58,4.59,4.58,4.59,500,2075.74
2022-04-06,5.12,5.76,5.12,5.76,12700,65703.46
2022-04-07,4.80,6.48,4.80,5.89,2500,13549.00
2022-04-08,5.00,5.99,5.00,5.99,21500,127823.68
2022-04-11,5.98,6.48,5.96,6.47,10600,65061.48
2022-04-12,6.39,6.39,6.39,6.39,4000,25560.00
2022-04-13,6.50,6.90,6.50,6.90,20900,137069.41
2022-04-15,6.50,6.50,6.50,6.50,200,1345.50
2022-04-18,6.49,6.80,6.49,6.80,7700,51460.40
2022-04-20,6.80,6.80,6.80,6.80,1000,6800.00
2022-04-21,6.48,6.98,6.48,6.97,2600,17470.48
2022-04-22,6.48,6.48,6.48,6.48,1000,6480.00
2022-04-27,6.90,6.90,6.47,6.47,1700,11300.00
2022-12-22,5.76,6.50,5.65,5.69,6748277,41040708.00
2022-12-23,5.58,5.60,5.18,5.19,2026114,10814151.00
2022-12-26,5.18,5.23,5.12,5.12,630442,3256973.50
2022-12-27,5.20,5.24,5.13,5.21,422275,2188881.25
2022-12-28,5.17,5.21,5.11,5.13,335494,1723143.75
2022-12-29,5.15,5.15,5.10,5.11,180162,921769.25
2022-12-30,5.12,5.15,5.07,5.11,238007,1213625.25
2023-01-03,5.15,5.18,5.09,5.17,208077,1067305.25
2023-01-04,5.17,5.17,5.13,5.15,125699,647467.50
2023-01-05,5.14,5.18,5.14,5.17,93648,482776.97
2023-01-06,5.15,5.18,5.14,5.15,157688,813528.63
2023-01-09,5.14,5.17,5.14,5.16,129765,669009.19
2023-01-10,5.17,5.17,5.11,5.13,146761,752736.13
2023-01-11,5.13,5.15,5.10,5.12,90641,464252.91
2023-01-12,5.11,5.14,5.11,5.11,82823,423904.97
2023-01-13,5.11,5.15,5.11,5.15,116087,596098.81
2023-01-16,5.13,5.18,5.13,5.17,168727,870717.56
2023-01-17,5.16,5.19,5.16,5.19,133865,692628.19
2023-01-18,5.17,5.21,5.17,5.20,197032,1022914.25
2023-01-19,5.20,5.27,5.18,5.25,239101,1248736.88
2023-01-20,5.26,5.34,5.23,5.33,338875,1794998.88
2023-01-30,5.36,5.39,5.34,5.35,378996,2031263.50
2023-01-31,5.35,6.07,5.33,5.99,2915532,16890848.00
2023-02-01,6.10,6.70,6.08,6.29,4334095,27978314.00
2023-02-02,6.05,6.08,5.51,5.75,2322848,13392550.00
2023-02-03,5.74,5.78,5.60,5.77,860843,4890488.50
2023-02-06,5.68,5.73,5.58,5.62,785379,4412276.50
2023-02-07,5.60,5.68,5.57,5.64,588059,3303037.75
2023-02-08,5.61,5.64,5.57,5.58,298828,1671824.25
2023-02-09,5.56,5.67,5.55,5.66,373545,2103889.50
2023-02-10,5.64,5.69,5.62,5.66,264798,1498626.25
2023-02-13,5.68,5.84,5.67,5.78,521668,3009581.00
2023-02-14,5.78,5.84,5.73,5.78,304879,1760148.00
2023-02-15,5.80,5.82,5.71,5.74,233295,1340874.00
2023-02-16,5.72,5.77,5.62,5.65,343355,1955186.88
2023-02-17,5.67,5.67,5.59,5.63,164988,930823.44
2023-02-20,5.62,5.65,5.56,5.63,327970,1835983.63
2023-02-21,5.60,5.64,5.58,5.63,217242,1216838.38
2023-02-22,5.58,5.63,5.56,5.60,129550,723917.00
2023-02-23,5.60,5.60,5.53,5.55,225542,1250953.88
2023-02-24,5.53,5.58,5.51,5.58,119070,659073.88
2023-02-27,5.54,5.54,5.50,5.51,126626,698192.81
2023-02-28,5.52,5.55,5.52,5.55,75738,419576.19
2023-03-01,5.52,5.59,5.52,5.57,128740,716873.25
2023-03-02,5.56,5.60,5.54,5.59,119968,667105.19
2023-03-03,5.53,5.60,5.53,5.58,74268,412028.69
2023-03-06,5.56,5.58,5.52,5.53,96627,535388.31
2023-03-07,5.57,5.57,5.47,5.47,157750,867821.69
2023-03-08,5.43,5.55,5.41,5.52,126816,693490.56
2023-03-09,5.53,5.53,5.46,5.50,39056,214088.22
2023-03-10,5.51,5.52,5.42,5.44,93970,512074.22
2023-03-13,5.39,5.49,5.38,5.40,107157,578888.06
2023-03-14,5.38,5.40,5.28,5.34,162337,864615.50
2023-03-15,5.32,5.38,5.32,5.34,55899,299188.31
2023-03-16,5.33,5.33,5.23,5.23,156868,827235.88
2023-03-17,5.23,5.30,5.23,5.26,108692,570493.56
2023-03-20,5.21,5.25,5.21,5.25,75622,395641.78
2023-03-21,5.21,5.30,5.21,5.30,68486,359896.09
2023-03-22,5.35,5.37,5.31,5.33,95939,511602.34
2023-03-23,5.28,5.32,5.27,5.32,117165,620425.19
2023-03-24,5.28,5.43,5.28,5.39,190058,1021962.75
2023-03-27,5.38,5.39,5.33,5.39,96930,520988.19
2023-03-28,5.34,5.36,5.33,5.33,37957,202439.97
2023-03-29,5.29,5.35,5.29,5.29,59558,316121.13
2023-03-30,5.28,5.28,5.19,5.19,214129,1118311.63
2023-03-31,5.20,5.24,5.17,5.20,42759,222351.41
2023-04-03,5.20,5.26,5.20,5.21,48275,252583.36
2023-04-04,5.20,5.23,5.19,5.20,55279,287661.25
2023-04-06,5.18,5.24,5.17,5.21,73617,381721.19
2023-04-07,5.20,5.27,5.20,5.25,100339,525820.38
2023-04-10,5.20,5.29,5.20,5.23,31167,162888.08
2023-04-11,5.20,5.26,5.20,5.24,29946,156796.09
2023-04-12,5.22,5.24,5.20,5.22,39942,208260.16
2023-04-13,5.21,5.24,5.20,5.21,47500,247523.00
2023-04-14,5.20,5.21,5.19,5.20,45847,238580.69
2023-04-17,5.22,5.22,5.20,5.22,44873,233692.42
2023-04-18,5.21,5.22,5.19,5.22,72859,379333.50
2023-04-19,5.22,5.22,5.18,5.19,89046,463052.91
2023-04-20,5.18,5.21,5.17,5.18,56749,294012.38
2023-04-21,5.18,5.18,5.11,5.11,130496,669906.88
2023-04-24,5.11,5.15,5.11,5.12,50410,258252.95
2023-04-25,5.12,5.12,5.07,5.09,84518,430239.63
2023-04-26,5.08,5.12,5.08,5.11,46463,237361.23
2023-04-27,5.11,5.15,5.09,5.12,67772,346564.47
2023-04-28,5.19,5.40,5.18,5.36,341311,1818097.50
2023-05-04,5.37,5.41,5.31,5.39,184913,992735.25
2023-05-05,5.33,5.54,5.33,5.52,444475,2441312.50
2023-05-08,5.52,5.70,5.50,5.69,799069,4517083.00
2023-05-09,5.75,5.75,5.43,5.44,624603,3474474.00
2023-05-10,5.45,5.52,5.39,5.40,133551,723962.25
2023-05-11,5.43,5.54,5.42,5.44,78289,429399.13
2023-05-12,5.41,5.54,5.41,5.46,80291,438353.31
2023-05-15,5.45,5.52,5.44,5.46,29492,161182.23
2023-05-16,5.44,5.46,5.41,5.42,53531,290565.03
2023-05-17,5.48,5.48,5.35,5.42,122628,659844.69
2023-05-18,5.43,5.45,5.33,5.42,161173,869227.06
2023-05-19,5.38,5.54,5.38,5.47,156768,858938.88
2023-05-22,5.44,5.52,5.44,5.48,117760,646821.25
2023-05-23,5.42,5.55,5.42,5.49,145149,795487.44
2023-05-24,5.51,5.62,5.44,5.58,415012,2315757.00
2023-05-25,5.57,5.58,5.48,5.53,158066,873386.69
2023-05-26,5.54,5.55,5.48,5.53,98288,542186.13
2023-05-29,5.51,5.51,5.43,5.44,109326,596315.75
2023-05-30,5.43,5.46,5.43,5.46,74052,402674.66
2023-05-31,5.45,5.52,5.45,5.48,78774,431870.16
2023-06-01,5.46,5.47,5.40,5.46,68300,372409.75
2023-06-02,5.45,5.48,5.45,5.45,42114,230076.72
2023-06-05,5.40,5.45,5.40,5.44,65500,354415.56
2023-06-06,5.46,5.46,5.32,5.38,98540,529215.38
2023-06-07,5.38,5.38,5.34,5.37,48498,259807.94
2023-06-08,5.34,5.36,5.32,5.35,75131,400674.25
2023-06-09,5.31,5.35,5.31,5.33,91350,486210.72
2023-06-12,5.31,5.31,5.23,5.23,153511,808804.88
2023-06-13,5.22,5.25,5.18,5.22,136758,710909.81
2023-06-14,5.22,5.23,5.21,5.22,103904,542842.50
2023-06-15,5.22,5.27,5.22,5.26,57082,299510.03
2023-06-16,5.26,5.32,5.26,5.29,56055,296152.69
2023-06-19,5.25,5.33,5.25,5.29,65895,349063.59
2023-06-20,5.26,5.31,5.25,5.26,77605,409910.50
2023-06-21,5.27,5.38,5.24,5.32,150445,800671.81
2023-06-26,5.34,5.34,5.25,5.25,115899,612151.31
2023-06-27,5.25,5.27,5.21,5.25,66542,348570.44
2023-06-28,5.27,5.31,5.26,5.28,38350,202848.48
2023-06-29,5.26,5.52,5.26,5.38,137915,742197.50
2023-06-30,5.38,5.45,5.38,5.42,89157,484202.31
2023-07-03,5.40,5.52,5.40,5.49,179700,983846.31
2023-07-04,5.52,5.53,5.44,5.49,136150,745661.31
2023-07-05,5.50,5.57,5.46,5.50,197345,1091466.13
2023-07-06,5.49,5.50,5.41,5.46,124317,678188.25
2023-07-07,5.36,5.42,5.35,5.38,43158,232285.59
2023-07-10,5.45,5.46,5.38,5.39,72505,393019.94
2023-07-11,5.35,5.39,5.35,5.38,50615,271491.41
2023-07-12,5.35,5.38,5.33,5.33,83168,445088.59
2023-07-13,5.32,5.42,5.32,5.38,56274,303201.88
2023-07-14,5.38,5.40,5.35,5.40,50155,269673.97
2023-07-17,5.39,5.41,5.37,5.41,31360,168907.20
2023-07-18,5.40,5.43,5.40,5.42,69992,378835.16
2023-07-19,5.42,5.42,5.38,5.39,55035,296811.13
2023-07-20,5.41,5.45,5.37,5.39,73369,397465.09
2023-07-21,5.41,5.41,5.39,5.41,562800,2809111.00
2023-07-24,5.47,5.47,5.42,5.45,325573,1777441.38
2023-07-25,5.47,5.51,5.45,5.47,286793,1573971.50
2023-07-26,5.46,5.47,5.43,5.45,175444,956157.06
2023-07-27,5.47,5.48,5.44,5.46,74860,408403.44
2023-07-28,5.45,5.53,5.44,5.50,308722,1696679.00
2023-07-31,5.53,5.62,5.53,5.55,429576,2395866.75
2023-08-01,5.52,5.58,5.50,5.58,245664,1358214.50
2023-08-02,5.54,5.59,5.51,5.53,220914,1224561.88
2023-08-03,5.55,5.58,5.51,5.53,139582,773818.13
2023-08-04,5.53,5.55,5.48,5.51,245229,1350831.88
2023-08-07,5.51,5.57,5.46,5.49,224261,1235405.13
2023-08-08,5.48,5.52,5.45,5.51,34144,187555.56
2023-08-09,5.46,5.50,5.46,5.47,37226,203644.95
2023-08-10,5.47,5.50,5.46,5.50,30800,168871.00
2023-08-11,5.49,5.51,5.47,5.50,51100,280528.69
2023-08-14,5.45,5.47,5.41,5.47,127268,692413.06
2023-08-15,5.48,5.49,5.43,5.46,94111,512628.22
2023-08-16,5.46,5.47,5.39,5.42,110770,600351.75
2023-08-17,5.44,5.45,5.39,5.44,103815,563824.19
2023-08-18,5.46,5.48,5.41,5.44,93579,508571.00
2023-08-21,5.45,5.48,5.41,5.45,136838,746204.19
2023-08-22,5.44,5.44,5.36,5.40,225100,1215982.75
2023-08-23,5.38,5.43,5.37,5.37,60207,324590.66
2023-08-24,5.37,5.39,5.29,5.39,250443,1335439.13
2023-08-25,5.36,5.45,5.35,5.35,126331,680941.31
2023-08-28,5.50,5.51,5.41,5.41,218431,1191443.88
2023-08-29,5.47,5.47,5.40,5.46,95945,522206.38
2023-08-30,5.47,5.48,5.42,5.47,55050,300277.06
2023-08-31,5.49,5.58,5.46,5.53,251235,1389543.13
2023-09-01,5.53,5.70,5.53,5.67,704928,3987695.50
2023-09-04,5.83,6.10,5.83,5.96,2531311,15090264.00
2023-09-05,5.99,6.05,5.81,5.81,664423,3919740.00
2023-09-06,5.89,5.89,5.76,5.86,387665,2255265.00
2023-09-07,5.79,5.85,5.72,5.72,253815,1465170.38
2023-09-08,5.76,5.77,5.64,5.70,316868,1800487.88
2023-09-11,5.72,5.72,5.65,5.70,259979,1476368.88
2023-09-12,5.71,5.73,5.68,5.69,117455,669437.19
2023-09-13,5.66,5.69,5.63,5.69,179134,1013488.19
2023-09-14,5.68,5.69,5.65,5.69,71875,407565.25
2023-09-15,5.68,5.68,5.60,5.61,183178,1030585.13
2023-09-18,5.56,5.69,5.56,5.65,142588,801012.00
2023-09-19,5.66,5.66,5.56,5.59,172243,964611.44
2023-09-20,5.54,5.57,5.51,5.57,96890,537295.50
2023-09-21,5.53,5.59,5.52,5.55,61954,343289.53
2023-09-22,5.51,5.62,5.51,5.60,94263,526914.94
2023-09-25,5.61,5.61,5.52,5.56,41771,231564.22
2023-09-26,5.52,5.57,5.51,5.54,60913,338616.50
2023-09-27,5.51,5.57,5.51,5.54,46601,258185.02
2023-09-28,5.56,5.65,5.52,5.62,177971,996757.50
2023-10-09,5.62,5.64,5.56,5.62,177878,998275.31
2023-10-10,5.60,5.60,5.55,5.58,93982,524247.91
2023-10-11,5.59,5.75,5.59,5.65,361500,2052208.13
2023-10-12,5.65,5.72,5.61,5.66,129109,729715.69
2023-10-13,5.65,5.65,5.60,5.60,67729,380871.84
2023-10-16,5.61,5.63,5.57,5.57,72465,405141.75
2023-10-17,5.57,5.57,5.52,5.52,106938,591775.44
2023-10-18,5.52,5.56,5.45,5.47,141162,775015.50
2023-10-19,5.47,5.51,5.46,5.46,54803,300659.59
2023-10-20,5.43,5.54,5.43,5.51,76600,421064.88
2023-10-23,5.45,5.52,5.39,5.44,117785,640821.75
2023-10-24,5.44,5.53,5.44,5.50,43399,238052.86
2023-10-25,5.57,5.60,5.51,5.55,91982,512716.94
2023-10-26,5.55,5.60,5.54,5.59,58573,327059.56
2023-10-27,5.61,5.71,5.56,5.63,688396,3897504.25
2023-10-30,5.63,5.73,5.61,5.69,301780,1715276.25
2023-10-31,5.70,5.71,5.62,5.62,288070,1630874.13
2023-11-01,5.66,5.67,5.63,5.65,99424,561318.75
2023-11-02,5.64,5.68,5.63,5.63,35971,202941.44
2023-11-03,5.65,5.70,5.63,5.68,265471,1509136.25
2023-11-06,5.68,5.73,5.68,5.72,127751,730425.00
2023-11-07,5.68,5.73,5.68,5.70,76083,433235.56
2023-11-08,5.70,5.99,5.68,5.85,762312,4462947.00
2023-11-09,5.85,5.98,5.81,5.94,928423,5497928.00
2023-11-10,5.97,5.98,5.88,5.93,412222,2443930.75
2023-11-13,5.93,5.93,5.86,5.88,324481,1908216.75
2023-11-14,5.88,6.01,5.84,5.98,338501,2003877.75
2023-11-15,5.98,6.08,5.96,6.02,385020,2323621.75
2023-11-16,5.99,5.99,5.88,5.89,311371,1839534.13
2023-11-17,5.89,5.94,5.87,5.90,188883,1116099.25
2023-11-20,5.97,6.26,5.91,6.16,834135,5094078.50
2023-11-21,6.21,7.58,6.21,6.77,4898071,33193196.00
2023-11-22,6.71,7.79,6.51,7.79,6363962,45967896.00
2023-11-23,8.00,9.30,7.76,7.99,7704785,64096224.00
2023-11-24,8.10,10.38,8.09,10.38,10820911,103030960.00
2023-11-27,11.88,12.56,10.00,12.56,12188607,137511232.00
2023-11-28,11.02,12.37,10.92,11.10,6508573,74927992.00
2023-11-29,11.25,11.48,9.60,9.62,4986031,51701544.00
2023-11-30,9.62,9.96,9.04,9.30,3092288,29428628.00
2023-12-01,9.49,9.80,9.11,9.23,2677252,25109204.00
2023-12-04,9.15,9.28,8.45,8.96,2038004,18199112.00
2023-12-05,8.95,10.58,8.91,10.39,5511095,55467432.00
2023-12-06,10.70,11.51,10.19,10.33,4845126,52781132.00
2023-12-07,10.11,10.95,9.90,10.82,3578530,37861204.00
2023-12-08,10.95,11.40,10.67,11.18,3561808,39365504.00
2023-12-11,11.30,11.31,10.03,10.30,2915031,31032370.00
2023-12-12,10.30,10.91,10.07,10.80,2226761,23578146.00
2023-12-13,10.89,11.28,10.54,11.12,4200140,46373144.00
2023-12-14,11.10,11.75,10.83,11.14,5072523,57417676.00
2023-12-15,11.14,11.78,10.80,11.25,3153532,35213516.00
2023-12-18,11.30,11.84,11.25,11.77,3935564,45698412.00
2023-12-19,11.85,11.93,11.00,11.50,3200376,36793420.00
2023-12-20,11.44,11.85,11.17,11.68,3692607,42804796.00
2023-12-21,11.68,12.28,10.23,10.28,5403481,61302704.00
2023-12-22,10.11,10.63,9.98,10.34,2287744,23451154.00
2023-12-25,10.35,11.29,10.26,11.26,3460099,37752672.00
2023-12-26,11.30,11.76,10.91,11.73,4063452,46659376.00
2023-12-27,11.56,12.48,11.10,12.13,4877847,58730308.00
2023-12-28,12.07,12.96,11.77,12.41,5090446,62815968.00
2023-12-29,12.26,13.18,12.23,12.92,3954837,50578600.00
2024-01-02,13.00,13.50,12.73,13.30,4142279,54023540.00
2024-01-03,13.20,13.66,12.74,13.08,2756078,36053508.00
2024-01-04,13.00,13.14,12.51,12.87,2609995,33442312.00
2024-01-05,12.77,12.99,11.99,12.13,2827410,35207936.00
2024-01-08,12.01,12.37,11.67,11.67,1658624,19767202.00
2024-01-09,11.90,12.04,10.36,11.18,2000026,22161318.00
2024-01-10,11.36,11.53,10.80,11.32,1307751,14692901.00
2024-01-11,11.46,11.52,10.93,11.34,876063,9869489.00
2024-01-12,11.30,11.31,10.05,10.09,1796683,18998592.00
2024-01-15,10.01,10.18,9.57,9.57,1506507,14780277.00
2024-01-16,9.66,10.42,9.23,10.40,2542190,25376024.00
2024-01-17,10.45,10.99,10.22,10.28,2616707,27769876.00
2024-01-18,10.20,10.85,9.80,10.64,2213218,23033902.00
2024-01-19,10.83,11.39,10.70,11.35,2896324,32250566.00
2024-01-22,11.21,11.55,10.68,11.03,2250795,24981610.00
2024-01-23,11.03,11.40,10.71,11.35,1506891,16637314.00
2024-01-24,11.42,11.47,10.50,11.28,2011270,22104018.00
2024-01-25,11.06,11.27,10.73,11.02,1379060,15145540.00
2024-01-26,10.90,11.17,10.72,10.87,1006271,11004805.00
2024-01-29,11.10,11.30,9.81,9.82,1660166,17504480.00
2024-01-30,9.80,10.45,9.45,9.80,1161605,11308462.00
2024-01-31,9.78,10.24,9.78,9.99,1140455,11455640.00
2024-02-01,10.15,10.15,9.54,9.73,731806,7173903.00
2024-02-02,9.64,9.84,8.50,9.50,1307203,12047123.00
2024-02-05,9.40,9.96,8.60,9.39,802516,7439552.50
2024-02-06,9.30,10.19,9.27,10.19,1728582,17162892.00
2024-02-07,10.40,10.68,9.72,9.82,1653851,17048262.00
2024-02-08,9.72,10.08,9.19,9.95,1171632,11355847.00
2024-02-19,10.00,10.18,9.76,10.09,1298935,12999019.00
2024-02-20,10.08,10.25,9.77,10.16,1331148,13435475.00
2024-02-21,10.15,10.38,9.97,10.11,1582452,16195371.00
2024-02-22,9.92,10.20,9.83,9.91,1068147,10608219.00
2024-02-23,9.91,9.95,9.38,9.50,1425494,13642052.00
2024-02-26,9.63,9.90,9.52,9.68,1191747,11568603.00
2024-02-27,9.62,10.32,9.56,10.20,1678874,16872038.00
2024-02-28,10.12,10.56,9.77,9.88,1693694,17261208.00
2024-02-29,9.88,10.13,9.67,10.11,907848,9079327.00
2024-03-01,10.10,10.49,10.10,10.43,1506024,15541214.00
2024-03-04,10.67,10.98,10.40,10.44,2253641,24175276.00
2024-03-05,10.31,10.38,9.83,9.97,1260954,12655298.00
2024-03-06,10.04,10.16,9.89,9.97,479635,4817832.50
2024-03-07,9.90,10.09,9.67,9.72,758719,7468316.00
2024-03-08,9.87,10.10,9.68,10.10,913770,9030030.00
2024-03-11,10.06,10.25,9.92,10.17,813095,8190674.50
2024-03-12,10.27,10.29,10.00,10.06,572770,5772561.50
2024-03-13,10.20,10.20,10.01,10.04,476251,4795928.00
2024-03-14,10.10,10.20,9.94,10.04,373160,3749749.00
2024-03-15,10.08,10.84,9.97,10.79,2533794,26903586.00
2024-03-18,10.79,11.26,10.79,11.01,1596358,17489754.00
2024-03-19,11.00,11.11,10.69,10.71,746577,8148911.50
2024-03-20,10.83,10.83,10.63,10.79,341088,3656387.00
2024-03-21,10.78,10.93,10.31,10.39,494548,5181425.50
2024-03-22,10.48,10.48,10.13,10.19,446415,4567637.50
2024-03-25,10.30,10.30,9.93,9.93,265525,2677840.75
2024-03-26,10.00,10.12,9.71,9.91,233758,2313010.75
2024-03-27,9.91,10.23,9.84,9.90,309852,3123307.25
2024-03-28,9.91,10.45,9.71,10.24,598596,6071257.00
2024-03-29,10.20,10.55,10.20,10.45,585535,6072176.50
2024-04-01,10.59,10.63,10.33,10.55,252499,2649287.75
2024-04-02,10.58,10.72,10.25,10.72,621438,6546603.50
2024-04-03,10.73,10.75,10.51,10.75,268235,2860068.50
2024-04-08,10.75,10.75,10.40,10.69,417741,4420698.00
2024-04-09,10.51,10.84,10.51,10.82,226506,2427713.50
2024-04-10,10.77,11.20,10.75,10.84,827748,9113756.00
2024-04-11,10.85,10.85,10.48,10.70,359738,3830887.75
2024-04-12,10.83,11.49,10.83,11.02,1094931,12182455.00
2024-04-15,10.92,11.12,10.20,10.90,1035176,11184817.00
2024-04-16,10.57,10.97,10.10,10.62,684929,7245810.50
2024-04-17,10.70,12.35,10.38,12.34,2801553,32395000.00
2024-04-18,12.30,13.50,11.73,12.20,6525626,83758048.00
2024-04-19,11.81,12.00,10.95,10.95,4916961,55692144.00
2024-04-22,10.96,11.00,9.82,9.86,4870804,50159872.00
2024-04-23,9.69,10.15,9.57,9.85,2348899,23161692.00
2024-04-24,9.80,9.86,9.62,9.75,1465898,14281139.00
2024-04-25,9.70,9.77,9.48,9.50,1440185,13830554.00
2024-04-26,9.44,9.79,9.37,9.79,1342371,12920735.00
2024-04-29,10.30,10.52,10.10,10.20,2231466,22987902.00
2024-04-30,10.25,10.88,10.21,10.22,1898992,19881308.00
2024-05-06,10.37,10.74,10.17,10.68,1407722,14572868.00
2024-05-07,10.69,10.80,10.40,10.43,982001,10400504.00
2024-05-08,10.46,10.49,10.19,10.23,669475,6899567.50
2024-05-09,10.33,10.49,10.22,10.33,503817,5227052.50
2024-05-10,10.36,10.43,10.14,10.39,465433,4781915.50
2024-05-13,10.46,10.88,10.24,10.58,1637758,17319566.00
2024-05-14,10.63,10.88,10.46,10.76,1011779,10811950.00
2024-05-15,10.67,10.85,10.53,10.81,918187,9841465.00
2024-05-16,10.75,10.87,10.67,10.68,664727,7133381.50
2024-05-17,10.68,10.88,10.41,10.88,747591,8000300.50
2024-05-20,10.90,11.29,10.72,10.94,549765,6049379.50
2024-05-21,11.03,11.03,10.70,10.85,394235,4275886.00
2024-05-22,10.72,11.11,10.71,10.87,334902,3632998.50
2024-05-23,10.89,11.51,10.62,11.27,1235376,13855805.00
2024-05-24,11.06,11.32,11.05,11.16,487975,5458958.00
2024-05-27,11.18,11.18,10.75,10.95,330317,3596795.75
2024-05-28,10.66,11.20,10.66,10.80,281872,3074403.75
2024-05-29,10.90,10.90,10.54,10.57,327521,3496884.25
2024-05-30,10.55,10.56,10.12,10.16,610095,6292658.00
2024-05-31,10.16,10.45,10.16,10.45,179413,1845673.88
2024-06-03,10.59,10.59,10.00,10.35,354583,3633622.75
2024-06-04,10.25,10.43,10.25,10.28,158012,1631319.75
2024-06-05,10.79,10.79,10.18,10.41,372957,3864763.25
2024-06-06,10.30,10.59,10.15,10.42,540235,5603239.50
2024-06-07,10.49,10.71,10.29,10.35,379627,3975556.75
2024-06-11,10.32,10.40,10.11,10.39,164307,1686429.38
2024-06-12,10.37,10.39,10.20,10.26,106923,1099415.88
2024-06-13,10.26,10.31,10.11,10.19,207256,2123471.75
2024-06-14,10.25,10.29,10.13,10.19,94877,966948.94
2024-06-17,10.09,10.33,10.09,10.30,211338,2166293.25
2024-06-18,10.33,10.68,10.21,10.58,559509,5860619.50
2024-06-19,10.65,10.85,10.31,10.80,959104,10289405.00
2024-06-20,10.78,10.98,10.57,10.80,2301526,24791712.00
2024-06-21,10.66,10.80,10.36,10.55,904637,9605197.00
2024-06-24,10.53,10.53,9.40,9.69,1193632,11750815.00
2024-06-25,9.70,9.75,9.18,9.67,1409628,13322194.00
2024-06-26,9.42,9.69,9.33,9.63,715931,6821220.00
2024-06-27,9.57,9.66,9.31,9.45,316923,2986706.25
2024-06-28,9.42,9.54,9.33,9.54,276692,2617077.00
2024-07-01,9.51,9.51,9.28,9.39,243024,2274846.00
2024-07-02,9.46,9.47,9.19,9.21,267841,2482315.75
2024-07-03,9.21,9.23,8.86,9.00,659326,5941825.00
2024-07-04,9.04,9.15,8.89,9.08,546917,4931755.50
2024-07-05,9.00,9.18,8.80,9.18,311684,2810649.50
2024-07-08,9.07,9.13,8.76,9.07,302944,2707246.50
2024-07-09,9.00,9.25,8.93,9.24,318788,2914752.25
2024-07-10,9.08,9.25,9.04,9.20,349201,3189163.50
2024-07-11,9.28,9.49,9.19,9.35,367650,3418957.25
2024-07-12,9.35,9.35,9.13,9.19,204287,1879881.38
2024-07-15,9.19,9.20,8.86,8.89,347143,3108249.25
2024-07-16,8.89,9.25,8.58,9.25,1980471,17660824.00
2024-07-17,9.20,10.25,9.10,10.03,3414779,33199292.00
2024-07-18,10.03,10.03,9.28,9.40,1745158,16630294.00
2024-07-19,9.40,9.55,9.20,9.22,800889,7497609.00
2024-07-22,9.22,9.28,9.00,9.07,392966,3581098.75
2024-07-23,9.04,9.32,8.89,8.90,382057,3464417.00
2024-07-24,8.97,9.05,8.72,8.79,412830,3651933.75
2024-07-25,8.72,8.95,8.72,8.87,413923,3661093.25
2024-07-26,9.18,9.55,9.16,9.22,1556407,14559578.00
2024-07-29,9.15,9.20,8.85,8.94,897494,8084080.50
2024-07-30,8.91,9.09,8.83,8.92,396756,3547364.75
2024-07-31,8.87,9.18,8.85,9.18,715605,6509692.00
2024-08-01,9.16,9.22,9.01,9.07,469429,4270347.00
2024-08-02,9.05,9.08,8.87,8.90,302181,2699245.75
2024-08-05,8.85,9.17,8.68,9.17,363678,3219774.00
2024-08-06,9.08,9.29,8.94,9.27,858390,7885481.00
2024-08-07,9.13,9.30,9.06,9.10,447082,4109855.25
2024-08-08,9.14,9.20,8.94,8.99,315590,2854572.50
2024-08-09,8.95,9.03,8.80,8.95,248932,2217367.75
2024-08-12,8.98,8.98,8.76,8.86,511015,4521274.00
2024-08-13,8.88,8.91,8.70,8.87,186624,1645387.25
2024-08-14,8.88,8.88,8.71,8.74,198816,1742835.88
2024-08-15,8.75,8.80,8.60,8.74,199357,1735269.38
2024-08-16,8.82,8.93,8.69,8.90,262118,2317582.25
2024-08-19,8.71,8.95,8.71,8.90,262075,2312438.75
2024-08-20,8.79,8.99,8.77,8.92,199627,1775743.38
2024-08-21,8.87,8.90,8.76,8.85,148498,1311030.50
2024-08-22,8.82,8.85,8.64,8.64,123124,1079080.38
2024-08-23,8.73,8.89,8.65,8.81,239345,2104316.50
2024-08-26,8.92,8.92,8.71,8.86,172007,1523857.50
2024-08-27,8.88,8.89,8.72,8.74,70492,619743.38
2024-08-28,8.80,8.84,8.70,8.80,68036,597570.81
2024-08-29,8.59,9.18,8.59,9.17,432427,3876277.25
2024-08-30,9.02,9.20,8.88,9.14,1083346,9813856.00
2024-09-02,9.08,9.08,8.83,8.89,255458,2277527.00
2024-09-03,8.81,8.91,8.79,8.80,269050,2375470.75
2024-09-04,8.77,8.80,8.62,8.69,240172,2087809.13
2024-09-05,8.77,8.79,8.66,8.74,108393,945458.81
2024-09-06,8.85,8.85,8.59,8.76,266414,2308241.75
2024-09-09,8.71,8.71,8.50,8.59,265668,2281930.75
2024-09-10,8.58,8.73,8.51,8.64,190103,1636070.25
2024-09-11,8.60,8.65,8.54,8.63,131023,1122135.38
2024-09-12,8.59,8.66,8.50,8.54,108025,924126.06
2024-09-13,8.51,8.79,8.37,8.58,652488,5587345.50
2024-09-18,8.58,8.58,8.40,8.48,117876,998286.19
2024-09-19,8.51,8.60,8.36,8.52,319296,2707692.00
2024-09-20,8.46,8.55,8.38,8.40,169923,1432405.38
2024-09-23,8.41,8.41,8.23,8.33,119870,999231.75
2024-09-24,8.32,8.54,8.27,8.49,608334,5120285.50
2024-09-25,8.67,8.75,8.39,8.45,1231029,10553705.00
2024-09-26,8.45,8.60,8.32,8.57,1233786,10383977.00
2024-09-27,8.76,9.43,8.68,9.17,3016999,27306554.00
2024-09-30,9.70,10.99,9.29,10.69,3331037,33845772.00
2024-10-08,13.06,13.37,11.09,13.27,6058765,74008128.00
2024-10-09,12.22,12.22,10.99,11.15,3317276,38776744.00
2024-10-10,11.25,11.91,10.78,11.06,2221880,25055998.00
2024-10-11,11.13,11.13,9.81,10.12,1847376,19198796.00
2024-10-14,10.12,10.59,10.00,10.51,1307666,13547085.00
2024-10-15,10.60,11.16,10.38,10.38,1770046,18936870.00
2024-10-16,10.08,10.66,10.01,10.49,1029238,10704864.00
2024-10-17,10.67,11.30,10.63,10.72,2738401,30010534.00
2024-10-18,10.86,13.36,10.65,12.10,4637089,55296464.00
2024-10-21,12.20,13.88,12.20,13.40,5843055,75887760.00
2024-10-22,13.00,13.11,12.00,12.27,3671382,46158872.00
2024-10-23,12.40,12.82,12.04,12.65,2308000,28924638.00
2024-10-24,12.50,13.50,12.50,13.19,3273599,42554236.00
2024-10-25,13.22,15.99,13.12,14.25,6864966,98508368.00
2024-10-28,14.23,15.48,13.43,15.38,4984321,72332800.00
2024-10-29,15.68,16.35,14.87,15.88,4506286,71191944.00
2024-10-30,16.35,20.28,15.40,20.23,8211065,147643520.00
2024-10-31,17.91,19.58,17.01,17.90,7463574,135176736.00
2024-11-01,18.20,18.20,15.20,15.26,5311892,86535056.00
2024-11-04,15.58,16.23,15.10,16.11,3515955,55175868.00
2024-11-05,16.68,17.46,16.18,17.34,4642003,78754520.00
2024-11-06,17.90,19.91,17.29,18.22,6093748,110469864.00
2024-11-07,17.99,19.21,17.66,18.56,4344741,80088632.00
2024-11-08,18.70,19.10,17.20,17.39,3427197,62210964.00
2024-11-11,17.25,17.78,16.00,16.89,3003399,50391976.00
2024-11-12,16.90,17.37,16.10,16.67,2395548,40033752.00
2024-11-13,16.50,16.88,15.68,16.86,2249252,36668028.00
2024-11-14,16.84,16.95,16.19,16.26,1572989,26194802.00
2024-11-15,16.27,17.09,16.00,16.75,2432302,40581832.00
2024-11-18,16.88,18.49,16.55,17.49,3558611,62413292.00
2024-11-19,17.16,17.40,15.00,16.31,3074706,49949456.00
2024-11-20,16.37,17.27,15.96,17.19,2383011,40139540.00
2024-11-21,17.10,18.77,16.94,18.21,3714970,66398632.00
2024-11-22,18.11,18.50,17.32,17.36,2740649,49116456.00
2024-11-25,17.29,17.38,16.14,16.80,1817699,30296346.00
2024-11-26,16.80,17.20,16.31,16.49,1307042,21958228.00
2024-11-27,16.50,16.97,15.33,16.94,1979632,31814340.00
2024-11-28,16.70,18.39,16.70,17.57,3231302,57399000.00
2024-11-29,17.30,18.59,17.28,18.14,3809475,68583936.00
2024-12-02,18.26,18.60,17.92,18.24,3910395,71224312.00
2024-12-03,18.24,18.24,18.24,18.24,0,0.00
#数据来源:通达信
