830809 安达科技 日线 不复权
      日期	    开盘	    最高	    最低	    收盘	    成交量	    成交额
2015-05-08,0.01,0.01,0.01,0.01,10000,100.00
2015-05-21,0.01,0.01,0.01,0.01,299000,2990.00
2015-07-22,1.00,1.00,1.00,1.00,3400000,3400000.00
2015-07-23,1.00,1.00,1.00,1.00,13709000,13709000.00
2015-07-27,1.00,1.00,1.00,1.00,5025000,5025000.00
2015-07-28,1.00,1.00,1.00,1.00,155000,155000.00
2015-07-29,5.50,5.50,1.00,5.09,2200000,11200000.00
2015-07-30,1.00,10.00,1.00,9.00,204000,239000.00
2015-07-31,0.10,8.00,0.10,7.50,443000,142000.00
2015-08-11,5.50,5.50,5.50,5.50,3000,16500.00
2015-08-12,1.00,6.00,1.00,1.03,200000,205000.00
2015-08-13,9.00,9.00,9.00,9.00,3000,27000.00
2015-08-18,1.00,6.50,1.00,1.04,151000,156500.00
2015-08-20,5.50,5.50,1.00,3.19,6160000,19660000.00
2015-08-24,1.00,1.00,1.00,1.00,50000,50000.00
2015-08-26,6.30,6.30,6.30,6.30,200000,1260000.00
2015-08-27,1.08,8.00,1.08,1.09,500000,546920.00
2015-09-08,1.00,1.00,1.00,1.00,1700000,1700000.00
2015-09-09,1.00,1.00,1.00,1.00,650000,650000.00
2015-09-10,6.00,8.80,6.00,8.80,2252000,19812000.00
2015-09-11,5.50,5.50,5.50,5.50,2000000,11000000.00
2015-09-14,5.80,5.80,5.80,5.80,5000,29000.00
2015-09-15,1.00,1.00,1.00,1.00,550000,550000.00
2015-09-23,1.00,1.00,1.00,1.00,1550000,1550000.00
2015-09-24,7.00,7.00,7.00,7.00,10000,70000.00
2015-09-28,7.00,7.00,7.00,7.00,117000,819000.00
2015-09-29,1.00,7.01,0.10,7.00,550000,539000.00
2015-09-30,6.00,6.00,6.00,6.00,9000,54000.00
2015-10-08,7.00,7.00,6.50,6.94,162000,1124000.00
2015-10-09,6.51,6.99,6.10,6.10,260000,1639200.00
2015-10-12,6.99,7.00,6.53,6.97,171000,1192720.00
2015-10-13,6.96,7.00,1.00,2.18,187000,407940.00
2015-10-14,7.00,7.00,7.00,7.00,3000,21000.00
2015-10-15,7.00,7.10,7.00,7.10,49000,343300.00
2015-10-16,7.10,7.10,7.10,7.10,1000,7100.00
2015-10-19,7.00,7.00,7.00,7.00,9000,63000.00
2015-10-20,8.00,8.00,8.00,8.00,11000,88000.00
2015-10-21,1.00,7.50,1.00,7.01,846000,1059150.00
2015-10-22,7.02,7.02,7.00,7.00,11000,77020.00
2015-10-23,7.00,7.00,7.00,7.00,28000,196000.00
2015-10-26,7.00,7.00,7.00,7.00,30000,210000.00
2015-10-29,7.00,7.00,7.00,7.00,10000,70000.00
2015-10-30,7.30,7.30,7.30,7.30,8000,58400.00
2015-11-04,7.40,7.40,7.00,7.00,64000,450100.00
2015-11-10,7.00,7.00,7.00,7.00,11000,77000.00
2015-11-11,7.10,7.10,7.10,7.10,4000,28400.00
2015-11-16,7.20,7.20,7.20,7.20,18000,129600.00
2015-11-17,7.20,8.00,7.20,7.27,11000,80000.00
2015-11-18,7.01,7.11,7.01,7.11,18000,126980.00
2015-11-19,7.10,7.70,7.10,7.20,6000,43200.00
2015-11-20,7.11,7.50,7.10,7.14,11000,78520.00
2015-11-23,7.10,7.15,7.10,7.14,17000,121080.00
2015-11-24,7.14,7.20,7.14,7.15,12000,85800.00
2015-11-25,7.20,8.00,7.20,7.70,35000,269500.00
2015-11-26,7.55,7.70,7.55,7.56,15000,113400.00
2015-11-27,7.70,8.00,7.55,8.00,22000,171520.00
2015-11-30,7.50,7.80,7.50,7.54,24000,180900.00
2015-12-01,7.60,8.00,7.60,7.75,13000,100700.00
2015-12-02,7.50,7.50,7.50,7.50,10000,75000.00
2015-12-03,7.90,8.00,7.50,7.69,18000,138430.00
2015-12-04,7.70,7.70,7.61,7.64,10000,76700.00
2015-12-07,7.60,7.60,7.52,7.55,9000,68020.00
2015-12-08,7.34,8.30,7.34,8.04,23000,184930.00
2015-12-09,8.25,8.30,8.10,8.17,24000,198300.00
2015-12-11,8.01,8.25,8.01,8.17,35000,285850.00
2015-12-14,8.25,8.25,8.25,8.25,20000,165000.00
2015-12-15,8.32,8.35,8.32,8.35,20000,166700.00
2015-12-16,8.35,8.35,8.35,8.35,10000,83500.00
2015-12-17,8.35,8.39,8.35,8.35,50000,418000.00
2015-12-18,8.20,8.50,8.20,8.43,41000,346000.00
2015-12-21,8.45,8.45,8.45,8.45,10000,84500.00
2015-12-22,8.45,8.45,5.00,8.45,327000,1728150.00
2015-12-23,8.45,8.45,8.45,8.45,10000,84500.00
2015-12-24,8.45,8.45,8.45,8.45,59000,498550.00
2015-12-25,8.45,8.45,8.45,8.45,10000,84500.00
2015-12-28,8.45,8.45,8.13,8.14,10000,82310.00
2015-12-29,8.45,8.45,8.01,8.04,7000,56710.00
2015-12-30,8.04,8.25,8.04,8.25,9000,73440.00
2016-01-04,7.95,7.95,7.88,7.88,15000,118900.00
2016-01-05,7.83,7.83,7.82,7.82,10000,78220.00
2016-01-06,7.85,8.00,7.85,8.00,28000,222800.00
2016-01-08,8.00,8.00,8.00,8.00,22000,176000.00
2016-01-11,8.01,8.05,6.79,8.05,242000,1745910.00
2016-01-12,7.20,7.65,6.94,7.01,73000,513630.00
2016-01-13,7.05,7.11,7.02,7.02,58000,408810.00
2016-01-14,7.10,7.17,7.04,7.05,60000,425090.00
2016-01-15,7.00,7.05,7.00,7.00,101000,707190.00
2016-01-18,7.00,7.00,6.95,7.00,18000,125490.00
2016-01-19,7.04,7.06,6.95,7.00,81000,567420.00
2016-01-20,7.01,7.04,6.90,6.94,31000,215280.00
2016-01-21,6.90,6.90,6.70,6.70,38000,258390.00
2016-01-22,6.74,6.74,6.40,6.45,72000,475180.00
2016-01-25,6.30,6.40,6.07,6.28,225000,1414380.00
2016-01-26,6.31,6.34,6.19,6.20,72000,451970.00
2016-01-27,6.10,6.20,6.10,6.18,36000,222280.00
2016-01-28,6.00,6.19,6.00,6.00,14000,84190.00
2016-01-29,6.07,6.30,6.00,6.30,54000,330250.00
2016-02-01,6.18,6.18,6.15,6.15,37000,227920.00
2016-02-03,6.12,6.14,6.08,6.14,20000,122140.00
2016-02-04,6.01,6.15,6.00,6.10,33000,201000.00
2016-02-05,6.09,6.10,6.05,6.10,26000,158040.00
2016-02-16,6.20,6.26,6.20,6.26,32000,199620.00
2016-02-17,6.19,6.25,6.10,6.25,93000,571650.00
2016-02-18,6.28,7.10,6.21,6.88,299000,2013420.00
2016-02-19,6.80,7.58,6.80,7.58,259000,1877450.00
2016-02-22,7.26,7.75,7.26,7.64,252000,1908190.00
2016-02-23,7.65,8.49,7.65,8.20,651000,5317350.00
2016-02-24,8.18,8.32,7.90,8.14,482000,3960130.00
2016-02-25,8.25,8.39,7.81,7.81,205000,1675280.00
2016-02-26,8.20,8.20,7.61,7.78,136000,1050610.00
2016-02-29,7.70,8.09,7.70,8.06,140000,1121770.00
2016-03-01,8.00,8.25,7.90,8.21,613000,4993030.00
2016-03-02,8.08,9.33,8.08,9.30,800000,6902740.00
2016-03-03,9.20,10.30,9.20,9.79,1360000,13246920.00
2016-03-04,9.51,10.14,9.50,9.80,235000,2328910.00
2016-03-07,10.00,10.10,9.64,9.88,483000,4807320.00
2016-03-08,9.80,9.95,9.51,9.60,414000,4065030.00
2016-03-09,9.75,9.80,9.43,9.64,219000,2118280.00
2016-03-10,9.41,9.81,9.41,9.70,187000,1815000.00
2016-03-11,9.71,9.72,9.60,9.72,149000,1444900.00
2016-03-14,9.75,9.85,9.68,9.70,372000,3618590.00
2016-03-15,9.84,10.08,9.64,10.00,648000,6414610.00
2016-03-16,10.02,10.33,10.00,10.05,1039000,10496090.00
2016-03-17,10.10,10.65,10.10,10.18,342000,3537740.00
2016-03-18,11.59,11.59,9.99,9.99,521000,5246950.00
2016-03-21,10.00,10.14,10.00,10.06,21000,212330.00
2016-03-22,9.99,9.99,9.00,9.60,108000,1055100.00
2016-03-23,9.60,9.60,9.41,9.52,15000,142010.00
2016-03-24,9.35,9.37,9.20,9.20,268000,2502840.00
2016-03-25,9.21,9.21,8.83,9.00,124000,1117940.00
2016-03-28,9.14,9.39,8.75,9.21,294000,2712920.00
2016-03-29,9.20,9.70,9.20,9.33,117000,1110470.00
2016-03-30,9.35,9.49,9.22,9.49,380000,3539000.00
2016-03-31,9.54,9.78,9.43,9.78,109000,1046920.00
2016-04-01,9.56,9.95,9.56,9.88,65000,636300.00
2016-04-05,9.97,10.09,9.97,10.00,82000,820770.00
2016-04-06,10.00,10.00,9.80,9.93,158000,1563710.00
2016-04-07,9.79,9.80,9.50,9.59,326000,3135970.00
2016-04-08,9.68,9.68,9.33,9.50,131000,1238970.00
2016-04-11,9.54,9.78,9.54,9.60,60000,580420.00
2016-04-12,9.60,10.20,9.60,9.89,141000,1409180.00
2016-04-13,9.89,10.00,9.89,10.00,150000,1496620.00
2016-04-14,10.00,10.13,9.80,9.99,715000,7122470.00
2016-04-15,9.95,10.10,9.95,10.00,248000,2485620.00
2016-04-18,9.97,11.25,9.89,10.80,3969000,42753320.00
2016-04-19,11.09,11.90,10.68,11.90,2113000,24370400.00
2016-04-20,11.75,11.77,11.24,11.31,1533000,17618420.00
2016-04-21,11.26,11.50,11.25,11.25,510000,5789270.00
2016-04-22,11.27,11.27,11.18,11.18,88000,987440.00
2016-04-25,11.13,11.20,11.10,11.13,633000,7050730.00
2016-04-26,11.20,11.20,10.95,11.00,717000,7978890.00
2016-04-27,11.00,11.15,10.60,10.99,1055000,11621590.00
2016-04-28,11.00,11.05,10.90,11.00,796000,8735580.00
2016-04-29,11.00,11.00,10.60,10.92,706000,7659330.00
2016-05-03,10.93,11.00,10.80,10.85,221000,2405380.00
2016-05-04,10.95,11.04,10.92,11.01,1904000,20943890.00
2016-05-05,11.01,11.09,11.00,11.08,527000,5814700.00
2016-05-06,11.05,11.26,11.01,11.17,882000,9848610.00
2016-05-09,11.10,11.13,10.99,11.10,478000,5276690.00
2016-05-10,11.10,11.15,11.00,11.10,223000,2465470.00
2016-05-11,11.10,11.14,11.09,11.10,217000,2409310.00
2016-05-12,11.10,11.10,10.96,10.96,417000,4586800.00
2016-05-13,11.00,11.17,11.00,11.00,256000,2822490.00
2016-05-16,11.06,11.06,11.00,11.01,369000,4061740.00
2016-05-17,11.02,11.05,11.00,11.01,884000,9746290.00
2016-05-18,11.05,11.05,11.00,11.03,37000,407520.00
2016-05-19,11.03,11.35,11.03,11.28,1728000,19466030.00
2016-05-20,11.34,11.40,11.10,11.15,482000,5446830.00
2016-05-23,11.24,11.80,11.22,11.45,1021000,11653390.00
2016-05-24,11.40,11.52,11.30,11.49,412000,4722410.00
2016-05-25,11.40,11.48,10.40,11.44,1140000,12941660.00
2016-05-26,11.35,11.40,10.98,11.10,1095000,12196200.00
2016-05-27,11.15,11.70,11.10,11.15,378000,4291450.00
2016-05-30,11.25,11.56,11.20,11.21,661000,7561290.00
2016-05-31,11.31,11.39,10.70,11.39,2296000,25228610.00
2016-06-01,11.03,11.20,11.03,11.15,1511000,16784930.00
2016-06-02,11.15,11.38,11.11,11.27,1563000,17466170.00
2016-06-03,11.30,12.50,11.20,12.35,724000,8463920.00
2016-06-06,12.40,13.35,12.40,13.00,1999000,25909110.00
2016-06-07,13.18,13.20,12.38,12.73,715000,9086410.00
2016-06-08,12.85,12.90,12.55,12.80,248000,3142160.00
2016-06-13,12.85,12.85,12.37,12.37,371000,4609310.00
2016-06-14,12.40,12.40,12.30,12.30,324000,3990480.00
2016-06-15,12.40,12.45,12.31,12.32,301000,3721300.00
2016-06-16,12.32,12.65,12.30,12.50,424000,5300810.00
2016-06-17,12.50,12.59,12.45,12.45,308000,3859190.00
2016-06-20,12.49,12.60,12.01,12.08,624000,7600340.00
2016-06-21,12.08,12.20,12.00,12.05,632000,7621600.00
2016-06-22,12.08,12.17,12.00,12.05,213000,2570240.00
2016-06-23,12.00,12.05,12.00,12.05,145000,1742050.00
2016-06-24,12.00,12.10,11.81,12.05,982000,11792070.00
2016-06-27,12.02,12.10,12.00,12.08,614000,7382930.00
2016-06-28,12.03,12.17,11.95,12.04,1915000,23065640.00
2016-06-29,12.09,12.09,11.95,11.98,1491000,17917570.00
2016-06-30,11.96,12.07,11.96,12.02,905000,10859700.00
2016-07-01,12.02,12.02,11.98,12.00,312000,3745250.00
2016-07-04,11.95,11.95,10.87,10.99,2283000,25511560.00
2016-07-05,10.98,12.10,10.97,11.95,1744000,20546160.00
2016-07-06,12.00,12.17,11.20,12.14,3738000,44807152.00
2016-07-07,12.15,12.39,11.31,12.08,3350000,40081512.00
2016-07-08,11.94,12.52,11.90,12.49,311000,3852090.00
2016-07-11,12.49,13.59,12.49,13.59,1037000,13600200.00
2016-07-12,13.65,14.90,13.65,14.36,1465000,21091310.00
2016-07-13,14.60,14.73,14.36,14.50,1708000,24795300.00
2016-07-14,14.50,15.05,14.50,14.94,5544000,82905400.00
2016-07-15,15.00,15.10,14.71,14.71,385000,5705380.00
2016-07-18,14.85,15.19,14.82,15.00,3445000,51475160.00
2016-07-19,15.00,15.10,14.90,14.99,10052000,150649984.00
2016-07-20,14.99,15.09,14.90,14.90,5904000,88539320.00
2016-07-21,14.95,14.97,14.82,14.83,387000,5771260.00
2016-07-22,14.98,15.30,14.73,14.90,3810000,56932272.00
2016-07-25,15.00,15.02,14.84,14.98,7105900,105827848.00
2016-07-26,14.98,15.00,14.75,14.83,2880100,42811352.00
2016-07-27,14.87,14.95,14.78,14.78,2645000,39197032.00
2016-07-28,14.81,14.95,14.64,14.94,2800300,41246664.00
2016-07-29,15.00,15.80,15.00,15.73,1309000,20280180.00
2016-08-01,15.78,17.35,15.63,17.15,3235000,53929000.00
2016-08-02,17.15,17.54,17.12,17.40,402000,6932570.00
2016-08-03,17.65,19.11,17.65,18.00,1482000,27606410.00
2016-08-04,18.29,18.40,17.95,18.29,696000,12571910.00
2016-08-05,18.23,18.62,18.10,18.11,589000,10756090.00
2016-08-08,18.06,18.75,18.04,18.04,1072000,19695510.00
2016-08-09,18.15,18.25,18.04,18.06,483000,8737190.00
2016-08-10,18.15,18.44,18.00,18.14,470000,8501630.00
2016-08-11,18.10,19.49,18.10,19.26,1616000,30591770.00
2016-08-12,19.43,20.04,19.35,19.71,1495000,29653290.00
2016-08-15,19.83,20.00,19.50,19.79,1544000,30495530.00
2016-08-16,19.95,20.00,18.50,19.85,2447000,48474580.00
2016-08-17,19.65,19.71,19.00,19.08,1783000,34325860.00
2016-08-18,19.09,19.25,18.01,18.20,5384000,101700568.00
2016-08-19,18.11,19.50,18.11,19.04,1019000,19432210.00
2016-08-22,19.20,19.23,19.00,19.00,522000,9978180.00
2016-08-23,19.02,19.18,19.02,19.08,717000,13699670.00
2016-08-24,19.12,19.54,19.10,19.54,807000,15543930.00
2016-08-25,19.65,20.03,19.50,20.03,1213000,24073260.00
2016-08-26,20.04,20.11,19.85,20.03,923000,18508220.00
2016-08-29,20.40,22.81,20.08,20.75,1424000,30436490.00
2016-08-30,21.00,21.03,20.65,20.70,926000,19212490.00
2016-08-31,20.60,20.60,19.91,20.00,790000,15906820.00
2016-09-01,20.00,20.01,19.29,19.29,1352000,26281030.00
2016-09-02,19.50,19.50,19.29,19.36,839000,16270120.00
2016-09-05,19.40,19.54,19.25,19.37,2202000,42549352.00
2016-09-06,19.33,19.50,19.01,19.50,1154000,22279720.00
2016-09-07,19.32,19.52,19.28,19.52,1127000,21864050.00
2016-09-08,19.70,20.80,19.00,20.20,2311000,46295580.00
2016-09-09,20.20,20.20,19.40,19.41,537000,10577770.00
2016-09-12,19.36,19.59,19.01,19.46,1760000,34221220.00
2016-09-13,19.15,19.99,19.15,19.75,1270000,25108200.00
2016-09-14,19.85,20.29,19.75,19.75,564000,11258430.00
2016-09-19,19.87,19.96,19.61,19.95,1871000,37185528.00
2016-09-20,19.95,20.19,19.65,19.94,475000,9477650.00
2016-09-21,19.99,20.00,19.90,19.98,455000,9079340.00
2016-09-22,20.00,20.00,19.95,19.99,422000,8436490.00
2016-09-23,19.99,20.20,19.95,20.06,789000,15833620.00
2016-09-26,20.07,20.10,19.93,20.00,740000,14793660.00
2016-09-27,20.00,20.09,19.65,20.00,1214000,24299490.00
2016-09-28,19.96,20.20,19.96,20.07,1059000,21293470.00
2016-09-29,20.03,20.10,19.75,20.08,1468000,29450950.00
2016-09-30,20.08,21.00,20.08,21.00,893000,18428850.00
2016-10-10,21.00,21.45,20.12,20.90,451000,9500500.00
2016-10-11,20.95,21.10,20.90,20.90,517000,10834100.00
2016-10-12,20.85,20.90,20.20,20.59,661000,13564290.00
2016-10-13,20.70,20.89,20.29,20.89,435000,9005710.00
2016-10-14,20.95,21.15,20.89,21.10,779000,16399470.00
2016-10-17,20.95,21.15,20.76,20.90,194000,4062320.00
2016-10-18,20.95,21.00,20.95,21.00,202000,4239890.00
2016-10-19,21.05,21.19,20.99,21.05,232000,4889220.00
2016-10-20,21.17,21.19,20.90,21.05,378000,7950570.00
2016-10-21,20.96,21.00,19.00,19.79,1544000,30691780.00
2016-10-24,19.79,20.50,19.79,20.26,421000,8552650.00
2016-10-26,20.50,20.55,20.10,20.45,344000,7045290.00
2016-10-27,20.45,20.50,20.20,20.29,200000,4081850.00
2016-10-28,20.29,20.49,20.29,20.31,406000,8268050.00
2016-10-31,20.50,20.67,20.00,20.29,548000,11134130.00
2016-11-01,20.20,20.20,19.95,20.09,582000,11668900.00
2016-11-02,20.10,20.18,19.95,20.10,433000,8673710.00
2016-11-03,20.10,20.10,19.98,20.01,907000,18147700.00
2016-11-04,20.14,20.14,19.79,19.98,1026000,20494980.00
2016-11-07,19.98,20.04,19.79,19.84,591000,11757960.00
2016-11-08,19.85,19.89,19.37,19.37,403000,7931720.00
2016-11-09,19.56,19.59,18.41,19.31,904000,17169420.00
2016-11-10,19.39,19.40,18.58,18.85,2270000,42757480.00
2016-11-11,18.87,19.79,18.87,19.79,1254000,24303200.00
2016-11-14,19.65,20.15,19.64,19.96,1006000,20121590.00
2016-11-15,20.14,20.50,19.90,20.50,1296000,26065690.00
2016-11-16,20.28,20.28,19.98,20.07,492000,9865070.00
2016-11-17,19.95,20.10,19.95,20.03,939000,18810670.00
2016-11-18,20.03,21.17,20.03,21.15,3313000,68838632.00
2016-11-21,21.30,26.63,21.30,24.55,4561000,113273720.00
2016-11-22,25.10,25.10,24.25,24.90,939000,23342470.00
2016-11-23,24.51,24.86,24.25,24.45,793000,19427920.00
2016-11-24,24.94,25.00,24.39,24.60,1412000,34975560.00
2016-11-25,24.84,24.90,24.50,24.60,719000,17716090.00
2016-11-28,24.89,24.89,24.25,24.50,534000,13103890.00
2016-11-29,24.65,24.65,24.35,24.35,450000,11009050.00
2016-11-30,24.30,24.55,24.21,24.45,1084000,26483350.00
2016-12-01,24.65,25.05,24.48,24.89,1826000,45222920.00
2016-12-02,24.90,25.00,24.51,24.76,148000,3666280.00
2016-12-05,24.76,25.10,24.00,24.52,2111000,51663280.00
2016-12-06,24.80,25.00,24.40,24.62,437000,10750900.00
2016-12-07,24.65,24.99,24.31,24.57,519000,12750340.00
2016-12-08,24.57,24.69,24.48,24.48,475000,11668920.00
2016-12-09,24.60,24.70,24.30,24.50,696000,17027060.00
2016-12-12,24.79,24.79,24.00,24.15,555000,13432100.00
2016-12-13,24.19,24.60,23.42,23.69,724000,17140010.00
2016-12-14,24.18,24.19,23.55,23.85,271000,6416390.00
2016-12-15,23.78,24.00,23.40,23.50,329000,7772910.00
2016-12-16,23.59,23.59,23.28,23.38,265000,6187960.00
2016-12-19,23.70,24.00,23.28,23.95,893000,21017260.00
2016-12-20,24.10,24.10,23.37,24.00,620000,14610760.00
2016-12-21,23.68,23.68,23.39,23.62,653000,15305430.00
2016-12-22,23.67,23.67,23.31,23.54,230000,5393600.00
2016-12-23,23.40,23.54,23.40,23.45,233000,5470730.00
2016-12-26,23.77,23.77,23.46,23.48,371000,8758520.00
2016-12-27,24.01,24.01,23.51,23.70,528000,12539110.00
2016-12-28,23.75,23.89,23.60,23.65,586000,13904360.00
2016-12-29,23.75,23.80,23.41,23.50,394000,9295400.00
2016-12-30,23.65,24.41,23.42,23.90,749000,17781250.00
2017-01-03,24.03,24.51,24.00,24.29,902000,21952990.00
2017-01-04,24.50,24.50,24.01,24.30,470000,11434380.00
2017-01-05,24.30,24.88,24.30,24.55,1075000,26483460.00
2017-01-06,24.61,24.74,24.50,24.57,385000,9471140.00
2017-01-09,24.31,24.58,24.20,24.25,695000,16967150.00
2017-01-10,24.29,24.40,23.91,24.00,869000,21110300.00
2017-01-11,24.19,24.19,23.46,23.55,515000,12311130.00
2017-01-12,23.47,24.47,23.40,24.30,1266000,30303870.00
2017-01-13,24.33,24.35,23.63,23.65,956000,22832030.00
2017-01-16,23.35,23.70,22.09,22.60,1640000,37305288.00
2017-01-17,22.40,23.10,22.30,22.84,1527000,34891440.00
2017-01-18,22.56,23.20,22.50,23.00,2838000,65522940.00
2017-01-19,23.00,23.30,22.89,23.15,828000,19085650.00
2017-01-20,23.01,23.43,23.01,23.30,210000,4886620.00
2017-01-23,23.50,23.50,23.30,23.50,274000,6389900.00
2017-01-24,23.57,24.00,23.57,23.95,187000,4450470.00
2017-01-25,23.95,23.99,23.45,23.50,201000,4772980.00
2017-01-26,23.40,23.40,23.05,23.19,609000,14146970.00
2017-02-03,23.19,23.45,23.19,23.34,378000,8831960.00
2017-02-06,23.38,23.38,23.00,23.34,360000,8367650.00
2017-02-07,23.20,23.84,22.80,23.60,690000,16001000.00
2017-02-08,23.20,23.70,23.06,23.16,67000,1552230.00
2017-02-09,23.50,23.50,23.10,23.29,428000,9955320.00
2017-02-10,23.29,23.40,23.11,23.30,142000,3303870.00
2017-02-13,23.30,23.95,23.30,23.77,714000,16910160.00
2017-02-14,23.81,24.20,23.75,24.20,674000,16181380.00
2017-02-15,24.05,24.59,24.00,24.23,773000,18742950.00
2017-02-16,24.25,24.29,24.01,24.23,396000,9569950.00
2017-02-17,24.23,25.46,24.23,25.20,1029000,25321560.00
2017-02-20,25.90,25.90,25.20,25.51,995000,25563320.00
2017-02-21,25.69,25.95,24.56,24.79,1407000,35381180.00
2017-02-22,24.80,24.99,24.30,24.45,686000,16790600.00
2017-02-23,24.50,24.70,23.75,23.95,986000,23740660.00
2017-02-24,23.90,24.15,23.70,24.09,2160000,51833472.00
2017-02-27,24.20,24.50,23.70,24.20,3140000,75797208.00
2017-02-28,24.20,24.39,24.00,24.20,2297000,55694460.00
2017-03-01,24.05,24.30,24.05,24.20,1655000,39961220.00
2017-03-02,24.20,25.30,24.20,24.75,1908000,47713320.00
2017-03-03,24.95,24.95,24.00,24.42,557000,13540290.00
2017-03-06,24.50,24.90,24.40,24.68,584000,14371400.00
2017-03-07,24.67,24.75,24.00,24.40,896000,21790730.00
2017-03-08,24.05,24.48,24.00,24.48,327000,7933130.00
2017-03-09,24.50,25.19,24.50,24.60,1247000,30958600.00
2017-03-10,24.64,25.47,24.40,24.89,1492000,37200872.00
2017-03-13,24.90,25.05,24.70,25.00,570000,14192570.00
2017-03-14,25.00,25.24,24.90,25.05,791000,19822670.00
2017-03-15,25.05,25.14,24.51,24.90,1024000,25406030.00
2017-03-16,24.88,24.89,24.62,24.85,384000,9526800.00
2017-03-17,24.75,24.98,24.32,24.42,653000,16066920.00
2017-03-20,24.45,24.50,24.15,24.15,436000,10601300.00
2017-03-21,24.20,24.79,24.20,24.65,245000,5965530.00
2017-03-22,24.60,24.70,24.45,24.60,391000,9616860.00
2017-03-23,24.45,24.55,24.20,24.51,444000,10855300.00
2017-03-24,24.61,24.64,24.34,24.37,837000,20457880.00
2017-03-27,24.40,24.80,24.30,24.49,595000,14600070.00
2017-03-28,24.49,24.49,24.30,24.41,1149000,28013830.00
2017-03-29,24.55,24.55,24.24,24.25,1253000,30568120.00
2017-03-30,24.30,24.49,24.00,24.17,621000,15060580.00
2017-03-31,24.38,24.45,24.00,24.08,1358000,32788020.00
2017-04-05,24.25,24.43,24.05,24.29,373000,9044500.00
2017-04-06,24.15,24.20,23.80,23.90,1444000,34601688.00
2017-04-07,23.90,23.95,23.00,23.95,1108000,25985430.00
2017-04-10,23.70,23.80,23.30,23.54,603000,14188030.00
2017-04-11,23.54,23.64,23.02,23.37,424000,9916870.00
2017-04-12,23.35,24.40,23.30,23.40,388000,9095780.00
2017-04-13,23.25,23.60,23.25,23.55,209000,4918420.00
2017-04-14,23.63,24.25,23.55,24.20,496000,11903930.00
2017-04-17,24.20,24.31,23.91,24.10,322000,7747180.00
2017-04-18,24.09,24.19,24.00,24.13,404000,9731260.00
2017-04-19,24.17,24.35,23.95,24.02,1000000,24100950.00
2017-04-20,24.05,24.05,23.72,23.90,1078000,25836990.00
2017-04-21,23.99,24.29,23.80,23.98,838000,20067290.00
2017-04-24,12.00,12.00,11.61,11.74,1386000,16331780.00
2017-04-25,11.60,11.70,11.35,11.48,1525000,17612550.00
2017-04-26,11.48,11.80,11.43,11.74,1239000,14387840.00
2017-04-27,11.61,11.98,11.59,11.90,1034000,12240050.00
2017-04-28,11.85,11.85,11.67,11.75,807000,9482160.00
2017-05-02,11.73,11.78,11.65,11.70,963000,11272890.00
2017-05-03,11.70,12.08,11.65,11.99,1340000,16003240.00
2017-05-04,11.92,12.37,11.92,12.24,2379000,29069980.00
2017-05-05,12.36,12.38,12.10,12.18,340000,4142860.00
2017-05-08,12.10,12.13,11.71,11.93,1851000,22147700.00
2017-05-09,11.82,11.94,11.72,11.87,1110000,13148960.00
2017-05-10,11.88,12.26,11.87,12.07,1248000,15135830.00
2017-05-11,12.04,12.15,12.00,12.10,345000,4164500.00
2017-05-12,12.12,12.23,11.95,12.16,985000,11969720.00
2017-05-15,12.20,12.24,12.16,12.20,1521000,18552830.00
2017-05-16,12.22,12.23,12.09,12.14,1542000,18781500.00
2017-05-17,12.12,12.19,12.06,12.15,1575300,19129236.00
2017-05-18,12.16,12.16,12.00,12.09,1773000,21424760.00
2017-05-19,12.09,12.10,12.00,12.03,1122000,13508880.00
2017-05-22,12.02,12.03,11.95,11.97,841000,10091910.00
2017-05-23,11.98,12.00,11.80,11.80,588000,7011930.00
2017-05-24,11.85,11.85,11.75,11.79,717000,8462540.00
2017-05-25,11.80,11.80,11.68,11.68,672000,7871700.00
2017-05-26,11.71,11.77,11.64,11.77,478000,5592290.00
2017-05-31,11.75,11.84,10.70,10.70,3985000,44204860.00
2017-06-01,10.71,11.16,9.80,10.32,5501000,56492792.00
2017-06-02,10.38,10.59,10.13,10.42,2870000,29623290.00
2017-06-05,10.43,10.47,10.27,10.32,1451000,15009160.00
2017-06-06,10.31,10.35,10.25,10.32,811000,8357450.00
2017-06-07,10.31,10.32,10.21,10.30,776000,7975970.00
2017-06-08,10.30,10.33,9.68,9.77,2456000,24531540.00
2017-06-09,9.77,10.12,9.50,9.89,1700000,16701470.00
2017-06-12,9.93,10.12,9.93,10.12,343000,3439980.00
2017-06-13,10.12,10.60,10.12,10.51,489000,5056600.00
2017-06-14,10.43,10.54,10.30,10.36,1232000,12839520.00
2017-06-15,10.58,10.60,10.37,10.40,532000,5547410.00
2017-06-16,10.43,10.50,10.35,10.43,399000,4153410.00
2017-06-19,10.43,10.67,10.43,10.65,916000,9737030.00
2017-06-20,10.62,10.65,10.54,10.56,958000,10142110.00
2017-06-21,10.58,10.64,10.56,10.59,545000,5772430.00
2017-06-22,10.60,10.63,10.50,10.52,963000,10160880.00
2017-06-23,10.53,10.58,10.48,10.52,251000,2637410.00
2017-06-26,10.52,10.52,10.38,10.43,459000,4795880.00
2017-06-27,10.43,10.43,10.25,10.28,703000,7253970.00
2017-06-28,10.34,10.36,9.97,10.03,658000,6695790.00
2017-06-29,10.05,10.06,9.87,10.00,1529000,15267510.00
2017-06-30,9.99,10.08,9.93,10.08,206000,2061440.00
2017-07-03,10.10,10.26,10.04,10.07,506000,5111390.00
2017-07-04,10.00,10.02,9.80,10.00,357000,3553400.00
2017-07-05,10.02,10.03,9.88,10.02,891000,8864900.00
2017-07-06,10.02,10.02,9.89,9.95,1223000,12167640.00
2017-07-07,9.89,9.99,9.89,9.96,959000,9536800.00
2017-07-10,9.96,9.97,9.85,9.93,739000,7334590.00
2017-07-11,9.95,9.95,9.80,9.88,7320000,72430800.00
2017-07-12,9.89,9.89,9.49,9.57,1008000,9758790.00
2017-07-13,9.50,9.52,9.28,9.30,1083000,10136480.00
2017-07-14,9.35,9.35,8.97,9.18,1339000,12253280.00
2017-07-17,9.18,9.22,8.67,8.68,1836000,16410990.00
2017-07-18,8.55,8.77,8.06,8.49,1608000,13486210.00
2017-07-19,8.50,8.56,8.39,8.47,1073000,9085690.00
2017-07-20,8.47,9.22,8.47,8.66,5863000,52866440.00
2017-07-21,8.72,9.18,8.72,8.78,2630000,23540780.00
2017-07-24,8.89,9.00,8.83,8.89,869000,7765350.00
2017-07-25,8.93,9.04,8.93,8.95,1432000,12855500.00
2017-07-26,8.97,9.06,8.85,8.97,1483000,13319550.00
2017-07-27,8.89,9.04,8.88,8.89,1070000,9573990.00
2017-07-28,8.99,9.03,8.89,8.97,1733000,15571070.00
2017-07-31,9.00,9.14,8.95,8.97,1231000,11073820.00
2017-08-01,8.93,8.95,8.60,8.85,1765000,15404740.00
2017-08-02,8.75,9.00,8.75,8.97,506000,4533500.00
2017-08-03,8.99,9.07,8.97,9.04,2767000,24914400.00
2017-08-04,9.02,9.20,9.02,9.10,6475000,58987872.00
2017-08-07,9.12,9.12,9.04,9.10,6738000,61160928.00
2017-08-08,9.10,9.14,9.00,9.08,1270000,11543900.00
2017-08-09,9.10,9.13,9.06,9.10,371000,3377310.00
2017-08-10,9.08,9.13,9.04,9.09,514000,4673460.00
2017-08-11,9.08,9.18,9.01,9.08,771000,7035440.00
2017-08-14,9.13,9.14,9.07,9.13,1607000,14628220.00
2017-08-15,9.13,9.13,9.01,9.01,1477000,13407860.00
2017-08-16,9.09,9.10,9.04,9.06,1007000,9135600.00
2017-08-17,9.00,9.30,8.49,9.14,2943000,25992620.00
2017-08-18,9.05,9.45,8.88,9.27,2551000,23584220.00
2017-08-21,9.37,9.45,9.20,9.22,532000,4939480.00
2017-08-22,9.31,9.39,9.12,9.30,670000,6196700.00
2017-08-23,9.32,9.39,9.16,9.37,909000,8436820.00
2017-08-24,9.39,9.56,9.35,9.46,1051000,9926990.00
2017-08-25,9.47,9.80,9.38,9.75,969000,9203380.00
2017-08-28,9.75,9.75,9.49,9.53,1704000,16243900.00
2017-08-29,9.60,10.06,9.51,10.00,1584000,15527840.00
2017-08-30,9.88,10.13,9.88,10.02,1019000,10251920.00
2017-08-31,10.05,10.10,9.76,9.83,1536000,15137660.00
2017-09-01,9.79,9.85,9.67,9.75,782000,7628920.00
2017-09-04,9.85,9.99,9.66,9.75,2502000,24294660.00
2017-09-05,9.72,10.10,9.72,9.97,835000,8216310.00
2017-09-06,9.93,10.10,9.85,10.07,726000,7263840.00
2017-09-07,10.07,10.13,10.02,10.10,625000,6284550.00
2017-09-08,10.12,10.40,10.08,10.32,608000,6175230.00
2017-09-11,10.40,10.79,10.30,10.79,1382000,14514350.00
2017-09-12,10.75,11.18,10.72,10.84,1465000,16001350.00
2017-09-13,10.89,10.97,10.40,10.85,668000,7237540.00
2017-09-14,10.76,10.76,10.36,10.52,724000,7606510.00
2017-09-15,10.52,10.53,10.22,10.22,700000,7255180.00
2017-09-18,10.10,10.50,10.10,10.26,1785000,18344510.00
2017-09-19,10.34,10.34,10.26,10.29,1701000,17497680.00
2017-09-20,10.29,10.63,10.29,10.47,860000,9035420.00
2017-09-21,10.52,10.52,10.41,10.43,919000,9608990.00
2017-09-22,10.42,10.50,10.33,10.34,1495000,15590330.00
2017-09-25,10.40,10.40,10.20,10.24,624000,6429520.00
2017-09-26,10.27,10.28,10.16,10.24,293300,2999299.00
2017-09-27,10.24,10.31,10.16,10.31,1407000,14362200.00
2017-09-28,10.40,10.60,10.12,10.60,1967000,20125770.00
2017-09-29,10.49,10.80,10.25,10.68,2699000,28137330.00
2017-10-09,10.43,10.90,10.43,10.70,1594000,16858940.00
2017-10-10,10.70,11.50,10.64,10.99,3502000,37840928.00
2017-10-11,11.20,12.15,10.93,11.58,4892000,56318912.00
2017-10-12,10.82,12.04,10.80,11.90,5154000,60571540.00
2017-11-24,11.50,12.99,11.43,11.77,18993900,229568592.00
2019-01-28,1.16,3.15,1.07,2.61,20976000,58268980.00
2019-01-29,2.55,3.03,2.09,2.57,7745000,20863550.00
2019-01-30,2.55,2.63,2.48,2.52,5712000,14345190.00
2019-01-31,2.55,2.56,2.40,2.43,4590000,11382940.00
2019-02-01,2.47,2.52,2.36,2.44,1000000,2417710.00
2019-02-11,2.50,2.50,2.30,2.36,1740000,4147290.00
2019-02-12,2.31,2.34,2.14,2.19,3074000,6847180.00
2019-02-13,2.22,2.22,1.90,2.18,7816000,16393840.00
2019-02-14,2.22,2.35,2.05,2.08,3486000,7413610.00
2019-02-15,2.08,2.11,2.04,2.07,1990000,4116300.00
2019-02-18,2.10,2.10,2.00,2.02,2539000,5184310.00
2019-02-19,2.04,2.05,1.95,2.01,2475000,4911960.00
2019-02-20,2.00,2.17,2.00,2.14,1188000,2498880.00
2019-02-21,2.13,2.31,2.13,2.22,750000,1685360.00
2019-02-22,2.11,2.27,2.11,2.18,393000,851750.00
2019-02-25,2.11,2.31,2.11,2.31,467000,1059890.00
2019-02-26,2.34,2.65,2.33,2.45,831000,2037980.00
2019-02-27,2.45,2.63,2.42,2.62,508000,1302800.00
2019-02-28,2.60,2.76,2.60,2.72,329000,884100.00
2019-03-01,2.70,2.75,2.62,2.63,646000,1713710.00
2019-03-04,2.60,2.66,2.45,2.46,1177000,3009330.00
2019-03-05,2.50,2.50,2.19,2.25,829000,1986940.00
2019-03-06,2.32,2.48,2.31,2.40,580000,1379320.00
2019-03-07,2.35,2.45,2.35,2.39,506000,1201910.00
2019-03-08,2.36,2.40,2.34,2.36,198000,468280.00
2019-03-11,2.44,2.52,2.30,2.35,1296000,3094010.00
2019-03-12,2.28,2.42,2.28,2.36,268000,630650.00
2019-03-13,2.36,2.41,2.34,2.41,135000,319850.00
2019-03-14,2.41,2.41,2.30,2.40,327000,765420.00
2019-03-15,2.32,2.40,2.32,2.39,124000,293870.00
2019-03-18,2.31,2.40,2.31,2.40,173000,412970.00
2019-03-19,2.35,2.42,2.35,2.41,424000,1016070.00
2019-03-20,2.40,2.44,2.33,2.42,428000,1029920.00
2019-03-21,2.44,2.45,2.40,2.43,380000,923770.00
2019-03-22,2.39,2.61,2.39,2.60,1242000,3097250.00
2019-03-25,2.65,3.00,2.65,2.71,1094000,3043070.00
2019-03-26,2.64,2.72,2.45,2.48,639000,1659010.00
2019-03-27,2.52,2.59,2.44,2.49,311000,780490.00
2019-03-28,2.42,2.57,2.33,2.51,447000,1092500.00
2019-03-29,2.50,2.63,2.46,2.53,1321000,3320310.00
2019-04-01,2.48,2.60,2.47,2.50,689000,1754000.00
2019-04-02,2.50,2.62,2.50,2.59,599000,1533970.00
2019-04-03,2.55,2.61,2.50,2.58,293000,754640.00
2019-04-04,2.50,2.55,2.36,2.54,2427000,5984580.00
2019-04-08,2.45,2.55,2.41,2.45,478000,1183210.00
2019-04-09,2.48,2.48,2.45,2.46,65000,159560.00
2019-04-10,2.52,2.53,2.43,2.44,304000,746680.00
2019-04-11,2.47,2.48,2.33,2.38,750000,1803190.00
2019-04-12,2.32,2.40,2.32,2.36,425000,1000590.00
2019-04-15,2.38,2.45,2.34,2.34,615000,1464400.00
2019-04-16,2.34,2.36,2.33,2.35,623000,1467400.00
2019-04-17,2.36,2.40,2.33,2.34,86000,203740.00
2019-04-18,2.40,2.40,2.31,2.33,297000,697990.00
2019-04-19,2.30,2.35,2.28,2.30,322000,743230.00
2019-04-22,2.36,2.36,2.19,2.20,1006000,2276690.00
2019-04-23,2.21,2.22,2.17,2.20,430000,945730.00
2019-04-24,2.25,2.25,2.15,2.17,145000,315390.00
2019-04-25,2.15,2.23,2.14,2.18,170000,371060.00
2019-04-26,2.15,2.15,2.00,2.03,403000,831180.00
2019-04-29,2.04,2.08,1.98,2.01,219000,440660.00
2019-04-30,1.95,2.03,1.80,2.02,315000,628200.00
2019-05-06,1.98,2.02,1.97,1.98,124000,246060.00
2019-05-07,1.98,2.01,1.96,2.00,127000,253420.00
2019-05-08,2.02,2.02,1.98,1.99,35000,69860.00
2019-05-09,2.01,2.01,2.00,2.01,12000,24060.00
2019-05-10,2.04,2.04,1.98,1.99,56000,111540.00
2019-05-13,2.00,2.00,1.97,1.99,62000,122880.00
2019-05-14,2.01,2.01,2.00,2.01,2000,4010.00
2019-05-15,2.00,2.01,1.99,2.00,342000,685590.00
2019-05-16,2.00,2.00,1.98,1.99,22000,43800.00
2019-05-17,2.01,2.02,1.99,2.00,109000,217890.00
2019-05-20,1.95,2.01,1.93,2.01,117000,227830.00
2019-05-21,1.95,1.99,1.95,1.99,12000,23470.00
2019-05-22,2.00,2.07,1.97,1.98,46000,92330.00
2019-05-23,1.93,1.98,1.87,1.93,44000,85370.00
2019-05-24,1.91,1.99,1.77,1.97,239000,451820.00
2019-05-27,1.91,1.97,1.87,1.90,115000,219270.00
2019-05-28,1.90,1.92,1.86,1.87,149000,281320.00
2019-05-29,1.94,1.94,1.90,1.92,3000,5780.00
2019-05-30,1.87,1.94,1.87,1.94,60000,113550.00
2019-05-31,1.97,1.99,1.92,1.93,18000,35440.00
2019-06-03,1.98,1.98,1.89,1.95,359000,680750.00
2019-06-04,1.98,2.00,1.91,1.95,648000,1271450.00
2019-06-05,1.96,1.97,1.95,1.95,54000,105370.00
2019-06-06,1.91,1.99,1.88,1.91,343000,654550.00
2019-06-10,1.90,1.94,1.89,1.90,1160000,2211350.00
2019-06-11,1.74,1.85,1.73,1.77,277200,489780.00
2019-06-12,1.81,1.85,1.80,1.80,83000,149900.00
2019-06-13,1.83,1.88,1.82,1.85,256000,469150.00
2019-06-14,1.80,1.85,1.78,1.84,51000,92230.00
2019-06-17,1.77,1.80,1.72,1.76,81000,142800.00
2019-06-18,1.74,1.74,1.68,1.71,80000,136610.00
2019-06-19,1.68,1.70,1.62,1.64,174500,291465.00
2019-06-20,1.60,1.72,1.58,1.69,66500,111830.00
2019-06-21,1.64,1.68,1.63,1.65,64300,106372.00
2019-06-24,1.64,1.71,1.63,1.64,200000,331110.00
2019-06-25,1.60,1.64,1.59,1.61,390000,624340.00
2019-06-26,1.60,1.63,1.55,1.56,1341000,2127300.00
2019-06-27,1.60,1.60,1.60,1.60,2000,3200.00
2019-06-28,1.60,1.60,1.54,1.55,408100,630664.00
2019-07-01,1.55,1.61,1.52,1.55,1831100,2825604.00
2019-07-02,1.56,1.56,1.49,1.50,728500,1092860.00
2019-07-03,1.52,1.52,1.49,1.50,29500,44275.00
2019-07-04,1.53,1.53,1.47,1.51,25000,37150.00
2019-07-05,1.53,1.53,1.46,1.48,492000,725810.00
2019-07-08,1.50,1.50,1.38,1.41,2501000,3549380.00
2019-07-09,1.43,1.45,1.41,1.42,75000,107030.00
2019-07-10,1.45,1.48,1.40,1.44,136700,197368.00
2019-07-11,1.48,1.52,1.42,1.44,95000,138900.00
2019-07-12,1.47,1.47,1.42,1.46,70000,100720.00
2019-07-15,1.41,1.46,1.40,1.42,481200,677210.00
2019-07-16,1.41,1.44,1.39,1.40,638400,896596.00
2019-07-17,1.44,1.44,1.40,1.43,48000,68170.00
2019-07-18,1.44,1.45,1.40,1.41,807800,1135760.00
2019-07-19,1.39,1.43,1.39,1.40,22000,30920.00
2019-07-22,1.43,1.47,1.40,1.40,1686400,2374180.00
2019-07-23,1.42,1.44,1.42,1.43,146400,209748.00
2019-07-24,1.43,1.43,1.39,1.40,456000,639990.00
2019-07-25,1.42,1.50,1.40,1.46,336000,476870.00
2019-07-26,1.40,1.42,1.40,1.41,421000,592310.00
2019-07-29,1.40,1.45,1.40,1.42,118000,166910.00
2019-07-30,1.43,1.43,1.42,1.42,3200,4554.00
2019-07-31,1.39,1.41,1.39,1.40,1043100,1455319.00
2019-08-01,1.39,1.43,1.39,1.42,52000,74030.00
2019-08-02,1.40,1.43,1.40,1.40,70200,98510.00
2019-08-05,1.40,1.40,1.40,1.40,100000,140000.00
2019-08-06,1.39,1.40,1.38,1.39,691000,961275.00
2019-08-07,1.43,1.43,1.38,1.42,45800,64334.00
2019-08-08,1.44,1.46,1.39,1.45,124200,180108.00
2019-08-09,1.44,1.45,1.41,1.45,25000,35750.00
2019-08-12,1.46,1.46,1.46,1.46,16000,23360.00
2019-08-13,1.46,1.46,1.45,1.45,30000,43650.00
2019-08-14,1.47,1.48,1.43,1.44,129000,186570.00
2019-08-15,1.47,1.47,1.47,1.47,1000,1470.00
2019-08-16,1.43,1.47,1.43,1.46,91000,131940.00
2019-08-19,1.45,1.46,1.45,1.46,3000,4370.00
2019-08-20,1.47,1.48,1.41,1.46,106000,154130.00
2019-08-21,1.46,1.46,1.46,1.46,1000,1460.00
2019-08-22,1.42,1.47,1.42,1.44,41000,58740.00
2019-08-23,1.42,1.48,1.42,1.47,5200,7524.00
2019-08-26,1.43,1.46,1.43,1.46,3000,4350.00
2019-08-27,1.49,1.49,1.44,1.45,21000,30700.00
2019-08-28,1.46,1.48,1.42,1.45,390100,572892.00
2019-08-29,1.42,1.45,1.41,1.44,10500,15005.00
2019-08-30,1.40,1.45,1.38,1.41,3445100,4799190.00
2019-09-02,1.42,1.48,1.40,1.47,241000,350460.00
2019-09-03,1.47,1.52,1.47,1.50,161000,239820.00
2019-09-04,1.48,1.49,1.48,1.48,122000,180780.00
2019-09-05,1.51,1.51,1.46,1.48,101000,148670.00
2019-09-06,1.50,1.51,1.47,1.48,63000,94040.00
2019-09-09,1.44,1.50,1.44,1.48,57200,84798.00
2019-09-10,1.46,1.49,1.46,1.48,90000,132330.00
2019-09-11,1.48,1.49,1.47,1.48,18000,26580.00
2019-09-12,1.49,1.49,1.47,1.48,61000,90190.00
2019-09-16,1.50,1.50,1.44,1.49,110800,162682.00
2019-09-17,1.44,1.49,1.44,1.49,20000,28940.00
2019-09-18,1.43,1.48,1.39,1.41,2710400,3812303.00
2019-09-19,1.40,1.46,1.40,1.46,125800,177770.00
2019-09-20,1.48,1.52,1.48,1.50,207000,309460.00
2019-09-23,1.48,1.51,1.47,1.49,326000,483070.00
2019-09-24,1.45,1.49,1.43,1.46,204000,297990.00
2019-09-25,1.44,1.47,1.44,1.45,60000,87200.00
2019-09-26,1.49,1.51,1.48,1.49,155000,231700.00
2019-09-27,1.45,1.47,1.39,1.40,1400200,1964438.00
2019-09-30,1.39,1.48,1.39,1.46,15400,22046.00
2019-10-08,1.43,1.45,1.41,1.42,30000,42600.00
2019-10-09,1.45,1.45,1.40,1.41,65000,92150.00
2019-10-10,1.46,1.49,1.41,1.43,93200,133136.00
2019-10-11,1.45,1.47,1.45,1.46,44000,64220.00
2019-10-14,1.47,1.49,1.47,1.48,251000,372400.00
2019-10-17,1.43,1.46,1.43,1.45,21000,30280.00
2019-10-18,1.40,1.48,1.40,1.48,558400,795300.00
2019-10-21,1.51,1.65,1.50,1.54,2373500,3638563.00
2019-10-22,1.55,1.55,1.50,1.51,170000,256700.00
2019-10-23,1.52,1.53,1.46,1.50,94400,142274.00
2019-10-25,1.53,1.56,1.39,1.44,878000,1319320.00
2019-10-28,1.46,1.58,1.46,1.53,204000,312350.00
2019-10-29,1.51,1.58,1.49,1.51,412000,625180.00
2019-10-30,1.47,1.54,1.47,1.53,869200,1327744.00
2019-10-31,1.52,1.53,1.50,1.53,22000,33374.00
2019-11-01,1.50,1.53,1.49,1.51,173600,262229.00
2019-11-04,1.49,1.50,1.46,1.48,169000,250960.00
2019-11-05,1.51,1.51,1.46,1.48,360000,534300.00
2019-11-06,1.45,1.50,1.45,1.45,103000,152650.00
2019-11-07,1.49,1.49,1.42,1.45,2302000,3304150.00
2019-11-08,1.42,1.45,1.40,1.45,65000,92270.00
2019-11-11,1.41,1.45,1.38,1.41,503000,700870.00
2019-11-12,1.38,1.40,1.38,1.40,14700,20426.00
2019-11-13,1.44,1.46,1.39,1.40,492000,690030.00
2019-11-14,1.37,1.41,1.37,1.38,400000,551550.00
2019-11-15,1.36,1.42,1.34,1.36,1634900,2223923.00
2019-11-18,1.33,1.36,1.32,1.36,30000,39890.00
2019-11-19,1.40,1.58,1.36,1.53,468000,664070.00
2019-11-20,1.48,1.52,1.45,1.46,104000,154484.00
2019-11-21,1.41,1.43,1.30,1.41,483700,653892.00
2019-11-22,1.40,1.43,1.39,1.41,63000,88710.00
2019-11-25,1.38,1.40,1.32,1.35,208600,283092.00
2019-11-26,1.34,1.35,1.34,1.35,40000,53800.00
2019-11-27,1.34,1.36,1.34,1.36,22000,29670.00
2019-11-28,1.34,1.36,1.34,1.35,765900,1030336.00
2019-11-29,1.34,1.40,1.34,1.36,19000,25780.00
2019-12-02,1.40,1.40,1.35,1.36,364000,498760.00
2019-12-03,1.35,1.39,1.35,1.37,46000,62390.00
2019-12-04,1.38,1.38,1.34,1.35,339000,458450.00
2019-12-05,1.34,1.40,1.34,1.35,33000,44650.00
2019-12-09,1.32,1.35,1.13,1.29,2201100,2645503.00
2019-12-10,1.31,1.33,1.31,1.32,113000,148620.00
2019-12-11,1.28,1.32,1.22,1.30,552000,709690.00
2019-12-12,1.28,1.31,1.17,1.29,165000,211890.00
2019-12-13,1.31,1.31,1.17,1.28,235400,289812.00
2019-12-16,1.28,1.28,1.28,1.28,1000,1280.00
2019-12-17,1.28,1.28,1.28,1.28,4000,5120.00
2019-12-19,1.24,1.25,1.24,1.25,20000,24900.00
2019-12-20,1.28,1.29,1.27,1.27,17000,21760.00
2019-12-23,1.31,1.31,1.21,1.22,73100,89485.00
2019-12-24,1.21,1.21,1.20,1.20,96000,115690.00
2019-12-25,1.22,1.29,1.21,1.25,159000,198030.00
2019-12-26,1.22,1.24,1.19,1.22,159000,192230.00
2019-12-27,1.19,1.20,1.16,1.19,422000,503820.00
2019-12-30,1.17,1.22,1.14,1.16,1232100,1435688.00
2019-12-31,1.13,1.15,1.08,1.12,408200,454862.00
2020-01-02,1.14,1.16,1.10,1.13,165200,184980.00
2020-01-03,1.10,1.12,1.07,1.11,282000,306830.00
2020-01-06,1.13,1.30,1.13,1.28,1152200,1446170.00
2020-01-07,1.26,1.29,1.23,1.25,219000,274110.00
2020-01-08,1.26,1.26,1.14,1.16,78000,92860.00
2020-01-09,1.14,1.21,1.07,1.12,1179500,1345499.00
2020-01-10,1.16,1.19,1.14,1.16,245000,283040.00
2020-01-13,1.12,1.17,1.10,1.16,228400,260364.00
2020-01-14,1.17,1.30,1.17,1.23,833000,1032300.00
2020-01-15,1.23,1.32,1.21,1.27,724400,924378.00
2020-01-16,1.30,1.32,1.28,1.30,594000,772030.00
2020-01-17,1.27,1.38,1.27,1.37,518200,698656.00
2020-01-20,1.40,1.56,1.39,1.52,866100,1244955.00
2020-01-21,1.51,1.88,1.50,1.73,3228100,5780302.00
2020-01-22,1.75,1.88,1.75,1.85,1053600,1939134.00
2020-01-23,1.87,1.89,1.82,1.84,633000,1173860.00
2020-02-03,1.80,1.80,1.55,1.57,364000,586240.00
2020-02-04,1.61,1.73,1.58,1.70,40000,65300.00
2020-02-05,1.76,2.02,1.70,1.96,286600,551748.00
2020-02-06,1.92,2.13,1.92,2.05,1030000,2110150.00
2020-02-07,2.07,2.26,1.95,2.00,249000,510870.00
2020-02-10,1.95,2.03,1.87,1.93,379200,745075.00
2020-02-11,2.00,2.00,1.86,1.90,474100,905394.00
2020-02-12,1.96,2.05,1.91,1.94,786000,1527790.00
2020-02-13,1.90,2.51,1.90,2.28,2631200,5778716.00
2020-02-14,2.30,2.70,2.28,2.42,1735000,4229090.00
2020-02-17,2.43,2.68,2.43,2.59,1350800,3478344.00
2020-02-18,2.63,2.70,2.52,2.52,866000,2260370.00
2020-02-19,2.65,3.31,2.65,2.89,7675300,22744276.00
2020-02-20,2.94,3.16,2.74,2.78,5794100,16747428.00
2020-02-21,2.85,2.86,2.60,2.65,3211400,8792279.00
2020-02-24,2.73,2.74,2.48,2.60,1458800,3681870.00
2020-02-25,2.59,2.91,2.47,2.88,1085000,2967640.00
2020-02-26,2.89,2.90,2.80,2.83,941800,2678574.00
2020-02-27,2.88,2.88,2.70,2.74,568000,1581170.00
2020-02-28,2.78,2.78,2.66,2.71,163000,444660.00
2020-03-02,2.60,2.69,2.58,2.63,412000,1085750.00
2020-03-03,2.64,2.64,2.44,2.45,833000,2073320.00
2020-03-04,2.50,2.53,2.30,2.48,854400,2072120.00
2020-03-05,2.34,2.64,2.32,2.52,228000,555830.00
2020-03-06,2.54,2.61,2.36,2.50,492500,1230435.00
2020-03-09,2.57,2.57,2.44,2.47,581700,1433237.00
2020-03-10,2.52,2.54,2.49,2.51,90000,226300.00
2020-03-11,2.60,2.69,2.55,2.64,533000,1409260.00
2020-03-12,2.60,2.64,2.55,2.60,505000,1310930.00
2020-03-13,2.61,2.62,2.50,2.60,449000,1136550.00
2020-03-16,2.64,2.64,2.40,2.48,1136100,2838392.00
2020-03-17,2.40,2.55,2.40,2.51,222100,556190.00
2020-03-18,2.55,2.78,2.55,2.67,607000,1611450.00
2020-03-19,2.73,2.80,2.51,2.53,326000,858660.00
2020-03-20,2.63,2.64,2.63,2.63,62000,163350.00
2020-03-23,2.65,2.65,2.47,2.50,427000,1068000.00
2020-03-24,2.56,2.58,2.55,2.55,90000,230130.00
2020-03-25,2.60,2.62,2.50,2.50,178000,448320.00
2020-03-26,2.60,2.63,2.52,2.53,75000,192690.00
2020-03-27,2.60,2.63,2.55,2.62,508000,1331510.00
2020-03-30,2.65,2.67,2.55,2.57,198100,522327.00
2020-03-31,2.51,2.66,2.51,2.63,287600,754185.19
2020-04-01,2.68,2.72,2.58,2.61,580000,1518081.63
2020-04-02,2.68,2.73,2.61,2.71,49100,132406.00
2020-04-03,2.72,2.84,2.66,2.69,327500,885405.00
2020-04-07,2.73,2.79,2.65,2.72,1152500,3076317.75
2020-04-08,2.78,2.88,2.77,2.79,545100,1539156.00
2020-04-09,2.81,2.88,2.76,2.85,164400,466220.50
2020-04-10,2.90,2.90,2.65,2.75,167800,465895.91
2020-04-13,2.80,2.80,2.63,2.65,1340500,3575529.75
2020-04-14,2.73,2.73,2.62,2.64,414300,1090994.00
2020-04-15,2.69,2.69,2.52,2.56,337000,862285.25
2020-04-16,2.63,2.63,2.60,2.61,10000,26110.00
2020-04-17,2.63,2.70,2.52,2.52,482500,1253571.00
2020-04-20,2.63,2.63,2.47,2.47,762700,1903299.00
2020-04-21,2.50,2.54,2.42,2.54,390300,973749.00
2020-04-22,2.54,2.63,2.50,2.51,168200,428823.25
2020-04-23,2.60,2.60,2.51,2.60,273500,691320.00
2020-04-24,2.63,2.63,2.54,2.60,38600,99096.00
2020-04-27,2.47,2.58,2.47,2.49,226900,565182.00
2020-04-28,2.55,2.55,2.16,2.20,2009400,4570683.00
2020-04-29,2.27,2.32,2.15,2.32,153600,346068.00
2020-04-30,2.28,2.30,2.08,2.19,1547500,3386166.50
2020-05-06,2.23,2.23,2.01,2.03,1152700,2380365.00
2020-05-07,2.08,2.08,1.96,2.00,190200,381960.00
2020-05-08,2.05,2.05,1.95,2.01,23000,46160.00
2020-05-11,2.05,2.05,1.86,1.87,345300,653006.00
2020-05-12,1.94,1.94,1.82,1.88,138200,256203.00
2020-05-13,1.94,2.09,1.90,2.02,341900,683842.00
2020-05-14,2.08,2.08,1.98,2.00,126300,254773.00
2020-05-15,2.06,2.06,1.97,2.00,73500,146230.00
2020-05-18,1.97,2.06,1.97,1.98,62500,123840.00
2020-05-19,2.05,2.05,1.96,2.03,92500,184058.00
2020-05-20,2.05,2.05,1.97,2.04,93000,185210.00
2020-05-21,2.05,2.05,1.93,1.96,102700,202750.00
2020-05-22,2.03,2.03,1.93,1.94,74000,146240.00
2020-05-25,2.00,2.20,1.93,2.20,479500,985983.31
2020-05-26,2.21,2.30,2.16,2.30,368000,822289.38
2020-05-27,2.30,2.30,2.19,2.24,181800,402403.00
2020-05-28,2.25,2.30,2.20,2.27,91900,206911.00
2020-05-29,2.27,2.27,2.16,2.25,6000,13310.00
2020-06-01,2.27,2.30,2.20,2.28,57200,130780.00
2020-06-02,2.31,2.31,2.11,2.16,164000,355750.00
2020-06-03,2.20,2.21,2.10,2.16,10000,21760.00
2020-06-04,2.11,2.23,2.11,2.22,265800,581056.38
2020-06-05,2.23,2.31,2.19,2.24,370700,837247.13
2020-06-08,2.30,2.30,2.22,2.30,26100,58202.00
2020-06-09,2.30,2.30,2.20,2.25,15600,35252.00
2020-06-10,2.18,2.26,2.17,2.24,126100,282733.00
2020-06-11,2.26,2.33,2.22,2.28,27200,62021.74
2020-06-12,2.30,2.50,2.30,2.46,691700,1680763.00
2020-06-15,2.50,2.50,2.30,2.31,362700,862280.00
2020-06-16,2.25,2.41,2.25,2.40,78400,183325.23
2020-06-17,2.44,2.44,2.28,2.30,100600,232878.00
2020-06-18,2.40,2.40,2.30,2.30,205600,485054.69
2020-06-19,2.34,2.44,2.27,2.44,257200,607538.00
2020-06-22,2.45,2.45,2.33,2.40,452100,1075234.38
2020-06-23,2.45,2.45,2.34,2.34,131600,309980.00
2020-06-24,2.40,2.46,2.38,2.44,262700,639921.25
2020-06-29,2.47,2.50,2.40,2.45,249000,609238.38
2020-06-30,2.47,2.50,2.40,2.42,398500,967480.00
2020-07-01,2.33,2.44,2.33,2.34,360300,852902.31
2020-07-02,2.46,2.46,2.30,2.35,543700,1273897.13
2020-07-03,2.40,2.40,2.29,2.38,315200,725450.00
2020-07-06,2.42,2.42,2.31,2.38,483700,1141681.63
2020-07-07,2.40,2.40,2.29,2.34,207000,486615.00
2020-07-08,2.38,2.38,2.25,2.30,355700,816001.00
2020-07-09,2.40,2.40,2.21,2.25,445800,1006813.44
2020-07-10,2.30,2.45,2.15,2.27,516700,1167794.13
2020-07-13,2.30,2.36,2.29,2.33,396100,912657.00
2020-07-14,2.34,2.35,2.27,2.32,406500,947790.00
2020-07-15,2.40,2.40,2.28,2.34,448000,1069052.00
2020-07-16,2.45,2.45,2.33,2.35,29000,68360.00
2020-07-17,2.40,2.42,2.31,2.39,319400,762685.38
2020-07-20,2.42,2.42,2.31,2.40,164800,393381.00
2020-07-21,2.31,2.41,2.31,2.35,599900,1422600.00
2020-07-22,2.40,2.40,2.30,2.34,1509900,3511715.00
2020-07-23,2.40,2.40,2.33,2.36,368600,874824.00
2020-07-24,2.40,2.40,2.30,2.36,472600,1110410.25
2020-07-27,2.40,2.40,2.15,2.19,506600,1143826.75
2020-07-28,2.20,2.20,2.04,2.05,536500,1144423.13
2020-07-29,2.08,2.17,2.06,2.09,720100,1508295.88
2020-07-30,2.15,2.17,2.04,2.06,447100,934211.38
2020-07-31,2.01,2.24,2.01,2.20,202500,438213.56
2020-08-03,2.25,2.39,2.16,2.35,547400,1270318.25
2020-08-04,2.35,2.35,2.28,2.33,140300,327164.22
2020-08-05,2.40,2.40,2.20,2.27,418400,945536.06
2020-08-06,2.32,2.33,2.22,2.32,525700,1192200.50
2020-08-07,2.34,2.34,2.14,2.21,453200,1010775.00
2020-08-10,2.21,2.21,2.08,2.11,349300,734152.63
2020-08-11,2.11,2.16,2.08,2.15,158200,332769.44
2020-08-12,2.07,2.07,1.99,2.03,311000,627622.00
2020-08-13,2.03,2.09,2.02,2.08,171600,347781.41
2020-08-14,2.08,2.08,2.01,2.08,76000,156030.00
2020-08-17,2.01,2.08,1.93,2.00,493000,988909.25
2020-08-18,2.00,2.05,1.95,2.01,27400,55190.00
2020-08-19,2.01,2.06,1.93,2.01,216000,429246.00
2020-08-20,1.98,2.04,1.96,1.97,55000,109085.00
2020-08-21,1.97,2.05,1.93,2.00,188300,375104.25
2020-08-24,2.01,2.04,1.85,1.90,677800,1288853.88
2020-08-25,1.90,1.94,1.86,1.89,65600,125737.74
2020-08-26,1.89,1.95,1.88,1.95,149200,283558.00
2020-08-27,1.96,2.04,1.93,1.96,186800,369655.66
2020-08-28,1.97,2.02,1.91,1.97,99800,193814.00
2020-08-31,1.97,2.00,1.91,2.00,54400,106120.00
2020-09-01,2.00,2.00,1.90,1.96,1249000,2782020.00
2020-09-02,1.97,1.97,1.97,1.97,1000,1970.00
2020-09-03,1.99,2.02,1.89,1.90,298000,574581.00
2020-09-04,1.95,1.95,1.85,1.92,164100,310569.00
2020-09-07,1.85,1.92,1.73,1.84,187300,344194.56
2020-09-08,1.85,1.95,1.73,1.83,384000,689242.00
2020-09-09,1.84,1.89,1.78,1.80,173500,315895.00
2020-09-10,1.85,1.86,1.77,1.79,210000,380310.00
2020-09-11,1.80,1.80,1.69,1.77,869900,1508596.25
2020-09-14,1.83,1.90,1.78,1.83,298600,541888.81
2020-09-15,1.85,1.87,1.78,1.85,716400,1292611.25
2020-09-16,1.78,1.89,1.74,1.87,530300,956240.44
2020-09-17,1.89,2.07,1.89,2.04,1536000,2706095.50
2020-09-18,2.04,2.30,2.03,2.16,887100,1955157.00
2020-09-21,2.16,2.38,2.16,2.31,1739400,4029423.00
2020-09-22,2.32,2.35,2.18,2.19,298600,663983.06
2020-09-23,2.20,2.21,2.04,2.05,686000,1451655.75
2020-09-24,2.05,2.09,2.00,2.04,31500,64050.00
2020-09-25,2.07,2.07,1.74,1.99,422400,758343.19
2020-09-28,2.05,2.05,1.98,2.02,259000,522580.00
2020-09-29,2.02,2.05,1.96,2.03,27000,54840.00
2020-09-30,2.03,2.08,2.00,2.02,109100,222922.00
2020-10-09,2.02,2.06,1.97,1.98,325800,649016.88
2020-10-12,2.06,2.08,1.98,2.04,394800,800670.06
2020-10-13,2.06,2.08,2.00,2.02,350500,711972.50
2020-10-14,2.07,2.07,1.97,2.05,835900,1704032.13
2020-10-15,2.08,2.15,2.05,2.08,805900,1693803.25
2020-10-16,2.15,2.20,2.09,2.16,188900,404335.59
2020-10-19,2.20,2.34,2.20,2.32,765700,1755480.88
2020-10-20,2.33,2.41,2.30,2.34,291900,684449.44
2020-10-21,2.39,2.39,2.33,2.35,100700,239661.00
2020-10-22,2.28,2.38,2.20,2.33,939900,2166637.75
2020-10-23,2.39,2.39,2.30,2.38,756500,1769115.88
2020-10-26,2.30,2.31,2.22,2.31,143700,322783.00
2020-10-27,2.35,2.35,2.25,2.28,111000,253442.00
2020-10-28,2.35,2.35,2.26,2.26,1600,3690.16
2020-10-29,2.33,2.33,2.28,2.29,282200,648778.00
2020-10-30,2.36,2.36,2.26,2.31,419100,959400.25
2020-11-02,2.28,2.30,2.19,2.28,481500,1076927.38
2020-11-03,2.21,2.27,2.18,2.27,585600,1304693.75
2020-11-04,2.27,2.27,2.27,2.27,19000,43130.00
2020-11-05,2.27,2.33,2.27,2.30,942700,2170177.50
2020-11-06,2.32,2.35,2.20,2.20,657300,1508667.00
2020-11-09,2.22,2.23,2.05,2.11,1323800,2829414.75
2020-11-10,2.14,2.14,2.14,2.14,6900,14766.00
2020-11-11,2.15,2.18,2.11,2.16,226000,485600.00
2020-11-12,2.16,2.20,2.16,2.19,25900,56579.00
2020-11-13,2.19,2.19,2.19,2.19,10000,21900.00
2020-11-16,2.09,2.20,2.09,2.10,35600,76200.00
2020-11-17,2.15,2.19,2.14,2.19,190100,408892.00
2020-11-18,2.19,2.20,2.11,2.17,64700,141288.00
2020-11-19,2.17,2.20,2.08,2.16,217700,460226.00
2020-11-20,2.16,2.20,2.09,2.16,48400,103153.08
2020-11-23,2.20,2.21,2.09,2.11,381800,813513.50
2020-11-24,2.09,2.13,2.08,2.11,512300,1080473.25
2020-11-25,2.15,2.29,2.15,2.23,444400,993324.88
2020-11-26,2.23,2.27,2.20,2.25,125600,281652.00
2020-11-27,2.28,2.30,2.20,2.25,351700,783962.63
2020-11-30,2.28,2.29,2.26,2.28,187200,424663.59
2020-12-01,2.27,2.34,2.26,2.29,231600,528892.00
2020-12-02,2.30,2.31,2.25,2.26,163500,371916.22
2020-12-03,2.24,2.25,2.24,2.25,235300,528292.00
2020-12-04,2.25,2.25,2.20,2.22,247400,547293.19
2020-12-07,2.19,2.27,2.16,2.19,121200,268822.00
2020-12-08,2.19,2.24,2.19,2.24,34400,76784.76
2020-12-09,2.26,2.27,2.25,2.27,194300,439214.13
2020-12-10,2.27,2.29,2.19,2.21,602400,1334772.00
2020-12-11,2.26,2.26,2.16,2.20,460300,1012981.69
2020-12-14,2.20,2.21,2.15,2.20,287900,628025.00
2020-12-15,2.23,2.24,2.16,2.20,139800,309363.00
2020-12-16,2.20,2.23,2.17,2.19,1072600,2362961.50
2020-12-17,2.21,2.32,2.19,2.23,377000,836051.63
2020-12-18,2.20,2.31,2.20,2.28,238700,535551.00
2020-12-21,2.30,2.45,2.30,2.42,1888700,4530829.50
2020-12-22,2.45,3.34,2.40,2.95,5799800,17386748.00
2020-12-23,3.00,3.08,2.96,3.00,2704000,8156159.00
2020-12-24,3.07,3.26,3.07,3.24,4343100,13947074.00
2020-12-25,3.30,3.34,3.25,3.31,2471300,8177242.50
2020-12-28,3.30,3.37,3.19,3.24,1350200,4379379.50
2020-12-29,3.20,3.25,3.18,3.21,1134900,3638231.75
2020-12-30,3.17,3.30,3.16,3.20,641700,2052105.75
2020-12-31,3.26,3.35,3.12,3.18,1551500,4970514.00
2021-01-04,3.15,3.25,2.04,2.93,2089900,6431000.00
2021-01-05,2.90,3.00,2.89,2.94,532800,1554134.75
2021-01-06,3.00,3.01,2.86,2.99,608800,1812992.00
2021-01-07,2.95,3.06,2.89,2.90,1056600,3133735.00
2021-01-08,2.90,2.98,2.79,2.81,339600,974946.44
2021-01-11,2.76,2.96,2.76,2.87,211100,607138.63
2021-01-12,2.86,2.99,2.82,2.92,478200,1389900.63
2021-01-13,2.90,3.12,2.85,3.03,624100,1904798.00
2021-01-14,3.01,3.19,2.96,3.15,660200,2062703.38
2021-01-15,3.10,3.30,3.05,3.28,1699300,5550676.50
2021-01-18,3.34,3.59,3.33,3.54,1911300,6690489.50
2021-01-19,3.52,3.72,3.46,3.49,1707300,6210730.00
2021-01-20,3.55,3.95,3.45,3.85,1447300,5511367.00
2021-01-21,3.83,4.02,3.83,3.94,662600,2604411.50
2021-01-22,4.02,4.02,3.92,4.01,648000,2587999.00
2021-01-25,4.05,4.05,3.74,3.81,2395400,9251671.00
2021-01-26,3.88,4.00,3.75,3.89,1360100,5290127.00
2021-01-27,3.92,4.01,3.89,3.93,1334300,5234750.00
2021-01-28,3.84,3.92,3.80,3.85,233600,905485.75
2021-01-29,3.85,4.06,3.85,3.99,1817100,7249535.00
2021-02-01,4.05,4.23,4.05,4.21,2150900,9013054.00
2021-02-02,4.19,4.21,4.16,4.17,2240400,9386795.00
2021-02-03,4.21,4.82,4.17,4.75,3984400,18270824.00
2021-02-04,4.80,5.16,4.69,4.76,3592500,17938968.00
2021-02-05,4.83,5.22,4.80,5.08,1985900,10109285.00
2021-02-08,5.02,5.70,5.02,5.66,2986900,16702374.00
2021-02-09,5.70,6.05,5.70,5.78,1538500,8989889.00
2021-02-10,5.86,5.90,5.19,5.40,2844000,15613446.00
2021-02-18,5.48,5.83,5.48,5.69,461000,2631515.00
2021-02-19,5.72,5.77,4.92,4.98,1598800,8249265.00
2021-02-22,4.94,5.29,4.94,5.06,368300,1883900.38
2021-02-23,5.13,5.13,4.96,5.06,370300,1857477.75
2021-02-24,5.02,5.02,4.69,4.73,1047700,5062927.50
2021-02-25,4.71,4.90,4.67,4.81,709300,3351477.50
2021-02-26,4.86,4.86,4.39,4.57,757700,3475543.50
2021-03-01,4.67,5.12,4.60,4.98,720000,3377871.00
2021-03-02,5.07,5.15,4.90,4.94,667600,3356980.50
2021-03-03,5.05,5.70,5.05,5.41,494800,2687333.00
2021-03-04,5.50,5.59,5.13,5.20,1780800,9608362.00
2021-03-05,5.32,5.33,5.07,5.27,319800,1663008.25
2021-03-08,5.32,5.70,5.24,5.27,1141600,6116683.50
2021-03-09,5.39,5.51,5.05,5.17,1753000,7876847.00
2021-03-10,5.26,5.26,3.90,3.96,4373900,19187020.00
2021-03-11,4.05,4.31,4.05,4.30,1180700,4932317.00
2021-03-12,4.35,4.35,4.11,4.19,599400,2518663.50
2021-03-15,4.16,4.56,3.95,4.21,825800,3338173.75
2021-03-16,4.17,4.32,4.12,4.19,459300,1936430.38
2021-03-17,4.25,4.66,4.21,4.21,425400,1808700.25
2021-03-18,4.16,4.31,4.15,4.27,429400,1793790.00
2021-03-19,4.29,4.29,4.15,4.27,220700,927108.19
2021-03-22,4.28,4.28,4.17,4.17,170800,713863.94
2021-03-23,4.15,4.21,4.09,4.11,437900,1819429.13
2021-03-24,4.07,4.19,4.07,4.09,300,1236.00
2021-03-25,4.17,4.21,4.06,4.12,609300,2527927.50
2021-03-26,4.21,4.21,4.09,4.10,265900,1103590.00
2021-03-29,4.26,4.60,4.15,4.42,962500,4174346.00
2021-03-30,4.36,4.46,4.32,4.46,267300,1163972.25
2021-03-31,4.50,5.11,4.50,4.87,2916500,14522873.00
2021-04-01,4.96,5.01,4.87,4.89,550300,2720693.25
2021-04-02,4.96,4.98,4.81,4.84,480900,2352726.75
2021-04-06,4.00,4.73,4.00,4.40,2348400,10425281.00
2021-04-07,4.48,4.60,4.39,4.40,2094700,9339291.00
2021-04-08,4.31,4.41,4.11,4.15,1735100,7364778.50
2021-04-09,4.19,4.19,3.79,4.06,4863600,19331122.00
2021-04-12,4.15,4.41,4.15,4.21,1920300,8289158.00
2021-04-13,4.26,4.55,4.25,4.38,1566100,7004754.00
2021-04-14,4.48,4.73,4.19,4.60,930300,4305083.50
2021-04-15,4.69,4.71,4.59,4.60,382700,1785252.13
2021-04-16,4.53,4.63,4.35,4.44,862500,3888302.75
2021-04-19,4.40,4.66,4.40,4.61,939900,4275699.00
2021-04-20,4.58,4.62,4.40,4.41,743500,3326093.75
2021-04-21,4.46,4.51,4.38,4.50,252800,1119913.38
2021-04-22,4.52,4.64,4.50,4.52,372000,1706452.88
2021-04-23,4.59,4.66,4.57,4.60,446300,2053483.75
2021-04-26,4.59,4.69,4.59,4.64,349300,1617527.50
2021-04-27,4.69,4.84,4.65,4.79,898400,4271629.00
2021-04-28,4.78,4.83,4.73,4.82,299700,1430788.63
2021-04-29,4.84,5.12,4.80,4.87,1179200,5839922.50
2021-04-30,4.90,5.00,4.88,4.91,195100,963253.69
2021-05-06,4.98,5.02,4.65,4.67,335500,1614341.88
2021-05-07,4.79,4.89,4.39,4.60,615000,2844075.50
2021-05-10,4.67,4.76,4.60,4.66,295800,1381408.25
2021-05-11,4.60,4.69,4.59,4.60,159500,737296.06
2021-05-12,4.67,4.79,4.67,4.73,301400,1417151.00
2021-05-13,4.77,4.82,4.73,4.82,473700,2269573.00
2021-05-14,4.73,4.91,4.73,4.86,627700,3065138.50
2021-05-17,4.90,4.90,4.85,4.87,251200,1224709.00
2021-05-18,4.90,4.90,4.73,4.80,320600,1544307.00
2021-05-19,4.81,4.85,4.79,4.80,147500,708391.25
2021-05-20,4.86,5.08,4.80,4.81,693300,3416552.50
2021-05-21,4.90,4.91,4.73,4.77,623100,2999476.75
2021-05-24,4.71,4.81,4.67,4.69,312500,1472799.13
2021-05-25,4.69,4.78,4.65,4.66,295300,1388846.88
2021-05-26,4.66,4.71,4.65,4.69,650100,3047904.25
2021-05-27,4.73,4.85,4.71,4.83,416800,1994021.25
2021-05-28,4.85,4.92,4.85,4.89,577000,2823103.25
2021-05-31,4.86,4.86,4.61,4.63,1089600,5127756.00
2021-06-01,4.64,4.73,4.48,4.63,1426300,6516392.50
2021-06-02,4.67,4.76,4.67,4.75,194200,917597.38
2021-06-03,4.78,4.83,4.73,4.82,430500,2052528.75
2021-06-04,4.80,4.84,4.71,4.73,343600,1653486.38
2021-06-07,4.71,4.80,4.66,4.75,134300,634913.69
2021-06-08,4.80,4.81,4.73,4.81,62700,299105.00
2021-06-09,4.83,4.96,4.79,4.80,717300,3526690.75
2021-06-10,4.85,4.92,4.80,4.85,328200,1599997.63
2021-06-11,4.86,5.06,4.84,5.01,795800,3958295.25
2021-06-15,5.03,5.52,5.03,5.47,1730700,9288943.00
2021-06-16,5.47,5.47,5.21,5.26,561600,2991558.00
2021-06-17,5.23,5.77,5.23,5.65,1633700,9221498.00
2021-06-18,5.60,6.20,5.60,6.10,3527700,21006660.00
2021-06-21,6.18,6.20,6.00,6.07,669600,4056412.50
2021-06-22,6.08,6.09,5.86,5.91,499200,2984726.00
2021-06-23,5.92,6.02,5.92,5.93,362800,2170592.25
2021-06-24,5.96,5.96,5.62,5.67,1205800,6938093.50
2021-06-25,5.66,5.85,5.46,5.83,1238300,6906372.50
2021-06-28,5.89,6.75,5.89,6.45,2603900,16946952.00
2021-06-29,6.46,6.90,6.46,6.71,2650400,17977962.00
2021-06-30,6.83,6.89,6.70,6.81,1989300,13519694.00
2021-07-01,6.84,7.18,6.84,7.00,2800400,19884140.00
2021-07-02,7.02,7.22,6.91,6.94,1895000,13519209.00
2021-07-05,6.99,7.43,6.94,7.37,4744700,34410784.00
2021-07-06,7.35,7.43,7.16,7.35,1175800,8584648.00
2021-07-07,7.40,7.61,7.27,7.60,1338600,10028004.00
2021-07-08,7.64,7.90,7.15,7.19,1985600,15069400.00
2021-07-09,7.32,7.32,6.86,7.12,1875200,13143086.00
2021-07-12,7.14,7.82,7.12,7.71,1668300,12508377.00
2021-07-13,7.81,7.93,7.53,7.87,1358300,10492671.00
2021-07-14,7.92,8.00,7.61,7.83,1122400,8822879.00
2021-07-15,7.83,7.99,7.60,7.91,1076700,8380485.50
2021-07-16,7.99,8.02,7.81,7.82,1453000,11390024.00
2021-07-19,7.88,8.00,7.42,7.62,930300,7174340.00
2021-07-20,7.62,7.62,7.40,7.48,818000,6161691.00
2021-07-21,7.51,7.60,7.36,7.55,943500,7016162.50
2021-07-22,7.44,7.66,7.44,7.50,848900,6407559.00
2021-07-23,7.51,7.59,7.39,7.41,668800,4654949.50
2021-07-26,7.52,7.60,7.36,7.38,1074200,7992536.00
2021-07-27,7.48,7.50,7.14,7.19,896300,6550260.00
2021-07-28,7.07,7.17,6.80,6.98,938700,6513754.00
2021-07-29,7.01,7.11,6.97,7.00,432300,3040924.50
2021-07-30,7.03,7.30,6.80,7.29,960400,6717387.00
2021-08-02,7.32,7.95,7.32,7.59,2354300,18033228.00
2021-08-03,7.61,7.68,7.00,7.20,740900,5465635.50
2021-08-04,7.09,7.28,6.60,6.76,2477200,16963718.00
2021-08-05,6.87,6.94,6.69,6.89,891700,6088123.50
2021-08-06,6.91,7.56,6.89,7.47,3749200,27073170.00
2021-08-09,7.46,7.71,7.46,7.54,2032000,15484779.00
2021-08-10,7.78,7.78,7.37,7.45,1390200,10389684.00
2021-08-11,7.47,7.47,7.38,7.44,365300,2715816.00
2021-08-12,7.41,7.50,7.38,7.48,1072600,7962571.50
2021-08-13,7.40,7.69,7.39,7.53,1522900,11445099.00
2021-08-16,7.54,7.71,7.43,7.60,1687500,12901359.00
2021-08-17,7.70,7.70,7.42,7.46,1838600,13717616.00
2021-08-18,7.50,7.56,7.46,7.50,381200,2858852.25
2021-08-19,7.52,7.53,7.46,7.46,376500,2817359.00
2021-08-20,7.45,7.50,7.30,7.33,605200,4479510.00
2021-08-23,7.31,7.51,7.02,7.24,1623100,12033489.00
2021-08-24,7.22,7.31,7.06,7.10,1395700,9994396.00
2021-08-25,7.05,7.42,7.04,7.32,783900,5583019.00
2021-08-26,7.30,7.52,7.25,7.47,287700,2125053.00
2021-08-27,7.50,7.63,7.42,7.56,1296900,9787590.00
2021-08-30,7.61,7.68,7.43,7.50,514500,3899768.75
2021-08-31,7.58,7.74,7.40,7.56,1046200,8018725.00
2021-09-01,7.56,7.64,7.33,7.47,931700,7005879.50
2021-09-02,7.47,7.59,7.20,7.37,1373200,10195324.00
2021-09-03,7.48,9.00,7.48,8.14,3838200,32499796.00
2021-09-06,8.35,10.31,8.26,9.81,9654200,95770000.00
2021-09-07,9.96,11.37,9.96,10.56,7623800,81076312.00
2021-09-08,10.67,11.30,10.50,10.92,7951300,87046816.00
2021-09-09,10.94,11.09,10.66,10.84,3895600,42441636.00
2021-09-10,10.99,11.00,10.30,10.65,5570200,59306516.00
2021-09-13,10.79,10.84,9.96,10.31,3294700,34166620.00
2021-09-14,10.27,10.51,10.00,10.14,3116000,32182824.00
2021-09-15,10.20,10.53,10.06,10.09,3349700,34568888.00
2021-09-16,9.93,10.17,8.00,9.54,2286400,22133042.00
2021-09-17,9.56,10.37,9.55,10.31,2504600,25249526.00
2021-09-22,10.47,15.00,10.47,12.04,13021300,151723840.00
2021-09-23,12.10,15.05,12.04,14.81,14341700,201050208.00
2021-09-24,15.04,15.62,14.00,14.52,9441100,137761200.00
2021-09-27,14.74,15.16,13.33,14.01,8504300,120623320.00
2021-09-28,14.01,14.65,13.81,14.03,3377800,47864696.00
2021-09-29,14.00,14.73,14.00,14.24,4225300,60734208.00
2021-09-30,14.46,14.72,14.21,14.54,4156100,60472976.00
2021-10-08,14.70,15.35,14.53,14.91,6490500,97001336.00
2021-10-11,15.06,15.06,13.14,13.40,6174200,85843584.00
2021-10-12,13.57,13.63,12.40,12.93,5008300,64539168.00
2021-10-13,12.86,13.94,12.78,13.88,4242700,57721640.00
2021-10-14,13.67,14.80,13.67,14.27,4216000,60498500.00
2021-10-15,14.29,14.73,14.20,14.44,2782300,40367492.00
2021-10-18,14.22,14.40,13.52,14.05,3215900,45060856.00
2021-10-19,14.18,14.18,13.40,13.48,2975100,40712164.00
2021-10-20,13.46,14.23,13.40,14.00,3146400,43299564.00
2021-10-21,13.98,14.60,13.98,14.21,3092100,44228112.00
2021-10-22,14.43,16.04,14.32,15.22,8840600,133764792.00
2021-10-25,15.00,16.02,15.00,15.98,6554500,103994928.00
2021-10-26,16.21,17.17,15.51,15.99,8338200,135501264.00
2021-10-27,16.01,16.23,15.22,15.59,4257500,66748496.00
2021-10-28,15.63,16.24,14.82,14.89,5999000,93033832.00
2021-10-29,15.01,16.82,15.01,16.09,7449800,118096272.00
2021-11-01,16.34,18.84,16.34,18.42,12901500,235353696.00
2021-11-02,18.84,18.84,17.93,18.57,4355100,79683080.00
2021-11-03,18.74,19.48,18.40,18.79,5255700,99263608.00
2021-11-04,18.87,18.93,18.37,18.45,3821100,71155128.00
2021-11-05,18.54,18.60,17.29,17.48,7151100,127554312.00
2021-11-08,17.40,17.50,16.77,17.45,7508500,128792296.00
2021-11-09,17.44,17.52,16.96,17.08,3419300,58684472.00
2021-11-10,17.09,17.29,16.31,16.70,4664600,78205200.00
2021-11-11,16.71,17.04,13.90,15.07,12751000,197514912.00
2021-11-12,15.11,15.65,13.21,15.53,9438400,136062912.00
2021-11-15,15.41,16.60,14.12,14.92,7592500,114780560.00
2021-11-16,14.90,14.98,14.10,14.30,3896400,56385848.00
2021-11-17,14.30,14.82,14.25,14.51,3162600,45850200.00
2021-11-18,14.51,14.68,12.89,13.42,7420700,101871736.00
2021-11-19,13.30,14.04,12.87,13.82,7306900,95383608.00
2021-11-22,13.60,14.35,13.50,13.91,7123300,98905224.00
2021-11-23,13.94,14.30,13.60,13.95,4600000,64137352.00
2021-11-24,13.95,14.50,13.95,14.42,4066800,57713588.00
2021-11-25,14.48,15.50,14.40,15.39,5953000,90231752.00
2021-11-26,15.36,15.55,15.05,15.17,2257700,34402604.00
2021-11-29,15.16,15.83,14.70,15.20,4888600,75186400.00
2021-11-30,15.17,15.29,14.50,14.69,4631800,68775496.00
2021-12-01,14.56,14.84,14.45,14.51,1907000,28379992.00
2021-12-02,14.56,14.95,14.48,14.56,2849300,41895616.00
2021-12-03,14.60,14.65,14.00,14.45,1515000,21846182.00
2021-12-06,14.44,14.50,13.50,13.54,4317300,60349888.00
2021-12-07,13.50,13.78,12.82,12.98,3597600,47297780.00
2021-12-08,13.00,13.47,12.98,13.30,2561900,33838640.00
2021-12-09,13.30,13.48,13.07,13.43,1927700,24607146.00
2021-12-10,13.40,13.96,13.13,13.63,2075400,27200370.00
2021-12-13,13.62,13.70,13.42,13.54,1456100,19528184.00
2021-12-14,13.53,13.53,13.25,13.37,1335400,17676466.00
2021-12-15,13.40,13.43,13.13,13.33,1268700,15905800.00
2021-12-16,13.36,13.36,12.10,12.46,6871800,86341824.00
2021-12-17,12.46,12.46,10.40,10.73,9645500,109450576.00
2021-12-20,10.83,11.47,10.40,10.76,6360900,69341848.00
2021-12-21,10.92,13.70,10.86,11.48,2887300,32155530.00
2021-12-22,11.45,12.21,10.00,11.73,3108800,36408540.00
2021-12-23,11.74,12.25,11.73,12.17,2308900,27142040.00
2021-12-24,12.20,12.48,11.75,11.84,2606900,31040236.00
2021-12-27,11.83,11.97,11.48,11.69,1749500,20450746.00
2021-12-28,11.71,12.30,11.69,12.21,1965900,23819832.00
2021-12-29,12.23,12.63,12.21,12.47,1683200,20869196.00
2021-12-30,12.53,12.75,12.42,12.71,1544800,19544084.00
2021-12-31,12.70,13.20,12.69,12.91,2219400,28523488.00
2022-01-04,12.94,13.10,12.44,12.53,2354100,30193614.00
2022-01-05,12.46,12.60,11.85,12.03,1899300,23251460.00
2022-01-06,12.03,12.21,11.80,11.89,1599900,19037536.00
2022-01-07,11.93,12.09,11.50,11.79,1790100,21125952.00
2022-01-10,11.79,12.15,11.78,11.90,1424100,16984274.00
2022-01-11,11.90,12.07,11.90,11.93,655800,7842415.50
2022-01-12,11.91,13.50,11.50,13.36,7435100,94766464.00
2022-01-13,13.38,13.55,12.92,13.23,3006400,39812332.00
2022-01-14,13.29,14.15,12.85,13.93,3735100,51548104.00
2022-01-17,13.88,14.04,13.51,13.96,3260600,45049456.00
2022-01-18,13.94,14.45,13.90,13.93,2169900,30788048.00
2022-01-19,13.93,14.12,13.30,13.56,2962800,40764372.00
2022-01-20,13.56,13.72,13.42,13.62,1113300,15135727.00
2022-01-21,13.60,14.09,13.16,13.20,1839500,24847014.00
2022-01-24,13.19,13.58,13.15,13.51,1365100,18315206.00
2022-01-25,13.48,13.52,13.19,13.23,1668900,22326490.00
2022-01-26,13.22,14.23,13.20,13.31,719300,9628351.00
2022-01-27,13.33,13.36,12.77,12.88,2615400,34017032.00
2022-01-28,12.91,13.98,12.91,13.27,2259400,29721588.00
2022-02-07,13.40,14.10,13.40,13.68,2230500,30791350.00
2022-02-08,13.72,13.73,12.96,13.01,2924100,38626580.00
2022-02-09,13.04,13.14,12.88,13.02,1921000,25000774.00
2022-02-10,13.00,13.00,12.82,12.89,1540800,19867400.00
2022-02-11,12.93,13.30,12.82,12.84,2386000,31002306.00
2022-02-14,12.82,12.94,12.38,12.41,2836600,35927240.00
2022-02-15,12.57,12.57,12.26,12.38,2748900,34065936.00
2022-02-16,12.40,12.66,12.40,12.56,1354400,16983472.00
2022-02-17,12.59,12.95,12.53,12.77,1603600,20471868.00
2022-02-18,12.77,12.99,12.70,12.76,1051600,13481716.00
2022-02-21,12.73,12.76,12.57,12.67,741800,9398966.00
2022-02-22,12.58,12.58,12.37,12.48,796700,9904035.00
2022-02-23,12.45,12.65,12.45,12.59,1233400,15489672.00
2022-02-24,12.57,12.80,12.20,12.35,1837500,23009464.00
2022-02-25,12.24,12.75,12.22,12.71,1189900,14996658.00
2022-02-28,12.80,13.49,12.80,13.22,2906700,38250072.00
2022-03-01,13.30,13.63,13.28,13.50,2362500,31759050.00
2022-03-02,13.52,13.56,13.26,13.49,1970300,26362092.00
2022-03-03,14.03,15.76,13.66,14.09,5189800,74708736.00
2022-03-04,14.10,14.24,13.93,14.16,1490900,20914600.00
2022-03-07,14.15,14.50,13.71,13.75,1967700,27750456.00
2022-03-08,13.81,14.00,13.20,13.41,2085300,28489668.00
2022-03-09,13.36,13.50,12.99,13.35,1362200,18091470.00
2022-03-10,13.45,13.80,13.40,13.48,1319700,17861444.00
2022-03-11,13.47,13.47,13.10,13.29,1356200,17939504.00
2022-03-14,13.29,13.29,12.90,12.97,1719300,22444904.00
2022-03-15,12.90,12.90,12.60,12.62,2336100,29789160.00
2022-03-16,12.60,12.79,12.25,12.75,2168900,27150270.00
2022-03-17,12.75,13.27,12.75,13.15,2009900,26480984.00
2022-03-18,13.13,13.57,13.00,13.48,1090900,14506814.00
2022-03-21,13.50,13.64,13.46,13.61,1350300,18294944.00
2022-03-22,13.60,13.75,13.32,13.36,1354200,18374524.00
2022-03-23,13.44,13.46,13.05,13.08,1211500,15917754.00
2022-03-24,13.08,13.55,13.00,13.48,1469900,19484040.00
2022-03-25,13.58,13.68,13.20,13.34,1285600,17194486.00
2022-03-28,13.34,13.34,13.10,13.21,1275800,16838386.00
2022-03-29,13.21,13.35,13.21,13.31,1087000,14433680.00
2022-03-30,13.35,13.49,13.35,13.44,1214000,16314250.00
2022-03-31,13.44,13.49,13.33,13.43,1592200,21328596.00
2022-04-01,13.42,14.35,13.42,14.13,2644000,36446164.00
2022-04-06,14.18,18.11,14.18,14.71,3555800,52811292.00
2022-04-07,14.80,14.85,14.13,14.19,2604200,37210060.00
2022-04-08,14.23,14.38,13.82,14.12,1411600,19955054.00
2022-04-11,14.10,14.10,13.51,13.61,2266200,31039950.00
2022-04-12,13.63,13.63,13.20,13.51,1763700,23581194.00
2022-04-13,13.45,13.65,13.31,13.48,704600,9174686.00
2022-04-14,13.50,13.75,13.50,13.65,1070000,14595017.00
2022-04-15,13.77,13.90,13.60,13.78,1882900,25888744.00
2022-04-18,13.79,14.19,13.78,14.10,1355000,18929794.00
2022-04-19,14.11,14.60,14.11,14.56,2233800,32193438.00
2022-04-20,14.55,14.60,14.01,14.20,1485400,21287234.00
2022-04-21,14.23,14.60,14.02,14.09,2461700,34855532.00
2022-04-22,14.09,14.13,13.88,13.99,2275400,31799866.00
2022-04-25,14.03,14.32,13.88,13.96,4789300,67446632.00
2022-04-26,13.99,14.05,13.00,13.05,3183200,42979408.00
2022-04-27,13.05,13.18,10.46,13.04,7161200,85740760.00
2022-04-28,13.00,13.60,12.57,13.17,2158100,28258782.00
2022-04-29,13.71,16.62,13.30,14.24,12327300,179126368.00
2022-05-05,14.30,14.30,13.58,13.65,3050700,42068620.00
2022-05-06,13.60,13.60,12.35,13.12,2463000,32352552.00
2022-05-09,13.17,13.30,12.82,12.90,1199800,15684091.00
2022-05-10,12.90,12.95,12.60,12.77,1923600,24664668.00
2022-05-11,12.70,13.29,12.70,13.04,2679800,35062884.00
2022-05-12,13.01,13.30,12.82,12.87,2011900,26128256.00
2022-05-13,12.90,13.18,12.82,12.93,1465600,18984832.00
2022-05-16,12.96,13.08,12.86,12.99,1049800,13631602.00
2022-05-17,13.01,13.05,12.90,12.97,949000,12311517.00
2022-05-18,12.99,13.04,12.90,12.94,1265400,16399566.00
2022-05-19,12.92,12.95,12.80,12.94,894000,11523835.00
2022-05-20,12.93,13.40,12.93,13.02,2641600,34460332.00
2022-05-23,13.03,13.18,12.91,13.01,1802600,23402958.00
2022-05-24,13.00,13.09,12.82,12.85,3293400,42731636.00
2022-05-25,12.85,12.94,12.80,12.90,528900,6797981.00
2022-05-26,12.90,12.91,12.77,12.78,1388500,17821118.00
2022-05-27,12.79,12.90,12.72,12.78,1243500,15946696.00
2022-05-30,12.82,12.95,12.51,12.56,2058300,26200942.00
2022-05-31,12.55,12.67,12.54,12.59,1198700,15089723.00
2022-06-01,12.59,12.63,12.15,12.20,1701800,21065388.00
2022-06-02,12.22,12.22,11.96,12.07,2082200,25097800.00
2022-06-06,12.07,13.13,12.04,13.00,3300700,42555704.00
2022-06-07,13.00,13.19,12.86,13.00,2591800,33766660.00
2022-06-08,13.00,13.12,12.90,13.00,1636600,21280900.00
2022-06-09,13.02,13.15,12.90,12.92,2291400,29834484.00
2022-06-10,12.94,13.12,12.94,13.00,3874400,50446716.00
2022-06-13,13.00,14.20,12.80,13.87,6499100,88327016.00
2022-06-14,13.85,14.55,13.50,14.49,8885400,126422344.00
2022-06-15,14.51,15.55,14.45,15.23,8956800,135887648.00
2022-06-16,15.30,15.42,14.66,14.70,6053100,90886880.00
2022-06-17,14.65,15.06,14.32,14.67,6215300,90729088.00
2022-06-20,14.63,15.35,14.63,14.98,5798400,87207192.00
2022-06-21,15.05,15.09,14.80,14.89,3941700,58802024.00
2022-06-22,14.90,15.14,14.90,15.01,4736000,71233632.00
2022-06-23,15.01,15.42,15.01,15.36,3657300,55967868.00
2022-06-24,15.36,16.50,15.30,16.17,7211600,115868064.00
2022-06-27,16.18,17.20,16.18,17.19,6067100,103398824.00
2022-06-28,17.19,17.50,16.90,17.19,5358400,92216848.00
2022-06-29,17.17,17.44,16.71,16.87,4287700,73160640.00
2022-06-30,17.10,17.10,16.53,16.86,3459100,58502168.00
2022-07-01,17.04,17.45,16.70,17.31,3179700,54264900.00
2022-07-04,17.36,18.73,17.36,18.57,7427600,135813296.00
2022-07-05,18.54,19.70,18.54,19.29,8052300,155515584.00
2022-07-06,19.31,19.59,18.34,18.42,6040000,113482000.00
2022-07-07,18.41,19.16,16.73,19.04,5252200,98748648.00
2022-07-08,19.02,20.20,19.02,19.68,5512700,108545304.00
2022-07-11,19.70,20.00,18.75,19.08,4587900,88186744.00
2022-07-12,19.35,19.36,18.40,18.58,5251400,98419424.00
2022-07-13,18.61,18.76,17.50,17.71,7070200,128178128.00
2022-07-14,17.67,18.45,16.96,18.32,8583600,150563888.00
2022-07-15,18.31,18.58,18.02,18.10,2344000,42859088.00
2022-07-18,18.15,19.48,18.15,19.21,5811100,110887016.00
2022-07-19,19.48,19.50,18.99,19.33,3151000,60778440.00
2022-07-20,19.48,19.52,19.11,19.24,1698300,32816212.00
2022-07-21,19.49,19.49,19.06,19.25,3065400,58870484.00
2022-07-22,19.43,19.43,18.82,18.90,3073600,58498104.00
2022-07-25,18.87,18.90,18.15,18.33,2914300,54080196.00
2022-07-26,18.29,18.71,18.21,18.39,2205400,40658776.00
2022-07-27,18.26,18.40,17.42,17.64,4678400,83451408.00
2022-07-28,17.65,18.10,17.64,17.70,2111800,37716632.00
2022-07-29,17.71,17.98,17.60,17.68,1645900,29289790.00
2022-08-01,17.71,19.04,17.71,18.93,3394100,62878176.00
2022-08-02,18.92,18.93,17.85,18.20,5763400,105336104.00
2022-08-03,18.19,18.75,18.19,18.35,3157100,58354076.00
2022-08-04,18.37,19.02,18.37,18.70,2613600,48980964.00
2022-08-05,18.75,19.20,18.75,19.16,2504500,47897216.00
2022-08-08,19.16,19.89,19.16,19.84,3074700,60772240.00
2022-08-09,19.87,20.39,19.81,20.04,3864400,77775496.00
2022-08-10,20.04,20.29,19.79,19.89,2952800,59247364.00
2022-08-11,19.94,20.10,19.90,20.00,2026700,40554224.00
2022-08-12,20.09,20.41,20.04,20.24,3136600,63439120.00
2022-08-15,20.27,21.70,20.20,21.51,6008400,125744016.00
2022-08-16,21.69,23.99,21.58,23.81,7728400,179266976.00
2022-08-17,23.80,25.00,23.00,23.18,7566200,180871440.00
2022-08-18,23.18,23.79,22.79,23.18,3131100,72839896.00
2022-08-19,23.19,24.10,23.18,23.98,4169700,98974320.00
2022-08-22,24.23,25.10,24.14,24.94,6727100,167400432.00
2022-08-23,24.94,25.30,24.45,24.58,3798600,94054480.00
2022-08-24,24.82,25.10,22.50,22.88,7828900,182689088.00
2022-08-25,22.85,23.22,21.90,23.16,4682200,105931376.00
2022-08-26,23.80,26.60,23.40,24.41,6671000,165373632.00
2022-08-29,24.41,24.70,24.03,24.19,2547600,62027856.00
2022-08-30,24.24,24.59,23.50,23.92,2009800,48184716.00
2022-08-31,23.90,23.91,22.64,22.78,2832900,65357924.00
2022-09-01,22.50,23.40,22.50,23.00,2180200,50319144.00
2022-09-02,23.03,23.60,22.81,22.93,1562200,36042648.00
2022-09-05,22.91,23.05,22.38,22.57,2157300,48785792.00
2022-09-06,22.58,23.59,22.50,22.69,2702800,61306392.00
2022-09-07,22.62,22.97,21.90,22.79,1816400,41392064.00
2022-09-08,22.80,23.40,22.61,23.11,2261000,52100488.00
2022-09-09,23.17,24.09,23.17,23.71,3355400,79850056.00
2022-09-13,24.50,25.20,23.65,23.82,1579000,37823120.00
2022-09-14,23.60,23.80,23.15,23.48,890500,20921168.00
2022-09-15,23.48,23.65,22.09,22.29,3511400,79879688.00
2022-09-16,22.35,22.68,20.70,20.75,4212400,89959008.00
2022-09-19,20.60,21.98,20.48,21.12,2643100,55908428.00
2022-09-20,21.17,21.69,21.17,21.64,864500,18634766.00
2022-09-21,21.71,22.30,21.50,22.13,1431000,31365742.00
2022-09-22,22.15,23.88,22.15,23.53,3258200,75438168.00
2022-09-23,23.50,24.03,23.09,23.51,2545900,60081808.00
2022-09-26,23.50,23.65,23.03,23.11,1316400,30762836.00
2022-09-27,23.13,23.43,22.69,22.78,1771700,40548500.00
2022-09-28,22.78,22.87,21.57,21.73,2624700,57685256.00
2022-09-29,22.63,23.99,20.42,20.64,7544100,161817760.00
2023-03-23,12.00,12.06,10.79,11.23,31450538,357125696.00
2023-03-24,11.17,11.45,10.84,11.03,10843480,120649592.00
2023-03-27,10.88,10.98,10.61,10.65,6832073,73314016.00
2023-03-28,10.69,10.78,10.61,10.64,3283670,35097116.00
2023-03-29,10.70,10.76,10.35,10.44,5658332,59572424.00
2023-03-30,10.44,10.48,10.18,10.20,3609811,36727652.00
2023-03-31,10.21,10.24,9.98,10.03,4415672,44328036.00
2023-04-03,10.02,10.02,9.80,9.80,4969233,48923300.00
2023-04-04,9.80,10.07,9.80,9.94,2905009,28930972.00
2023-04-06,9.94,9.94,9.80,9.82,2098098,20616032.00
2023-04-07,9.83,9.96,9.82,9.92,1218460,12082581.00
2023-04-10,9.99,10.41,9.91,10.30,4244747,43119308.00
2023-04-11,10.23,10.31,10.01,10.07,3600874,36384224.00
2023-04-12,10.06,10.09,9.88,9.96,1886908,18805638.00
2023-04-13,9.99,9.99,9.81,9.82,1943723,19229134.00
2023-04-14,9.82,10.08,9.80,9.93,2886008,28753232.00
2023-04-17,9.91,9.99,9.80,9.81,2731657,26955260.00
2023-04-18,9.81,9.89,9.78,9.81,2412568,23987972.00
2023-04-19,9.84,9.86,9.65,9.66,2436795,23731438.00
2023-04-20,9.66,9.68,9.20,9.26,4150779,38776056.00
2023-04-21,9.27,9.37,9.15,9.18,1550366,14303766.00
2023-04-24,9.26,9.28,9.03,9.15,1417445,12995694.00
2023-04-25,9.09,9.10,8.66,8.82,3815564,33684420.00
2023-04-26,8.82,9.10,8.71,9.00,3075010,27464978.00
2023-04-27,9.00,9.00,8.71,8.71,2538978,22347288.00
2023-04-28,8.73,8.78,8.63,8.70,1446882,12564718.00
2023-05-04,8.78,8.78,8.66,8.69,1082926,9441714.00
2023-05-05,8.74,8.74,8.44,8.55,2367006,20205446.00
2023-05-08,8.55,8.87,8.53,8.83,2483259,21617178.00
2023-05-09,8.83,8.88,8.71,8.75,1178353,10328663.00
2023-05-10,8.75,8.96,8.70,8.85,1187027,10449832.00
2023-05-11,8.84,8.98,8.78,8.92,1364440,12127497.00
2023-05-12,8.92,8.92,8.81,8.89,638434,5650156.00
2023-05-15,8.85,9.29,8.85,9.13,2716442,24902904.00
2023-05-16,9.03,9.19,9.03,9.05,1185822,10779845.00
2023-05-17,9.08,9.14,8.98,8.98,653603,5908315.50
2023-05-18,8.99,9.01,8.80,8.84,1196352,10578654.00
2023-05-19,8.87,8.87,8.79,8.84,520228,4595572.00
2023-05-22,8.88,8.88,8.78,8.81,648159,5703865.00
2023-05-23,8.78,8.82,8.75,8.77,682722,5991610.50
2023-05-24,8.75,8.82,8.70,8.72,1077082,9435010.00
2023-05-25,8.70,8.70,8.52,8.59,1895685,16276641.00
2023-05-26,8.64,8.65,8.50,8.57,739437,6325549.00
2023-05-29,8.54,8.65,8.51,8.53,1599745,10461539.00
2023-05-30,8.58,8.59,8.47,8.47,1061588,9010602.00
2023-05-31,8.54,8.57,8.43,8.48,728956,6183357.00
2023-06-01,8.48,8.56,8.48,8.51,526217,4484784.50
2023-06-02,8.51,8.71,8.43,8.70,1137957,9790761.00
2023-06-05,8.73,8.75,8.61,8.68,637685,5532356.50
2023-06-06,8.60,8.67,8.45,8.46,696547,5968660.50
2023-06-07,8.58,8.62,8.55,8.56,721746,6193874.50
2023-06-08,8.60,8.63,8.56,8.62,879963,7564759.50
2023-06-09,8.61,8.63,8.55,8.60,772223,6630693.50
2023-06-12,8.60,8.61,8.51,8.53,468693,4004726.75
2023-06-13,8.53,8.59,8.51,8.53,538492,4601597.50
2023-06-14,8.56,8.60,8.51,8.56,910831,7801277.00
2023-06-15,8.57,8.60,8.52,8.56,929670,7968085.00
2023-06-16,8.54,8.63,8.53,8.57,694787,5954638.50
2023-06-19,8.53,8.60,8.46,8.54,840779,7156233.50
2023-06-20,8.50,8.55,8.46,8.48,592589,5027439.00
2023-06-21,8.47,8.47,8.38,8.38,847747,7135969.50
2023-06-26,8.38,8.45,8.33,8.39,502489,4219671.50
2023-06-27,8.40,8.44,8.37,8.40,293015,2463403.50
2023-06-28,8.40,8.42,8.28,8.30,892327,7425672.00
2023-06-29,8.36,8.36,8.29,8.31,322520,2686882.75
2023-06-30,8.36,9.00,8.36,8.78,3236251,28400314.00
2023-07-03,8.78,8.79,8.51,8.64,1398602,12055420.00
2023-07-04,8.65,8.66,8.55,8.62,704968,6061463.50
2023-07-05,8.64,8.66,8.59,8.63,585448,5049387.00
2023-07-06,8.60,8.64,8.56,8.58,531566,4567875.00
2023-07-07,8.58,8.58,8.50,8.57,426803,3648985.00
2023-07-10,8.58,8.62,8.51,8.61,444667,3817291.75
2023-07-11,8.61,8.64,8.60,8.61,506486,4366256.50
2023-07-12,8.59,8.62,8.55,8.55,410106,3521733.50
2023-07-13,8.55,8.62,8.55,8.60,346407,2975034.75
2023-07-14,8.57,8.60,8.53,8.57,296773,2540867.75
2023-07-17,8.51,8.54,8.48,8.52,412540,3509155.25
2023-07-18,8.51,8.57,8.49,8.55,370912,3161694.75
2023-07-19,8.56,8.56,8.49,8.50,427313,3642887.75
2023-07-20,8.54,8.55,8.49,8.50,408181,3475456.75
2023-07-21,8.47,8.51,8.46,8.50,464181,3935390.75
2023-07-24,8.45,8.50,8.38,8.41,450908,3796352.25
2023-07-25,8.46,8.46,8.40,8.42,617221,5198098.50
2023-07-26,8.41,8.45,8.40,8.43,473160,3990039.75
2023-07-27,8.42,8.45,8.41,8.44,521891,4399049.50
2023-07-28,8.41,8.44,8.37,8.40,1006749,8463499.00
2023-07-31,8.38,8.40,8.27,8.35,2805967,23359168.00
2023-08-01,8.31,8.31,8.10,8.12,2547774,20872258.00
2023-08-02,8.12,8.20,7.95,7.96,1826751,14698436.00
2023-08-03,7.96,8.00,7.90,7.91,979865,7781839.00
2023-08-04,7.91,8.01,7.91,7.94,515401,4102210.25
2023-08-07,7.93,7.93,7.79,7.79,1239969,9727580.00
2023-08-08,7.78,7.78,7.50,7.54,2662527,20201666.00
2023-08-09,7.57,7.57,7.23,7.25,3145325,23059152.00
2023-08-10,7.26,7.33,7.15,7.17,1896848,13709001.00
2023-08-11,7.25,7.25,6.87,6.94,4662187,32642154.00
2023-08-14,6.87,6.94,6.61,6.74,3473283,23365954.00
2023-08-15,6.80,6.80,6.59,6.66,1526737,10142176.00
2023-08-16,6.62,6.67,6.56,6.58,1635660,10814475.00
2023-08-17,6.63,6.77,6.58,6.73,1748383,11643927.00
2023-08-18,6.77,6.77,6.62,6.62,932189,6208306.50
2023-08-21,6.66,6.66,6.57,6.58,907343,5981953.50
2023-08-22,6.62,6.62,6.23,6.39,2580881,16534138.00
2023-08-23,6.32,6.38,6.16,6.27,1806770,11280109.00
2023-08-24,5.95,5.95,4.92,4.95,14706288,77838720.00
2023-08-25,4.82,4.88,4.65,4.69,5149272,24496862.00
2023-08-28,4.96,5.03,4.65,4.66,3509654,16924486.00
2023-08-29,4.66,4.79,4.63,4.73,1894769,8932818.00
2023-08-30,4.75,4.82,4.68,4.78,1299780,6183632.50
2023-08-31,4.78,4.82,4.73,4.78,769797,3684325.75
2023-09-01,4.78,5.36,4.78,5.21,5964592,30884236.00
2023-09-04,5.30,5.43,5.19,5.22,4799272,25453450.00
2023-09-05,5.23,5.27,4.99,5.02,3821944,19318182.00
2023-09-06,5.03,5.03,4.96,4.98,1067290,5313630.50
2023-09-07,4.95,5.03,4.93,4.93,1051185,5224447.00
2023-09-08,4.94,4.96,4.85,4.92,914364,4479624.00
2023-09-11,4.93,5.11,4.82,5.01,1449283,7234660.50
2023-09-12,5.01,5.01,4.91,4.94,885789,4385279.00
2023-09-13,4.92,4.98,4.84,4.85,1091089,5327748.00
2023-09-14,4.85,4.90,4.83,4.85,547906,2663055.75
2023-09-15,4.88,4.90,4.85,4.86,416495,2028270.00
2023-09-18,4.85,4.89,4.84,4.86,292796,1422757.75
2023-09-19,4.87,4.88,4.83,4.85,462649,2242833.00
2023-09-20,4.86,4.86,4.82,4.83,356738,1724278.38
2023-09-21,4.84,4.85,4.81,4.81,347707,1680567.75
2023-09-22,4.81,4.88,4.80,4.86,331574,1606808.75
2023-09-25,4.82,4.87,4.81,4.83,269042,1299313.75
2023-09-26,4.82,4.84,4.72,4.73,627218,2980854.00
2023-09-27,4.74,4.75,4.72,4.72,555852,2631264.00
2023-09-28,4.73,4.78,4.73,4.76,231689,1102004.38
2023-10-09,4.77,4.77,4.68,4.68,733171,3457136.25
2023-10-10,4.72,4.72,4.63,4.63,820741,3826600.75
2023-10-11,4.67,4.68,4.55,4.56,1208005,5543591.50
2023-10-12,4.59,4.77,4.52,4.60,2048824,9482139.00
2023-10-13,4.59,4.66,4.50,4.57,1611422,7326822.00
2023-10-16,4.58,4.58,4.42,4.45,1427721,6376078.50
2023-10-17,4.50,4.52,4.42,4.45,1068161,4766364.50
2023-10-18,4.46,4.49,4.34,4.35,1083479,4759844.50
2023-10-19,4.36,4.36,4.27,4.28,1186630,5094338.00
2023-10-20,4.29,4.30,4.14,4.16,1046186,4406321.50
2023-10-23,4.18,4.18,3.88,3.92,3807767,15022503.00
2023-10-24,3.90,3.96,3.89,3.89,1419983,5552781.50
2023-10-25,3.92,3.96,3.88,3.88,1058130,4137819.50
2023-10-26,3.90,3.91,3.80,3.83,1090686,4182646.75
2023-10-27,3.87,4.22,3.80,4.06,6278881,25552862.00
2023-10-30,4.00,4.08,3.94,4.06,3112099,12520565.00
2023-10-31,4.06,4.06,3.97,3.98,1772326,7080184.00
2023-11-01,4.00,4.01,3.91,3.91,1793265,7077197.00
2023-11-02,3.90,4.00,3.90,3.94,1692111,6670362.50
2023-11-03,3.93,4.05,3.92,4.04,2457795,9831478.00
2023-11-06,4.04,4.12,3.98,4.10,2554983,10439462.00
2023-11-07,4.08,4.37,4.06,4.30,3440859,14596265.00
2023-11-08,4.34,4.34,4.25,4.29,1635903,7026234.50
2023-11-09,4.32,4.76,4.32,4.63,5823047,26610322.00
2023-11-10,4.55,4.65,4.45,4.53,2440528,11004725.00
2023-11-13,4.50,4.57,4.44,4.50,1457015,6536913.00
2023-11-14,4.47,4.50,4.44,4.48,1596584,7113780.00
2023-11-15,4.52,4.77,4.49,4.70,3709735,17370676.00
2023-11-16,4.66,4.66,4.55,4.55,1746849,8017468.50
2023-11-17,4.48,4.58,4.45,4.53,1041719,4723844.00
2023-11-20,4.53,4.64,4.50,4.63,1384709,6349003.50
2023-11-21,4.62,5.09,4.59,4.99,8762174,43447888.00
2023-11-22,5.01,5.69,4.92,5.65,13432918,72820000.00
2023-11-23,5.60,6.05,5.31,5.42,14685542,82862656.00
2023-11-24,5.34,5.86,5.25,5.80,13924524,78655544.00
2023-11-27,5.85,6.66,5.84,6.62,29924776,189189488.00
2023-11-28,6.30,6.86,6.09,6.41,17523857,113119016.00
2023-11-29,6.42,6.68,5.72,5.72,15299137,94711240.00
2023-11-30,5.67,5.90,5.30,5.38,10982195,60521004.00
2023-12-01,5.43,5.54,5.08,5.15,6501933,34240224.00
2023-12-04,5.15,5.33,5.05,5.24,4492350,23432596.00
2023-12-05,5.23,5.68,5.16,5.66,10766411,59676080.00
2023-12-06,5.54,6.60,5.54,6.41,23309159,145257056.00
2023-12-07,6.20,6.61,6.14,6.23,19212718,122280264.00
2023-12-08,6.23,6.54,6.23,6.37,13065938,83632656.00
2023-12-11,6.30,6.57,5.80,6.10,9691908,59902596.00
2023-12-12,6.14,6.20,5.86,5.99,6767203,40555008.00
2023-12-13,5.95,6.23,5.95,6.10,6530512,39872396.00
2023-12-14,6.20,6.49,6.20,6.32,11981087,76260784.00
2023-12-15,6.29,6.59,6.18,6.50,13583263,88099448.00
2023-12-18,6.50,6.66,6.30,6.64,12296574,80119736.00
2023-12-19,6.55,6.62,6.32,6.35,7329985,47228572.00
2023-12-20,6.35,6.58,6.32,6.50,7808140,50456936.00
2023-12-21,6.44,6.66,5.86,5.88,14724219,92473440.00
2023-12-22,5.72,5.99,5.70,5.95,7588677,44550580.00
2023-12-25,5.88,6.17,5.85,6.12,6628964,40223588.00
2023-12-26,6.14,6.68,6.11,6.68,22560694,145834448.00
2023-12-27,6.49,6.60,6.26,6.45,14030309,90220384.00
2023-12-28,6.36,7.50,6.36,7.10,29750297,209289744.00
2023-12-29,7.11,7.17,6.78,7.15,19920004,139105808.00
2024-01-02,7.07,7.46,7.01,7.21,16253021,116620232.00
2024-01-03,7.10,7.44,7.02,7.25,13685205,98557352.00
2024-01-04,7.11,7.24,6.80,7.00,12411251,87092560.00
2024-01-05,7.03,7.40,6.84,6.85,18935368,135754256.00
2024-01-08,6.75,6.98,6.31,6.36,11732280,77949584.00
2024-01-09,6.38,6.55,5.88,6.00,11004357,67884464.00
2024-01-10,6.05,6.28,5.94,6.20,8742997,53715660.00
2024-01-11,6.11,6.40,6.07,6.30,9381863,58627932.00
2024-01-12,6.24,6.43,5.77,5.78,10354539,62791156.00
2024-01-15,5.77,5.77,5.30,5.41,8260849,45636676.00
2024-01-16,5.49,5.73,5.22,5.71,9314439,51574820.00
2024-01-17,5.66,5.90,5.56,5.58,7346490,42109732.00
2024-01-18,5.55,5.75,5.51,5.75,5599389,31700598.00
2024-01-19,5.80,5.96,5.73,5.91,6426302,37706152.00
2024-01-22,5.80,5.88,5.38,5.43,6638828,37466216.00
2024-01-23,5.40,5.55,5.36,5.52,3637598,19961852.00
2024-01-24,5.54,5.60,5.41,5.58,3147561,17325578.00
2024-01-25,5.58,5.65,5.43,5.56,4009048,22245892.00
2024-01-26,5.53,5.60,5.36,5.39,3708827,20359460.00
2024-01-29,5.45,5.45,4.91,4.91,5375146,27418750.00
2024-01-30,4.96,5.07,4.85,4.89,2310450,11467377.00
2024-01-31,4.87,5.10,4.87,4.94,2691023,13425800.00
2024-02-01,4.90,4.99,4.72,4.75,2573579,12458605.00
2024-02-02,4.75,4.84,4.26,4.43,4111073,18644326.00
2024-02-05,4.43,4.45,4.01,4.19,3774689,15759584.00
2024-02-06,4.23,4.49,4.12,4.47,3920243,17274762.00
2024-02-07,4.40,4.77,4.40,4.50,5069138,23412642.00
2024-02-08,4.55,4.75,4.43,4.72,4940897,22865960.00
2024-02-19,4.77,4.86,4.65,4.72,3092928,14699922.00
2024-02-20,4.76,4.80,4.66,4.78,2165820,10292821.00
2024-02-21,4.78,5.10,4.70,4.90,3644204,17921814.00
2024-02-22,4.89,4.97,4.81,4.91,2512222,12270831.00
2024-02-23,4.92,4.92,4.81,4.82,2785936,13479683.00
2024-02-26,4.83,4.83,4.62,4.68,3109496,14646206.00
2024-02-27,4.68,4.88,4.63,4.88,3560570,17118140.00
2024-02-28,4.99,5.13,4.82,4.84,6071030,30200654.00
2024-02-29,4.78,5.06,4.78,5.02,3652669,18136352.00
2024-03-01,5.05,5.31,5.05,5.17,5032882,26217680.00
2024-03-04,5.14,5.17,4.98,5.03,3599840,18140562.00
2024-03-05,5.01,5.05,4.85,4.85,2752620,13445335.00
2024-03-06,4.87,4.92,4.76,4.83,2745255,13250931.00
2024-03-07,4.84,4.89,4.67,4.67,2368021,11254055.00
2024-03-08,4.70,4.73,4.61,4.65,1787774,8300442.50
2024-03-11,4.67,4.96,4.65,4.92,6522870,31704356.00
2024-03-12,4.95,5.00,4.80,4.87,4814956,23383764.00
2024-03-13,4.83,4.88,4.78,4.83,2261467,10883635.00
2024-03-14,4.85,4.88,4.77,4.81,1401891,6735823.00
2024-03-15,4.80,4.99,4.78,4.97,4052876,19953832.00
2024-03-18,4.98,5.07,4.93,4.96,3160555,15746797.00
2024-03-19,4.96,4.96,4.85,4.87,2482577,12148891.00
2024-03-20,4.87,4.90,4.82,4.85,1395033,6773518.00
2024-03-21,4.86,4.89,4.80,4.80,1870536,8474821.00
2024-03-22,4.81,4.84,4.69,4.69,2225792,10871024.00
2024-03-25,4.73,4.75,4.53,4.54,1905090,8833400.00
2024-03-26,4.55,4.69,4.55,4.64,1288524,5958697.00
2024-03-27,4.66,4.82,4.60,4.60,2740772,12936570.00
2024-03-28,4.60,4.67,4.57,4.62,1033679,4765980.00
2024-03-29,4.66,4.67,4.60,4.62,915706,4236471.00
2024-04-01,4.62,4.70,4.62,4.69,1070331,4999191.50
2024-04-02,4.73,4.85,4.64,4.81,2785440,13259477.00
2024-04-03,4.87,5.08,4.86,4.89,4831843,24006326.00
2024-04-08,4.89,4.89,4.70,4.70,2062578,9867699.00
2024-04-09,4.73,4.80,4.68,4.79,2133905,10151185.00
2024-04-10,4.83,4.98,4.68,4.85,3812690,18509002.00
2024-04-11,4.82,4.82,4.71,4.72,2247321,10658076.00
2024-04-12,4.72,4.78,4.64,4.67,1677882,7872443.50
2024-04-15,4.60,4.74,4.51,4.52,1847639,8461433.00
2024-04-16,4.52,4.57,4.15,4.15,2714476,11618158.00
2024-04-17,4.25,4.34,4.20,4.30,1321454,5683788.00
2024-04-18,4.35,4.37,4.23,4.24,1527896,6561359.00
2024-04-19,4.23,4.23,4.15,4.17,1481237,6197029.00
2024-04-22,4.23,4.42,4.17,4.24,2049371,8829626.00
2024-04-23,4.23,4.28,4.21,4.21,1132688,4794342.00
2024-04-24,4.20,4.26,4.16,4.16,1985427,8326597.50
2024-04-25,4.22,4.29,4.19,4.22,1289553,5467838.00
2024-04-26,4.20,4.26,4.18,4.21,1568451,6619371.50
2024-04-29,4.20,4.35,4.18,4.28,2440740,10401067.00
2024-04-30,4.28,4.30,4.19,4.26,2192416,9281959.00
2024-05-06,4.31,4.34,4.25,4.30,1239796,5321533.00
2024-05-07,4.35,4.36,4.25,4.26,1558913,6671093.50
2024-05-08,4.30,4.32,4.23,4.24,990610,4221196.00
2024-05-09,4.30,4.44,4.29,4.34,4651808,20368142.00
2024-05-10,4.30,4.32,4.19,4.20,3375052,14244428.00
2024-05-13,4.22,4.22,4.03,4.06,3179989,13001615.00
2024-05-14,4.05,4.09,4.02,4.07,851367,3462112.00
2024-05-15,4.06,4.08,4.03,4.04,1120931,4535403.00
2024-05-16,4.04,4.06,3.97,3.99,2038720,8157562.00
2024-05-17,3.98,4.02,3.97,4.00,879495,3516341.50
2024-05-20,4.04,4.04,3.97,4.00,1456453,5827165.00
2024-05-21,4.00,4.00,3.95,3.96,988757,3926537.50
2024-05-22,3.96,3.99,3.95,3.99,821554,3264202.50
2024-05-23,3.99,4.20,3.98,4.07,2882267,11780305.00
2024-05-24,4.08,4.10,4.01,4.03,1091397,4413697.00
2024-05-27,4.04,4.05,4.00,4.02,1101322,4437696.50
2024-05-28,4.03,4.06,4.00,4.02,798702,3216458.00
2024-05-29,4.02,4.06,3.97,3.99,1128838,4527437.00
2024-05-30,3.98,4.00,3.92,3.92,1178262,4653305.00
2024-05-31,3.93,3.96,3.92,3.96,505308,1989289.63
2024-06-03,3.96,3.96,3.86,3.87,1296963,5046137.00
2024-06-04,3.88,3.88,3.84,3.86,821459,3167000.00
2024-06-05,3.86,3.87,3.82,3.82,818330,3143634.00
2024-06-06,3.84,3.84,3.70,3.70,1786846,6712514.00
2024-06-07,3.72,3.76,3.71,3.76,792506,2968937.75
2024-06-11,3.76,3.76,3.66,3.74,1120171,4152914.25
2024-06-12,3.73,3.79,3.73,3.76,532806,2005322.50
2024-06-13,3.77,3.85,3.77,3.82,779286,2976204.50
2024-06-14,3.82,3.84,3.80,3.84,394526,1508219.75
2024-06-17,3.82,3.82,3.70,3.70,963601,3593625.75
2024-06-18,3.71,3.71,3.62,3.63,1527946,5563912.50
2024-06-19,3.63,3.72,3.62,3.67,981536,3611092.75
2024-06-20,3.67,3.67,3.61,3.63,773442,2800329.75
2024-06-21,3.62,3.72,3.62,3.70,1102428,4057471.75
2024-06-24,3.68,3.68,3.59,3.61,1083916,3922589.50
2024-06-25,3.62,3.68,3.62,3.62,624916,2283054.75
2024-06-26,3.62,3.68,3.59,3.67,488303,1783574.13
2024-06-27,3.67,3.70,3.63,3.63,511285,1874595.25
2024-06-28,3.65,3.89,3.64,3.81,2666891,10065744.00
2024-07-01,3.83,3.87,3.71,3.74,1085018,4075076.00
2024-07-02,3.74,3.80,3.72,3.73,466937,1753701.75
2024-07-03,3.73,3.77,3.72,3.77,627164,2351685.50
2024-07-04,3.78,3.81,3.73,3.76,828953,3125771.00
2024-07-05,3.74,3.78,3.70,3.75,532313,1988677.13
2024-07-08,3.76,3.76,3.66,3.66,566681,2100701.25
2024-07-09,3.65,3.69,3.62,3.66,478950,1750534.00
2024-07-10,3.67,3.71,3.65,3.67,372859,1374417.25
2024-07-11,3.70,3.77,3.66,3.73,726718,2711680.50
2024-07-12,3.76,3.76,3.72,3.73,363465,1358534.00
2024-07-15,3.74,3.74,3.67,3.68,391193,1445922.50
2024-07-16,3.70,3.78,3.66,3.78,910219,3407408.50
2024-07-17,3.78,4.11,3.77,4.07,6943848,27766260.00
2024-07-18,4.01,4.02,3.81,3.81,3878726,15091416.00
2024-07-19,3.84,3.91,3.82,3.86,1864439,7219849.00
2024-07-22,3.86,3.91,3.81,3.84,930750,3578130.50
2024-07-23,3.86,3.88,3.81,3.82,941837,3612804.00
2024-07-24,3.81,3.85,3.74,3.74,722490,2731465.50
2024-07-25,3.74,3.79,3.73,3.75,719808,2706321.00
2024-07-26,3.75,3.80,3.75,3.78,489245,1848330.75
2024-07-29,3.78,3.79,3.73,3.78,617801,2321318.25
2024-07-30,3.76,3.81,3.74,3.80,751839,2846247.50
2024-07-31,3.79,3.86,3.77,3.86,1053216,4027298.75
2024-08-01,3.85,3.89,3.83,3.85,958761,3693004.75
2024-08-02,3.84,3.84,3.78,3.80,798426,3036601.50
2024-08-05,3.79,3.85,3.73,3.73,807030,3057559.00
2024-08-06,3.75,3.79,3.71,3.77,674631,2529123.25
2024-08-07,3.75,3.79,3.74,3.76,315933,1188660.13
2024-08-08,3.75,3.75,3.71,3.72,495575,1845834.00
2024-08-09,3.74,3.75,3.70,3.70,1069735,3970093.50
2024-08-12,3.70,3.71,3.67,3.67,270169,996053.25
2024-08-13,3.67,3.70,3.67,3.70,362006,1332102.00
2024-08-14,3.70,3.71,3.65,3.68,398869,1466560.50
2024-08-15,3.67,3.71,3.65,3.69,742145,2731886.25
2024-08-16,3.70,3.70,3.65,3.67,588912,2158382.50
2024-08-19,3.68,3.70,3.65,3.67,509553,1870582.00
2024-08-20,3.68,3.70,3.64,3.66,692547,2545884.50
2024-08-21,3.64,3.68,3.63,3.66,481450,1758258.38
2024-08-22,3.66,3.67,3.56,3.56,1171451,4226673.50
2024-08-23,3.56,3.59,3.55,3.56,360061,1283353.88
2024-08-26,3.56,3.70,3.54,3.62,703380,2546675.00
2024-08-27,3.61,3.61,3.51,3.51,980268,3469488.25
2024-08-28,3.53,3.57,3.45,3.47,1011175,3551894.75
2024-08-29,3.46,3.56,3.45,3.47,953590,3309393.75
2024-08-30,3.45,3.51,3.44,3.49,1512361,5265525.00
2024-09-02,3.48,3.49,3.41,3.41,1219616,4194572.50
2024-09-03,3.41,3.46,3.40,3.45,506139,1732305.88
2024-09-04,3.42,3.45,3.37,3.39,1447635,4926946.00
2024-09-05,3.38,3.41,3.32,3.39,1879153,6288198.00
2024-09-06,3.38,3.43,3.33,3.34,659984,2231688.00
2024-09-09,3.33,3.40,3.32,3.33,735348,2467213.00
2024-09-10,3.33,3.36,3.19,3.25,940287,3088010.00
2024-09-11,3.25,3.34,3.23,3.30,1077092,3538780.50
2024-09-12,3.31,3.33,3.22,3.23,1131478,3681584.50
2024-09-13,3.24,3.27,3.15,3.23,1869388,6007862.00
2024-09-18,3.23,3.23,3.18,3.19,818187,2617659.25
2024-09-19,3.18,3.24,3.18,3.23,729752,2346297.50
2024-09-20,3.24,3.24,3.17,3.19,581026,1858095.13
2024-09-23,3.17,3.19,3.12,3.13,765207,2415561.00
2024-09-24,3.15,3.30,3.15,3.25,1916368,6180326.50
2024-09-25,3.26,3.35,3.25,3.33,2357016,7807464.50
2024-09-26,3.33,3.37,3.28,3.36,2809596,9375060.00
2024-09-27,3.38,3.83,3.36,3.65,9485063,33894472.00
2024-09-30,3.81,4.62,3.81,4.59,19881519,83776504.00
2024-10-08,5.94,5.96,5.00,5.96,35922852,201146016.00
2024-10-09,5.61,5.88,4.85,5.13,20212136,109925576.00
2024-10-10,5.08,5.44,5.08,5.13,13759670,72708120.00
2024-10-11,5.13,5.20,4.44,4.54,11128808,52877008.00
2024-10-14,4.58,4.79,4.28,4.70,8848315,40954544.00
2024-10-15,4.68,4.85,4.51,4.58,8146562,38399484.00
2024-10-16,4.49,4.69,4.45,4.59,6082644,27851948.00
2024-10-17,4.62,4.96,4.60,4.80,15534244,73985632.00
2024-10-18,4.72,5.20,4.63,5.00,18826708,93272408.00
2024-10-21,5.14,5.77,5.02,5.70,30325949,165769104.00
2024-10-22,5.60,6.98,5.30,6.05,47324579,288842848.00
2024-10-23,6.29,6.87,6.06,6.16,36782336,235261424.00
2024-10-24,6.00,6.49,5.68,6.20,28655887,176314800.00
2024-10-25,6.33,7.18,6.14,6.80,50812580,345166400.00
2024-10-28,6.98,6.98,6.44,6.64,29747262,196500304.00
2024-10-29,6.71,6.88,6.35,6.55,24222480,159508944.00
2024-10-30,6.47,6.72,6.14,6.38,20339015,130949880.00
2024-10-31,6.30,6.48,6.15,6.33,17582183,110618272.00
2024-11-01,6.32,6.46,5.70,5.72,16289788,98174104.00
2024-11-04,5.72,6.01,5.70,5.97,9607140,56799368.00
2024-11-05,6.04,6.77,6.04,6.77,25382157,164104704.00
2024-11-06,6.92,8.00,6.92,7.49,41830357,313219520.00
2024-11-07,7.20,7.98,7.08,7.76,37818526,290188928.00
2024-11-08,7.95,8.64,7.55,7.59,36916328,297335424.00
2024-11-11,7.38,7.78,7.03,7.60,19425822,143605200.00
2024-11-12,7.61,8.06,7.27,7.46,18882647,144261904.00
2024-11-13,7.30,7.57,7.07,7.48,13596167,99379816.00
2024-11-14,7.56,7.98,7.44,7.50,24081252,185851472.00
2024-11-15,7.29,7.74,7.17,7.28,16012827,118448400.00
2024-11-18,7.35,7.40,6.92,6.98,14098089,100909792.00
2024-11-19,6.94,7.07,6.11,6.89,22022353,145479024.00
2024-11-20,6.79,8.55,6.66,8.25,47210871,363436448.00
2024-11-21,8.02,8.22,7.81,7.96,33952922,271053120.00
2024-11-22,7.82,8.14,7.50,7.50,21466138,166517152.00
2024-11-25,7.51,7.97,7.44,7.75,17927602,137845488.00
2024-11-26,7.61,7.70,7.18,7.20,15387073,114369616.00
2024-11-27,7.34,7.43,6.73,7.41,13234372,93948848.00
2024-11-28,7.50,7.79,7.35,7.38,15657546,119040600.00
2024-11-29,7.21,7.58,7.20,7.36,12550020,92758824.00
2024-12-02,7.37,7.59,7.30,7.55,12270304,91756280.00
2024-12-03,7.55,7.55,7.55,7.55,0,0.00
#数据来源:通达信
