830974 凯大催化 日线 不复权
      日期	    开盘	    最高	    最低	    收盘	    成交量	    成交额
2015-02-12,2.02,4.19,2.02,4.15,372000,989220.00
2015-02-13,3.76,3.76,3.47,3.48,49000,177940.00
2015-02-16,3.43,4.33,3.39,3.52,12000,42390.00
2015-02-17,3.36,3.52,3.35,3.52,5000,17090.00
2015-02-25,3.52,3.57,3.38,3.50,8000,27750.00
2015-02-26,3.41,3.52,3.33,3.52,17000,58780.00
2015-03-02,3.55,3.73,3.55,3.72,75000,275860.00
2015-03-03,3.78,4.05,3.72,3.90,79000,306430.00
2015-03-04,4.00,4.92,4.00,4.90,40000,175490.00
2015-03-05,4.96,5.48,4.90,5.28,58000,300950.00
2015-03-06,5.30,6.35,5.30,6.18,69000,416320.00
2015-03-09,6.25,7.40,6.25,7.40,65000,445830.00
2015-03-10,7.40,7.65,7.22,7.22,19000,140460.00
2015-03-11,7.35,7.35,6.37,6.37,34000,235450.00
2015-03-12,6.49,6.55,6.18,6.18,16000,102510.00
2015-03-13,6.04,6.30,5.95,6.20,33000,201670.00
2015-03-16,6.22,6.35,6.22,6.35,3000,18790.00
2015-03-17,6.35,6.35,6.08,6.35,27000,168830.00
2015-03-18,6.25,6.45,6.04,6.39,61000,384180.00
2015-03-19,6.25,6.45,6.20,6.30,37000,233800.00
2015-03-20,6.30,6.35,6.30,6.34,23000,145620.00
2015-03-23,6.36,6.40,6.23,6.36,89000,564730.00
2015-03-24,6.33,6.68,6.33,6.65,55000,357300.00
2015-03-25,6.70,6.78,6.27,6.78,54000,356060.00
2015-03-26,6.83,7.22,6.80,7.15,65000,458980.00
2015-03-27,7.25,7.75,7.20,7.70,32000,240930.00
2015-03-30,7.85,8.16,7.80,8.16,27000,215770.00
2015-03-31,8.10,8.95,8.10,8.89,26000,225370.00
2015-04-01,8.89,12.60,8.89,12.25,133000,1485070.00
2015-04-02,12.70,17.20,12.70,16.75,83000,1333900.00
2015-04-03,16.95,20.15,16.20,17.70,127000,2302530.00
2015-04-07,17.10,17.65,16.62,17.00,148000,2533570.00
2015-04-08,16.25,16.29,14.25,14.90,76000,1190850.00
2015-04-09,15.00,15.15,14.90,15.05,53000,796710.00
2015-04-10,14.90,15.00,14.85,15.00,8000,119350.00
2015-04-13,14.44,15.00,13.02,13.60,48000,642590.00
2015-04-14,13.40,13.40,11.59,11.60,28000,346990.00
2015-04-15,11.65,12.52,11.60,12.52,21000,248720.00
2015-04-16,12.60,14.00,12.60,14.00,22000,294590.00
2015-04-17,13.90,14.05,13.29,13.78,19000,262600.00
2015-04-20,13.55,13.64,12.91,12.91,13000,173610.00
2015-04-21,13.00,13.12,11.88,11.88,18000,226050.00
2015-04-22,11.79,11.79,10.98,10.98,17000,194690.00
2015-04-23,11.00,11.20,11.00,11.15,13000,144580.00
2015-04-24,11.15,11.19,10.65,10.70,19000,205780.00
2015-04-27,10.12,11.14,10.12,11.14,27000,288050.00
2015-04-28,10.40,10.73,10.00,10.70,31000,323120.00
2015-04-29,10.55,10.80,10.55,10.70,5000,53500.00
2015-04-30,10.83,10.95,10.65,10.95,25000,269550.00
2015-05-04,11.10,11.10,10.91,10.96,16000,176560.00
2015-05-05,11.10,11.10,10.96,11.00,5000,55160.00
2015-05-06,11.10,11.10,10.98,11.10,16000,177340.00
2015-05-07,11.10,11.22,11.10,11.20,8000,89460.00
2015-05-08,10.96,11.10,10.65,10.80,28000,305090.00
2015-05-11,10.76,10.85,10.76,10.85,2000,21610.00
2015-05-12,10.81,10.85,10.38,10.38,8000,85920.00
2015-05-13,10.04,10.63,8.51,8.51,34000,321100.00
2015-05-14,8.22,9.35,8.22,9.20,26000,231390.00
2015-05-15,9.25,9.35,9.25,9.33,5000,46610.00
2015-05-18,8.97,9.10,8.64,8.93,17000,152530.00
2015-05-19,9.00,9.05,9.00,9.00,8000,72190.00
2015-05-20,8.63,9.05,8.57,8.84,37000,326670.00
2015-05-21,8.95,8.95,8.47,8.60,20000,177080.00
2015-05-22,8.26,8.70,8.22,8.70,60000,513920.00
2015-05-25,8.37,8.99,8.37,8.85,66000,582440.00
2015-05-26,8.87,8.96,8.80,8.88,19000,168340.00
2015-05-27,8.79,8.85,8.60,8.80,50000,439340.00
2015-05-28,8.70,8.85,8.51,8.79,60000,522340.00
2015-05-29,8.70,8.71,8.00,8.20,109000,900100.00
2015-06-01,8.14,8.14,7.08,7.45,117000,890930.00
2015-06-02,7.13,7.38,7.04,7.38,64000,460900.00
2015-06-03,7.45,7.45,7.09,7.30,66000,478190.00
2015-06-04,7.00,7.25,7.00,7.15,24000,171510.00
2015-06-05,7.00,7.51,7.00,7.30,49000,358170.00
2015-06-08,7.35,7.35,7.00,7.15,21000,149640.00
2015-06-09,7.15,7.15,7.05,7.10,18000,128120.00
2015-06-10,7.05,7.15,7.05,7.14,18000,127640.00
2015-06-11,7.20,7.25,7.00,7.20,36000,256850.00
2015-06-12,7.10,7.25,7.00,7.00,21000,149600.00
2015-06-15,7.00,7.20,7.00,7.20,26000,185480.00
2015-06-16,7.15,7.20,7.15,7.15,10000,71750.00
2015-06-17,7.20,7.27,7.16,7.25,31000,224200.00
2015-06-18,7.00,7.20,7.00,7.20,8000,57100.00
2015-06-19,7.00,7.30,7.00,7.25,49000,353000.00
2015-06-23,7.25,7.30,7.25,7.30,6000,43600.00
2015-06-24,7.33,7.33,7.25,7.30,12000,87650.00
2015-06-25,7.33,7.34,7.26,7.30,16000,116740.00
2015-06-26,7.33,7.35,7.30,7.33,21000,153940.00
2015-06-29,7.33,7.33,7.05,7.25,22000,157660.00
2015-07-01,7.30,7.30,7.30,7.30,2000,14600.00
2015-07-03,7.00,7.29,6.97,7.29,18000,126690.00
2015-07-06,7.06,7.10,6.83,7.10,64000,447270.00
2015-07-07,7.05,7.10,6.62,6.70,45000,310190.00
2015-07-08,6.37,6.37,6.05,6.16,21000,129690.00
2015-07-10,6.20,7.31,6.20,7.31,14000,95870.00
2015-07-14,7.20,7.36,7.18,7.20,4000,28940.00
2015-07-15,7.15,7.20,6.99,7.20,6000,42520.00
2015-07-16,7.10,7.26,7.10,7.20,16000,114330.00
2015-07-17,7.20,7.20,7.18,7.18,2000,14380.00
2015-07-20,7.25,7.26,7.19,7.24,9000,65120.00
2015-07-21,7.25,7.27,7.25,7.27,10000,72600.00
2015-07-22,7.30,7.30,7.30,7.30,2000,14600.00
2015-07-23,7.30,7.40,7.30,7.40,2000,14700.00
2015-07-27,7.25,7.30,7.25,7.30,4000,29100.00
2015-07-28,7.32,7.32,7.25,7.25,10000,72720.00
2015-07-29,7.00,7.00,7.00,7.00,1000,7000.00
2015-07-30,7.05,7.05,7.05,7.05,1000,7050.00
2015-08-03,7.15,7.18,7.15,7.18,3000,21480.00
2015-08-06,7.20,7.20,7.20,7.20,2000,14400.00
2015-08-10,7.22,7.25,7.22,7.25,4000,28970.00
2015-08-11,7.27,7.30,7.27,7.30,2000,14570.00
2015-08-12,7.25,7.33,7.25,7.30,4000,29150.00
2015-08-17,7.10,7.15,7.10,7.15,3000,21350.00
2015-08-18,7.28,7.28,7.28,7.28,1000,7280.00
2015-08-20,7.10,7.30,7.10,7.30,20000,144790.00
2015-08-21,7.33,7.35,7.28,7.30,8000,58500.00
2015-08-24,7.00,7.15,7.00,7.00,26000,182250.00
2015-08-25,6.90,7.16,6.90,7.16,32000,225160.00
2015-09-01,7.08,7.10,7.08,7.10,3000,21260.00
2015-09-08,7.00,7.00,7.00,7.00,1000,7000.00
2015-09-10,7.00,7.00,7.00,7.00,3000,21000.00
2015-09-15,6.70,6.70,6.41,6.59,10000,65280.00
2015-09-16,6.60,6.60,6.60,6.60,3000,19800.00
2015-09-17,6.63,6.65,6.60,6.60,5000,33110.00
2015-09-18,6.60,6.65,6.60,6.65,3000,19900.00
2015-09-21,6.65,6.65,6.65,6.65,2000,13300.00
2015-09-22,6.65,6.65,6.65,6.65,1000,6650.00
2015-09-30,6.44,6.46,6.10,6.40,24000,152910.00
2015-10-14,6.40,6.42,6.30,6.42,4000,25520.00
2015-10-15,6.68,6.68,6.65,6.65,2000,13330.00
2015-10-21,6.40,6.40,6.40,6.40,4000,25600.00
2015-10-27,6.18,6.25,6.18,6.25,6000,37290.00
2015-10-28,6.14,6.25,6.14,6.25,2000,12390.00
2015-10-29,6.42,6.45,6.35,6.35,4000,25580.00
2015-10-30,6.13,6.25,6.13,6.25,2000,12380.00
2015-11-02,6.18,6.40,6.13,6.25,6000,37240.00
2015-11-03,6.15,6.30,6.13,6.30,8000,49660.00
2015-11-05,6.45,6.47,6.40,6.40,3000,19320.00
2015-11-06,6.18,6.18,6.18,6.18,2000,12360.00
2015-11-13,6.45,6.47,6.36,6.36,12000,76640.00
2015-11-16,6.37,6.50,6.37,6.50,42000,269430.00
2015-11-18,6.35,6.38,6.35,6.38,2000,12730.00
2015-11-19,6.28,6.28,6.28,6.28,2000,12560.00
2015-11-23,6.49,6.50,6.45,6.45,4000,25930.00
2015-11-24,6.50,6.50,6.47,6.47,2000,12970.00
2015-11-25,6.50,6.52,6.50,6.52,200000,1302000.00
2015-11-26,6.38,6.50,6.37,6.50,9000,58150.00
2015-12-01,6.38,6.43,6.11,6.13,17000,105980.00
2015-12-02,6.08,6.10,6.02,6.07,10000,60680.00
2015-12-03,5.97,6.18,5.97,6.10,51000,309710.00
2015-12-04,6.05,6.20,6.05,6.20,34000,207180.00
2015-12-07,6.08,6.20,6.03,6.10,35000,213140.00
2015-12-08,6.00,6.16,6.00,6.16,7000,42360.00
2015-12-09,6.00,6.10,6.00,6.10,15000,90600.00
2015-12-10,6.00,6.00,6.00,6.00,2000,12000.00
2015-12-15,6.10,6.10,6.00,6.10,8000,48500.00
2015-12-16,6.00,6.10,6.00,6.00,6000,36300.00
2015-12-17,6.10,6.10,6.00,6.10,3000,18200.00
2015-12-18,6.00,6.10,6.00,6.10,4000,24200.00
2015-12-21,6.00,6.00,5.00,5.75,17000,96640.00
2015-12-22,5.85,5.85,5.80,5.80,13000,75750.00
2015-12-23,5.80,5.85,5.80,5.85,2000,11650.00
2015-12-24,5.80,5.85,5.80,5.85,4000,23300.00
2015-12-25,5.80,5.85,5.80,5.85,8000,46600.00
2015-12-29,5.80,5.80,5.80,5.80,1000,5800.00
2015-12-30,5.85,5.85,5.80,5.80,3000,17500.00
2015-12-31,5.85,5.85,5.85,5.85,1000,5850.00
2016-01-04,5.80,5.80,5.80,5.80,1000,5800.00
2016-01-05,5.80,5.85,5.80,5.85,3000,17500.00
2016-01-06,5.80,5.80,5.80,5.80,1000,5800.00
2016-01-07,5.80,5.80,5.55,5.55,5000,28310.00
2016-01-08,5.59,5.59,5.59,5.59,2000,11180.00
2016-01-18,5.56,5.60,5.56,5.56,5000,27900.00
2016-01-19,5.55,5.55,5.55,5.55,1000,5550.00
2016-01-21,5.60,5.73,5.56,5.73,4000,22490.00
2016-01-22,5.85,5.85,5.80,5.80,3000,17500.00
2016-01-25,5.85,5.85,5.70,5.84,12000,69380.00
2016-01-26,5.56,5.60,5.56,5.60,4000,22320.00
2016-01-28,5.56,5.60,5.56,5.56,7000,39030.00
2016-01-29,5.56,5.90,5.56,5.84,20000,113750.00
2016-02-04,5.85,5.90,5.85,5.90,2000,11750.00
2016-02-15,6.00,6.00,6.00,6.00,1000,6000.00
2016-02-16,5.90,6.00,5.81,5.90,12000,71270.00
2016-02-17,5.90,5.90,5.80,5.90,5000,29380.00
2016-02-18,5.90,5.90,5.85,5.90,4000,23550.00
2016-02-22,5.80,5.80,5.80,5.80,4000,23200.00
2016-02-29,5.61,5.61,5.53,5.53,2000,11140.00
2016-03-01,5.37,5.37,5.28,5.28,2000,10650.00
2016-03-08,5.30,5.52,5.30,5.50,117000,642880.00
2016-03-10,5.48,5.50,5.48,5.48,114000,625860.00
2016-03-11,5.48,5.50,5.48,5.50,226000,1240740.00
2016-03-15,5.48,5.50,5.48,5.50,4000,21960.00
2016-03-17,5.55,5.55,5.55,5.55,1000,5550.00
2016-03-18,5.42,5.48,5.24,5.30,19000,102260.00
2016-03-21,5.23,5.25,5.19,5.19,8000,41800.00
2016-03-22,5.24,5.29,5.08,5.08,6000,31230.00
2016-03-24,5.10,5.10,5.08,5.08,2000,10180.00
2016-03-25,5.10,5.10,5.08,5.08,2000,10180.00
2016-03-30,5.13,5.14,5.13,5.14,2000,10270.00
2016-04-01,5.30,5.30,5.30,5.30,1000,5300.00
2016-04-05,5.31,5.40,5.31,5.40,2000,10710.00
2016-04-11,5.25,5.25,5.25,5.25,2000,10500.00
2016-04-13,5.27,5.27,5.27,5.27,2000,10540.00
2016-04-15,5.55,5.55,5.55,5.55,2000,11100.00
2016-05-10,5.53,5.53,5.53,5.53,1000,5530.00
2016-05-11,5.53,5.55,5.53,5.55,20000,110800.00
2016-05-12,5.53,5.55,5.53,5.55,10000,55400.00
2016-05-13,5.51,5.51,5.51,5.51,1000,5510.00
2016-05-16,5.45,5.50,5.45,5.50,20000,109500.00
2016-05-17,5.45,5.50,5.45,5.50,20000,109500.00
2016-05-26,5.42,5.42,5.42,5.42,1000,5420.00
2016-05-30,5.45,5.50,5.45,5.50,5000,27400.00
2016-05-31,5.42,5.73,5.42,5.66,20000,111220.00
2016-06-01,5.80,5.80,5.56,5.56,3000,16960.00
2016-06-02,5.60,5.60,5.54,5.58,9000,50170.00
2016-06-03,5.53,5.60,5.51,5.55,5000,27790.00
2016-06-06,5.53,5.58,5.53,5.58,2000,11110.00
2016-06-13,5.55,5.60,5.55,5.60,2000,11150.00
2016-06-16,5.53,5.60,5.53,5.60,4000,22280.00
2016-06-22,5.53,5.60,5.53,5.60,6000,33450.00
2016-06-27,5.80,5.80,5.80,5.80,5000,29000.00
2016-06-29,5.80,5.80,5.56,5.60,7000,39760.00
2016-07-05,5.59,5.60,5.58,5.60,14000,78280.00
2016-07-07,5.61,5.61,5.60,5.60,5000,28020.00
2016-07-14,2.96,3.15,2.96,3.15,6000,18310.00
2016-07-15,3.15,3.15,3.15,3.15,5000,15750.00
2016-07-18,3.15,3.20,3.15,3.15,15000,47360.00
2016-07-19,3.18,3.51,3.15,3.51,27000,89930.00
2016-07-20,3.36,3.60,3.36,3.60,40000,135670.00
2016-07-21,3.47,3.60,3.35,3.55,52000,180680.00
2016-07-22,3.42,3.50,3.33,3.50,22000,74950.00
2016-07-25,3.39,3.51,3.35,3.39,15000,51050.00
2016-07-26,3.39,3.50,3.22,3.50,32000,107690.00
2016-07-27,3.34,3.38,3.34,3.38,4000,13440.00
2016-07-28,3.34,3.34,3.34,3.34,1000,3340.00
2016-07-29,3.23,3.30,3.23,3.30,6000,19660.00
2016-08-01,3.23,3.23,3.23,3.23,2000,6460.00
2016-08-02,3.29,3.46,3.29,3.34,17000,57700.00
2016-08-03,3.23,3.23,3.23,3.23,2000,6460.00
2016-08-04,3.28,3.29,3.28,3.28,13000,42690.00
2016-08-05,3.30,3.30,3.10,3.30,33000,105920.00
2016-08-08,3.14,3.40,3.14,3.30,52000,172810.00
2016-08-09,3.40,3.46,3.30,3.43,40000,135330.00
2016-08-10,3.43,3.51,3.34,3.39,25000,84900.00
2016-08-11,3.39,3.48,3.31,3.40,35000,117590.00
2016-08-12,3.40,3.46,3.38,3.46,27000,91930.00
2016-08-15,3.40,3.40,3.35,3.40,9000,30450.00
2016-08-16,3.40,3.52,3.40,3.50,81000,281800.00
2016-08-17,3.55,4.19,3.55,4.10,177000,676400.00
2016-08-18,4.10,4.31,4.10,4.19,56800,239332.00
2016-08-19,4.09,4.28,4.09,4.27,28900,122761.00
2016-08-22,4.31,4.31,4.29,4.30,25000,107600.00
2016-08-23,4.36,4.41,4.34,4.34,33000,144240.00
2016-08-24,4.33,5.08,4.33,5.00,152000,693270.00
2016-08-25,4.90,5.16,4.88,5.12,83000,409090.00
2016-08-26,4.90,5.14,4.90,5.12,4000,20110.00
2016-08-29,4.90,5.11,4.90,5.11,4000,19830.00
2016-08-30,4.90,4.94,4.88,4.94,37000,181380.00
2016-08-31,4.90,4.90,4.88,4.88,10000,48890.00
2016-09-01,4.67,4.69,4.67,4.69,2000,9370.00
2016-09-02,4.61,4.61,4.61,4.61,1000,4610.00
2016-09-05,4.84,4.84,4.61,4.61,11000,51420.00
2016-09-06,4.84,4.84,4.75,4.75,3000,14340.00
2016-09-07,4.64,4.65,4.64,4.65,2000,9290.00
2016-09-08,4.85,4.88,4.85,4.86,7000,34060.00
2016-09-09,4.65,4.82,4.64,4.81,23000,107800.00
2016-09-13,4.87,4.87,4.87,4.87,1000,4870.00
2016-09-19,4.64,4.73,4.57,4.57,7000,32490.00
2016-09-20,4.73,5.02,4.73,4.87,20000,96620.00
2016-09-21,4.88,4.90,4.85,4.88,10000,48760.00
2016-09-22,5.00,5.25,4.69,4.85,10000,49430.00
2016-09-23,4.94,4.96,4.94,4.94,6000,29720.00
2016-09-26,4.83,4.85,4.83,4.85,6000,29040.00
2016-09-27,5.00,5.04,4.94,4.94,13000,64680.00
2016-09-28,4.96,4.96,4.94,4.94,6000,29720.00
2016-09-29,4.85,5.05,4.60,4.80,22000,108170.00
2016-09-30,4.85,4.96,4.85,4.85,4000,19560.00
2016-10-10,4.98,5.05,4.85,5.00,7000,34830.00
2016-10-11,5.05,5.30,4.94,5.08,7000,35760.00
2016-10-12,5.14,5.14,5.10,5.10,3000,15380.00
2016-10-13,5.20,5.21,5.15,5.15,3000,15560.00
2016-10-14,4.94,5.00,4.94,5.00,3000,14890.00
2016-10-17,4.85,5.05,4.85,4.94,5000,24800.00
2016-10-18,4.80,4.94,4.80,4.94,4000,19450.00
2016-10-19,5.05,5.05,4.85,4.85,4000,19950.00
2016-10-20,4.75,4.75,4.75,4.75,1000,4750.00
2016-10-21,4.85,5.05,4.85,4.98,20000,99760.00
2016-10-24,5.05,5.14,4.89,4.94,21000,104410.00
2016-10-26,4.85,5.05,4.85,5.05,3000,14800.00
2016-10-28,5.10,5.10,5.05,5.05,3000,15250.00
2016-10-31,5.10,5.10,5.00,5.00,3000,15200.00
2016-11-01,5.07,5.07,5.00,5.07,5900,29710.00
2016-11-02,5.00,5.00,5.00,5.00,3000,15000.00
2016-11-04,4.85,4.92,4.85,4.92,4000,19640.00
2016-11-09,4.75,4.90,4.56,4.85,14000,66120.00
2016-11-10,4.75,4.75,4.71,4.71,3000,14210.00
2016-11-11,4.76,4.85,4.75,4.80,13000,62220.00
2016-11-14,4.94,4.94,4.90,4.90,3000,14790.00
2016-11-15,4.75,4.92,4.71,4.92,9000,43280.00
2016-11-16,4.94,4.94,4.94,4.94,1000,4950.00
2016-11-17,5.00,5.05,4.90,5.05,5000,24900.00
2016-11-18,4.80,4.85,4.80,4.85,4000,19270.00
2016-11-21,4.94,5.00,4.75,4.90,14000,68580.00
2016-11-22,4.77,4.85,4.56,4.75,25000,118450.00
2016-11-23,4.75,5.00,4.73,4.90,111000,527330.00
2016-11-24,4.73,4.94,4.71,4.90,7000,33770.00
2016-11-25,4.88,4.96,4.73,4.80,126000,616020.00
2016-11-28,4.85,4.94,4.75,4.75,4000,19450.00
2016-11-29,4.85,4.96,4.85,4.91,123000,604930.00
2016-11-30,4.76,4.78,4.75,4.75,81000,386350.00
2016-12-01,4.88,4.94,4.88,4.90,106000,518600.00
2016-12-02,4.88,4.90,4.88,4.90,100000,489000.00
2016-12-05,4.88,4.92,4.71,4.75,125000,610790.00
2016-12-06,4.90,4.90,4.88,4.88,90000,440200.00
2016-12-07,4.86,4.88,4.86,4.88,100000,487000.00
2016-12-08,4.86,4.90,4.66,4.75,109000,529930.00
2016-12-09,4.86,4.90,4.86,4.88,104000,506580.00
2016-12-12,4.71,4.84,4.71,4.84,101000,487710.00
2016-12-13,4.86,4.88,4.86,4.88,100000,487000.00
2016-12-14,4.86,4.88,4.86,4.88,100000,487000.00
2016-12-15,4.80,4.88,4.80,4.88,100000,486880.00
2016-12-16,4.80,4.88,4.80,4.85,102000,495580.00
2016-12-19,4.83,4.85,4.83,4.85,90000,435600.00
2016-12-20,4.80,4.85,4.80,4.83,90000,435540.00
2016-12-21,4.80,4.82,4.80,4.82,80000,384800.00
2016-12-22,4.79,4.81,4.79,4.79,107400,515526.00
2016-12-23,4.84,4.84,4.84,4.84,1000,4840.00
2017-01-03,4.85,4.85,4.80,4.85,11900,57620.00
2017-01-09,4.66,4.69,4.66,4.69,3000,14040.00
2017-01-16,4.62,4.62,4.62,4.62,1000,4620.00
2017-01-17,4.65,4.65,4.65,4.65,1000,4650.00
2017-01-19,4.60,4.65,4.60,4.65,2000,9250.00
2017-01-25,4.80,4.80,4.80,4.80,1000,4800.00
2017-01-26,4.61,4.61,4.56,4.56,3000,13780.00
2017-02-06,4.42,4.42,4.42,4.42,1000,4420.00
2017-02-07,4.25,4.25,4.21,4.21,2000,8460.00
2017-02-08,4.21,4.21,4.21,4.21,1000,4220.00
2017-02-10,4.42,4.44,4.42,4.44,2000,8870.00
2017-02-13,4.48,4.48,4.44,4.44,2000,8940.00
2017-02-14,4.64,4.83,4.62,4.65,21000,99170.00
2017-02-15,4.80,4.82,4.80,4.80,3000,14420.00
2017-02-16,4.61,4.65,4.42,4.65,10000,45270.00
2017-02-17,4.61,4.80,4.58,4.61,25000,116290.00
2017-02-20,4.80,4.82,4.60,4.80,6000,28440.00
2017-02-21,4.58,4.60,4.58,4.60,2000,9180.00
2017-02-22,4.65,4.71,4.65,4.69,11000,51710.00
2017-02-23,4.82,4.82,4.80,4.80,2000,9620.00
2017-02-24,4.80,4.80,4.80,4.80,1000,4800.00
2017-02-27,4.80,4.82,4.80,4.80,3000,14420.00
2017-02-28,4.60,4.75,4.60,4.71,27000,127340.00
2017-03-01,4.75,4.75,4.65,4.71,90000,424460.00
2017-03-02,4.80,4.80,4.75,4.75,4000,19110.00
2017-03-03,4.78,4.78,4.75,4.75,9000,42870.00
2017-03-06,4.75,4.78,4.75,4.75,6000,28620.00
2017-03-07,4.75,4.75,4.75,4.75,2000,9500.00
2017-03-08,4.78,4.78,4.75,4.75,3000,14310.00
2017-03-09,4.75,4.80,4.69,4.69,23000,108950.00
2017-03-10,4.80,4.80,4.71,4.71,14000,66370.00
2017-03-13,4.65,4.75,4.65,4.71,32000,151450.00
2017-03-14,4.56,4.56,4.56,4.56,1000,4560.00
2017-03-15,4.75,4.75,4.71,4.71,6000,28410.00
2017-03-16,4.78,4.78,4.37,4.65,53000,241750.00
2017-03-17,4.69,4.69,4.65,4.69,4000,18750.00
2017-03-20,4.75,4.75,4.69,4.69,7000,33150.00
2017-03-21,4.75,4.75,4.52,4.55,18000,82120.00
2017-03-22,4.42,4.42,4.42,4.42,1000,4430.00
2017-03-23,4.62,4.62,4.55,4.56,6000,27450.00
2017-03-24,4.50,4.60,4.50,4.60,2000,9100.00
2017-03-27,4.60,4.60,4.55,4.56,10000,45670.00
2017-03-28,4.64,4.64,4.55,4.55,12000,55170.00
2017-03-29,4.62,4.62,4.60,4.60,2000,9220.00
2017-03-30,4.60,4.60,4.60,4.60,1000,4600.00
2017-03-31,4.55,4.61,4.55,4.61,5000,22990.00
2017-04-05,4.61,4.61,4.61,4.61,3000,13830.00
2017-04-06,4.39,4.40,4.39,4.39,7000,30770.00
2017-04-07,4.51,4.51,4.51,4.51,1000,4510.00
2017-04-10,4.52,4.52,4.52,4.52,1000,4520.00
2017-04-11,4.54,4.54,4.54,4.54,1000,4540.00
2017-04-12,4.55,4.55,4.55,4.55,1000,4550.00
2017-04-13,4.52,4.52,4.52,4.52,1000,4520.00
2017-04-14,4.55,4.55,4.52,4.52,2000,9070.00
2017-04-17,4.50,4.52,4.50,4.52,2000,9020.00
2017-04-18,4.55,4.55,4.54,4.54,3000,13630.00
2017-04-19,4.55,4.55,4.50,4.50,2000,9050.00
2017-04-20,4.55,4.55,4.55,4.55,1000,4550.00
2017-04-21,4.52,4.52,4.52,4.52,1000,4520.00
2017-04-24,4.55,4.75,4.52,4.75,13000,59560.00
2017-04-25,4.60,4.66,4.42,4.65,11000,50260.00
2017-04-26,4.69,4.69,4.65,4.67,5000,23370.00
2017-04-27,4.69,4.69,4.67,4.69,4000,18740.00
2017-04-28,4.65,4.67,4.65,4.67,2000,9320.00
2017-05-02,4.73,4.73,4.67,4.69,4000,18820.00
2017-05-03,4.69,4.69,4.69,4.69,1000,4690.00
2017-05-04,4.69,4.69,4.67,4.67,4000,18700.00
2017-05-05,4.69,4.69,4.69,4.69,1000,4700.00
2017-05-08,4.44,4.60,4.44,4.50,5000,22420.00
2017-05-09,4.42,4.42,4.42,4.42,3000,13280.00
2017-05-10,4.44,4.46,4.44,4.46,2000,8910.00
2017-05-11,4.51,4.51,4.50,4.50,6000,27030.00
2017-05-12,4.60,4.65,4.55,4.65,6000,27560.00
2017-05-15,4.65,4.76,4.65,4.76,6000,28230.00
2017-05-16,4.76,4.77,4.75,4.76,13000,61870.00
2017-05-17,4.69,4.75,4.65,4.65,6000,28350.00
2017-05-18,4.75,4.75,4.69,4.69,2000,9450.00
2017-05-19,4.73,4.73,4.73,4.73,2000,9470.00
2017-05-22,4.76,4.76,4.69,4.76,7000,33240.00
2017-05-23,4.69,4.69,4.69,4.69,1000,4700.00
2017-05-25,4.50,4.50,4.46,4.50,7000,31450.00
2017-05-26,4.62,4.62,4.46,4.46,4000,18030.00
2017-05-31,4.51,4.66,4.48,4.50,23000,105750.00
2017-06-01,4.61,4.61,4.60,4.61,18000,82910.00
2017-06-02,4.44,4.44,4.44,4.44,5000,22250.00
2017-06-05,4.60,4.60,4.60,4.60,1000,4600.00
2017-06-06,4.60,4.60,4.60,4.60,1000,4600.00
2017-06-07,4.60,4.60,4.60,4.60,1000,4600.00
2017-06-08,4.60,4.60,4.60,4.60,1000,4600.00
2017-06-09,4.66,4.66,4.65,4.65,4000,18620.00
2017-06-12,4.56,4.56,4.55,4.55,4000,18210.00
2017-06-14,4.55,4.55,4.55,4.55,1000,4550.00
2017-06-15,4.65,4.65,4.55,4.55,3000,13850.00
2017-06-19,4.55,4.55,4.55,4.55,1000,4550.00
2017-06-20,4.57,4.57,4.57,4.57,1000,4570.00
2017-06-21,4.57,4.57,4.56,4.56,2000,9130.00
2017-06-23,4.57,4.57,4.56,4.56,2000,9130.00
2017-06-26,4.56,4.56,4.44,4.46,9000,40360.00
2017-06-27,4.46,4.46,4.46,4.46,1000,4460.00
2017-06-28,4.46,4.51,4.46,4.51,3000,13470.00
2017-07-04,4.35,4.40,4.35,4.40,2000,8750.00
2017-07-10,4.38,4.38,4.37,4.37,2000,8750.00
2017-07-13,4.37,4.37,4.37,4.37,1000,4370.00
2017-07-24,4.34,4.34,4.33,4.33,8000,34680.00
2017-07-26,4.34,4.34,4.33,4.33,7000,30350.00
2017-07-28,4.23,4.23,4.23,4.23,16000,67760.00
2017-07-31,4.19,4.21,4.19,4.19,12000,50450.00
2017-08-01,4.21,4.21,4.19,4.19,8000,33640.00
2017-08-02,4.10,4.11,4.10,4.10,12000,49250.00
2017-08-03,3.91,3.91,2.95,3.44,71400,236350.00
2017-08-04,3.45,3.50,3.40,3.45,26500,91625.00
2017-08-07,3.54,3.70,3.54,3.70,4000,14340.00
2017-08-08,3.72,3.90,3.72,3.89,12000,46070.00
2017-08-09,3.90,3.90,3.71,3.89,11000,42310.00
2017-08-10,3.90,4.31,3.90,4.10,18000,74310.00
2017-08-11,4.19,4.19,4.09,4.19,3000,12470.00
2017-08-14,4.23,4.23,4.23,4.23,1000,4230.00
2017-08-17,4.04,4.04,3.85,3.85,5000,19630.00
2017-08-21,3.85,4.06,3.85,4.03,8000,31830.00
2017-08-22,4.04,4.04,3.85,3.86,5000,19510.00
2017-08-23,4.04,4.04,4.04,4.04,1000,4040.00
2017-08-24,4.04,4.04,4.04,4.04,1000,4040.00
2017-08-30,4.04,4.06,4.03,4.03,9000,36430.00
2017-08-31,4.05,4.06,4.05,4.06,2000,8110.00
2017-09-01,4.05,4.05,4.05,4.05,1000,4050.00
2017-09-04,4.05,4.25,4.05,4.25,4000,16460.00
2017-09-05,4.25,4.26,4.23,4.23,5000,21250.00
2017-09-06,4.25,4.25,4.23,4.23,2000,8490.00
2017-09-08,4.25,4.44,4.25,4.29,6000,25800.00
2017-09-11,4.44,4.44,4.42,4.42,4000,17770.00
2017-09-12,4.44,4.44,4.44,4.44,1000,4440.00
2017-09-13,4.46,4.46,4.44,4.44,4000,17820.00
2017-09-14,4.46,4.46,4.27,4.27,4000,17450.00
2017-09-20,4.28,4.28,4.28,4.28,1000,4280.00
2017-09-21,4.27,4.27,4.27,4.27,2000,8540.00
2017-09-25,4.28,4.40,4.28,4.35,6000,25940.00
2017-09-26,4.27,4.27,4.27,4.27,1000,4270.00
2017-09-28,4.28,4.30,4.28,4.30,2000,8580.00
2017-10-09,4.27,4.28,4.27,4.28,2000,8550.00
2017-10-10,4.27,4.27,4.26,4.26,2000,8530.00
2017-10-27,4.07,4.08,4.06,4.08,4000,16280.00
2017-11-02,4.25,4.25,4.25,4.25,1000,4250.00
2017-11-06,4.27,4.28,4.27,4.28,2000,8550.00
2017-11-08,4.27,4.30,4.27,4.30,2000,8570.00
2017-11-10,4.27,4.27,4.27,4.27,1000,4270.00
2017-11-20,4.17,4.17,4.17,4.17,2000,8360.00
2017-11-27,4.17,4.17,4.17,4.17,1000,4180.00
2017-12-07,4.19,4.19,4.17,4.17,2000,8360.00
2017-12-20,4.19,4.21,4.19,4.19,3000,12600.00
2017-12-27,4.35,4.46,4.35,4.44,4000,17670.00
2017-12-29,4.60,4.61,4.57,4.60,4000,18380.00
2018-01-02,4.42,4.88,4.42,4.88,11000,50730.00
2018-01-03,4.65,4.69,4.61,4.64,9000,41940.00
2018-01-04,4.46,4.46,4.46,4.46,2000,8940.00
2018-01-08,4.28,4.28,4.28,4.28,2000,8560.00
2018-01-10,4.30,4.31,4.25,4.31,4000,17110.00
2018-01-11,4.23,4.23,4.23,4.23,1000,4240.00
2018-01-12,4.30,4.30,4.19,4.19,4000,16900.00
2018-01-16,4.09,4.15,4.09,4.15,2900,11921.00
2018-01-17,4.09,4.30,4.09,4.17,6000,25040.00
2018-01-18,4.10,4.10,4.10,4.10,3000,12300.00
2018-01-19,4.29,4.31,4.29,4.29,4000,17190.00
2018-01-22,4.12,4.12,4.11,4.11,3000,12340.00
2018-02-06,4.15,4.71,4.15,4.48,16000,71190.00
2018-02-07,4.28,4.71,4.23,4.46,15000,66350.00
2018-02-08,4.50,4.67,4.44,4.46,8000,36490.00
2018-02-09,4.44,4.44,4.28,4.28,2000,8730.00
2018-02-12,4.28,4.50,4.28,4.29,7000,30340.00
2018-02-13,4.30,4.46,4.30,4.38,4000,17520.00
2018-02-22,4.46,4.67,4.46,4.57,6000,27390.00
2018-02-23,4.44,4.44,4.28,4.28,3000,13180.00
2018-02-27,4.30,4.57,4.25,4.42,9000,39600.00
2018-02-28,4.30,4.35,4.28,4.33,4000,17230.00
2018-03-06,4.14,4.16,4.14,4.16,3000,12440.00
2018-03-07,4.12,4.33,4.12,4.27,7000,29720.00
2018-03-08,4.28,4.28,4.28,4.28,1000,4280.00
2018-03-09,4.27,4.27,4.27,4.27,2000,8540.00
2018-03-13,4.30,4.30,4.29,4.30,2000,8590.00
2018-03-15,4.27,4.27,4.12,4.14,9000,37640.00
2018-03-27,4.19,4.29,4.19,4.25,112000,888490.00
2018-04-04,4.25,4.25,4.14,4.14,2000,8390.00
2018-04-20,4.25,4.63,4.25,4.57,19000,84150.00
2018-04-23,4.42,4.42,4.42,4.42,2000,8840.00
2018-05-10,4.28,4.28,4.28,4.28,1000,4280.00
2018-05-18,4.35,4.44,4.35,4.41,5000,22070.00
2018-05-23,4.41,4.41,4.41,4.41,100000,828000.00
2018-05-24,4.41,4.41,4.41,4.41,185000,1628000.00
2018-06-08,4.28,4.28,4.28,4.28,2000,8560.00
2018-06-28,4.09,4.09,4.09,4.09,2000,8180.00
2018-06-29,4.12,4.31,4.12,4.23,5000,21190.00
2018-07-04,4.14,4.14,4.14,4.14,1000,4140.00
2018-07-16,4.04,4.04,3.98,4.01,2000,8020.00
2018-10-11,3.83,3.83,3.83,3.83,2000,7660.00
2018-10-18,3.92,4.11,3.92,4.01,5000,20030.00
2018-10-24,4.11,4.11,4.11,4.11,2000,8220.00
2018-10-25,4.10,4.10,4.10,4.10,2000,8200.00
2018-10-26,3.91,4.15,3.91,4.12,22000,90260.00
2018-10-30,4.15,4.15,4.12,4.12,3000,12420.00
2018-11-09,3.95,4.00,3.95,3.95,3000,11900.00
2018-11-20,4.15,4.15,4.10,4.10,2000,8250.00
2018-11-21,4.15,4.30,4.10,4.28,10000,41970.00
2018-11-26,4.14,4.14,4.14,4.14,2000,8280.00
2018-11-27,3.99,4.10,3.99,4.10,4000,16180.00
2018-12-19,3.99,4.02,3.99,4.02,5000,20010.00
2018-12-20,3.99,4.02,3.99,4.02,3000,12000.00
2018-12-21,3.99,3.99,3.99,3.99,2000,7980.00
2019-01-03,4.00,4.00,3.99,4.00,2000,7990.00
2019-01-15,3.80,3.80,3.80,3.80,1000,3800.00
2019-01-29,3.71,3.71,3.71,3.71,1000,3710.00
2019-01-30,3.72,3.72,3.70,3.70,2000,7420.00
2019-02-12,3.54,3.72,3.54,3.71,5000,18230.00
2019-02-13,3.72,4.07,3.72,4.06,9000,35150.00
2019-03-07,3.88,3.88,3.88,3.88,1000,3880.00
2019-03-11,3.71,4.00,3.71,3.90,6000,23170.00
2019-03-12,4.05,4.05,4.05,4.05,1000,4050.00
2019-03-20,4.08,4.08,4.07,4.08,3000,12230.00
2019-03-28,3.88,3.98,3.88,3.98,2000,7860.00
2019-04-04,3.88,3.89,3.88,3.88,2900,11262.00
2019-04-11,3.88,3.88,3.88,3.88,2000,7760.00
2019-04-15,3.90,4.00,3.90,3.93,3000,11800.00
2019-04-16,4.05,4.05,4.05,4.05,2000,8100.00
2019-04-17,4.21,4.21,4.10,4.21,3000,12520.00
2019-04-18,4.10,4.30,4.10,4.25,5000,21020.00
2019-04-24,4.09,4.09,4.09,4.09,2000,8180.00
2019-05-14,3.92,3.92,3.92,3.92,1900,7448.00
2019-05-16,3.95,3.95,3.95,3.95,1000,3950.00
2019-05-21,3.90,3.90,3.90,3.90,1000,3900.00
2019-06-04,3.95,3.95,3.95,3.95,2000,7900.00
2019-06-21,3.98,4.15,3.98,4.12,5000,20350.00
2019-07-01,4.15,4.31,4.15,4.26,4000,16810.00
2019-07-24,4.10,4.10,4.10,4.10,1000,4100.00
2019-07-25,4.15,4.15,4.15,4.15,1000,4150.00
2019-08-06,4.10,4.10,4.10,4.10,2000,8200.00
2019-08-08,4.15,4.15,4.15,4.15,2000,8300.00
2019-09-04,4.31,4.31,4.31,4.31,1000,4310.00
2019-09-05,4.31,4.31,4.31,4.31,1000,4310.00
2019-09-09,4.31,4.31,4.31,4.31,2000,8620.00
2019-11-21,4.00,4.00,4.00,4.00,3000,12000.00
2019-11-25,4.00,4.00,4.00,4.00,6300,25200.00
2019-12-05,4.01,4.01,4.01,4.01,4000,16040.00
2019-12-06,4.00,4.00,4.00,4.00,20000,80000.00
2019-12-12,4.03,4.03,4.03,4.03,5000,20150.00
2019-12-31,4.10,4.17,4.10,4.17,9000,36980.00
2020-01-02,4.91,5.18,4.91,5.18,14000,71040.00
2020-01-03,5.55,5.88,5.55,5.88,7000,39330.00
2020-01-07,6.08,6.08,6.08,6.08,1000,6080.00
2020-01-08,6.08,6.08,6.08,6.08,1000,6080.00
2020-01-09,6.08,6.08,6.08,6.08,7000,42560.00
2020-01-13,6.18,6.18,6.18,6.18,2000,12360.00
2020-01-14,6.58,6.88,6.58,6.88,3000,20040.00
2020-01-15,7.80,7.80,7.77,7.77,5000,38920.00
2020-01-16,7.98,7.98,7.98,7.98,1000,7980.00
2020-01-17,7.98,8.16,7.98,8.16,3000,24300.00
2020-01-20,8.58,9.58,8.58,9.58,10000,87700.00
2020-01-21,10.00,10.01,8.37,8.37,31000,308390.00
2020-01-22,10.20,10.20,9.50,9.50,2000,19700.00
2020-01-23,9.07,9.07,8.99,8.99,6000,54180.00
2020-02-06,8.99,8.99,8.99,8.99,1900,17081.00
2020-02-10,9.00,9.00,9.00,9.00,2000,18000.00
2020-02-11,9.89,9.89,9.89,9.89,1000,9900.00
2020-02-12,9.50,10.18,9.50,10.18,4000,39380.00
2020-02-13,9.50,9.50,9.50,9.50,1000,9500.00
2020-02-14,9.56,9.60,9.56,9.60,3000,28780.00
2020-03-05,9.50,9.50,9.50,9.50,1000,9500.00
2020-03-20,9.89,9.89,9.50,9.50,4000,38400.00
2020-03-25,9.50,9.50,9.50,9.50,2000,19000.00
2020-03-27,9.50,9.50,9.50,9.50,3000,28500.00
2020-04-09,9.97,9.97,9.97,9.97,1000,9970.00
2020-04-14,9.97,9.97,9.96,9.96,4000,39900.00
2020-04-15,9.97,9.97,8.99,8.99,8000,76950.00
2020-04-16,9.89,9.89,8.20,8.20,6100,53760.00
2020-04-17,8.20,8.20,8.20,8.20,3000,24600.00
2020-04-20,9.84,9.84,8.21,8.21,13900,118154.00
2020-04-21,7.70,8.21,7.70,7.72,11900,92574.00
2020-04-22,7.80,9.39,7.50,7.50,6800,53034.00
2020-04-23,8.00,8.00,7.99,7.99,8000,63980.00
2020-04-24,7.05,7.05,7.00,7.00,12000,84120.00
2020-04-27,7.08,7.10,7.08,7.09,16000,113330.00
2020-04-29,8.85,8.85,8.85,8.85,100,885.00
2020-04-30,8.00,8.00,8.00,8.00,2000,16000.00
2020-05-06,7.50,7.50,7.37,7.37,5100,37996.00
2020-05-07,9.00,9.00,6.70,6.78,19200,152296.00
2020-05-08,6.75,7.00,6.75,7.00,16200,112557.00
2020-05-11,7.20,7.20,7.00,7.00,8600,60320.00
2020-05-12,7.01,7.01,6.50,6.52,41000,268720.00
2020-05-13,6.50,7.00,6.50,6.78,6400,43519.70
2020-05-14,6.90,6.90,6.50,6.50,12600,82740.00
2020-05-15,6.50,6.50,6.50,6.50,9000,58500.00
2020-05-19,6.65,6.68,6.65,6.68,7000,46700.00
2020-05-20,6.80,6.80,6.68,6.68,15000,100320.00
2020-05-22,6.89,6.99,6.89,6.98,7600,52829.00
2020-05-25,6.90,6.90,6.90,6.90,2000,13800.00
2020-05-26,7.00,7.20,7.00,7.20,3900,28272.80
2020-05-27,7.18,7.18,6.50,6.52,39900,260462.00
2020-05-28,6.50,6.79,6.50,6.50,33100,216750.00
2020-05-29,6.50,6.88,6.50,6.51,4100,27873.50
2020-06-01,11.60,11.60,6.51,6.66,50400,332624.00
2020-06-02,6.51,6.55,6.51,6.55,103500,675374.56
2020-06-03,6.53,6.66,6.53,6.61,95300,623813.00
2020-06-04,6.60,6.60,6.51,6.60,52200,341632.00
2020-06-05,6.55,6.64,6.53,6.64,30800,202097.00
2020-06-08,6.60,6.84,6.60,6.84,15000,100919.00
2020-06-09,6.70,6.79,6.60,6.60,46400,308020.00
2020-06-10,6.60,6.68,6.60,6.68,28900,192636.59
2020-06-11,6.68,6.68,6.64,6.64,28000,186570.00
2020-06-12,6.62,6.87,6.62,6.80,34100,228417.91
2020-06-15,6.67,6.80,6.67,6.78,41500,279740.00
2020-06-16,6.68,6.75,6.52,6.75,39200,260807.00
2020-06-17,6.69,6.69,6.20,6.61,14700,97513.84
2020-06-18,6.61,6.61,6.38,6.60,68000,449064.00
2020-06-19,6.66,6.66,6.60,6.66,42000,279600.00
2020-06-22,6.85,6.91,6.79,6.91,45700,314046.00
2020-06-23,6.70,8.45,6.70,7.02,44200,325641.03
2020-06-24,7.02,7.46,7.02,7.46,40700,292875.00
2020-06-29,7.16,7.45,7.16,7.44,21900,162512.28
2020-06-30,7.35,8.25,7.35,7.51,31200,237822.08
2020-07-01,7.51,7.88,7.51,7.60,62800,478456.00
2020-07-02,7.70,8.12,7.70,8.12,2900,23128.00
2020-07-03,8.28,8.28,8.01,8.26,25000,205738.08
2020-07-06,8.30,8.50,8.25,8.50,22400,188173.50
2020-07-07,8.00,9.74,8.00,9.74,23100,202840.34
2020-07-08,9.39,9.39,9.28,9.28,12500,117665.12
2020-07-09,9.95,9.95,9.38,9.50,4100,40139.48
2020-07-10,9.97,9.97,9.97,9.97,800,8474.50
2020-07-14,10.10,10.10,10.10,10.10,1500,15165.00
2020-07-15,9.60,9.60,9.60,9.60,5400,51840.00
2020-07-16,9.60,10.00,9.60,9.60,3500,33800.00
2020-07-17,9.50,10.00,9.50,9.60,7400,72180.00
2020-07-22,9.50,9.55,9.50,9.55,4900,47112.95
2020-07-24,9.64,9.64,9.50,9.50,7000,66670.00
2020-07-27,9.50,9.50,8.50,8.50,17800,160890.00
2020-07-28,8.97,9.00,8.97,9.00,900,8193.00
2020-07-29,8.75,8.75,8.75,8.75,10000,87500.00
2020-07-31,9.39,9.39,9.39,9.39,200,1880.00
2020-08-03,9.85,9.99,9.80,9.80,11600,114693.00
2020-08-04,9.60,9.60,9.50,9.50,20100,193016.38
2020-08-05,9.10,9.10,9.10,9.10,70000,637554.38
2020-08-06,9.10,9.10,9.10,9.10,3500,31850.00
2020-08-07,9.05,9.08,9.05,9.08,6800,61917.35
2020-08-10,9.08,9.08,9.08,9.08,1000,9080.00
2020-08-11,9.58,9.58,9.20,9.20,2900,26718.00
2020-08-12,8.66,9.50,8.66,9.47,1200,10604.00
2020-08-14,9.60,9.62,9.60,9.62,36500,350780.00
2020-08-18,9.88,9.88,9.88,9.88,192400,1353909.63
2020-08-19,9.88,9.88,9.88,9.88,2100,20748.00
2020-08-20,9.88,9.88,9.88,9.88,190000,1330000.00
2020-08-21,9.88,9.88,9.87,9.87,26000,256779.00
2020-08-24,9.89,9.95,9.85,9.88,25700,254285.16
2020-08-25,9.88,9.89,9.88,9.89,30000,296900.00
2020-08-26,9.88,9.91,9.88,9.91,3100,30631.00
2020-08-27,9.91,9.92,9.91,9.92,9900,98159.00
2020-08-28,9.93,10.00,9.92,10.00,10500,104495.00
2020-08-31,9.97,9.97,9.93,9.95,20600,204890.59
2020-09-01,9.95,9.97,9.95,9.97,20000,199060.00
2020-09-02,9.96,10.98,9.96,10.96,34200,350780.16
2020-09-07,9.52,9.93,9.52,9.93,1100,10513.00
2020-09-08,10.45,10.46,10.45,10.46,400,4183.00
2020-09-09,10.46,10.46,10.46,10.46,22500,235308.16
2020-09-10,10.51,10.51,10.51,10.51,6700,70417.00
2020-09-14,10.62,10.62,10.62,10.62,1000,10620.00
2020-09-16,10.60,10.78,10.60,10.78,5000,53180.00
2020-09-17,11.55,11.55,11.55,11.55,5800,66990.00
2020-09-18,11.56,11.98,11.56,11.98,4400,52502.00
2020-09-21,11.98,11.98,11.98,11.98,2000,23960.00
2020-09-22,11.98,12.00,11.98,11.99,2200,26378.00
2020-09-23,12.68,12.68,12.68,12.68,4900,62132.00
2020-09-25,12.68,12.68,12.68,12.68,20000,253600.00
2020-09-28,10.31,12.68,10.31,12.68,200,2299.00
2020-09-29,12.28,12.38,12.28,12.28,8500,104480.00
2020-09-30,12.28,12.30,12.28,12.30,2100,25792.00
2020-10-09,12.29,12.30,12.29,12.30,700,8605.00
2020-10-13,12.30,12.60,12.30,12.50,24000,298620.00
2020-10-14,12.30,12.30,12.25,12.30,14900,183020.00
2020-10-15,12.30,12.30,12.25,12.30,17400,214116.00
2020-10-16,12.30,12.30,12.20,12.30,24000,295030.00
2020-10-19,12.25,12.30,8.64,12.30,37300,457620.00
2020-10-20,12.30,12.30,12.29,12.30,24100,296250.00
2020-10-21,12.29,12.29,12.28,12.29,11700,143173.50
2020-10-22,12.29,12.29,12.29,12.29,24200,297418.00
2020-10-23,12.28,12.28,12.20,12.20,33500,410895.00
2020-10-26,12.00,12.00,11.33,11.33,8800,103230.00
2020-10-27,11.00,11.00,10.95,10.95,6100,66895.00
2020-10-28,10.85,10.88,10.85,10.88,16100,174895.00
2020-10-29,10.85,10.86,10.85,10.86,28700,311632.00
2020-10-30,10.00,10.00,10.00,10.00,2200,21500.00
2020-11-02,10.49,10.49,10.16,10.16,6300,64373.36
2020-11-03,10.20,10.50,10.20,10.50,4500,46890.00
2020-11-04,10.50,10.50,10.10,10.10,2500,25850.00
2020-11-05,10.51,10.51,10.51,10.51,2000,21020.00
2020-11-06,10.52,10.52,10.52,10.52,500,5260.00
2020-11-09,11.60,11.60,11.10,11.10,2400,27240.00
2020-11-10,11.60,12.88,11.60,11.90,7100,85770.00
2020-11-12,12.20,12.20,12.00,12.00,142700,1740127.38
2020-11-13,11.99,12.00,11.99,12.00,292200,2636398.00
2020-11-16,12.10,12.12,12.10,12.10,5800,69609.20
2020-11-18,12.03,12.20,12.03,12.10,8900,107504.00
2020-11-20,12.10,12.50,12.10,12.50,19000,230300.00
2020-11-24,12.00,12.00,12.00,12.00,1200,14400.00
2020-11-25,12.48,12.48,12.48,12.48,100,1248.00
2020-11-26,12.02,12.02,12.02,12.02,1000,12020.00
2020-11-27,12.05,12.08,12.05,12.08,1000,12064.92
2020-11-30,12.00,12.50,12.00,12.50,5800,71415.00
2020-12-03,12.50,12.52,12.50,12.52,1300,16270.00
2020-12-09,12.50,12.53,12.50,12.50,37800,472298.00
2020-12-10,12.50,12.60,12.50,12.60,12300,153760.00
2020-12-11,12.70,12.70,12.70,12.70,3800,48260.00
2020-12-14,12.71,12.71,12.71,12.71,2000,25420.00
2020-12-15,12.81,12.81,12.81,12.81,10000,128100.00
2020-12-16,12.91,12.91,12.90,12.90,3500,45165.00
2020-12-17,13.00,13.00,13.00,13.00,15600,202410.00
2020-12-18,13.00,13.00,12.95,12.95,6100,79380.00
2020-12-21,12.90,12.90,12.90,12.90,2000,25787.10
2020-12-22,11.85,11.85,11.85,11.85,2000,23700.00
2020-12-23,12.35,12.55,12.35,12.55,7000,87037.65
2020-12-24,12.60,12.60,12.60,12.60,11300,142380.00
2020-12-25,12.91,12.91,12.91,12.91,3000,38717.09
2020-12-28,12.90,12.90,12.90,12.90,19000,245100.00
2020-12-29,12.90,12.90,12.90,12.90,20000,258000.00
2020-12-30,12.90,12.91,12.90,12.91,20400,263276.91
2021-01-04,12.00,12.95,12.00,12.95,15000,191971.80
2021-01-05,12.95,12.95,12.91,12.95,3600,46576.14
2021-01-06,13.95,13.95,13.95,13.95,600,8370.00
2021-01-14,13.20,13.20,13.20,13.20,6500,85800.00
2021-01-15,13.10,13.10,13.10,13.10,5000,65500.00
2021-01-18,13.10,13.10,13.10,13.10,10000,131000.00
2021-01-19,13.10,13.10,13.10,13.10,27000,353700.00
2021-01-20,13.10,13.10,13.00,13.00,18500,241000.00
2021-01-21,13.00,13.00,12.99,12.99,18500,240495.00
2021-01-22,13.00,13.00,13.00,13.00,12000,156000.00
2021-01-25,12.90,12.90,12.90,12.90,19500,251550.00
2021-01-26,12.91,12.99,12.91,12.99,8900,115459.00
2021-01-27,14.90,14.90,13.00,13.02,9300,121258.58
2021-01-28,13.02,13.02,13.00,13.00,13300,173215.34
2021-01-29,13.00,13.00,13.00,13.00,2800,36244.00
2021-02-01,14.99,14.99,12.40,13.05,6700,89374.00
2021-02-02,13.00,13.45,13.00,13.45,7300,95250.00
2021-02-03,13.10,13.16,13.10,13.13,16500,216595.00
2021-02-04,13.10,13.10,13.01,13.01,10400,136204.00
2021-02-05,13.23,13.23,13.10,13.10,15200,199210.70
2021-02-08,13.11,13.15,13.10,13.10,11300,148108.00
2021-02-10,13.49,13.49,13.49,13.49,100,1349.00
2021-02-18,12.86,13.40,12.86,13.40,15800,207711.44
2021-02-19,13.40,13.50,13.15,13.47,35200,470320.00
2021-02-22,13.48,13.48,13.47,13.47,6300,84921.00
2021-02-23,14.80,14.80,11.10,13.48,5400,72686.00
2021-02-24,13.48,13.48,13.48,13.48,10000,134800.00
2021-02-26,13.48,13.48,13.30,13.30,8600,115010.00
2021-03-01,13.30,13.50,13.01,13.50,21100,281199.81
2021-03-02,13.10,13.30,13.10,13.30,2300,30323.50
2021-03-03,13.50,13.50,13.31,13.50,25100,338607.00
2021-03-04,13.50,13.51,13.50,13.50,10800,146201.98
2021-03-05,13.52,13.52,13.50,13.50,11000,148520.00
2021-03-08,13.69,13.69,13.69,13.69,100,1369.00
2021-03-09,13.70,13.70,13.70,13.70,700,9987.30
2021-03-10,12.51,13.79,12.51,13.79,1100,13889.00
2021-03-11,13.33,13.77,13.33,13.75,1000,13710.00
2021-03-12,13.78,13.78,13.78,13.78,1100,15158.00
2021-03-15,13.33,13.35,13.33,13.33,5300,70730.96
2021-03-16,13.50,13.70,13.50,13.70,8100,110474.70
2021-03-18,13.75,13.75,13.75,13.75,17900,246125.00
2021-03-19,13.50,13.50,13.50,13.50,1000,13500.00
2021-03-22,13.50,13.50,13.50,13.50,300,4360.50
2021-03-23,13.50,13.50,13.50,13.50,100,1350.00
2021-03-29,14.50,14.50,14.40,14.40,41400,599845.63
2021-03-31,14.40,14.40,14.40,14.40,100,1440.00
2021-04-07,15.00,15.00,15.00,15.00,2000,30000.00
2021-04-08,15.01,15.01,14.15,15.00,14800,220366.97
2021-04-09,14.86,15.00,14.86,15.00,3400,50609.72
2021-04-12,15.00,15.00,15.00,15.00,78800,1182000.00
2021-04-13,15.02,15.02,15.02,15.02,5400,81573.62
2021-04-14,15.02,16.50,15.02,16.49,18200,288364.81
2021-04-15,18.46,18.46,18.45,18.45,101000,1864558.25
2021-04-16,18.29,18.29,17.25,17.43,8500,149819.27
2021-04-19,17.43,17.43,17.42,17.42,9800,171179.23
2021-04-20,16.67,17.00,16.67,16.99,306900,6380071.00
2021-04-21,16.98,17.00,16.98,17.00,133000,2818934.00
2021-04-22,17.00,17.00,16.99,16.99,103100,1751682.00
2021-04-23,16.99,16.99,16.79,16.98,2500,42370.00
2021-04-26,16.90,16.90,16.90,16.90,86200,1456780.00
2021-04-27,16.50,16.50,16.50,16.50,3000,49500.00
2021-04-28,16.50,16.50,16.40,16.40,200600,3290220.50
2021-04-29,16.40,16.41,16.37,16.39,95600,1567719.63
2021-04-30,16.29,16.29,16.29,16.29,80000,1304000.00
2021-05-06,16.70,16.70,16.50,16.50,94300,1556650.00
2021-05-07,16.90,17.29,16.50,16.50,37200,622028.81
2021-05-10,17.00,17.00,16.29,16.29,17200,281313.09
2021-05-11,16.28,16.28,16.28,16.28,205600,4329168.00
2021-05-12,16.28,16.28,16.28,16.28,2500,40700.00
2021-05-13,16.28,16.28,16.28,16.28,203200,4284096.00
2021-05-14,16.28,16.28,16.28,16.28,1500,24420.00
2021-05-17,16.28,16.28,16.27,16.27,1000,16275.00
2021-05-18,16.27,16.27,16.27,16.27,3200,52064.00
2021-05-19,16.29,16.29,16.29,16.29,3500,56332.80
2021-05-21,16.29,16.29,16.29,16.29,4300,70090.00
2021-05-24,16.60,16.79,16.56,16.56,205500,3403686.50
2021-05-25,16.99,16.99,16.60,16.70,310700,5187373.50
2021-05-26,16.70,17.00,16.70,16.99,193900,3253241.00
2021-05-27,17.00,17.20,17.00,17.20,223100,3815321.00
2021-05-28,17.29,17.60,17.29,17.36,49800,875723.56
2021-05-31,17.79,18.37,17.79,18.37,1200,22646.22
2021-06-01,18.37,18.37,18.18,18.31,2800,51234.00
2021-06-02,18.50,18.70,17.90,18.70,900,16610.00
2021-06-03,19.48,19.48,18.37,18.37,1100,20658.00
2021-06-04,18.50,18.85,18.49,18.85,134700,2492082.00
2021-06-07,19.00,19.00,18.96,18.96,408100,7554389.50
2021-06-08,19.00,19.00,19.00,19.00,291000,5355000.00
2021-06-09,19.99,19.99,18.50,18.50,489300,9129823.00
2021-06-10,18.69,18.70,18.69,18.70,430200,8026927.00
2021-06-11,18.79,19.00,18.79,19.00,11300,213700.00
2021-06-15,19.15,19.15,18.87,18.89,64300,1216075.25
2021-06-16,18.50,18.50,18.50,18.50,1500,27750.00
2021-06-17,18.90,18.90,17.77,18.44,210500,3875512.25
2021-06-18,18.10,18.11,18.10,18.11,32000,579387.31
2021-06-21,18.10,18.20,18.10,18.20,31300,569451.81
2021-06-22,18.50,18.50,18.40,18.50,11200,206974.52
2021-06-23,18.51,18.61,18.51,18.61,15800,293355.81
2021-06-24,19.20,19.20,18.67,19.00,81500,1547434.88
2021-06-25,19.00,19.60,19.00,19.39,52200,992282.00
2021-06-28,19.49,19.49,19.40,19.49,53300,1035541.81
2021-06-29,19.99,19.99,19.49,19.79,41900,816578.81
2021-06-30,19.90,19.90,19.79,19.90,41200,816350.00
2021-07-01,19.90,19.90,19.75,19.79,10000,197453.20
2021-07-02,20.18,20.18,19.70,19.77,27000,541720.00
2021-07-05,19.79,19.87,19.79,19.87,11400,226464.13
2021-07-06,19.93,19.93,19.85,19.89,33500,666520.88
2021-07-07,20.78,20.78,20.78,20.78,100,2078.00
2021-07-08,20.00,20.00,19.90,19.90,156300,3570422.50
2021-07-09,19.79,19.90,19.79,19.90,189000,4271000.00
2021-07-12,20.88,20.88,20.62,20.62,245100,5446316.00
2021-07-13,20.49,20.49,20.28,20.40,337500,7402148.50
2021-07-14,20.29,20.29,20.20,20.20,222300,4996590.00
2021-07-15,20.20,20.20,20.18,20.20,135000,3302849.50
2021-07-16,20.20,20.29,20.20,20.29,184300,4399656.50
2021-07-19,20.20,20.20,20.20,20.20,142000,3540400.00
2021-07-20,20.48,20.48,20.45,20.45,279600,6168778.00
2021-07-21,20.10,20.15,20.10,20.10,1932300,27858236.00
2021-07-22,21.20,21.20,20.29,20.50,562700,9282367.00
2021-07-23,20.50,20.50,20.20,20.28,304400,4558035.00
2021-07-26,20.40,20.40,20.20,20.20,493200,8012860.00
2021-07-27,20.20,20.20,20.20,20.20,224700,3551685.25
2021-07-28,20.20,20.20,20.20,20.20,160300,3208060.00
2021-07-29,20.10,20.10,20.10,20.10,3200,65184.30
2021-07-30,20.10,20.10,20.04,20.04,55100,1102295.00
2021-08-02,20.12,20.12,19.99,19.99,5600,111860.19
2021-08-03,20.07,20.07,20.00,20.00,147100,2653095.00
2021-08-04,20.00,20.00,19.51,19.51,147600,2565706.00
2021-08-05,19.54,19.54,19.50,19.50,149800,2687450.50
2021-08-06,19.50,19.51,19.40,19.50,194400,3465678.50
2021-08-09,19.79,19.79,19.79,19.79,94300,1965588.75
2021-08-10,20.00,20.00,19.70,19.90,264600,4909885.00
2021-08-11,19.85,19.90,19.85,19.90,170100,3384790.00
2021-08-12,19.99,19.99,19.90,19.90,161900,3227060.00
2021-08-13,19.78,19.90,19.50,19.90,130900,2596464.25
2021-08-16,19.99,19.99,19.98,19.98,149000,3078020.00
2021-08-17,19.99,19.99,19.90,19.92,144100,2870478.00
2021-08-18,19.62,19.81,19.62,19.79,163000,3227290.00
2021-08-19,19.79,19.79,19.79,19.79,274900,5472200.00
2021-08-20,19.79,19.79,19.79,19.79,154500,3059080.25
2021-08-23,19.67,19.95,19.67,19.95,60100,1201467.00
2021-08-24,20.00,20.29,19.99,20.29,32400,648720.00
2021-08-25,20.20,20.20,20.00,20.20,16000,321960.00
2021-08-26,20.00,20.00,20.00,20.00,161300,2721000.00
2021-08-27,20.10,20.20,20.10,20.20,134900,2118380.00
2021-08-30,20.15,21.10,20.15,21.00,176900,3044300.00
2021-08-31,20.20,20.98,20.20,20.23,68500,1574140.00
2021-09-01,20.25,20.26,20.20,20.20,138800,2235491.50
2021-09-02,19.82,19.87,19.82,19.87,100600,1461897.00
2021-09-03,20.01,20.39,20.01,20.37,24200,490170.03
2021-09-06,20.01,21.40,19.19,21.40,122500,2392760.00
2021-09-07,20.48,20.48,19.29,19.29,18100,362876.00
2021-09-08,19.95,19.95,19.32,19.79,10900,214863.95
2021-09-09,19.32,19.41,19.32,19.33,327600,5701867.00
2021-09-10,19.26,19.26,19.10,19.15,256900,4815217.50
2021-09-13,19.20,19.20,19.10,19.15,160700,3323366.00
2021-09-14,19.10,19.10,18.78,18.79,20100,380044.81
2021-09-15,18.70,19.00,18.65,18.98,391400,5372678.00
2021-09-16,19.00,19.00,18.98,18.98,284300,4381314.00
2021-09-17,19.87,19.87,18.87,18.87,121900,1956127.50
2021-09-22,20.48,20.48,18.98,18.99,2900,57218.00
2021-09-23,19.00,19.73,18.10,19.60,1844500,28789572.00
2021-09-24,19.79,19.79,18.39,19.58,2200,42098.00
2021-09-27,19.58,19.58,18.66,19.15,192800,2851502.00
2021-09-28,18.60,19.15,18.56,18.79,84700,1247764.00
2021-09-29,18.37,18.37,18.27,18.27,575100,8378220.50
2021-09-30,18.25,18.29,18.19,18.19,210900,3167704.25
2021-10-08,18.28,19.00,18.20,18.20,4500,82146.00
2021-10-11,18.20,18.40,17.99,17.99,30100,549861.00
2021-10-12,18.10,18.10,17.53,17.61,10600,190795.00
2021-10-13,17.65,17.65,17.58,17.61,3400,59635.55
2021-10-14,18.79,18.79,18.00,18.35,17600,322594.69
2021-10-15,18.34,18.34,18.29,18.29,1100,20134.00
2021-10-18,18.79,18.79,17.85,17.85,13300,238357.25
2021-10-19,18.29,18.29,18.29,18.29,5100,93330.00
2021-10-20,18.10,18.10,18.08,18.08,1000,18099.44
2021-10-21,18.29,18.29,18.29,18.29,100100,1267830.00
2021-10-22,18.70,18.70,18.34,18.34,53700,1068487.00
2021-10-25,18.40,18.40,18.40,18.40,75700,1362880.00
2021-10-26,17.79,17.82,17.79,17.82,77100,1387382.00
2021-10-27,17.87,17.87,17.87,17.87,105600,1699704.88
2021-10-28,17.87,17.87,17.87,17.87,75000,1350000.00
2021-10-29,17.31,17.84,17.31,17.84,77200,1388250.50
2021-11-01,17.79,17.79,17.79,17.79,76600,1378873.13
2021-11-02,17.28,17.28,17.09,17.09,9000,155460.08
2021-11-03,17.09,17.09,17.09,17.09,3500,60618.23
2021-11-04,16.81,18.69,16.81,17.04,7300,126295.64
2021-11-05,16.87,16.87,16.87,16.87,2700,45576.00
2021-11-08,17.01,17.01,16.87,16.87,125000,2024200.00
2021-11-09,16.87,17.01,16.87,17.01,23200,394175.06
2021-11-10,17.09,17.09,17.09,17.09,6700,115066.97
2021-11-11,17.25,17.25,17.25,17.25,7000,120750.00
2021-11-12,17.02,17.25,17.02,17.25,600,10281.00
2021-11-15,17.26,17.60,17.18,17.60,187100,2319091.75
2021-11-16,17.60,18.00,17.60,17.94,13200,233640.34
2021-11-17,17.70,17.99,17.70,17.89,19400,346841.72
2021-11-18,17.79,18.00,17.79,18.00,12800,229058.59
2021-11-19,17.90,17.95,17.90,17.95,5900,105161.90
2021-11-22,18.17,18.17,17.90,18.10,1033000,13193627.00
2021-11-23,18.60,18.60,18.00,18.10,1004400,12778947.00
2021-11-24,17.95,18.45,17.95,18.20,724200,9246495.00
2021-11-25,18.20,18.40,18.20,18.40,30300,555153.81
2021-11-26,18.53,18.87,18.50,18.51,19100,354534.00
2021-11-29,19.50,19.50,19.19,19.20,66000,1271253.25
2021-11-30,19.20,19.29,19.20,19.29,29900,575121.88
2021-12-01,19.20,19.29,19.20,19.20,26100,501810.00
2021-12-02,19.21,19.29,19.18,19.18,18300,351686.00
2021-12-03,19.29,19.29,19.25,19.25,600,11555.00
2021-12-06,19.25,19.25,18.66,18.70,20300,379087.81
2021-12-08,19.15,19.15,19.15,19.15,30800,589302.94
2021-12-10,19.00,19.00,19.00,19.00,63100,1248919.00
2021-12-14,19.00,19.00,19.00,19.00,2000,38000.00
2021-12-15,19.00,19.00,18.95,18.95,15200,288715.00
2021-12-16,19.00,19.00,19.00,19.00,2500,47500.00
2021-12-17,19.20,19.20,19.20,19.20,200,3571.20
2021-12-20,18.79,18.79,18.79,18.79,1000,18800.00
2021-12-21,18.79,18.87,18.79,18.85,30200,568575.00
2021-12-22,18.85,18.90,18.85,18.85,6200,116182.55
2021-12-23,18.85,18.86,18.85,18.85,12100,228116.00
2021-12-24,18.84,18.84,18.70,18.75,14000,263150.00
2021-12-27,18.75,18.87,18.75,18.87,4200,78880.00
2021-12-28,18.85,18.85,18.79,18.79,66900,1130165.00
2021-12-29,18.70,18.87,18.70,18.87,61000,1019150.50
2021-12-30,18.75,18.87,18.70,18.70,24100,452087.00
2021-12-31,18.79,18.79,18.75,18.75,9100,170704.00
2022-01-04,18.75,18.75,18.70,18.75,4600,86125.00
2022-01-05,18.79,18.79,18.70,18.70,207600,3882230.00
2022-01-06,18.65,18.65,18.65,18.65,2000,37300.00
2022-01-07,18.87,18.87,18.87,18.87,100,1888.00
2022-01-10,18.87,19.50,18.75,18.75,8500,161616.00
2022-01-11,18.79,18.96,18.79,18.79,23300,438132.19
2022-01-13,18.87,19.00,18.87,18.87,24400,463132.00
2022-01-14,18.90,19.19,18.90,19.00,21400,406280.00
2022-01-17,19.04,19.04,18.95,18.95,370200,5374115.00
2022-01-18,18.99,18.99,18.85,18.85,340200,4629841.00
2022-01-19,18.85,18.85,18.85,18.85,202700,2751255.00
2022-01-20,18.85,18.87,18.85,18.85,16000,301630.00
2022-01-21,18.85,18.85,18.85,18.85,8000,150800.00
2022-01-24,18.83,18.83,18.79,18.79,39200,737783.00
2022-01-25,18.82,18.82,18.70,18.70,33500,627185.69
2022-01-26,18.70,18.70,18.70,18.70,50000,1000000.00
2022-01-27,18.70,18.70,18.70,18.70,10000,187916.30
2022-01-28,18.65,18.75,18.65,18.75,7000,131150.00
2022-02-08,18.90,19.37,18.90,19.37,18500,350999.41
2022-02-09,19.00,19.27,19.00,19.16,5700,108582.84
2022-02-10,19.00,19.00,19.00,19.00,6000,114000.00
2022-02-11,19.00,19.00,18.95,18.95,2000,37968.95
2022-02-14,18.79,18.79,18.68,18.68,3400,63896.00
2022-02-16,18.70,18.79,18.70,18.79,3300,61825.00
2022-02-17,18.87,19.00,18.87,18.87,7700,145366.23
2022-02-18,18.87,18.90,18.87,18.90,6500,122686.73
2022-02-21,18.91,18.91,18.79,18.82,23500,442804.53
2022-02-22,18.79,18.82,18.79,18.82,11800,222068.00
2022-02-23,18.79,18.79,18.79,18.79,8000,150400.00
2022-02-24,18.78,18.78,18.75,18.75,8000,150090.00
2022-02-25,18.70,18.70,18.70,18.70,2000,37400.00
2022-02-28,18.70,18.70,18.60,18.60,14800,275184.22
2022-03-01,18.60,18.60,18.60,18.60,1500,27900.00
2022-03-02,18.50,18.50,18.50,18.50,5000,92500.00
2022-03-03,18.00,18.50,18.00,18.50,3400,62324.50
2022-03-04,18.50,18.50,18.50,18.50,1000,18500.00
2022-03-07,19.40,19.40,18.37,18.37,1500,28082.00
2022-03-08,18.37,18.60,18.37,18.50,16300,300294.00
2022-03-09,18.50,18.79,18.37,18.79,32000,594800.00
2022-03-10,19.81,19.81,18.79,19.15,17400,333784.00
2022-03-11,19.18,19.18,19.00,19.10,21800,416584.09
2022-03-14,19.00,19.10,19.00,19.00,4800,91465.00
2022-03-15,19.20,19.20,18.78,18.78,223100,3103655.00
2022-03-16,16.10,16.12,16.10,16.12,23000,370600.00
2022-03-17,17.20,19.00,17.20,17.51,2028800,23062946.00
2022-03-18,17.60,17.60,17.60,17.60,263000,3232340.00
2022-03-21,18.51,18.51,18.50,18.50,5900,108940.00
2022-03-23,19.00,19.00,18.73,18.79,7100,134260.78
2022-03-24,19.20,19.20,19.00,19.00,7900,150058.00
2022-03-25,19.20,19.20,19.03,19.10,14300,272439.81
2022-03-28,19.20,19.29,19.00,19.00,79000,1506320.00
2022-03-29,19.00,19.00,18.70,18.91,27100,512825.81
2022-03-30,18.90,18.92,18.79,18.92,14300,269776.00
2022-03-31,19.01,19.01,19.01,19.01,25400,482854.00
2022-04-01,19.10,19.11,18.90,19.00,29100,552547.00
2022-04-06,19.00,19.00,18.70,18.70,67200,1266532.88
2022-04-07,18.70,18.70,18.65,18.65,43500,813474.00
2022-04-08,18.60,18.90,18.60,18.79,38100,712763.50
2022-04-11,18.60,18.79,18.50,18.54,94400,1763461.00
2022-04-12,18.59,18.90,18.59,18.60,7000,130244.20
2022-04-13,18.59,18.59,18.50,18.50,32800,607970.00
2022-04-14,18.50,18.50,18.50,18.50,100300,1346213.50
2022-04-15,18.50,18.50,18.50,18.50,171800,2419060.00
2022-04-18,18.60,18.60,18.50,18.50,182400,2543397.50
2022-04-19,19.10,19.10,18.00,18.56,191300,2490670.25
2022-04-20,18.40,18.49,18.00,18.49,210600,2810609.00
2022-04-21,18.00,18.00,18.00,18.00,154600,2035938.88
2022-04-22,17.01,17.01,16.99,17.00,102000,1734279.38
2022-04-25,17.00,17.00,16.53,16.53,9300,154769.00
2022-04-26,16.53,16.53,16.50,16.50,5600,92535.00
2022-04-27,16.50,16.50,16.37,16.50,24600,404233.25
2022-04-28,16.50,16.50,16.40,16.40,57300,940873.13
2022-04-29,16.40,16.40,16.40,16.40,5600,91725.20
2022-05-05,16.40,16.40,16.40,16.40,10000,164000.00
2022-05-06,16.39,16.39,16.39,16.39,10300,168325.30
2022-05-09,16.39,16.39,16.39,16.39,31400,513990.41
2022-05-10,18.00,18.00,18.00,18.00,600,10800.00
2022-05-11,16.43,16.43,16.43,16.43,5200,85436.00
2022-05-12,19.87,19.87,16.49,16.79,59500,991085.94
2022-05-13,18.00,18.00,16.79,17.75,74700,1249327.38
2022-05-16,18.18,18.18,18.18,18.18,1000,18180.00
2022-05-17,18.19,18.19,18.19,18.19,6000,109121.81
2022-05-18,19.82,19.82,17.58,17.61,46900,827393.00
2022-05-19,19.54,19.54,19.54,19.54,100,1955.00
2022-05-20,18.01,19.17,18.01,19.17,3700,65888.52
2022-05-23,18.10,18.75,18.04,18.20,204700,3688906.50
2022-05-24,18.00,18.00,18.00,18.00,113700,2046762.00
2022-05-25,18.99,18.99,18.01,18.02,233200,4198729.00
2022-05-26,18.06,18.57,18.06,18.06,229200,4126785.00
2022-05-27,19.02,19.02,19.02,19.02,210100,3781902.00
2022-05-30,18.16,18.87,18.16,18.87,154200,2777262.50
2022-05-31,18.87,19.18,18.87,19.18,50800,965278.69
2023-03-08,7.66,9.21,7.66,8.69,11500822,97044752.00
2023-03-09,8.03,9.88,8.00,8.95,7875189,71608144.00
2023-03-10,8.53,8.78,8.08,8.15,4862048,40600860.00
2023-03-13,8.00,8.30,6.99,7.15,4954103,36879692.00
2023-03-14,7.20,7.79,7.01,7.31,1904249,14138687.00
2023-03-15,7.21,7.33,7.06,7.08,1473024,10607386.00
2023-03-16,7.02,7.19,6.92,7.02,1564341,11005967.00
2023-03-17,6.98,7.04,6.72,6.79,1043679,7202959.00
2023-03-20,6.75,6.75,6.35,6.46,1373395,8907864.00
2023-03-21,6.50,6.99,6.45,6.81,1169000,7622657.00
2023-03-22,6.85,7.25,6.74,7.12,1402544,9909715.00
2023-03-23,7.11,7.19,6.85,7.09,679069,4784553.50
2023-03-24,7.13,7.13,6.97,7.06,494105,3474881.25
2023-03-27,6.96,7.08,6.96,6.99,277987,1946373.25
2023-03-28,6.84,7.13,6.84,6.98,394852,2755684.25
2023-03-29,6.92,7.04,6.88,7.01,335991,2338549.50
2023-03-30,6.96,7.02,6.90,7.00,266382,1853172.00
2023-03-31,7.00,7.15,6.96,7.11,328664,2314630.75
2023-04-03,7.04,7.15,7.00,7.08,310076,2189245.00
2023-04-04,7.01,7.14,6.98,7.04,344526,2424664.75
2023-04-06,7.00,7.01,6.90,6.93,272010,1892498.38
2023-04-07,6.88,7.02,6.88,6.99,282633,1976495.00
2023-04-10,6.96,7.01,6.95,7.00,281796,1966690.25
2023-04-11,6.97,7.02,6.95,6.99,211456,1477352.00
2023-04-12,6.93,6.99,6.82,6.82,351273,2431587.50
2023-04-13,6.89,6.94,6.82,6.88,153069,1056668.88
2023-04-14,6.88,6.88,6.80,6.84,274193,1874825.63
2023-04-17,6.75,6.86,6.72,6.74,147801,997143.63
2023-04-18,6.67,6.75,6.64,6.67,257206,1718192.50
2023-04-19,6.75,6.82,6.60,6.72,197651,1326470.50
2023-04-20,6.76,6.95,6.70,6.92,304365,2071916.88
2023-04-21,6.80,7.15,6.80,7.15,500368,3541389.75
2023-04-24,7.50,9.28,7.15,9.12,4124454,34430140.00
2023-04-25,8.50,8.86,7.78,8.04,2421770,20033282.00
2023-04-26,7.64,8.14,7.51,7.90,1050217,8231517.50
2023-04-27,7.75,7.75,6.77,6.88,2805814,19548176.00
2023-04-28,6.76,6.89,6.65,6.83,773734,5259863.50
2023-05-04,6.71,6.83,6.71,6.76,458173,3088960.75
2023-05-05,6.84,7.85,6.71,7.26,1243950,8892950.00
2023-05-08,7.06,7.79,7.02,7.50,954880,7076302.00
2023-05-09,7.61,7.61,7.00,7.18,1020803,7466341.00
2023-05-10,7.18,7.74,7.03,7.45,1030078,7651056.50
2023-05-11,7.33,7.79,7.20,7.24,883728,6478785.00
2023-05-12,7.19,7.30,7.09,7.15,287751,2068855.63
2023-05-15,7.15,7.40,7.15,7.23,249042,1793534.00
2023-05-16,7.24,7.37,7.12,7.17,185690,1333542.38
2023-05-17,7.06,7.21,7.06,7.21,205102,1463914.13
2023-05-18,7.35,7.35,7.00,7.00,272354,1930587.00
2023-05-19,7.02,7.17,7.01,7.09,165598,1172232.13
2023-05-22,7.04,7.14,7.03,7.06,185026,1308670.50
2023-05-23,7.07,7.14,7.07,7.09,186315,1322957.00
2023-05-24,7.07,7.12,7.02,7.05,285848,2013399.88
2023-05-25,7.10,7.10,6.92,6.99,399667,2786297.25
2023-05-26,7.02,7.03,6.90,6.96,182318,1263548.50
2023-05-29,6.98,6.98,6.72,6.85,115618,796376.31
2023-05-30,6.81,6.90,6.77,6.81,261108,1776631.38
2023-05-31,6.89,6.89,6.76,6.84,331722,2258663.25
2023-06-01,6.89,6.91,6.77,6.82,131454,893706.44
2023-06-02,6.78,6.85,6.74,6.80,205059,1395406.63
2023-06-05,6.79,6.84,6.77,6.82,117165,797227.50
2023-06-06,6.73,6.83,6.73,6.82,205042,1392288.50
2023-06-07,6.73,6.82,6.73,6.80,141402,960998.63
2023-06-08,6.75,6.81,6.73,6.80,239903,1620882.63
2023-06-09,6.78,7.04,6.76,6.87,175217,1212813.75
2023-06-12,6.95,6.95,6.78,6.79,118087,803157.06
2023-06-13,6.88,6.88,6.73,6.73,56092,378474.13
2023-06-14,6.73,6.80,6.71,6.74,91542,617393.88
2023-06-15,6.74,6.80,6.71,6.74,51677,347465.16
2023-06-16,6.83,6.83,6.71,6.74,65836,444002.75
2023-06-19,6.72,6.75,6.72,6.74,47030,316959.56
2023-06-20,6.71,6.74,6.70,6.74,55385,371637.56
2023-06-21,6.68,6.75,6.68,6.75,99322,668435.81
2023-06-26,6.70,6.78,6.68,6.70,95190,637619.31
2023-06-27,6.70,7.10,6.70,6.96,643806,4494142.00
2023-06-28,6.80,7.01,6.80,6.82,384492,2634247.50
2023-06-29,6.89,6.89,6.77,6.82,317806,2165780.00
2023-06-30,6.83,6.85,6.77,6.85,251721,1717848.38
2023-07-03,6.82,6.85,6.81,6.83,105356,719455.75
2023-07-04,6.90,6.90,6.81,6.84,102284,698887.88
2023-07-05,6.86,7.26,6.83,6.90,338536,2375077.00
2023-07-06,6.83,7.07,6.83,6.88,134888,931688.06
2023-07-07,6.93,6.93,6.81,6.86,88052,601432.06
2023-07-10,6.89,6.89,6.74,6.80,277436,1882677.88
2023-07-11,6.71,6.83,6.69,6.80,99510,674358.31
2023-07-12,6.80,6.80,6.71,6.71,91923,620176.69
2023-07-13,6.80,6.82,6.71,6.76,77479,521915.84
2023-07-14,6.80,6.80,6.71,6.74,137206,923182.19
2023-07-17,6.70,6.73,6.67,6.70,276928,1854053.00
2023-07-18,6.78,6.78,6.64,6.66,233612,1558478.25
2023-07-19,6.74,6.74,6.62,6.66,87880,583391.81
2023-07-20,6.67,6.81,6.66,6.74,198823,1341477.38
2023-07-21,6.76,6.76,6.67,6.74,19574,130977.58
2023-07-24,6.75,6.75,6.64,6.70,32521,216794.31
2023-07-25,6.72,6.72,6.62,6.70,114799,765507.00
2023-07-26,6.70,6.70,6.66,6.67,99300,662095.38
2023-07-27,6.73,6.73,6.60,6.64,119383,790178.31
2023-07-28,6.60,6.64,6.59,6.64,65663,434542.63
2023-07-31,6.67,6.69,6.61,6.65,98118,652589.50
2023-08-01,6.72,6.72,6.63,6.66,47230,314913.31
2023-08-02,6.66,6.66,6.63,6.66,50199,333508.00
2023-08-03,6.68,6.68,6.63,6.65,84708,564364.38
2023-08-04,6.66,6.76,6.63,6.68,106828,712786.63
2023-08-07,6.74,6.75,6.62,6.64,33802,224349.63
2023-08-08,6.72,6.72,6.45,6.64,86894,573909.25
2023-08-09,6.71,6.87,6.64,6.85,757923,5112672.50
2023-08-10,6.77,6.77,6.61,6.65,400232,2663130.00
2023-08-11,6.64,6.70,6.50,6.57,98556,650916.81
2023-08-14,6.66,6.66,6.57,6.58,31219,205312.02
2023-08-15,6.62,6.64,6.52,6.57,27800,182077.00
2023-08-16,6.65,6.65,6.53,6.54,42846,280958.91
2023-08-17,6.57,6.57,6.15,6.40,432836,2747446.00
2023-08-18,6.39,6.41,6.17,6.26,150718,942670.81
2023-08-21,6.28,6.28,6.15,6.19,61649,382767.72
2023-08-22,6.15,6.15,5.95,6.05,323377,1948472.63
2023-08-23,6.54,6.54,6.08,6.09,236030,1474711.88
2023-08-24,6.16,6.16,5.89,5.90,228332,1363208.00
2023-08-25,5.95,5.95,5.11,5.27,637597,3420660.50
2023-08-28,5.48,5.48,5.25,5.37,272648,1470821.38
2023-08-29,5.44,5.48,5.33,5.48,94121,509218.03
2023-08-30,5.50,5.58,5.45,5.52,67227,368844.88
2023-08-31,5.51,5.68,5.50,5.62,38403,214469.08
2023-09-01,5.64,5.98,5.63,5.90,205666,1202977.63
2023-09-04,6.05,6.06,5.92,6.05,298656,1795173.75
2023-09-05,6.06,6.12,5.90,5.94,106800,634622.88
2023-09-06,5.86,5.98,5.86,5.95,59650,354090.13
2023-09-07,5.95,6.09,5.84,5.95,91507,545165.69
2023-09-08,6.03,6.03,5.85,5.91,38518,225737.88
2023-09-11,5.99,5.99,5.85,5.94,10052,59554.02
2023-09-12,5.98,5.98,5.91,5.94,14928,88653.14
2023-09-13,6.02,6.02,5.61,5.84,66123,384418.91
2023-09-14,5.88,5.88,5.60,5.87,109877,629880.69
2023-09-15,5.80,5.84,5.75,5.82,70500,405659.00
2023-09-18,5.85,5.85,5.72,5.80,40338,232109.55
2023-09-19,5.84,5.84,5.61,5.73,20276,115580.04
2023-09-20,5.68,5.72,5.63,5.69,60832,343781.38
2023-09-21,5.94,5.94,5.67,5.74,26800,153768.00
2023-09-22,5.67,5.82,5.63,5.74,9555,54308.30
2023-09-25,5.80,5.80,5.66,5.78,4200,24137.00
2023-09-26,5.79,5.79,5.60,5.73,22336,126850.56
2023-09-27,5.81,5.81,5.68,5.72,9423,53816.71
2023-09-28,5.79,5.79,5.64,5.72,25869,147132.19
2023-10-09,5.80,5.80,5.69,5.76,7600,43558.00
2023-10-10,5.79,5.80,5.49,5.58,47017,263705.91
2023-10-11,5.57,5.73,5.55,5.58,30024,168366.05
2023-10-12,5.92,5.92,5.58,5.68,10847,61095.78
2023-10-13,5.76,5.76,5.27,5.59,21600,120702.19
2023-10-16,5.51,5.66,5.38,5.48,38390,210488.05
2023-10-17,5.40,5.56,5.40,5.47,66100,359069.22
2023-10-18,5.50,5.50,5.24,5.35,98783,526107.63
2023-10-19,5.39,5.42,5.31,5.34,27361,146961.14
2023-10-20,5.32,5.32,5.13,5.20,40304,209825.80
2023-10-23,5.25,5.25,4.81,5.08,98407,488750.44
2023-10-24,5.21,5.21,4.97,5.00,77695,390933.81
2023-10-25,5.07,5.22,4.95,5.01,98769,494177.38
2023-10-26,5.04,5.04,4.86,5.02,84751,419928.06
2023-10-27,5.09,5.09,4.53,5.01,92280,458500.91
2023-10-30,5.00,5.09,4.86,5.09,86311,430632.69
2023-10-31,5.04,5.04,4.94,5.02,59152,294135.25
2023-11-01,5.00,5.00,4.95,5.00,18337,90969.52
2023-11-02,5.05,5.05,4.90,4.92,11498,56792.47
2023-11-03,5.02,5.02,4.93,4.95,16846,83393.78
2023-11-06,5.34,6.30,5.12,5.63,1296119,7416439.50
2023-11-07,5.38,5.67,5.21,5.50,946668,5135976.50
2023-11-08,5.45,5.74,5.30,5.53,815070,4486661.00
2023-11-09,5.55,5.55,5.43,5.43,493352,2708298.25
2023-11-10,5.47,5.47,5.25,5.29,409751,2166604.75
2023-11-13,5.29,5.32,5.25,5.28,172261,911601.56
2023-11-14,5.33,5.33,5.26,5.32,210901,1116261.63
2023-11-15,5.42,5.43,5.31,5.38,203797,1099336.25
2023-11-16,5.44,5.44,5.30,5.36,98271,524185.72
2023-11-17,5.31,5.56,5.30,5.56,551678,3001362.00
2023-11-20,5.50,5.85,5.45,5.68,506994,2872728.00
2023-11-21,5.75,6.29,5.69,5.95,1829426,11033575.00
2023-11-22,5.90,6.44,5.77,6.44,2759490,17182324.00
2023-11-23,6.44,6.92,6.00,6.92,4045852,26649498.00
2023-11-24,6.84,7.98,6.70,7.74,6317475,47475652.00
2023-11-27,7.90,9.14,7.44,8.52,11566186,95533760.00
2023-11-28,8.00,8.99,7.50,8.49,10751864,90793808.00
2023-11-29,8.50,8.90,7.40,7.60,6831851,55773456.00
2023-11-30,7.87,7.87,7.28,7.60,4262368,32244314.00
2023-12-01,7.47,7.76,6.50,6.61,4209150,29671582.00
2023-12-04,6.78,7.05,6.51,6.82,2189281,14746195.00
2023-12-05,6.86,7.70,6.77,7.43,4808050,34988740.00
2023-12-06,7.34,7.80,7.20,7.57,4096681,30616206.00
2023-12-07,7.90,8.60,7.60,7.75,7161811,56767912.00
2023-12-08,7.81,8.16,7.41,7.61,6292178,48687792.00
2023-12-11,7.45,7.48,6.90,7.06,3748893,26806186.00
2023-12-12,7.11,7.23,6.98,7.21,2073520,14830837.00
2023-12-13,7.15,7.47,7.10,7.43,4604605,33963904.00
2023-12-14,7.59,7.96,7.41,7.84,10425375,80432768.00
2023-12-15,8.01,8.13,7.53,7.70,5278625,41163224.00
2023-12-18,7.60,8.23,7.60,8.23,7724485,61314252.00
2023-12-19,8.20,8.54,7.87,8.32,6765859,55679140.00
2023-12-20,8.11,8.43,8.11,8.34,6404179,53010852.00
2023-12-21,8.51,8.51,7.10,7.16,6181366,48733508.00
2023-12-22,7.07,7.30,6.60,7.16,4001499,27934328.00
2023-12-25,7.10,7.46,7.10,7.40,3069084,22484224.00
2023-12-26,7.46,7.85,7.32,7.70,4867352,37019232.00
2023-12-27,7.59,8.12,7.39,8.09,8117560,63968300.00
2023-12-28,8.09,8.29,7.83,8.28,6523775,52890944.00
2023-12-29,8.63,9.92,8.39,9.42,15938455,143299088.00
2024-01-02,9.20,11.60,9.16,10.98,19830430,203296512.00
2024-01-03,10.32,10.81,10.00,10.11,10707652,110880904.00
2024-01-04,10.50,11.14,10.10,10.38,10295592,108994640.00
2024-01-05,10.50,11.01,9.75,9.75,10350582,107905128.00
2024-01-08,9.41,10.00,8.80,8.80,7021695,65349352.00
2024-01-09,8.70,9.31,8.43,9.20,7333541,65618300.00
2024-01-10,9.08,9.95,8.81,9.63,7583767,71746536.00
2024-01-11,9.50,9.85,9.10,9.33,5778846,54339336.00
2024-01-12,9.46,9.70,8.57,8.57,7550764,68612944.00
2024-01-15,8.50,9.30,8.20,8.90,8849501,77023488.00
2024-01-16,8.58,9.35,8.37,9.33,9340329,83431840.00
2024-01-17,9.09,9.50,8.92,9.05,6443560,59266020.00
2024-01-18,9.30,9.36,8.91,9.36,5774917,53061232.00
2024-01-19,9.22,9.98,9.19,9.83,9498654,92197696.00
2024-01-22,9.76,9.93,8.52,8.58,7994391,73963856.00
2024-01-23,8.60,8.88,8.30,8.65,3989360,34179324.00
2024-01-24,8.90,9.63,8.82,9.07,7800350,71612288.00
2024-01-25,8.70,8.85,8.39,8.57,6976689,60117196.00
2024-01-26,8.50,8.62,8.23,8.47,4874384,41061488.00
2024-01-29,8.45,8.58,7.31,7.50,4622595,36427880.00
2024-01-30,7.55,7.55,6.97,7.20,4119377,29537634.00
2024-01-31,7.19,7.44,7.10,7.18,2769005,20088026.00
2024-02-01,7.24,7.35,6.61,6.67,3266456,22713996.00
2024-02-02,6.74,6.79,5.93,6.00,3679918,22958400.00
2024-02-05,6.00,6.15,5.45,6.09,3361198,19684404.00
2024-02-06,6.10,6.59,6.02,6.59,4400373,28162454.00
2024-02-07,6.60,6.96,6.35,6.44,4115988,27612162.00
2024-02-08,6.45,6.66,6.11,6.51,3852102,24664290.00
2024-02-19,6.43,6.80,6.43,6.63,1875778,12413879.00
2024-02-20,6.58,6.85,6.43,6.80,2949953,19586390.00
2024-02-21,6.68,7.48,6.66,7.19,4944775,35468560.00
2024-02-22,7.03,7.30,6.95,7.12,2637136,18808742.00
2024-02-23,7.04,7.20,6.78,7.12,2815455,19796824.00
2024-02-26,7.04,7.37,6.87,7.17,3220450,22847784.00
2024-02-27,7.17,7.80,7.00,7.56,4685998,34902524.00
2024-02-28,7.69,8.49,7.27,7.71,8621125,68367552.00
2024-02-29,7.71,10.02,7.48,9.45,21002922,183354592.00
2024-03-01,9.45,9.65,8.30,8.40,19171972,169631872.00
2024-03-04,8.20,8.40,7.78,7.99,10354237,82807448.00
2024-03-05,7.81,7.96,7.30,7.40,8154558,61735516.00
2024-03-06,7.31,7.69,7.31,7.46,5829988,43809716.00
2024-03-07,7.39,7.75,7.25,7.42,5320997,39815472.00
2024-03-08,7.33,7.49,7.05,7.16,4536854,32715006.00
2024-03-11,7.08,7.45,7.08,7.31,3096543,22620072.00
2024-03-12,7.34,7.46,7.22,7.36,2874113,21142704.00
2024-03-13,7.30,7.36,7.07,7.07,3278498,23601984.00
2024-03-14,7.01,7.15,6.71,6.76,3246628,22399776.00
2024-03-15,6.85,7.28,6.76,7.09,3131577,22083814.00
2024-03-18,7.11,7.30,7.03,7.28,3137829,22471752.00
2024-03-19,7.21,7.51,7.21,7.34,3785462,28013884.00
2024-03-20,7.36,7.81,7.32,7.60,5960081,45238188.00
2024-03-21,7.67,7.99,7.55,7.88,6515024,50800196.00
2024-03-22,7.90,8.12,7.36,7.43,7757679,59961408.00
2024-03-25,7.20,7.38,6.91,6.94,4463552,31651598.00
2024-03-26,7.00,7.08,6.68,6.86,2283507,15677408.00
2024-03-27,6.85,7.07,6.77,6.77,1665169,11529187.00
2024-03-28,6.85,6.94,6.73,6.86,1803723,12315029.00
2024-03-29,6.95,6.95,6.73,6.77,1329558,9053041.00
2024-04-01,6.75,6.80,6.60,6.64,2555712,16994228.00
2024-04-02,6.69,6.69,6.50,6.61,1929094,12671347.00
2024-04-03,6.52,6.71,6.50,6.61,1562887,10323507.00
2024-04-08,6.65,6.77,6.46,6.54,1167084,7691282.00
2024-04-09,6.63,6.63,6.38,6.47,900639,5833519.50
2024-04-10,6.54,6.75,6.42,6.63,2821012,18744772.00
2024-04-11,6.56,6.62,6.40,6.49,1297729,8418525.00
2024-04-12,6.53,6.53,6.34,6.44,1280152,8215656.00
2024-04-15,6.54,6.54,5.97,6.05,2559298,15769847.00
2024-04-16,6.02,6.03,5.68,5.84,1908060,11066710.00
2024-04-17,5.87,6.94,5.87,6.25,3560853,22856968.00
2024-04-18,6.00,6.24,5.91,6.12,1938167,11786875.00
2024-04-19,6.04,6.13,6.00,6.02,1158163,7013296.50
2024-04-22,5.98,6.09,5.92,5.97,701194,4204312.50
2024-04-23,5.90,6.05,5.90,5.99,755224,4507095.50
2024-04-24,6.03,6.04,5.90,6.02,575102,3442103.25
2024-04-25,5.94,6.06,5.94,6.01,587859,3530244.00
2024-04-26,5.95,6.14,5.94,6.11,740748,4486156.00
2024-04-29,6.18,6.27,6.12,6.25,1039098,6440632.00
2024-04-30,6.36,6.54,6.28,6.48,2244537,14473386.00
2024-05-06,6.50,6.86,6.34,6.67,2308922,15094128.00
2024-05-07,6.60,6.69,6.43,6.54,1919256,12517349.00
2024-05-08,6.60,6.75,6.46,6.48,1811938,11910100.00
2024-05-09,6.40,6.51,6.33,6.45,1379251,8876489.00
2024-05-10,6.46,6.46,6.27,6.28,972539,6171578.50
2024-05-13,6.30,6.30,6.07,6.13,864828,5336277.50
2024-05-14,6.16,6.20,6.00,6.02,806308,4898427.00
2024-05-15,6.02,6.05,5.93,5.96,827407,4946439.00
2024-05-16,6.00,6.07,5.94,5.98,472614,2834493.25
2024-05-17,5.93,6.06,5.90,6.01,583334,3484432.00
2024-05-20,6.01,6.08,5.90,5.97,609478,3636691.50
2024-05-21,5.98,5.98,5.81,5.87,378549,2234034.75
2024-05-22,5.90,6.06,5.81,6.03,1177683,7015706.50
2024-05-23,6.05,6.36,5.96,6.19,2216713,13744978.00
2024-05-24,6.08,6.20,5.98,5.98,1094190,6664277.50
2024-05-27,5.96,6.02,5.90,5.93,483116,2866199.75
2024-05-28,5.94,5.99,5.85,5.86,709867,4193914.50
2024-05-29,5.85,5.90,5.81,5.83,379154,2217048.50
2024-05-30,5.82,6.07,5.82,5.89,1232293,7366578.50
2024-05-31,5.82,5.93,5.82,5.83,816934,4769919.50
2024-06-03,5.87,5.87,5.70,5.79,493937,2856222.25
2024-06-04,5.73,5.86,5.73,5.75,284445,1642851.63
2024-06-05,5.82,5.82,5.68,5.70,390350,2235958.00
2024-06-06,5.70,5.75,5.23,5.30,1132874,6166276.00
2024-06-07,5.39,5.50,5.31,5.39,362626,1955075.13
2024-06-11,5.45,5.50,5.34,5.39,297373,1603860.50
2024-06-12,5.40,5.46,5.35,5.39,263010,1424204.13
2024-06-13,5.33,5.45,5.20,5.21,1037734,5483990.50
2024-06-14,5.21,5.21,5.12,5.12,374053,1927550.75
2024-06-17,5.05,5.13,4.90,4.92,1059926,5251792.00
2024-06-18,4.98,5.00,4.90,4.96,415242,2049547.63
2024-06-19,4.97,5.14,4.94,5.04,662961,3358929.75
2024-06-20,5.06,5.06,4.89,4.90,431372,2135938.25
2024-06-21,4.95,5.02,4.90,4.96,546909,2713472.50
2024-06-24,4.94,4.94,4.70,4.74,661456,3168552.50
2024-06-25,4.73,4.85,4.70,4.74,506215,2406722.00
2024-06-26,4.75,4.84,4.70,4.83,335630,1607005.13
2024-06-27,4.83,4.85,4.70,4.70,367302,1752538.50
2024-06-28,4.75,4.85,4.72,4.76,572827,2733231.50
2024-07-01,4.78,4.94,4.71,4.92,687021,3333424.50
2024-07-02,4.95,4.96,4.83,4.87,324123,1577944.63
2024-07-03,4.87,4.94,4.83,4.93,481850,2357935.50
2024-07-04,4.89,5.00,4.81,4.86,622719,3058237.50
2024-07-05,4.77,4.78,4.62,4.70,563203,2632768.75
2024-07-08,4.80,4.81,4.57,4.59,368102,1707333.63
2024-07-09,4.57,5.03,4.51,5.03,1775291,8579582.00
2024-07-10,5.29,5.88,5.12,5.22,3869238,20967708.00
2024-07-11,5.00,5.39,4.95,5.17,2375478,12346508.00
2024-07-12,5.22,5.35,5.01,5.06,1450179,7428338.50
2024-07-15,5.12,5.12,4.90,4.90,911648,4498605.00
2024-07-16,4.82,5.14,4.82,5.11,1482334,7397800.00
2024-07-17,5.11,5.64,5.09,5.59,4007165,21845004.00
2024-07-18,5.67,5.67,5.21,5.26,2739451,14730622.00
2024-07-19,5.20,5.45,5.18,5.26,1391755,7422146.00
2024-07-22,5.30,5.37,5.10,5.23,1349960,7046596.00
2024-07-23,5.28,5.50,5.18,5.47,2469435,13252591.00
2024-07-24,5.43,5.55,5.20,5.26,1853142,9904212.00
2024-07-25,5.25,5.37,5.00,5.23,793968,4165631.75
2024-07-26,5.19,5.30,5.19,5.21,651204,3403888.00
2024-07-29,5.27,5.27,5.03,5.04,920262,4691643.50
2024-07-30,5.06,5.13,4.98,5.07,667148,3369797.00
2024-07-31,5.11,5.17,5.01,5.16,1284235,6544938.50
2024-08-01,5.17,5.17,5.03,5.06,674569,3438816.00
2024-08-02,5.03,5.08,4.95,4.96,1000460,5014827.00
2024-08-05,4.94,4.98,4.76,4.76,747184,3632032.25
2024-08-06,4.80,4.86,4.76,4.84,388677,1867184.88
2024-08-07,4.83,4.88,4.78,4.78,333720,1604072.00
2024-08-08,4.83,4.87,4.76,4.81,464594,2241360.50
2024-08-09,4.80,4.87,4.78,4.81,370573,1784577.75
2024-08-12,4.91,5.26,4.86,5.23,3564466,18239680.00
2024-08-13,5.18,5.18,4.97,5.10,1567776,7908970.00
2024-08-14,5.06,5.15,4.92,4.97,1174236,5923008.50
2024-08-15,4.94,5.00,4.82,4.89,1423572,6931048.50
2024-08-16,4.86,4.94,4.84,4.87,500055,2435765.75
2024-08-19,4.87,4.92,4.84,4.88,535461,2612171.75
2024-08-20,4.88,5.06,4.86,4.94,800276,3950433.50
2024-08-21,4.98,4.98,4.85,4.87,352312,1725837.88
2024-08-22,4.92,4.92,4.80,4.82,470961,2277337.75
2024-08-23,4.80,4.85,4.73,4.74,367415,1751630.63
2024-08-26,4.78,4.81,4.51,4.76,353033,1650942.25
2024-08-27,4.73,4.77,4.62,4.64,404818,1887530.75
2024-08-28,4.66,4.78,4.62,4.78,311451,1468797.00
2024-08-29,4.77,4.80,4.67,4.76,630131,2981692.50
2024-08-30,4.75,4.89,4.73,4.85,643751,3112365.25
2024-09-02,4.86,4.87,4.74,4.75,238503,1145332.63
2024-09-03,4.79,4.79,4.72,4.76,161783,767935.00
2024-09-04,4.71,4.73,4.63,4.65,536607,2508036.75
2024-09-05,4.69,4.69,4.62,4.66,235553,1094323.88
2024-09-06,4.68,4.68,4.61,4.64,240093,1113560.50
2024-09-09,4.66,4.67,4.56,4.62,260271,1201905.63
2024-09-10,4.65,4.65,4.56,4.62,205364,944694.56
2024-09-11,4.64,4.66,4.50,4.53,502910,2299180.50
2024-09-12,4.57,4.57,4.48,4.50,289684,1309525.75
2024-09-13,4.56,4.68,4.50,4.63,632565,2899393.50
2024-09-18,4.60,4.62,4.52,4.60,218452,999022.50
2024-09-19,4.63,4.68,4.58,4.62,348870,1620100.75
2024-09-20,4.61,4.64,4.59,4.60,234039,1078199.13
2024-09-23,4.57,4.63,4.53,4.56,226821,1036842.38
2024-09-24,4.61,4.69,4.56,4.69,382091,1780688.75
2024-09-25,4.70,4.82,4.69,4.71,1195435,5677679.50
2024-09-26,4.72,4.77,4.66,4.77,734817,3470450.50
2024-09-27,4.79,5.30,4.79,5.26,2716518,13756951.00
2024-09-30,5.40,6.29,5.30,6.18,5441927,31611448.00
2024-10-08,7.50,7.75,6.31,7.30,7937918,56318576.00
2024-10-09,6.62,6.98,5.90,6.02,4277041,27576508.00
2024-10-10,6.11,6.35,5.91,5.95,2805787,17082260.00
2024-10-11,5.95,5.96,5.30,5.48,2489470,13940188.00
2024-10-14,5.48,5.75,5.42,5.68,1748786,9807724.00
2024-10-15,5.63,5.80,5.54,5.63,1759479,10023527.00
2024-10-16,5.53,5.76,5.48,5.64,1514959,8546823.00
2024-10-17,5.74,6.16,5.69,5.83,4163016,24544920.00
2024-10-18,5.85,6.58,5.76,6.29,6861832,42585132.00
2024-10-21,6.40,7.19,6.35,7.00,9794692,66785152.00
2024-10-22,7.05,7.50,6.40,7.10,11047593,77834848.00
2024-10-23,6.88,7.50,6.88,7.36,10124024,73359856.00
2024-10-24,7.21,7.68,7.16,7.64,10227226,76083728.00
2024-10-25,7.40,8.25,7.20,7.24,14248910,111282832.00
2024-10-28,7.19,7.63,7.19,7.60,7902418,58705812.00
2024-10-29,7.80,8.20,7.55,8.03,10792157,85801520.00
2024-10-30,8.00,8.83,7.80,8.62,12024115,100551680.00
2024-10-31,8.62,9.02,7.82,7.91,10579696,87503712.00
2024-11-01,7.71,9.77,7.50,8.65,16739266,141739632.00
2024-11-04,8.65,9.50,8.50,9.00,12219930,108916256.00
2024-11-05,9.02,9.88,8.70,9.83,16409432,154225168.00
2024-11-06,9.98,10.29,9.48,9.89,15626270,153794768.00
2024-11-07,9.92,10.61,9.62,10.43,13373589,136353152.00
2024-11-08,10.48,10.50,9.29,9.29,11342521,111939336.00
2024-11-11,9.20,9.54,8.82,9.39,6445885,58963488.00
2024-11-12,9.56,9.75,9.00,9.24,5677413,53338484.00
2024-11-13,9.17,9.23,8.49,9.08,5716485,50326196.00
2024-11-14,9.08,9.08,8.67,8.81,3624580,32273472.00
2024-11-15,8.78,9.06,8.53,8.85,5032228,44409248.00
2024-11-18,9.00,9.55,8.81,9.24,7932442,73262376.00
2024-11-19,9.14,9.23,7.88,8.65,7592085,65052968.00
2024-11-20,8.60,9.75,8.41,9.59,11533521,108108280.00
2024-11-21,9.46,10.85,9.22,10.10,15841958,160333072.00
2024-11-22,9.74,10.37,9.55,9.55,11676125,115798136.00
2024-11-25,9.82,9.99,9.30,9.97,6873811,66514360.00
2024-11-26,9.89,10.10,9.50,9.50,6009650,59074688.00
2024-11-27,9.30,9.34,8.53,9.31,6254581,56304252.00
2024-11-28,9.39,9.68,9.22,9.36,5978482,56546576.00
2024-11-29,9.26,9.47,8.90,9.26,6419703,59107464.00
2024-12-02,9.10,9.83,9.03,9.79,8256421,77835672.00
2024-12-03,9.79,9.79,9.79,9.79,0,0.00
#数据来源:通达信
