831010 凯添燃气 日线 不复权
      日期	    开盘	    最高	    最低	    收盘	    成交量	    成交额
2015-05-21,3.50,3.70,3.50,3.69,140000,517000.00
2015-05-29,3.50,3.50,3.50,3.50,150000,525000.00
2015-06-02,3.50,3.50,3.50,3.50,300000,1050000.00
2015-06-03,3.70,3.70,3.70,3.70,100000,370000.00
2015-06-25,3.50,3.75,3.50,3.75,1450000,5125000.00
2015-06-26,1.00,3.79,1.00,3.43,11851000,40603792.00
2015-07-03,3.50,3.50,3.50,3.50,7500,26250.00
2015-07-06,4.88,7.00,4.88,5.65,12000,66980.00
2015-07-09,7.00,7.00,7.00,7.00,3000,21000.00
2015-07-10,8.00,8.00,8.00,8.00,500000,4000000.00
2015-07-29,7.10,7.10,7.10,7.10,1000,7100.00
2015-07-31,7.00,7.00,7.00,7.00,2000,14000.00
2015-08-06,7.00,7.00,7.00,7.00,8000,56000.00
2015-08-07,7.00,8.00,7.00,7.38,8000,59000.00
2015-08-10,8.00,8.00,8.00,8.00,4000,32000.00
2015-08-11,8.00,8.00,8.00,8.00,20000,160000.00
2015-08-12,5.00,8.00,5.00,8.00,301000,1508000.00
2015-08-13,7.50,7.50,7.50,7.50,1000,7500.00
2015-08-14,8.10,8.10,8.10,8.10,2000,16200.00
2015-08-17,5.00,7.90,5.00,5.03,253000,1273700.00
2015-08-19,8.50,8.50,8.50,8.50,1000,8500.00
2015-08-21,8.50,8.50,8.50,8.50,1000,8500.00
2015-08-25,4.00,8.50,4.00,8.50,202000,817000.00
2015-08-26,8.00,8.00,8.00,8.00,200000,1600000.00
2015-08-27,7.00,8.60,7.00,7.17,602000,4317200.00
2015-08-28,8.60,8.60,8.60,8.60,1000,8600.00
2015-08-31,8.07,9.00,8.07,8.86,24000,212710.00
2015-09-02,8.88,8.88,8.88,8.88,10000,88800.00
2015-09-07,8.80,8.81,8.80,8.81,20000,176100.00
2015-09-08,5.00,8.90,5.00,8.90,202000,1017800.00
2015-09-16,8.50,8.50,8.50,8.50,3000,25500.00
2015-09-18,9.52,9.52,7.83,8.15,68000,562480.00
2015-09-21,8.15,8.18,7.67,7.79,146000,1157260.00
2015-09-22,7.98,8.05,7.60,8.05,93000,733810.00
2015-09-23,8.04,8.10,7.50,7.70,162000,1259840.00
2015-09-24,7.73,8.00,7.70,7.91,445000,3455440.00
2015-09-25,7.89,8.03,7.70,8.02,33000,261390.00
2015-09-28,7.94,8.07,7.70,8.07,54000,426230.00
2015-09-29,7.82,7.99,7.82,7.99,58000,457210.00
2015-09-30,8.03,8.10,7.76,8.10,45000,357210.00
2015-10-08,8.15,8.20,7.83,8.20,14000,113640.00
2015-10-09,8.00,8.14,7.81,7.81,38000,301250.00
2015-10-12,8.05,8.11,7.86,8.05,77000,612600.00
2016-01-12,8.05,8.19,7.80,8.19,29000,235570.00
2016-01-13,7.80,8.19,7.75,8.10,20000,159010.00
2016-01-14,8.10,8.10,7.70,8.02,18000,143210.00
2016-01-15,7.79,8.02,7.58,7.87,28000,218070.00
2016-01-18,7.48,7.48,6.99,7.00,23000,167090.00
2016-01-19,7.30,7.34,7.04,7.20,18000,130030.00
2016-01-20,7.22,7.38,7.22,7.38,11000,80270.00
2016-01-21,7.40,7.40,6.98,7.20,22000,156610.00
2016-01-22,7.19,7.23,6.95,6.95,12000,85530.00
2016-01-25,7.05,7.06,7.05,7.06,9000,63490.00
2016-01-26,7.07,7.08,7.05,7.05,10000,70610.00
2016-01-27,7.08,7.08,7.00,7.08,20000,141170.00
2016-01-28,7.07,7.13,6.89,7.07,17000,119910.00
2016-01-29,7.07,7.10,6.85,7.06,10000,70290.00
2016-02-01,7.09,7.34,6.83,7.17,66000,467180.00
2016-02-02,7.19,7.27,6.82,7.26,77000,544980.00
2016-02-03,7.27,7.33,6.93,7.20,59000,422010.00
2016-02-04,7.30,7.30,6.97,6.98,40000,286300.00
2016-02-05,7.10,7.30,6.97,7.28,42000,299650.00
2016-02-15,7.30,7.30,7.05,7.30,7000,50850.00
2016-02-16,7.30,7.39,7.30,7.39,15000,109910.00
2016-02-17,7.40,7.50,7.18,7.50,12000,88580.00
2016-02-18,7.79,7.79,7.44,7.44,4000,30180.00
2016-02-19,7.20,7.50,7.14,7.47,35000,257210.00
2016-02-22,7.49,7.53,7.16,7.50,41000,303590.00
2016-02-23,7.54,7.54,7.19,7.53,50000,369600.00
2016-02-24,7.52,7.53,7.26,7.50,25000,185190.00
2016-02-25,7.50,7.59,7.26,7.55,50000,374860.00
2016-02-26,7.59,7.66,7.31,7.66,23000,175030.00
2016-02-29,7.59,7.73,7.59,7.63,16000,122760.00
2016-03-01,7.77,7.77,7.42,7.46,17000,129270.00
2016-03-02,7.40,7.68,7.40,7.68,9000,67440.00
2016-03-03,7.68,7.68,7.40,7.40,11000,82700.00
2016-03-04,7.30,7.30,7.28,7.28,3000,21880.00
2016-03-07,7.22,7.30,6.99,6.99,26000,184950.00
2016-03-08,7.36,7.36,7.00,7.20,18000,128240.00
2016-03-09,6.90,7.27,6.90,7.00,10000,70960.00
2016-03-10,6.94,7.20,6.86,6.86,16000,112300.00
2016-03-11,6.86,7.11,6.80,6.90,20000,139010.00
2016-03-14,6.85,7.02,6.84,7.02,11000,76040.00
2016-03-15,7.00,7.05,6.80,6.90,12000,83090.00
2016-03-16,6.90,7.04,6.73,7.04,9000,62060.00
2016-03-17,6.70,6.99,6.70,6.99,9000,61170.00
2016-03-18,6.66,6.89,6.64,6.89,15000,101630.00
2016-03-21,6.89,7.01,6.68,7.00,41000,282400.00
2016-03-22,7.00,7.37,6.85,7.37,56000,398470.00
2016-03-23,7.37,7.41,7.04,7.41,119000,855510.00
2016-03-24,7.10,7.53,7.10,7.53,30000,221280.00
2016-03-25,7.25,7.72,7.25,7.72,33000,250810.00
2016-03-28,7.72,7.89,7.54,7.89,21000,163140.00
2016-03-29,7.92,8.26,7.92,8.26,18000,145370.00
2016-03-30,8.00,8.32,7.99,8.32,32000,260060.00
2016-03-31,8.35,8.35,7.96,7.96,13000,105540.00
2016-04-01,7.95,7.95,7.50,7.50,23000,176690.00
2016-04-05,7.50,7.70,7.21,7.21,46000,338510.00
2016-04-06,7.21,7.38,7.13,7.22,32000,229310.00
2016-04-07,7.22,7.38,7.01,7.03,36000,257080.00
2016-04-08,7.03,7.30,6.96,6.96,25000,175340.00
2016-04-11,6.96,7.10,6.58,6.88,92000,626570.00
2016-04-12,6.88,6.95,6.88,6.95,9000,62160.00
2016-04-13,6.95,7.13,6.46,6.69,51000,342380.00
2016-04-14,6.69,6.70,6.50,6.50,12000,79380.00
2016-04-15,6.59,6.90,6.59,6.90,15000,101320.00
2016-04-18,6.90,6.98,6.47,6.47,98000,645460.00
2016-04-19,6.57,6.73,6.47,6.70,40000,262480.00
2016-04-20,6.69,6.69,6.55,6.63,68000,451870.00
2016-04-21,6.68,6.69,6.32,6.56,65000,423290.00
2016-04-22,6.76,6.76,6.76,6.76,1000,6760.00
2016-04-25,6.46,6.71,6.46,6.62,24000,158310.00
2016-04-26,6.70,6.89,6.65,6.85,35000,237020.00
2016-04-27,6.89,6.93,6.51,6.69,74000,499880.00
2016-04-28,6.83,6.92,6.50,6.68,129000,865360.00
2016-04-29,2.69,2.77,2.62,2.68,161000,426150.00
2016-05-03,2.68,2.68,2.68,2.68,2000,5360.00
2016-05-04,2.60,2.60,2.46,2.51,53000,134380.00
2016-05-05,2.55,2.56,2.40,2.45,64000,157000.00
2016-05-06,2.47,2.63,2.47,2.60,201000,508990.00
2016-05-09,2.60,2.86,2.60,2.82,300000,836970.00
2016-05-10,2.80,2.84,2.80,2.84,31000,87190.00
2016-05-11,2.78,2.83,2.78,2.82,16000,44950.00
2016-05-12,2.73,2.81,2.73,2.81,74000,203230.00
2016-05-13,2.75,2.76,2.75,2.75,31000,85360.00
2016-05-16,2.80,2.80,2.76,2.79,75000,208480.00
2016-05-17,2.76,2.76,2.75,2.75,33000,90830.00
2016-05-18,2.82,2.82,2.82,2.82,12000,33840.00
2016-05-19,2.80,2.80,2.77,2.77,30000,83350.00
2016-05-20,2.80,2.80,2.80,2.80,8000,22400.00
2016-05-23,2.85,2.85,2.85,2.85,2000,5700.00
2016-05-24,2.85,2.85,2.85,2.85,3000,8550.00
2016-05-25,2.75,2.81,2.75,2.80,110000,307750.00
2016-05-26,2.73,2.73,2.73,2.73,1000,2730.00
2016-05-27,2.79,2.82,2.79,2.82,7000,19650.00
2016-05-30,2.85,2.85,2.85,2.85,5000,14250.00
2016-05-31,2.86,2.86,2.86,2.86,20000,57200.00
2016-06-01,2.80,2.82,2.80,2.80,31500,88600.00
2016-06-02,2.85,2.86,2.82,2.86,15000,42700.00
2016-06-03,2.88,2.90,2.87,2.89,67000,193570.00
2016-06-06,2.91,2.95,2.91,2.91,32000,93930.00
2016-06-07,2.98,2.99,2.98,2.99,30000,89600.00
2016-06-08,3.06,3.09,3.02,3.02,80500,246890.00
2016-06-13,3.10,3.13,3.07,3.07,54000,167600.00
2016-06-14,3.10,3.18,3.07,3.07,90000,278400.00
2016-06-15,3.16,3.21,3.16,3.16,10000,31690.00
2016-06-16,3.07,3.11,3.01,3.01,18000,55080.00
2016-06-17,3.00,3.06,3.00,3.06,53000,162100.00
2016-06-20,3.08,3.09,3.08,3.09,20000,61700.00
2016-06-22,3.13,3.13,3.09,3.09,3000,9350.00
2016-06-23,3.06,3.09,3.06,3.08,35000,107910.00
2016-06-30,3.10,3.11,3.04,3.10,10000,30870.00
2016-07-01,3.04,3.04,3.04,3.04,2000,6080.00
2016-07-04,3.00,3.00,2.99,2.99,41000,122990.00
2016-07-05,2.90,2.90,2.90,2.90,10000,29000.00
2016-07-07,3.00,3.00,3.00,3.00,1000,3000.00
2016-07-11,2.89,2.89,2.85,2.85,10000,28590.00
2016-07-12,2.94,2.95,2.94,2.95,2000,5890.00
2016-07-26,2.93,2.93,2.93,2.93,1000,2930.00
2016-07-28,2.81,2.81,2.80,2.80,10000,28040.00
2016-07-29,2.83,2.85,2.80,2.80,13000,36580.00
2016-08-01,2.78,2.85,2.77,2.85,21000,58350.00
2016-08-03,2.88,2.88,2.88,2.88,2000,5760.00
2016-08-04,2.88,2.89,2.80,2.80,49000,139520.00
2016-08-05,2.80,2.80,2.80,2.80,2000,5600.00
2016-08-08,2.88,2.88,2.80,2.80,12000,33760.00
2016-08-09,2.76,2.80,2.76,2.80,3000,8320.00
2016-08-11,2.71,2.71,2.68,2.68,5000,13520.00
2016-08-18,2.60,2.60,2.56,2.56,6000,15510.00
2016-08-22,2.60,2.60,2.60,2.60,2000,5200.00
2016-08-24,2.51,2.51,2.51,2.51,10000,25100.00
2016-08-25,2.50,2.50,2.50,2.50,10000,25000.00
2016-08-26,2.58,2.64,2.58,2.64,8000,20900.00
2016-08-29,2.56,2.60,2.55,2.58,20000,51330.00
2016-09-01,2.54,2.54,2.53,2.53,11000,27930.00
2016-09-02,2.50,2.50,2.50,2.50,3000,7500.00
2016-09-06,2.48,2.55,2.48,2.55,10000,24870.00
2016-09-07,2.59,2.59,2.49,2.58,38000,97210.00
2016-09-08,2.49,2.49,2.49,2.49,10000,24900.00
2016-09-12,2.48,2.52,2.48,2.52,5000,12480.00
2016-09-13,2.46,2.49,2.46,2.48,14000,34810.00
2016-09-14,2.50,2.50,2.45,2.45,6000,14850.00
2016-09-19,2.46,2.53,2.42,2.48,52000,129150.00
2016-09-21,2.46,2.52,2.45,2.52,40000,99300.00
2016-09-26,2.46,2.46,2.46,2.46,10000,24600.00
2016-09-27,2.45,2.45,2.43,2.43,15000,36660.00
2016-09-28,2.43,2.44,2.43,2.44,5000,12190.00
2016-09-29,2.35,2.35,2.29,2.29,30000,69760.00
2016-09-30,2.35,2.36,2.35,2.36,9000,21230.00
2016-10-10,2.30,2.30,2.25,2.25,14000,31830.00
2016-10-11,2.28,2.33,2.28,2.33,4000,9180.00
2016-10-12,2.26,2.26,2.25,2.25,10000,22560.00
2016-10-13,2.21,2.23,2.20,2.23,4000,8850.00
2016-10-14,2.17,2.21,2.17,2.21,8000,17490.00
2016-10-17,2.15,2.15,2.00,2.00,54000,112230.00
2016-10-18,1.97,2.03,1.95,2.03,18500,36860.00
2016-10-19,1.98,1.98,1.98,1.98,3000,5940.00
2016-10-20,1.93,1.93,1.93,1.93,1000,1930.00
2016-10-21,2.02,2.03,2.02,2.03,4000,8090.00
2016-10-24,1.95,1.95,1.95,1.95,5000,9750.00
2016-10-26,1.95,1.98,1.95,1.98,13000,25440.00
2016-10-27,1.95,1.98,1.95,1.95,17000,33240.00
2016-10-31,1.95,1.95,1.92,1.92,12000,23360.00
2016-11-01,1.95,1.95,1.92,1.92,5000,9630.00
2016-11-02,1.92,1.92,1.90,1.90,29000,55420.00
2016-11-03,1.93,1.93,1.93,1.93,2000,3860.00
2016-11-04,1.88,1.88,1.88,1.88,10000,18800.00
2016-11-07,1.85,1.85,1.81,1.81,25000,45730.00
2016-11-08,1.80,1.80,1.77,1.77,5000,8930.00
2016-11-09,1.74,1.75,1.64,1.70,23000,39040.00
2016-11-10,1.68,1.69,1.54,1.54,75000,120670.00
2016-11-11,1.56,1.61,1.50,1.54,41000,64070.00
2016-11-14,1.48,1.48,1.39,1.44,104000,149220.00
2016-11-15,1.45,1.57,1.36,1.41,146000,208680.00
2016-11-16,1.43,1.44,1.37,1.44,25000,34940.00
2016-11-17,1.45,1.47,1.45,1.47,6000,8740.00
2016-11-18,1.50,1.54,1.47,1.54,35000,52430.00
2016-11-21,1.55,1.55,1.53,1.53,4000,6180.00
2016-11-22,1.53,1.54,1.45,1.48,30000,44940.00
2016-11-23,1.43,1.51,1.43,1.51,26500,38335.00
2016-11-24,1.49,1.50,1.40,1.50,44000,63980.00
2016-11-25,1.45,1.50,1.42,1.50,23000,33380.00
2016-11-28,1.46,1.56,1.43,1.56,20000,29730.00
2016-11-29,1.58,1.60,1.44,1.46,104000,155950.00
2016-11-30,1.58,1.62,1.41,1.55,105000,160010.00
2016-12-01,1.52,1.68,1.51,1.55,138000,220260.00
2016-12-02,1.58,1.68,1.58,1.68,30000,49530.00
2016-12-05,1.65,1.70,1.63,1.69,135000,224450.00
2016-12-06,1.69,1.70,1.62,1.70,52000,85700.00
2016-12-07,1.68,1.73,1.62,1.71,210000,351110.00
2016-12-08,1.70,1.72,1.60,1.72,222000,368480.00
2016-12-09,1.71,1.89,1.68,1.88,119000,210090.00
2016-12-12,1.88,1.88,1.67,1.87,33000,58250.00
2016-12-13,1.76,2.10,1.71,2.10,159000,302280.00
2016-12-14,2.00,2.08,1.98,2.06,15000,30650.00
2016-12-15,2.01,2.05,1.87,2.05,41000,79890.00
2016-12-16,1.96,2.17,1.96,2.05,80000,164200.00
2016-12-19,2.00,2.08,1.98,2.08,17000,34290.00
2016-12-20,2.07,2.17,2.04,2.12,123000,258050.00
2016-12-21,2.08,2.22,2.08,2.22,73000,157200.00
2016-12-22,2.12,2.35,2.12,2.35,43000,95690.00
2016-12-23,2.35,2.52,2.35,2.52,20000,48570.00
2016-12-26,2.40,2.52,2.40,2.52,17000,42050.00
2016-12-27,2.54,2.61,2.50,2.55,26000,66230.00
2016-12-28,2.48,2.61,2.46,2.61,32000,82530.00
2016-12-29,2.62,2.66,2.48,2.66,83000,215850.00
2016-12-30,2.65,2.75,2.55,2.75,38500,103250.00
2017-01-03,2.65,2.65,2.65,2.65,5000,13250.00
2017-01-04,2.62,2.70,2.62,2.70,2000,5320.00
2017-01-05,2.71,2.71,2.71,2.71,2000,5420.00
2017-01-06,2.62,2.62,2.50,2.50,12000,30660.00
2017-01-09,2.48,2.48,2.48,2.48,1000,2480.00
2017-01-10,2.47,2.47,2.43,2.43,2500,6135.00
2017-01-11,2.50,2.50,2.50,2.50,1000,2500.00
2017-01-20,2.50,2.50,2.50,2.50,1000,2500.00
2017-02-03,2.50,2.55,2.50,2.55,6000,15050.00
2017-02-09,2.43,2.43,2.43,2.43,1000,2430.00
2017-02-10,2.53,2.53,2.53,2.53,1000,2530.00
2017-02-13,2.54,2.54,2.54,2.54,4000,10160.00
2017-02-16,2.55,2.55,2.55,2.55,1000,2550.00
2017-02-21,2.55,2.57,2.55,2.57,3000,7670.00
2017-02-24,2.46,2.46,2.46,2.46,1000,2460.00
2017-03-01,2.55,2.55,2.55,2.55,1000,2550.00
2017-03-02,2.55,2.55,2.55,2.55,1000,2550.00
2017-03-03,2.55,2.55,2.55,2.55,1000,2550.00
2017-03-08,2.43,2.43,2.43,2.43,1000,2430.00
2017-03-10,2.43,2.43,2.43,2.43,2000,4860.00
2017-03-13,2.55,2.55,2.55,2.55,1000,2550.00
2017-03-14,2.43,2.55,2.43,2.55,12000,30220.00
2017-03-15,2.45,2.45,2.45,2.45,1000,2450.00
2017-03-16,2.43,2.43,2.43,2.43,1000,2430.00
2017-03-17,2.53,2.53,2.53,2.53,1000,2530.00
2017-03-20,2.55,2.55,2.55,2.55,1000,2550.00
2017-03-21,2.55,2.55,2.55,2.55,1000,2550.00
2017-03-22,2.43,2.43,2.43,2.43,1000,2430.00
2017-03-23,2.55,2.60,2.48,2.48,9000,22740.00
2017-03-24,2.54,2.55,2.45,2.48,18000,45020.00
2017-03-27,2.53,2.53,2.53,2.53,1000,2530.00
2017-03-28,2.55,2.55,2.41,2.55,18000,44190.00
2017-03-29,2.51,2.62,2.51,2.62,16000,40970.00
2017-03-30,2.55,2.62,2.55,2.62,4000,10340.00
2017-03-31,2.63,2.63,2.63,2.63,1000,2630.00
2017-04-05,2.63,2.63,2.63,2.63,1000,2630.00
2017-04-06,2.65,2.65,2.65,2.65,1000,2650.00
2017-04-07,2.65,2.65,2.65,2.65,1000,2650.00
2017-04-10,2.65,2.65,2.65,2.65,1000,2650.00
2017-04-11,2.65,2.65,2.65,2.65,7000,18550.00
2017-04-12,2.65,2.66,2.57,2.66,7000,18420.00
2017-04-13,2.67,2.69,2.63,2.69,14000,37430.00
2017-04-14,2.69,2.72,2.69,2.72,6000,16290.00
2017-04-18,2.74,2.74,2.62,2.65,12000,31800.00
2017-04-20,2.67,2.73,2.67,2.73,27000,72890.00
2017-04-21,2.65,2.75,2.65,2.75,8000,21700.00
2017-06-12,2.75,3.00,2.75,2.99,972000,2908750.00
2017-06-14,3.00,3.00,3.00,3.00,203500,610500.00
2017-06-15,3.20,3.68,3.20,3.56,158500,563130.00
2017-06-16,3.30,3.60,3.30,3.60,3030000,10907120.00
2017-06-19,3.60,3.61,3.60,3.60,760200,2736930.00
2017-06-20,3.61,3.61,3.61,3.61,8000,28880.00
2017-06-22,3.60,3.60,3.60,3.60,8330000,29988000.00
2017-06-23,3.60,3.60,3.60,3.60,8680000,31248000.00
2017-06-29,3.61,3.61,3.61,3.61,5000,18050.00
2017-07-03,4.00,4.00,3.60,3.99,8369000,30137580.00
2017-07-06,4.00,4.00,4.00,4.00,29000,116000.00
2017-07-07,3.60,3.60,3.60,3.60,4620000,16632000.00
2017-07-10,4.00,4.00,4.00,4.00,25000,100000.00
2017-07-12,4.00,4.00,4.00,4.00,1000,4000.00
2017-07-13,4.00,4.00,4.00,4.00,16000,64000.00
2018-01-15,3.01,3.01,3.01,3.01,14000,42140.00
2018-04-13,3.01,3.01,3.01,3.01,8000,24080.00
2018-08-24,3.00,3.00,3.00,3.00,1000,3000.00
2018-08-27,1.60,1.60,1.60,1.60,1000,1600.00
2018-08-28,1.60,1.60,1.60,1.60,2000,3200.00
2018-08-29,1.60,1.60,1.60,1.60,1000,1600.00
2018-08-30,1.26,1.26,1.26,1.26,1000,1260.00
2018-09-04,1.60,1.60,1.60,1.60,1000,1600.00
2018-10-11,1.60,1.60,1.60,1.60,1044500,1044500.00
2018-12-11,2.50,2.50,2.50,2.50,1000,2500.00
2018-12-13,2.50,2.50,2.50,2.50,1550000,6200000.00
2019-02-01,2.50,2.50,2.50,2.50,2990000,11960000.00
2019-02-13,2.50,2.50,2.50,2.50,1000,2500.00
2019-05-09,5.00,5.00,5.00,5.00,1000,5000.00
2019-05-27,5.00,5.00,5.00,5.00,200000,900000.00
2020-02-26,5.00,5.00,5.00,5.00,1000,5000.00
2020-02-28,5.00,5.00,4.99,4.99,10000,49910.00
2020-03-16,4.00,4.00,4.00,4.00,4000,16000.00
2020-03-23,4.00,4.00,4.00,4.00,2000,8000.00
2020-03-31,4.00,4.00,4.00,4.00,500000,2100000.00
2020-04-01,4.00,4.00,4.00,4.00,1300000,5460000.00
2020-04-02,4.50,4.50,4.50,4.50,1000,4500.00
2020-04-03,4.30,4.30,4.30,4.30,1100,4730.00
2020-04-16,4.30,4.30,4.30,4.30,3050000,12810000.00
2020-04-17,4.30,4.30,4.30,4.30,2110000,8862000.00
2020-04-20,4.30,4.30,4.30,4.30,100000,420000.00
2020-04-21,4.95,5.05,4.95,5.01,2591000,10890970.00
2020-04-22,4.72,4.82,4.72,4.82,346400,1531284.00
2020-04-23,4.90,5.01,4.90,5.01,111700,558476.94
2020-04-24,5.08,5.21,5.08,5.21,1505800,6424098.00
2020-04-27,5.72,5.87,5.53,5.53,263400,1498596.75
2020-04-28,5.60,5.78,5.59,5.78,470200,2590109.00
2020-04-29,5.94,5.94,5.80,5.80,134700,792931.75
2020-04-30,5.85,5.85,5.79,5.83,441900,2577792.25
2020-05-07,5.83,5.83,5.83,5.83,100000,470000.00
2020-05-08,5.79,5.79,5.77,5.77,200,1156.00
2020-05-11,5.21,5.22,5.17,5.18,44200,230369.23
2020-05-12,4.00,4.40,4.00,4.40,500300,2251260.00
2020-05-13,3.60,5.19,3.60,5.19,9200,38949.00
2020-05-14,5.19,5.19,5.17,5.17,19000,98801.36
2020-05-15,5.06,5.06,5.06,5.06,2000,10120.00
2020-05-18,4.84,4.84,4.84,4.84,10000,48400.00
2020-05-19,5.16,5.16,5.15,5.15,11400,58734.00
2020-05-20,5.02,5.02,5.02,5.02,10000,50200.00
2020-05-25,5.17,5.17,5.16,5.16,4300,22722.83
2020-05-26,5.18,5.22,5.18,5.18,36600,190413.63
2020-05-27,5.16,5.16,5.14,5.14,11000,56630.00
2020-07-27,4.84,4.92,3.35,4.09,10042700,40936424.00
2020-07-28,3.99,4.10,3.74,4.10,5592900,21936450.00
2020-07-29,4.08,4.46,4.01,4.31,6406000,27521836.00
2020-07-30,4.34,4.43,4.23,4.25,3459500,14922207.00
2020-07-31,4.25,4.28,4.16,4.26,2646900,11128753.00
2020-08-03,4.30,4.33,4.26,4.28,2367300,10133080.00
2020-08-04,4.30,4.32,4.18,4.20,1582700,6706151.50
2020-08-05,4.26,4.26,4.15,4.18,1273300,5321251.00
2020-08-06,4.20,4.20,4.02,4.11,1256200,5147089.00
2020-08-07,4.06,4.10,3.98,4.02,1174200,4736301.50
2020-08-10,4.00,4.03,3.93,4.01,1044000,4154448.00
2020-08-11,3.98,4.01,3.92,3.93,1276400,5049186.50
2020-08-12,3.92,3.94,3.89,3.92,630400,2466877.00
2020-08-13,3.94,3.94,3.90,3.91,785700,3076210.50
2020-08-14,3.91,3.93,3.84,3.90,756000,2935731.00
2020-08-17,3.92,3.92,3.86,3.90,1017600,3946104.00
2020-08-18,3.88,3.89,3.85,3.87,646500,2499853.00
2020-08-19,3.86,3.88,3.84,3.86,554500,2139357.75
2020-08-20,3.83,3.86,3.83,3.85,331200,1274264.38
2020-08-21,3.85,3.88,3.77,3.79,1358200,5159354.00
2020-08-24,3.77,3.78,3.68,3.69,1670800,6212331.00
2020-08-25,3.67,3.69,3.61,3.64,1416300,5172004.50
2020-08-26,3.63,3.83,3.63,3.74,1257600,4739107.50
2020-08-27,3.75,3.77,3.70,3.76,234100,876133.19
2020-08-28,3.73,3.79,3.73,3.79,324800,1225184.25
2020-08-31,3.80,3.81,3.72,3.79,415800,1573647.25
2020-09-01,3.80,3.81,3.77,3.79,359400,1359354.75
2020-09-02,3.78,3.78,3.72,3.72,507200,1895711.88
2020-09-03,3.72,3.73,3.69,3.71,268900,997741.50
2020-09-04,3.69,3.73,3.65,3.68,549300,2012899.38
2020-09-07,3.68,3.71,3.64,3.65,253600,930099.88
2020-09-08,3.64,3.66,3.60,3.63,617600,2233943.50
2020-09-09,3.62,3.66,3.58,3.59,531600,1911370.25
2020-09-10,3.59,3.61,3.53,3.55,590400,2110874.50
2020-09-11,3.54,3.65,3.54,3.63,305800,1097030.50
2020-09-14,3.60,3.65,3.58,3.64,220100,798759.00
2020-09-15,3.65,3.66,3.62,3.65,161300,588717.13
2020-09-16,3.68,3.68,3.62,3.64,69800,253698.11
2020-09-17,3.64,3.64,3.61,3.64,85800,311789.47
2020-09-18,3.61,3.64,3.61,3.64,154700,561455.06
2020-09-21,3.63,3.65,3.61,3.63,159600,579338.94
2020-09-22,3.61,3.63,3.60,3.63,147600,534006.50
2020-09-23,3.63,3.63,3.60,3.63,100100,362180.97
2020-09-24,3.62,3.63,3.56,3.62,136400,491958.03
2020-09-25,3.56,3.61,3.56,3.60,78900,282750.00
2020-09-28,3.58,3.59,3.54,3.58,210100,749339.50
2020-09-29,3.56,3.57,3.53,3.53,184800,655307.13
2020-09-30,3.53,3.56,3.52,3.55,114000,403002.50
2020-10-09,3.59,3.66,3.55,3.65,318900,1153919.88
2020-10-12,3.64,3.76,3.64,3.75,729200,2706826.00
2020-10-13,3.75,3.85,3.73,3.84,872500,3314771.50
2020-10-14,3.84,3.86,3.82,3.84,657500,2525158.00
2020-10-15,3.83,3.84,3.76,3.78,222500,849696.00
2020-10-16,3.79,3.87,3.77,3.82,456400,1748504.00
2020-10-19,3.82,3.87,3.82,3.84,524600,2019003.00
2020-10-20,3.83,3.84,3.78,3.79,314000,1192959.25
2020-10-21,3.79,3.80,3.76,3.77,123100,464921.63
2020-10-22,3.77,3.80,3.77,3.80,78400,296333.22
2020-10-23,3.80,3.80,3.75,3.76,169400,639628.31
2020-10-26,3.74,3.74,3.63,3.68,399500,1752903.75
2020-10-27,3.68,3.72,3.66,3.70,59000,217078.58
2020-10-28,3.70,3.75,3.67,3.72,108400,402107.56
2020-10-29,3.69,3.72,3.67,3.69,183700,677914.31
2020-10-30,3.69,3.72,3.66,3.66,132000,486248.13
2020-11-02,3.66,3.67,3.59,3.63,266700,965067.69
2020-11-03,3.60,3.65,3.60,3.63,294700,1066019.75
2020-11-04,3.61,3.65,3.55,3.59,579700,2076059.88
2020-11-05,3.57,3.61,3.57,3.61,128900,464053.22
2020-11-06,3.61,3.62,3.60,3.61,91800,331253.72
2020-11-09,3.63,3.65,3.61,3.65,141900,514853.47
2020-11-10,3.65,3.65,3.60,3.61,175400,635671.75
2020-11-11,3.59,3.63,3.58,3.61,184500,663504.56
2020-11-12,3.60,3.62,3.59,3.61,125800,453545.22
2020-11-13,3.59,3.62,3.58,3.60,178500,642138.44
2020-11-16,3.59,3.62,3.58,3.59,224400,805434.88
2020-11-17,3.59,3.61,3.57,3.59,168000,602339.25
2020-11-18,3.57,3.61,3.56,3.61,135400,484460.03
2020-11-19,3.60,3.60,3.58,3.60,58000,208292.30
2020-11-20,3.58,3.61,3.58,3.59,82500,296664.63
2020-11-23,3.59,3.60,3.57,3.60,182400,654671.50
2020-11-24,3.61,3.61,3.57,3.58,144300,517158.09
2020-11-25,3.58,3.60,3.57,3.59,132800,475587.19
2020-11-26,3.57,3.59,3.56,3.58,195000,696372.25
2020-11-27,3.56,3.58,3.56,3.58,376200,1100285.75
2020-11-30,3.68,3.73,3.62,3.64,953900,3497243.75
2020-12-01,3.64,3.80,3.61,3.78,1564400,5825493.50
2020-12-02,3.78,3.78,3.67,3.70,840600,3128554.25
2020-12-03,3.70,3.70,3.66,3.69,295400,1085573.38
2020-12-04,3.69,3.73,3.64,3.71,331900,1225099.50
2020-12-07,3.71,3.74,3.70,3.72,258000,958876.38
2020-12-08,3.70,3.72,3.65,3.67,251600,923536.88
2020-12-09,3.65,3.70,3.65,3.68,78300,286733.69
2020-12-10,3.66,3.68,3.65,3.66,81000,296304.00
2020-12-11,3.65,3.66,3.57,3.62,376300,1355747.25
2020-12-14,3.59,3.62,3.59,3.60,126400,455025.94
2020-12-15,3.59,3.63,3.57,3.59,92400,331911.34
2020-12-16,3.59,3.60,3.58,3.59,127000,455925.78
2020-12-17,3.59,3.62,3.58,3.61,119000,428681.50
2020-12-18,3.60,3.63,3.59,3.61,171600,618975.63
2020-12-21,3.63,3.73,3.60,3.67,383600,1399244.75
2020-12-22,3.69,3.69,3.59,3.60,150700,546587.75
2020-12-23,3.62,3.62,3.54,3.59,442600,1583497.88
2020-12-24,3.59,3.59,3.55,3.58,335700,1195491.13
2020-12-25,3.57,3.59,3.55,3.57,194600,693771.25
2020-12-28,3.55,3.59,3.55,3.57,250700,891875.06
2020-12-29,3.56,3.58,3.56,3.56,90500,323135.75
2020-12-30,3.55,3.58,3.55,3.58,53800,191778.47
2020-12-31,3.59,3.60,3.56,3.59,118500,424991.09
2021-01-04,3.59,3.61,3.56,3.56,193200,691820.06
2021-01-05,3.57,3.58,3.55,3.57,404000,1174273.75
2021-01-06,3.57,3.57,3.54,3.56,292100,1036932.31
2021-01-07,3.55,3.56,3.50,3.50,459100,1620067.50
2021-01-08,3.50,3.52,3.43,3.45,762700,2641789.50
2021-01-11,3.45,3.48,3.38,3.40,288100,986310.31
2021-01-12,3.40,3.41,3.35,3.40,311000,1052439.00
2021-01-13,3.39,3.46,3.36,3.42,458400,1555492.50
2021-01-14,3.37,3.46,3.36,3.44,425700,1444818.63
2021-01-15,3.41,3.48,3.40,3.43,154700,532890.38
2021-01-18,3.44,3.50,3.43,3.48,138600,481795.13
2021-01-19,3.46,3.51,3.43,3.49,163300,566236.31
2021-01-20,3.46,3.53,3.46,3.51,205100,720580.19
2021-01-21,3.52,3.53,3.48,3.51,136300,477882.78
2021-01-22,3.51,3.53,3.47,3.52,146200,511986.19
2021-01-25,3.55,3.56,3.41,3.50,300200,1044896.75
2021-01-26,3.44,3.48,3.40,3.41,255100,876453.19
2021-01-27,3.41,3.45,3.38,3.40,318500,1083759.63
2021-01-28,3.38,3.40,3.36,3.40,137200,463987.97
2021-01-29,3.42,3.42,3.37,3.41,453900,1813228.50
2021-02-01,3.38,3.45,3.38,3.42,138900,475483.56
2021-02-02,3.41,3.43,3.41,3.42,67300,230358.38
2021-02-03,3.41,3.42,3.38,3.38,157100,533805.75
2021-02-04,3.38,3.38,3.34,3.37,274800,920953.19
2021-02-05,3.35,3.39,3.35,3.36,88200,296512.34
2021-02-08,3.35,3.38,3.34,3.38,100700,339020.72
2021-02-09,3.36,3.37,3.30,3.35,151300,504449.28
2021-02-10,3.35,3.37,3.32,3.37,113700,380694.84
2021-02-18,3.39,3.40,3.35,3.38,73600,249364.91
2021-02-19,3.39,3.42,3.39,3.42,69300,236275.58
2021-02-22,3.42,3.45,3.42,3.44,109000,375180.53
2021-02-23,3.42,3.44,3.37,3.40,216400,734597.44
2021-02-24,3.39,3.39,3.37,3.38,199900,675600.44
2021-02-25,3.38,3.41,3.38,3.39,79900,270969.66
2021-02-26,3.38,3.42,3.37,3.40,104600,354286.06
2021-03-01,3.48,3.57,3.48,3.56,1159700,4089468.00
2021-03-02,3.57,3.57,3.43,3.51,620500,2161247.50
2021-03-03,3.51,3.60,3.49,3.60,634900,2268607.50
2021-03-04,3.60,3.63,3.57,3.58,313700,1132835.25
2021-03-05,3.61,3.62,3.54,3.60,318800,1147317.75
2021-03-08,3.64,3.66,3.58,3.58,525800,1908157.00
2021-03-09,3.58,3.60,3.50,3.52,168100,597025.56
2021-03-10,3.53,3.59,3.53,3.56,228000,815671.00
2021-03-11,3.55,3.61,3.55,3.58,137700,493528.16
2021-03-12,3.59,3.66,3.58,3.65,690100,2507118.00
2021-03-15,3.64,3.69,3.64,3.68,580800,2134491.50
2021-03-16,3.66,3.70,3.66,3.67,187900,691364.19
2021-03-17,3.66,3.71,3.66,3.70,317700,1169619.13
2021-03-18,3.67,3.81,3.67,3.77,1241000,4670707.00
2021-03-19,3.79,3.83,3.73,3.83,689500,2619594.25
2021-03-22,3.83,3.88,3.82,3.87,715100,2757886.50
2021-03-23,3.91,3.91,3.83,3.84,611400,2358377.50
2021-03-24,3.84,3.85,3.74,3.77,727600,2746279.00
2021-03-25,3.76,3.78,3.74,3.74,350000,1312271.00
2021-03-26,3.74,3.79,3.74,3.79,160500,605704.50
2021-03-29,3.81,3.81,3.77,3.78,192000,728379.19
2021-03-30,3.75,3.80,3.75,3.78,112100,422128.91
2021-03-31,3.77,3.84,3.75,3.77,51800,195356.14
2021-04-01,3.76,3.78,3.73,3.74,132300,497088.78
2021-04-02,3.75,3.77,3.74,3.76,125100,470148.59
2021-04-06,3.76,3.82,3.73,3.80,431400,1633591.25
2021-04-07,3.79,3.93,3.79,3.92,1008200,3904406.25
2021-04-08,3.92,3.96,3.88,3.92,476200,1870642.63
2021-04-09,3.91,3.96,3.90,3.95,637000,2499433.75
2021-04-12,3.97,3.98,3.93,3.98,652700,2586950.50
2021-04-13,3.99,3.99,3.84,3.91,704800,2759661.25
2021-04-14,3.92,3.97,3.87,3.94,269900,1060809.00
2021-04-15,3.94,3.97,3.92,3.95,97900,386129.06
2021-04-16,3.95,3.99,3.94,3.97,404600,1608339.50
2021-04-19,3.98,3.99,3.95,3.99,343500,1367230.75
2021-04-20,3.99,4.00,3.93,3.95,656900,2606890.50
2021-04-21,3.97,3.97,3.93,3.94,100000,393841.22
2021-04-22,3.94,3.95,3.89,3.93,311900,1222023.88
2021-04-23,3.88,3.96,3.88,3.96,168400,659654.13
2021-04-26,3.98,3.99,3.93,3.94,240500,949949.56
2021-04-27,3.95,3.95,3.88,3.95,332300,1294571.13
2021-04-28,3.94,3.94,3.88,3.92,193700,755971.94
2021-04-29,3.87,3.99,3.87,3.99,263200,1033417.19
2021-04-30,3.90,3.95,3.89,3.90,287000,1122277.25
2021-05-06,3.91,3.96,3.88,3.96,226900,889901.38
2021-05-07,3.91,3.95,3.91,3.92,77100,302454.91
2021-05-10,3.89,3.95,3.89,3.92,240900,947840.81
2021-05-11,3.91,3.94,3.84,3.91,171700,667973.13
2021-05-12,3.89,3.91,3.88,3.89,167400,651664.00
2021-05-13,3.88,3.91,3.88,3.90,89400,347916.75
2021-05-14,3.91,3.91,3.88,3.91,265600,1035192.69
2021-05-17,3.90,3.90,3.88,3.89,188900,735220.25
2021-05-18,3.88,3.90,3.86,3.90,215900,838547.88
2021-05-19,3.90,3.90,3.86,3.87,188900,731147.38
2021-05-20,3.91,3.91,3.86,3.87,376100,1107983.00
2021-05-21,3.90,3.90,3.86,3.86,232900,903550.63
2021-05-24,3.87,3.93,3.84,3.84,1146200,4440029.00
2021-05-25,3.87,3.87,3.81,3.85,782100,2999378.75
2021-05-26,3.83,3.86,3.82,3.84,271700,1043456.56
2021-05-27,3.83,3.87,3.82,3.87,227200,869773.25
2021-05-28,3.85,3.88,3.85,3.86,92600,357645.38
2021-05-31,3.85,3.88,3.85,3.88,69300,268651.44
2021-06-01,3.86,3.90,3.86,3.89,87400,339347.75
2021-06-02,3.88,3.91,3.88,3.90,111500,434049.56
2021-06-03,3.90,3.97,3.90,3.95,456600,1803976.75
2021-06-04,3.95,3.97,3.95,3.96,229800,909582.25
2021-06-07,3.96,4.08,3.96,4.05,999800,4033234.75
2021-06-08,4.04,4.08,3.98,3.99,1406700,5637064.00
2021-06-09,4.01,4.13,3.97,4.12,1273600,5169701.00
2021-06-10,4.13,4.18,4.09,4.11,650900,2691950.50
2021-06-11,4.08,4.15,4.08,4.13,483000,1989983.38
2021-06-15,4.12,4.17,4.11,4.14,623000,2579453.25
2021-06-16,4.14,4.16,4.10,4.16,665400,2739817.50
2021-06-17,4.14,4.17,4.12,4.16,275200,1141983.00
2021-06-18,4.18,4.18,4.10,4.16,368900,1523202.63
2021-06-21,4.14,4.15,4.09,4.11,1169500,4818869.50
2021-06-22,4.10,4.15,4.10,4.13,655800,2693341.25
2021-06-23,4.13,4.20,4.13,4.18,636100,2664566.50
2021-06-24,4.18,4.24,4.18,4.24,538600,2277064.25
2021-06-25,4.24,4.33,4.23,4.33,811000,3483458.75
2021-06-28,4.34,4.38,4.26,4.34,1120000,4830140.50
2021-06-29,4.34,4.35,4.21,4.23,565800,2420248.50
2021-06-30,4.24,4.31,4.22,4.23,335900,1423786.63
2021-07-01,4.06,4.06,3.96,3.99,397800,1592501.75
2021-07-02,3.97,4.03,3.97,4.01,305200,1221276.50
2021-07-05,4.02,4.05,4.00,4.01,185700,744752.50
2021-07-06,4.01,4.05,3.99,4.04,372700,1501847.13
2021-07-07,4.03,4.06,4.03,4.05,143900,581897.00
2021-07-08,4.05,4.05,3.95,4.01,530800,2113608.25
2021-07-09,4.00,4.01,3.91,3.99,843000,3329510.00
2021-07-12,3.98,4.02,3.95,4.01,1230600,4890685.50
2021-07-13,3.95,4.00,3.95,3.98,581900,2312193.75
2021-07-14,3.98,4.11,3.98,4.09,970500,3946379.00
2021-07-15,4.10,4.15,4.07,4.14,555800,2288910.25
2021-07-16,4.15,4.27,4.13,4.27,1100400,4613169.00
2021-07-19,4.30,4.49,4.16,4.20,1396400,6070348.00
2021-07-20,4.12,4.23,4.11,4.21,528100,2200010.50
2021-07-21,4.21,4.22,4.13,4.20,496100,2066355.63
2021-07-22,4.16,4.22,4.10,4.18,1042500,4333526.00
2021-07-23,4.18,4.19,4.08,4.14,449800,1851513.50
2021-07-26,4.19,4.20,4.13,4.14,220100,915323.25
2021-07-27,4.17,4.17,4.04,4.11,311900,1281500.50
2021-07-28,4.11,4.11,3.96,4.00,375300,1506622.38
2021-07-29,4.05,4.06,3.93,4.03,324300,1295850.50
2021-07-30,4.05,4.05,3.96,4.00,214500,855510.88
2021-08-02,3.99,4.01,3.91,3.98,1210500,4782050.00
2021-08-03,3.93,3.98,3.91,3.95,488500,1917774.25
2021-08-04,3.98,4.20,3.98,4.08,709800,2896590.00
2021-08-05,4.08,4.12,4.00,4.05,753800,3058042.50
2021-08-06,4.05,4.06,3.95,4.05,193900,774437.00
2021-08-09,4.01,4.02,3.99,4.02,286800,1148344.38
2021-08-10,4.02,4.07,3.96,4.01,271100,1084165.63
2021-08-11,4.02,4.02,3.97,3.98,905600,3608837.75
2021-08-12,4.01,4.14,4.01,4.13,850500,3485927.50
2021-08-13,4.11,4.14,4.02,4.13,661100,2709262.00
2021-08-16,4.16,4.25,4.14,4.18,883400,3688720.00
2021-08-17,4.13,4.19,4.11,4.14,426000,1767063.25
2021-08-18,4.10,4.15,4.09,4.15,184300,760336.50
2021-08-19,4.14,4.17,4.11,4.17,552800,2295186.00
2021-08-20,4.17,4.20,4.12,4.18,454600,1890453.38
2021-08-23,4.15,4.22,4.15,4.16,696100,2906398.50
2021-08-24,4.21,4.21,4.08,4.13,802800,3318778.25
2021-08-25,4.18,4.18,4.06,4.11,391500,1602924.88
2021-08-26,4.05,4.12,3.94,3.95,758000,3032161.00
2021-08-27,3.93,4.00,3.88,3.93,757800,2964299.50
2021-08-30,3.91,3.95,3.88,3.93,149000,584068.75
2021-08-31,3.94,4.06,3.93,4.06,707200,2853517.25
2021-09-01,4.09,4.14,4.06,4.13,872700,3586570.25
2021-09-02,4.16,4.32,4.09,4.30,2609000,10984804.00
2021-09-03,4.91,4.95,4.45,4.55,4201100,19514538.00
2021-09-06,4.68,5.86,4.61,5.28,7849100,41150976.00
2021-09-07,5.40,5.53,4.98,5.17,4528500,23682120.00
2021-09-08,5.12,5.22,5.03,5.16,2459300,12555686.00
2021-09-09,5.29,6.13,5.26,6.10,9145200,52913684.00
2021-09-10,6.26,6.86,6.18,6.48,8949100,57508560.00
2021-09-13,6.37,6.40,5.99,6.11,4298400,26494868.00
2021-09-14,6.18,6.37,5.70,5.80,3811800,22932062.00
2021-09-15,5.84,5.84,5.38,5.50,2918300,16216943.00
2021-09-16,5.54,5.70,5.11,5.24,2573500,13765296.00
2021-09-17,5.24,5.58,5.12,5.58,2670800,14540916.00
2021-09-22,6.09,6.29,5.60,6.06,5680500,34001876.00
2021-09-23,6.08,6.08,5.82,6.00,2335600,13925857.00
2021-09-24,6.03,6.19,5.95,6.01,1726400,10482145.00
2021-09-27,6.08,6.21,5.70,5.84,1721600,10197746.00
2021-09-28,5.96,6.42,5.85,6.21,4309200,26721718.00
2021-09-29,6.10,6.22,5.96,6.07,2243200,13677690.00
2021-09-30,6.01,6.29,5.86,6.26,2909600,17708492.00
2021-10-08,6.45,6.80,6.20,6.28,2379200,15353810.00
2021-10-11,6.41,6.53,6.01,6.11,2110200,13028787.00
2021-10-12,6.12,6.19,5.92,6.00,1197600,7202685.50
2021-10-13,6.02,6.13,5.98,6.08,1188300,7180804.50
2021-10-14,6.11,6.12,5.97,6.04,500800,3029231.50
2021-10-15,6.08,6.08,5.96,6.04,834300,5020719.50
2021-10-18,6.05,6.05,5.80,5.87,1278000,7560782.50
2021-10-19,5.88,5.95,5.80,5.86,629000,3677845.00
2021-10-20,5.92,5.92,5.82,5.89,554100,3247359.25
2021-10-21,5.92,5.92,5.78,5.87,1202000,6998845.00
2021-10-22,5.87,5.87,5.79,5.83,339500,1974925.75
2021-10-25,5.81,5.86,5.63,5.71,540200,3085920.75
2021-10-26,5.72,5.75,5.26,5.29,1596700,8672356.00
2021-10-27,5.42,5.44,5.11,5.13,956500,5027720.00
2021-10-28,5.10,5.20,4.91,5.04,1358100,6849299.00
2021-10-29,5.05,5.28,5.05,5.26,753300,3930812.75
2021-11-01,5.68,5.92,5.63,5.83,2815800,16308237.00
2021-11-02,5.88,5.88,5.58,5.61,1133600,6448795.50
2021-11-03,5.66,5.80,5.62,5.75,810800,4642019.50
2021-11-04,5.81,6.11,5.78,6.04,1987200,11888052.00
2021-11-05,6.14,6.16,5.97,6.08,1783800,10785216.00
2021-11-08,6.16,6.45,6.08,6.33,2522800,16017283.00
2021-11-09,6.44,6.44,6.05,6.16,2655100,16433851.00
2021-11-10,6.18,6.24,6.05,6.18,1437200,8799528.00
2021-11-11,6.33,6.39,6.10,6.26,2102400,13181320.00
2021-11-12,6.32,6.42,6.15,6.37,3552100,22394002.00
2021-11-15,6.53,6.78,5.91,5.95,10555300,66750800.00
2021-11-16,6.05,7.38,5.83,6.93,17185100,112015352.00
2021-11-17,7.39,8.47,7.25,7.74,23181500,183976672.00
2021-11-18,8.08,8.11,6.88,7.28,16171500,122260408.00
2021-11-19,7.02,7.66,6.85,7.47,10389400,75485568.00
2021-11-22,7.47,7.83,7.27,7.44,8982500,67585448.00
2021-11-23,7.49,7.58,7.20,7.39,6805700,50290812.00
2021-11-24,7.31,7.48,7.02,7.08,7733900,55584044.00
2021-11-25,7.12,7.22,6.87,6.98,4791600,33483372.00
2021-11-26,6.94,7.04,6.71,6.73,4771300,32440358.00
2021-11-29,6.50,6.68,6.24,6.39,5784800,37196276.00
2021-11-30,6.39,6.51,6.28,6.41,3583600,22887114.00
2021-12-01,6.30,6.92,6.26,6.92,7613500,51081728.00
2021-12-02,6.81,6.94,6.57,6.66,4335300,29056692.00
2021-12-03,6.78,6.85,6.46,6.52,3530200,23291940.00
2021-12-06,6.55,6.55,6.24,6.26,3409100,21549140.00
2021-12-07,6.35,6.36,6.17,6.21,1450200,9022689.00
2021-12-08,6.30,6.39,6.18,6.28,1947400,12216993.00
2021-12-09,6.20,6.30,6.20,6.22,1582800,9864668.00
2021-12-10,6.27,6.27,6.10,6.10,2203100,13565110.00
2021-12-13,6.13,6.29,6.10,6.25,2100900,13057868.00
2021-12-14,6.25,6.55,6.16,6.41,4367300,27983238.00
2021-12-15,6.42,6.57,6.22,6.25,2209300,13978617.00
2021-12-16,6.22,6.32,6.14,6.20,2055900,12782773.00
2021-12-17,6.20,6.23,6.04,6.05,2654200,16180030.00
2021-12-20,6.04,6.13,5.88,5.92,2349000,14016084.00
2021-12-21,5.90,5.99,5.89,5.99,1163700,6897924.50
2021-12-22,6.03,6.21,6.03,6.10,2666100,16414711.00
2021-12-23,6.03,6.08,5.91,5.94,2002100,11929247.00
2021-12-24,5.90,5.95,5.76,5.76,1909900,11153564.00
2021-12-27,5.76,5.86,5.76,5.85,1315400,7649885.50
2021-12-28,5.84,5.88,5.74,5.88,1502300,8707694.00
2021-12-29,5.86,5.95,5.77,5.95,1949400,11414253.00
2021-12-30,5.92,6.43,5.92,6.42,6514800,40894364.00
2021-12-31,6.50,6.73,6.33,6.39,7365500,48351792.00
2022-01-04,6.38,6.39,6.12,6.19,4879600,30271158.00
2022-01-05,6.15,6.52,6.08,6.50,5675500,36251684.00
2022-01-06,6.73,7.18,6.50,6.73,9782300,66916144.00
2022-01-07,6.50,6.68,6.31,6.42,6060700,39137296.00
2022-01-10,6.33,6.33,6.08,6.21,4078649,25237604.00
2022-01-11,6.21,6.22,6.09,6.12,2216284,13610483.00
2022-01-12,6.10,6.18,6.07,6.14,1642161,10048347.00
2022-01-13,6.35,6.37,6.08,6.14,3039375,18842234.00
2022-01-14,6.14,6.15,5.90,5.92,3215820,19295402.00
2022-01-17,5.87,6.10,5.87,6.04,1816923,10909512.00
2022-01-18,6.04,6.04,5.92,5.95,1800291,10713162.00
2022-01-19,6.01,6.06,5.91,5.96,1116948,6684603.50
2022-01-20,5.96,6.17,5.92,6.01,2333389,14134190.00
2022-01-21,5.99,5.99,5.88,5.94,1455307,8613410.00
2022-01-24,5.93,5.98,5.83,5.86,1519662,8964013.00
2022-01-25,5.86,5.86,5.60,5.62,2025935,11501667.00
2022-01-26,5.70,5.70,5.60,5.62,565737,3188490.00
2022-01-27,5.61,5.68,5.50,5.52,801364,4463428.50
2022-01-28,5.66,5.66,5.56,5.57,488761,2740920.00
2022-02-07,5.71,5.72,5.30,5.67,1758008,9702535.00
2022-02-08,5.70,6.05,5.58,5.98,2920235,17143832.00
2022-02-09,5.90,5.90,5.80,5.90,1827954,10676647.00
2022-02-10,5.85,5.89,5.80,5.83,838610,4889165.00
2022-02-11,5.80,5.84,5.51,5.58,1790069,10129863.00
2022-02-14,5.51,5.58,5.46,5.50,737143,4068052.00
2022-02-15,5.51,5.57,5.50,5.54,641455,3542923.50
2022-02-16,5.54,5.57,5.45,5.49,969899,5334183.50
2022-02-17,5.47,5.51,5.45,5.46,896069,4915217.50
2022-02-18,5.42,5.50,5.42,5.48,460970,2518179.00
2022-02-21,5.50,5.52,5.45,5.48,502639,2756438.25
2022-02-22,5.74,5.85,5.55,5.72,3751058,21538398.00
2022-02-23,5.69,5.70,5.51,5.63,1811968,10138476.00
2022-02-24,5.67,6.50,5.64,6.12,11836668,72585152.00
2022-02-25,5.80,6.12,5.80,5.96,5018257,29632776.00
2022-02-28,5.91,6.20,5.86,5.88,3388405,20372470.00
2022-03-01,5.87,5.88,5.70,5.77,2434348,14018549.00
2022-03-02,5.90,6.10,5.83,5.90,3253539,19451860.00
2022-03-03,5.89,6.10,5.82,6.01,4422109,26516406.00
2022-03-04,5.98,5.98,5.82,5.83,2618182,15353699.00
2022-03-07,5.97,6.08,5.83,5.84,2130798,12630064.00
2022-03-08,5.82,5.84,5.57,5.59,2678654,15125393.00
2022-03-09,5.59,5.64,5.19,5.31,2130110,11469469.00
2022-03-10,5.38,5.38,5.30,5.33,1329278,7089491.50
2022-03-11,5.25,5.30,5.16,5.28,1155155,6034764.00
2022-03-14,5.27,5.29,5.10,5.11,713052,3692176.25
2022-03-15,5.12,5.20,4.73,4.73,1580160,7773496.50
2022-03-16,4.90,4.96,4.62,4.80,1051304,4983355.50
2022-03-17,4.85,5.18,4.80,4.96,1869928,9294845.00
2022-03-18,4.92,5.06,4.92,5.03,623219,3127530.50
2022-03-21,5.00,5.09,4.97,5.00,636179,3185262.00
2022-03-22,4.95,5.06,4.95,5.00,387488,1934848.63
2022-03-23,5.17,5.25,5.02,5.05,1200921,6140937.00
2022-03-24,5.00,5.10,4.89,4.97,1065586,5322536.00
2022-03-25,4.92,4.98,4.91,4.95,501650,2477682.00
2022-03-28,4.91,4.95,4.72,4.86,687110,3320964.25
2022-03-29,4.91,4.92,4.83,4.87,380296,1851083.38
2022-03-30,4.93,4.93,4.84,4.90,516645,2519246.75
2022-03-31,4.93,4.93,4.83,4.87,677472,3300956.25
2022-04-01,4.88,4.94,4.84,4.89,737207,3612636.00
2022-04-06,4.89,4.92,4.84,4.88,444066,2166414.25
2022-04-07,4.91,4.91,4.78,4.82,776084,3753741.00
2022-04-08,4.86,4.88,4.81,4.83,410535,1986083.88
2022-04-11,4.84,4.84,4.66,4.68,844451,3985215.25
2022-04-12,4.69,4.70,4.63,4.70,610434,2854448.25
2022-04-13,4.71,4.73,4.66,4.66,328470,1540660.13
2022-04-14,4.74,4.74,4.66,4.70,163438,765601.00
2022-04-15,4.70,4.70,4.58,4.60,404441,1870463.25
2022-04-18,4.57,4.65,4.54,4.60,280897,1284425.75
2022-04-19,4.59,4.73,4.55,4.60,387167,1782404.75
2022-04-20,4.55,4.61,4.48,4.49,707778,3194258.25
2022-04-21,4.50,4.50,4.30,4.37,709737,3108924.25
2022-04-22,4.45,4.45,4.30,4.35,693413,3003383.00
2022-04-25,4.24,4.37,3.97,3.99,1238892,5031837.00
2022-04-26,4.00,4.00,3.63,3.80,553702,2159275.50
2022-04-27,3.72,3.74,3.41,3.70,1607239,5787505.00
2022-04-28,3.58,3.77,3.58,3.63,403878,1485767.25
2022-04-29,3.65,3.78,3.60,3.76,547740,2034115.88
2022-05-05,3.82,3.83,3.73,3.78,722573,2721427.75
2022-05-06,3.77,3.77,3.70,3.72,409860,1530928.50
2022-05-09,3.78,3.85,3.77,3.81,581135,2210335.25
2022-05-10,3.76,3.82,3.76,3.82,250210,951320.38
2022-05-11,3.91,3.91,3.79,3.79,614654,2366899.25
2022-05-12,3.86,3.86,3.78,3.81,359428,1366757.50
2022-05-13,3.87,4.18,3.80,4.02,1267117,5062938.00
2022-05-16,4.02,4.10,3.97,4.00,491713,1975341.38
2022-05-17,4.10,4.10,3.93,3.96,302667,1205670.50
2022-05-18,3.97,4.00,3.92,3.94,471493,1864208.25
2022-05-19,3.90,3.93,3.84,3.88,440072,1705750.25
2022-05-20,3.96,3.98,3.88,3.90,453903,1770112.88
2022-05-23,3.87,4.02,3.87,3.96,434965,1718826.13
2022-05-24,3.94,3.99,3.80,3.85,746792,2903331.00
2022-05-25,3.82,3.88,3.80,3.84,423533,1624524.00
2022-05-26,3.90,3.90,3.84,3.86,416184,1607092.25
2022-05-27,3.88,3.88,3.84,3.85,370166,1429265.88
2022-05-30,3.86,3.87,3.82,3.84,310320,1190515.75
2022-05-31,3.92,3.92,3.83,3.87,334657,1289111.00
2022-06-01,3.88,3.90,3.84,3.87,318195,1232637.88
2022-06-02,3.90,3.90,3.85,3.89,574456,2228723.00
2022-06-06,3.88,4.00,3.88,3.99,999643,3958982.25
2022-06-07,4.00,4.02,3.96,3.97,310650,1236315.75
2022-06-08,4.00,4.23,4.00,4.08,1786677,7366699.50
2022-06-09,4.09,4.13,4.00,4.01,877463,3548578.50
2022-06-10,4.04,4.10,4.01,4.04,673034,2724502.50
2022-06-13,4.11,4.11,4.01,4.03,441270,1787583.25
2022-06-14,3.99,4.08,3.94,4.04,683931,2727871.00
2022-06-15,4.05,4.05,3.96,3.99,711682,2840608.25
2022-06-16,3.98,4.02,3.96,3.97,452879,1800649.88
2022-06-17,3.99,4.01,3.92,3.97,360390,1433317.38
2022-06-20,3.99,4.00,3.94,3.95,284977,1128148.13
2022-06-21,3.99,3.99,3.93,3.96,248189,978657.13
2022-06-22,3.99,3.99,3.93,3.94,210836,831766.00
2022-06-23,3.97,3.98,3.92,3.97,341521,1348310.63
2022-06-24,3.96,3.98,3.94,3.95,289307,1143546.00
2022-06-27,3.95,3.99,3.94,3.97,335512,1331842.75
2022-06-28,3.97,4.25,3.97,4.10,1897996,7850511.00
2022-06-29,4.07,4.15,3.96,3.98,968482,3891808.00
2022-06-30,3.95,4.03,3.95,3.99,303319,1210181.75
2022-07-01,3.99,4.04,3.99,4.01,229117,920355.69
2022-07-04,3.99,3.99,3.95,3.99,222355,882828.00
2022-07-05,3.97,4.01,3.95,4.01,454779,1807202.75
2022-07-06,3.98,4.01,3.93,3.96,457016,1804471.50
2022-07-07,3.93,3.97,3.92,3.94,162316,640740.50
2022-07-08,3.95,4.00,3.95,3.96,240193,950457.44
2022-07-11,3.92,3.99,3.90,3.93,249552,978995.00
2022-07-12,3.91,3.95,3.88,3.94,411038,1609851.75
2022-07-13,3.90,3.92,3.84,3.87,373358,1444643.50
2022-07-14,3.85,3.89,3.84,3.87,193721,748823.00
2022-07-15,3.86,3.87,3.81,3.86,392798,1509345.25
2022-07-18,3.83,3.89,3.83,3.87,304311,1174568.88
2022-07-19,3.89,3.89,3.84,3.86,174755,674618.13
2022-07-20,3.89,3.90,3.86,3.87,200244,774670.56
2022-07-21,3.90,3.90,3.83,3.87,310404,1194959.38
2022-07-22,3.88,3.88,3.81,3.85,544264,2087172.63
2022-07-25,3.82,3.85,3.76,3.78,547570,2078348.63
2022-07-26,3.76,3.84,3.76,3.84,336949,1280446.25
2022-07-27,3.82,4.00,3.82,3.93,1203148,4738365.50
2022-07-28,3.91,3.93,3.87,3.89,783741,3054457.75
2022-07-29,3.88,3.89,3.83,3.85,367172,1415069.13
2022-08-01,3.87,3.87,3.82,3.84,248065,954935.63
2022-08-02,3.81,3.81,3.69,3.72,629836,2351329.00
2022-08-03,3.72,3.76,3.66,3.69,548851,2042325.88
2022-08-04,3.65,3.72,3.64,3.65,431940,1584905.63
2022-08-05,3.66,3.70,3.64,3.69,520438,1905184.50
2022-08-08,3.69,3.76,3.69,3.72,291477,1082177.00
2022-08-09,3.69,3.83,3.69,3.72,874789,3267394.75
2022-08-10,3.71,3.72,3.66,3.72,428683,1581890.13
2022-08-11,3.74,3.81,3.71,3.80,906303,3432556.25
2022-08-12,3.83,3.85,3.78,3.82,778102,2975741.25
2022-08-15,3.78,3.85,3.76,3.78,481053,1827673.25
2022-08-16,3.80,3.80,3.74,3.77,558591,2104882.00
2022-08-17,3.78,3.80,3.75,3.79,299836,1131867.50
2022-08-18,3.78,3.80,3.76,3.79,306567,1157986.75
2022-08-19,3.79,3.80,3.77,3.79,252191,953083.88
2022-08-22,3.79,3.97,3.78,3.90,1529034,5909842.50
2022-08-23,3.92,4.25,3.92,4.15,4185387,17225936.00
2022-08-24,4.04,4.15,3.92,3.97,1671897,6700991.50
2022-08-25,4.03,4.58,3.99,4.45,6171164,26673142.00
2022-08-26,4.35,4.43,4.21,4.32,2795948,12026942.00
2022-08-29,4.32,4.36,4.15,4.16,1949930,8249521.50
2022-08-30,4.16,4.23,3.97,3.98,1891271,7689137.00
2022-08-31,4.00,4.00,3.68,3.79,3547197,13501780.00
2022-09-01,3.78,3.82,3.72,3.75,1492257,5619164.00
2022-09-02,3.74,3.79,3.70,3.77,994199,3726227.50
2022-09-05,3.82,4.35,3.81,4.16,5466684,22644386.00
2022-09-06,4.07,4.10,3.93,4.03,3507749,13992909.00
2022-09-07,4.00,4.06,3.91,4.04,1740969,6929027.50
2022-09-08,4.00,4.00,3.94,3.98,891838,3534519.25
2022-09-09,4.00,4.04,3.95,3.99,631959,2530641.75
2022-09-13,4.05,4.05,3.99,4.00,481675,1925103.75
2022-09-14,3.91,4.38,3.91,4.18,5038465,21487918.00
2022-09-15,4.37,4.38,4.04,4.14,2446635,10171138.00
2022-09-16,4.05,4.36,3.98,4.20,3604994,15281028.00
2022-09-19,4.14,4.42,4.08,4.36,3469768,14909294.00
2022-09-20,4.32,4.86,4.25,4.59,5581919,25827748.00
2022-09-21,4.45,5.15,4.44,5.03,9327299,45546456.00
2022-09-22,4.87,5.18,4.68,4.71,6974048,33884288.00
2022-09-23,4.70,4.75,4.38,4.46,3653015,16487839.00
2022-09-26,4.34,4.44,4.25,4.28,1910951,8256124.00
2022-09-27,4.18,4.38,4.18,4.23,1715618,7343975.00
2022-09-28,4.51,4.85,4.51,4.69,7355702,34555508.00
2022-09-29,4.60,4.90,4.42,4.57,5095258,23573632.00
2022-09-30,4.52,4.56,4.32,4.48,2649502,11778931.00
2022-10-10,4.52,4.93,4.50,4.65,4214256,19880718.00
2022-10-11,4.46,4.75,4.42,4.71,3018727,13851647.00
2022-10-12,4.65,4.77,4.54,4.61,2441147,11291824.00
2022-10-13,4.60,4.74,4.51,4.68,3742549,17405320.00
2022-10-14,4.66,4.72,4.62,4.65,2745022,12782708.00
2022-10-17,4.62,4.63,4.50,4.55,2320053,10526998.00
2022-10-18,4.57,4.57,4.42,4.44,2292921,10251344.00
2022-10-19,4.47,4.47,4.25,4.26,2100194,9059293.00
2022-10-20,4.20,4.39,4.20,4.29,1130799,4870169.50
2022-10-21,4.23,4.33,4.20,4.24,1055004,4475159.00
2022-10-24,4.28,4.28,4.08,4.08,1183743,4943419.50
2022-10-25,4.11,4.11,3.92,4.00,1503465,5995011.50
2022-10-26,3.99,4.05,3.93,3.99,1244099,4959541.00
2022-10-27,4.04,4.04,3.95,3.97,783418,3109197.75
2022-10-28,4.00,4.00,3.91,3.93,624005,2459873.50
2022-10-31,3.95,3.95,3.86,3.91,397215,1547412.88
2022-11-01,4.01,4.01,3.94,3.99,946548,3753441.75
2022-11-02,4.03,4.11,3.95,4.08,1153113,4692316.50
2022-11-03,4.14,4.20,4.08,4.13,1078214,4457494.50
2022-11-04,4.15,4.17,4.11,4.13,900260,3723847.75
2022-11-07,4.19,4.21,4.13,4.18,948903,3963523.00
2022-11-08,4.12,4.17,4.10,4.14,702793,2900325.50
2022-11-09,4.17,4.17,4.08,4.10,519261,2130223.25
2022-11-10,4.17,4.17,4.02,4.07,570191,2316040.75
2022-11-11,4.11,4.13,4.06,4.08,593595,2430825.75
2022-11-14,4.15,4.15,4.05,4.05,545660,2220866.00
2022-11-15,4.06,4.12,4.04,4.11,591265,2407395.25
2022-11-16,4.09,4.20,4.05,4.16,1259281,5206969.00
2022-11-17,4.15,4.15,4.07,4.11,852695,3494191.00
2022-11-18,4.13,4.14,4.08,4.11,521133,2137244.75
2022-11-21,4.15,4.25,4.09,4.09,902440,3752814.75
2022-11-22,4.12,4.16,4.08,4.08,656568,2700050.00
2022-11-23,4.07,4.16,4.07,4.12,594031,2447567.00
2022-11-24,4.15,4.15,4.08,4.09,432440,1776661.75
2022-11-25,4.08,4.13,4.08,4.12,607226,2491808.75
2022-11-28,4.10,4.15,4.00,4.07,1156631,4680260.50
2022-11-29,4.03,4.10,4.03,4.09,733600,2989693.75
2022-11-30,4.04,4.37,4.04,4.21,3285993,13802900.00
2022-12-01,4.17,4.18,4.06,4.14,2042845,8393215.00
2022-12-02,4.14,4.14,4.07,4.09,674226,2758410.25
2022-12-05,4.09,4.10,4.07,4.10,807966,3297404.75
2022-12-06,4.10,4.10,4.05,4.07,428951,1744756.75
2022-12-07,4.05,4.10,4.05,4.07,316030,1283847.63
2022-12-08,4.05,4.11,4.04,4.06,467965,1903152.50
2022-12-09,4.06,4.07,4.02,4.05,569025,2299226.75
2022-12-12,4.04,4.07,4.03,4.05,335478,1358546.25
2022-12-13,4.07,4.07,4.03,4.05,241369,974520.19
2022-12-14,4.07,4.07,4.02,4.04,507966,2056373.63
2022-12-15,4.03,4.05,4.01,4.01,332339,1335913.88
2022-12-16,3.97,4.02,3.95,3.99,707696,2813119.25
2022-12-19,3.98,3.98,3.88,3.89,474608,1857717.38
2022-12-20,3.90,3.91,3.84,3.88,303901,1178129.25
2022-12-21,3.86,4.00,3.84,3.87,183273,708064.06
2022-12-22,3.93,3.93,3.81,3.85,138327,534341.00
2022-12-23,3.90,3.90,3.78,3.84,268599,1023558.00
2022-12-26,3.84,3.92,3.81,3.85,262968,1012804.44
2022-12-27,3.90,3.90,3.81,3.85,368208,1413503.25
2022-12-28,3.90,3.90,3.80,3.82,154330,588561.75
2022-12-29,3.80,3.82,3.72,3.75,398076,1501672.25
2022-12-30,3.75,3.79,3.74,3.78,194706,730077.69
2023-01-03,3.84,3.84,3.75,3.80,110742,420293.25
2023-01-04,3.78,3.84,3.78,3.81,299426,1137817.63
2023-01-05,3.81,3.84,3.77,3.84,231038,882457.94
2023-01-06,3.84,3.84,3.80,3.81,159355,608600.69
2023-01-09,3.84,3.84,3.79,3.83,284177,1082974.63
2023-01-10,3.89,3.89,3.80,3.83,272793,1044761.06
2023-01-11,3.85,3.86,3.82,3.83,189129,725426.50
2023-01-12,3.84,3.84,3.79,3.81,112175,427132.84
2023-01-13,3.83,3.84,3.80,3.83,226426,863423.88
2023-01-16,3.85,3.85,3.81,3.83,209077,801055.19
2023-01-17,3.83,3.87,3.82,3.84,309967,1193200.88
2023-01-18,3.82,3.86,3.81,3.85,162434,622722.13
2023-01-19,3.85,3.85,3.81,3.83,231069,883148.56
2023-01-20,3.86,3.86,3.82,3.85,343408,1315895.25
2023-01-30,3.88,3.88,3.84,3.85,272299,1049518.63
2023-01-31,3.87,4.03,3.83,3.98,1560674,6174215.50
2023-02-01,4.02,4.10,3.98,3.98,1150111,4631636.00
2023-02-02,4.02,4.02,3.94,4.00,701665,2789973.75
2023-02-03,4.00,4.02,3.96,3.99,248183,990195.38
2023-02-06,4.00,4.00,3.93,3.96,356006,1406844.63
2023-02-07,3.99,3.99,3.92,3.93,261262,1029334.31
2023-02-08,3.99,3.99,3.92,3.92,198252,779906.19
2023-02-09,3.97,3.97,3.92,3.95,203824,803478.69
2023-02-10,3.96,3.96,3.91,3.93,206677,812165.75
2023-02-13,3.95,3.97,3.93,3.94,587307,2318282.25
2023-02-14,3.95,3.97,3.93,3.95,430780,1699125.00
2023-02-15,3.97,3.97,3.91,3.94,351163,1381545.00
2023-02-16,3.93,3.95,3.85,3.89,662773,2591465.75
2023-02-17,3.92,3.92,3.84,3.88,465883,1804161.00
2023-02-20,3.88,3.92,3.85,3.92,286809,1113228.88
2023-02-21,3.90,3.92,3.87,3.90,316691,1231303.00
2023-02-22,3.88,3.90,3.85,3.88,126164,488217.63
2023-02-23,3.87,3.89,3.85,3.86,303616,1172726.63
2023-02-24,3.87,3.87,3.84,3.84,455645,1751608.00
2023-02-27,3.84,3.85,3.82,3.84,215191,826400.63
2023-02-28,3.84,3.89,3.82,3.86,240224,926440.69
2023-03-01,3.87,3.90,3.85,3.88,195811,758506.00
2023-03-02,3.89,3.90,3.84,3.87,189899,735425.44
2023-03-03,3.89,3.89,3.85,3.87,81800,315951.03
2023-03-06,3.87,3.89,3.83,3.85,319605,1227963.38
2023-03-07,3.83,3.85,3.82,3.83,262991,1007755.00
2023-03-08,3.81,3.86,3.81,3.85,91612,350659.66
2023-03-09,3.83,3.84,3.78,3.83,253880,967325.44
2023-03-10,3.81,3.83,3.78,3.80,152704,578894.25
2023-03-13,3.82,3.82,3.77,3.81,154075,583341.38
2023-03-14,3.90,3.94,3.82,3.82,573530,2218108.25
2023-03-15,3.85,3.85,3.78,3.82,585337,2219750.00
2023-03-16,3.79,3.82,3.76,3.80,256597,969904.00
2023-03-17,3.80,3.82,3.76,3.81,416707,1581699.00
2023-03-20,3.80,3.82,3.76,3.80,227572,860815.69
2023-03-21,3.83,3.83,3.76,3.80,222017,838195.44
2023-03-22,3.78,3.81,3.77,3.80,119979,454338.94
2023-03-23,3.81,3.83,3.78,3.82,184385,700514.31
2023-03-24,3.78,3.82,3.78,3.82,184115,700208.13
2023-03-27,3.80,3.81,3.78,3.81,144801,549372.69
2023-03-28,3.77,3.81,3.77,3.80,216034,818478.06
2023-03-29,3.78,3.78,3.75,3.77,365660,1375775.00
2023-03-30,3.75,3.78,3.75,3.78,77927,293649.06
2023-03-31,3.76,3.79,3.75,3.78,163176,614397.69
2023-04-03,3.77,3.77,3.75,3.76,227800,856854.81
2023-04-04,3.77,3.77,3.73,3.74,219975,823488.44
2023-04-06,3.74,3.75,3.64,3.69,614433,2269427.50
2023-04-07,3.67,3.70,3.66,3.70,159027,585400.56
2023-04-10,3.70,3.72,3.65,3.71,178748,657916.69
2023-04-11,3.70,3.71,3.62,3.67,139811,510581.34
2023-04-12,3.66,3.69,3.65,3.67,79612,292021.41
2023-04-13,3.67,3.69,3.65,3.66,108712,398763.16
2023-04-14,3.70,3.70,3.66,3.69,88101,324184.63
2023-04-17,3.67,3.70,3.67,3.70,87835,324301.72
2023-04-18,3.70,3.70,3.64,3.66,288786,1055151.50
2023-04-19,3.66,3.67,3.62,3.63,223439,812517.38
2023-04-20,3.62,3.64,3.56,3.58,256157,918150.81
2023-04-21,3.60,3.60,3.54,3.55,383886,1368327.75
2023-04-24,3.54,3.58,3.51,3.56,192795,680963.94
2023-04-25,3.53,3.57,3.50,3.54,294889,1035464.19
2023-04-26,3.50,3.76,3.49,3.64,746390,2709349.75
2023-04-27,3.65,3.65,3.55,3.59,370752,1323881.38
2023-04-28,3.64,3.65,3.55,3.62,418714,1495865.13
2023-05-04,3.57,3.62,3.56,3.62,261145,935940.69
2023-05-05,3.58,3.64,3.58,3.64,214459,772969.50
2023-05-08,3.66,3.76,3.62,3.73,666963,2482368.25
2023-05-09,3.75,3.76,3.67,3.68,281243,1041888.56
2023-05-10,3.61,3.68,3.61,3.66,106923,389611.13
2023-05-11,3.63,3.71,3.63,3.70,149677,553027.75
2023-05-12,3.73,3.73,3.65,3.70,117745,433305.47
2023-05-15,3.71,3.74,3.65,3.70,69947,258128.13
2023-05-16,3.72,3.73,3.66,3.70,44536,164618.19
2023-05-17,3.71,3.71,3.65,3.67,112414,412606.16
2023-05-18,3.70,3.71,3.66,3.69,111795,411161.00
2023-05-19,3.64,3.71,3.64,3.69,49580,182279.95
2023-05-22,3.64,3.70,3.64,3.68,143430,527083.06
2023-05-23,3.69,3.70,3.65,3.66,130922,480707.44
2023-05-24,3.69,3.69,3.64,3.66,192079,704212.88
2023-05-25,3.70,3.93,3.65,3.81,1974526,7530515.00
2023-05-26,3.73,3.73,3.63,3.68,1305430,4792175.00
2023-05-29,3.70,3.71,3.65,3.68,287627,1057609.38
2023-05-30,3.68,3.69,3.65,3.68,210218,770773.19
2023-05-31,3.67,3.69,3.64,3.67,288592,1059279.88
2023-06-01,3.51,3.56,3.51,3.53,191957,676155.13
2023-06-02,3.52,3.55,3.51,3.54,203843,717628.81
2023-06-05,3.54,3.55,3.52,3.53,154819,546797.06
2023-06-06,3.53,3.59,3.53,3.53,302097,1071306.25
2023-06-07,3.52,3.57,3.50,3.51,149018,523127.50
2023-06-08,3.50,3.50,3.40,3.46,220792,763690.31
2023-06-09,3.42,3.52,3.42,3.48,178831,615741.13
2023-06-12,3.43,3.52,3.42,3.47,62264,214937.06
2023-06-13,3.43,3.49,3.43,3.48,91382,315822.22
2023-06-14,3.47,3.50,3.45,3.48,69318,240897.48
2023-06-15,3.48,3.49,3.46,3.48,67276,233479.69
2023-06-16,3.46,3.53,3.45,3.48,211043,735962.25
2023-06-19,3.46,3.49,3.44,3.48,71119,246505.73
2023-06-20,3.44,3.47,3.43,3.44,204532,704461.25
2023-06-21,3.45,3.49,3.45,3.45,76676,266251.16
2023-06-26,3.47,3.54,3.42,3.47,300756,1047678.13
2023-06-27,3.48,3.53,3.43,3.46,390574,1348573.50
2023-06-28,3.43,3.47,3.43,3.46,200736,690869.69
2023-06-29,3.43,3.48,3.43,3.45,348510,1201933.88
2023-06-30,3.44,3.47,3.44,3.46,121101,417792.38
2023-07-03,3.46,3.49,3.44,3.47,121861,422184.00
2023-07-04,3.45,3.47,3.45,3.45,54113,187107.59
2023-07-05,3.44,3.46,3.43,3.44,203135,698608.13
2023-07-06,3.44,3.47,3.43,3.45,116969,403864.97
2023-07-07,3.45,3.45,3.42,3.44,259622,889900.25
2023-07-10,3.44,3.45,3.42,3.44,96514,331077.69
2023-07-11,3.43,3.44,3.42,3.43,160286,549917.31
2023-07-12,3.43,3.44,3.41,3.41,153306,524144.56
2023-07-13,3.43,3.45,3.41,3.44,177753,609779.38
2023-07-14,3.44,3.46,3.42,3.46,321853,1110319.63
2023-07-17,3.45,3.45,3.43,3.43,67104,230450.22
2023-07-18,3.43,3.44,3.42,3.43,121794,417850.88
2023-07-19,3.44,3.44,3.41,3.44,106079,363051.19
2023-07-20,3.45,3.45,3.41,3.44,97323,333558.63
2023-07-21,3.42,3.46,3.42,3.44,155329,533669.50
2023-07-24,3.42,3.45,3.42,3.44,51809,177464.67
2023-07-25,3.44,3.47,3.44,3.47,122499,422350.25
2023-07-26,3.44,3.47,3.43,3.43,147751,508343.16
2023-07-27,3.44,3.45,3.42,3.45,200184,687551.13
2023-07-28,3.44,3.48,3.44,3.47,184229,638168.00
2023-07-31,3.46,3.58,3.46,3.50,175678,612030.00
2023-08-01,3.52,3.55,3.50,3.55,448949,1583641.25
2023-08-02,3.55,3.56,3.53,3.54,109544,388510.31
2023-08-03,3.54,3.56,3.50,3.53,106967,375877.41
2023-08-04,3.51,3.55,3.50,3.54,181718,640757.38
2023-08-07,3.51,3.53,3.50,3.52,27875,97738.34
2023-08-08,3.50,3.53,3.49,3.53,121538,425392.56
2023-08-09,3.53,3.55,3.48,3.52,111644,392276.47
2023-08-10,3.54,3.83,3.54,3.71,4809164,17868436.00
2023-08-11,3.62,3.62,3.48,3.54,3030025,10689020.00
2023-08-14,3.49,3.51,3.45,3.49,607639,2109144.25
2023-08-15,3.51,3.51,3.44,3.47,512969,1773315.63
2023-08-16,3.45,3.50,3.40,3.43,465860,1601246.13
2023-08-17,3.41,3.46,3.41,3.45,143855,493068.13
2023-08-18,3.42,3.49,3.42,3.44,398254,1376648.38
2023-08-21,3.44,3.47,3.40,3.46,264287,905367.56
2023-08-22,3.45,3.47,3.40,3.43,555622,1895004.13
2023-08-23,3.42,3.43,3.39,3.40,253500,862117.50
2023-08-24,3.41,3.41,3.36,3.38,341716,1154355.13
2023-08-25,3.40,3.42,3.38,3.39,137690,467002.19
2023-08-28,3.51,3.57,3.41,3.44,589946,2056218.38
2023-08-29,3.44,3.46,3.42,3.44,617832,2124944.00
2023-08-30,3.45,3.46,3.42,3.44,242115,831511.38
2023-08-31,3.43,3.45,3.40,3.42,118602,405169.31
2023-09-01,3.42,3.47,3.42,3.46,535378,1852850.25
2023-09-04,3.56,3.62,3.50,3.57,1773784,6330373.50
2023-09-05,3.55,3.55,3.50,3.52,760373,2675220.75
2023-09-06,3.50,3.54,3.50,3.51,336549,1181328.38
2023-09-07,3.48,3.53,3.46,3.48,322028,1121177.88
2023-09-08,3.46,3.50,3.43,3.46,290793,1001907.31
2023-09-11,3.48,3.48,3.44,3.47,247551,856209.25
2023-09-12,3.45,3.48,3.45,3.47,109405,379303.97
2023-09-13,3.43,3.48,3.43,3.46,230579,795555.38
2023-09-14,3.48,3.48,3.44,3.45,152660,528264.13
2023-09-15,3.45,3.49,3.44,3.45,185283,639808.88
2023-09-18,3.45,3.47,3.44,3.47,256428,885113.88
2023-09-19,3.47,3.47,3.44,3.46,156434,539713.88
2023-09-20,3.44,3.45,3.42,3.43,237929,816037.25
2023-09-21,3.42,3.42,3.40,3.41,207199,705512.75
2023-09-22,3.43,3.43,3.40,3.43,103825,355295.94
2023-09-25,3.43,3.43,3.40,3.43,114841,392275.19
2023-09-26,3.42,3.43,3.38,3.40,386504,1316117.25
2023-09-27,3.40,3.42,3.39,3.42,170130,578931.25
2023-09-28,3.42,3.44,3.40,3.43,36795,125771.17
2023-10-09,3.41,3.43,3.40,3.43,173705,592684.44
2023-10-10,3.41,3.43,3.39,3.41,234809,798911.38
2023-10-11,3.40,3.41,3.36,3.38,276269,932656.06
2023-10-12,3.39,3.39,3.36,3.39,106827,360701.50
2023-10-13,3.39,3.39,3.35,3.37,233218,782695.50
2023-10-16,3.38,3.41,3.37,3.39,167968,569433.31
2023-10-17,3.39,3.41,3.35,3.39,159472,536746.13
2023-10-18,3.39,3.39,3.33,3.36,100234,335347.13
2023-10-19,3.35,3.36,3.31,3.32,181984,605770.75
2023-10-20,3.34,3.34,3.25,3.25,207209,682369.63
2023-10-23,3.26,3.26,3.19,3.21,148110,477608.69
2023-10-24,3.22,3.26,3.17,3.26,269446,865394.25
2023-10-25,3.28,3.28,3.22,3.27,87266,284719.25
2023-10-26,3.28,3.28,3.22,3.27,131837,426065.59
2023-10-27,3.28,3.33,3.25,3.32,166147,548390.31
2023-10-30,3.28,3.32,3.28,3.31,109706,362813.63
2023-10-31,3.30,3.31,3.28,3.30,69414,228252.81
2023-11-01,3.30,3.32,3.24,3.30,107654,353562.22
2023-11-02,3.35,3.35,3.28,3.32,275437,912784.63
2023-11-03,3.33,3.34,3.30,3.33,270827,899687.06
2023-11-06,3.35,3.36,3.33,3.35,215618,720123.75
2023-11-07,3.28,3.35,3.28,3.33,602975,1999007.50
2023-11-08,3.29,3.40,3.29,3.39,885729,2994156.25
2023-11-09,3.42,3.42,3.36,3.39,569368,1931838.88
2023-11-10,3.37,3.74,3.36,3.51,4372581,15496329.00
2023-11-13,3.51,3.54,3.37,3.46,1916060,6571271.50
2023-11-14,3.42,3.45,3.40,3.43,928136,3173062.75
2023-11-15,3.45,3.65,3.43,3.52,1743086,6176237.50
2023-11-16,3.52,3.58,3.48,3.50,726935,2555600.25
2023-11-17,3.50,3.51,3.44,3.50,436595,1517185.75
2023-11-20,3.51,3.62,3.47,3.58,1383371,4918429.50
2023-11-21,3.58,3.91,3.58,3.75,6446480,24459590.00
2023-11-22,3.73,4.34,3.65,4.19,9155020,36711296.00
2023-11-23,4.19,4.54,4.06,4.16,11892503,51237512.00
2023-11-24,4.13,4.60,4.06,4.57,12227276,53645452.00
2023-11-27,4.75,5.38,4.57,5.38,18688435,94132248.00
2023-11-28,5.07,5.88,4.96,5.38,17530072,95619600.00
2023-11-29,5.28,5.60,4.59,4.69,11729407,58746184.00
2023-11-30,4.74,5.16,4.56,4.88,9894697,48402456.00
2023-12-01,4.80,4.95,4.53,4.60,6691207,31366030.00
2023-12-04,4.50,4.67,4.30,4.41,4262358,19013116.00
2023-12-05,4.45,4.89,4.37,4.80,10574055,49531692.00
2023-12-06,4.84,5.16,4.84,5.01,14193474,71149312.00
2023-12-07,4.90,5.15,4.81,5.02,9473040,47585080.00
2023-12-08,5.35,6.21,5.17,5.64,24232019,138374880.00
2023-12-11,5.64,6.00,5.22,5.43,18436878,102360072.00
2023-12-12,5.25,5.72,5.06,5.53,14465992,77985768.00
2023-12-13,5.62,5.98,5.53,5.72,16418840,94970008.00
2023-12-14,5.80,7.10,5.60,7.10,32620115,204654736.00
2023-12-15,6.92,7.38,6.56,6.61,27144530,187545904.00
2023-12-18,6.40,6.86,6.33,6.67,19242561,127677336.00
2023-12-19,7.00,7.20,6.59,6.66,18077150,123244312.00
2023-12-20,6.50,7.14,6.42,6.85,20141948,135936736.00
2023-12-21,6.73,6.88,5.62,5.73,19615780,122744208.00
2023-12-22,5.65,5.93,5.50,5.75,10402445,59411000.00
2023-12-25,5.77,5.94,5.62,5.87,10042513,58219084.00
2023-12-26,5.94,5.95,5.61,5.83,10313541,60365000.00
2023-12-27,5.80,5.86,5.40,5.69,9045779,50858396.00
2023-12-28,5.65,5.77,5.52,5.65,7827155,44330540.00
2023-12-29,5.65,5.77,5.61,5.73,7051605,40335908.00
2024-01-02,5.79,6.17,5.75,6.16,14308061,85375944.00
2024-01-03,6.03,6.42,5.96,6.35,13947634,86456872.00
2024-01-04,6.35,6.57,6.17,6.35,10997141,69526480.00
2024-01-05,6.24,6.36,5.83,5.91,8739537,53235952.00
2024-01-08,5.90,5.97,5.50,5.52,5836049,33308804.00
2024-01-09,5.65,5.65,5.05,5.18,6834329,36006312.00
2024-01-10,5.20,5.29,5.06,5.28,5259570,27317986.00
2024-01-11,5.22,5.33,5.18,5.28,3602889,18972600.00
2024-01-12,5.35,5.37,4.82,4.84,7201971,36250588.00
2024-01-15,4.84,4.92,4.57,4.69,6695481,31608454.00
2024-01-16,4.69,4.98,4.38,4.95,11028051,51943816.00
2024-01-17,4.86,5.04,4.84,4.84,7216930,35581908.00
2024-01-18,4.91,5.03,4.69,5.00,6609527,32216438.00
2024-01-19,5.02,5.35,4.93,5.30,10290035,53170900.00
2024-01-22,5.30,5.55,5.06,5.19,11923326,64076528.00
2024-01-23,5.30,5.33,4.91,5.19,7993428,40715620.00
2024-01-24,5.17,5.21,4.82,5.06,7323354,36593772.00
2024-01-25,5.03,5.15,4.83,5.01,7114634,35522044.00
2024-01-26,5.00,5.10,4.88,4.92,4610241,23028354.00
2024-01-29,4.97,4.97,4.50,4.50,5049390,23590330.00
2024-01-30,4.50,4.65,4.30,4.36,3088500,13689268.00
2024-01-31,4.43,4.90,4.41,4.60,7352950,34138832.00
2024-02-01,4.68,4.83,4.34,4.35,5660826,26099308.00
2024-02-02,4.26,4.45,3.94,4.03,5770067,23885668.00
2024-02-05,4.09,4.09,3.45,3.72,5193687,19433992.00
2024-02-06,3.69,4.05,3.65,4.01,4736218,18659722.00
2024-02-07,4.01,4.24,3.98,3.98,5712484,23518452.00
2024-02-08,4.00,4.12,3.69,4.07,3846385,15331574.00
2024-02-19,4.15,4.20,4.00,4.18,3585527,14803953.00
2024-02-20,4.18,4.32,4.12,4.28,3646947,15447645.00
2024-02-21,4.29,4.43,4.25,4.33,5420431,23662898.00
2024-02-22,4.30,4.38,4.25,4.29,4127885,17760736.00
2024-02-23,4.29,4.30,4.17,4.22,3676444,15554580.00
2024-02-26,4.23,4.26,4.14,4.19,2651237,11127607.00
2024-02-27,4.24,4.44,4.16,4.38,4754162,20627584.00
2024-02-28,4.35,4.59,4.25,4.25,5569499,24694058.00
2024-02-29,4.22,4.90,4.18,4.76,11834685,55141816.00
2024-03-01,4.98,5.14,4.60,4.69,11310858,55317340.00
2024-03-04,4.52,4.64,4.40,4.53,6050008,27185874.00
2024-03-05,4.51,4.51,4.31,4.32,3158713,13849035.00
2024-03-06,4.33,4.72,4.33,4.57,6818581,31287900.00
2024-03-07,4.46,4.51,4.38,4.40,4228444,18770222.00
2024-03-08,4.39,4.43,4.30,4.35,2890751,12575731.00
2024-03-11,4.37,4.52,4.31,4.44,2846387,12528769.00
2024-03-12,4.43,4.48,4.39,4.44,2643299,11692865.00
2024-03-13,4.47,4.60,4.43,4.44,2675898,12016770.00
2024-03-14,4.44,4.51,4.37,4.37,2105097,9302453.00
2024-03-15,4.42,4.58,4.36,4.53,4745814,21402500.00
2024-03-18,4.55,4.65,4.49,4.57,3028779,13773959.00
2024-03-19,4.75,4.88,4.57,4.62,6557991,30803862.00
2024-03-20,4.56,4.65,4.50,4.56,2970055,13531050.00
2024-03-21,4.90,5.13,4.70,4.73,12995623,63476800.00
2024-03-22,4.63,4.82,4.58,4.80,8372193,39200660.00
2024-03-25,4.85,5.19,4.85,5.07,13562140,68207800.00
2024-03-26,4.96,5.13,4.80,4.84,6379917,31318250.00
2024-03-27,4.85,4.95,4.68,4.77,4459235,21508954.00
2024-03-28,4.80,4.94,4.72,4.77,4268655,20606674.00
2024-03-29,4.77,4.85,4.61,4.66,4821682,22478358.00
2024-04-01,4.63,4.68,4.62,4.66,3427788,15927721.00
2024-04-02,4.67,4.83,4.64,4.68,3586136,16873526.00
2024-04-03,4.67,4.83,4.46,4.73,6824542,31654234.00
2024-04-08,4.66,4.72,4.51,4.51,4000900,18389110.00
2024-04-09,4.45,4.53,4.35,4.44,3556764,15743735.00
2024-04-10,4.44,4.80,4.38,4.60,6564101,30384636.00
2024-04-11,4.56,4.59,4.46,4.46,3934413,17710342.00
2024-04-12,4.49,4.52,4.36,4.36,3685710,16342816.00
2024-04-15,4.32,4.40,4.10,4.13,4311577,18199174.00
2024-04-16,4.15,4.15,3.74,3.77,3071304,11943615.00
2024-04-17,3.85,4.05,3.85,3.98,2273049,9011391.00
2024-04-18,3.98,4.02,3.91,3.94,1898555,7535910.00
2024-04-19,3.99,4.30,3.89,4.14,5750132,23985406.00
2024-04-22,4.06,4.06,3.91,3.98,2944005,11708916.00
2024-04-23,3.96,4.02,3.94,3.99,2238241,8929109.00
2024-04-24,4.12,4.22,4.00,4.02,3205548,13054764.00
2024-04-25,4.00,4.02,3.95,3.97,2530650,10069478.00
2024-04-26,3.95,4.03,3.95,4.01,2217062,8855400.00
2024-04-29,4.06,4.12,4.02,4.08,2593062,10536401.00
2024-04-30,4.09,4.15,4.07,4.10,2377667,9747540.00
2024-05-06,4.15,4.38,4.11,4.28,5540572,23598944.00
2024-05-07,4.25,4.32,4.17,4.20,3666745,15405652.00
2024-05-08,4.19,4.22,4.15,4.15,1927100,8056011.50
2024-05-09,4.14,4.20,4.14,4.16,1727681,7215003.00
2024-05-10,4.16,4.22,4.13,4.15,1692751,7051410.00
2024-05-13,4.21,4.83,4.21,4.50,13568917,61107116.00
2024-05-14,4.30,4.48,4.26,4.35,7884992,34163064.00
2024-05-15,4.33,4.37,4.17,4.20,5749124,24315146.00
2024-05-16,4.22,4.29,4.12,4.15,3795428,15823974.00
2024-05-17,4.15,4.22,4.12,4.18,2159533,9019146.00
2024-05-20,4.16,4.27,4.16,4.23,3464995,14599622.00
2024-05-21,4.19,4.20,4.14,4.18,2150041,8948537.00
2024-05-22,4.19,4.20,4.15,4.18,1388726,5785822.00
2024-05-23,4.18,4.37,4.11,4.25,6694666,28587632.00
2024-05-24,4.21,4.33,4.19,4.24,3629375,15497358.00
2024-05-27,4.22,4.29,4.16,4.22,1940517,8155864.50
2024-05-28,4.21,4.32,4.17,4.23,2327986,9852083.00
2024-05-29,4.21,4.24,4.12,4.14,2543892,10617762.00
2024-05-30,4.16,4.16,4.03,4.04,3201757,13071522.00
2024-05-31,4.03,4.08,4.02,4.04,1574691,6352373.50
2024-06-03,4.02,4.06,3.92,3.94,1432794,5709754.00
2024-06-04,3.96,3.99,3.93,3.97,896656,3551349.25
2024-06-05,3.95,3.97,3.83,3.84,1538828,5980713.50
2024-06-06,3.84,3.85,3.66,3.67,2952049,10977472.00
2024-06-07,3.72,3.78,3.67,3.74,1708257,6362300.00
2024-06-11,3.75,3.80,3.73,3.77,1094325,4117918.25
2024-06-12,3.76,3.80,3.73,3.79,704828,2654541.75
2024-06-13,3.78,3.79,3.74,3.76,844466,3174376.00
2024-06-14,3.74,3.79,3.74,3.77,656365,2477069.00
2024-06-17,3.78,3.78,3.73,3.75,503225,1884439.25
2024-06-18,3.72,3.78,3.72,3.75,686709,2579198.00
2024-06-19,3.74,3.87,3.74,3.79,1559553,5941552.50
2024-06-20,3.78,3.79,3.72,3.74,849875,3185335.00
2024-06-21,3.71,3.80,3.71,3.80,1337462,5063220.00
2024-06-24,3.76,3.80,3.65,3.67,1549593,5728141.50
2024-06-25,3.65,3.74,3.65,3.68,693869,2566423.25
2024-06-26,3.70,3.75,3.67,3.75,462961,1719325.00
2024-06-27,3.73,3.76,3.65,3.68,831270,3072187.50
2024-06-28,3.66,3.72,3.66,3.68,774352,2859170.25
2024-07-01,3.67,3.72,3.66,3.71,598847,2210057.50
2024-07-02,3.71,3.71,3.67,3.69,643159,2374209.50
2024-07-03,3.67,3.70,3.66,3.67,541224,1988714.63
2024-07-04,3.69,3.72,3.65,3.65,965037,3547762.50
2024-07-05,3.68,3.69,3.62,3.66,441529,1613348.50
2024-07-08,3.65,3.67,3.55,3.56,626710,2261839.50
2024-07-09,3.55,3.65,3.51,3.60,1049121,3758984.00
2024-07-10,3.59,3.62,3.55,3.55,488717,1750920.50
2024-07-11,3.59,3.65,3.59,3.62,777040,2810396.50
2024-07-12,3.62,3.66,3.61,3.63,794534,2884056.25
2024-07-15,3.61,3.63,3.52,3.56,1327565,4714761.50
2024-07-16,3.53,3.71,3.51,3.67,2320642,8437027.00
2024-07-17,3.66,4.00,3.65,3.95,6918465,26865190.00
2024-07-18,3.91,3.93,3.75,3.83,3214178,12318093.00
2024-07-19,3.80,3.89,3.76,3.77,1810056,6909166.50
2024-07-22,3.77,3.83,3.75,3.76,922177,3484279.25
2024-07-23,3.75,3.83,3.71,3.73,1618367,6099738.00
2024-07-24,3.72,3.77,3.64,3.66,1052637,3885744.00
2024-07-25,3.67,3.75,3.64,3.69,1061349,3935587.25
2024-07-26,3.69,3.75,3.69,3.74,927151,3450919.75
2024-07-29,3.76,3.76,3.70,3.73,665859,2479655.00
2024-07-30,3.73,3.84,3.73,3.79,1248853,4731936.00
2024-07-31,3.75,3.87,3.75,3.84,1842508,7051704.00
2024-08-01,3.84,3.88,3.79,3.82,1304017,5001236.00
2024-08-02,3.80,3.81,3.71,3.74,1101738,4158144.00
2024-08-05,3.80,3.80,3.69,3.73,930569,3467800.25
2024-08-06,3.75,3.77,3.71,3.76,812519,3033023.00
2024-08-07,3.73,3.76,3.71,3.73,371774,1389906.50
2024-08-08,3.87,3.90,3.78,3.78,2299499,8832309.00
2024-08-09,3.77,3.82,3.72,3.73,1224178,4599475.00
2024-08-12,3.76,3.82,3.69,3.77,1441571,5401750.00
2024-08-13,3.79,3.88,3.72,3.81,1483518,5639866.00
2024-08-14,3.76,3.80,3.74,3.74,1007678,3786831.25
2024-08-15,3.73,3.77,3.72,3.74,789583,2953407.75
2024-08-16,3.73,3.76,3.70,3.71,843911,3137898.25
2024-08-19,3.71,3.73,3.67,3.69,659674,2437169.75
2024-08-20,3.69,3.73,3.65,3.67,854417,3146426.25
2024-08-21,3.65,3.68,3.62,3.64,706037,2573135.25
2024-08-22,3.65,3.65,3.55,3.57,687874,2476662.50
2024-08-23,3.59,3.59,3.54,3.58,567595,2021521.88
2024-08-26,3.60,3.96,3.57,3.77,2546904,9554707.00
2024-08-27,3.74,3.75,3.64,3.66,1702453,6253536.50
2024-08-28,3.66,3.76,3.61,3.71,1299323,4804119.00
2024-08-29,3.66,3.72,3.63,3.69,752258,2762738.00
2024-08-30,3.70,3.76,3.66,3.72,1298584,4830731.00
2024-09-02,3.72,3.75,3.68,3.69,993891,3688567.50
2024-09-03,3.71,3.71,3.68,3.70,467977,1728729.50
2024-09-04,3.66,3.71,3.65,3.68,881740,3239709.50
2024-09-05,3.68,3.70,3.66,3.68,335662,1233067.38
2024-09-06,3.68,3.68,3.63,3.64,544384,1989163.50
2024-09-09,3.65,3.65,3.61,3.62,427373,1548388.25
2024-09-10,3.64,3.64,3.59,3.62,373869,1347569.25
2024-09-11,3.62,3.63,3.58,3.60,350982,1265403.13
2024-09-12,3.62,3.63,3.59,3.60,270868,978830.31
2024-09-13,3.59,3.68,3.56,3.61,781743,2824455.50
2024-09-18,3.62,3.62,3.55,3.58,550024,1966556.75
2024-09-19,3.58,3.65,3.57,3.62,468952,1695713.75
2024-09-20,3.62,3.65,3.60,3.62,209168,756956.13
2024-09-23,3.64,3.64,3.59,3.60,467917,1687281.38
2024-09-24,3.62,3.72,3.60,3.69,1295511,4745680.00
2024-09-25,3.71,3.80,3.70,3.73,2396737,8992079.00
2024-09-26,3.74,3.80,3.70,3.80,1473199,5551384.50
2024-09-27,3.81,4.20,3.81,4.07,7119158,28574314.00
2024-09-30,4.26,4.85,4.15,4.80,11343510,50963088.00
2024-10-08,5.86,6.00,5.04,5.86,15775377,87909760.00
2024-10-09,5.39,5.49,4.80,4.93,9074636,47154128.00
2024-10-10,5.03,5.60,4.73,5.15,9316594,48264940.00
2024-10-11,4.89,5.21,4.80,4.81,5902904,29443308.00
2024-10-14,4.74,5.03,4.73,5.03,5572846,27364902.00
2024-10-15,5.00,5.10,4.83,4.86,4751850,23692212.00
2024-10-16,4.73,5.14,4.72,5.09,7153068,35605880.00
2024-10-17,5.06,5.48,5.02,5.12,12002523,62511924.00
2024-10-18,5.10,5.47,5.07,5.33,12208143,64671472.00
2024-10-21,5.28,5.88,5.28,5.72,15902301,89267088.00
2024-10-22,5.68,5.83,5.35,5.49,13201731,73569896.00
2024-10-23,5.62,6.02,5.51,5.77,13401225,77156976.00
2024-10-24,5.74,7.00,5.70,6.60,24334270,151768832.00
2024-10-25,6.47,7.17,6.40,6.41,24944567,166842864.00
2024-10-28,6.30,6.65,6.11,6.61,13816599,89051816.00
2024-10-29,6.78,6.78,6.42,6.70,15496351,103075216.00
2024-10-30,6.65,7.12,6.55,7.03,16095624,110007120.00
2024-10-31,7.14,7.15,6.60,6.68,13013277,88422544.00
2024-11-01,6.60,6.69,6.11,6.20,10945976,70431592.00
2024-11-04,6.09,6.58,6.09,6.58,7416534,47372360.00
2024-11-05,6.58,7.17,6.55,7.17,18650454,129764848.00
2024-11-06,7.39,7.99,7.19,7.29,21397738,161358000.00
2024-11-07,7.63,9.47,7.57,9.43,34772553,303654816.00
2024-11-08,9.03,9.20,8.06,8.32,28059207,243982352.00
2024-11-11,8.34,10.52,7.89,10.09,30298274,275396448.00
2024-11-12,9.53,10.88,9.38,9.50,28753656,285790624.00
2024-11-13,9.00,9.33,8.70,9.04,16263167,146516336.00
2024-11-14,9.05,10.10,8.67,9.30,24935953,236708336.00
2024-11-15,9.00,11.45,9.00,10.60,34746087,350643392.00
2024-11-18,10.20,13.28,10.16,12.50,37191546,447415744.00
2024-11-19,11.77,12.50,10.69,11.39,27993438,319050432.00
2024-11-20,11.08,12.50,11.08,11.85,26234347,310984224.00
2024-11-21,12.30,12.80,11.68,11.85,24864897,301445440.00
2024-11-22,11.75,13.34,11.75,11.93,28724853,359354880.00
2024-11-25,12.30,13.96,11.30,13.33,34661146,438409440.00
2024-11-26,12.99,13.08,11.91,11.99,26138499,327848384.00
2024-11-27,11.20,12.68,11.20,11.69,22619477,268347360.00
2024-11-28,11.40,12.13,10.95,11.03,21730066,249181136.00
2024-11-29,11.03,11.03,10.28,10.63,18464020,195872832.00
2024-12-02,10.85,10.95,10.57,10.86,13813336,148522688.00
2024-12-03,10.86,10.86,10.86,10.86,0,0.00
#数据来源:通达信
