831832 科达自控 日线 不复权
      日期	    开盘	    最高	    最低	    收盘	    成交量	    成交额
2015-04-21,3.00,3.00,3.00,3.00,90000,270000.00
2015-04-22,3.00,3.00,3.00,3.00,297000,891000.00
2015-04-23,3.00,3.00,3.00,3.00,1000,3000.00
2015-04-24,3.00,3.00,3.00,3.00,220000,660000.00
2015-04-27,3.96,8.00,3.96,8.00,2019700,12037480.00
2015-05-21,8.00,8.00,8.00,8.00,100000,800000.00
2015-05-26,8.30,8.30,8.30,8.30,64000,531200.00
2015-06-03,8.30,8.30,8.30,8.30,36000,298800.00
2015-06-23,8.50,8.50,8.50,8.50,24000,204000.00
2015-06-24,8.50,8.50,8.50,8.50,28000,238000.00
2015-06-26,8.50,8.50,8.50,8.50,34000,289000.00
2015-07-01,8.85,9.15,8.85,8.89,25000,222150.00
2015-07-02,8.85,9.55,8.85,9.00,30000,270100.00
2015-07-03,8.85,8.85,8.85,8.85,18000,159300.00
2015-07-07,8.85,9.15,8.85,8.85,19000,169950.00
2015-07-10,9.15,10.60,9.15,9.61,32000,307500.00
2015-07-13,10.70,11.10,10.60,10.86,25000,271400.00
2015-07-14,9.45,11.05,9.45,10.83,36000,389800.00
2015-07-15,11.25,11.75,11.25,11.37,37000,420850.00
2015-07-16,9.94,9.94,9.94,9.94,39000,387660.00
2015-07-17,10.20,12.61,10.20,12.38,33000,385590.00
2015-07-20,13.11,14.21,12.72,13.20,29000,382880.00
2015-07-21,14.54,15.25,14.54,14.87,11000,163540.00
2015-07-22,15.99,17.89,15.90,16.61,23000,382130.00
2015-07-24,17.80,18.00,17.00,17.70,21000,372610.00
2015-08-28,15.00,15.00,15.00,15.00,21000,315000.00
2015-09-25,15.37,16.00,15.37,15.69,2000,31370.00
2015-09-28,15.40,15.50,15.40,15.43,3000,46300.00
2015-10-08,16.25,16.38,16.25,16.38,5000,81560.00
2015-10-09,16.30,16.36,16.30,16.34,3000,49020.00
2015-10-12,16.40,16.45,16.40,16.42,5000,82110.00
2015-10-13,16.43,16.45,16.43,16.44,3000,49310.00
2015-10-20,16.45,16.48,16.45,16.46,5000,82320.00
2015-10-22,16.46,16.50,16.46,16.48,6000,98880.00
2015-10-23,16.50,16.53,16.50,16.52,2000,33030.00
2015-10-26,16.46,16.48,16.46,16.47,2000,32940.00
2015-10-27,16.50,16.53,16.50,16.53,4000,66060.00
2015-10-29,16.53,16.55,16.53,16.54,3000,49610.00
2015-11-04,16.65,16.70,16.65,16.70,2000,33350.00
2015-11-05,16.85,16.85,16.85,16.85,2000,33700.00
2015-11-06,18.50,18.50,18.50,18.50,1000,18500.00
2015-11-09,18.40,18.42,18.40,18.41,5000,92040.00
2015-11-16,16.10,16.10,16.10,16.10,1000,16100.00
2015-11-18,18.05,18.05,18.05,18.05,1000,18050.00
2015-11-19,18.60,18.60,18.60,18.60,2000,37200.00
2015-11-20,17.90,17.90,17.90,17.90,2000,35800.00
2015-11-23,17.50,17.50,17.50,17.50,1000,17500.00
2015-11-24,17.60,17.60,17.60,17.60,2000,35200.00
2015-11-26,18.10,18.10,18.10,18.10,1000,18100.00
2015-11-30,16.50,16.50,16.50,16.50,1000,16500.00
2015-12-04,17.00,17.20,17.00,17.13,3000,51400.00
2015-12-08,16.00,16.00,15.70,15.85,2000,31700.00
2015-12-10,16.90,17.00,16.80,16.88,4000,67500.00
2015-12-11,17.50,17.50,17.50,17.50,1000,17500.00
2015-12-16,17.80,17.80,17.80,17.80,1000,17800.00
2015-12-17,13.15,13.15,13.15,13.15,10000,131500.00
2015-12-18,17.00,17.00,17.00,17.00,2000,34000.00
2015-12-24,17.40,17.40,17.40,17.40,1000,17400.00
2015-12-25,17.80,17.92,17.80,17.92,3000,53520.00
2015-12-28,17.75,17.75,17.55,17.68,3000,53050.00
2015-12-29,17.80,17.94,17.80,17.87,2000,35740.00
2015-12-30,18.00,18.00,18.00,18.00,1000,18000.00
2016-01-05,17.00,17.00,17.00,17.00,1000,17000.00
2016-01-06,17.20,17.20,17.20,17.20,1000,17200.00
2016-01-08,16.00,16.00,16.00,16.00,1000,16000.00
2016-01-11,15.80,15.80,15.80,15.80,1000,15800.00
2016-01-12,15.20,15.20,15.20,15.20,1000,15200.00
2016-01-14,15.00,15.00,15.00,15.00,2000,30000.00
2016-01-15,15.10,15.10,14.98,15.04,2000,30080.00
2016-01-18,14.40,14.40,14.40,14.40,1000,14400.00
2016-01-20,15.20,15.20,15.00,15.10,2000,30200.00
2016-01-22,15.60,15.80,15.60,15.80,2000,31400.00
2016-01-26,16.40,16.40,16.40,16.40,1000,16400.00
2016-01-29,14.50,14.50,14.50,14.50,1000,14500.00
2016-02-02,15.40,15.50,15.40,15.50,2000,30900.00
2016-02-03,15.00,15.00,15.00,15.00,1000,15000.00
2016-02-17,14.00,14.00,13.00,13.11,9000,118000.00
2016-02-19,13.20,13.25,13.20,13.23,2000,26450.00
2016-02-22,14.00,14.00,14.00,14.00,1000,14000.00
2016-02-23,14.40,14.40,14.40,14.40,1000,14400.00
2016-02-24,14.50,14.50,14.50,14.50,1000,14500.00
2016-02-26,14.60,14.80,14.60,14.70,2000,29400.00
2016-02-29,14.50,14.50,14.50,14.50,1000,14500.00
2016-03-02,15.60,15.60,15.60,15.60,1000,15600.00
2016-03-04,15.90,15.90,15.90,15.90,1000,15900.00
2016-03-09,15.40,15.40,15.40,15.40,1000,15400.00
2016-03-11,15.20,15.20,15.20,15.20,1000,15200.00
2016-03-15,15.90,15.90,15.90,15.90,1000,15900.00
2016-03-16,15.50,15.50,15.50,15.50,1000,15500.00
2016-03-21,16.40,16.40,16.40,16.40,1000,16400.00
2016-03-23,16.00,16.00,16.00,16.00,1000,16000.00
2016-03-25,16.50,16.50,16.50,16.50,1000,16500.00
2016-03-28,16.90,16.90,16.90,16.90,1000,16900.00
2016-04-06,17.40,17.40,17.20,17.20,2000,34600.00
2016-04-08,17.00,17.00,17.00,17.00,1000,17000.00
2016-04-12,17.20,17.20,17.20,17.20,1000,17200.00
2016-04-13,17.30,17.30,17.30,17.30,1000,17300.00
2016-04-15,17.15,17.15,17.15,17.15,1000,17150.00
2016-04-18,17.00,17.00,17.00,17.00,1000,17000.00
2016-05-16,16.40,16.40,16.40,16.40,1000,16400.00
2017-03-23,16.00,16.00,16.00,16.00,1000,16000.00
2017-05-12,12.60,12.60,8.00,8.00,3000,28820.00
2017-05-15,4.18,4.18,4.18,4.18,238000,994840.00
2017-05-16,4.18,4.18,4.18,4.18,238000,994840.00
2017-05-17,4.18,4.18,4.18,4.18,912000,3812160.00
2017-05-18,4.18,4.19,4.18,4.19,478000,2000460.00
2017-05-19,4.24,4.24,4.19,4.19,655000,2755550.00
2017-05-22,4.19,4.19,4.19,4.19,587000,2459530.00
2017-05-25,4.20,4.20,4.20,4.20,478300,2009128.75
2017-06-05,6.80,6.80,6.80,6.80,1000,6800.00
2017-06-07,9.00,9.00,9.00,9.00,1000,9000.00
2017-06-20,12.00,12.00,12.00,12.00,1000,12000.00
2017-07-31,15.20,15.20,15.20,15.20,2000,30400.00
2017-08-11,15.00,15.00,15.00,15.00,500000,7500000.00
2017-08-14,15.00,15.00,15.00,15.00,499700,7496775.00
2017-09-13,8.00,8.00,8.00,8.00,500000,4000000.00
2017-10-18,13.80,13.80,13.80,13.80,1000,13800.00
2017-10-25,15.40,15.40,15.40,15.40,1000,15400.00
2018-05-24,9.00,9.00,9.00,9.00,10000,90000.00
2018-05-25,7.00,7.00,7.00,7.00,30000,210000.00
2018-05-28,6.00,6.00,6.00,6.00,40000,240000.00
2018-05-29,11.00,11.00,11.00,11.00,10000,110000.00
2018-05-30,15.00,15.00,15.00,15.00,10000,150000.00
2018-12-04,8.00,8.00,8.00,8.00,100000,800000.00
2018-12-05,15.00,15.00,15.00,15.00,1000,15000.00
2018-12-12,15.00,15.00,15.00,15.00,1000,15000.00
2019-01-11,8.00,8.00,8.00,8.00,100000,800000.00
2019-01-14,12.00,12.00,12.00,12.00,1000,12000.00
2019-01-16,15.80,15.80,15.80,15.80,1000,15800.00
2019-02-20,12.05,12.05,12.05,12.05,20000,241000.00
2019-02-21,7.80,7.80,7.80,7.80,50000,390000.00
2019-02-27,6.00,6.00,6.00,6.00,155000,930000.00
2019-02-28,9.50,9.50,9.50,9.50,25000,237500.00
2019-03-01,9.50,9.50,9.50,9.50,25000,237500.00
2019-03-04,16.20,16.20,16.20,16.20,20000,324000.00
2019-03-12,19.80,19.80,19.80,19.80,2000,39600.00
2019-03-13,22.80,22.80,22.80,22.80,1000,22800.00
2020-01-03,22.70,22.70,22.70,22.70,134000,2010000.00
2020-01-06,22.70,22.70,22.70,22.70,116000,1740000.00
2020-01-16,22.70,22.70,22.70,22.70,67000,1005000.00
2020-01-17,22.70,22.70,22.70,22.70,67000,1005000.00
2020-02-13,22.70,22.70,22.70,22.70,250000,3000000.00
2020-02-14,22.70,22.70,22.70,22.70,150000,2100000.00
2020-02-26,20.00,20.00,20.00,20.00,3000,60000.00
2020-03-18,15.00,15.00,15.00,15.00,4000,60000.00
2020-03-19,15.00,15.00,15.00,15.00,7000,105000.00
2020-03-20,15.00,15.00,15.00,15.00,4000,60000.00
2020-03-24,15.00,15.00,15.00,15.00,2000,30000.00
2020-03-26,15.00,15.00,15.00,15.00,2000,30000.00
2020-04-28,15.00,15.00,15.00,15.00,500,7500.00
2020-04-29,15.00,15.00,15.00,15.00,200,3000.00
2020-04-30,15.00,15.00,15.00,15.00,150200,1578000.00
2020-06-04,15.00,15.00,15.00,15.00,1700,25500.00
2020-06-05,16.80,16.80,16.80,16.80,101300,1072840.00
2020-06-08,16.80,16.80,16.80,16.80,1000,16800.00
2020-06-12,15.00,15.00,15.00,15.00,100,1500.00
2020-06-15,15.00,15.00,15.00,15.00,110000,1156100.00
2020-06-18,15.00,15.00,15.00,15.00,110000,1155000.00
2020-06-19,15.00,15.00,15.00,15.00,110000,1155000.00
2020-06-22,15.00,15.00,15.00,15.00,110000,1155000.00
2020-06-23,15.00,15.00,15.00,15.00,110000,1155000.00
2020-06-24,15.00,15.00,15.00,15.00,110000,1155000.00
2020-06-29,15.00,15.00,15.00,15.00,212000,2226000.00
2020-06-30,15.00,15.00,15.00,15.00,287000,3013500.00
2020-07-01,15.00,15.00,15.00,15.00,212600,2232300.00
2020-07-07,16.83,16.83,16.83,16.83,1900,31977.00
2020-07-08,15.72,16.83,15.23,15.62,4800,74487.00
2020-07-09,15.65,15.65,15.56,15.56,2000,31194.00
2020-07-13,15.50,15.50,15.50,15.50,400,6200.00
2020-07-22,15.50,15.50,15.50,15.50,250000,2712500.00
2020-08-03,14.80,14.80,14.80,14.80,600,8880.00
2020-08-25,12.12,12.12,12.12,12.12,200,2424.00
2020-08-26,9.80,9.80,9.80,9.80,200,1960.00
2020-08-27,7.29,7.29,7.29,7.29,200,1458.00
2020-08-31,11.99,11.99,11.99,11.99,100,1199.00
2020-09-01,11.98,11.98,11.98,11.98,100,1198.00
2020-09-02,11.21,11.21,11.21,11.21,200,2129.90
2020-09-04,14.13,14.13,14.13,14.13,100,1413.00
2020-09-07,12.50,12.50,12.50,12.50,700,8750.00
2020-09-11,17.00,17.00,17.00,17.00,100,1700.00
2020-10-20,9.50,9.50,9.50,9.50,100,950.00
2020-10-27,16.00,16.00,16.00,16.00,100,1600.00
2020-10-28,15.98,15.98,15.98,15.98,300,4794.00
2020-11-02,16.30,16.30,15.78,15.78,1500,23906.00
2020-11-03,9.65,9.65,9.65,9.65,100,965.00
2020-11-05,16.85,16.85,16.85,16.85,100,1685.00
2020-11-25,15.80,15.98,15.80,15.98,300,4767.00
2020-12-01,15.98,15.98,15.98,15.98,200,3196.00
2020-12-03,14.00,14.00,14.00,14.00,400,5460.00
2020-12-21,15.98,15.98,15.98,15.98,1000,15980.00
2020-12-29,15.98,15.98,15.98,15.98,200000,2240000.00
2021-01-12,15.98,15.98,15.98,15.98,200,3196.00
2021-02-08,13.98,13.98,13.98,13.98,100,1398.00
2021-02-09,13.98,13.98,13.98,13.98,100100,1101398.00
2021-02-18,11.88,11.88,11.75,11.75,200,2363.00
2021-02-19,11.55,11.55,11.55,11.55,500,5775.00
2021-02-22,11.55,11.55,11.55,11.55,600,6468.00
2021-02-23,11.55,13.32,11.55,13.32,300,3642.00
2021-03-02,13.50,13.50,13.50,13.50,100,1350.00
2021-03-03,13.50,13.50,13.50,13.50,100,1350.00
2021-03-05,14.00,14.00,14.00,14.00,200,2800.00
2021-03-08,13.99,13.99,13.99,13.99,100,1399.00
2021-03-10,13.99,13.99,13.99,13.99,96000,1008000.00
2021-03-11,13.99,13.99,13.99,13.99,1001700,10517850.00
2021-03-23,12.88,12.88,12.44,12.44,900,11240.00
2021-03-25,12.66,12.66,12.66,12.66,100,822.90
2021-03-29,13.00,13.00,13.00,13.00,100,1300.00
2021-03-31,13.00,13.00,13.00,13.00,100,1300.00
2021-04-08,13.00,15.00,13.00,15.00,1600,21435.00
2021-04-09,17.50,17.70,17.50,17.50,1200,21200.00
2021-04-15,15.00,15.00,15.00,15.00,100,1500.00
2021-06-24,13.88,13.88,13.88,13.88,900,12492.00
2021-11-15,23.95,39.33,23.95,27.60,16787100,498635520.00
2021-11-16,24.80,27.07,23.60,24.37,5697600,143287984.00
2021-11-17,24.56,25.56,22.30,23.00,3401500,80183992.00
2021-11-18,23.03,23.88,21.93,22.15,2749100,62534560.00
2021-11-19,22.16,22.30,20.60,21.06,2392200,50721240.00
2021-11-22,21.30,21.39,20.35,21.18,1779200,37319056.00
2021-11-23,21.27,22.95,21.06,22.15,2500000,55148936.00
2021-11-24,22.27,22.40,21.48,21.55,1323700,28728878.00
2021-11-25,21.59,21.88,20.91,20.95,1283100,27285596.00
2021-11-26,20.95,21.27,20.21,20.36,1266500,25970638.00
2021-11-29,20.20,20.20,19.25,19.45,1363600,26622758.00
2021-11-30,19.45,20.02,19.39,19.61,1010900,19899214.00
2021-12-01,19.88,19.88,19.27,19.31,622200,12058230.00
2021-12-02,19.29,20.72,19.22,19.80,1400800,27928962.00
2021-12-03,19.96,20.15,19.30,19.45,839800,16447570.00
2021-12-06,19.45,19.46,18.80,18.86,807800,15461887.00
2021-12-07,19.04,19.34,18.68,18.80,409300,7747233.00
2021-12-08,18.83,19.10,18.70,18.89,375500,7080920.00
2021-12-09,18.89,19.00,18.72,18.91,477400,9005599.00
2021-12-10,19.04,19.98,18.99,19.59,1553100,30423794.00
2021-12-13,19.78,19.86,19.37,19.72,699000,13722265.00
2021-12-14,19.88,21.47,19.88,21.00,2442700,50984280.00
2021-12-15,20.58,21.46,20.52,20.75,1223700,25725696.00
2021-12-16,21.01,21.30,20.30,20.33,848700,17446194.00
2021-12-17,20.36,20.98,20.20,20.68,809200,16648092.00
2021-12-20,20.60,20.60,19.33,19.76,1333300,26491184.00
2021-12-21,19.82,19.82,19.16,19.42,617600,11943519.00
2021-12-22,19.39,19.97,19.21,19.40,592200,11016129.00
2021-12-23,19.40,19.40,18.84,18.86,657100,12521067.00
2021-12-24,18.87,19.28,18.12,18.13,745600,13736653.00
2021-12-27,18.03,18.54,18.00,18.00,485200,8834964.00
2021-12-28,18.13,18.63,18.02,18.30,513000,9422129.00
2021-12-29,18.40,18.89,18.38,18.83,900700,16830600.00
2021-12-30,19.00,19.31,18.61,19.15,806700,15401320.00
2021-12-31,19.48,19.99,19.32,19.75,1757600,34642452.00
2022-01-04,19.31,19.68,19.01,19.15,848700,16268057.00
2022-01-05,19.17,19.99,18.90,19.38,895400,17462236.00
2022-01-06,19.38,19.52,18.99,19.05,637900,12195836.00
2022-01-07,19.28,19.28,18.60,18.60,524400,9888044.00
2022-01-10,18.66,18.85,18.28,18.34,570102,10507229.00
2022-01-11,18.34,18.62,18.29,18.30,432551,7540187.00
2022-01-12,18.50,18.58,18.25,18.36,486128,8921600.00
2022-01-13,18.30,18.80,18.30,18.36,547230,10147062.00
2022-01-14,18.25,18.47,18.11,18.20,489275,8920251.00
2022-01-17,18.15,18.58,17.61,18.51,603884,11107049.00
2022-01-18,18.45,18.70,18.00,18.19,518401,9499088.00
2022-01-19,18.20,18.20,17.77,18.00,762020,13635131.00
2022-01-20,18.08,19.30,18.00,18.84,1855074,34740624.00
2022-01-21,18.40,18.66,18.00,18.20,992290,18160016.00
2022-01-24,18.25,18.32,17.60,17.64,833497,14934944.00
2022-01-25,17.90,17.93,17.00,17.00,609099,10565296.00
2022-01-26,16.82,17.45,16.82,17.07,188818,3228971.50
2022-01-27,17.20,17.20,16.18,16.28,588929,9708435.00
2022-01-28,16.58,16.59,16.03,16.27,250719,4086094.75
2022-02-07,16.33,16.72,16.33,16.62,261007,4311609.00
2022-02-08,16.63,16.80,16.47,16.78,144107,2400920.25
2022-02-09,16.72,16.72,16.50,16.68,410587,6815319.50
2022-02-10,16.68,16.68,16.25,16.34,478060,7835005.50
2022-02-11,16.51,16.51,15.90,15.93,425653,6837335.50
2022-02-14,15.88,16.03,15.48,15.66,257019,4056650.50
2022-02-15,15.70,15.96,15.70,15.91,122487,1940430.63
2022-02-16,16.16,16.30,15.95,16.04,157408,2539268.75
2022-02-17,16.10,16.10,15.67,15.72,292121,4604756.50
2022-02-18,15.85,15.90,15.66,15.79,164524,2585968.50
2022-02-21,15.90,16.01,15.71,15.93,326840,5178949.00
2022-02-22,15.78,16.13,15.72,15.88,354169,5643509.50
2022-02-23,15.84,16.08,15.82,16.00,199393,3184106.75
2022-02-24,16.25,16.25,15.53,15.71,460370,7281936.50
2022-02-25,15.48,16.00,15.48,15.68,215401,3385167.50
2022-02-28,16.15,16.45,15.55,16.39,1093995,17732280.00
2022-03-01,16.25,16.64,16.25,16.58,536824,8849413.00
2022-03-02,16.56,16.56,16.28,16.28,229121,3745955.25
2022-03-03,16.28,16.65,16.05,16.44,533550,8719242.00
2022-03-04,16.38,16.43,16.00,16.24,256150,4138641.25
2022-03-07,16.03,16.64,16.03,16.52,870164,14278997.00
2022-03-08,16.50,16.51,16.22,16.39,353949,5792018.00
2022-03-09,16.39,16.47,15.82,16.38,440565,7153787.50
2022-03-10,16.58,16.68,16.30,16.45,249625,4115190.25
2022-03-11,16.43,16.43,16.03,16.30,248431,4029898.00
2022-03-14,16.10,16.35,15.70,15.91,269300,4292893.00
2022-03-15,15.58,15.88,14.80,15.02,469239,7208467.00
2022-03-16,15.20,15.49,14.85,15.32,221674,3357416.50
2022-03-17,15.49,17.49,15.32,16.30,958435,15728597.00
2022-03-18,16.30,16.60,15.88,16.30,405595,6605411.50
2022-03-21,16.39,16.48,16.05,16.20,351250,5701856.00
2022-03-22,16.40,16.41,16.16,16.29,236316,3860336.75
2022-03-23,16.19,16.44,15.80,15.80,471541,7539906.00
2022-03-24,15.99,15.99,15.40,15.68,1167324,17468978.00
2022-03-25,15.68,15.68,15.16,15.33,244795,3761489.00
2022-03-28,15.09,15.32,15.09,15.13,340565,5168092.50
2022-03-29,15.20,16.00,15.01,15.47,664220,10440387.00
2022-03-30,15.24,15.63,15.24,15.59,244929,3768390.25
2022-03-31,15.73,15.74,15.34,15.52,670692,10427585.00
2022-04-01,15.70,15.70,15.05,15.39,674689,10377811.00
2022-04-06,15.40,15.40,14.72,14.90,732987,10986408.00
2022-04-07,14.90,15.02,14.68,14.76,176412,2606674.75
2022-04-08,14.90,14.90,14.41,14.42,282107,4103722.25
2022-04-11,14.32,14.33,13.60,13.63,347961,4824183.50
2022-04-12,13.63,13.75,13.42,13.60,218995,2973012.00
2022-04-13,13.60,13.65,13.26,13.31,919303,12298430.00
2022-04-14,13.55,13.55,13.31,13.43,146155,1954260.38
2022-04-15,13.23,13.53,13.22,13.33,116289,1545980.88
2022-04-18,13.02,13.41,13.01,13.38,142711,1871313.75
2022-04-19,13.43,13.77,13.43,13.51,166984,2265418.25
2022-04-20,13.41,13.50,13.11,13.26,146220,1957961.88
2022-04-21,13.39,13.44,12.88,12.88,248542,3268329.75
2022-04-22,12.61,13.19,12.48,12.60,233635,2953276.50
2022-04-25,12.65,12.65,11.50,11.61,408991,4980209.50
2022-04-26,11.76,11.76,11.00,11.05,302697,3430179.75
2022-04-27,11.06,11.69,10.84,11.58,240131,2704967.00
2022-04-28,11.40,11.63,11.24,11.50,82847,943625.38
2022-04-29,11.50,11.98,11.49,11.83,192678,2271784.75
2022-05-05,11.99,12.15,11.91,12.03,225410,2717946.00
2022-05-06,12.00,12.00,11.81,11.84,121609,1444949.38
2022-05-09,12.00,12.02,11.81,11.93,135306,1616578.75
2022-05-10,12.00,12.09,11.99,12.04,143835,1732312.50
2022-05-11,12.12,12.38,12.12,12.27,150238,1842352.38
2022-05-12,12.18,12.37,12.03,12.15,238382,2895807.75
2022-05-13,12.32,12.95,12.25,12.75,618250,7837846.00
2022-05-16,12.98,12.99,12.66,12.99,311919,4002750.50
2022-05-17,13.00,13.38,12.81,13.38,327523,4267861.50
2022-05-18,13.50,13.70,13.25,13.61,332667,4495793.00
2022-05-19,13.50,13.50,13.00,13.48,261804,3511723.75
2022-05-20,13.50,14.03,13.25,13.95,382384,5265961.50
2022-05-23,14.00,14.32,13.76,14.17,249703,3532430.25
2022-05-24,14.17,14.35,13.55,13.55,310993,4350532.50
2022-05-25,13.54,13.68,13.42,13.51,58971,798748.63
2022-05-26,13.78,13.78,13.42,13.48,49176,665174.38
2022-05-27,13.70,13.70,13.28,13.34,89630,1205774.25
2022-05-30,13.34,13.59,13.07,13.12,95413,1255469.38
2022-05-31,13.39,13.58,13.01,13.48,995434,13096329.00
2022-06-01,13.40,13.69,13.15,13.52,520208,6923141.00
2022-06-02,13.57,13.95,13.44,13.89,227869,3124534.50
2022-06-06,13.95,14.14,13.88,13.97,261565,3661580.25
2022-06-07,13.97,14.16,13.85,13.95,80983,1130298.63
2022-06-08,14.05,14.05,13.80,13.82,107842,1496441.63
2022-06-09,14.00,14.00,13.58,13.60,190389,2597013.50
2022-06-10,13.63,13.63,13.19,13.31,296826,3938117.75
2022-06-13,13.32,13.32,13.00,13.11,266357,3485268.25
2022-06-14,13.11,13.20,12.96,13.12,115093,1498669.63
2022-06-15,13.20,13.28,12.97,13.20,473659,6239235.00
2022-06-16,13.19,13.38,13.19,13.26,244833,3236615.50
2022-06-17,13.26,13.26,13.03,13.24,90446,1191278.38
2022-06-20,13.32,13.33,13.15,13.30,107366,1424892.50
2022-06-21,13.20,13.36,13.19,13.32,113631,1513082.38
2022-06-22,13.37,13.37,13.22,13.24,54349,721850.88
2022-06-23,13.35,13.39,13.11,13.28,665231,8783115.00
2022-06-24,13.38,13.38,13.10,13.27,141605,1879037.50
2022-06-27,13.36,13.49,13.26,13.48,178859,2399917.75
2022-06-28,13.54,14.00,13.54,13.80,656237,9097376.00
2022-06-29,13.81,14.04,13.53,13.65,263835,3642345.75
2022-06-30,13.79,13.79,13.13,13.53,131637,1781767.13
2022-07-01,13.77,13.78,13.40,13.50,106316,1430286.00
2022-07-04,13.38,13.54,13.38,13.48,48047,646437.38
2022-07-05,13.49,13.65,13.15,13.24,107065,1425902.38
2022-07-06,13.16,13.44,13.00,13.23,1455822,19358810.00
2022-07-07,13.24,13.24,13.05,13.11,179263,2350843.00
2022-07-08,13.18,13.19,13.06,13.12,139455,1830523.25
2022-07-11,13.05,13.19,13.05,13.12,112114,1466077.25
2022-07-12,13.05,13.08,12.88,12.93,222696,2884302.25
2022-07-13,12.80,13.03,12.80,12.95,91408,1184110.75
2022-07-14,13.11,13.12,12.83,13.00,98680,1279991.00
2022-07-15,12.99,13.10,12.87,12.87,80023,1032964.69
2022-07-18,13.08,13.08,12.88,13.03,77340,1006289.75
2022-07-19,13.01,13.08,12.93,12.97,92576,1202748.38
2022-07-20,13.00,13.07,12.94,12.97,72374,939147.31
2022-07-21,13.00,13.01,12.90,12.91,132510,1716395.13
2022-07-22,12.85,13.00,12.84,12.90,102428,1321796.38
2022-07-25,12.82,12.97,12.82,12.89,13070,168172.91
2022-07-26,13.03,13.12,12.87,13.00,31928,414138.19
2022-07-27,12.90,13.03,12.80,12.91,96623,1245709.50
2022-07-28,13.01,13.03,12.90,12.99,126196,1636528.50
2022-07-29,13.07,13.07,12.81,12.85,97967,1262099.38
2022-08-01,12.84,12.95,12.81,12.86,36038,463750.34
2022-08-02,12.78,12.80,12.31,12.48,124639,1560035.50
2022-08-03,12.61,12.61,12.31,12.39,65153,811037.25
2022-08-04,12.28,12.45,12.28,12.34,62271,768811.25
2022-08-05,12.43,12.43,12.29,12.40,49769,615031.63
2022-08-08,12.52,12.52,12.32,12.40,36562,453240.00
2022-08-09,12.37,12.40,12.29,12.39,124598,1536218.50
2022-08-10,12.50,12.50,12.33,12.39,76810,951480.19
2022-08-11,12.40,12.84,12.40,12.66,227036,2876522.25
2022-08-12,12.80,12.85,12.57,12.75,148190,1887641.25
2022-08-15,12.71,12.91,12.71,12.88,122621,1573723.75
2022-08-16,12.77,12.77,12.43,12.53,315111,3945007.25
2022-08-17,12.49,12.60,12.48,12.56,129434,1622931.88
2022-08-18,12.56,12.65,12.47,12.57,492451,6194151.50
2022-08-19,12.66,12.67,12.39,12.51,193541,2407565.25
2022-08-22,12.51,12.63,12.33,12.42,129840,1605073.75
2022-08-23,12.34,12.40,12.25,12.29,134996,1661699.13
2022-08-24,12.26,12.35,12.07,12.07,117266,1426946.25
2022-08-25,12.10,12.16,11.95,12.05,99578,1196505.38
2022-08-26,11.99,12.09,11.80,11.83,146499,1742092.50
2022-08-29,11.84,12.18,11.80,11.81,117596,1392873.38
2022-08-30,11.97,11.97,11.81,11.88,31517,372989.69
2022-08-31,12.20,12.20,11.70,11.76,52256,619982.63
2022-09-01,12.07,12.09,11.64,11.76,258886,3074659.00
2022-09-02,12.12,12.12,11.78,11.86,24122,285852.31
2022-09-05,12.10,12.10,11.89,11.90,93048,1110705.63
2022-09-06,11.85,11.98,11.59,11.72,436012,5084875.00
2022-09-07,11.64,11.67,11.53,11.63,113912,1320503.00
2022-09-08,11.68,11.68,11.26,11.29,147426,1689427.63
2022-09-09,11.52,11.52,11.32,11.44,69370,791068.69
2022-09-13,11.38,11.44,11.33,11.40,59120,672776.06
2022-09-14,11.38,11.39,11.29,11.39,18778,213202.02
2022-09-15,11.61,11.61,11.19,11.32,90750,1019601.19
2022-09-16,11.33,11.99,11.20,11.48,344807,4039581.50
2022-09-19,11.52,11.80,11.26,11.43,277484,3179670.00
2022-09-20,11.32,11.69,11.31,11.61,91817,1061098.50
2022-09-21,11.45,12.80,11.45,12.26,1026559,12634701.00
2022-09-22,12.45,12.77,12.04,12.08,777408,9640380.00
2022-09-23,11.92,12.25,11.32,11.42,609201,7114172.00
2022-09-26,11.38,11.75,11.07,11.07,369930,4204680.50
2022-09-27,11.07,11.22,11.04,11.21,160427,1784116.63
2022-09-28,11.21,11.21,10.96,11.00,90231,997828.50
2022-09-29,11.02,11.03,10.76,10.79,115620,1261806.25
2022-09-30,10.92,10.92,10.71,10.76,37063,400035.38
2022-10-10,11.11,11.11,10.20,10.22,108587,1131201.13
2022-10-11,10.54,10.54,10.18,10.34,80083,821185.06
2022-10-12,10.44,10.44,10.00,10.39,171828,1756219.00
2022-10-13,10.25,10.51,10.25,10.45,83622,865934.13
2022-10-14,10.57,10.65,10.35,10.55,185304,1946477.63
2022-10-17,10.49,10.60,10.48,10.56,185615,1953862.25
2022-10-18,10.66,10.73,10.40,10.53,341086,3589841.25
2022-10-19,10.48,10.74,10.35,10.48,386074,4058224.50
2022-10-20,10.35,10.44,10.19,10.31,556141,5715559.00
2022-10-21,10.38,10.39,10.27,10.34,116571,1202499.13
2022-10-24,10.34,10.49,10.20,10.32,191324,1983024.38
2022-10-25,10.30,10.38,10.22,10.30,86919,894091.75
2022-10-26,10.41,10.47,10.34,10.46,122108,1269591.88
2022-10-27,10.38,10.48,10.35,10.40,100919,1049301.88
2022-10-28,10.35,10.35,10.10,10.17,167702,1708831.75
2022-10-31,10.12,10.48,10.01,10.30,213041,2185906.25
2022-11-01,10.45,10.45,10.25,10.41,120282,1242081.88
2022-11-02,10.36,10.55,10.36,10.53,231179,2426717.50
2022-11-03,10.50,10.69,10.50,10.53,233020,2462991.25
2022-11-04,10.79,10.79,10.50,10.51,469542,4980697.50
2022-11-07,10.65,11.18,10.65,10.78,531596,5791728.50
2022-11-08,10.72,10.95,10.65,10.75,180921,1946189.63
2022-11-09,10.66,10.79,10.48,10.59,280735,2963790.25
2022-11-10,10.55,10.61,10.45,10.51,239599,2516612.50
2022-11-11,10.60,10.96,10.52,10.60,370170,3923897.25
2022-11-14,10.75,10.91,10.70,10.72,330489,3571931.75
2022-11-15,10.73,10.96,10.68,10.94,310069,3376664.00
2022-11-16,10.98,11.15,10.98,11.00,274644,3032500.50
2022-11-17,11.06,11.06,10.92,11.03,129892,1428797.25
2022-11-18,11.02,11.32,11.02,11.11,259326,2891910.75
2022-11-21,11.67,11.88,11.38,11.52,513343,5970160.00
2022-11-22,11.76,11.80,11.21,11.25,455917,5233635.00
2022-11-23,11.25,11.47,11.25,11.42,187572,2137316.25
2022-11-24,11.47,11.65,11.36,11.47,151156,1743022.13
2022-11-25,11.42,11.50,11.15,11.16,338326,3799574.50
2022-11-28,11.19,11.25,11.01,11.12,196988,2198369.00
2022-11-29,11.12,11.35,11.07,11.26,107661,1210283.63
2022-11-30,11.07,11.35,11.07,11.30,121829,1371710.88
2022-12-01,11.33,11.42,11.29,11.34,128169,1451255.25
2022-12-02,11.34,11.55,11.34,11.41,169403,1939082.50
2022-12-05,11.44,11.50,11.22,11.37,113660,1287140.63
2022-12-06,11.46,11.46,11.23,11.28,100866,1137915.75
2022-12-07,11.22,11.33,11.15,11.26,108529,1215633.50
2022-12-08,11.31,11.33,11.09,11.13,88517,986086.38
2022-12-09,11.18,11.18,11.00,11.04,108604,1197906.75
2022-12-12,11.04,11.15,10.92,11.03,54673,602224.25
2022-12-13,11.25,11.25,10.93,11.13,74373,823929.38
2022-12-14,10.97,11.09,10.92,10.96,39022,428005.81
2022-12-15,11.08,11.09,10.96,11.06,15385,169184.56
2022-12-16,11.11,11.11,10.88,10.88,78762,861265.00
2022-12-19,10.87,10.87,10.58,10.67,99963,1073228.88
2022-12-20,10.51,10.75,10.51,10.61,97517,1032105.25
2022-12-21,10.57,10.80,10.50,10.60,66700,704384.25
2022-12-22,10.70,10.71,10.53,10.59,76877,814128.50
2022-12-23,10.51,10.63,10.51,10.57,29493,311065.88
2022-12-26,10.50,10.67,10.50,10.65,39892,423613.28
2022-12-27,10.77,10.78,10.61,10.61,132973,1425602.13
2022-12-28,10.37,10.89,10.37,10.88,271936,2936694.75
2022-12-29,10.92,11.20,10.91,11.15,228038,2536326.25
2022-12-30,11.26,11.27,11.09,11.10,90470,1010372.19
2023-01-03,11.25,11.45,11.11,11.39,192406,2167591.25
2023-01-04,11.43,11.44,11.31,11.38,94916,1079665.00
2023-01-05,11.30,11.42,11.26,11.37,78270,887554.38
2023-01-06,11.42,11.42,11.19,11.24,115720,1298518.50
2023-01-09,11.34,11.39,11.28,11.39,99371,1126797.13
2023-01-10,11.41,11.45,11.21,11.43,127308,1452197.75
2023-01-11,11.42,11.48,11.31,11.41,118270,1353511.38
2023-01-12,11.27,11.45,11.27,11.38,46279,524566.56
2023-01-13,11.22,11.40,11.22,11.35,27976,316896.25
2023-01-16,11.35,11.41,11.29,11.36,88367,1004450.50
2023-01-17,11.30,11.43,11.29,11.30,74374,844421.50
2023-01-18,11.30,11.40,11.29,11.33,70161,794946.75
2023-01-19,11.31,11.31,11.23,11.30,76869,867746.88
2023-01-20,11.32,11.46,11.30,11.38,92772,1055299.63
2023-01-30,11.56,11.57,11.42,11.46,148612,1705744.25
2023-01-31,11.50,12.18,11.48,12.10,762562,9122603.00
2023-02-01,12.11,12.78,12.11,12.30,967148,12076209.00
2023-02-02,12.40,12.40,11.90,12.09,548909,6649017.50
2023-02-03,12.02,12.47,11.91,12.11,695628,8463470.00
2023-02-06,12.26,12.70,12.26,12.47,911553,11420257.00
2023-02-07,12.28,12.36,12.02,12.29,418159,5090520.50
2023-02-08,12.36,12.72,12.36,12.43,395669,4946016.00
2023-02-09,12.35,12.65,12.32,12.46,275315,3446191.75
2023-02-10,12.47,12.63,12.38,12.49,273078,3414626.50
2023-02-13,12.64,12.85,12.64,12.77,655185,8371541.50
2023-02-14,12.81,12.90,12.61,12.74,318596,4059230.50
2023-02-15,12.68,12.78,12.50,12.66,363018,4574332.50
2023-02-16,12.77,12.77,12.36,12.38,402522,5058181.50
2023-02-17,12.40,12.46,12.22,12.26,220592,2723943.00
2023-02-20,12.44,12.45,12.26,12.44,142746,1766592.63
2023-02-21,12.50,12.56,12.37,12.38,90943,1130868.50
2023-02-22,12.38,12.45,12.30,12.39,94436,1166727.25
2023-02-23,12.46,12.62,12.39,12.40,219388,2748129.25
2023-02-24,12.26,12.40,12.22,12.22,150385,1846208.75
2023-02-27,12.34,12.55,12.25,12.26,135204,1678322.88
2023-02-28,12.23,12.47,12.23,12.40,61797,766030.56
2023-03-01,12.57,12.57,12.39,12.45,134451,1672193.88
2023-03-02,12.55,12.55,12.00,12.38,169637,2097389.00
2023-03-03,12.30,12.43,12.25,12.37,74063,913673.13
2023-03-06,12.50,12.50,12.25,12.37,97330,1204899.75
2023-03-07,12.32,12.45,12.13,12.32,104837,1286960.00
2023-03-08,12.30,12.35,12.18,12.20,57338,701797.38
2023-03-09,12.15,12.33,12.15,12.27,55576,678127.38
2023-03-10,12.18,12.20,12.05,12.11,82076,993914.38
2023-03-13,12.24,12.45,12.06,12.42,169180,2083953.50
2023-03-14,12.29,12.39,12.26,12.33,45108,554922.69
2023-03-15,12.48,12.49,12.23,12.39,99318,1228985.63
2023-03-16,12.38,12.38,12.15,12.29,62134,759904.38
2023-03-17,12.12,12.38,12.12,12.28,69872,856184.44
2023-03-20,12.29,12.29,12.12,12.16,67002,815468.75
2023-03-21,12.13,12.20,12.05,12.11,173034,2094103.25
2023-03-22,12.12,12.13,12.00,12.06,126410,1525085.63
2023-03-23,12.05,12.17,12.04,12.06,70608,851754.69
2023-03-24,12.02,12.23,12.00,12.19,146520,1782772.75
2023-03-27,12.36,12.38,12.11,12.28,132651,1624207.63
2023-03-28,12.38,12.40,12.28,12.34,132030,1626340.00
2023-03-29,12.34,12.36,12.20,12.30,49632,608274.81
2023-03-30,12.20,12.35,12.16,12.34,52390,643548.44
2023-03-31,12.37,12.38,12.25,12.27,61429,757505.31
2023-04-03,12.27,12.27,12.15,12.21,102702,1251225.00
2023-04-04,12.18,12.30,12.15,12.19,140741,1720228.63
2023-04-06,12.27,12.27,12.07,12.13,145905,1769056.50
2023-04-07,12.11,12.20,12.11,12.13,81761,992049.44
2023-04-10,12.17,12.18,12.06,12.13,72450,878958.00
2023-04-11,12.05,12.27,12.05,12.17,98824,1196068.38
2023-04-12,12.23,12.24,12.01,12.01,113231,1368225.38
2023-04-13,12.02,12.13,11.77,11.82,191626,2284914.75
2023-04-14,11.79,11.90,11.65,11.82,174762,2051286.63
2023-04-17,11.98,12.08,11.74,11.89,199633,2362893.25
2023-04-18,11.99,11.99,11.69,11.74,110482,1298569.13
2023-04-19,11.65,11.80,11.65,11.77,84015,986409.00
2023-04-20,11.82,11.82,11.70,11.76,31329,368666.25
2023-04-21,11.70,11.70,11.37,11.49,172724,1985368.63
2023-04-24,11.49,11.68,11.39,11.55,48509,559890.56
2023-04-25,11.55,11.57,11.10,11.19,148452,1665531.25
2023-04-26,11.26,11.26,11.01,11.17,83854,933869.81
2023-04-27,11.30,11.30,11.06,11.10,28804,319747.31
2023-04-28,11.07,11.15,11.01,11.15,167193,1850535.13
2023-05-04,11.23,11.39,11.10,11.18,83111,932390.56
2023-05-05,11.16,11.51,11.07,11.43,231048,2603271.00
2023-05-08,11.77,12.04,11.49,11.83,933295,10851396.00
2023-05-09,11.79,11.98,11.74,11.98,633451,7527394.00
2023-05-10,11.86,11.94,11.61,11.87,98182,1156990.50
2023-05-11,11.82,12.09,11.80,12.05,221279,2658582.00
2023-05-12,12.09,12.16,12.00,12.03,144128,1740702.75
2023-05-15,12.03,12.19,12.01,12.12,84687,1027481.38
2023-05-16,11.99,12.20,11.80,11.87,182957,2184396.00
2023-05-17,12.01,12.18,12.00,12.17,178348,2162485.50
2023-05-18,12.15,12.41,12.11,12.33,484080,5959886.00
2023-05-19,12.34,12.35,12.15,12.20,151313,1848491.50
2023-05-22,12.17,12.33,12.16,12.22,107965,1317512.00
2023-05-23,12.15,12.28,12.08,12.12,96638,1176803.13
2023-05-24,12.16,12.36,12.16,12.35,181685,2231463.50
2023-05-25,12.23,12.33,11.91,12.05,183970,2232783.50
2023-05-26,12.02,12.17,11.88,12.09,172072,2062478.63
2023-05-29,12.19,12.19,11.95,12.00,146764,1767110.38
2023-05-30,12.10,12.11,11.85,11.96,120460,1437935.38
2023-05-31,12.03,12.23,12.03,12.13,207917,2525251.25
2023-06-01,11.95,12.16,11.92,12.03,213227,2554011.75
2023-06-02,12.03,12.03,11.83,11.94,199025,2367312.25
2023-06-05,11.96,11.96,11.84,11.90,33524,398307.16
2023-06-06,11.85,11.92,11.76,11.92,68191,806758.31
2023-06-07,11.73,11.87,11.46,11.48,228483,2650770.50
2023-06-08,11.47,11.56,11.16,11.33,205738,2324117.25
2023-06-09,11.25,11.32,11.05,11.25,149594,1666554.88
2023-06-12,11.11,11.29,11.11,11.14,58997,657462.38
2023-06-13,11.24,11.24,11.06,11.15,114049,1269885.13
2023-06-14,11.12,11.28,11.11,11.25,69046,773061.38
2023-06-15,11.27,11.30,11.12,11.26,84885,950823.44
2023-06-16,11.26,11.43,11.24,11.41,92331,1048081.44
2023-06-19,11.29,11.48,11.27,11.30,96431,1089802.63
2023-06-20,11.39,11.50,11.30,11.50,190430,2167353.75
2023-06-21,11.36,11.94,11.36,11.78,453830,5344807.00
2023-06-26,11.69,11.95,11.55,11.56,114899,1345256.63
2023-06-27,11.56,11.78,11.55,11.66,55580,644262.69
2023-06-28,11.75,11.75,11.56,11.66,43712,508335.31
2023-06-29,11.72,11.99,11.60,11.83,189121,2245436.50
2023-06-30,11.94,11.94,11.70,11.78,94332,1112687.50
2023-07-03,11.89,11.94,11.67,11.88,96734,1140300.75
2023-07-04,11.75,11.90,11.50,11.80,61821,721620.81
2023-07-05,11.68,11.84,11.58,11.82,107282,1250064.88
2023-07-06,11.66,11.74,11.58,11.69,42329,493376.97
2023-07-07,11.67,11.77,11.61,11.70,19019,222009.00
2023-07-10,11.79,11.79,11.60,11.69,9414,110125.40
2023-07-11,11.79,11.79,11.65,11.74,32639,381931.38
2023-07-12,11.65,11.75,11.51,11.54,30290,351641.66
2023-07-13,11.43,11.64,11.43,11.51,36959,426847.25
2023-07-14,11.52,11.72,11.51,11.69,86195,1006305.63
2023-07-17,11.74,11.74,11.50,11.63,71930,832806.69
2023-07-18,11.54,11.68,11.51,11.61,71404,825561.88
2023-07-19,11.65,11.65,11.46,11.57,41888,482261.97
2023-07-20,11.63,11.63,11.38,11.39,47735,545972.44
2023-07-21,11.39,11.50,10.88,11.15,209601,2346511.25
2023-07-24,11.13,11.23,11.05,11.23,43461,482236.19
2023-07-25,11.25,11.26,11.00,11.13,250235,2766977.75
2023-07-26,11.23,11.23,11.03,11.14,82082,912334.88
2023-07-27,11.18,11.18,11.05,11.14,48905,541513.38
2023-07-28,11.15,11.21,11.08,11.20,56930,635785.19
2023-07-31,11.23,11.36,11.23,11.26,61313,693206.75
2023-08-01,11.31,11.32,11.21,11.27,27741,312385.22
2023-08-02,11.33,11.33,11.21,11.23,29978,336764.69
2023-08-03,11.20,11.33,11.17,11.21,42984,480866.72
2023-08-04,11.12,11.30,11.11,11.20,55046,617355.50
2023-08-07,11.13,11.24,11.10,11.14,52301,581616.75
2023-08-08,11.03,11.23,11.01,11.06,130586,1441859.50
2023-08-09,11.02,11.08,10.90,10.95,161486,1767098.88
2023-08-10,11.00,11.00,10.89,10.90,76349,835344.31
2023-08-11,11.05,11.05,10.88,10.90,40209,438532.19
2023-08-14,10.81,11.15,10.81,10.95,48542,529033.56
2023-08-15,10.85,11.01,10.83,10.95,55308,599920.63
2023-08-16,10.85,10.97,10.81,10.90,56282,610208.75
2023-08-17,10.78,10.90,10.78,10.88,107856,1165693.88
2023-08-18,11.05,11.05,10.81,10.81,45268,493264.97
2023-08-21,10.82,10.93,10.80,10.88,27962,302842.94
2023-08-22,10.93,10.96,10.80,10.84,75691,824794.31
2023-08-23,10.94,10.95,10.70,10.70,48719,526278.13
2023-08-24,10.70,10.75,10.64,10.64,69966,747759.19
2023-08-25,10.77,10.77,10.42,10.43,94486,995583.94
2023-08-28,11.00,11.08,10.55,10.60,107957,1163135.63
2023-08-29,10.60,10.88,10.60,10.79,44813,483354.34
2023-08-30,10.71,10.94,10.70,10.92,43613,472621.56
2023-08-31,10.80,10.93,10.70,10.89,29808,322515.13
2023-09-01,10.80,11.16,10.80,11.08,139045,1534322.75
2023-09-04,11.37,11.74,11.35,11.68,798329,9251092.00
2023-09-05,11.51,11.64,11.30,11.36,316992,3614115.75
2023-09-06,11.42,11.42,11.10,11.15,222711,2492459.00
2023-09-07,11.20,11.30,11.09,11.10,109524,1223845.25
2023-09-08,11.09,11.24,11.09,11.15,102814,1146369.38
2023-09-11,11.20,11.36,11.06,11.21,138895,1545194.75
2023-09-12,11.20,11.20,11.11,11.15,63922,711894.88
2023-09-13,11.07,11.25,11.00,11.09,55190,610505.50
2023-09-14,11.02,11.09,10.96,11.00,82516,907641.44
2023-09-15,11.00,11.04,10.89,10.92,49872,545774.06
2023-09-18,10.91,10.93,10.81,10.93,91258,993542.13
2023-09-19,10.93,10.97,10.85,10.93,59937,653686.31
2023-09-20,10.85,10.88,10.77,10.83,39065,422789.66
2023-09-21,10.84,10.89,10.73,10.75,49247,530838.50
2023-09-22,10.84,10.96,10.73,10.89,49761,539217.31
2023-09-25,10.93,10.93,10.80,10.80,27915,302359.84
2023-09-26,10.75,10.85,10.68,10.68,47467,509834.41
2023-09-27,10.63,10.77,10.63,10.67,49481,528366.75
2023-09-28,10.66,10.75,10.64,10.70,50664,540874.75
2023-10-09,10.85,10.93,10.70,10.82,63539,686901.75
2023-10-10,10.86,10.86,10.71,10.78,24354,261793.00
2023-10-11,10.66,10.84,10.65,10.81,43510,469238.19
2023-10-12,10.83,10.84,10.73,10.77,26190,282938.16
2023-10-13,10.73,10.80,10.70,10.75,58636,628438.44
2023-10-16,10.70,10.71,10.65,10.71,80944,863595.00
2023-10-17,10.55,10.73,10.55,10.70,26537,282891.81
2023-10-18,10.58,10.70,10.43,10.51,108991,1146810.50
2023-10-19,10.39,10.56,10.35,10.35,144862,1506317.38
2023-10-20,10.35,10.35,9.90,9.96,478564,4815655.50
2023-10-23,10.17,10.23,9.88,9.93,111567,1108037.25
2023-10-24,9.93,10.03,9.85,10.03,89292,889448.38
2023-10-25,10.03,10.16,10.03,10.06,56874,572726.63
2023-10-26,10.05,10.18,10.04,10.04,70904,716331.31
2023-10-27,10.21,10.25,10.10,10.21,60906,620741.63
2023-10-30,10.22,10.54,10.22,10.49,127651,1330347.38
2023-10-31,10.48,10.52,10.35,10.45,46164,481963.34
2023-11-01,10.48,10.48,10.37,10.47,33968,354318.38
2023-11-02,10.49,10.52,10.37,10.51,82140,859740.75
2023-11-03,10.51,10.90,10.50,10.80,225118,2425366.00
2023-11-06,10.78,10.88,10.67,10.86,113658,1227638.63
2023-11-07,10.71,10.91,10.71,10.90,63852,692879.94
2023-11-08,10.80,11.14,10.80,10.97,230202,2527184.50
2023-11-09,10.97,11.06,10.85,11.00,191073,2099224.00
2023-11-10,11.00,11.00,10.82,10.96,80901,884378.44
2023-11-13,10.91,11.14,10.91,11.01,107700,1188760.00
2023-11-14,10.97,11.24,10.96,11.18,157942,1757156.13
2023-11-15,11.34,11.35,11.18,11.22,193472,2183074.50
2023-11-16,10.98,11.19,10.84,11.04,207878,2284476.75
2023-11-17,11.18,11.18,10.91,11.07,88410,975725.19
2023-11-20,11.12,11.51,11.04,11.48,360926,4108724.75
2023-11-21,11.51,12.90,11.50,12.11,2395118,29486848.00
2023-11-22,12.22,14.26,12.00,14.26,4895597,65557964.00
2023-11-23,13.87,15.35,13.05,13.40,5942780,83590360.00
2023-11-24,13.31,14.79,12.91,14.38,7481930,103784512.00
2023-11-27,14.89,16.98,14.61,16.90,10780644,171201328.00
2023-11-28,15.95,17.50,15.62,16.34,6869621,113603784.00
2023-11-29,20.00,21.24,16.37,16.39,11123262,207701312.00
2023-11-30,15.41,16.36,14.80,15.01,7614854,117169360.00
2023-12-01,15.01,15.55,14.60,14.75,3868416,57935336.00
2023-12-04,15.08,15.66,14.56,15.17,3348713,50895840.00
2023-12-05,14.96,16.92,14.85,16.39,5632060,90084728.00
2023-12-06,16.44,16.78,15.70,16.21,3786530,61699336.00
2023-12-07,16.00,17.10,16.00,17.10,4970371,83307160.00
2023-12-08,17.00,17.50,16.59,17.40,4456943,75940296.00
2023-12-11,17.40,17.55,16.05,16.45,3697197,61553888.00
2023-12-12,16.32,16.78,16.19,16.59,2071904,34067384.00
2023-12-13,16.90,18.05,16.80,17.24,4816435,83293120.00
2023-12-14,17.05,18.23,17.03,17.36,4699756,82736704.00
2023-12-15,17.01,17.84,16.85,17.28,2485606,42936636.00
2023-12-18,16.98,18.20,16.98,17.95,3220239,57315016.00
2023-12-19,18.19,18.37,17.60,18.16,3176057,57553784.00
2023-12-20,18.04,18.90,18.00,18.61,2986418,55379272.00
2023-12-21,18.70,19.67,14.30,16.28,4877671,87149096.00
2023-12-22,16.28,16.76,15.48,16.32,2638201,42579752.00
2023-12-25,16.50,17.10,16.32,17.08,2470973,41624888.00
2023-12-26,17.78,17.98,16.50,17.55,3010863,52689840.00
2023-12-27,17.47,17.85,17.00,17.24,1954072,33713644.00
2023-12-28,17.21,17.66,16.96,17.39,2438682,42242036.00
2023-12-29,17.35,18.00,17.01,17.79,3420936,59994688.00
2024-01-02,17.92,18.90,17.91,18.65,3892689,71873552.00
2024-01-03,18.78,18.78,18.01,18.66,2395047,44068416.00
2024-01-04,18.66,20.49,18.50,20.32,6505394,128446464.00
2024-01-05,20.32,20.74,18.18,18.20,5042269,97361568.00
2024-01-08,18.00,18.50,17.11,17.13,2711324,47979284.00
2024-01-09,17.39,17.90,15.78,16.48,3271423,55055204.00
2024-01-10,16.79,17.69,16.16,17.65,3137923,53555452.00
2024-01-11,17.98,18.34,17.40,17.52,2936076,52375488.00
2024-01-12,17.52,17.52,15.55,15.55,3488958,57230988.00
2024-01-15,15.56,15.63,14.72,14.80,1664989,25242728.00
2024-01-16,14.86,15.96,14.15,15.84,2531970,38414168.00
2024-01-17,15.50,16.68,15.50,15.70,2789617,44990284.00
2024-01-18,15.51,16.27,15.30,16.25,2056754,32742592.00
2024-01-19,16.10,16.78,16.10,16.57,2440606,40351076.00
2024-01-22,16.57,16.57,15.49,15.79,1524288,24597148.00
2024-01-23,15.66,16.08,15.10,15.88,1288188,20215880.00
2024-01-24,16.02,16.30,15.10,15.72,1280437,19877762.00
2024-01-25,15.59,15.99,15.08,15.35,1700682,26416412.00
2024-01-26,15.45,16.08,15.24,15.48,1688263,26496892.00
2024-01-29,15.92,16.45,14.68,14.75,2988100,46767244.00
2024-01-30,14.49,14.78,13.81,14.32,2045842,29045250.00
2024-01-31,14.42,14.85,14.06,14.57,1762064,25657486.00
2024-02-01,14.44,14.70,13.60,13.65,1709652,24241660.00
2024-02-02,13.66,14.15,12.06,12.90,2383814,31116410.00
2024-02-05,12.70,13.25,11.46,12.59,2135478,26340568.00
2024-02-06,12.50,14.18,12.00,13.90,2745260,37093132.00
2024-02-07,14.00,14.60,13.50,13.65,2510534,35432552.00
2024-02-08,13.68,14.20,12.88,13.85,1776622,24183412.00
2024-02-19,14.16,14.48,14.00,14.32,1626492,23114100.00
2024-02-20,14.18,14.60,14.10,14.57,1711470,24750424.00
2024-02-21,14.70,15.94,14.70,14.97,3120367,47790556.00
2024-02-22,14.83,15.16,14.52,14.71,2260877,33442878.00
2024-02-23,14.72,14.95,14.17,14.32,2042089,29549498.00
2024-02-26,14.77,15.25,14.51,14.92,2787526,41647436.00
2024-02-27,14.81,15.81,14.68,15.80,3033348,47002056.00
2024-02-28,16.65,16.93,15.15,15.39,4210633,68006080.00
2024-02-29,15.20,15.77,15.07,15.70,2655249,40949908.00
2024-03-01,16.10,16.43,15.62,15.89,2449839,39122264.00
2024-03-04,15.81,15.89,15.03,15.22,2212130,33891976.00
2024-03-05,15.07,15.27,14.44,14.45,1889301,27852944.00
2024-03-06,14.50,14.95,14.50,14.70,1549928,22882288.00
2024-03-07,14.76,15.07,14.22,14.22,1401391,20548088.00
2024-03-08,14.10,14.57,14.07,14.17,793756,11308018.00
2024-03-11,14.04,14.30,14.00,14.22,1021017,14428621.00
2024-03-12,14.28,14.28,14.00,14.10,1277809,18017696.00
2024-03-13,14.01,14.16,13.65,13.74,1263589,17548684.00
2024-03-14,13.75,13.96,13.48,13.51,723300,9946498.00
2024-03-15,13.66,14.68,13.51,14.48,2641299,37682156.00
2024-03-18,14.50,14.57,14.32,14.50,1122946,16249213.00
2024-03-19,14.53,15.15,14.47,14.59,1473509,21849598.00
2024-03-20,14.47,14.86,14.47,14.68,855146,12511973.00
2024-03-21,14.80,14.90,14.16,14.20,1172315,16871790.00
2024-03-22,14.15,14.45,13.83,13.86,844497,11873489.00
2024-03-25,13.80,13.86,13.28,13.35,978294,13233283.00
2024-03-26,13.37,13.60,12.91,13.19,845448,11147348.00
2024-03-27,13.30,13.83,13.20,13.21,994810,13486840.00
2024-03-28,13.22,13.67,13.13,13.56,669768,8983767.00
2024-03-29,13.45,13.58,13.30,13.46,380534,5102018.00
2024-04-01,13.46,13.76,13.46,13.70,556134,7586192.00
2024-04-02,13.59,13.86,13.38,13.41,401437,5437387.50
2024-04-03,13.42,13.42,13.06,13.18,494598,6528981.00
2024-04-08,13.16,13.16,12.53,12.67,758827,9700494.00
2024-04-09,12.67,12.93,12.66,12.88,258661,3313299.25
2024-04-10,12.83,13.77,12.80,13.25,1295650,17333328.00
2024-04-11,13.20,13.35,13.00,13.03,504494,6619442.50
2024-04-12,13.07,13.20,12.83,12.83,311885,4055490.50
2024-04-15,13.05,13.05,12.36,12.57,469527,5900866.50
2024-04-16,12.70,12.70,11.50,11.53,748542,8873034.00
2024-04-17,11.71,12.38,11.70,12.34,678403,8232214.00
2024-04-18,12.45,12.77,12.27,12.44,391266,4920391.50
2024-04-19,12.30,12.51,12.23,12.38,259443,3202119.75
2024-04-22,12.50,12.66,12.20,12.62,269402,3360524.75
2024-04-23,12.43,12.60,12.23,12.52,682991,8449587.00
2024-04-24,12.50,12.76,12.44,12.64,546937,6909555.00
2024-04-25,12.52,13.42,12.45,12.84,978204,12693025.00
2024-04-26,12.66,13.15,12.53,13.05,1050289,13500751.00
2024-04-29,13.10,13.34,13.03,13.14,846223,11141053.00
2024-04-30,13.30,13.30,12.97,13.07,523148,6869933.50
2024-05-06,13.20,13.38,13.05,13.07,606639,7965496.50
2024-05-07,13.06,13.30,12.77,12.82,845422,10887016.00
2024-05-08,12.88,12.88,12.40,12.43,957986,12045949.00
2024-05-09,12.54,12.63,12.39,12.45,619892,7723588.50
2024-05-10,12.54,12.54,12.23,12.23,508278,6259231.00
2024-05-13,12.18,12.19,11.86,11.93,568442,6835575.00
2024-05-14,12.04,12.15,11.80,11.85,700297,8357194.50
2024-05-15,11.96,12.37,11.77,12.12,1196468,14424431.00
2024-05-16,12.20,12.20,11.90,11.90,526420,6325507.50
2024-05-17,11.90,11.94,11.74,11.87,474461,5606114.00
2024-05-20,11.93,11.96,11.82,11.84,388637,4611531.50
2024-05-21,11.85,11.91,11.63,11.63,400687,4704991.00
2024-05-22,11.69,11.96,11.65,11.88,521497,6185832.00
2024-05-23,11.81,12.75,11.68,12.27,1318636,16289071.00
2024-05-24,12.31,12.43,11.94,11.98,572921,6931540.00
2024-05-27,11.99,12.09,11.81,11.99,336178,3996277.50
2024-05-28,12.00,12.19,11.85,11.92,289667,3477813.25
2024-05-29,11.84,12.01,11.79,11.82,305298,3625806.75
2024-05-30,11.76,11.86,11.55,11.67,363789,4261522.00
2024-05-31,11.70,11.86,11.57,11.57,332575,3896957.25
2024-06-03,11.59,11.86,11.23,11.32,505467,5783240.50
2024-06-04,11.21,11.48,11.11,11.27,278546,3137438.75
2024-06-05,11.29,11.31,11.10,11.18,184106,2058565.63
2024-06-06,11.27,11.27,10.61,10.64,683733,7392611.50
2024-06-07,10.74,10.95,10.52,10.69,417963,4487024.00
2024-06-11,10.77,10.90,10.52,10.86,246159,2647269.00
2024-06-12,10.85,11.05,10.78,10.91,264983,2884786.75
2024-06-13,10.82,10.86,10.68,10.71,249056,2674113.50
2024-06-14,10.77,11.03,10.76,10.88,548268,5974502.00
2024-06-17,10.79,10.96,10.70,10.89,338459,3663613.25
2024-06-18,10.81,10.94,10.75,10.89,243558,2648118.50
2024-06-19,10.91,11.56,10.85,11.29,1247184,14081223.00
2024-06-20,11.26,11.26,10.93,11.16,686960,7597222.00
2024-06-21,11.07,11.60,11.05,11.36,720546,8196506.00
2024-06-24,11.27,11.35,10.79,10.92,590000,6489754.00
2024-06-25,10.92,11.25,10.88,11.00,547608,6060891.50
2024-06-26,11.05,11.35,10.88,11.32,618173,6934131.50
2024-06-27,11.37,11.72,11.25,11.35,914610,10518444.00
2024-06-28,11.25,11.46,11.18,11.27,681387,7695289.50
2024-07-01,11.34,11.34,11.11,11.30,330613,3703504.00
2024-07-02,11.35,11.65,11.21,11.46,552174,6311077.50
2024-07-03,11.50,11.50,11.19,11.25,304504,3434138.00
2024-07-04,11.20,11.45,10.81,10.81,465378,5146101.00
2024-07-05,10.90,10.90,10.60,10.79,208727,2239012.75
2024-07-08,10.69,10.79,10.24,10.30,392295,4133936.50
2024-07-09,10.40,10.67,10.15,10.50,233348,2430208.00
2024-07-10,10.44,10.68,10.30,10.50,223457,2357616.75
2024-07-11,10.63,10.88,10.63,10.80,281747,3033842.50
2024-07-12,10.76,12.12,10.53,11.98,3363790,38935076.00
2024-07-15,11.80,11.89,11.25,11.59,2748164,31651612.00
2024-07-16,11.50,12.14,11.30,12.09,2724376,32046990.00
2024-07-17,12.06,13.57,11.91,13.33,5259619,67660408.00
2024-07-18,12.60,12.85,12.00,12.07,3593354,44535052.00
2024-07-19,12.16,12.28,11.68,11.84,1843770,22047582.00
2024-07-22,11.76,12.30,11.70,11.82,1347174,16236604.00
2024-07-23,11.85,12.07,11.60,11.60,710565,8383336.00
2024-07-24,11.63,11.63,11.13,11.16,966226,10925814.00
2024-07-25,11.27,11.43,11.13,11.18,912411,10243942.00
2024-07-26,11.15,11.38,11.13,11.37,591798,6661953.50
2024-07-29,12.00,12.72,11.78,12.00,3298034,40899032.00
2024-07-30,11.50,12.10,11.50,11.70,2628004,30802242.00
2024-07-31,11.58,12.07,11.58,11.88,1800263,21281010.00
2024-08-01,11.84,11.99,11.64,11.69,1139554,13434457.00
2024-08-02,11.68,11.68,11.29,11.30,1162217,13296313.00
2024-08-05,11.16,11.33,10.71,10.71,805618,8907202.00
2024-08-06,10.83,11.06,10.74,10.82,356546,3857834.50
2024-08-07,10.86,10.96,10.77,10.87,338134,3672971.75
2024-08-08,10.77,10.88,10.62,10.72,395988,4248338.50
2024-08-09,10.75,10.93,10.72,10.80,351854,3800020.25
2024-08-12,10.80,10.94,10.76,10.80,314159,3395801.25
2024-08-13,10.80,10.85,10.68,10.83,227091,2441738.00
2024-08-14,10.89,10.90,10.72,10.81,235438,2542922.50
2024-08-15,10.75,10.97,10.70,10.85,441799,4794980.50
2024-08-16,10.79,10.94,10.79,10.84,316107,3440608.50
2024-08-19,10.90,10.90,10.74,10.79,249111,2687969.75
2024-08-20,10.73,11.07,10.73,10.81,568548,6205814.50
2024-08-21,10.74,10.82,10.62,10.71,306146,3282017.50
2024-08-22,10.78,10.78,10.30,10.38,407267,4283273.00
2024-08-23,10.45,10.61,10.40,10.49,470620,4943831.00
2024-08-26,10.42,10.78,10.38,10.55,335124,3540032.25
2024-08-27,10.65,10.68,10.43,10.48,209335,2200559.25
2024-08-28,10.48,10.74,10.37,10.58,278336,2939391.75
2024-08-29,10.62,10.88,10.50,10.66,339972,3643440.25
2024-08-30,10.75,11.11,10.67,10.91,640844,7017054.50
2024-09-02,10.89,10.96,10.71,10.71,349668,3775916.75
2024-09-03,10.71,10.85,10.71,10.82,277338,2991621.25
2024-09-04,10.73,10.98,10.66,10.70,329954,3549259.00
2024-09-05,10.71,10.80,10.60,10.74,420709,4501121.00
2024-09-06,10.72,10.72,10.44,10.48,356252,3771980.00
2024-09-09,10.42,10.56,10.32,10.37,226826,2356037.25
2024-09-10,10.47,10.47,10.21,10.38,307644,3171046.25
2024-09-11,10.36,10.39,10.18,10.26,237254,2437596.25
2024-09-12,10.25,10.38,10.08,10.13,400024,4091769.25
2024-09-13,10.18,10.48,10.06,10.24,684536,7030948.50
2024-09-18,10.25,10.27,10.03,10.16,300979,3052915.25
2024-09-19,10.20,10.34,10.09,10.30,328955,3381226.25
2024-09-20,10.40,10.45,10.23,10.25,240327,2479394.00
2024-09-23,10.25,10.33,10.20,10.24,298177,3059055.00
2024-09-24,10.24,10.52,10.17,10.49,989624,10294028.00
2024-09-25,10.55,10.80,10.49,10.52,902265,9622370.00
2024-09-26,10.50,10.77,10.38,10.75,521725,5536574.00
2024-09-27,10.92,12.00,10.88,11.81,2428152,27871566.00
2024-09-30,13.00,14.76,12.50,14.44,7027183,94983936.00
2024-10-08,18.49,18.75,15.42,18.75,9049767,154769440.00
2024-10-09,16.90,17.94,15.32,15.75,6195833,103939320.00
2024-10-10,16.38,16.74,15.32,15.74,3244802,51665328.00
2024-10-11,15.43,15.48,13.40,13.70,3892391,55853216.00
2024-10-14,13.57,14.50,13.55,14.50,2935025,41663248.00
2024-10-15,14.50,15.22,14.10,14.10,3039812,44693548.00
2024-10-16,13.74,14.47,13.63,14.24,2021492,28433682.00
2024-10-17,14.41,16.39,14.41,15.30,7304886,113888936.00
2024-10-18,15.16,16.87,15.00,16.40,6809982,109675256.00
2024-10-21,17.40,19.50,17.09,19.44,10557835,195068752.00
2024-10-22,19.00,19.09,16.60,16.94,7835186,138646464.00
2024-10-23,16.78,18.76,16.68,17.99,7031504,125742808.00
2024-10-24,18.20,21.28,17.93,20.19,10448166,204761744.00
2024-10-25,20.70,22.88,18.60,18.92,11890613,249575744.00
2024-10-28,18.92,20.49,18.50,19.98,6681420,130423664.00
2024-10-29,21.00,21.58,20.02,20.96,7537722,157417008.00
2024-10-30,20.82,21.34,19.41,20.53,6388699,130737944.00
2024-10-31,20.50,20.88,19.00,19.60,6109297,120975856.00
2024-11-01,19.59,19.75,17.56,17.75,5104367,94613064.00
2024-11-04,17.62,20.80,17.62,20.60,6510586,127025920.00
2024-11-05,21.69,26.78,20.62,26.78,12094939,289355040.00
2024-11-06,34.80,34.80,27.95,29.58,18960501,614928000.00
2024-11-07,28.00,31.31,27.60,28.58,11424721,330646784.00
2024-11-08,27.65,30.90,27.62,28.14,9535768,277178784.00
2024-11-11,27.58,27.67,26.08,26.88,6894142,184118000.00
2024-11-12,26.78,27.43,25.09,25.83,4934705,129356912.00
2024-11-13,25.72,28.66,24.96,28.52,7081919,189809888.00
2024-11-14,27.99,32.64,27.45,27.81,8425604,251464096.00
2024-11-15,26.50,30.54,26.50,28.43,8078758,231258016.00
2024-11-18,28.68,29.50,25.60,25.64,5582344,151568128.00
2024-11-19,27.50,33.33,27.00,33.33,18527801,591525248.00
2024-11-20,33.33,42.24,30.91,36.60,20338758,699084480.00
2024-11-21,34.45,38.98,33.11,34.96,15243934,541502016.00
2024-11-22,33.10,36.02,31.06,31.66,10823659,367031968.00
2024-11-25,32.96,34.00,31.00,33.58,7796372,255248384.00
2024-11-26,34.01,36.36,31.42,31.50,7207196,243359152.00
2024-11-27,31.01,32.00,28.92,31.71,6886554,210965984.00
2024-11-28,30.13,32.57,30.13,30.79,6181571,193850880.00
2024-11-29,30.36,33.73,29.58,33.16,8972639,286757376.00
2024-12-02,32.64,37.80,32.60,35.18,11132327,396339392.00
2024-12-03,35.18,35.18,35.18,35.18,0,0.00
#数据来源:通达信
