831906 舜宇精工 日线 不复权
      日期	    开盘	    最高	    最低	    收盘	    成交量	    成交额
2019-12-04,10.50,10.50,10.50,10.50,1000,10500.00
2020-01-21,10.50,10.50,10.50,10.50,1000,10500.00
2020-02-26,10.50,10.50,10.50,10.50,102000,1071000.00
2020-02-27,10.50,10.50,10.50,10.50,22000,231000.00
2020-02-28,10.50,10.50,10.50,10.50,103000,1081500.00
2020-03-02,10.50,10.50,10.50,10.50,30000,315000.00
2020-03-03,10.50,10.50,10.50,10.50,12000,126000.00
2020-03-04,10.50,10.50,10.50,10.50,12000,126000.00
2020-03-05,10.50,10.50,10.50,10.50,2000,21000.00
2020-03-09,10.50,10.50,10.50,10.50,104000,1092000.00
2020-03-10,10.50,10.50,10.50,10.50,1000,10500.00
2020-03-11,10.50,10.50,10.50,10.50,5000,52500.00
2020-03-12,10.50,10.50,10.50,10.50,4000,42000.00
2020-03-13,10.50,10.50,10.50,10.50,1000,10500.00
2020-03-16,10.50,10.50,10.50,10.50,1000,10500.00
2020-03-19,10.50,10.50,10.50,10.50,2000,21000.00
2020-03-25,10.50,10.50,10.50,10.50,1000,10500.00
2020-03-31,10.50,10.50,10.50,10.50,250000,2625000.00
2020-06-22,10.50,10.50,10.50,10.50,100000,1050000.00
2020-09-01,11.50,11.50,11.50,11.50,100,1150.00
2021-01-27,13.00,13.00,13.00,13.00,1000000,13000000.00
2021-02-23,13.00,13.00,13.00,13.00,1000,13000.00
2021-03-01,13.00,13.00,13.00,13.00,1500000,19500000.00
2021-03-17,13.00,13.00,13.00,13.00,100000,1300000.00
2021-03-19,13.00,13.00,13.00,13.00,200400,2605200.00
2021-04-16,13.00,13.00,13.00,13.00,100000,1300000.00
2021-04-23,13.00,13.00,13.00,13.00,3000,39000.00
2021-12-10,25.88,25.88,25.88,25.88,100,2588.00
2021-12-29,23.80,23.80,23.80,23.80,400,9520.00
2022-01-04,23.83,23.83,23.80,23.80,400,9526.00
2022-01-10,23.80,47.60,13.55,47.60,1500,31930.00
2022-01-13,23.80,23.80,23.80,23.80,1600,38080.00
2022-01-14,23.88,23.88,23.80,23.80,1400,33400.00
2022-01-17,23.80,23.80,23.80,23.80,2800,67687.20
2022-01-25,23.80,23.80,23.80,23.80,200,4760.00
2022-01-28,23.00,23.00,23.00,23.00,200,4347.00
2022-02-07,23.80,23.80,23.66,23.66,300,7386.26
2022-03-14,23.78,23.78,23.78,23.78,7000,166460.00
2022-06-16,20.00,20.00,20.00,20.00,500,10000.00
2022-06-17,13.51,13.51,13.51,13.51,200,2702.00
2022-06-20,15.00,15.00,15.00,15.00,1200,18000.00
2023-02-22,13.86,17.59,13.86,16.43,8084919,123955728.00
2023-02-23,15.00,15.28,14.00,14.27,4362407,63388092.00
2023-02-24,14.20,15.70,13.76,14.52,4236970,62183992.00
2023-02-27,14.18,14.50,13.83,13.95,2035137,28540824.00
2023-02-28,14.15,14.15,13.33,13.66,1439519,19731204.00
2023-03-01,13.72,13.73,13.20,13.26,1699594,22724894.00
2023-03-02,13.25,13.46,12.94,13.16,1156340,15158606.00
2023-03-03,13.09,13.19,12.80,12.86,889004,11474743.00
2023-03-06,12.88,13.09,12.66,12.95,560981,7204229.50
2023-03-07,13.05,13.07,12.75,12.76,466425,6043172.00
2023-03-08,12.88,12.88,12.67,12.77,379987,4839293.00
2023-03-09,12.68,12.83,12.68,12.71,222053,2828685.75
2023-03-10,12.73,12.73,12.46,12.46,389707,4904273.50
2023-03-13,12.31,12.46,12.12,12.24,354400,4348316.00
2023-03-14,12.24,12.24,11.61,11.87,579477,6884762.50
2023-03-15,11.88,12.08,11.80,11.93,249622,2969848.00
2023-03-16,11.97,11.97,11.60,11.83,234208,2746144.25
2023-03-17,11.85,12.24,11.68,11.93,220814,2635605.25
2023-03-20,11.88,12.04,11.60,11.75,149209,1749916.88
2023-03-21,11.76,11.98,11.65,11.88,266374,3151815.25
2023-03-22,11.99,12.15,11.88,11.94,235872,2827487.75
2023-03-23,12.00,12.00,11.70,11.81,292393,3440915.25
2023-03-24,11.91,11.91,11.69,11.81,228868,2699728.50
2023-03-27,11.62,11.82,11.62,11.79,178023,2077697.38
2023-03-28,11.63,11.83,11.62,11.72,74248,866399.31
2023-03-29,11.76,11.76,11.55,11.64,137016,1593323.63
2023-03-30,11.70,11.75,11.58,11.68,57926,672606.56
2023-03-31,11.60,11.71,11.00,11.51,159284,1809754.63
2023-04-03,11.50,11.50,11.37,11.50,106990,1220115.13
2023-04-04,11.40,11.49,11.28,11.31,135017,1533006.38
2023-04-06,11.25,11.35,11.10,11.14,194919,2172419.75
2023-04-07,11.10,11.20,11.05,11.18,88228,981781.31
2023-04-10,11.25,11.25,11.11,11.18,96244,1074718.38
2023-04-11,11.19,11.20,11.12,11.20,100313,1119838.50
2023-04-12,11.13,11.24,11.04,11.10,91896,1020066.44
2023-04-13,11.10,11.15,11.02,11.11,72961,808673.50
2023-04-14,11.15,11.20,11.03,11.16,84263,937407.38
2023-04-17,11.20,11.29,11.16,11.27,182384,2047664.25
2023-04-18,11.33,11.33,11.16,11.19,123857,1385104.50
2023-04-19,11.23,11.23,11.09,11.15,82285,917557.94
2023-04-20,11.20,11.20,11.04,11.14,133172,1476129.38
2023-04-21,11.05,11.17,10.82,10.94,152138,1665300.00
2023-04-24,10.85,11.05,10.80,10.90,144454,1571516.13
2023-04-25,10.73,10.92,10.60,10.83,171871,1844855.75
2023-04-26,10.89,11.50,10.88,11.26,327352,3665406.50
2023-04-27,11.33,11.68,11.04,11.34,391837,4470849.00
2023-04-28,11.38,11.44,11.01,11.18,274264,3062360.25
2023-05-04,11.09,11.18,11.02,11.10,143413,1588724.38
2023-05-05,11.06,11.95,10.91,11.92,794870,9205719.00
2023-05-08,11.98,12.74,11.98,12.31,985322,12243695.00
2023-05-09,12.21,12.61,11.78,11.95,559232,6800518.00
2023-05-10,11.61,12.01,11.61,11.91,447600,4941609.50
2023-05-11,11.91,11.91,11.28,11.70,439549,5095992.00
2023-05-12,11.70,11.73,11.54,11.61,329418,3831548.75
2023-05-15,11.76,11.76,11.55,11.70,127253,1483236.13
2023-05-16,11.62,11.79,11.55,11.70,173405,2015821.00
2023-05-17,11.60,11.72,11.59,11.68,108315,1260314.00
2023-05-18,11.66,11.66,11.56,11.61,97800,1135163.75
2023-05-19,11.60,11.70,11.56,11.58,89783,1041295.31
2023-05-22,11.60,11.75,11.60,11.75,162104,1894748.50
2023-05-23,11.76,12.03,11.70,11.96,434291,5183066.00
2023-05-24,12.09,12.10,11.88,12.00,350723,4198966.50
2023-05-25,11.93,12.08,11.60,11.86,287565,3401217.75
2023-05-26,11.74,11.85,11.61,11.82,233431,2727754.00
2023-05-29,11.70,11.71,11.63,11.70,117094,1367036.88
2023-05-30,11.63,11.77,11.62,11.65,95845,1119711.38
2023-05-31,11.63,11.75,11.55,11.65,59151,686362.38
2023-06-01,11.67,11.88,11.55,11.58,111316,1303872.50
2023-06-02,11.70,11.71,11.51,11.66,161703,1877037.38
2023-06-05,11.61,11.64,11.43,11.62,157283,1813876.00
2023-06-06,11.74,11.74,11.32,11.52,299038,3424243.75
2023-06-07,11.56,11.56,11.37,11.43,102322,1168102.00
2023-06-08,11.50,11.50,11.25,11.48,227590,2577160.50
2023-06-09,11.42,11.46,11.36,11.44,136719,1558198.50
2023-06-12,11.28,11.99,11.28,11.88,459610,5350283.50
2023-06-13,12.01,13.08,11.80,12.90,2347653,30071182.00
2023-06-14,12.80,12.90,12.00,12.32,1709047,20994526.00
2023-06-15,12.35,12.50,12.23,12.42,952763,11759977.00
2023-06-16,12.40,12.40,11.80,11.80,634513,7570901.00
2023-06-19,11.71,11.88,11.57,11.68,433503,5062322.00
2023-06-20,11.62,11.70,11.52,11.58,256696,2975034.75
2023-06-21,11.58,12.22,11.49,12.09,718898,8555922.00
2023-06-26,12.14,12.75,12.14,12.50,1212766,15195896.00
2023-06-27,12.49,12.56,11.94,12.19,566242,6901783.00
2023-06-28,12.10,14.05,12.10,13.26,1827912,23765034.00
2023-06-29,13.15,14.78,12.80,14.15,2522269,35347352.00
2023-06-30,14.10,14.88,13.52,13.65,1784956,25171188.00
2023-07-03,13.79,14.51,13.45,13.95,1139892,16027021.00
2023-07-04,13.79,15.28,13.70,15.04,2138269,31661680.00
2023-07-05,15.01,15.85,14.40,14.66,2409683,36869072.00
2023-07-06,15.02,15.65,14.73,15.23,2030121,30941276.00
2023-07-07,15.01,15.55,14.10,14.21,1667896,24975812.00
2023-07-10,14.75,15.45,14.20,14.51,1735841,25551340.00
2023-07-11,14.70,14.70,13.70,13.82,1321673,18553660.00
2023-07-12,13.74,13.92,13.25,13.30,1204470,16252213.00
2023-07-13,13.52,13.76,13.11,13.53,507004,6802190.50
2023-07-14,13.53,13.92,13.45,13.81,660260,9091876.00
2023-07-17,13.74,13.81,13.13,13.31,750835,10052705.00
2023-07-18,13.46,13.46,12.90,13.11,657484,8624194.00
2023-07-19,12.95,13.14,12.81,13.02,515446,6643308.50
2023-07-20,13.07,13.22,12.80,12.80,398003,5166775.00
2023-07-21,12.80,13.15,12.74,13.00,223236,2903948.50
2023-07-24,13.01,13.14,12.74,12.88,335150,4324999.50
2023-07-25,12.97,13.50,12.94,13.33,529374,7009342.00
2023-07-26,13.40,13.40,12.75,12.75,454135,5873081.50
2023-07-27,12.85,13.88,12.85,13.30,1159381,15568459.00
2023-07-28,13.30,13.49,12.93,13.42,518429,6825816.00
2023-07-31,13.64,14.48,13.37,13.72,721520,9959776.00
2023-08-01,13.70,13.91,13.30,13.42,522403,7075695.00
2023-08-02,13.46,13.65,13.21,13.43,483629,6473662.00
2023-08-03,13.49,13.65,13.30,13.45,528649,7103165.50
2023-08-04,13.55,13.75,13.30,13.40,649976,8734236.00
2023-08-07,13.25,13.34,12.93,13.08,575008,7513933.00
2023-08-08,13.16,13.21,12.86,13.02,251536,3262727.75
2023-08-09,13.00,13.00,12.80,12.93,212057,2724784.25
2023-08-10,12.93,12.94,12.80,12.90,123728,1591034.00
2023-08-11,12.80,12.93,12.70,12.83,245801,3142301.25
2023-08-14,12.60,12.81,12.53,12.80,165377,2095825.25
2023-08-15,12.85,12.94,12.66,12.91,199525,2560430.25
2023-08-16,12.77,12.96,12.72,12.85,229738,2941904.25
2023-08-17,12.72,13.36,12.67,13.22,594203,7743916.50
2023-08-18,11.90,11.96,11.41,11.43,1511253,17697348.00
2023-08-21,11.25,11.43,10.86,11.01,914299,10072403.00
2023-08-22,11.01,11.14,10.68,11.01,645635,6974042.50
2023-08-23,10.78,10.85,10.69,10.78,270893,2912087.75
2023-08-24,10.74,10.75,10.56,10.68,184437,1965546.38
2023-08-25,10.65,10.70,10.24,10.30,397438,4162228.00
2023-08-28,10.67,10.89,10.21,10.22,321973,3419710.00
2023-08-29,10.48,10.82,10.11,10.56,465305,4915525.50
2023-08-30,10.54,10.82,10.54,10.61,384752,4113781.00
2023-08-31,10.53,11.14,10.52,11.01,425332,4621417.50
2023-09-01,11.00,11.78,10.92,11.18,998986,11278119.00
2023-09-04,11.60,11.96,11.26,11.73,956295,11189520.00
2023-09-05,11.65,11.65,11.21,11.26,448721,5080617.50
2023-09-06,11.39,11.39,11.11,11.12,251480,2810169.75
2023-09-07,11.03,11.11,10.81,10.81,208197,2278225.50
2023-09-08,10.87,10.87,10.55,10.68,153654,1640505.50
2023-09-11,10.82,10.84,10.61,10.72,133016,1423874.88
2023-09-12,10.65,10.86,10.65,10.74,177275,1911508.00
2023-09-13,10.70,10.72,10.42,10.52,294297,3101180.75
2023-09-14,10.60,10.60,10.40,10.43,71876,750885.44
2023-09-15,10.41,10.55,10.41,10.51,56899,595818.31
2023-09-18,10.41,10.60,10.31,10.51,225441,2362974.75
2023-09-19,10.42,10.51,10.30,10.30,148400,1535591.50
2023-09-20,10.22,10.47,10.22,10.23,109751,1127184.75
2023-09-21,10.33,10.34,10.24,10.25,90614,932159.25
2023-09-22,10.26,10.40,10.19,10.35,62264,641163.06
2023-09-25,10.45,10.45,10.27,10.38,64510,668712.38
2023-09-26,10.26,10.36,10.24,10.24,58808,603492.00
2023-09-27,10.26,10.42,10.26,10.29,49119,506931.78
2023-09-28,10.29,10.42,10.29,10.33,37663,388903.44
2023-10-09,10.33,10.45,10.33,10.38,102887,1069860.75
2023-10-10,10.38,10.38,10.00,10.11,292973,2955552.00
2023-10-11,10.15,10.15,10.00,10.04,92966,934069.25
2023-10-12,9.88,10.09,9.85,10.04,78722,788302.00
2023-10-13,10.06,10.06,9.91,9.99,100841,1004667.25
2023-10-16,10.05,10.15,9.86,9.90,209225,2091011.50
2023-10-17,9.99,9.99,9.59,9.69,229351,2231068.50
2023-10-18,9.60,9.66,9.35,9.54,145422,1380113.88
2023-10-19,9.54,9.60,9.29,9.29,115064,1078361.38
2023-10-20,9.46,9.46,9.25,9.29,42131,392259.78
2023-10-23,9.38,9.39,9.10,9.29,91258,843704.75
2023-10-24,9.54,9.54,9.28,9.29,79662,742800.13
2023-10-25,9.31,9.63,9.31,9.63,123738,1174065.38
2023-10-26,9.42,9.58,9.42,9.51,42940,407370.91
2023-10-27,9.42,9.90,9.42,9.81,132173,1288607.38
2023-10-30,9.99,10.22,9.70,10.15,155612,1573908.50
2023-10-31,9.89,9.89,9.29,9.51,418297,3956185.25
2023-11-01,9.59,9.59,9.42,9.50,56499,534616.19
2023-11-02,9.50,9.50,9.42,9.43,109548,1035040.50
2023-11-03,9.42,10.91,9.42,10.33,737674,7508491.00
2023-11-06,10.44,10.48,9.91,10.31,462530,4744178.50
2023-11-07,10.11,10.23,10.10,10.19,165517,1676993.00
2023-11-08,10.30,10.58,10.13,10.43,322368,3364531.75
2023-11-09,10.32,10.90,10.32,10.79,567899,6053873.50
2023-11-10,10.72,10.86,10.48,10.62,316224,3356550.75
2023-11-13,10.58,10.72,10.53,10.62,245339,2597167.00
2023-11-14,10.70,10.70,10.54,10.57,202558,2143686.25
2023-11-15,10.72,10.77,10.54,10.75,374129,3996481.25
2023-11-16,10.74,10.74,10.43,10.44,160878,1692854.25
2023-11-17,10.44,10.54,10.29,10.46,246584,2561353.75
2023-11-20,10.46,11.27,10.39,11.19,1144075,12530834.00
2023-11-21,11.36,13.45,11.36,12.70,3678249,45512268.00
2023-11-22,12.20,13.95,11.91,13.95,4653447,61121572.00
2023-11-23,14.66,14.78,13.00,13.15,3986333,55586584.00
2023-11-24,13.00,16.88,12.58,15.92,6263612,92576832.00
2023-11-27,18.77,20.69,18.31,20.69,10691710,217670528.00
2023-11-28,21.00,25.50,19.52,21.37,12247159,277399968.00
2023-11-29,20.40,24.99,19.99,23.00,10208785,232415072.00
2023-11-30,21.96,24.60,18.55,18.67,9154999,194657152.00
2023-12-01,17.82,18.53,15.78,15.97,7173280,121714440.00
2023-12-04,15.60,16.55,15.06,15.99,4108451,65259864.00
2023-12-05,16.06,18.20,15.81,17.92,7034632,120790808.00
2023-12-06,17.47,18.29,16.70,16.91,4822429,83560776.00
2023-12-07,17.05,17.93,16.75,17.61,4161933,72939872.00
2023-12-08,17.52,18.68,17.21,18.55,4962093,89583456.00
2023-12-11,18.47,19.68,17.99,18.69,5080103,95280792.00
2023-12-12,18.05,19.08,18.03,18.80,4244805,78720504.00
2023-12-13,18.52,20.50,18.45,19.79,5927125,116227440.00
2023-12-14,19.41,21.35,19.38,19.81,6198245,125832096.00
2023-12-15,19.38,20.20,18.44,19.07,3407843,65404576.00
2023-12-18,18.80,20.18,18.60,20.04,4453141,87405600.00
2023-12-19,19.86,20.00,19.10,19.55,3563156,69437664.00
2023-12-20,19.50,20.98,19.32,20.57,5032096,102188720.00
2023-12-21,20.83,21.58,15.60,17.10,5771863,112360384.00
2023-12-22,16.98,17.93,16.60,17.75,3748401,64794552.00
2023-12-25,17.47,19.67,17.47,19.62,4653116,86813824.00
2023-12-26,20.25,22.26,19.53,20.73,7144132,149616240.00
2023-12-27,20.16,20.55,19.44,20.07,4089104,81436256.00
2023-12-28,20.11,21.88,19.62,20.73,4964188,101873248.00
2023-12-29,20.60,21.49,20.01,20.83,5663900,118585104.00
2024-01-02,20.95,22.32,20.95,21.84,5933275,127699720.00
2024-01-03,21.80,21.80,20.66,21.47,4009519,85060224.00
2024-01-04,22.55,24.60,21.52,23.21,8921254,204696992.00
2024-01-05,23.70,23.90,20.52,20.55,6432586,140833104.00
2024-01-08,20.05,21.80,19.51,21.20,5987916,124205624.00
2024-01-09,21.78,27.56,21.78,24.10,13699027,350493152.00
2024-01-10,23.00,23.45,21.68,22.79,10924469,244840432.00
2024-01-11,21.30,23.15,20.88,22.57,7102324,154647840.00
2024-01-12,22.11,22.12,18.25,18.30,7326575,149454048.00
2024-01-15,17.64,17.96,16.27,16.36,5489111,93426144.00
2024-01-16,16.36,18.81,16.31,18.60,6547784,113821976.00
2024-01-17,18.10,19.12,17.75,17.90,5127069,94346736.00
2024-01-18,17.70,18.77,17.25,18.68,3872938,70301808.00
2024-01-19,18.73,19.64,18.35,19.11,4489076,86032744.00
2024-01-22,19.09,19.80,17.70,18.14,4131963,78812512.00
2024-01-23,18.30,19.11,17.98,18.60,3259402,60889456.00
2024-01-24,18.59,18.64,17.24,17.83,4174490,74463840.00
2024-01-25,17.85,17.94,16.30,16.77,4331453,73706488.00
2024-01-26,16.59,17.47,16.49,16.65,2323955,39411336.00
2024-01-29,16.31,16.70,14.18,14.56,3053817,47015156.00
2024-01-30,14.41,15.12,14.21,14.87,2060107,30413162.00
2024-01-31,14.56,15.55,14.51,15.23,2842072,43180168.00
2024-02-01,15.19,16.19,14.70,15.85,3951488,61572660.00
2024-02-02,15.99,16.39,14.28,14.75,3364870,51156128.00
2024-02-05,14.18,16.09,13.15,15.21,3890237,56898712.00
2024-02-06,14.51,17.20,14.50,16.94,5220628,84594488.00
2024-02-07,16.92,17.87,15.25,15.45,4917288,82614576.00
2024-02-08,15.40,15.45,14.01,14.60,3203808,47022176.00
2024-02-19,14.50,15.00,14.10,14.99,2292589,33575608.00
2024-02-20,14.99,15.88,14.77,15.76,3207787,49643056.00
2024-02-21,15.44,17.08,15.40,15.85,4055716,65937932.00
2024-02-22,15.60,16.26,15.01,15.86,3148393,49404300.00
2024-02-23,15.65,16.08,15.02,15.35,2842255,44125796.00
2024-02-26,16.26,17.59,16.22,16.76,6771586,114277536.00
2024-02-27,16.00,19.98,15.98,19.10,7442152,136588096.00
2024-02-28,19.20,19.25,17.10,17.34,6468923,117943936.00
2024-02-29,16.80,18.09,16.70,17.88,4268470,74569936.00
2024-03-01,18.10,18.38,17.20,17.34,3094591,54719012.00
2024-03-04,17.26,17.36,16.38,16.47,2617684,43822004.00
2024-03-05,16.48,16.95,16.12,16.30,2393556,39540852.00
2024-03-06,16.34,17.64,16.34,17.43,4068382,69860544.00
2024-03-07,17.68,17.99,16.30,16.50,3388121,57398288.00
2024-03-08,16.36,16.71,15.75,15.93,2308898,37274488.00
2024-03-11,16.09,16.20,15.76,16.06,1529909,24440102.00
2024-03-12,16.15,16.69,15.84,16.33,2063645,33503228.00
2024-03-13,16.20,16.30,15.58,15.67,1993907,31714514.00
2024-03-14,15.63,15.92,14.85,15.14,1823989,28000838.00
2024-03-15,15.35,17.90,15.10,17.13,6644120,111529504.00
2024-03-18,16.68,17.13,16.00,16.70,4808319,79830536.00
2024-03-19,16.61,16.94,16.32,16.70,2933602,48657556.00
2024-03-20,16.95,17.75,16.81,16.88,3727455,64081380.00
2024-03-21,16.83,16.83,16.16,16.25,2361450,38641536.00
2024-03-22,16.25,16.58,15.65,15.76,1585970,25388114.00
2024-03-25,15.83,16.38,15.40,15.73,1430428,22753236.00
2024-03-26,15.96,15.97,15.21,15.50,1379954,21483556.00
2024-03-27,15.49,16.15,15.37,15.41,1811864,28568232.00
2024-03-28,15.11,15.67,15.11,15.37,1635723,25214112.00
2024-03-29,15.20,15.89,15.20,15.39,1280077,19873438.00
2024-04-01,15.53,15.90,15.22,15.62,1449093,22519148.00
2024-04-02,15.51,15.63,15.10,15.17,1348296,20594312.00
2024-04-03,15.29,15.47,14.59,14.70,1399188,20708806.00
2024-04-08,14.51,15.14,14.15,14.42,1250556,18382106.00
2024-04-09,14.31,14.85,14.21,14.43,910180,13089008.00
2024-04-10,14.33,15.51,14.31,14.82,2331807,35149288.00
2024-04-11,14.60,14.67,14.20,14.20,1363743,19594022.00
2024-04-12,14.35,14.44,13.80,13.88,1052297,14845867.00
2024-04-15,13.87,14.10,13.20,13.25,1029071,13923899.00
2024-04-16,13.19,13.29,11.49,11.84,1490408,18103344.00
2024-04-17,11.95,12.76,11.95,12.56,1328581,16578196.00
2024-04-18,12.43,12.96,12.30,12.56,1309076,16614551.00
2024-04-19,12.60,12.60,12.09,12.24,939255,11506460.00
2024-04-22,12.16,12.42,11.91,12.13,610214,7399803.00
2024-04-23,12.21,12.99,12.08,12.80,1720771,21777162.00
2024-04-24,13.30,14.90,13.10,13.63,3726481,52339216.00
2024-04-25,13.00,13.24,12.85,12.87,2373312,30799786.00
2024-04-26,12.62,12.95,12.49,12.94,1710142,21773974.00
2024-04-29,12.51,13.05,12.32,12.69,2185102,27748338.00
2024-04-30,12.69,12.81,12.42,12.42,1066176,13441459.00
2024-05-06,12.35,12.69,12.35,12.50,897688,11199302.00
2024-05-07,12.48,12.57,12.37,12.39,825779,10257434.00
2024-05-08,12.46,12.68,12.21,12.61,1353801,16841230.00
2024-05-09,12.51,12.73,12.47,12.61,769654,9705677.00
2024-05-10,12.70,12.70,12.22,12.22,634747,7846865.50
2024-05-13,12.21,12.21,11.51,11.87,454907,5438155.00
2024-05-14,11.79,12.15,11.79,11.92,515120,6143278.00
2024-05-15,12.00,12.01,11.75,11.79,400809,4749569.00
2024-05-16,11.97,11.97,11.50,11.50,765258,8908507.00
2024-05-17,11.45,11.55,11.20,11.26,732257,8271590.50
2024-05-20,11.37,11.42,11.16,11.22,386667,4355802.50
2024-05-21,11.25,11.28,11.11,11.27,341543,3824986.00
2024-05-22,11.29,11.42,11.25,11.38,340872,3863316.25
2024-05-23,11.40,12.33,11.35,11.91,2015046,24076494.00
2024-05-24,11.81,12.08,11.51,11.51,708921,8366573.00
2024-05-27,11.53,11.89,11.50,11.69,511685,5969868.50
2024-05-28,11.65,12.06,11.52,11.85,579814,6852548.00
2024-05-29,12.17,12.20,11.80,11.86,695403,8324642.00
2024-05-30,11.72,11.91,11.31,11.40,931175,10742554.00
2024-05-31,11.44,11.63,11.32,11.43,566953,6506496.00
2024-06-03,11.43,11.46,10.88,11.06,674048,7486737.00
2024-06-04,11.04,11.15,10.62,10.76,372822,4028854.50
2024-06-05,10.62,10.73,10.10,10.14,744075,7684651.50
2024-06-06,10.23,10.33,9.84,9.89,739746,7426284.00
2024-06-07,10.19,10.45,9.95,10.05,458862,4649994.00
2024-06-11,10.06,10.23,9.71,10.18,527132,5275703.00
2024-06-12,10.09,10.48,10.09,10.28,403618,4153791.50
2024-06-13,10.60,10.94,10.40,10.40,858499,9117290.00
2024-06-14,10.35,10.60,10.30,10.39,373633,3877838.75
2024-06-17,10.60,10.60,10.11,10.11,446228,4574990.00
2024-06-18,10.30,10.30,10.05,10.16,193207,1959212.25
2024-06-19,10.11,10.75,10.04,10.44,902640,9441277.00
2024-06-20,10.28,10.50,10.16,10.23,531657,5457863.50
2024-06-21,10.40,10.68,10.22,10.42,808201,8500028.00
2024-06-24,10.33,10.45,10.02,10.05,543418,5529461.00
2024-06-25,10.05,10.87,10.05,10.52,1604981,16963302.00
2024-06-26,10.73,10.97,10.27,10.52,1502034,15887084.00
2024-06-27,10.25,10.63,10.25,10.28,639883,6645762.50
2024-06-28,10.27,10.42,10.15,10.23,503970,5186120.50
2024-07-01,10.32,10.34,10.01,10.18,631518,6396631.00
2024-07-02,10.24,10.24,10.06,10.06,488565,4935598.50
2024-07-03,10.02,10.13,9.85,9.91,498727,4952120.00
2024-07-04,9.92,10.15,9.72,9.79,471515,4708332.00
2024-07-05,9.98,9.98,9.52,9.68,494187,4779496.00
2024-07-08,9.60,9.68,9.14,9.20,584863,5492508.00
2024-07-09,9.20,9.61,9.10,9.43,535415,4987330.50
2024-07-10,9.59,9.80,9.40,9.63,449103,4303209.50
2024-07-11,9.69,10.09,9.56,9.92,778477,7676574.50
2024-07-12,9.87,9.97,9.63,9.80,402964,3961933.75
2024-07-15,9.92,9.92,9.57,9.76,491881,4763874.00
2024-07-16,9.76,11.89,9.60,11.27,3613291,38638436.00
2024-07-17,11.36,13.28,11.07,12.87,5683066,69733680.00
2024-07-18,12.75,13.10,11.56,11.71,3987482,48460768.00
2024-07-19,11.26,12.28,11.15,11.18,2912297,33995432.00
2024-07-22,11.04,11.60,10.89,11.29,1895521,21366460.00
2024-07-23,11.17,13.76,11.17,12.20,4824402,60705420.00
2024-07-24,11.98,11.98,11.21,11.50,3314861,38493668.00
2024-07-25,11.09,12.29,11.06,11.82,2692866,31902802.00
2024-07-26,11.75,12.53,11.75,11.86,2196273,26564308.00
2024-07-29,11.84,12.38,11.58,11.67,2025342,24162866.00
2024-07-30,11.70,12.10,11.40,11.64,1903602,22362452.00
2024-07-31,11.68,12.16,11.56,11.96,2196191,26105920.00
2024-08-01,12.29,13.90,12.29,12.44,5229174,68371440.00
2024-08-02,11.70,12.22,11.70,11.93,3193065,37944456.00
2024-08-05,11.82,11.82,11.36,11.36,1840538,21293904.00
2024-08-06,11.69,11.75,11.23,11.26,1435846,16296212.00
2024-08-07,11.32,11.49,11.19,11.25,753607,8492876.00
2024-08-08,11.30,11.30,10.95,11.04,844955,9343979.00
2024-08-09,11.04,11.22,10.75,10.81,980154,10691799.00
2024-08-12,10.80,10.89,10.29,10.44,788343,8312205.00
2024-08-13,10.34,10.74,10.29,10.46,431499,4497573.00
2024-08-14,10.44,10.48,10.20,10.21,443909,4577500.50
2024-08-15,10.17,10.54,10.03,10.35,426961,4413256.00
2024-08-16,10.31,10.64,10.31,10.39,462856,4843081.50
2024-08-19,10.60,10.60,10.28,10.32,362693,3763985.75
2024-08-20,10.20,10.72,10.20,10.54,960108,10094726.00
2024-08-21,10.61,10.78,10.40,10.40,596867,6270943.00
2024-08-22,10.26,10.39,9.81,9.93,721989,7256252.50
2024-08-23,9.94,10.08,9.82,9.93,244559,2431477.50
2024-08-26,10.08,10.17,9.93,10.00,300428,3013397.25
2024-08-27,10.00,10.08,9.76,9.86,335636,3299234.75
2024-08-28,10.00,12.28,9.90,11.50,4615828,52586192.00
2024-08-29,10.90,11.00,10.50,10.80,3525719,37793784.00
2024-08-30,10.60,10.98,10.45,10.85,2363437,25491740.00
2024-09-02,10.89,11.07,10.56,10.79,1263011,13554404.00
2024-09-03,10.99,10.99,10.64,10.66,982843,10591528.00
2024-09-04,10.54,10.59,10.19,10.28,1029782,10660571.00
2024-09-05,10.40,10.49,10.23,10.33,482092,4984883.50
2024-09-06,10.38,10.43,10.08,10.09,508053,5191700.00
2024-09-09,10.13,10.25,10.02,10.09,212341,2151329.25
2024-09-10,10.12,10.39,10.03,10.27,345538,3512960.50
2024-09-11,10.10,10.27,10.10,10.20,223086,2275257.00
2024-09-12,10.19,10.30,10.13,10.13,346262,3539273.75
2024-09-13,10.28,10.66,10.11,10.37,983176,10205378.00
2024-09-18,10.31,10.45,10.10,10.15,454735,4659915.50
2024-09-19,10.13,10.39,10.13,10.21,404794,4156310.00
2024-09-20,10.26,10.36,10.11,10.16,423372,4317078.50
2024-09-23,10.13,10.16,10.00,10.04,383961,3869400.75
2024-09-24,10.07,10.33,10.06,10.30,661008,6760324.00
2024-09-25,10.32,10.62,10.32,10.38,867759,9093302.00
2024-09-26,10.42,11.50,10.26,11.12,2503704,27245414.00
2024-09-27,11.02,12.52,10.96,11.84,3519731,41001192.00
2024-09-30,12.51,14.87,12.14,14.38,6318441,85441352.00
2024-10-08,18.65,18.67,16.01,18.54,7313697,128982712.00
2024-10-09,15.86,18.48,15.01,16.60,6494571,108983864.00
2024-10-10,18.00,18.22,16.17,17.15,4842187,82407960.00
2024-10-11,17.12,17.12,15.00,15.50,3570737,56189772.00
2024-10-14,14.77,16.23,14.61,15.80,2995195,45945876.00
2024-10-15,15.69,16.12,14.95,14.96,2805988,43296144.00
2024-10-16,14.53,15.25,14.20,14.82,1858449,27510300.00
2024-10-17,14.96,16.30,14.96,15.24,3462028,53886352.00
2024-10-18,15.06,17.77,15.00,17.40,5448499,89224208.00
2024-10-21,17.80,19.80,17.46,18.98,9650957,178727408.00
2024-10-22,18.19,18.20,15.30,16.30,5965618,102550384.00
2024-10-23,20.00,21.19,20.00,21.19,4585982,96043496.00
2024-10-24,23.20,25.51,21.69,22.80,14340388,341229088.00
2024-10-25,21.50,24.20,20.88,20.88,10984963,244385280.00
2024-10-28,19.91,20.80,19.00,20.42,5980405,119034568.00
2024-10-29,20.53,22.00,19.80,21.35,6830530,142435152.00
2024-10-30,21.00,21.93,19.78,20.38,4877071,101415128.00
2024-10-31,20.10,20.88,18.30,19.27,4960335,96408456.00
2024-11-01,19.35,19.42,17.08,17.09,3778483,68616672.00
2024-11-04,17.03,20.00,17.03,19.54,5424202,102784744.00
2024-11-05,19.15,20.70,19.15,20.48,6139053,124017672.00
2024-11-06,20.59,22.53,20.55,21.18,7126180,152805456.00
2024-11-07,21.40,22.48,20.81,21.88,6168263,134432352.00
2024-11-08,22.88,22.88,20.86,21.10,4411984,95517728.00
2024-11-11,20.80,21.28,19.74,20.80,3494502,71880504.00
2024-11-12,21.00,21.78,19.82,20.13,2935626,61460860.00
2024-11-13,20.00,21.20,19.08,21.15,3084500,62345724.00
2024-11-14,21.10,21.76,20.40,20.49,2802566,59195400.00
2024-11-15,20.29,21.94,20.03,21.94,4420501,92898496.00
2024-11-18,22.70,24.30,20.43,21.48,5621743,125705400.00
2024-11-19,20.00,25.59,20.00,25.25,8985436,203538848.00
2024-11-20,24.02,25.80,23.00,25.35,9302250,227272080.00
2024-11-21,25.98,26.80,23.50,24.40,8026931,197882208.00
2024-11-22,23.40,24.00,21.80,21.92,5523159,128052960.00
2024-11-25,22.12,23.69,21.03,23.11,5301800,119672152.00
2024-11-26,22.71,23.09,21.00,21.08,3991216,88051608.00
2024-11-27,20.65,21.59,19.51,21.20,3015816,62450320.00
2024-11-28,21.49,22.47,21.24,21.69,3171807,69448672.00
2024-11-29,21.30,23.84,21.24,23.15,6479517,147992672.00
2024-12-02,23.00,25.95,22.66,25.00,7126666,172511024.00
2024-12-03,25.00,25.00,25.00,25.00,0,0.00
#数据来源:通达信
