832110 雷特科技 日线 不复权
      日期	    开盘	    最高	    最低	    收盘	    成交量	    成交额
2016-04-07,10.00,10.00,10.00,10.00,500000,5000000.00
2016-06-21,14.50,14.50,14.50,14.50,1000,14500.00
2016-06-22,20.00,20.00,20.00,20.00,1000,20000.00
2016-06-23,27.00,27.00,27.00,27.00,1000,27000.00
2016-06-27,30.35,30.35,30.35,30.35,1000,30350.00
2016-06-28,36.27,36.27,36.27,36.27,1000,36270.00
2016-08-29,10.00,10.00,10.00,10.00,1320000,13200000.00
2016-09-20,10.00,10.00,10.00,10.00,84000,840000.00
2016-09-21,10.00,10.00,10.00,10.00,66000,660000.00
2016-10-20,13.20,13.31,13.20,13.30,21000,279260.00
2016-10-21,14.80,14.80,12.79,13.31,12000,161900.00
2016-10-26,12.66,13.31,12.66,13.31,2000,25970.00
2016-10-27,12.90,13.31,12.90,13.31,11000,142910.00
2016-11-22,12.66,13.31,12.66,13.31,11000,139910.00
2016-12-07,13.11,13.31,13.05,13.15,6000,78970.00
2016-12-08,13.31,13.31,13.31,13.31,1000,13310.00
2017-01-09,13.28,13.28,13.28,13.28,1000,13280.00
2017-01-10,13.21,13.31,13.21,13.31,3000,39730.00
2017-01-11,13.00,13.31,12.95,13.31,73000,948810.00
2017-01-16,13.00,13.31,13.00,13.31,11000,143310.00
2017-01-25,13.40,13.80,13.40,13.54,13000,176440.00
2017-01-26,13.67,14.01,13.67,14.01,12000,166290.00
2017-02-07,13.96,13.96,13.96,13.96,14000,195440.00
2017-02-08,13.96,13.99,13.96,13.99,3000,41910.00
2017-02-09,13.99,14.05,13.99,14.05,22000,308020.00
2017-02-10,14.10,14.10,14.10,14.10,1000,14100.00
2017-02-13,14.10,14.10,14.10,14.10,1000,14100.00
2017-02-14,14.28,14.28,14.28,14.28,1000,14280.00
2017-02-15,14.50,14.61,14.50,14.61,11000,160370.00
2017-03-03,14.95,14.95,14.95,14.95,20000,299000.00
2017-03-06,15.00,15.09,15.00,15.09,5000,75140.00
2017-03-07,15.45,15.45,15.45,15.45,3000,46350.00
2017-03-08,15.45,15.45,14.97,15.35,3000,45770.00
2017-03-09,14.95,14.95,14.95,14.95,21000,313950.00
2017-03-14,15.45,15.55,14.95,14.95,26000,391950.00
2017-03-17,14.95,14.95,14.95,14.95,2000,29900.00
2017-03-22,15.09,15.09,15.00,15.00,11000,165090.00
2017-03-28,15.45,15.45,15.45,15.45,1000,15450.00
2017-03-31,14.99,14.99,14.99,14.99,10000,149900.00
2017-04-10,14.82,14.82,14.00,14.01,2019000,28323090.00
2017-04-11,14.70,14.70,14.70,14.70,5000,73500.00
2017-04-12,14.73,15.00,14.73,14.94,3000,44670.00
2017-04-13,15.00,15.04,15.00,15.00,42000,630800.00
2017-04-14,15.04,15.38,15.00,15.38,178000,2697880.00
2017-04-17,15.35,15.56,15.30,15.56,165000,2532590.00
2017-04-18,15.87,15.87,15.87,15.87,1000,15870.00
2017-04-20,15.99,16.00,15.99,16.00,10000,159950.00
2017-04-21,16.10,16.10,16.10,16.10,11000,177100.00
2017-04-24,15.78,15.78,15.60,15.60,2000,31380.00
2017-04-25,15.74,15.74,15.74,15.74,1000,15740.00
2017-04-26,15.36,15.36,15.25,15.25,14000,214400.00
2017-04-27,15.00,15.00,14.70,14.70,34000,507930.00
2017-05-02,14.35,14.35,14.00,14.05,1099000,15418420.00
2017-05-03,14.00,14.15,14.00,14.15,919000,12888200.00
2017-05-10,14.42,14.43,14.42,14.43,7000,100960.00
2017-05-11,14.27,14.27,14.27,14.27,1000,14270.00
2017-05-16,14.48,14.48,14.48,14.48,1000,14480.00
2017-05-24,14.47,14.47,14.47,14.47,1000,14470.00
2017-05-26,14.47,14.47,14.47,14.47,1000,14470.00
2017-06-09,14.01,14.01,14.01,14.01,3000,42030.00
2017-06-19,14.01,14.01,14.01,14.01,16000,224160.00
2017-06-22,13.80,13.80,13.80,13.80,10000,138000.00
2017-07-17,13.40,13.40,13.40,13.40,1000,13400.00
2017-08-16,13.65,13.65,13.65,13.65,6000,81900.00
2017-08-29,13.00,13.00,12.98,12.98,9000,116920.00
2017-09-07,12.45,12.50,12.20,12.50,29000,355160.00
2017-09-08,12.00,12.00,12.00,12.00,25000,300000.00
2017-09-13,12.20,12.20,12.20,12.20,1000,12200.00
2017-09-29,11.63,12.00,11.37,12.00,13000,150130.00
2017-10-10,11.75,12.00,11.75,12.00,2000,23750.00
2017-10-17,11.41,12.00,11.40,12.00,8000,91860.00
2017-10-18,11.43,11.43,11.18,11.43,60000,678650.00
2017-10-19,10.98,10.98,10.98,10.98,6000,65880.00
2017-10-27,10.55,11.08,10.55,11.08,8000,86280.00
2017-11-10,10.74,11.08,10.74,11.08,2000,21820.00
2017-11-13,10.74,11.08,10.74,11.08,2000,21820.00
2017-11-15,10.74,11.08,10.60,11.08,14000,149100.00
2017-11-16,10.74,11.08,10.74,11.08,2000,21820.00
2017-11-17,10.74,11.00,10.74,11.00,2000,21740.00
2017-11-21,10.66,10.99,10.66,10.99,2000,21650.00
2017-11-23,10.65,10.65,10.65,10.65,1000,10650.00
2017-11-24,11.00,11.00,11.00,11.00,1000,11000.00
2017-11-29,10.66,11.00,10.66,11.00,2000,21660.00
2017-11-30,10.66,11.00,10.66,11.00,2000,21660.00
2017-12-05,10.66,10.66,10.55,10.55,4000,42310.00
2017-12-06,10.50,10.60,10.50,10.60,2000,21100.00
2017-12-11,10.66,10.66,10.66,10.66,4000,42640.00
2017-12-18,10.49,10.49,10.49,10.49,2000,20980.00
2017-12-19,10.44,10.44,10.44,10.44,1000,10440.00
2017-12-20,10.39,10.39,10.36,10.36,5000,51860.00
2018-01-10,10.44,10.50,10.44,10.50,10000,104640.00
2018-01-11,10.50,10.50,10.50,10.50,2000,21000.00
2018-01-12,10.69,10.69,10.69,10.69,1000,10690.00
2018-01-16,10.70,10.70,10.70,10.70,1000,10700.00
2018-01-17,10.71,10.71,10.71,10.71,4000,42840.00
2018-01-18,10.77,10.77,10.77,10.77,1000,10770.00
2018-01-19,10.86,10.86,10.86,10.86,2000,21720.00
2018-01-22,10.86,10.86,10.86,10.86,1000,10860.00
2018-02-01,10.50,10.86,10.45,10.86,7000,73750.00
2018-02-05,10.50,10.50,10.50,10.50,1000,10500.00
2018-02-06,10.45,10.50,10.45,10.50,2000,20950.00
2018-02-08,10.18,10.50,10.18,10.50,2000,20680.00
2018-02-09,10.10,10.10,9.85,9.85,12000,119370.00
2018-02-12,10.00,10.00,10.00,10.00,1000,10000.00
2018-03-21,9.53,9.53,9.52,9.52,6000,57130.00
2018-03-26,9.20,9.20,9.14,9.18,5000,45880.00
2018-03-27,9.29,9.39,9.18,9.25,8000,73990.00
2018-03-28,9.29,9.29,9.29,9.29,3000,27870.00
2018-04-09,9.28,9.29,9.28,9.29,2000,18570.00
2018-04-10,9.28,9.28,9.28,9.28,2000,18560.00
2018-04-16,9.18,9.18,9.18,9.18,1000,9180.00
2018-05-04,8.84,9.20,8.84,9.20,2000,18040.00
2018-08-22,8.79,8.79,8.64,8.68,5000,43390.00
2018-08-24,8.47,8.47,8.47,8.47,1000,8470.00
2018-08-27,8.30,8.30,8.30,8.30,1000,8300.00
2018-08-28,8.13,8.13,8.03,8.07,3000,24200.00
2018-08-29,7.89,7.89,7.32,7.45,14000,106090.00
2018-08-30,7.17,7.17,6.08,6.08,14000,93610.00
2018-09-06,5.70,5.70,5.70,5.70,4000,22800.00
2018-09-07,5.70,5.70,5.70,5.70,2000,11400.00
2018-09-14,5.42,5.42,5.42,5.42,4000,21680.00
2018-09-17,5.18,5.18,4.94,4.94,7000,35300.00
2018-09-18,4.69,4.75,4.69,4.73,5000,23650.00
2018-09-21,4.50,4.50,4.50,4.50,1000,4500.00
2018-09-25,4.37,4.37,4.31,4.35,3000,13050.00
2018-09-26,4.28,4.28,4.28,4.28,1000,4280.00
2018-11-07,4.35,4.80,4.19,4.71,21000,95420.00
2018-11-08,4.56,4.90,4.52,4.78,18000,84120.00
2018-11-09,4.61,4.85,4.51,4.85,11000,50560.00
2018-11-12,4.75,4.90,4.75,4.90,2000,9650.00
2018-11-13,4.71,4.94,4.69,4.94,5000,23760.00
2018-11-14,4.75,4.98,4.60,4.98,5000,23530.00
2018-11-15,4.80,4.80,4.80,4.80,1000,4800.00
2018-11-20,4.57,4.90,4.36,4.90,7000,31670.00
2018-11-21,4.69,4.69,4.50,4.60,6000,27300.00
2018-11-23,4.44,4.44,4.44,4.44,1000,4450.00
2018-11-28,4.44,4.50,4.44,4.48,2000,8950.00
2018-11-29,4.55,4.55,4.55,4.55,1000,4550.00
2018-12-06,4.37,4.50,4.37,4.46,3000,13370.00
2018-12-07,4.55,4.55,4.50,4.53,2000,9050.00
2018-12-14,4.60,4.60,4.60,4.60,1000,4600.00
2019-02-14,4.42,4.42,4.42,4.42,2000,8840.00
2019-02-20,4.32,4.32,4.32,4.32,4000,17280.00
2019-02-25,4.12,4.12,4.00,4.08,6000,24480.00
2019-03-14,3.85,3.85,3.85,3.85,3000,11550.00
2019-03-15,3.81,3.81,3.81,3.81,2000,7620.00
2019-03-18,3.90,3.91,3.90,3.91,6000,23430.00
2019-03-20,4.00,4.02,3.86,3.95,9000,35540.00
2019-03-21,3.95,4.05,3.95,4.05,10000,40130.00
2019-03-22,3.95,4.03,3.95,4.02,11000,43850.00
2019-03-29,4.03,4.03,4.03,4.03,1000,4030.00
2019-04-03,3.84,3.85,3.84,3.85,7000,26900.00
2019-04-04,3.72,3.72,3.70,3.71,13000,48190.00
2019-04-08,3.71,3.74,3.71,3.74,3000,11160.00
2019-04-09,3.75,3.75,3.65,3.65,14000,51530.00
2019-04-10,3.65,3.70,3.65,3.70,5000,18300.00
2019-04-12,3.65,3.65,3.65,3.65,10000,36500.00
2019-04-17,3.57,3.57,3.57,3.57,4000,14280.00
2019-04-18,3.50,3.63,3.50,3.63,2000,7130.00
2019-04-19,3.63,3.63,3.63,3.63,2000,7260.00
2019-04-22,3.47,3.50,3.42,3.50,7000,24210.00
2019-04-23,3.36,3.36,3.16,3.22,18000,58500.00
2019-04-29,3.22,3.23,3.22,3.23,4000,12910.00
2019-04-30,3.25,3.25,3.25,3.25,2000,6500.00
2019-05-06,3.28,3.28,3.28,3.28,3000,9840.00
2019-05-13,3.19,3.19,3.19,3.19,4000,12760.00
2019-05-17,3.25,3.25,3.19,3.19,6000,19380.00
2019-05-20,3.25,3.25,3.25,3.25,1000,3250.00
2019-05-21,3.20,3.20,3.20,3.20,24000,76800.00
2019-05-22,3.20,3.24,3.13,3.23,10000,31760.00
2019-05-23,3.16,3.16,3.16,3.16,1000,3160.00
2019-05-24,3.16,3.16,3.14,3.15,4000,12580.00
2019-05-27,3.10,3.15,3.10,3.15,5000,15600.00
2019-05-29,3.21,3.21,3.21,3.21,4000,12840.00
2019-05-31,3.15,3.15,3.00,3.00,21000,64210.00
2019-06-03,2.97,2.97,2.73,2.80,23000,64630.00
2019-06-04,2.69,2.72,2.59,2.65,30000,79090.00
2019-06-05,2.67,3.03,2.67,3.02,24000,69120.00
2019-06-06,3.10,3.13,3.06,3.08,8000,24810.00
2019-06-13,3.20,3.31,3.20,3.31,8000,26020.00
2019-06-14,3.40,3.41,3.40,3.40,5000,17020.00
2019-06-18,3.52,3.52,3.44,3.49,10000,35010.00
2019-06-19,3.62,3.62,3.54,3.54,5000,18010.00
2019-06-20,3.52,3.60,3.52,3.60,2000,7120.00
2019-06-21,3.50,3.55,3.40,3.55,8000,27840.00
2019-06-24,3.56,3.63,3.55,3.63,9000,32080.00
2019-06-25,3.68,3.90,3.61,3.84,33000,124450.00
2019-06-26,4.00,4.10,4.00,4.07,9000,36630.00
2019-06-27,4.00,4.11,3.99,4.07,29000,117230.00
2019-06-28,4.09,4.10,4.00,4.04,9000,36390.00
2019-07-01,4.19,4.21,4.19,4.21,3000,12620.00
2019-07-02,4.27,4.60,4.27,4.53,14000,62570.00
2019-07-03,4.65,5.18,4.65,5.18,17000,83390.00
2019-07-04,5.30,5.30,5.29,5.30,5000,26480.00
2019-07-05,5.20,5.29,4.90,4.94,10000,50890.00
2019-07-08,4.88,4.88,4.06,4.17,18000,80450.00
2019-07-09,4.08,4.21,4.08,4.21,4000,16600.00
2019-07-10,4.27,4.27,4.27,4.27,2000,8540.00
2019-07-15,4.21,4.21,4.21,4.21,3000,12660.00
2019-07-16,4.30,4.42,4.30,4.41,5000,21720.00
2019-07-17,4.46,4.46,4.46,4.46,1000,4470.00
2019-07-23,4.50,4.50,4.50,4.50,1000,4500.00
2019-07-30,4.38,4.38,4.38,4.38,3000,13140.00
2019-07-31,4.28,4.28,4.28,4.28,1000,4280.00
2019-08-01,4.25,4.25,4.19,4.19,2000,8440.00
2019-08-08,4.19,4.19,4.19,4.19,5000,20950.00
2019-08-13,4.33,4.46,4.33,4.46,7000,30680.00
2019-08-14,4.55,4.55,4.55,4.55,1000,4550.00
2019-08-16,4.60,4.60,4.60,4.60,1000,4600.00
2019-08-19,4.51,4.60,4.50,4.55,4000,18210.00
2019-08-20,4.69,4.69,4.56,4.63,2000,9260.00
2019-08-21,4.60,4.63,4.60,4.62,2000,9230.00
2019-10-24,4.62,4.62,4.62,4.62,20000,92400.00
2019-10-28,4.84,4.84,4.82,4.82,30000,144800.00
2019-10-29,4.83,4.83,4.83,4.83,44000,212520.00
2019-11-08,4.00,4.00,4.00,4.00,1000,4000.00
2019-11-13,4.00,4.00,4.00,4.00,1000,4000.00
2019-11-15,6.30,6.30,6.30,6.30,2000,12600.00
2019-11-18,6.50,6.50,6.50,6.50,1000,6500.00
2019-11-20,6.50,6.50,6.30,6.30,4000,25600.00
2019-11-21,6.50,6.50,6.50,6.50,4000,26000.00
2019-12-10,6.50,6.50,6.50,6.50,3000,19500.00
2020-01-02,8.88,8.88,8.88,8.88,1000,8880.00
2020-01-06,8.88,8.88,8.88,8.88,186000,1753980.00
2020-01-09,8.88,8.88,8.88,8.88,1000,8880.00
2020-01-22,10.00,10.00,10.00,10.00,2000,20000.00
2020-02-10,9.00,9.00,9.00,9.00,2000,18000.00
2020-02-20,10.00,10.00,10.00,10.00,1000,10000.00
2020-02-21,10.00,10.00,10.00,10.00,3000,30000.00
2020-03-04,9.99,10.00,9.99,10.00,4000,39990.00
2020-03-10,10.00,10.00,10.00,10.00,3000,30000.00
2020-03-13,10.00,10.00,10.00,10.00,1000,10000.00
2020-03-17,10.00,10.00,10.00,10.00,5000,50000.00
2020-04-02,11.00,11.00,11.00,11.00,200,2200.00
2020-04-17,10.99,11.00,10.99,11.00,1000,12088.00
2020-05-11,9.50,9.51,9.50,9.50,11000,104513.61
2020-05-12,9.50,9.50,9.50,9.50,7200,68400.00
2020-05-14,9.39,9.39,9.00,9.00,9900,90770.00
2020-05-15,8.50,8.50,8.50,8.50,1100,9350.00
2020-05-18,8.00,8.00,7.80,7.80,14200,111960.00
2020-06-05,7.80,7.80,7.80,7.80,2700,21060.00
2020-06-23,10.00,10.00,10.00,10.00,1300,13000.00
2020-06-24,10.00,10.00,10.00,10.00,1000,10000.00
2020-06-29,10.00,10.00,10.00,10.00,10000,100000.00
2020-07-02,10.70,10.70,10.70,10.70,1000,10700.00
2020-07-08,10.70,10.70,10.65,10.65,5700,61884.35
2020-07-14,10.08,10.08,10.08,10.08,1000,10080.00
2020-07-21,10.68,10.68,10.68,10.68,200,2136.00
2020-07-27,9.97,9.97,9.97,9.97,14000,139720.00
2020-07-31,10.00,10.00,10.00,10.00,1900,19960.00
2020-08-03,10.88,10.88,10.03,10.03,2800,28169.00
2020-08-04,10.88,10.88,10.88,10.88,1500,17397.12
2020-08-05,11.88,11.88,11.88,11.88,15400,184128.13
2020-08-11,11.18,11.18,11.18,11.18,3200,35776.00
2020-08-12,22.36,22.36,22.36,22.36,1000,22360.00
2020-08-24,11.18,11.18,11.18,11.18,1000,11180.00
2020-08-26,12.00,12.00,12.00,12.00,18000,216000.00
2020-08-27,11.00,13.01,11.00,13.00,26300,321765.00
2020-08-28,13.00,13.00,13.00,13.00,6000,78000.00
2020-08-31,13.50,13.90,13.50,13.90,6000,82500.00
2020-09-01,13.68,13.68,13.68,13.68,2000,27360.00
2020-09-02,14.20,14.30,14.20,14.21,10000,142530.00
2020-09-03,14.36,14.65,14.36,14.65,10200,148300.00
2020-09-10,14.60,14.60,14.60,14.60,30000,438000.00
2020-09-11,14.60,14.60,14.60,14.60,4000,58400.00
2020-09-14,14.70,14.70,14.70,14.70,3700,54345.90
2020-09-18,14.70,14.70,14.70,14.70,12000,176400.00
2020-12-02,27.60,27.60,27.60,27.60,65000,1794000.00
2021-04-27,14.00,14.00,13.99,13.99,1100,15397.00
2021-04-28,13.98,13.98,13.98,13.98,1000,13980.00
2021-04-29,27.96,27.96,27.96,27.96,1400,39144.00
2021-05-07,17.00,17.00,17.00,17.00,1700,29648.00
2021-05-10,14.00,14.00,13.99,14.00,2500,34998.00
2021-05-11,13.60,13.60,13.60,13.60,400,5440.00
2021-05-12,12.66,12.66,12.66,12.66,1000,12660.00
2021-05-14,11.77,11.77,11.66,11.66,2000,23430.00
2021-05-18,11.18,11.18,11.18,11.18,1400,15160.08
2021-05-20,10.90,10.90,10.90,10.90,100,1090.00
2021-05-24,10.66,10.66,10.66,10.66,1000,10660.00
2021-05-25,10.46,10.46,10.46,10.46,1000,10460.00
2021-05-26,10.36,10.36,10.36,10.36,200,2072.00
2021-05-27,10.36,10.36,10.36,10.36,1000,10360.00
2021-06-01,9.99,9.99,9.99,9.99,1800,17982.00
2021-06-04,9.89,9.89,9.89,9.89,1000,9900.00
2021-06-29,9.89,9.89,9.89,9.89,1000000,7000000.00
2021-08-02,10.00,10.00,10.00,10.00,1000,10000.00
2021-08-04,9.99,9.99,9.99,9.99,1000,9990.00
2021-08-05,9.99,9.99,9.99,9.99,700,6993.00
2021-09-06,10.00,10.91,10.00,10.91,7700,79908.00
2021-09-10,14.80,14.80,14.80,14.80,100,1480.00
2021-09-13,14.50,14.80,14.50,14.52,23300,341708.81
2021-09-15,15.55,15.55,11.80,11.80,9500,125200.00
2021-09-16,12.26,12.26,12.26,12.26,500,6130.00
2021-09-17,14.58,14.58,14.58,14.58,2000,29160.00
2021-09-22,17.81,17.81,15.00,15.80,9900,164050.00
2021-09-23,15.98,16.00,15.98,16.00,201200,3819136.00
2021-09-24,16.00,16.79,16.00,16.79,6400,107200.00
2021-09-27,17.60,17.60,15.58,15.58,700,11108.00
2021-09-28,15.43,16.87,15.43,16.87,1600,25638.00
2021-09-29,15.19,15.19,15.19,15.19,500,7595.00
2021-10-19,17.98,17.98,17.98,17.98,600,10788.00
2021-10-20,17.98,17.98,17.69,17.69,3300,58486.62
2021-10-21,17.69,17.69,17.69,17.69,400,7076.00
2021-10-25,18.00,19.44,18.00,18.00,1200,21672.00
2021-10-26,18.10,18.20,18.10,18.20,2400,42615.00
2021-10-28,18.50,18.50,13.50,16.00,3700,52047.30
2021-11-01,20.00,20.00,16.00,16.81,3800,67642.70
2021-11-04,19.87,19.87,19.18,19.18,1000,19320.00
2021-11-08,19.17,19.17,19.17,19.17,100,1917.00
2021-11-09,38.34,38.34,19.50,19.50,1000,23284.00
2021-11-11,19.50,19.50,19.50,19.50,200,3900.00
2021-11-12,19.50,20.00,19.50,19.98,1900,37716.50
2021-11-15,20.00,20.00,19.98,20.00,42500,849421.31
2021-11-16,19.85,20.00,19.85,20.00,10800,215454.89
2021-11-17,18.00,20.00,18.00,20.00,6600,126460.00
2021-11-18,18.29,18.29,18.29,18.29,500,9150.00
2021-11-22,20.00,20.00,19.50,19.50,1100,21200.00
2021-11-23,20.00,20.11,20.00,20.11,13700,275847.97
2021-11-24,20.07,20.07,20.07,20.07,200,3993.93
2021-11-26,21.08,21.08,20.08,20.36,2600,53409.20
2021-11-30,20.50,20.50,19.86,19.86,600,12108.00
2021-12-01,21.88,21.88,21.88,21.88,100,2209.88
2021-12-02,21.96,21.96,21.50,21.50,200,4346.00
2021-12-03,21.00,21.00,20.00,20.04,1200,24145.00
2021-12-06,20.04,20.04,20.04,20.04,11000,220550.00
2021-12-07,19.00,19.00,18.01,18.90,4100,77510.90
2021-12-09,19.50,19.50,18.98,18.98,3200,62296.00
2021-12-10,19.00,19.99,19.00,19.99,1500,28738.00
2021-12-16,19.99,19.99,19.99,19.99,1200,23988.00
2021-12-20,20.00,20.00,16.66,16.66,1300,24332.00
2021-12-21,17.11,18.00,17.11,17.65,6600,115351.23
2021-12-22,17.66,17.66,17.66,17.66,200,3514.34
2021-12-23,17.99,17.99,17.99,17.99,300,5397.00
2021-12-24,17.94,17.94,17.94,17.94,300,5382.00
2021-12-27,17.99,17.99,17.99,17.99,300,5397.00
2021-12-28,17.99,17.99,17.79,17.79,1700,30355.00
2021-12-30,28.80,28.80,28.80,28.80,500,14400.00
2021-12-31,18.00,38.88,18.00,38.88,18900,469194.03
2022-01-04,19.50,19.50,19.50,19.50,300,5850.00
2022-01-05,19.53,19.53,19.53,19.53,500,9765.00
2022-01-06,19.54,19.56,19.54,19.56,1700,33232.00
2022-01-10,20.00,20.80,20.00,20.80,800,16360.00
2022-01-11,20.10,20.10,20.10,20.10,200,4020.00
2022-01-21,20.50,20.50,20.50,20.50,300,6150.00
2022-02-08,20.50,20.50,20.50,20.50,100,2050.00
2022-02-09,20.50,20.50,20.50,20.50,2300,47150.00
2022-02-10,20.50,20.50,20.50,20.50,2700,55350.00
2022-02-11,20.80,20.80,20.80,20.80,2000,41600.00
2022-02-14,20.03,20.99,20.03,20.99,700,14521.99
2022-02-15,20.98,20.98,20.98,20.98,300,6294.00
2022-02-17,21.00,21.00,21.00,21.00,100,2100.00
2022-02-21,21.00,21.00,21.00,21.00,1100,22407.00
2022-02-28,22.00,24.00,22.00,22.60,7300,170510.00
2022-03-01,22.53,22.60,22.53,22.60,3900,88314.30
2022-03-04,22.60,22.60,22.60,22.60,200,4520.00
2022-03-07,20.10,20.20,20.10,20.20,4200,84610.00
2022-03-08,20.20,21.38,20.20,20.96,2300,47786.60
2022-03-09,20.96,26.00,20.00,26.00,1100,23062.40
2022-03-10,25.99,25.99,22.22,22.22,3100,69699.00
2022-03-14,22.22,22.22,20.79,22.20,4000,87268.04
2022-03-15,20.10,20.10,20.10,20.10,100,2010.00
2022-03-16,36.00,36.00,36.00,36.00,100,3600.00
2022-03-17,20.10,20.10,20.10,20.10,500,9808.80
2022-03-18,20.10,20.10,20.10,20.10,1400,28119.90
2022-03-21,20.01,20.10,20.01,20.01,1700,34107.00
2022-03-23,20.01,20.01,20.01,20.01,500,10005.00
2022-03-25,20.00,20.00,20.00,20.00,200,3600.00
2022-03-28,20.00,20.00,20.00,20.00,400,8000.00
2022-03-29,20.00,21.00,20.00,21.00,4700,96180.00
2022-03-30,20.00,20.00,20.00,20.00,500,10000.00
2022-04-01,20.00,20.01,20.00,20.01,300,6501.80
2022-04-06,20.00,20.87,20.00,20.85,2700,54172.00
2022-04-07,20.00,20.50,20.00,20.50,900,18100.00
2022-04-08,20.01,20.01,20.01,20.01,1500,30015.00
2022-04-11,22.00,22.00,22.00,22.00,1500,33000.00
2022-04-12,20.50,20.50,18.54,20.50,1600,32150.00
2022-04-13,20.50,20.50,19.52,20.37,2400,47254.90
2022-04-14,18.00,20.50,17.99,20.50,1700,30119.40
2022-04-21,18.04,18.04,18.04,18.04,500,9025.00
2022-04-22,18.08,19.49,18.08,18.50,1100,20541.64
2022-04-25,17.50,17.50,17.50,17.50,700,11550.00
2022-04-26,17.50,17.99,17.50,17.99,1200,21343.00
2022-04-27,17.50,30.00,17.50,30.00,900,17147.49
2022-04-29,17.60,23.60,17.60,23.60,1800,34177.80
2022-12-06,17.40,19.70,17.05,18.50,2196444,40957308.00
2022-12-07,18.01,18.39,17.88,17.90,631088,11388093.00
2022-12-08,17.90,18.17,17.90,17.91,279120,5024021.50
2022-12-09,17.90,18.08,17.90,17.90,148002,2656566.50
2022-12-12,17.80,17.82,17.41,17.56,160750,2825599.75
2022-12-13,17.51,17.57,17.41,17.53,97816,1713428.13
2022-12-14,17.42,17.52,17.38,17.41,94304,1643531.50
2022-12-15,17.40,17.42,17.37,17.39,60706,1055692.13
2022-12-16,17.39,17.40,17.29,17.36,64565,1119236.25
2022-12-19,17.34,17.34,17.01,17.01,99978,1705995.50
2022-12-20,17.00,17.00,16.57,16.63,105829,1767655.13
2022-12-21,16.60,16.61,16.35,16.40,64484,1064408.63
2022-12-22,16.41,16.62,16.36,16.56,132072,2186148.50
2022-12-23,16.35,16.64,16.29,16.60,88830,1458167.88
2022-12-26,16.21,16.54,16.20,16.36,53311,867743.13
2022-12-27,16.28,16.37,16.20,16.23,48151,780699.50
2022-12-28,16.20,16.21,16.11,16.16,83867,1357102.50
2022-12-29,16.10,16.15,15.50,15.67,198792,3139113.00
2022-12-30,15.68,15.86,15.62,15.86,32007,504189.81
2023-01-03,15.61,15.97,15.61,15.97,32254,509362.53
2023-01-04,15.98,16.00,15.81,15.99,17300,275914.09
2023-01-05,16.10,16.10,15.91,16.01,19368,310191.28
2023-01-06,16.09,16.09,16.00,16.03,14300,229401.00
2023-01-09,16.08,16.08,15.98,16.04,25071,401939.84
2023-01-10,16.00,16.04,15.98,16.00,34903,558149.94
2023-01-11,16.00,16.02,15.84,15.90,26884,428503.59
2023-01-12,15.80,15.89,15.75,15.89,10020,158562.80
2023-01-13,15.83,15.90,15.78,15.86,12067,191426.27
2023-01-16,15.74,15.95,15.74,15.90,87242,1384243.00
2023-01-17,15.86,15.92,15.86,15.91,14107,224312.72
2023-01-18,15.67,16.06,15.67,15.95,29810,475534.13
2023-01-19,16.03,16.10,16.02,16.06,55201,886647.69
2023-01-20,16.10,16.42,16.08,16.40,72520,1180521.63
2023-01-30,16.53,16.60,16.34,16.51,62155,1024202.19
2023-01-31,16.25,17.36,16.25,17.36,268031,4568259.00
2023-02-01,17.35,17.43,17.15,17.27,142987,2477316.75
2023-02-02,17.30,17.30,17.14,17.20,101566,1750549.38
2023-02-03,17.14,17.18,16.81,16.91,80551,1366731.00
2023-02-06,16.80,16.88,16.79,16.79,30100,506004.00
2023-02-07,16.70,17.28,16.70,16.91,30468,515833.47
2023-02-08,16.91,16.97,16.72,16.91,24158,406346.69
2023-02-09,16.75,16.93,16.75,16.89,42685,718382.44
2023-02-10,16.78,17.04,16.77,16.96,59854,1015975.19
2023-02-13,17.01,17.09,16.91,16.96,45100,766002.25
2023-02-14,17.01,17.01,16.84,16.88,44777,756936.06
2023-02-15,16.85,16.97,16.77,16.92,95557,1606206.25
2023-02-16,16.88,16.91,16.64,16.68,180291,3011430.00
2023-02-17,16.60,16.63,16.40,16.45,131292,2164234.25
2023-02-20,16.45,16.45,16.20,16.34,123645,2015709.13
2023-02-21,16.30,16.30,16.22,16.26,50359,818671.56
2023-02-22,16.26,16.41,16.26,16.36,53800,879651.63
2023-02-23,16.36,16.37,16.28,16.35,86258,1410079.63
2023-02-24,16.31,16.32,16.20,16.21,37315,606670.56
2023-02-27,16.22,16.34,16.21,16.25,37002,601789.63
2023-02-28,16.35,16.36,16.21,16.25,53500,869027.50
2023-03-01,16.22,16.35,16.22,16.30,71005,1159098.50
2023-03-02,16.39,16.39,16.29,16.29,36897,602769.13
2023-03-03,16.25,16.35,16.24,16.28,30925,503039.72
2023-03-06,16.26,16.27,16.25,16.26,28395,461637.69
2023-03-07,16.22,16.22,16.08,16.18,45400,732625.00
2023-03-08,16.08,16.18,16.08,16.18,7900,127235.00
2023-03-09,16.14,16.28,16.04,16.15,12400,200263.83
2023-03-10,16.03,16.17,16.03,16.15,13950,224666.30
2023-03-13,16.02,16.25,16.02,16.10,16950,272820.66
2023-03-14,16.03,16.04,15.91,16.00,23275,372413.97
2023-03-15,16.25,16.27,15.97,16.00,10200,163691.00
2023-03-16,15.95,15.98,15.89,15.90,21403,340664.66
2023-03-17,16.24,16.24,15.89,15.92,18834,300507.28
2023-03-20,15.89,15.91,15.78,15.78,35394,560961.69
2023-03-21,15.78,16.00,15.78,15.88,11980,190509.14
2023-03-22,16.00,16.14,15.85,15.88,14969,238976.86
2023-03-23,15.81,15.95,15.73,15.77,37414,589830.75
2023-03-24,15.73,15.77,15.68,15.70,97420,1530917.38
2023-03-27,15.98,15.98,15.70,15.72,23096,363520.50
2023-03-28,15.68,15.85,15.68,15.69,25053,393445.25
2023-03-29,15.87,15.87,15.66,15.67,11389,179047.75
2023-03-30,15.67,15.80,15.66,15.67,12244,192207.78
2023-03-31,15.61,15.76,15.61,15.75,8255,129313.20
2023-04-03,15.63,15.75,15.62,15.67,25853,405045.44
2023-04-04,15.64,15.68,15.64,15.67,11400,178516.45
2023-04-06,15.62,15.64,15.62,15.62,12900,201502.00
2023-04-07,15.61,15.70,15.60,15.64,10000,156505.20
2023-04-10,15.62,15.68,15.46,15.52,55686,866084.88
2023-04-11,15.45,15.55,15.42,15.52,30985,479338.94
2023-04-12,15.45,15.57,15.45,15.56,27581,427344.25
2023-04-13,15.41,15.55,15.41,15.50,6400,99047.00
2023-04-14,15.42,15.55,15.41,15.45,13409,207168.48
2023-04-17,15.41,15.53,15.41,15.44,21262,328428.66
2023-04-18,15.42,15.53,15.42,15.45,16822,260365.66
2023-04-19,15.58,15.58,15.44,15.44,7400,114430.00
2023-04-20,15.43,15.61,15.43,15.44,11250,174290.00
2023-04-21,15.42,15.53,15.40,15.43,26681,411345.34
2023-04-24,15.61,15.61,15.40,15.50,14611,226107.20
2023-04-25,15.42,15.42,14.97,15.11,23258,352383.09
2023-04-26,14.97,15.28,14.96,15.20,23814,361157.00
2023-04-27,15.35,15.45,14.68,15.00,99974,1485592.25
2023-04-28,15.11,15.11,14.66,14.84,117576,1731810.25
2023-05-04,14.66,14.80,14.23,14.25,221792,3208569.25
2023-05-05,14.50,14.50,14.20,14.35,305022,4348472.00
2023-05-08,14.30,14.79,14.27,14.75,158485,2325345.50
2023-05-09,14.71,15.19,14.71,14.79,192494,2878656.25
2023-05-10,14.66,14.68,14.25,14.36,122761,1764698.00
2023-05-11,14.36,14.36,14.15,14.24,214575,3052507.00
2023-05-12,14.23,14.58,14.20,14.44,156132,2251843.00
2023-05-15,14.44,14.50,14.25,14.44,108133,1554018.63
2023-05-16,14.27,14.47,14.26,14.32,45536,654974.13
2023-05-17,14.29,14.49,14.20,14.32,92497,1319037.00
2023-05-18,14.30,14.34,14.15,14.24,131523,1868014.13
2023-05-19,14.19,14.28,14.15,14.26,159992,2268155.25
2023-05-22,14.24,14.27,14.12,14.16,113311,1605379.88
2023-05-23,14.16,14.35,14.16,14.32,115661,1652136.13
2023-05-24,14.39,14.85,14.36,14.73,299318,4394582.50
2023-05-25,14.73,14.78,14.51,14.55,106569,1560289.75
2023-05-26,14.55,14.75,14.42,14.60,64514,935515.44
2023-05-29,14.59,14.59,14.40,14.50,65313,945723.88
2023-05-30,14.40,14.48,14.36,14.43,63873,919285.69
2023-05-31,14.38,14.47,14.36,14.47,27533,396457.94
2023-06-01,14.50,14.53,14.34,14.34,63296,909793.88
2023-06-02,14.34,14.59,14.34,14.46,25960,372968.31
2023-06-05,14.42,14.42,14.23,14.25,63797,913283.06
2023-06-06,14.23,14.37,14.06,14.08,71103,1006141.81
2023-06-07,14.12,14.12,13.95,13.95,85424,1195408.38
2023-06-08,13.96,13.96,13.78,13.86,49599,687281.63
2023-06-09,13.86,14.18,13.70,13.72,83690,1151490.13
2023-06-12,13.72,13.73,13.69,13.73,24009,329115.19
2023-06-13,13.71,13.72,13.67,13.70,74984,1026722.63
2023-06-14,13.69,13.75,13.68,13.74,41282,566591.56
2023-06-15,13.74,13.85,13.70,13.81,17027,234626.63
2023-06-16,13.78,13.78,13.55,13.64,59783,814870.63
2023-06-19,13.52,13.96,13.52,13.70,213390,2948128.00
2023-06-20,13.56,13.87,13.56,13.72,72050,993791.63
2023-06-21,13.70,14.40,13.69,14.18,477827,6649650.00
2023-06-26,13.94,14.24,13.80,13.90,70642,982231.25
2023-06-27,13.99,14.04,13.72,13.98,57440,800743.38
2023-06-28,13.75,14.16,13.73,14.14,48779,682123.69
2023-06-29,14.20,14.55,13.92,14.48,214927,3086932.50
2023-06-30,14.48,14.50,14.22,14.33,51877,745380.06
2023-07-03,14.25,14.35,14.21,14.31,68098,971441.63
2023-07-04,14.27,14.35,14.20,14.30,62742,895785.06
2023-07-05,14.21,14.30,14.12,14.23,138387,1964536.50
2023-07-06,14.13,14.19,13.75,13.92,224012,3109877.25
2023-07-07,13.91,14.00,13.75,13.85,111532,1543061.50
2023-07-10,13.88,13.88,13.75,13.84,48931,674552.38
2023-07-11,13.83,13.85,13.78,13.85,25264,348805.38
2023-07-12,13.89,13.90,13.77,13.78,29541,408184.03
2023-07-13,13.74,13.90,13.74,13.86,31501,435698.19
2023-07-14,13.90,13.98,13.84,13.98,93659,1302533.75
2023-07-17,13.93,14.08,13.91,14.02,26046,365027.69
2023-07-18,14.02,14.02,13.93,13.99,44089,615435.06
2023-07-19,13.91,13.99,13.91,13.93,23926,333547.44
2023-07-20,13.80,14.00,13.80,13.80,78878,1093091.63
2023-07-21,14.15,14.15,13.71,13.72,54240,747467.50
2023-07-24,13.73,13.85,13.66,13.76,30729,423988.84
2023-07-25,13.67,13.90,13.67,13.87,23000,318163.00
2023-07-26,13.76,13.93,13.76,13.92,14100,195889.00
2023-07-27,13.91,13.96,13.87,13.94,29300,407823.66
2023-07-28,13.93,13.97,13.81,13.90,53532,745136.81
2023-07-31,13.95,14.09,13.93,14.00,160117,2241681.25
2023-08-01,13.95,14.06,13.80,14.02,71258,989126.69
2023-08-02,13.98,13.99,13.80,13.94,32047,445955.84
2023-08-03,13.84,13.98,13.84,13.93,18574,257870.06
2023-08-04,14.16,14.16,13.80,13.97,37053,519426.81
2023-08-07,13.78,14.09,13.78,13.96,29830,413656.97
2023-08-08,13.95,13.95,13.81,13.92,19442,269516.44
2023-08-09,13.84,13.89,13.81,13.85,54228,750209.75
2023-08-10,13.85,13.85,13.73,13.84,41000,565159.94
2023-08-11,13.72,13.86,13.68,13.82,31940,438196.84
2023-08-14,13.73,13.81,13.65,13.77,24042,329046.53
2023-08-15,13.65,13.80,13.60,13.74,180526,2274706.25
2023-08-16,13.78,13.78,13.66,13.74,13347,183501.67
2023-08-17,13.60,13.74,13.60,13.74,30868,421780.66
2023-08-18,13.62,13.79,13.62,13.75,36926,505028.59
2023-08-21,13.75,13.78,13.63,13.76,15512,212274.33
2023-08-22,14.05,14.05,13.46,13.58,58089,787836.19
2023-08-23,13.42,13.50,13.23,13.25,81220,1086396.88
2023-08-24,13.30,13.33,13.00,13.16,105230,1376820.38
2023-08-25,13.13,13.15,13.00,13.01,67100,875109.69
2023-08-28,13.08,13.15,12.78,12.88,140908,1821065.25
2023-08-29,12.73,13.22,12.71,13.09,76570,998112.13
2023-08-30,13.04,13.17,13.03,13.06,14052,183431.13
2023-08-31,12.99,13.12,12.97,13.11,7940,103755.06
2023-09-01,13.20,13.20,13.00,13.18,78172,1030272.13
2023-09-04,13.39,13.80,13.39,13.58,135755,1846567.63
2023-09-05,13.51,13.58,13.40,13.41,44552,599794.75
2023-09-06,13.41,13.41,13.20,13.25,112684,1494315.38
2023-09-07,13.20,13.28,13.00,13.02,116989,1531036.88
2023-09-08,13.00,13.20,13.00,13.06,78771,1035799.88
2023-09-11,13.06,13.20,13.06,13.15,54180,713860.63
2023-09-12,13.15,13.22,13.07,13.17,122036,1606508.63
2023-09-13,13.07,13.20,13.05,13.18,54820,721411.56
2023-09-14,13.20,13.20,13.09,13.16,22935,300674.66
2023-09-15,13.07,13.25,13.07,13.25,81093,1069047.13
2023-09-18,13.06,13.19,13.05,13.19,13200,172838.00
2023-09-19,13.31,13.31,13.10,13.20,12501,164856.23
2023-09-20,13.10,13.24,13.10,13.20,2680,35341.40
2023-09-21,13.10,13.11,13.10,13.10,5868,76888.80
2023-09-22,13.05,13.20,13.05,13.18,18298,240324.20
2023-09-25,13.10,13.10,13.06,13.09,8629,112878.90
2023-09-26,13.09,13.09,13.07,13.07,19920,260550.59
2023-09-27,13.08,13.10,13.05,13.07,24354,318579.09
2023-09-28,13.03,13.05,13.01,13.03,17400,226634.91
2023-10-09,13.03,13.07,13.00,13.00,17262,224833.00
2023-10-10,12.99,13.02,12.99,13.01,29752,386950.53
2023-10-11,13.18,13.18,13.00,13.00,14278,186104.00
2023-10-12,12.95,13.03,12.95,13.02,11577,150619.97
2023-10-13,13.00,13.01,12.95,12.96,9070,117734.26
2023-10-16,12.96,12.96,12.86,12.92,10431,134680.66
2023-10-17,12.93,12.93,12.81,12.84,12492,160584.36
2023-10-18,12.90,12.90,12.66,12.75,24483,312850.16
2023-10-19,12.79,12.96,12.68,12.69,13219,168171.42
2023-10-20,12.65,12.81,12.59,12.62,12850,162338.94
2023-10-23,12.62,12.85,12.36,12.43,23851,299035.25
2023-10-24,12.66,12.66,12.41,12.47,7009,87921.53
2023-10-25,12.40,12.70,12.40,12.47,11991,151308.80
2023-10-26,12.42,12.71,12.42,12.67,1700,21286.00
2023-10-27,12.74,12.86,12.51,12.85,35922,458793.53
2023-10-30,12.68,12.87,12.68,12.81,14870,190411.98
2023-10-31,12.89,12.89,12.42,12.69,52735,660841.25
2023-11-01,12.66,12.66,12.52,12.66,14325,180493.28
2023-11-02,12.45,12.68,12.45,12.57,6583,82720.14
2023-11-03,12.62,12.80,12.49,12.77,15376,196273.88
2023-11-06,12.53,12.86,12.53,12.82,48034,615850.13
2023-11-07,12.66,12.87,12.66,12.87,24900,320065.00
2023-11-08,12.87,13.25,12.87,13.01,112163,1463792.63
2023-11-09,13.20,13.20,12.99,12.99,61932,807782.75
2023-11-10,12.93,13.07,12.80,12.98,41078,532507.13
2023-11-13,13.18,13.18,12.75,13.03,53357,689054.25
2023-11-14,13.01,13.16,12.86,12.99,177318,2290681.75
2023-11-15,12.95,13.13,12.86,13.06,245809,3194001.25
2023-11-16,13.01,13.19,12.82,12.92,120116,1559915.25
2023-11-17,12.90,13.00,12.80,12.90,68172,876438.88
2023-11-20,12.97,13.18,12.88,13.17,237917,3112654.25
2023-11-21,13.25,14.63,13.15,13.78,1161105,16195290.00
2023-11-22,13.80,15.24,13.66,15.15,1789603,26154310.00
2023-11-23,15.10,15.98,14.40,14.50,1554937,23652310.00
2023-11-24,14.72,16.56,14.55,16.34,1996528,31451416.00
2023-11-27,17.00,19.28,17.00,19.21,3016549,54550988.00
2023-11-28,17.80,19.86,17.13,18.11,1878878,34769084.00
2023-11-29,18.11,18.86,16.18,16.41,1669776,28968674.00
2023-11-30,16.22,16.76,15.60,15.92,986763,15905746.00
2023-12-01,15.92,16.68,15.20,15.46,880180,13968871.00
2023-12-04,15.28,15.78,14.88,15.30,577914,8837281.00
2023-12-05,15.41,16.80,15.30,16.48,1308821,21270136.00
2023-12-06,16.62,17.77,16.26,17.70,1737090,29831950.00
2023-12-07,17.70,18.07,17.22,18.00,1694947,30065688.00
2023-12-08,17.88,19.48,17.70,19.28,2059456,38302656.00
2023-12-11,19.19,19.19,16.89,18.09,1172408,21102448.00
2023-12-12,17.75,18.28,17.55,18.11,709691,12701236.00
2023-12-13,18.05,18.66,17.92,18.38,884493,16204363.00
2023-12-14,18.49,19.55,18.31,18.78,1320933,24996720.00
2023-12-15,18.78,19.77,18.46,19.70,1314820,25239286.00
2023-12-18,19.91,21.09,19.32,20.00,1659378,33742040.00
2023-12-19,19.81,20.17,19.00,19.64,859212,16750257.00
2023-12-20,19.41,21.00,19.41,20.94,1360010,27875280.00
2023-12-21,20.89,21.98,18.50,18.72,1460770,29676420.00
2023-12-22,18.48,19.08,17.88,18.82,759729,14023280.00
2023-12-25,18.83,20.79,18.69,20.41,934301,18323308.00
2023-12-26,20.37,20.80,19.40,20.77,1246701,25058826.00
2023-12-27,20.69,20.97,19.87,20.67,740204,15059479.00
2023-12-28,20.67,21.70,20.38,21.49,1176744,24901518.00
2023-12-29,21.49,23.49,20.97,22.42,1422230,31760216.00
2024-01-02,21.90,23.38,21.80,23.26,1552590,35093476.00
2024-01-03,22.67,23.44,22.45,22.54,1036592,23569286.00
2024-01-04,22.53,22.88,21.80,22.85,830146,18630736.00
2024-01-05,23.14,23.27,20.92,21.36,695478,15218305.00
2024-01-08,21.16,21.70,19.90,19.90,624199,12885688.00
2024-01-09,20.33,20.40,18.53,19.09,771294,14781794.00
2024-01-10,19.14,19.62,18.38,19.49,640262,12273695.00
2024-01-11,19.49,19.87,19.20,19.78,516846,10105430.00
2024-01-12,19.83,19.83,17.82,17.83,633040,11737451.00
2024-01-15,17.80,17.83,16.85,16.95,356589,6168014.50
2024-01-16,17.11,18.50,16.20,18.45,966934,16934696.00
2024-01-17,18.08,19.35,18.08,18.20,679766,12673606.00
2024-01-18,17.81,20.35,17.81,20.35,1530741,29499736.00
2024-01-19,21.14,23.68,20.37,21.79,2214124,49031760.00
2024-01-22,21.31,21.55,19.20,20.15,1302226,26701912.00
2024-01-23,20.00,21.98,19.21,21.40,1335196,27292682.00
2024-01-24,21.12,21.60,20.00,20.79,717874,14930789.00
2024-01-25,20.62,20.90,19.29,19.29,750510,14962711.00
2024-01-26,19.29,19.58,18.36,18.80,961923,18149658.00
2024-01-29,18.51,18.90,17.00,17.00,595252,10586459.00
2024-01-30,17.27,17.49,16.48,17.32,486495,8283216.50
2024-01-31,17.68,18.39,17.47,18.13,697765,12548366.00
2024-02-01,17.99,18.40,17.40,17.90,420316,7538779.00
2024-02-02,17.90,18.15,15.71,16.30,563573,9377552.00
2024-02-05,16.10,16.27,14.60,15.05,391524,6035802.00
2024-02-06,14.85,16.80,14.82,16.55,471106,7607168.00
2024-02-07,16.94,17.48,15.87,16.12,490534,8272917.00
2024-02-08,16.23,16.59,15.42,16.29,425174,6833583.50
2024-02-19,16.90,16.90,16.01,16.69,284001,4708654.00
2024-02-20,16.85,18.54,16.50,17.80,627505,11123029.00
2024-02-21,17.65,19.20,17.31,18.44,797509,14524471.00
2024-02-22,18.29,18.53,17.93,18.01,283183,5136485.50
2024-02-23,17.83,18.42,17.42,17.60,245977,4339466.00
2024-02-26,17.60,17.95,17.15,17.79,324317,5710837.50
2024-02-27,17.79,19.30,17.55,19.30,1108772,20640622.00
2024-02-28,19.48,19.88,18.21,18.99,925287,17563568.00
2024-02-29,18.70,19.67,18.20,19.50,703603,13383012.00
2024-03-01,19.70,19.70,19.11,19.68,383410,7440316.00
2024-03-04,19.39,19.76,18.44,18.73,299278,5640461.00
2024-03-05,18.54,18.54,17.54,17.66,258979,4651476.50
2024-03-06,17.80,18.60,17.66,18.60,495144,8944387.00
2024-03-07,18.27,18.34,17.66,17.78,321605,5772456.00
2024-03-08,17.72,17.88,17.33,17.83,204921,3612983.50
2024-03-11,17.70,18.00,17.52,18.00,146439,2603055.00
2024-03-12,17.84,17.95,17.58,17.64,154450,2738333.75
2024-03-13,17.60,17.64,17.34,17.59,177843,3108855.00
2024-03-14,17.55,17.79,17.17,17.56,209738,3659204.25
2024-03-15,17.49,18.54,17.38,18.54,607221,11008547.00
2024-03-18,18.66,18.66,18.11,18.66,378912,6954248.00
2024-03-19,18.56,18.56,18.15,18.28,253295,4633331.50
2024-03-20,18.25,18.80,18.19,18.40,280392,5152057.00
2024-03-21,18.50,18.50,18.18,18.37,255890,4683870.50
2024-03-22,18.36,18.42,17.93,18.00,246560,4469333.50
2024-03-25,17.93,18.00,17.60,17.62,142796,2529924.25
2024-03-26,17.58,17.76,17.24,17.55,127199,2221372.75
2024-03-27,17.42,18.20,17.40,17.71,204921,3662855.00
2024-03-28,17.70,18.12,17.47,17.85,292769,5209236.50
2024-03-29,17.79,17.79,17.11,17.34,421205,7316763.50
2024-04-01,17.39,17.40,17.16,17.38,272471,4701308.50
2024-04-02,17.47,17.47,15.50,17.21,142168,2436803.50
2024-04-03,17.16,17.30,16.77,17.29,139534,2389314.50
2024-04-08,17.28,17.30,16.58,16.80,114396,1929080.63
2024-04-09,16.74,16.87,16.65,16.78,95997,1607200.13
2024-04-10,16.58,17.45,16.58,17.00,390229,6716500.50
2024-04-11,17.00,17.09,16.60,16.70,185513,3103489.25
2024-04-12,16.93,16.93,16.55,16.67,126121,2113824.25
2024-04-15,16.87,16.88,16.32,16.39,112711,1859511.63
2024-04-16,16.31,16.71,15.31,15.79,169363,2648634.25
2024-04-17,15.95,16.88,15.88,16.88,203713,3358176.25
2024-04-18,17.08,17.20,16.58,17.00,199927,3396036.50
2024-04-19,16.95,17.08,16.62,16.79,91783,1547491.25
2024-04-22,16.88,16.88,16.27,16.69,110287,1834445.38
2024-04-23,16.86,16.86,16.47,16.72,107066,1783806.00
2024-04-24,16.85,16.89,16.67,16.83,77530,1300091.50
2024-04-25,16.71,16.99,16.24,16.57,182713,3016575.50
2024-04-26,16.13,16.65,16.12,16.44,261388,4306737.00
2024-04-29,16.50,16.50,16.13,16.50,263227,4303625.50
2024-04-30,16.46,16.54,16.30,16.49,126747,2083887.50
2024-05-06,16.58,16.79,16.45,16.79,340935,5661770.50
2024-05-07,16.71,16.88,16.66,16.83,149201,2500353.00
2024-05-08,16.78,16.78,16.66,16.70,98788,1652577.13
2024-05-09,16.81,16.88,16.51,16.84,172284,2887687.75
2024-05-10,16.88,17.22,16.72,17.16,363555,6156307.00
2024-05-13,17.29,18.18,17.01,18.10,834103,14718487.00
2024-05-14,18.01,18.10,17.37,17.72,477220,8437847.00
2024-05-15,16.79,16.79,16.20,16.40,369361,6043914.50
2024-05-16,16.57,16.57,16.11,16.15,230058,3725247.50
2024-05-17,16.08,16.38,16.05,16.38,206690,3350710.25
2024-05-20,16.34,16.40,16.18,16.28,143910,2335914.25
2024-05-21,16.28,16.32,16.10,16.32,96335,1563807.75
2024-05-22,16.31,16.77,16.23,16.57,211473,3480635.75
2024-05-23,16.56,17.40,16.29,16.95,478312,8097627.50
2024-05-24,16.95,17.18,16.52,16.91,294639,4987554.00
2024-05-27,16.64,16.91,16.44,16.71,85329,1420381.25
2024-05-28,16.70,16.93,16.50,16.61,95176,1579928.13
2024-05-29,16.63,17.25,16.38,16.90,254423,4289028.00
2024-05-30,16.81,16.95,16.46,16.69,111274,1850968.50
2024-05-31,16.69,16.77,16.47,16.70,89583,1490003.13
2024-06-03,16.70,16.75,16.47,16.68,146532,2426199.75
2024-06-04,16.41,17.38,16.27,17.29,427789,7261539.50
2024-06-05,17.00,17.44,16.86,17.44,228290,3930970.75
2024-06-06,17.11,17.69,16.95,17.40,216578,3732896.50
2024-06-07,17.30,17.58,17.07,17.39,167730,2911610.00
2024-06-11,17.48,17.48,17.03,17.39,136546,2361673.50
2024-06-12,17.44,17.44,17.16,17.30,85665,1478095.00
2024-06-13,17.32,17.32,16.85,17.24,86949,1493423.63
2024-06-14,17.24,17.35,17.03,17.25,98574,1698429.88
2024-06-17,17.01,17.18,15.71,17.10,119710,2026740.38
2024-06-18,17.04,17.34,16.76,17.30,155424,2668113.25
2024-06-19,17.22,17.55,17.13,17.34,243771,4223620.50
2024-06-20,17.38,17.38,16.81,17.26,169606,2913413.50
2024-06-21,17.29,17.47,17.09,17.23,266053,4594044.50
2024-06-24,17.28,17.38,16.50,17.38,477804,8179141.00
2024-06-25,16.98,17.35,16.98,17.30,216880,3731110.50
2024-06-26,17.34,17.45,17.14,17.35,309066,5345382.00
2024-06-27,17.33,17.75,17.33,17.50,360812,6319048.00
2024-06-28,17.60,17.65,17.39,17.51,123360,2163818.75
2024-07-01,17.59,17.76,17.27,17.45,232940,4066123.50
2024-07-02,17.63,17.88,17.28,17.80,431362,7639845.00
2024-07-03,17.79,17.96,17.53,17.86,190251,3370237.50
2024-07-04,17.86,17.86,17.24,17.39,277855,4869930.00
2024-07-05,17.45,18.00,16.78,17.95,546637,9589472.00
2024-07-08,17.72,18.06,17.34,17.57,222297,3918648.75
2024-07-09,17.36,17.96,17.18,17.89,247931,4368319.50
2024-07-10,17.66,17.88,17.48,17.84,312298,5521707.00
2024-07-11,17.79,18.38,17.79,18.35,485475,8808654.00
2024-07-12,18.49,18.49,18.00,18.10,300140,5443519.00
2024-07-15,18.06,18.06,17.13,17.33,235082,4090830.50
2024-07-16,17.12,17.80,16.87,17.80,581457,10109523.00
2024-07-17,17.80,19.78,17.60,19.30,2325307,43154420.00
2024-07-18,18.76,18.76,17.40,17.60,881417,15954307.00
2024-07-19,17.42,17.85,17.10,17.11,517807,9016752.00
2024-07-22,17.10,17.14,16.58,16.69,257169,4326663.50
2024-07-23,16.70,16.87,16.30,16.41,151275,2503708.75
2024-07-24,16.35,16.45,15.60,15.60,231129,3674316.50
2024-07-25,15.78,15.78,15.55,15.72,157198,2462656.00
2024-07-26,15.75,16.26,15.61,15.98,143393,2278594.75
2024-07-29,16.16,16.16,15.75,15.91,109754,1747017.25
2024-07-30,15.72,16.11,15.62,15.85,136972,2168097.50
2024-07-31,15.97,16.26,15.72,16.16,165751,2672559.00
2024-08-01,16.16,16.26,15.71,15.79,164942,2631882.25
2024-08-02,15.95,15.95,15.16,15.48,182808,2852320.75
2024-08-05,15.40,15.53,14.69,14.77,276218,4158867.00
2024-08-06,14.75,15.00,14.75,14.92,110952,1648806.00
2024-08-07,14.88,15.04,14.82,14.90,102871,1531540.25
2024-08-08,14.98,14.98,14.70,14.90,86369,1281018.63
2024-08-09,15.17,15.17,14.88,14.93,46570,695775.69
2024-08-12,14.99,14.99,14.56,14.76,55233,817429.13
2024-08-13,14.63,14.93,14.63,14.87,47550,703711.06
2024-08-14,14.60,15.08,14.60,14.80,47225,694300.56
2024-08-15,14.71,14.97,14.70,14.97,91303,1357572.25
2024-08-16,15.03,15.04,14.86,14.97,61650,921452.88
2024-08-19,15.01,15.14,14.65,14.84,54488,805560.31
2024-08-20,14.83,15.02,14.73,14.84,52408,779233.75
2024-08-21,14.76,14.96,14.70,14.83,46504,686992.06
2024-08-22,14.66,14.93,14.43,14.55,79594,1160604.50
2024-08-23,14.76,14.85,14.60,14.75,52374,770559.50
2024-08-26,15.00,15.17,14.90,15.08,199861,3007856.25
2024-08-27,15.09,15.17,14.90,15.04,61415,919722.63
2024-08-28,14.99,15.15,14.84,15.13,77950,1172765.38
2024-08-29,15.17,15.21,14.99,15.16,79497,1203734.25
2024-08-30,15.26,15.54,15.10,15.54,234782,3614822.50
2024-09-02,15.53,15.63,15.23,15.30,113080,1740537.88
2024-09-03,15.49,15.49,15.21,15.30,31829,487563.09
2024-09-04,15.41,15.41,14.84,15.02,82369,1244296.63
2024-09-05,15.26,15.26,14.97,15.20,76453,1154415.75
2024-09-06,15.31,15.31,14.79,15.00,93630,1399160.88
2024-09-09,14.93,14.99,14.76,14.86,57805,858095.56
2024-09-10,15.00,15.00,14.67,14.79,85715,1264732.88
2024-09-11,14.85,14.91,14.71,14.79,23350,345000.34
2024-09-12,14.77,14.89,14.66,14.78,48958,722858.25
2024-09-13,14.73,14.99,14.56,14.95,160790,2385321.75
2024-09-18,14.97,14.97,14.61,14.78,71077,1045503.13
2024-09-19,14.83,14.94,14.75,14.89,62456,928120.75
2024-09-20,14.95,14.95,14.79,14.86,25588,379487.47
2024-09-23,14.94,15.03,14.76,14.90,84648,1262683.25
2024-09-24,15.00,15.38,14.84,15.33,180787,2737428.00
2024-09-25,15.37,15.59,15.28,15.34,234900,3624272.25
2024-09-26,15.36,16.00,15.18,16.00,218683,3386894.75
2024-09-27,16.00,17.38,15.85,17.18,851393,14172718.00
2024-09-30,18.24,20.40,17.31,19.90,1594598,30501454.00
2024-10-08,23.99,24.98,21.17,24.72,1936217,44671180.00
2024-10-09,22.87,22.96,19.90,19.90,1006427,22039276.00
2024-10-10,20.50,20.98,19.68,19.83,481361,9715543.00
2024-10-11,19.61,19.86,18.41,19.10,529290,10089580.00
2024-10-14,19.58,19.93,18.45,19.89,424173,8289973.00
2024-10-15,20.00,20.89,19.60,19.91,572335,11612434.00
2024-10-16,19.93,20.45,19.54,20.26,363493,7310707.00
2024-10-17,20.64,22.10,20.33,20.60,987773,20890042.00
2024-10-18,20.66,22.00,20.40,21.80,1146699,24509702.00
2024-10-21,21.68,24.88,21.68,24.80,1764913,41480268.00
2024-10-22,24.99,24.99,21.76,22.08,1469876,33614560.00
2024-10-23,21.61,22.97,21.61,22.38,909441,20444578.00
2024-10-24,22.19,24.38,22.19,24.18,1155727,27168748.00
2024-10-25,24.68,31.43,24.68,28.00,5661880,172756064.00
2024-10-28,28.00,29.48,26.16,27.40,3787170,102453224.00
2024-10-29,27.98,29.66,27.80,28.64,3238096,92719032.00
2024-10-30,28.70,30.00,27.18,29.18,2106466,59622396.00
2024-10-31,28.80,29.34,27.01,27.18,1781878,49855372.00
2024-11-01,27.33,27.51,24.18,24.94,1434559,36677840.00
2024-11-04,24.90,26.29,24.90,26.25,1062561,27284102.00
2024-11-05,26.80,28.73,26.59,28.28,1620749,44944428.00
2024-11-06,28.58,31.43,28.28,29.60,2553406,76454120.00
2024-11-07,29.60,31.70,29.30,31.02,1979539,60815696.00
2024-11-08,31.47,31.64,28.78,28.82,1572209,47302372.00
2024-11-11,29.00,29.28,27.19,29.26,1002640,28410580.00
2024-11-12,29.27,30.75,28.22,29.34,1005212,29740476.00
2024-11-13,29.50,30.43,27.71,30.36,1157289,33761632.00
2024-11-14,30.36,32.93,30.16,30.61,2465615,77755768.00
2024-11-15,30.47,36.65,30.12,34.97,3232647,108525528.00
2024-11-18,34.00,38.00,32.05,33.35,2195632,75426536.00
2024-11-19,34.40,34.40,28.50,31.33,2057069,62655876.00
2024-11-20,30.70,32.78,30.23,32.67,1551223,49193480.00
2024-11-21,32.58,35.90,31.80,35.75,2247848,76340544.00
2024-11-22,35.16,38.37,34.28,34.35,1967497,71094112.00
2024-11-25,34.88,37.70,33.00,37.30,2004012,69970088.00
2024-11-26,36.01,38.58,35.80,36.31,2076010,76588224.00
2024-11-27,35.80,38.30,33.10,37.90,1891128,67408328.00
2024-11-28,37.30,39.30,36.20,36.85,1746521,65920924.00
2024-11-29,37.30,37.99,35.30,36.96,1528736,56347648.00
2024-12-02,36.94,37.18,35.87,36.48,1146118,41925864.00
2024-12-03,36.48,36.48,36.48,36.48,0,0.00
#数据来源:通达信
