832469 富恒新材 日线 不复权
      日期	    开盘	    最高	    最低	    收盘	    成交量	    成交额
2023-09-18,6.38,6.95,6.02,6.04,20703360,133116912.00
2023-09-19,5.70,6.16,5.48,5.72,9724420,55957960.00
2023-09-20,6.00,6.33,5.89,5.99,6707872,40873168.00
2023-09-21,6.30,6.85,6.18,6.85,6903803,44841480.00
2023-09-22,6.50,6.79,6.40,6.66,4877930,31951014.00
2023-09-25,6.46,6.82,6.37,6.67,3321813,21939326.00
2023-09-26,6.67,7.19,6.60,7.06,3703644,25953702.00
2023-09-27,7.15,7.25,6.60,6.61,3962119,27503606.00
2023-09-28,6.60,6.83,6.13,6.63,2974385,19144508.00
2023-10-09,6.59,6.68,6.40,6.57,1027506,6705675.50
2023-10-10,6.60,6.72,6.40,6.54,1010386,6604569.50
2023-10-11,6.54,6.62,6.40,6.43,867975,5634173.50
2023-10-12,6.37,6.48,6.14,6.35,726688,4578711.00
2023-10-13,6.28,6.37,6.00,6.00,1122819,6501511.50
2023-10-16,6.01,6.15,5.97,6.04,1323218,7991769.50
2023-10-17,6.04,6.43,5.91,6.03,1368522,8362368.00
2023-10-18,5.95,5.98,5.72,5.72,895751,5221842.50
2023-10-19,5.70,5.75,5.46,5.49,938526,5187771.00
2023-10-20,5.42,5.57,5.26,5.50,978530,5308702.00
2023-10-23,5.48,5.53,5.41,5.51,611721,3349434.00
2023-10-24,5.58,6.01,5.51,6.01,1356187,7915295.50
2023-10-25,6.07,6.07,5.80,5.94,357193,2118860.75
2023-10-26,5.88,5.92,5.75,5.85,571253,3333278.75
2023-10-27,5.83,6.38,5.79,6.15,2199200,13370475.00
2023-10-30,6.33,6.48,6.11,6.17,3077067,19275908.00
2023-10-31,6.13,6.27,5.91,5.91,1384533,8431249.00
2023-11-01,5.91,6.00,5.83,5.93,1006686,5929201.00
2023-11-02,5.88,6.11,5.87,6.03,711920,4254718.50
2023-11-03,5.97,6.40,5.97,6.32,1528769,9464539.00
2023-11-06,6.34,6.53,6.30,6.38,997630,6370600.00
2023-11-07,6.37,6.44,6.23,6.42,859835,5466669.50
2023-11-08,6.35,6.78,6.35,6.62,1217503,8033682.00
2023-11-09,6.57,6.74,6.57,6.62,1516783,9692194.00
2023-11-10,6.61,6.69,6.51,6.62,1113174,7348407.00
2023-11-13,6.65,6.85,6.60,6.80,1469291,9918181.00
2023-11-14,6.83,7.10,6.78,7.05,1356704,9469447.00
2023-11-15,7.12,7.27,6.83,6.91,2090175,14798544.00
2023-11-16,6.91,6.91,6.59,6.67,1566405,10497319.00
2023-11-17,6.67,6.89,6.67,6.88,927761,6292248.00
2023-11-20,6.96,7.23,6.91,7.19,1737070,12401377.00
2023-11-21,7.19,8.79,7.18,7.74,4709345,37171060.00
2023-11-22,7.65,8.50,7.60,8.38,3887724,31168416.00
2023-11-23,8.38,8.85,8.00,8.09,4193571,35176024.00
2023-11-24,8.17,10.51,8.08,10.51,6732797,66460032.00
2023-11-27,12.00,13.66,11.69,13.66,13320132,175624864.00
2023-11-28,12.00,14.12,11.50,12.40,11134025,141283888.00
2023-11-29,12.39,12.73,10.00,10.35,7471672,84776656.00
2023-11-30,10.36,10.60,9.53,9.94,4747338,47546376.00
2023-12-01,9.91,10.25,9.12,9.12,4675890,44652660.00
2023-12-04,9.02,10.40,8.78,10.15,5348237,51392212.00
2023-12-05,10.00,11.84,9.81,11.53,5765414,63622264.00
2023-12-06,11.55,12.37,10.78,11.40,5189655,59341480.00
2023-12-07,11.39,11.76,11.11,11.55,2875931,33004300.00
2023-12-08,11.42,12.52,11.41,11.90,3115992,37365264.00
2023-12-11,11.75,11.75,10.50,10.63,3526702,38778776.00
2023-12-12,10.54,10.87,10.40,10.74,2181551,23253348.00
2023-12-13,10.70,11.79,10.65,11.42,4079610,46264944.00
2023-12-14,11.50,13.33,11.50,13.05,6966569,87409464.00
2023-12-15,12.80,12.94,11.99,12.50,4054308,50514240.00
2023-12-18,12.80,16.25,12.63,15.08,14453401,219563696.00
2023-12-19,14.21,19.54,14.00,17.85,16799358,266768176.00
2023-12-20,17.00,19.90,16.78,17.96,16536941,304809824.00
2023-12-21,17.00,17.54,13.38,14.62,11233329,181889920.00
2023-12-22,14.14,17.88,14.14,16.76,13080587,215700400.00
2023-12-25,16.00,18.20,15.54,17.62,10186324,171793680.00
2023-12-26,17.29,20.94,17.01,18.31,12453457,236188832.00
2023-12-27,17.99,18.58,17.01,17.69,7651090,135223696.00
2023-12-28,17.20,17.78,16.81,16.81,6535027,112691504.00
2023-12-29,16.45,18.81,16.22,17.87,9347321,163493024.00
2024-01-02,17.80,19.56,17.45,19.16,10395341,193402096.00
2024-01-03,18.50,19.10,18.04,18.56,6171673,114307192.00
2024-01-04,18.40,18.88,17.22,17.73,5471393,98494136.00
2024-01-05,17.75,18.34,16.10,16.84,6114443,106655664.00
2024-01-08,16.60,17.17,15.80,15.80,4513064,74304376.00
2024-01-09,15.94,16.44,14.21,15.76,5204328,80057112.00
2024-01-10,15.44,16.09,14.98,15.33,3971442,61486992.00
2024-01-11,15.34,15.69,14.80,15.55,4271589,64782152.00
2024-01-12,15.55,16.14,13.65,13.70,5107163,75867696.00
2024-01-15,13.53,13.85,12.35,12.36,3600285,47226560.00
2024-01-16,12.52,14.66,11.82,14.10,5511697,73214192.00
2024-01-17,13.77,15.20,13.77,14.04,5628644,82707976.00
2024-01-18,13.73,15.20,13.24,14.87,5755627,82811184.00
2024-01-19,14.69,15.55,14.48,15.02,5132710,77380472.00
2024-01-22,14.81,15.43,14.39,14.52,3800197,56975088.00
2024-01-23,14.68,14.79,13.98,14.46,2963761,42541820.00
2024-01-24,14.49,14.56,13.21,13.84,3049789,42226296.00
2024-01-25,13.69,14.00,12.68,13.09,3108818,41540532.00
2024-01-26,13.10,15.85,12.88,15.55,9124450,136931904.00
2024-01-29,14.99,15.18,13.30,14.40,6819014,97179544.00
2024-01-30,14.00,14.95,13.40,13.60,4120008,57685364.00
2024-01-31,13.79,14.35,13.39,14.34,4289834,60101872.00
2024-02-01,14.27,17.20,14.05,15.50,9588637,151006480.00
2024-02-02,15.06,15.27,13.90,14.20,6737730,98337352.00
2024-02-05,13.50,14.18,12.51,13.07,4993691,67258160.00
2024-02-06,12.80,14.35,12.77,14.11,4672730,64567276.00
2024-02-07,14.18,14.90,13.19,13.19,5043236,71105920.00
2024-02-08,13.45,13.48,11.50,12.50,4092140,51179928.00
2024-02-19,12.55,12.95,12.10,12.83,2752407,34763976.00
2024-02-20,12.73,13.94,12.52,13.48,3901288,52410136.00
2024-02-21,13.30,13.85,13.07,13.26,3796551,51487632.00
2024-02-22,13.32,13.68,13.09,13.46,2881786,38533528.00
2024-02-23,13.38,13.77,13.02,13.29,3106819,41443012.00
2024-02-26,13.80,13.98,13.11,13.25,2748365,37268600.00
2024-02-27,13.00,15.60,12.88,14.51,7196750,104786760.00
2024-02-28,14.30,15.38,13.83,13.83,6295373,91702920.00
2024-02-29,13.82,14.47,13.62,14.35,3925040,54981124.00
2024-03-01,14.28,14.90,14.00,14.37,3667166,52938904.00
2024-03-04,14.15,14.44,13.60,13.70,3070593,42423628.00
2024-03-05,13.40,13.66,12.81,12.91,2804939,37101508.00
2024-03-06,12.83,13.56,12.83,13.20,1948105,25869948.00
2024-03-07,13.37,13.65,12.51,12.51,2039714,26463414.00
2024-03-08,12.70,12.70,12.13,12.39,1305669,16156470.00
2024-03-11,12.25,12.62,12.25,12.45,1002653,12395984.00
2024-03-12,12.42,12.95,12.20,12.62,2060190,25852552.00
2024-03-13,12.47,12.60,11.90,11.98,1897997,23057136.00
2024-03-14,11.98,12.30,11.61,11.76,879315,10509534.00
2024-03-15,11.70,12.79,11.60,12.44,3087624,38408180.00
2024-03-18,12.34,12.55,12.01,12.47,1666014,20533606.00
2024-03-19,12.57,12.57,12.12,12.16,1214013,14940500.00
2024-03-20,12.31,12.39,12.06,12.16,948231,11556405.00
2024-03-21,12.10,12.39,11.91,12.12,1333605,16249177.00
2024-03-22,12.19,12.40,11.68,11.81,1436293,17367790.00
2024-03-25,11.88,11.88,10.80,11.01,1773642,20217450.00
2024-03-26,11.14,11.45,10.76,11.15,1416042,15763654.00
2024-03-27,11.14,11.53,10.90,10.99,1821544,20464554.00
2024-03-28,11.08,11.18,10.77,10.90,1082457,11894147.00
2024-03-29,10.78,11.19,10.73,10.79,1177256,12824224.00
2024-04-01,10.78,10.81,10.60,10.66,1254116,13412729.00
2024-04-02,10.66,11.08,10.61,10.66,1107939,11925562.00
2024-04-03,10.66,10.75,10.20,10.20,1165490,12165465.00
2024-04-08,10.30,10.30,9.54,9.70,1883799,18421286.00
2024-04-09,9.64,9.97,9.64,9.73,801586,7832286.50
2024-04-10,9.80,10.65,9.31,9.96,3746637,37484776.00
2024-04-11,9.84,9.84,9.49,9.52,2282107,22079478.00
2024-04-12,9.63,9.63,9.18,9.22,1191842,11226015.00
2024-04-15,9.22,9.41,9.02,9.11,1476626,13541644.00
2024-04-16,9.08,9.10,8.31,8.47,1961967,16914658.00
2024-04-17,8.80,9.80,8.67,9.75,3976593,37298272.00
2024-04-18,9.50,10.50,9.17,9.88,4641966,46068920.00
2024-04-19,9.78,9.98,9.50,9.84,2737233,26617534.00
2024-04-22,9.90,10.35,9.56,10.03,1740659,17265990.00
2024-04-23,10.16,10.75,9.95,10.42,2261089,23525088.00
2024-04-24,10.40,10.52,10.24,10.32,2006000,20762460.00
2024-04-25,10.35,11.72,10.28,10.82,3672317,40562800.00
2024-04-26,10.80,11.04,10.45,11.04,2751582,29374558.00
2024-04-29,11.97,12.59,11.38,11.40,4519906,52476336.00
2024-04-30,11.25,11.53,11.04,11.12,2156244,24130642.00
2024-05-06,11.13,11.68,11.00,11.34,2699687,30378420.00
2024-05-07,11.40,11.40,11.15,11.16,1616642,18164654.00
2024-05-08,11.16,11.24,10.93,10.99,1081359,11999511.00
2024-05-09,10.98,11.17,10.82,10.84,1353596,14851227.00
2024-05-10,10.85,10.87,10.34,10.39,1594470,16782440.00
2024-05-13,10.38,10.38,9.99,9.99,1033156,10434648.00
2024-05-14,9.91,10.18,9.91,10.00,700896,7014443.50
2024-05-15,10.02,10.50,9.97,10.15,1629166,16723095.00
2024-05-16,10.10,10.23,9.91,9.91,1385798,13992304.00
2024-05-17,9.94,10.48,9.92,10.42,2811859,28902872.00
2024-05-20,10.30,10.36,10.16,10.24,1866030,19086886.00
2024-05-21,10.17,10.28,10.03,10.09,931534,9403183.00
2024-05-22,10.18,10.24,10.08,10.14,1022415,10364358.00
2024-05-23,10.10,12.51,10.09,11.55,8289270,94003952.00
2024-05-24,11.05,11.42,10.81,10.84,5197712,57714576.00
2024-05-27,10.90,11.37,10.72,11.15,3286167,36524720.00
2024-05-28,11.10,11.27,10.75,10.80,2585737,28510522.00
2024-05-29,10.71,11.07,10.68,10.98,2128150,23033358.00
2024-05-30,10.87,10.87,10.73,10.80,1429448,15395128.00
2024-05-31,10.88,11.12,10.74,11.07,2785557,30635366.00
2024-06-03,10.95,11.18,10.84,10.95,1444905,15781088.00
2024-06-04,10.95,11.00,10.67,10.78,1619923,17486392.00
2024-06-05,10.70,10.77,10.26,10.27,1270379,13328830.00
2024-06-06,10.26,10.39,9.88,10.00,1201509,12090696.00
2024-06-07,10.25,10.44,10.15,10.35,1391562,14327912.00
2024-06-11,7.88,8.02,7.72,7.85,1375563,10821801.00
2024-06-12,7.95,7.98,7.72,7.85,1280875,10053940.00
2024-06-13,7.86,7.94,7.77,7.80,1249145,9557752.00
2024-06-14,7.79,7.88,7.68,7.74,1119481,8680065.00
2024-06-17,7.75,7.75,7.48,7.54,1521451,11531075.00
2024-06-18,7.65,8.04,7.62,7.81,2791958,21850188.00
2024-06-19,7.75,8.38,7.63,8.27,5292817,42912284.00
2024-06-20,8.17,8.17,7.85,7.86,3087056,24617576.00
2024-06-21,7.95,8.28,7.89,8.08,2601839,21094080.00
2024-06-24,8.15,8.24,7.65,7.72,2395902,18828820.00
2024-06-25,7.77,8.05,7.66,7.88,2322876,18161980.00
2024-06-26,7.91,8.07,7.66,8.07,2254552,17582096.00
2024-06-27,7.99,8.20,7.78,8.06,2321366,18505596.00
2024-06-28,7.98,8.17,7.95,8.13,1806041,14623622.00
2024-07-01,8.13,8.18,7.98,8.06,1043151,8338428.00
2024-07-02,8.00,8.05,7.69,7.91,2393184,18738592.00
2024-07-03,7.80,7.88,7.55,7.65,2066661,15867809.00
2024-07-04,7.69,7.82,7.52,7.62,1531779,11758653.00
2024-07-05,7.58,7.69,7.41,7.64,1299109,9804246.00
2024-07-08,7.55,7.65,7.35,7.41,1221775,9104349.00
2024-07-09,7.33,7.58,7.25,7.46,1122827,8393792.00
2024-07-10,7.49,7.57,7.33,7.43,1145190,8540129.00
2024-07-11,7.56,7.64,7.39,7.56,1607356,12136962.00
2024-07-12,7.55,7.59,7.41,7.54,1330735,9975357.00
2024-07-15,7.55,7.56,7.30,7.43,1070320,7886163.50
2024-07-16,7.34,7.85,7.26,7.85,3131731,23781128.00
2024-07-17,7.86,8.66,7.81,8.55,7777386,64991076.00
2024-07-18,8.40,8.55,7.86,8.20,4193444,34338032.00
2024-07-19,8.28,9.20,8.15,8.15,6666534,57642500.00
2024-07-22,8.00,8.00,7.72,7.78,4162760,32595724.00
2024-07-23,7.78,7.98,7.60,7.67,2078034,16119885.00
2024-07-24,7.66,7.74,7.36,7.39,1922577,14390247.00
2024-07-25,7.43,7.65,7.35,7.48,1344661,10087735.00
2024-07-26,7.49,7.69,7.46,7.56,1165618,8811186.00
2024-07-29,7.50,7.76,7.40,7.60,1419703,10763119.00
2024-07-30,7.57,7.79,7.53,7.65,1545490,11835154.00
2024-07-31,7.62,7.85,7.57,7.80,1823070,14142566.00
2024-08-01,7.89,7.94,7.64,7.69,1534606,11892468.00
2024-08-02,7.66,7.66,7.36,7.42,1895290,14145466.00
2024-08-05,7.38,7.48,7.04,7.24,1591666,11443334.00
2024-08-06,7.30,7.41,7.21,7.33,1095859,8015772.00
2024-08-07,7.34,7.37,7.28,7.35,1045436,7657364.00
2024-08-08,7.37,7.37,7.11,7.24,730331,5271021.00
2024-08-09,7.27,7.56,7.23,7.31,1244238,9181174.00
2024-08-12,7.27,7.35,7.14,7.18,651184,4716134.50
2024-08-13,7.20,7.23,7.06,7.16,808014,5750495.50
2024-08-14,7.15,7.18,7.08,7.14,485686,3461824.50
2024-08-15,7.08,7.24,7.07,7.11,777848,5552139.50
2024-08-16,7.15,7.18,7.02,7.04,535127,3799037.25
2024-08-19,7.04,7.08,6.87,6.87,1117001,7747111.00
2024-08-20,6.85,7.04,6.81,6.84,1045554,7230080.00
2024-08-21,6.87,6.87,6.66,6.69,1067432,7199470.50
2024-08-22,6.72,6.72,6.42,6.45,887756,5791719.00
2024-08-23,6.43,6.52,6.36,6.40,455465,2935159.50
2024-08-26,6.46,6.54,6.40,6.43,474556,3064263.25
2024-08-27,6.48,6.82,6.44,6.56,1321570,8780983.00
2024-08-28,6.59,6.86,6.42,6.79,1918790,12892233.00
2024-08-29,6.65,6.74,6.44,6.56,2179478,14367490.00
2024-08-30,6.50,6.75,6.50,6.61,1689670,11219690.00
2024-09-02,6.68,6.72,6.38,6.51,1434717,9371108.00
2024-09-03,6.45,6.56,6.40,6.47,1183806,7568887.50
2024-09-04,6.44,6.44,6.18,6.31,1454623,9178074.00
2024-09-05,6.29,6.33,6.23,6.27,587692,3687642.00
2024-09-06,6.30,6.30,5.90,6.02,1449655,8735731.00
2024-09-09,5.98,6.04,5.93,6.00,427889,2558814.25
2024-09-10,6.00,6.05,5.92,6.00,656809,3932784.00
2024-09-11,5.97,6.00,5.89,5.95,582839,3459893.50
2024-09-12,5.91,5.96,5.78,5.78,855861,5025308.50
2024-09-13,5.78,6.01,5.62,5.92,2402122,14030870.00
2024-09-18,5.83,5.98,5.73,5.85,976160,5701644.50
2024-09-19,5.88,6.04,5.83,5.94,889888,5280157.50
2024-09-20,5.99,6.02,5.80,5.88,856002,5052161.00
2024-09-23,5.99,6.08,5.91,5.97,1125453,6759911.00
2024-09-24,5.98,6.20,5.91,6.15,1676797,10204829.00
2024-09-25,6.25,6.34,6.18,6.23,2284453,14280095.00
2024-09-26,6.24,6.34,6.17,6.34,1666602,10433023.00
2024-09-27,6.50,7.27,6.46,7.21,6025685,41794936.00
2024-09-30,7.86,9.01,7.50,8.90,8096661,66968776.00
2024-10-08,11.28,11.29,9.30,10.88,9832258,102097336.00
2024-10-09,9.98,10.44,9.08,9.09,6990967,69226944.00
2024-10-10,9.14,9.49,8.70,8.73,4397915,40114164.00
2024-10-11,8.57,8.77,7.73,8.04,4217444,34384480.00
2024-10-14,8.15,8.56,7.98,8.47,3193234,26575980.00
2024-10-15,8.50,9.00,8.31,8.52,3930318,34218616.00
2024-10-16,8.40,8.75,8.18,8.56,2318780,19756354.00
2024-10-17,8.66,9.49,8.62,8.79,7442894,66926616.00
2024-10-18,8.72,9.68,8.65,9.45,9521745,89063288.00
2024-10-21,9.90,11.97,9.90,11.70,16858742,184503920.00
2024-10-22,13.59,13.59,10.70,11.32,18498575,221680528.00
2024-10-23,10.91,11.92,10.58,11.44,10871251,124123400.00
2024-10-24,11.44,12.35,11.23,11.94,10751851,126370016.00
2024-10-25,13.90,14.64,12.64,12.67,18741889,254173936.00
2024-10-28,12.48,13.33,11.71,13.20,12026421,152255536.00
2024-10-29,12.91,15.26,12.80,14.21,14004286,190468000.00
2024-10-30,13.37,15.90,13.08,15.03,18373139,268845792.00
2024-10-31,15.30,15.31,13.10,13.66,14218247,198812880.00
2024-11-01,13.26,13.60,11.80,11.99,9418063,118111064.00
2024-11-04,11.90,13.10,11.70,12.94,6916410,87459248.00
2024-11-05,13.42,14.60,13.38,13.99,10019848,138893184.00
2024-11-06,13.90,15.49,13.80,15.01,14146136,206675136.00
2024-11-07,15.00,15.30,14.21,14.83,10488760,155793312.00
2024-11-08,15.19,15.27,13.80,14.00,8073750,117221672.00
2024-11-11,14.05,15.20,13.96,14.45,7096562,102695888.00
2024-11-12,14.36,14.77,13.37,13.60,5886781,82243680.00
2024-11-13,13.60,13.78,12.72,13.51,4567699,60205708.00
2024-11-14,13.38,13.77,12.93,12.98,3523717,46936420.00
2024-11-15,12.90,13.58,12.58,13.00,4358115,56732404.00
2024-11-18,13.36,14.06,13.06,13.68,7673765,104800216.00
2024-11-19,12.93,12.99,11.39,12.31,8605166,105158976.00
2024-11-20,12.13,12.89,11.85,12.74,5795083,72557640.00
2024-11-21,12.62,13.48,12.59,13.47,6789830,88942032.00
2024-11-22,13.50,14.19,13.01,13.29,7722854,105936120.00
2024-11-25,13.60,13.60,12.30,12.82,4925137,62444956.00
2024-11-26,12.84,12.85,11.95,11.95,4047283,50163024.00
2024-11-27,11.95,12.15,11.06,12.12,4143746,48081984.00
2024-11-28,12.60,13.24,12.36,12.86,7802549,100670696.00
2024-11-29,12.50,14.30,12.16,13.77,9698276,127235512.00
2024-12-02,15.40,17.90,14.77,16.69,29461888,498363168.00
2024-12-03,16.69,16.69,16.69,16.69,0,0.00
#数据来源:通达信
