832471 美邦科技 日线 不复权
      日期	    开盘	    最高	    最低	    收盘	    成交量	    成交额
2016-01-27,4.50,8.85,4.50,5.01,200000,1001500.00
2016-01-29,8.85,15.00,8.85,12.95,3000,38850.00
2016-07-01,6.88,6.88,6.88,6.88,200000,1376000.00
2016-07-13,8.89,8.97,8.89,8.97,3000,26780.00
2016-07-15,9.14,9.14,9.14,9.14,1000,9150.00
2016-07-22,9.12,9.12,9.12,9.12,2000,18240.00
2016-07-27,9.20,9.20,9.20,9.20,2000,18400.00
2016-08-10,8.85,8.85,8.85,8.85,2000,17700.00
2016-08-12,8.85,8.85,8.85,8.85,1000,8860.00
2016-08-15,8.85,8.85,8.85,8.85,4000,35410.00
2016-08-16,8.57,8.57,8.55,8.55,3000,25690.00
2016-08-29,8.26,8.26,8.10,8.10,5000,40890.00
2016-08-30,7.84,7.84,7.55,7.60,10000,76930.00
2016-08-31,7.40,7.40,6.89,6.89,20000,141950.00
2016-09-01,7.15,7.21,7.10,7.21,18000,129010.00
2016-09-02,7.22,7.24,7.20,7.24,104000,749910.00
2016-09-05,7.30,7.30,7.30,7.30,1000,7300.00
2016-09-06,7.30,7.35,7.29,7.30,123000,898080.00
2016-09-08,7.67,7.69,7.66,7.69,3000,23020.00
2016-09-09,7.63,7.72,7.63,7.72,4000,30700.00
2016-09-14,7.72,7.83,7.70,7.70,4000,30970.00
2016-09-20,7.82,7.82,7.72,7.72,3000,23360.00
2016-09-21,7.87,7.87,7.87,7.87,2000,15740.00
2016-09-29,7.76,7.76,7.76,7.76,1000,7760.00
2016-10-10,8.05,8.05,8.05,8.05,2000,16100.00
2016-10-13,8.07,8.07,8.07,8.07,3000,24210.00
2016-10-14,8.08,8.10,8.08,8.10,2000,16190.00
2016-10-20,8.14,8.30,8.14,8.30,8000,65730.00
2016-10-21,8.32,8.32,8.32,8.32,4000,33280.00
2016-10-24,8.34,8.50,8.32,8.32,13000,109060.00
2016-10-26,8.32,8.63,8.32,8.63,125000,1042250.00
2016-10-28,8.27,8.60,8.27,8.60,122000,1016020.00
2016-10-31,8.27,8.27,8.27,8.27,1000,8270.00
2016-11-01,8.60,8.84,8.60,8.84,3000,26040.00
2016-11-02,8.70,8.95,8.70,8.95,18000,157610.00
2016-11-03,8.97,9.00,8.97,9.00,4000,35910.00
2016-11-04,8.91,9.05,8.91,9.05,11000,98290.00
2016-11-07,8.92,8.92,8.92,8.92,4000,35680.00
2016-11-10,8.93,8.93,8.93,8.93,1000,8940.00
2016-11-22,8.89,8.89,8.89,8.89,5000,44450.00
2016-11-24,8.89,9.12,8.89,9.05,12000,107700.00
2016-11-29,8.79,8.80,8.79,8.80,3000,26380.00
2016-11-30,8.92,9.64,8.92,9.64,18000,166580.00
2016-12-01,9.51,10.13,9.51,10.13,22000,216720.00
2016-12-02,10.03,10.93,10.03,10.93,26000,271800.00
2016-12-05,10.93,11.45,10.70,11.45,46000,516540.00
2016-12-06,11.70,11.70,11.70,11.70,2000,23400.00
2016-12-08,11.44,12.00,11.44,12.00,29000,337910.00
2016-12-09,11.50,11.51,11.50,11.51,3000,34510.00
2016-12-12,11.94,11.96,11.94,11.96,3000,35860.00
2016-12-13,12.05,12.05,12.05,12.05,4000,48200.00
2016-12-16,11.57,11.57,11.57,11.57,1000,11570.00
2016-12-19,11.57,11.57,11.43,11.55,6000,68960.00
2016-12-20,11.63,11.63,11.63,11.63,2000,23260.00
2016-12-21,11.50,11.50,11.49,11.49,4000,45980.00
2016-12-23,11.84,11.84,11.84,11.84,1000,11840.00
2016-12-27,11.50,11.85,11.50,11.85,4000,46700.00
2016-12-28,11.60,11.91,11.60,11.91,3000,35420.00
2017-01-10,11.37,11.37,11.28,11.28,6000,67810.00
2017-01-12,11.65,11.65,11.65,11.65,1000,11650.00
2017-01-20,11.25,11.25,11.25,11.25,3000,33750.00
2017-02-08,11.13,11.13,11.13,11.13,3000,33390.00
2017-02-09,11.05,11.08,11.03,11.08,4000,44190.00
2017-02-13,11.00,11.00,11.00,11.00,3000,33000.00
2017-02-14,10.93,10.93,10.88,10.88,9000,98080.00
2017-02-15,10.84,10.84,10.77,10.77,7000,75710.00
2017-02-16,11.17,11.31,11.17,11.23,5000,56120.00
2017-02-22,11.26,11.26,11.26,11.26,1000,11260.00
2017-02-28,11.08,11.11,11.08,11.11,3000,33300.00
2017-03-01,11.12,11.23,11.12,11.21,14000,156580.00
2017-03-03,10.85,11.18,10.85,11.18,15000,164690.00
2017-03-06,10.90,11.20,10.80,11.20,15000,165360.00
2017-03-07,10.69,10.69,10.69,10.69,2000,21380.00
2017-03-08,10.65,10.80,10.65,10.70,7000,74780.00
2017-03-09,10.52,10.52,10.35,10.35,5000,52290.00
2017-03-10,10.35,10.42,10.35,10.42,3000,31120.00
2017-03-13,10.20,10.40,10.20,10.35,17000,175350.00
2017-03-14,10.55,10.55,10.55,10.55,2000,21100.00
2017-03-15,10.73,10.73,10.73,10.73,1000,10730.00
2017-03-20,10.31,10.33,10.28,10.30,14000,144270.00
2017-03-21,10.25,10.38,10.25,10.38,7000,71960.00
2017-03-23,10.14,10.18,10.00,10.00,9000,90720.00
2017-03-24,9.89,9.89,9.50,9.66,17000,164600.00
2017-03-27,9.87,9.88,9.87,9.88,5000,49380.00
2017-03-28,9.88,9.88,9.88,9.88,2000,19760.00
2017-03-29,9.93,9.99,9.75,9.75,6000,59330.00
2017-03-30,10.05,10.05,9.72,10.00,5000,49880.00
2017-03-31,10.16,10.16,10.16,10.16,2000,20320.00
2017-04-05,10.20,10.55,10.20,10.55,14000,143830.00
2017-04-07,10.21,10.36,10.21,10.35,12000,122950.00
2017-04-10,10.33,10.33,10.33,10.33,2000,20660.00
2017-04-11,10.63,10.70,10.63,10.70,9000,95880.00
2017-04-12,10.35,10.35,10.35,10.35,3000,31050.00
2017-04-19,10.75,10.75,10.75,10.75,1000,10750.00
2017-04-20,10.75,10.75,10.75,10.75,2000,21500.00
2017-04-24,10.35,10.37,10.00,10.00,14000,143110.00
2017-04-25,9.97,9.97,9.97,9.97,1000,9980.00
2017-04-26,9.99,10.02,9.99,9.99,4000,40000.00
2017-04-27,9.75,10.00,9.72,9.97,5000,49210.00
2017-04-28,10.09,10.09,10.09,10.09,1000,10090.00
2017-05-02,9.68,9.79,9.47,9.58,24000,230880.00
2017-05-04,9.39,9.58,9.39,9.58,2000,18980.00
2017-05-05,9.37,9.37,9.31,9.37,6000,56070.00
2017-05-10,9.50,9.50,9.50,9.50,3000,28500.00
2017-05-11,9.50,9.50,9.50,9.50,3000,28500.00
2017-05-12,9.50,9.50,9.50,9.50,1000,9500.00
2017-05-15,9.50,9.50,9.50,9.50,3000,28500.00
2017-05-16,9.50,9.50,9.50,9.50,2000,19000.00
2017-05-22,9.47,9.80,9.35,9.80,11000,104630.00
2017-06-05,9.39,9.39,9.39,9.39,1000,9390.00
2017-06-06,9.57,9.57,9.57,9.57,1000,9570.00
2017-06-16,9.22,9.30,9.22,9.30,4000,36990.00
2017-06-30,9.35,9.45,9.35,9.45,3000,28240.00
2017-07-03,9.45,9.45,9.45,9.45,1000,9450.00
2017-07-10,9.39,9.39,9.39,9.39,1000,9400.00
2017-07-12,9.66,9.66,9.66,9.66,1000,9660.00
2017-07-19,9.24,9.29,8.89,8.89,15000,136400.00
2017-07-20,9.39,9.39,9.39,9.39,1000,9400.00
2017-08-14,9.35,9.35,9.35,9.35,2000,18710.00
2017-08-17,9.27,9.38,9.27,9.38,2000,18650.00
2017-08-18,9.05,9.38,9.05,9.38,2000,18430.00
2017-08-24,9.26,9.50,9.26,9.50,21000,196130.00
2017-09-06,9.16,9.16,9.14,9.14,2000,18310.00
2017-09-07,9.14,9.14,9.14,9.14,2000,18300.00
2017-09-12,9.31,9.50,9.31,9.50,2000,18810.00
2017-09-20,9.59,9.59,9.59,9.59,1000,9590.00
2017-10-09,9.60,9.60,9.60,9.60,1000,9610.00
2017-10-20,9.63,9.63,9.18,9.30,11000,102160.00
2017-10-24,9.20,9.30,9.20,9.30,2000,18500.00
2017-11-16,9.25,9.25,9.25,9.25,1000,9250.00
2017-11-28,9.18,9.18,9.18,9.18,5000,45900.00
2017-12-11,9.14,9.14,9.10,9.10,5000,45600.00
2017-12-13,9.06,9.06,9.06,9.06,1000,9060.00
2017-12-14,9.01,9.01,8.81,8.81,13000,116340.00
2017-12-15,8.80,8.80,8.80,8.80,1000,8800.00
2018-01-15,8.72,8.72,8.72,8.72,1000,8730.00
2018-01-18,8.75,8.75,8.75,8.75,1000,8750.00
2018-01-22,8.70,8.70,8.70,8.70,1000,8700.00
2018-02-09,8.66,8.66,8.64,8.64,2000,17300.00
2018-02-12,8.64,8.64,8.56,8.58,4000,34320.00
2018-03-05,8.72,8.72,8.72,8.72,1000,8730.00
2018-03-15,8.47,8.58,8.43,8.58,4000,33940.00
2018-03-21,8.52,8.52,8.39,8.43,7000,59050.00
2018-03-23,8.39,8.39,8.39,8.39,1000,8400.00
2018-03-29,8.31,8.31,8.29,8.30,3000,24910.00
2018-04-09,8.22,8.22,8.21,8.22,3000,24650.00
2018-04-13,8.14,8.14,8.14,8.14,3000,24440.00
2018-05-04,8.05,8.05,8.05,8.05,1000,8050.00
2018-05-08,8.03,8.03,7.98,8.00,144000,1012010.00
2018-05-09,7.95,7.99,7.92,7.95,5000,39730.00
2018-07-03,7.78,7.78,7.69,7.73,6000,46350.00
2018-07-04,7.63,7.63,7.48,7.52,12000,90700.00
2018-07-05,7.36,7.36,7.00,7.18,12000,86130.00
2018-11-07,7.18,7.18,7.18,7.18,300000,1080000.00
2018-12-11,6.84,6.84,6.52,6.74,18000,121320.00
2018-12-14,6.44,6.44,6.44,6.44,1000,6440.00
2019-01-02,6.70,6.70,6.70,6.70,104000,624700.00
2019-01-08,6.70,6.89,6.70,6.86,23000,156420.00
2019-01-11,6.89,7.06,6.89,7.01,19000,132330.00
2019-01-14,7.14,7.21,7.14,7.17,5000,35800.00
2019-01-24,6.90,6.90,6.89,6.90,5000,34490.00
2019-02-13,6.82,6.91,6.78,6.82,9000,61350.00
2019-02-18,7.05,7.05,7.05,7.05,1000,7050.00
2019-03-01,6.85,6.85,6.80,6.83,4000,27300.00
2019-03-18,7.05,7.20,6.98,7.11,12000,85340.00
2019-03-27,6.85,6.85,6.85,6.85,1000,6850.00
2019-04-02,7.15,7.15,7.15,7.15,1000,7150.00
2019-04-12,6.85,6.98,6.85,6.98,4000,27530.00
2019-05-09,7.11,7.11,7.11,7.11,10000,71100.00
2019-05-21,6.85,6.85,6.81,6.83,2000,13660.00
2019-05-30,6.76,6.76,6.61,6.63,9000,60210.00
2019-06-18,6.52,6.52,6.52,6.52,1000,6520.00
2019-06-20,6.52,6.52,6.42,6.45,9000,58080.00
2019-07-04,6.56,6.56,6.56,6.56,1000,6560.00
2019-08-07,6.51,6.51,6.51,6.51,1000,6510.00
2019-08-09,6.51,6.51,6.51,6.51,1000,6510.00
2019-08-20,6.50,6.50,6.50,6.50,2000,13000.00
2019-10-14,6.80,6.83,6.80,6.82,6000,40890.00
2019-10-15,6.84,6.85,6.84,6.85,4000,27390.00
2019-10-22,6.86,6.86,6.86,6.86,1000,6860.00
2019-10-23,6.80,6.80,6.80,6.80,3000,20400.00
2019-10-24,6.80,6.80,6.66,6.66,6000,40380.00
2019-10-29,6.85,6.89,6.85,6.87,5000,34370.00
2019-10-30,6.99,7.07,6.99,7.07,5000,35060.00
2019-11-07,6.85,6.96,6.80,6.84,8000,54740.00
2019-11-08,7.05,7.05,7.05,7.05,1000,7050.00
2019-11-12,6.85,6.88,6.80,6.85,12000,82140.00
2019-11-14,7.10,7.10,7.10,7.10,1000,7100.00
2019-11-21,6.95,6.95,6.95,6.95,3000,20850.00
2019-12-04,6.94,6.94,6.86,6.90,4000,27600.00
2019-12-05,7.00,7.00,7.00,7.00,1000,7000.00
2019-12-13,6.87,6.87,6.87,6.87,1000,6870.00
2019-12-16,6.60,6.88,6.60,6.88,5000,34100.00
2019-12-17,6.90,6.90,6.90,6.90,1000,6900.00
2019-12-18,6.95,6.96,6.95,6.96,502000,4653910.00
2019-12-19,6.96,6.96,6.96,6.96,920000,8537600.00
2019-12-24,7.14,7.14,6.99,7.07,2000,14130.00
2019-12-26,6.70,6.70,6.68,6.69,6000,40180.00
2019-12-27,6.70,6.70,6.70,6.70,1000,6700.00
2019-12-30,6.99,6.99,6.99,6.99,1000,6990.00
2020-01-07,6.65,6.85,6.65,6.85,5000,33450.00
2020-01-17,6.76,6.76,6.76,6.76,1000,6760.00
2020-02-03,6.73,6.73,6.73,6.73,1000,6730.00
2020-02-04,6.73,6.73,6.72,6.72,3000,20170.00
2020-02-05,6.68,6.68,6.68,6.68,1000,6680.00
2020-03-31,6.80,6.80,6.80,6.80,4000,27200.00
2020-04-30,7.00,7.00,7.00,7.00,1000,7000.00
2020-05-06,6.97,6.97,6.75,6.84,7000,48130.00
2020-07-06,7.04,7.04,7.04,7.04,1000,7040.00
2020-07-08,7.04,7.04,7.04,7.04,1000,7040.00
2020-07-09,6.73,6.81,6.70,6.81,12000,80820.00
2020-07-13,6.80,6.82,6.80,6.82,5000,34020.00
2020-07-14,7.03,7.03,6.70,6.74,9000,60920.00
2020-07-15,6.70,6.96,6.68,6.69,10000,67710.00
2020-07-16,6.68,6.69,6.62,6.66,13000,86620.00
2020-07-17,6.67,6.67,6.67,6.67,1000,6670.00
2020-07-23,6.63,6.63,6.61,6.62,3000,19850.00
2020-07-27,6.40,6.45,6.40,6.45,2000,12850.00
2020-07-28,6.67,6.68,6.67,6.68,7000,46750.00
2020-08-06,6.40,6.40,6.40,6.40,1000,6400.00
2020-11-05,6.24,6.24,6.24,6.24,1000,6240.00
2021-02-09,6.19,6.19,6.19,6.19,1000,6190.00
2021-03-24,6.10,6.10,6.06,6.06,4000,24340.00
2021-03-26,6.00,6.08,6.00,6.08,2100,12608.00
2021-03-31,5.95,5.95,5.95,5.95,3000,17850.00
2021-04-02,5.90,5.90,5.86,5.88,2000,11760.00
2021-04-15,5.78,5.78,5.78,5.78,2000,11560.00
2021-06-04,5.67,5.67,5.67,5.67,1000,5670.00
2021-08-04,5.67,5.67,5.67,5.67,1000,5670.00
2021-08-27,5.71,5.91,5.67,5.79,107000,550415.00
2021-08-30,6.01,6.06,6.01,6.06,211000,1086550.00
2021-08-31,6.02,6.02,6.02,6.02,2000,12040.00
2021-09-01,6.06,6.06,6.06,6.06,1000,6060.00
2021-09-02,6.06,6.06,6.06,6.06,2000,12120.00
2021-09-03,6.11,6.19,6.11,6.18,10000,61300.00
2021-09-06,6.26,7.78,6.26,7.71,122600,828174.63
2021-09-07,7.50,7.77,7.28,7.54,38200,286379.75
2021-09-08,7.39,7.72,7.39,7.45,39200,291551.00
2021-09-09,7.69,7.72,7.69,7.72,21900,168718.00
2021-09-10,7.74,7.74,7.36,7.54,8900,66436.00
2021-09-13,7.54,7.90,7.54,7.75,19100,147280.00
2021-09-14,7.90,8.21,7.90,8.08,40500,326850.88
2021-09-15,8.08,8.32,8.00,8.32,20100,162152.00
2021-09-16,8.00,8.30,8.00,8.30,7100,57130.00
2021-09-17,8.07,8.32,8.07,8.32,14500,117431.93
2021-09-22,8.41,8.41,8.10,8.39,27300,223599.00
2021-09-23,8.45,8.80,8.30,8.62,22500,193735.00
2021-09-24,8.91,8.93,8.91,8.93,2800,24707.16
2021-09-27,8.92,9.10,8.70,8.70,15700,140878.00
2021-09-28,9.10,9.12,9.10,9.10,18100,165005.00
2021-09-29,9.14,9.14,9.14,9.14,800,7320.00
2021-09-30,9.14,9.46,9.10,9.22,14600,134654.00
2021-10-08,9.46,9.50,9.30,9.39,5100,47770.80
2021-10-11,9.45,9.55,9.30,9.55,29000,273136.00
2021-10-12,9.35,9.35,9.35,9.35,900,8415.00
2021-10-13,9.52,9.52,9.52,9.52,100,952.00
2021-10-14,9.09,9.50,9.08,9.35,2300,20987.00
2021-10-15,9.47,9.47,9.47,9.47,100,947.00
2021-10-18,9.47,9.47,9.47,9.47,400,3788.00
2021-10-20,9.47,9.47,9.47,9.47,300,2841.00
2021-10-22,9.04,9.04,9.01,9.01,3300,29772.00
2021-10-25,9.37,9.43,9.37,9.42,3400,32038.00
2021-10-26,8.99,9.39,8.99,9.39,1100,9930.00
2021-10-27,9.39,9.39,9.39,9.39,1600,15040.00
2021-10-28,9.43,9.50,8.97,9.07,17500,162040.00
2021-10-29,9.43,9.55,9.22,9.55,7100,66955.00
2021-11-01,9.55,9.64,9.55,9.55,11400,109130.40
2021-11-02,9.75,10.02,9.75,10.02,16700,164675.00
2021-11-04,10.25,10.31,10.25,10.30,2400,24648.00
2021-11-05,9.83,10.27,9.80,9.93,7100,70758.00
2021-11-08,10.20,10.26,10.20,10.26,14600,149736.00
2021-11-09,10.20,10.31,9.76,10.13,55700,561145.00
2021-11-10,10.24,10.45,9.89,10.07,40100,410160.00
2021-11-11,10.45,10.48,10.04,10.44,19600,202000.00
2021-11-12,10.45,10.45,10.18,10.22,5000,50975.00
2021-11-15,10.35,10.45,9.93,10.10,16100,161885.00
2021-11-16,10.38,10.69,10.00,10.46,149000,1317739.00
2021-11-17,10.47,10.47,10.47,10.47,119500,984540.00
2021-11-18,10.50,10.60,10.30,10.55,7900,81877.80
2021-11-19,10.59,10.59,10.59,10.59,200,2118.00
2021-11-22,10.65,10.94,10.65,10.94,16000,173260.00
2021-11-23,10.65,11.01,10.51,10.60,97600,1063393.00
2021-11-24,10.65,11.05,10.55,10.55,35300,382685.00
2021-11-25,11.00,11.00,10.98,10.98,2700,29650.00
2021-11-26,10.80,11.10,10.80,11.10,300,3300.00
2021-11-29,11.23,11.70,11.23,11.67,17300,198169.00
2021-11-30,11.81,11.93,11.81,11.92,4300,51009.00
2021-12-01,12.00,12.34,12.00,12.34,9400,113264.00
2021-12-02,12.50,12.78,12.30,12.30,10900,137960.00
2021-12-03,12.78,12.78,12.25,12.33,7200,88854.00
2021-12-06,12.76,12.76,12.15,12.75,2600,32138.00
2021-12-07,12.75,12.75,12.75,12.75,100,1275.00
2021-12-08,12.75,12.78,12.15,12.78,15400,196298.00
2021-12-09,12.78,12.78,12.30,12.78,1000,12540.00
2021-12-10,12.78,12.78,12.78,12.78,1000,12780.00
2021-12-13,12.81,12.97,12.81,12.97,7100,91048.50
2021-12-14,12.35,13.00,12.35,13.00,14300,179586.95
2021-12-15,13.15,13.15,13.15,13.15,100,1315.00
2021-12-16,13.18,13.18,13.18,13.18,100,1318.00
2021-12-17,13.18,13.18,13.18,13.18,7000,92260.00
2021-12-21,13.20,13.21,12.66,12.75,1000,12933.00
2021-12-22,13.21,13.28,12.63,12.67,33500,426427.00
2021-12-23,13.26,13.26,12.55,13.10,33400,421161.00
2021-12-24,12.52,13.05,12.30,12.40,20400,253380.00
2021-12-27,12.85,12.85,12.10,12.13,9700,118643.00
2021-12-29,12.05,12.05,11.95,11.97,11500,137950.00
2021-12-30,12.47,12.48,12.47,12.48,800,9983.00
2021-12-31,12.47,12.48,12.47,12.48,1000,12477.00
2022-01-04,12.47,12.47,12.47,12.47,200,2494.00
2022-01-06,12.47,12.47,12.47,12.47,200,2494.00
2022-01-12,12.47,12.48,12.47,12.48,600,7485.00
2022-01-13,12.47,12.47,12.47,12.47,100,1247.00
2022-01-17,12.47,12.47,12.47,12.47,3000,37410.00
2022-01-18,12.47,12.47,12.46,12.47,4000,49870.00
2022-01-19,12.49,12.49,12.49,12.49,1000,12490.00
2022-01-21,12.52,12.53,12.52,12.53,2100,26312.00
2022-01-24,12.00,12.55,12.00,12.18,300,3655.00
2022-01-25,12.55,12.55,11.85,11.90,8100,96805.00
2022-01-26,12.30,12.30,11.79,12.30,8200,98840.00
2022-01-27,12.35,12.35,12.35,12.35,2000,24700.00
2022-02-09,12.37,12.37,12.37,12.37,100,1237.00
2022-02-10,12.37,12.49,12.37,12.48,10000,124360.00
2022-02-14,12.50,12.54,12.50,12.52,6000,75130.00
2022-02-21,12.55,12.55,12.55,12.55,800,10040.00
2022-02-23,12.05,12.55,12.05,12.55,1600,19830.00
2022-02-25,12.05,12.50,12.05,12.50,1100,13300.00
2022-03-04,12.50,12.65,12.48,12.60,684200,8218000.00
2022-03-07,12.50,12.60,12.45,12.45,2100,26210.00
2022-03-08,12.60,12.60,12.45,12.45,1100,13710.00
2022-03-09,12.60,12.60,12.43,12.60,1500,18699.00
2022-03-10,12.65,14.51,12.65,14.50,49900,678807.00
2022-03-11,14.50,15.82,14.50,15.56,16700,252626.00
2022-03-14,15.72,16.26,15.50,15.50,12300,192746.00
2022-03-15,16.26,16.26,15.40,15.40,7000,108590.00
2022-03-16,16.03,16.03,16.03,16.03,100,1603.00
2022-03-18,15.30,16.03,15.30,16.03,1200,18506.00
2022-03-22,15.25,15.98,15.25,15.98,1100,16848.00
2022-03-23,15.94,15.94,15.93,15.93,500,7966.00
2022-03-25,15.20,15.93,15.20,15.93,500,6913.00
2022-03-29,15.93,15.93,15.93,15.93,530500,6367965.00
2022-04-25,15.20,15.20,15.20,15.20,1000,15200.00
2022-04-27,15.87,15.87,15.87,15.87,100,1587.00
2022-04-28,15.15,15.15,15.15,15.15,2000,30300.00
2022-04-29,15.87,15.87,15.87,15.87,100,1587.00
2022-05-05,15.87,15.89,15.87,15.88,4000,63520.00
2022-05-11,15.87,15.87,15.15,15.87,4200,63854.00
2022-05-12,15.15,15.23,15.15,15.23,1600,24973.35
2022-05-13,15.23,15.23,15.23,15.23,1000,15230.00
2022-05-19,15.15,15.87,15.15,15.63,3300,50359.00
2022-05-24,15.87,16.19,15.87,16.17,31000,494490.00
2022-05-25,16.24,16.24,16.24,16.24,1000,16240.00
2022-05-26,16.29,16.29,16.29,16.29,500,8145.00
2022-06-02,15.86,15.86,15.86,15.86,2500,39650.00
2022-06-06,15.91,16.29,15.91,16.29,1100,17540.00
2022-06-08,15.84,15.84,15.84,15.84,700,11088.00
2022-06-09,16.24,16.24,16.24,16.24,400,6496.00
2022-06-10,16.24,18.60,16.24,18.03,71300,1258903.00
2022-06-13,18.34,18.70,18.15,18.50,15000,276480.00
2022-06-14,18.15,18.54,18.15,18.54,1600,29400.00
2022-06-15,18.54,19.36,18.54,18.83,11900,223489.00
2022-06-16,19.36,19.41,19.36,19.40,2200,42642.00
2022-06-17,19.45,19.66,19.45,19.60,9300,181978.00
2022-06-20,19.66,19.66,19.45,19.52,10500,205215.00
2022-06-21,19.54,19.59,19.50,19.59,6100,119239.00
2022-06-22,19.59,19.59,19.35,19.54,13900,270605.00
2022-06-23,19.50,19.54,19.50,19.54,1100,21455.00
2022-06-24,19.59,19.93,19.59,19.93,2200,43132.00
2022-06-27,19.54,19.93,19.54,19.93,1000,20748.99
2022-06-28,19.54,19.54,19.35,19.50,18200,354785.00
2022-06-29,19.35,19.50,19.25,19.29,2400,46375.00
2022-06-30,19.50,19.50,19.50,19.50,600,11700.00
2022-07-01,19.50,19.50,19.50,19.50,900,17550.00
2022-07-07,19.54,19.54,19.54,19.54,100,1955.00
2022-07-12,18.71,18.77,18.59,18.70,4200,78554.00
2022-07-13,19.35,19.35,19.35,19.35,100,1935.00
2022-07-18,19.54,19.54,19.54,19.54,2000,39100.00
2022-07-19,18.71,19.21,18.53,18.85,25300,474709.00
2022-07-20,19.00,19.00,19.00,19.00,2000,38000.00
2022-07-21,18.71,18.77,18.71,18.75,202000,2737490.00
2022-07-22,18.71,18.77,17.82,17.98,26000,474855.00
2022-07-25,17.77,18.00,17.23,17.89,21400,374422.00
2022-07-26,17.89,17.89,17.10,17.23,19500,337135.00
2022-07-27,17.29,17.29,16.26,16.58,56800,945905.00
2022-07-28,16.06,16.06,14.32,14.54,72400,1086217.63
2022-07-29,14.27,14.27,13.88,14.02,27700,388244.00
2022-08-01,14.14,15.25,14.14,15.22,31800,466518.00
2022-08-02,15.11,15.11,14.49,14.52,15700,229290.00
2022-08-03,14.51,15.10,14.51,15.02,10000,148790.00
2022-08-04,15.15,15.15,15.15,15.15,1000,15150.00
2022-08-05,14.60,15.16,14.50,15.01,18000,265960.00
2022-08-08,15.15,15.16,15.10,15.14,4000,60570.00
2022-08-09,15.16,15.25,15.16,15.23,3000,45610.00
2022-08-10,15.30,15.55,15.30,15.50,22000,339780.00
2022-08-11,15.55,16.45,15.55,16.43,43800,703047.50
2022-08-12,16.45,17.82,16.45,17.09,108400,1842691.75
2022-08-15,17.62,17.92,17.07,17.87,18200,322250.91
2022-08-16,17.20,18.93,17.20,18.93,62500,1130850.00
2022-08-17,18.79,18.79,18.75,18.77,3000,56310.00
2022-08-19,18.36,18.36,18.24,18.24,2000,36600.00
2022-08-22,18.19,18.41,18.09,18.09,4000,72830.00
2022-08-23,18.42,18.77,18.34,18.77,13200,245794.00
2022-08-24,18.79,18.79,18.34,18.45,14500,267286.00
2022-08-25,18.34,18.73,17.90,18.64,29000,523270.00
2022-08-26,18.04,18.79,18.04,18.73,4000,74858.00
2022-08-29,18.79,18.93,17.50,17.92,36400,658154.00
2022-08-30,18.83,18.95,18.09,18.81,60500,1099381.25
2022-08-31,18.95,19.19,18.19,19.19,16500,314373.00
2022-09-01,18.29,20.15,16.81,19.98,170100,3054619.25
2023-05-25,10.74,10.87,10.00,10.25,7357075,76827856.00
2023-05-26,9.69,9.69,8.94,8.99,3345087,30695554.00
2023-05-29,8.95,8.95,8.48,8.71,1772815,15425463.00
2023-05-30,8.72,8.80,8.54,8.63,774529,6717572.00
2023-05-31,8.60,8.74,8.48,8.50,863006,7366657.50
2023-06-01,8.46,8.60,8.25,8.26,849103,7104355.50
2023-06-02,8.18,8.33,8.18,8.20,529025,4352859.00
2023-06-05,8.28,8.28,8.14,8.14,299547,2448536.50
2023-06-06,8.19,8.25,8.00,8.01,418761,3369511.00
2023-06-07,8.07,8.18,7.85,7.93,351146,2780521.00
2023-06-08,7.94,8.06,7.91,7.92,168854,1346681.00
2023-06-09,7.86,7.97,7.82,7.84,215173,1689809.75
2023-06-12,7.81,7.88,7.73,7.84,182066,1419200.25
2023-06-13,7.92,7.93,7.80,7.87,132400,1036773.81
2023-06-14,7.77,7.88,7.72,7.73,207869,1617425.25
2023-06-15,7.73,8.19,7.73,8.08,644499,5170190.00
2023-06-16,8.17,8.17,8.01,8.15,163032,1318879.63
2023-06-19,8.15,8.16,7.64,7.90,130846,1039272.63
2023-06-20,7.89,8.08,7.86,7.90,174298,1387898.88
2023-06-21,7.81,8.00,7.78,7.82,134254,1051717.25
2023-06-26,7.92,7.92,7.69,7.75,103818,801542.06
2023-06-27,7.75,7.86,7.72,7.80,118709,922769.69
2023-06-28,7.75,7.85,7.71,7.80,545811,4233006.00
2023-06-29,7.81,7.87,7.72,7.81,102885,801969.50
2023-06-30,7.81,7.89,7.81,7.84,81492,639797.88
2023-07-03,7.84,7.88,7.79,7.81,82430,644194.88
2023-07-04,7.75,7.81,7.75,7.78,127042,987874.88
2023-07-05,7.75,7.84,7.75,7.80,116073,904175.31
2023-07-06,7.75,7.83,7.75,7.83,74344,579425.00
2023-07-07,7.77,7.90,7.77,7.90,156314,1231056.63
2023-07-10,7.87,8.05,7.87,8.02,204886,1639828.25
2023-07-11,8.00,8.08,7.99,8.02,53788,433084.97
2023-07-12,8.05,8.05,7.94,7.96,83649,666503.00
2023-07-13,7.93,8.05,7.90,7.98,80056,636393.94
2023-07-14,7.94,8.00,7.93,7.99,20590,163928.81
2023-07-17,7.95,7.99,7.90,7.99,73820,584819.69
2023-07-18,7.93,7.98,7.90,7.96,66855,529782.56
2023-07-19,7.92,7.97,7.91,7.95,63517,503963.19
2023-07-20,7.91,8.04,7.91,7.94,90790,722371.06
2023-07-21,7.92,8.03,7.91,7.95,48995,390290.50
2023-07-24,7.92,8.02,7.92,8.01,96836,774739.75
2023-07-25,8.00,8.05,8.00,8.01,159993,1284383.38
2023-07-26,8.01,8.05,7.98,8.03,89739,719841.56
2023-07-27,8.00,8.05,7.99,8.02,128847,1033152.50
2023-07-28,7.99,8.08,7.99,8.07,60337,483972.25
2023-07-31,8.05,8.09,8.02,8.07,305965,2862787.50
2023-08-01,8.07,8.08,8.03,8.04,99882,802962.44
2023-08-02,8.01,8.06,8.01,8.05,121386,975864.56
2023-08-03,8.02,8.06,8.02,8.06,38021,305838.69
2023-08-04,8.06,8.06,7.96,8.01,130656,1044350.00
2023-08-07,8.01,8.03,7.94,7.99,108100,864543.00
2023-08-08,7.95,7.96,7.89,7.91,64986,515178.47
2023-08-09,7.93,7.93,7.82,7.82,66262,520649.00
2023-08-10,7.84,7.92,7.81,7.86,27450,215823.00
2023-08-11,7.85,7.86,7.81,7.81,158712,1240157.25
2023-08-14,7.89,7.89,7.80,7.86,28297,221811.11
2023-08-15,7.86,7.90,7.80,7.88,85700,672798.81
2023-08-16,7.83,7.84,7.76,7.84,92400,719926.00
2023-08-17,7.77,7.85,7.73,7.75,68954,536444.31
2023-08-18,7.70,7.85,7.70,7.73,104151,807724.69
2023-08-21,7.72,7.80,7.72,7.74,16900,130975.00
2023-08-22,7.71,7.76,7.66,7.76,57438,441761.50
2023-08-23,7.67,7.75,7.66,7.75,22841,175643.66
2023-08-24,7.67,7.75,7.63,7.72,59953,460505.59
2023-08-25,7.70,7.74,7.63,7.70,55650,426862.81
2023-08-28,7.90,7.92,7.68,7.71,106958,833562.50
2023-08-29,7.73,7.75,7.65,7.70,61432,473507.50
2023-08-30,7.70,7.74,7.69,7.71,25300,194818.50
2023-08-31,7.67,7.71,7.58,7.67,173345,1320907.38
2023-09-01,7.65,7.70,7.64,7.70,76845,589308.63
2023-09-04,7.72,7.98,7.72,7.87,228392,1799954.38
2023-09-05,7.89,7.89,7.70,7.70,153587,1191590.75
2023-09-06,7.70,7.70,7.65,7.70,131435,1007138.50
2023-09-07,7.73,7.73,7.58,7.58,64759,493632.41
2023-09-08,7.58,7.66,7.58,7.62,32437,246721.94
2023-09-11,7.69,7.69,7.56,7.65,64539,491389.94
2023-09-12,7.65,7.66,7.59,7.60,47333,361170.91
2023-09-13,7.57,7.61,7.56,7.61,61952,468768.84
2023-09-14,7.59,7.63,7.54,7.60,13382,101154.28
2023-09-15,7.55,7.62,7.55,7.60,19487,148174.20
2023-09-18,7.57,7.64,7.57,7.64,11750,89269.00
2023-09-19,7.65,7.65,7.57,7.58,29098,220889.41
2023-09-20,7.44,7.45,7.41,7.41,14036,104388.98
2023-09-21,7.45,7.45,7.36,7.38,14779,109434.07
2023-09-22,7.44,7.52,7.36,7.51,69700,518603.16
2023-09-25,7.51,7.51,7.44,7.50,4400,32842.00
2023-09-26,7.43,7.49,7.41,7.45,21200,157582.00
2023-09-27,7.44,7.48,7.39,7.47,13761,101989.24
2023-09-28,7.47,7.51,7.41,7.51,26410,197285.92
2023-10-09,7.55,7.55,7.44,7.49,20700,154929.00
2023-10-10,7.42,7.50,7.40,7.46,26600,197650.00
2023-10-11,7.39,7.43,7.36,7.42,29613,218948.80
2023-10-12,7.45,7.45,7.35,7.38,56273,414624.59
2023-10-13,7.33,7.34,7.29,7.29,39800,291002.00
2023-10-16,7.36,7.36,7.12,7.15,58505,420486.13
2023-10-17,7.18,7.18,7.01,7.14,45776,323345.56
2023-10-18,7.08,7.08,6.85,6.91,135188,931730.69
2023-10-19,6.91,6.91,6.79,6.86,112173,764543.19
2023-10-20,6.78,6.78,6.53,6.63,148093,980414.88
2023-10-23,6.57,6.57,6.24,6.24,122677,780360.69
2023-10-24,6.20,6.22,6.01,6.13,177061,1080123.13
2023-10-25,6.14,6.19,6.14,6.15,26028,160016.27
2023-10-26,6.15,6.17,6.08,6.15,37801,231656.20
2023-10-27,6.19,6.20,6.09,6.20,64000,395088.41
2023-10-30,6.15,6.21,6.10,6.15,139902,856961.69
2023-10-31,6.16,6.28,6.16,6.25,143911,896897.25
2023-11-01,6.21,6.21,6.10,6.17,150242,920423.50
2023-11-02,6.11,6.19,6.11,6.16,48188,296544.88
2023-11-03,6.11,6.18,6.11,6.17,47461,292044.38
2023-11-06,6.13,6.20,6.10,6.17,197293,1208878.75
2023-11-07,6.14,6.18,6.14,6.18,70324,433160.91
2023-11-08,6.19,6.46,6.19,6.39,218683,1392390.50
2023-11-09,6.40,6.40,6.32,6.39,86709,550981.19
2023-11-10,6.38,6.41,6.34,6.39,111523,712558.44
2023-11-13,6.37,6.45,6.32,6.45,140097,896862.19
2023-11-14,6.46,6.54,6.45,6.53,67116,435303.47
2023-11-15,6.54,6.77,6.54,6.72,248046,1659064.13
2023-11-16,6.80,6.80,6.59,6.66,95430,636798.38
2023-11-17,6.60,6.69,6.56,6.69,35793,237830.09
2023-11-20,6.64,6.83,6.64,6.82,122214,826078.81
2023-11-21,6.80,7.55,6.80,7.24,1118514,8121185.00
2023-11-22,7.10,7.99,7.10,7.86,1817817,13843411.00
2023-11-23,7.98,8.27,7.41,7.87,2189314,17472398.00
2023-11-24,7.88,9.99,7.68,9.43,4092993,35756152.00
2023-11-27,9.99,10.66,9.21,10.47,6809347,68976048.00
2023-11-28,9.88,10.50,9.41,9.58,2786797,27719818.00
2023-11-29,9.55,9.93,8.14,8.60,2257928,20305340.00
2023-11-30,8.48,8.77,7.89,8.37,1382412,11542747.00
2023-12-01,8.37,8.60,7.66,7.83,1049565,8521051.00
2023-12-04,7.80,8.09,7.53,7.99,763397,6001023.50
2023-12-05,7.99,8.91,7.88,8.77,1545624,13169573.00
2023-12-06,8.72,9.50,8.51,8.68,1321743,11877400.00
2023-12-07,8.60,9.31,8.60,9.08,1198937,10795862.00
2023-12-08,9.15,10.90,9.09,9.72,3262623,32720572.00
2023-12-11,9.30,9.45,8.78,9.05,2163440,19820958.00
2023-12-12,9.01,9.19,8.78,9.14,1165488,10475333.00
2023-12-13,9.06,9.68,9.02,9.43,2065075,19472028.00
2023-12-14,9.53,9.90,9.42,9.65,2240201,21776016.00
2023-12-15,9.78,9.95,9.27,9.88,1880482,18201348.00
2023-12-18,10.00,10.57,10.00,10.34,2201516,22623524.00
2023-12-19,10.29,10.56,9.93,10.10,1377878,13995256.00
2023-12-20,10.17,10.73,10.08,10.70,2464697,25814176.00
2023-12-21,10.80,11.90,8.90,9.85,3773252,41092420.00
2023-12-22,9.76,10.00,9.05,9.99,2113089,20327182.00
2023-12-25,9.90,11.23,9.76,11.23,2665589,28195316.00
2023-12-26,11.16,12.99,11.01,12.93,7474505,89852784.00
2023-12-27,12.30,12.30,11.31,11.66,5361643,63257424.00
2023-12-28,11.68,12.19,11.10,12.06,5113189,59553584.00
2023-12-29,12.06,12.55,11.93,12.28,4103595,50273044.00
2024-01-02,12.29,12.80,12.00,12.52,3354737,41365408.00
2024-01-03,12.36,12.79,11.83,12.27,1787484,22044140.00
2024-01-04,12.27,15.44,12.11,14.45,6860411,92840928.00
2024-01-05,14.46,14.47,13.00,13.68,4426017,60289944.00
2024-01-08,13.61,13.70,12.16,12.36,1716439,22378244.00
2024-01-09,12.55,12.76,10.90,11.89,2210594,25864876.00
2024-01-10,11.77,12.22,11.27,12.05,1081980,12775823.00
2024-01-11,12.22,12.29,11.58,11.80,1312714,15591407.00
2024-01-12,11.90,11.90,10.14,10.24,2116049,23044472.00
2024-01-15,10.05,10.24,9.29,9.36,1231207,11806545.00
2024-01-16,9.45,10.08,8.90,9.92,1582984,15161220.00
2024-01-17,9.83,10.40,9.52,9.52,1543790,15536849.00
2024-01-18,9.51,9.95,9.19,9.94,3151880,30106820.00
2024-01-19,9.94,11.20,9.85,11.13,3840030,40668448.00
2024-01-22,10.75,11.09,10.01,10.41,2157674,23079970.00
2024-01-23,10.40,10.65,10.14,10.49,1172353,12192622.00
2024-01-24,10.50,10.65,9.81,10.17,1394184,14207819.00
2024-01-25,10.08,10.24,9.65,9.90,1682655,16735959.00
2024-01-26,9.89,10.06,9.53,9.59,903598,8910733.00
2024-01-29,9.56,9.68,8.50,8.70,1985791,17804852.00
2024-01-30,8.46,8.83,8.27,8.63,1107019,9459472.00
2024-01-31,8.55,9.10,8.55,8.73,987314,8685976.00
2024-02-01,8.79,8.89,8.31,8.45,676137,5795988.50
2024-02-02,8.44,8.54,7.74,8.27,1662084,13529992.00
2024-02-05,8.00,8.48,7.76,8.27,1226690,9896641.00
2024-02-06,8.19,9.09,8.19,8.90,1481131,13021217.00
2024-02-07,9.00,9.88,8.92,9.17,1581320,15006243.00
2024-02-08,9.39,9.39,8.73,9.16,1094968,9885176.00
2024-02-19,9.10,9.25,8.80,9.21,1072023,9717857.00
2024-02-20,9.15,9.34,8.94,9.22,899902,8240291.50
2024-02-21,9.25,9.59,9.13,9.44,1283833,12037705.00
2024-02-22,9.45,9.63,9.21,9.22,602450,5620200.00
2024-02-23,9.15,9.29,8.88,9.05,951028,8615966.00
2024-02-26,9.12,9.12,8.76,8.84,568113,5051348.00
2024-02-27,8.83,9.40,8.67,9.31,1248458,11413816.00
2024-02-28,9.45,9.73,8.95,9.19,1002358,9349724.00
2024-02-29,9.26,9.48,9.11,9.48,627695,5836637.50
2024-03-01,9.46,9.73,9.43,9.58,619880,5966836.50
2024-03-04,9.53,9.53,9.23,9.32,387931,3615137.00
2024-03-05,9.23,9.30,9.02,9.09,376296,3428687.75
2024-03-06,9.03,9.38,9.03,9.30,293407,2708243.25
2024-03-07,9.21,9.27,9.05,9.13,422622,3868279.25
2024-03-08,9.20,9.20,8.90,9.16,289445,2613880.25
2024-03-11,9.15,9.17,8.95,9.01,338092,3051490.25
2024-03-12,8.84,9.10,8.84,8.87,360935,3226882.25
2024-03-13,9.00,9.05,8.83,8.83,376996,3351138.50
2024-03-14,8.83,8.90,8.50,8.68,545610,4733180.00
2024-03-15,8.77,9.28,8.60,9.06,737552,6637110.50
2024-03-18,9.10,9.24,8.92,9.23,541589,4909981.50
2024-03-19,9.23,9.23,9.07,9.15,230198,2101225.50
2024-03-20,9.13,9.24,9.00,9.15,262443,2399109.50
2024-03-21,9.15,9.17,8.90,8.93,257812,2323023.00
2024-03-22,9.03,9.08,8.80,8.99,356841,3183736.75
2024-03-25,8.91,8.98,8.81,8.90,249991,2229180.75
2024-03-26,8.82,8.98,8.25,8.70,254889,2227682.25
2024-03-27,8.65,9.10,8.63,8.74,325281,2903419.00
2024-03-28,8.70,9.02,8.70,8.94,244268,2178700.50
2024-03-29,9.00,9.04,8.88,9.02,157957,1415207.00
2024-04-01,9.02,9.11,8.91,9.03,126753,1143209.88
2024-04-02,9.04,9.11,8.95,9.00,130736,1177656.88
2024-04-03,8.91,9.17,8.77,9.10,245698,2222360.75
2024-04-08,9.05,9.09,8.82,8.86,173299,1552185.25
2024-04-09,8.81,9.06,8.81,9.02,43218,387136.50
2024-04-10,8.93,10.00,8.83,9.37,1087188,10239104.00
2024-04-11,9.17,9.37,9.09,9.31,545015,4995297.00
2024-04-12,9.25,11.52,9.13,10.92,4389332,46240868.00
2024-04-15,10.15,10.50,9.48,9.80,3253192,32411580.00
2024-04-16,9.67,9.80,8.68,8.90,1975845,17730730.00
2024-04-17,8.78,9.80,8.77,9.80,1640526,15347927.00
2024-04-18,9.76,10.65,9.30,10.09,2149597,21921124.00
2024-04-19,9.79,10.39,9.50,9.63,1601481,15778951.00
2024-04-22,9.34,9.58,9.04,9.23,1025612,9435396.00
2024-04-23,9.14,9.22,8.90,9.03,889871,8022672.00
2024-04-24,9.10,9.16,8.95,9.11,1399019,12667081.00
2024-04-25,9.15,9.20,9.01,9.02,843072,7680798.00
2024-04-26,9.02,9.10,8.79,9.03,1073107,9540794.00
2024-04-29,8.99,9.97,8.96,9.86,2072457,19591008.00
2024-04-30,9.99,10.90,9.63,10.04,3113434,31706218.00
2024-05-06,10.80,12.99,10.18,11.57,6876344,79542608.00
2024-05-07,11.23,12.98,11.23,12.41,6769069,81445160.00
2024-05-08,12.40,14.83,11.70,13.73,7847426,103042248.00
2024-05-09,12.88,13.13,11.98,12.16,6336673,79673096.00
2024-05-10,12.35,12.60,11.25,11.37,5622640,66400504.00
2024-05-13,11.15,11.80,10.93,11.02,4029682,45410868.00
2024-05-14,11.12,11.47,10.57,10.75,3521359,38632020.00
2024-05-15,10.53,10.96,10.40,10.77,2848517,30329018.00
2024-05-16,10.75,10.97,10.33,10.35,2887966,30570670.00
2024-05-17,10.43,10.50,10.02,10.14,2441755,24911370.00
2024-05-20,10.10,10.40,9.96,10.15,2006644,20313412.00
2024-05-21,10.16,10.95,10.10,10.52,4336841,45501368.00
2024-05-22,10.70,11.04,10.30,10.41,2436216,25897998.00
2024-05-23,10.44,10.95,10.01,10.63,3136406,33023974.00
2024-05-24,10.58,10.99,10.49,10.73,2792168,30035706.00
2024-05-27,10.62,10.65,10.12,10.19,1844070,18946268.00
2024-05-28,10.20,10.34,9.76,9.80,1748891,17524348.00
2024-05-29,9.82,9.95,9.40,9.52,1443999,13856608.00
2024-05-30,9.53,9.59,9.30,9.39,946927,8911025.00
2024-05-31,9.43,9.46,9.28,9.35,792379,7414275.00
2024-06-03,9.10,9.25,9.01,9.22,1051913,9611046.00
2024-06-04,9.19,9.37,9.12,9.22,803625,7403201.50
2024-06-05,9.17,9.26,9.10,9.12,429852,3937749.00
2024-06-06,9.21,9.22,8.88,9.03,803703,7238711.50
2024-06-07,9.10,9.41,9.07,9.32,849092,7843613.50
2024-06-11,9.30,9.55,9.29,9.55,733631,6931931.00
2024-06-12,9.48,9.65,9.40,9.58,725894,6936398.00
2024-06-13,9.57,9.58,9.14,9.15,740976,6871914.50
2024-06-14,9.09,9.20,9.03,9.11,337508,3067073.50
2024-06-17,9.06,9.09,8.80,8.82,591386,5259284.00
2024-06-18,8.75,8.97,8.75,8.85,254856,2257051.00
2024-06-19,8.93,9.18,8.77,8.98,476357,4290809.50
2024-06-20,8.82,8.90,8.78,8.79,725288,6388920.50
2024-06-21,8.58,9.03,8.58,8.98,729350,6512201.50
2024-06-24,9.00,9.17,8.70,8.71,528571,4668018.50
2024-06-25,8.80,8.92,8.60,8.88,373674,3296213.25
2024-06-26,8.83,9.19,8.72,9.14,417253,3761503.00
2024-06-27,9.14,9.14,8.92,8.95,291999,2630183.75
2024-06-28,9.05,9.07,8.88,9.02,197133,1768615.63
2024-07-01,8.93,9.04,8.87,9.03,158023,1419461.88
2024-07-02,8.95,9.02,8.84,8.91,307208,2731706.50
2024-07-03,8.89,8.89,8.66,8.87,280391,2462668.25
2024-07-04,8.95,9.06,8.75,8.82,218657,1945227.38
2024-07-05,8.85,8.89,8.68,8.86,187668,1647726.25
2024-07-08,8.79,8.86,8.71,8.80,215400,1887034.63
2024-07-09,8.90,9.12,8.76,9.08,404795,3641032.50
2024-07-10,9.15,9.15,8.86,8.95,218073,1955242.75
2024-07-11,9.05,9.13,8.98,9.10,306993,2775452.25
2024-07-12,9.08,9.10,8.96,9.09,210720,1907674.50
2024-07-15,9.14,9.18,9.02,9.09,93004,842958.94
2024-07-16,9.05,9.46,9.01,9.45,647055,6013224.50
2024-07-17,9.41,10.25,9.41,10.23,1813032,18095928.00
2024-07-18,10.20,10.20,9.51,9.58,1181156,11535435.00
2024-07-19,9.51,9.91,9.34,9.44,610038,5850715.00
2024-07-22,9.50,9.69,9.32,9.46,291618,2763340.75
2024-07-23,9.49,9.61,9.11,9.24,479212,4448588.50
2024-07-24,9.15,9.24,8.91,9.00,439835,3958996.50
2024-07-25,8.91,9.22,8.82,9.04,228579,2078142.00
2024-07-26,9.13,9.26,9.06,9.16,224257,2051350.25
2024-07-29,9.23,9.23,9.07,9.16,235837,2150625.50
2024-07-30,9.23,9.88,9.07,9.40,826546,7871171.00
2024-07-31,9.40,9.61,9.13,9.47,721224,6785136.00
2024-08-01,9.46,9.80,9.37,9.37,470451,4476628.50
2024-08-02,9.28,9.85,9.12,9.41,1024549,9799985.00
2024-08-05,9.44,9.64,9.06,9.15,721283,6699024.50
2024-08-06,9.27,9.37,9.07,9.21,699694,6411909.50
2024-08-07,9.03,9.26,9.03,9.16,361460,3291622.75
2024-08-08,9.11,9.46,9.08,9.25,639523,5926566.50
2024-08-09,9.19,9.28,9.07,9.09,551890,5035601.50
2024-08-12,9.09,9.18,8.80,9.00,374331,3394001.75
2024-08-13,9.00,9.00,8.85,8.94,269409,2399940.25
2024-08-14,9.00,9.00,8.79,8.86,366746,3237625.25
2024-08-15,8.85,8.98,8.71,8.93,282297,2509440.50
2024-08-16,8.99,9.17,8.90,9.01,366280,3317884.25
2024-08-19,9.05,9.08,8.94,9.01,158839,1429342.13
2024-08-20,8.97,9.11,8.90,8.90,306710,2762688.25
2024-08-21,8.86,8.99,8.76,8.91,139314,1239461.25
2024-08-22,8.84,8.93,8.81,8.88,73661,651170.88
2024-08-23,8.88,8.89,8.70,8.82,124351,1087357.50
2024-08-26,8.88,8.97,8.80,8.87,105813,938511.38
2024-08-27,8.82,8.83,8.56,8.70,218451,1901899.00
2024-08-28,8.67,8.90,8.62,8.72,134621,1179788.25
2024-08-29,8.81,9.19,8.81,8.98,385548,3438682.00
2024-08-30,8.91,9.18,8.78,9.09,574660,5216142.00
2024-09-02,9.14,9.14,8.80,8.83,275933,2457935.50
2024-09-03,8.92,8.92,8.72,8.83,262313,2316345.75
2024-09-04,8.77,8.81,8.44,8.61,425122,3654440.50
2024-09-05,8.66,8.74,8.59,8.71,253433,2200067.50
2024-09-06,8.75,8.98,8.63,8.75,405250,3527208.25
2024-09-09,8.70,9.05,8.62,8.98,1052704,9310309.00
2024-09-10,8.98,9.10,8.81,9.08,332187,2976042.00
2024-09-11,9.00,10.20,9.00,9.89,2602482,25116748.00
2024-09-12,9.90,9.90,9.37,9.46,876139,8389830.00
2024-09-13,9.30,9.73,9.18,9.37,812835,7649109.00
2024-09-18,9.32,9.35,9.00,9.19,335536,3072806.25
2024-09-19,9.17,9.40,9.12,9.21,267697,2474641.25
2024-09-20,9.19,9.35,9.13,9.16,174465,1606548.75
2024-09-23,9.25,9.40,8.99,8.99,172253,1574363.25
2024-09-24,9.09,9.25,8.93,9.13,489108,4457637.50
2024-09-25,9.22,9.37,9.07,9.15,542099,4983151.50
2024-09-26,9.09,9.29,9.09,9.27,332873,3066474.25
2024-09-27,9.38,10.02,9.34,9.92,1915003,18682048.00
2024-09-30,10.41,11.96,10.10,11.61,2895691,31891338.00
2024-10-08,14.46,14.50,12.01,13.69,3309934,43911164.00
2024-10-09,12.51,13.35,11.08,11.08,2336197,28101716.00
2024-10-10,11.27,11.60,10.54,10.78,1337944,14818012.00
2024-10-11,10.69,10.89,9.87,10.15,1223852,12617151.00
2024-10-14,10.16,10.77,10.16,10.71,1249765,13109402.00
2024-10-15,10.62,11.20,10.43,10.50,1313732,14167449.00
2024-10-16,10.38,10.78,10.24,10.63,1267880,13334562.00
2024-10-17,10.95,12.19,10.90,11.34,4633513,53990372.00
2024-10-18,11.34,12.29,11.15,12.26,3337149,39614608.00
2024-10-21,13.28,14.41,12.58,13.59,5342589,70815680.00
2024-10-22,14.33,14.33,12.58,12.85,5129984,67911304.00
2024-10-23,12.65,13.50,12.51,13.29,3854075,50347380.00
2024-10-24,15.61,17.27,15.60,17.27,5488776,92610024.00
2024-10-25,21.38,21.88,17.16,17.29,15932089,319273344.00
2024-10-28,16.58,17.44,15.68,17.28,9004778,150255552.00
2024-10-29,17.00,18.60,16.41,17.51,8548193,146282576.00
2024-10-30,17.88,19.30,16.60,19.00,7100146,125734640.00
2024-10-31,17.46,17.79,16.66,16.96,6547452,112284456.00
2024-11-01,16.20,16.99,14.10,14.40,3969273,61694412.00
2024-11-04,14.44,15.25,14.44,15.15,3170818,47362104.00
2024-11-05,15.38,16.50,15.30,16.50,4185182,66558036.00
2024-11-06,16.70,17.98,16.50,17.41,6701293,115067000.00
2024-11-07,17.01,18.50,16.66,18.08,6406869,114247712.00
2024-11-08,18.86,18.86,17.02,17.28,4529566,80087504.00
2024-11-11,17.04,17.44,16.30,17.42,3350330,56610860.00
2024-11-12,18.97,22.64,18.31,20.61,13074435,276516032.00
2024-11-13,19.00,19.52,17.90,18.90,9133951,170018848.00
2024-11-14,18.30,18.50,17.51,17.60,5290068,94959256.00
2024-11-15,17.84,17.98,16.83,17.56,4169784,72373600.00
2024-11-18,17.50,17.86,16.50,16.71,3905169,67300760.00
2024-11-19,17.68,17.68,14.73,16.07,4648108,73854248.00
2024-11-20,15.70,17.50,15.60,16.88,4482844,74998552.00
2024-11-21,16.43,18.00,16.40,18.00,5768052,100808016.00
2024-11-22,17.62,18.60,17.48,18.59,6101335,109840312.00
2024-11-25,19.79,19.80,17.12,18.70,4919721,89672000.00
2024-11-26,18.50,18.68,17.56,17.92,3107394,55994552.00
2024-11-27,18.27,18.55,17.00,17.99,4160974,74678216.00
2024-11-28,18.00,19.78,18.00,18.54,6030535,112891080.00
2024-11-29,18.32,19.52,17.51,19.52,6747740,125326176.00
2024-12-02,19.90,19.90,18.93,19.34,4905745,94877808.00
2024-12-03,19.34,19.34,19.34,19.34,0,0.00
#数据来源:通达信
