832522 纳科诺尔 日线 不复权
      日期	    开盘	    最高	    最低	    收盘	    成交量	    成交额
2023-11-16,21.00,22.50,17.48,17.60,22293156,437043808.00
2023-11-17,17.65,19.10,17.60,18.33,10913338,200670288.00
2023-11-20,18.25,19.08,18.03,18.70,8099321,151009680.00
2023-11-21,18.66,21.10,18.66,19.13,11668792,228601856.00
2023-11-22,18.71,19.88,18.38,19.88,10509861,201675856.00
2023-11-23,19.50,20.48,18.71,18.76,8832147,171139024.00
2023-11-24,18.52,19.97,18.51,19.69,10836063,209292256.00
2023-11-27,20.00,22.73,20.00,21.85,14991066,315373184.00
2023-11-28,20.80,25.49,20.50,22.97,13072782,294539968.00
2023-11-29,23.68,23.88,20.30,20.50,9392635,205450256.00
2023-11-30,20.25,21.06,19.50,19.57,5079054,102505864.00
2023-12-01,19.77,20.11,18.70,18.75,3966183,76245568.00
2023-12-04,18.48,19.14,18.40,18.79,2810954,52826144.00
2023-12-05,18.58,20.30,18.56,19.96,5686864,111441896.00
2023-12-06,19.73,21.68,19.51,20.43,6260052,129220352.00
2023-12-07,20.77,21.17,20.32,20.52,4916754,101968608.00
2023-12-08,20.41,20.72,20.02,20.16,4223063,85783376.00
2023-12-11,20.00,20.68,19.53,19.66,3047803,60952868.00
2023-12-12,19.73,20.28,19.58,20.00,2167282,43080628.00
2023-12-13,19.90,20.58,19.40,20.33,3776839,76343552.00
2023-12-14,20.44,21.28,20.23,20.62,5293796,110044936.00
2023-12-15,20.69,21.15,20.24,20.96,4079768,84714344.00
2023-12-18,20.76,21.78,20.71,21.59,4820622,103492888.00
2023-12-19,21.76,21.93,20.01,20.85,3837127,80091912.00
2023-12-20,20.86,21.63,20.75,21.47,4152886,88336872.00
2023-12-21,21.67,22.28,19.50,19.80,5951996,124924176.00
2023-12-22,19.75,20.45,19.29,20.30,3283723,65408924.00
2023-12-25,20.88,21.44,20.60,21.24,4447310,93456808.00
2023-12-26,21.29,21.45,20.37,21.08,4241219,89224832.00
2023-12-27,20.96,20.98,20.48,20.74,3061398,63428028.00
2023-12-28,20.66,23.46,20.66,22.18,7927910,174823664.00
2023-12-29,21.80,23.28,21.70,22.76,5077581,113928752.00
2024-01-02,22.80,24.20,22.68,23.36,4885531,114230992.00
2024-01-03,23.08,23.56,22.50,23.16,3037537,69906104.00
2024-01-04,23.05,23.37,22.56,22.91,2485130,57007392.00
2024-01-05,23.60,25.44,22.80,22.81,5617401,134606496.00
2024-01-08,22.10,22.48,21.38,21.39,3558036,78352496.00
2024-01-09,21.23,21.85,20.61,20.86,2633724,55821288.00
2024-01-10,20.80,21.88,20.75,21.69,2358474,50564492.00
2024-01-11,21.13,22.30,21.13,21.91,1932416,42044764.00
2024-01-12,21.90,22.00,20.00,20.01,3305378,69080120.00
2024-01-15,20.01,20.40,19.56,19.70,1727995,34542420.00
2024-01-16,19.78,20.54,19.02,20.49,3063742,61016416.00
2024-01-17,20.45,20.59,19.69,19.73,2212697,44520864.00
2024-01-18,19.50,20.11,19.27,20.05,1699646,33624812.00
2024-01-19,20.16,20.98,20.13,20.91,2640607,54634448.00
2024-01-22,21.00,21.47,20.36,20.54,2446309,51056548.00
2024-01-23,20.38,20.70,19.78,20.55,1524789,30955610.00
2024-01-24,20.75,20.77,19.66,20.10,1433565,28784316.00
2024-01-25,20.09,20.35,19.67,19.91,1487406,29769606.00
2024-01-26,19.93,20.66,19.75,20.01,1388452,28159948.00
2024-01-29,20.11,20.21,18.52,18.60,1941763,37237536.00
2024-01-30,18.78,18.88,17.60,18.00,1441476,26118614.00
2024-01-31,18.15,18.55,17.74,17.88,1324073,24094406.00
2024-02-01,17.71,18.16,16.85,16.85,1236248,21660446.00
2024-02-02,16.72,16.97,15.30,15.78,1992334,31979716.00
2024-02-05,15.74,15.95,14.32,15.13,1847822,27792248.00
2024-02-06,15.01,16.40,14.87,16.28,1989796,31631850.00
2024-02-07,16.29,17.12,16.01,16.26,2009515,33416410.00
2024-02-08,16.14,17.28,15.61,16.76,1602977,26238784.00
2024-02-19,16.63,17.13,16.53,16.81,1480694,24835094.00
2024-02-20,16.80,17.43,16.51,17.02,1003550,17028210.00
2024-02-21,16.85,17.75,16.63,17.06,1411675,24296990.00
2024-02-22,16.96,17.15,15.99,16.61,2003837,33358202.00
2024-02-23,16.57,16.66,16.00,16.41,1693948,27567468.00
2024-02-26,16.65,17.10,16.40,16.92,2710911,45422816.00
2024-02-27,16.98,17.98,16.76,17.88,2610940,45909476.00
2024-02-28,18.00,18.68,16.81,16.81,2734786,48320396.00
2024-02-29,16.89,17.45,16.70,17.39,1762908,30242710.00
2024-03-01,17.52,17.68,17.13,17.44,1565688,27301580.00
2024-03-04,17.27,17.40,16.55,16.66,1829897,30821502.00
2024-03-05,16.56,16.57,15.51,15.74,2431108,38711836.00
2024-03-06,15.74,16.25,15.74,16.07,1461555,23431566.00
2024-03-07,16.00,16.17,15.55,15.62,1469477,23223622.00
2024-03-08,15.64,16.14,15.55,15.92,1463427,23243814.00
2024-03-11,15.95,16.95,15.93,16.70,2418228,39876256.00
2024-03-12,16.61,16.66,16.18,16.34,1832336,29954628.00
2024-03-13,16.35,16.39,15.91,15.96,1285762,20648336.00
2024-03-14,15.98,16.15,15.58,15.77,853703,13520713.00
2024-03-15,15.81,16.56,15.70,16.30,2103146,34228024.00
2024-03-18,16.40,16.40,16.11,16.35,1442392,23470666.00
2024-03-19,16.30,16.35,16.05,16.08,971493,15709866.00
2024-03-20,15.98,16.23,15.93,16.00,751553,12063822.00
2024-03-21,16.03,16.09,15.80,15.85,935593,14865889.00
2024-03-22,15.85,15.90,15.58,15.58,857167,13456572.00
2024-03-25,15.61,15.72,15.28,15.36,664121,10318468.00
2024-03-26,15.31,17.14,15.10,16.36,2649427,42716552.00
2024-03-27,17.17,18.29,16.62,16.62,6655608,116711720.00
2024-03-28,16.00,17.45,15.78,16.92,4822601,79570112.00
2024-03-29,16.76,17.90,16.51,17.61,3453787,60132712.00
2024-04-01,18.18,19.30,18.00,18.06,4972753,92704464.00
2024-04-02,19.00,22.20,18.60,20.20,10174120,203524176.00
2024-04-03,20.43,21.95,18.97,19.85,8824363,180950320.00
2024-04-08,18.86,19.62,18.07,18.08,4854464,91363576.00
2024-04-09,18.10,20.50,18.10,20.20,6822863,133532320.00
2024-04-10,19.97,21.40,19.39,19.95,8338345,169334784.00
2024-04-11,20.05,20.30,18.79,18.98,5338212,104280680.00
2024-04-12,18.44,19.21,17.97,18.25,4532656,83856176.00
2024-04-15,17.88,18.65,17.00,17.43,3200075,56851548.00
2024-04-16,17.30,17.49,15.71,16.50,3835073,63002012.00
2024-04-17,16.94,17.97,16.94,17.44,3671145,63948940.00
2024-04-18,17.28,18.47,16.81,17.30,3917464,69446648.00
2024-04-19,16.85,17.29,16.36,16.54,2843145,47553624.00
2024-04-22,16.45,16.73,16.17,16.33,1400282,22969292.00
2024-04-23,16.21,16.77,16.21,16.49,1314520,21728540.00
2024-04-24,16.60,16.80,16.38,16.58,1599127,26469368.00
2024-04-25,16.43,17.17,16.31,16.71,2266770,37992184.00
2024-04-26,16.55,17.38,16.48,17.16,2127462,36005428.00
2024-04-29,18.00,18.76,17.83,18.20,4268409,78182200.00
2024-04-30,18.38,18.38,17.78,18.05,1949318,35357748.00
2024-05-06,18.25,18.67,18.23,18.56,1957734,36209376.00
2024-05-07,18.81,18.81,18.31,18.32,1409032,26011248.00
2024-05-08,18.33,18.65,17.81,17.85,1658015,30208508.00
2024-05-09,18.12,18.89,18.07,18.11,3050805,56468432.00
2024-05-10,18.05,18.28,17.39,17.55,2487080,44005172.00
2024-05-13,17.33,17.77,17.16,17.28,1064873,18463294.00
2024-05-14,17.47,17.53,17.15,17.16,789842,13656194.00
2024-05-15,17.19,17.32,16.96,17.00,853335,14610266.00
2024-05-16,17.07,17.18,16.92,16.95,758242,12937063.00
2024-05-17,17.02,17.27,16.85,17.05,1090724,18515310.00
2024-05-20,17.10,17.22,16.40,16.72,2407801,40268308.00
2024-05-21,16.63,16.72,16.34,16.46,888695,14663511.00
2024-05-22,16.56,16.86,16.53,16.86,1453214,24320418.00
2024-05-23,16.90,17.68,16.51,17.15,3927792,67626520.00
2024-05-24,17.18,17.18,16.68,16.76,1459607,24704748.00
2024-05-27,16.81,16.95,16.70,16.89,932014,15689010.00
2024-05-28,16.90,17.09,16.62,16.68,947658,15948262.00
2024-05-29,16.75,17.05,16.59,17.03,1402561,23635506.00
2024-05-30,16.92,16.96,16.63,16.70,1049373,17590522.00
2024-05-31,16.71,16.83,16.55,16.70,786193,13101927.00
2024-06-03,16.65,16.65,16.21,16.33,823027,13484937.00
2024-06-04,16.32,16.40,16.17,16.32,453109,7391206.50
2024-06-05,16.33,16.46,15.90,15.93,887783,14355065.00
2024-06-06,16.04,16.05,15.33,15.33,1040274,16190593.00
2024-06-07,15.55,15.86,15.33,15.63,555869,8662988.00
2024-06-11,15.63,15.95,15.43,15.86,495178,7761028.50
2024-06-12,15.87,15.93,15.76,15.83,550876,8721666.00
2024-06-13,15.83,15.90,15.69,15.74,478604,7545135.50
2024-06-14,15.72,15.90,15.72,15.78,380905,6014071.00
2024-06-17,15.74,15.76,15.48,15.62,539003,8396567.00
2024-06-18,15.73,15.75,15.59,15.71,333495,5231024.00
2024-06-19,15.66,16.27,15.66,15.86,871793,13912592.00
2024-06-20,15.95,15.97,15.46,15.50,677592,10572275.00
2024-06-21,15.65,15.92,15.57,15.62,649901,10215056.00
2024-06-24,15.51,15.51,14.90,14.95,985096,14874161.00
2024-06-25,15.00,15.20,14.93,14.99,585712,8805884.00
2024-06-26,15.07,15.32,14.93,15.27,572079,8673817.00
2024-06-27,15.00,15.44,15.00,15.08,792763,12068148.00
2024-06-28,15.12,15.46,15.08,15.28,510267,7810157.00
2024-07-01,15.28,15.53,15.24,15.50,490888,7569352.50
2024-07-02,15.55,15.62,15.30,15.33,613936,9501235.00
2024-07-03,12.52,12.52,12.21,12.33,549258,6784198.50
2024-07-04,12.43,12.49,11.88,11.90,793911,9632272.00
2024-07-05,11.91,12.15,11.76,12.03,565809,6745149.50
2024-07-08,12.00,12.00,11.43,11.45,740929,8639550.00
2024-07-09,11.38,11.76,11.30,11.65,546405,6332134.50
2024-07-10,11.61,11.99,11.55,11.76,503084,5935807.00
2024-07-11,12.00,12.18,11.86,12.12,734528,8822221.00
2024-07-12,12.09,12.23,11.98,12.06,473051,5707035.50
2024-07-15,12.04,12.04,11.70,11.72,363383,4286780.50
2024-07-16,11.78,12.22,11.60,12.19,1064565,12730915.00
2024-07-17,12.70,13.36,12.69,13.16,3679360,48291448.00
2024-07-18,12.86,13.15,12.54,12.80,1855867,23931942.00
2024-07-19,12.75,12.99,12.54,12.54,1059101,13537891.00
2024-07-22,12.50,12.53,12.17,12.29,935879,11505077.00
2024-07-23,12.30,12.52,12.19,12.19,741399,9145368.00
2024-07-24,12.20,12.35,11.70,11.75,958039,11415640.00
2024-07-25,11.68,12.17,11.68,11.98,758653,9104377.00
2024-07-26,12.01,12.35,11.97,12.20,560499,6834046.00
2024-07-29,12.28,12.32,12.01,12.06,576387,7001951.50
2024-07-30,12.15,12.29,11.86,12.04,633531,7622027.50
2024-07-31,12.06,12.40,12.00,12.34,1070309,13123369.00
2024-08-01,12.40,12.48,12.18,12.29,884833,10903163.00
2024-08-02,12.21,12.36,12.14,12.23,646371,7917474.00
2024-08-05,11.90,12.28,11.73,11.76,923531,11058405.00
2024-08-06,11.85,12.00,11.75,11.88,678459,8043087.00
2024-08-07,11.92,11.96,11.81,11.87,430969,5117772.00
2024-08-08,11.86,11.91,11.69,11.77,814205,9599788.00
2024-08-09,11.85,11.88,11.73,11.78,556052,6564101.50
2024-08-12,11.85,11.98,11.71,11.77,626884,7418798.00
2024-08-13,11.81,11.87,11.61,11.87,514773,6051238.00
2024-08-14,11.87,11.87,11.65,11.75,534667,6282555.50
2024-08-15,11.74,11.84,11.62,11.77,581917,6831093.00
2024-08-16,11.81,11.81,11.72,11.78,286323,3369239.25
2024-08-19,11.84,11.95,11.75,11.83,602683,7128887.00
2024-08-20,11.91,12.33,11.78,11.99,1246148,15050054.00
2024-08-21,11.90,12.79,11.90,12.48,2887410,35992856.00
2024-08-22,12.37,12.77,12.21,12.40,1668147,20775170.00
2024-08-23,12.98,13.30,12.40,12.50,4139447,53489928.00
2024-08-26,12.59,13.65,12.39,13.29,4738676,62320820.00
2024-08-27,13.17,13.18,12.78,13.00,2467598,31882496.00
2024-08-28,12.99,13.05,12.63,12.80,1609596,20678124.00
2024-08-29,12.74,13.45,12.74,13.23,2557319,33766644.00
2024-08-30,13.19,13.68,13.07,13.32,2829013,37715072.00
2024-09-02,13.20,13.36,12.90,12.91,1710566,22475730.00
2024-09-03,12.93,13.60,12.85,13.41,2444284,32457484.00
2024-09-04,13.15,14.15,13.10,13.79,3715077,51303408.00
2024-09-05,13.63,13.86,13.51,13.68,2016248,27536730.00
2024-09-06,13.70,13.79,13.26,13.37,1503975,20267708.00
2024-09-09,13.45,13.45,12.91,12.96,1328111,17429874.00
2024-09-10,12.98,13.08,12.88,12.92,889781,11538199.00
2024-09-11,12.95,13.31,12.88,13.06,1452293,19073974.00
2024-09-12,13.02,13.15,12.65,12.73,1655088,21321116.00
2024-09-13,12.61,13.18,12.52,12.86,1609779,20550266.00
2024-09-18,12.93,12.97,12.60,12.76,790883,10118933.00
2024-09-19,12.86,13.16,12.77,12.94,894844,11604217.00
2024-09-20,12.98,13.04,12.73,12.82,709239,9134192.00
2024-09-23,12.83,12.89,12.68,12.69,579822,7412992.00
2024-09-24,12.79,13.06,12.60,13.03,2486584,31941428.00
2024-09-25,13.14,13.50,13.02,13.06,2218419,29319702.00
2024-09-26,13.05,13.35,12.91,13.31,2016566,26481330.00
2024-09-27,13.55,14.57,13.46,14.27,4463208,62692416.00
2024-09-30,15.25,17.15,14.61,16.93,7075554,112763688.00
2024-10-08,21.22,21.22,18.13,20.98,10650107,213747888.00
2024-10-09,19.55,20.29,18.52,18.61,7123588,138066320.00
2024-10-10,18.66,19.20,17.37,17.39,5403919,98671504.00
2024-10-11,17.21,17.77,15.85,16.19,4882988,81225920.00
2024-10-14,16.41,17.19,15.83,17.04,3464547,57938084.00
2024-10-15,16.92,17.71,16.79,17.04,3320627,57403124.00
2024-10-16,16.75,17.55,16.61,17.22,2172719,37156964.00
2024-10-17,17.41,18.69,17.40,17.76,5710702,102842368.00
2024-10-18,17.98,19.25,17.76,18.78,5962623,111175088.00
2024-10-21,19.35,21.17,19.35,20.44,9033423,184034704.00
2024-10-22,21.55,24.97,20.45,21.30,14255222,322213440.00
2024-10-23,21.10,24.39,20.65,23.42,10339861,232247184.00
2024-10-24,23.80,27.58,23.74,26.06,13431605,344748480.00
2024-10-25,28.00,30.00,24.53,24.84,16324058,458821152.00
2024-10-28,25.78,26.79,24.75,26.14,10210386,263516688.00
2024-10-29,26.30,28.60,26.10,28.52,8688282,236238768.00
2024-10-30,29.70,30.30,26.26,27.98,8212792,230926608.00
2024-10-31,27.90,28.19,25.70,26.90,7714831,206090992.00
2024-11-01,26.97,27.72,24.88,24.88,5462606,142731808.00
2024-11-04,25.20,30.23,25.20,30.09,10529850,293250944.00
2024-11-05,29.99,36.36,29.99,33.79,10409807,350047456.00
2024-11-06,34.50,39.38,34.48,38.00,10641690,398502336.00
2024-11-07,43.20,45.35,38.10,38.60,10318080,424743936.00
2024-11-08,41.27,44.80,38.48,41.40,11551292,477172512.00
2024-11-11,41.49,53.82,40.39,53.82,15523274,743963392.00
2024-11-12,58.00,63.00,50.88,56.90,13849357,783831616.00
2024-11-13,60.00,73.97,58.82,73.97,17602615,1143590272.00
2024-11-14,78.05,81.37,62.98,63.00,20605769,1487021312.00
2024-11-15,66.00,73.50,63.30,63.50,22096344,1487113984.00
2024-11-18,64.55,66.00,55.11,56.14,16304482,989000704.00
2024-11-19,52.00,59.88,49.20,59.02,15974119,861646400.00
2024-11-20,58.90,64.49,57.50,60.72,13614503,838678528.00
2024-11-21,57.80,59.25,55.01,56.02,12235468,698824384.00
2024-11-22,55.00,62.00,53.80,55.99,12137331,693065088.00
2024-11-25,56.20,61.58,56.20,59.84,12056394,708463936.00
2024-11-26,56.00,58.30,52.00,52.08,10320600,568837312.00
2024-11-27,50.05,55.36,50.05,53.79,8023305,425400768.00
2024-11-28,54.68,57.95,52.80,53.00,7933895,439270912.00
2024-11-29,52.00,56.99,51.03,55.06,7931137,431860448.00
2024-12-02,54.60,60.90,53.90,58.60,8993944,519551040.00
2024-12-03,58.60,58.60,58.60,58.60,0,0.00
#数据来源:通达信
