832786 骑士乳业 日线 不复权
      日期	    开盘	    最高	    最低	    收盘	    成交量	    成交额
2023-10-13,4.66,4.74,4.23,4.74,23094759,102846896.00
2023-10-16,4.38,4.45,4.32,4.34,5826124,25508314.00
2023-10-17,4.35,4.40,4.26,4.28,3479504,14948945.00
2023-10-18,4.28,4.28,4.22,4.22,1770073,7514777.50
2023-10-19,4.21,4.21,4.07,4.08,3203241,13215461.00
2023-10-20,4.11,4.12,4.00,4.03,2564272,10327432.00
2023-10-23,4.05,4.06,4.00,4.02,1070459,4307865.00
2023-10-24,4.02,4.08,4.02,4.07,832160,3371893.75
2023-10-25,4.18,4.22,4.12,4.13,1547662,6421597.00
2023-10-26,4.13,4.22,4.08,4.21,1268415,5268096.50
2023-10-27,4.20,4.47,4.16,4.38,5356483,23311918.00
2023-10-30,4.33,4.38,4.27,4.31,3532269,15250837.00
2023-10-31,4.28,4.33,4.25,4.27,1988279,8511320.00
2023-11-01,4.29,4.29,4.19,4.20,1509331,6381226.50
2023-11-02,4.16,4.23,4.16,4.19,901864,3781167.50
2023-11-03,4.19,4.27,4.19,4.22,608656,2579459.25
2023-11-06,4.25,4.26,4.21,4.25,900981,3820478.25
2023-11-07,4.26,4.33,4.23,4.31,1342499,5752456.00
2023-11-08,4.33,4.43,4.30,4.37,3280159,14378444.00
2023-11-09,4.35,4.40,4.32,4.37,1506490,6558865.50
2023-11-10,4.35,4.38,4.33,4.35,961583,4180539.00
2023-11-13,4.35,4.40,4.35,4.35,754669,3292406.00
2023-11-14,4.37,4.38,4.33,4.38,1252441,5458031.00
2023-11-15,4.39,4.43,4.39,4.39,1810819,7983676.50
2023-11-16,4.39,4.39,4.32,4.33,1262616,5488073.00
2023-11-17,4.35,4.35,4.31,4.34,830004,3598509.00
2023-11-20,4.36,4.52,4.34,4.50,3317995,14793121.00
2023-11-21,4.49,5.07,4.48,4.85,12337098,59497616.00
2023-11-22,4.77,5.25,4.75,5.21,14828229,74734784.00
2023-11-23,5.26,5.66,5.02,5.07,16252825,85887000.00
2023-11-24,5.16,6.30,5.10,6.20,22945072,129745576.00
2023-11-27,6.40,7.32,6.14,7.21,25223567,170899776.00
2023-11-28,6.66,7.40,6.56,6.58,16589809,115982168.00
2023-11-29,6.83,6.94,5.88,6.03,15494635,100430664.00
2023-11-30,6.09,6.39,5.78,6.19,10295308,62766484.00
2023-12-01,6.21,6.87,6.20,6.35,12385055,80817312.00
2023-12-04,6.19,6.29,5.83,6.08,7216439,43702936.00
2023-12-05,6.00,7.90,5.92,7.90,27242484,202042656.00
2023-12-06,8.80,9.27,7.46,7.80,36773634,310908000.00
2023-12-07,7.38,8.13,7.15,7.88,19488081,150175952.00
2023-12-08,7.78,8.83,7.78,7.98,19742528,163674304.00
2023-12-11,7.60,7.98,7.46,7.74,11651626,89260056.00
2023-12-12,7.70,8.27,7.63,8.19,13255835,106905976.00
2023-12-13,8.16,8.36,8.00,8.22,13222172,108042376.00
2023-12-14,8.19,8.52,8.07,8.15,14343890,119150424.00
2023-12-15,8.11,8.30,8.01,8.16,7696676,62740016.00
2023-12-18,8.25,8.45,8.11,8.33,8364970,69379824.00
2023-12-19,8.36,8.68,8.13,8.26,10079834,84685136.00
2023-12-20,8.13,8.33,8.08,8.31,9454879,77690912.00
2023-12-21,8.16,8.36,6.83,7.12,14367389,109450112.00
2023-12-22,6.90,7.27,6.90,7.09,7199717,51007380.00
2023-12-25,7.15,7.40,7.10,7.40,9420836,68160656.00
2023-12-26,7.41,7.74,7.18,7.55,9737492,73065584.00
2023-12-27,7.55,8.15,7.42,7.97,11790247,92158552.00
2023-12-28,7.85,8.23,7.71,7.97,8194519,64773368.00
2023-12-29,7.99,8.15,7.81,8.05,6538533,52323852.00
2024-01-02,8.08,8.58,8.00,8.58,11887581,98743848.00
2024-01-03,8.63,8.63,8.26,8.47,8346128,70087424.00
2024-01-04,8.49,8.50,8.08,8.33,6063366,50211324.00
2024-01-05,8.27,8.48,7.77,7.87,7942626,64546668.00
2024-01-08,7.84,7.97,7.44,7.49,4405673,33834164.00
2024-01-09,7.50,7.65,6.97,7.21,4407006,31973354.00
2024-01-10,7.25,7.96,7.05,7.92,11259214,86380256.00
2024-01-11,7.76,7.91,7.52,7.62,7113773,54615204.00
2024-01-12,7.65,7.77,7.03,7.03,7821465,56940428.00
2024-01-15,7.00,7.15,6.75,6.81,3848505,26604270.00
2024-01-16,6.82,7.32,6.43,7.18,7322624,50674452.00
2024-01-17,7.07,7.29,6.95,7.00,5660974,40288816.00
2024-01-18,6.97,7.19,6.76,7.11,4910318,34393260.00
2024-01-19,7.13,7.41,7.10,7.38,5348399,39079188.00
2024-01-22,7.42,7.44,7.01,7.09,4047884,29378384.00
2024-01-23,7.09,7.23,6.96,7.23,2449108,17398090.00
2024-01-24,7.29,7.95,6.98,7.82,10104677,76171208.00
2024-01-25,7.65,7.86,7.30,7.67,9521592,72467888.00
2024-01-26,7.45,7.85,7.39,7.58,4752166,36156840.00
2024-01-29,7.49,7.65,6.88,6.90,4762480,34553716.00
2024-01-30,6.89,7.11,6.83,7.07,3417961,23828574.00
2024-01-31,7.08,7.37,7.00,7.17,5042814,36161004.00
2024-02-01,7.11,7.11,6.59,6.77,5777398,39606052.00
2024-02-02,6.75,7.41,6.48,6.88,10208258,71459392.00
2024-02-05,6.52,6.62,5.81,6.23,9120151,56752860.00
2024-02-06,6.21,6.65,6.12,6.61,6760147,43687484.00
2024-02-07,6.68,6.93,6.20,6.28,6573895,43440868.00
2024-02-08,6.37,6.57,6.02,6.36,4399970,27570204.00
2024-02-19,6.36,6.49,6.34,6.44,3764445,24086312.00
2024-02-20,6.45,6.60,6.35,6.59,2912509,19020244.00
2024-02-21,6.50,6.84,6.50,6.61,3628185,24267824.00
2024-02-22,6.51,6.64,6.47,6.61,3099287,20310782.00
2024-02-23,6.64,6.67,6.35,6.39,3376900,21783510.00
2024-02-26,6.35,6.44,6.20,6.32,3221664,20296642.00
2024-02-27,6.27,6.66,6.27,6.60,4758841,31134436.00
2024-02-28,6.72,6.89,6.42,6.42,8087178,54234692.00
2024-02-29,6.44,6.59,6.41,6.59,4455787,28922014.00
2024-03-01,6.59,6.59,6.47,6.52,3607725,23524208.00
2024-03-04,6.54,6.60,6.39,6.42,3021816,19544188.00
2024-03-05,6.37,6.41,6.11,6.16,3554523,22005448.00
2024-03-06,6.13,6.27,6.13,6.19,2349135,14554600.00
2024-03-07,6.17,6.24,6.05,6.06,2878128,17565442.00
2024-03-08,6.07,6.11,5.95,6.03,1928020,11612591.00
2024-03-11,6.07,6.13,5.93,6.10,2599977,15751686.00
2024-03-12,6.07,6.40,6.07,6.29,5249729,32809416.00
2024-03-13,6.23,6.30,6.13,6.18,2001284,12358467.00
2024-03-14,6.13,6.25,6.01,6.02,2025530,12319378.00
2024-03-15,6.04,6.32,6.00,6.29,4346376,26963846.00
2024-03-18,6.30,6.34,6.19,6.30,2761213,17309118.00
2024-03-19,6.30,6.34,6.20,6.20,2188609,13689207.00
2024-03-20,6.20,6.28,6.13,6.20,1797268,11146293.00
2024-03-21,6.20,6.23,6.11,6.13,1893861,11679428.00
2024-03-22,6.14,6.33,6.12,6.12,2262395,14029013.00
2024-03-25,6.06,6.08,5.91,5.96,1756540,10534332.00
2024-03-26,5.96,5.98,5.82,5.89,1420018,8385535.50
2024-03-27,5.88,6.48,5.86,6.04,6756431,42167236.00
2024-03-28,5.88,6.00,5.70,5.92,5922126,34652520.00
2024-03-29,5.88,5.93,5.83,5.88,2140007,12561394.00
2024-04-01,5.88,5.98,5.87,5.92,1918023,11350993.00
2024-04-02,5.89,5.95,5.86,5.93,1837532,10842436.00
2024-04-03,5.93,6.14,5.76,5.99,2549383,15185812.00
2024-04-08,6.02,6.26,5.94,6.10,6332182,38643800.00
2024-04-09,6.06,6.15,5.94,6.04,3110481,18764552.00
2024-04-10,5.97,6.30,5.88,6.10,5923125,36201228.00
2024-04-11,5.99,5.99,5.89,5.89,4000211,23725800.00
2024-04-12,5.87,5.92,5.65,5.65,3502795,20201662.00
2024-04-15,5.71,5.74,5.40,5.45,2259427,12472586.00
2024-04-16,5.43,5.48,5.04,5.04,2984626,15369651.00
2024-04-17,5.11,5.36,5.11,5.35,2565052,13472811.00
2024-04-18,5.35,5.38,5.20,5.30,1645785,8714863.00
2024-04-19,5.26,5.28,5.16,5.22,1279155,6659298.00
2024-04-22,5.24,5.30,5.17,5.24,1045325,5466784.00
2024-04-23,5.27,5.36,5.21,5.32,1432181,7579079.50
2024-04-24,5.33,5.40,5.31,5.35,1076894,5767795.50
2024-04-25,5.40,5.40,5.30,5.34,1030991,5488184.50
2024-04-26,5.29,5.33,5.21,5.29,1852768,9744035.00
2024-04-29,5.29,5.37,5.20,5.32,1958260,10365893.00
2024-04-30,5.30,5.45,5.30,5.37,2530677,13590556.00
2024-05-06,5.41,5.59,5.37,5.49,1934980,10618921.00
2024-05-07,5.50,5.55,5.40,5.42,1583230,8638862.00
2024-05-08,5.37,5.46,5.36,5.36,851531,4601771.00
2024-05-09,5.36,5.40,5.33,5.35,1011641,5422182.50
2024-05-10,5.32,5.45,5.32,5.36,1117363,5999391.50
2024-05-13,5.33,5.34,5.22,5.30,1179764,6229050.50
2024-05-14,5.24,5.31,5.24,5.26,800026,4221509.00
2024-05-15,5.28,5.29,5.18,5.20,986410,5149752.50
2024-05-16,5.19,5.24,5.16,5.17,589085,3058281.50
2024-05-17,5.19,5.20,5.12,5.16,849326,4374162.50
2024-05-20,5.19,5.26,5.18,5.20,902618,4704427.00
2024-05-21,5.20,5.25,5.17,5.19,872444,4533940.00
2024-05-22,5.19,5.22,5.16,5.18,585342,3034695.75
2024-05-23,5.20,5.51,5.05,5.27,4010580,21179762.00
2024-05-24,5.22,5.75,5.20,5.40,6529196,35963000.00
2024-05-27,5.29,5.32,5.15,5.21,4368975,22785376.00
2024-05-28,5.23,5.28,5.19,5.22,1891756,9892542.00
2024-05-29,5.20,5.27,5.15,5.18,1901577,9884409.00
2024-05-30,5.16,5.18,5.08,5.10,2310431,11820605.00
2024-05-31,5.10,5.12,5.05,5.06,1952686,9914476.00
2024-06-03,5.05,5.07,4.95,4.99,1802739,9010280.00
2024-06-04,5.02,5.07,4.92,4.94,1413777,7008738.00
2024-06-05,4.93,4.93,4.80,4.81,1271198,6179384.50
2024-06-06,4.83,4.86,4.61,4.61,1475215,6929526.50
2024-06-07,4.68,4.75,4.62,4.70,1391385,6505983.50
2024-06-11,4.73,4.78,4.68,4.73,1028354,4859800.00
2024-06-12,4.73,4.76,4.66,4.71,1141187,5375162.50
2024-06-13,4.75,4.75,4.66,4.67,998249,4670753.50
2024-06-14,4.71,4.86,4.70,4.72,1477569,7016659.00
2024-06-17,4.68,4.71,4.61,4.62,1101663,5116542.00
2024-06-18,4.59,4.64,4.59,4.64,777575,3595323.75
2024-06-19,4.65,4.78,4.64,4.69,1411888,6654885.50
2024-06-20,4.68,4.69,4.58,4.60,1793438,8288860.50
2024-06-21,4.43,4.60,4.41,4.53,2273407,10252719.00
2024-06-24,4.53,4.53,4.39,4.43,1027103,4554418.00
2024-06-25,4.46,4.53,4.42,4.44,959812,4281054.00
2024-06-26,4.43,4.48,4.39,4.48,992921,4395993.00
2024-06-27,4.48,4.48,4.41,4.41,768835,3409896.75
2024-06-28,4.39,4.47,4.39,4.42,535751,2378693.50
2024-07-01,4.45,4.46,4.41,4.45,431491,1911036.00
2024-07-02,4.42,4.48,4.42,4.44,418250,1862141.88
2024-07-03,4.44,4.90,4.42,4.55,2514951,11694929.00
2024-07-04,4.50,4.56,4.42,4.48,1777557,7972545.50
2024-07-05,4.44,4.50,4.40,4.44,1079867,4792993.50
2024-07-08,4.41,4.42,4.27,4.30,1027503,4445721.50
2024-07-09,4.31,4.35,4.24,4.33,723182,3114123.75
2024-07-10,4.30,4.39,4.30,4.32,399361,1729991.38
2024-07-11,4.39,4.46,4.31,4.44,1446141,6346712.00
2024-07-12,4.42,4.44,4.39,4.40,940187,4142980.00
2024-07-15,4.42,4.42,4.27,4.30,793621,3410687.25
2024-07-16,4.28,4.45,4.26,4.44,1455436,6375818.50
2024-07-17,4.47,4.90,4.47,4.80,7386668,34973632.00
2024-07-18,4.75,4.77,4.55,4.63,3297104,15283273.00
2024-07-19,4.63,4.75,4.53,4.57,1753400,8096511.50
2024-07-22,4.55,4.55,4.43,4.49,1322145,5953920.00
2024-07-23,4.49,4.54,4.42,4.42,992288,4435701.00
2024-07-24,4.43,4.43,4.35,4.38,1249320,5487921.00
2024-07-25,4.35,4.48,4.32,4.41,1230439,5431301.50
2024-07-26,4.42,4.48,4.40,4.43,1602719,7109247.50
2024-07-29,4.45,4.45,4.40,4.44,739590,3271295.50
2024-07-30,4.42,4.51,4.40,4.47,1204230,5361264.00
2024-07-31,4.45,4.58,4.43,4.53,1548520,6985623.50
2024-08-01,4.53,4.57,4.48,4.51,1365490,6156051.50
2024-08-02,4.49,4.51,4.42,4.42,855879,3818501.25
2024-08-05,4.44,4.62,4.36,4.36,2982471,13470679.00
2024-08-06,4.36,4.54,4.34,4.43,2491373,11036488.00
2024-08-07,4.47,4.47,4.38,4.43,1238120,5465337.00
2024-08-08,4.38,4.72,4.37,4.56,4540208,20646470.00
2024-08-09,4.48,4.53,4.45,4.45,2237368,10033438.00
2024-08-12,4.43,4.52,4.42,4.50,1104975,4937701.00
2024-08-13,4.52,4.91,4.44,4.75,6843390,32254950.00
2024-08-14,4.68,4.94,4.59,4.82,6189528,29470272.00
2024-08-15,4.84,4.91,4.66,4.68,4928283,23416840.00
2024-08-16,4.68,4.68,4.50,4.52,3767771,17205100.00
2024-08-19,4.52,4.55,4.48,4.51,1627279,7337402.50
2024-08-20,4.50,4.53,4.43,4.46,1673131,7483337.00
2024-08-21,4.45,4.46,4.42,4.43,739057,3273744.00
2024-08-22,4.58,4.87,4.49,4.50,4744869,21940910.00
2024-08-23,4.40,4.60,4.38,4.60,3960692,17710508.00
2024-08-26,4.55,4.77,4.52,4.60,3483212,16169224.00
2024-08-27,4.50,4.95,4.49,4.75,7207548,34162840.00
2024-08-28,4.57,4.66,4.50,4.64,4711007,21542130.00
2024-08-29,4.58,4.59,4.49,4.54,3130062,14179615.00
2024-08-30,4.53,4.69,4.50,4.60,3886391,17853142.00
2024-09-02,4.58,4.59,4.49,4.49,2542098,11522765.00
2024-09-03,4.46,4.53,4.46,4.48,1504118,6745936.00
2024-09-04,4.47,4.49,4.43,4.45,1165208,5196519.50
2024-09-05,4.45,4.49,4.45,4.48,931603,4165890.50
2024-09-06,4.52,4.52,4.36,4.37,1485435,6569020.50
2024-09-09,4.37,4.43,4.33,4.38,718326,3143856.50
2024-09-10,4.40,4.40,4.34,4.40,491274,2146047.25
2024-09-11,4.37,4.39,4.34,4.36,616556,2688559.75
2024-09-12,4.37,4.39,4.32,4.33,601095,2617497.50
2024-09-13,4.36,4.47,4.31,4.39,1346203,5916381.50
2024-09-18,4.36,4.40,4.30,4.34,723455,3138714.50
2024-09-19,4.37,4.59,4.35,4.45,2842570,12752157.00
2024-09-20,4.41,4.42,4.35,4.38,2136470,9360816.00
2024-09-23,4.35,4.39,4.35,4.38,691862,3019043.75
2024-09-24,4.41,4.48,4.37,4.48,1923156,8545965.00
2024-09-25,4.48,4.62,4.45,4.52,2797146,12685443.00
2024-09-26,4.53,4.77,4.46,4.72,5391425,24931726.00
2024-09-27,5.58,6.00,5.31,5.70,22196947,121564864.00
2024-09-30,5.72,7.21,5.72,6.87,27664655,174669984.00
2024-10-08,8.08,8.86,7.00,8.08,31765300,251168416.00
2024-10-09,6.92,7.50,6.25,6.25,17624677,122008632.00
2024-10-10,6.25,6.56,6.00,6.05,11241647,70648560.00
2024-10-11,5.98,7.17,5.86,6.18,16708737,108301184.00
2024-10-14,5.80,6.47,5.56,6.37,15360298,92129744.00
2024-10-15,6.10,6.82,6.01,6.27,14613805,93513784.00
2024-10-16,6.02,6.39,6.01,6.22,9628527,59543904.00
2024-10-17,6.27,6.76,6.16,6.48,19153477,123871712.00
2024-10-18,6.52,7.69,6.43,6.98,26114318,180258176.00
2024-10-21,6.81,7.88,6.81,7.73,29136696,213588640.00
2024-10-22,7.50,8.38,6.91,7.86,34035909,266794832.00
2024-10-23,7.59,8.18,7.36,7.97,24072676,188245136.00
2024-10-24,7.85,8.75,7.79,8.30,28423890,235817344.00
2024-10-25,8.21,8.95,7.70,7.73,34860254,289154272.00
2024-10-28,7.66,8.65,7.49,8.58,31036364,253298816.00
2024-10-29,9.31,10.58,8.88,9.11,47438364,454811008.00
2024-10-30,8.45,8.93,8.03,8.32,31093100,264148656.00
2024-10-31,8.11,8.20,7.58,7.80,22699221,178994672.00
2024-11-01,7.68,8.75,7.40,8.00,32893880,269288928.00
2024-11-04,7.69,8.70,7.42,8.43,29407759,238084688.00
2024-11-05,8.33,9.17,8.20,9.00,29968626,260935632.00
2024-11-06,9.10,10.95,8.72,9.78,35422635,336327808.00
2024-11-07,9.30,12.71,9.20,12.23,51283743,602564416.00
2024-11-08,11.50,11.83,10.68,10.70,39446145,439307104.00
2024-11-11,10.19,10.20,9.41,9.95,22705646,222749904.00
2024-11-12,9.90,10.17,9.64,9.80,15519802,154585920.00
2024-11-13,9.66,9.95,9.22,9.85,11558291,111029240.00
2024-11-14,9.88,10.01,9.40,9.46,10189502,99212000.00
2024-11-15,9.43,9.60,9.13,9.16,11507282,107710816.00
2024-11-18,9.05,9.36,8.69,8.86,10979063,99299744.00
2024-11-19,8.87,8.98,7.98,8.59,13675648,115129920.00
2024-11-20,8.57,9.01,8.43,8.88,11691548,102683600.00
2024-11-21,8.95,9.60,8.75,9.30,17924152,165077824.00
2024-11-22,9.28,9.64,8.93,8.99,15351115,143730624.00
2024-11-25,8.88,9.57,8.61,9.21,11781632,107533840.00
2024-11-26,9.06,10.35,9.02,9.87,30887429,300743808.00
2024-11-27,9.49,10.18,8.80,9.73,24634244,231815088.00
2024-11-28,9.60,10.49,9.58,10.08,25439319,256109120.00
2024-11-29,10.06,11.58,9.92,10.75,36169552,389109920.00
2024-12-02,10.70,11.38,10.18,10.75,31005868,332111392.00
2024-12-03,10.75,10.75,10.75,10.75,0,0.00
#数据来源:通达信
