832876 慧为智能 日线 不复权
      日期	    开盘	    最高	    最低	    收盘	    成交量	    成交额
2016-03-03,10.00,12.00,10.00,11.00,2000,22000.00
2016-03-04,14.20,14.20,14.20,14.20,1000,14200.00
2016-03-07,13.00,14.90,11.80,14.90,3000,39700.00
2016-03-08,14.80,15.75,14.80,15.28,2000,30550.00
2016-03-09,16.20,16.20,15.60,15.90,2000,31800.00
2016-03-10,15.90,15.90,15.20,15.55,2000,31100.00
2016-03-14,15.30,17.00,15.30,16.15,2000,32300.00
2016-03-15,16.50,17.79,16.50,17.15,2000,34300.00
2016-03-17,17.70,18.50,17.70,18.50,2000,36200.00
2016-03-18,18.50,19.50,18.50,19.00,2000,38000.00
2016-03-24,19.50,21.30,19.50,21.30,2000,40800.00
2016-03-25,21.50,26.50,21.50,26.50,2000,48000.00
2016-03-28,28.50,28.50,26.87,28.09,13000,360790.00
2016-03-29,28.58,28.58,28.58,28.58,1000,28580.00
2016-03-30,27.26,28.15,26.61,27.90,14000,380040.00
2016-03-31,27.76,27.76,26.37,27.46,8000,213690.00
2016-04-05,25.96,25.96,25.95,25.95,6000,155710.00
2016-04-07,25.68,25.68,25.68,25.68,1000,25680.00
2016-04-08,25.04,25.30,24.09,25.30,6000,146740.00
2016-04-12,23.50,24.50,23.28,24.50,7000,164800.00
2016-04-13,22.99,22.99,21.85,22.98,7000,157140.00
2016-04-14,21.85,22.20,20.04,21.10,21000,443630.00
2016-04-18,19.95,20.50,19.48,20.50,7000,138230.00
2016-04-19,19.00,19.98,18.91,19.98,9000,173570.00
2016-04-21,18.54,18.54,18.54,18.54,1000,18540.00
2016-06-06,11.73,12.34,11.73,12.34,7000,82720.00
2016-11-09,11.51,11.51,11.50,11.51,4500,51775.00
2016-11-15,11.13,11.68,11.10,11.68,6000,67280.00
2017-01-24,10.72,11.27,9.35,9.57,77000,790920.00
2017-01-25,9.27,9.55,7.64,7.67,62000,540030.00
2017-01-26,7.44,7.59,6.05,6.29,76000,503400.00
2017-04-07,5.98,5.98,5.98,5.98,7000,41860.00
2017-08-24,5.61,5.75,5.61,5.75,2000,11360.00
2017-08-30,5.58,5.58,5.58,5.58,1000,5580.00
2017-10-17,3.80,4.00,3.80,4.00,9000,34780.00
2017-12-13,3.81,3.81,3.81,3.81,2000,7620.00
2017-12-15,3.81,3.81,3.81,3.81,5000,19050.00
2018-02-02,3.65,3.81,3.63,3.67,7000,25670.00
2018-02-09,3.57,3.60,3.42,3.51,14000,49130.00
2018-02-13,3.42,3.50,3.33,3.39,8000,27140.00
2018-02-14,3.43,3.43,3.43,3.43,3000,10290.00
2018-03-01,3.28,3.43,3.26,3.29,7000,23050.00
2018-03-05,3.27,3.29,3.15,3.23,5000,16170.00
2018-03-06,3.27,3.28,3.13,3.19,6000,19110.00
2018-03-16,3.18,3.18,3.18,3.18,1000,3180.00
2018-03-19,3.19,3.19,3.19,3.19,1000,3190.00
2018-04-16,3.12,3.12,3.04,3.07,7000,21490.00
2018-04-17,3.12,3.12,3.04,3.08,2000,6160.00
2018-04-24,2.95,3.09,2.94,2.97,7000,20770.00
2018-04-25,2.86,2.94,2.80,2.87,8000,22940.00
2018-04-26,2.88,2.88,2.88,2.88,2000,5760.00
2018-04-27,2.88,2.90,2.88,2.89,6000,17330.00
2018-05-28,2.77,2.91,2.75,2.80,8000,22400.00
2018-06-08,2.70,2.70,2.65,2.67,5000,13330.00
2018-06-13,2.64,2.70,2.57,2.58,8000,20830.00
2018-06-20,2.55,2.55,2.55,2.55,1000,2550.00
2018-08-06,2.44,2.56,2.44,2.48,6000,14870.00
2018-08-24,2.23,2.33,2.23,2.30,9000,20700.00
2018-08-27,2.25,2.25,2.25,2.25,1000,2250.00
2018-09-18,2.24,2.31,2.21,2.26,7000,15800.00
2018-09-25,2.25,2.25,2.25,2.25,1000,2250.00
2018-09-27,2.26,2.27,2.19,2.21,6000,13360.00
2018-11-19,2.13,2.22,2.10,2.14,8000,17090.00
2018-11-26,2.06,2.09,2.04,2.06,7000,14400.00
2018-11-27,2.00,2.06,1.96,1.99,8000,15950.00
2018-12-04,1.96,2.02,1.88,1.93,11000,21260.00
2018-12-05,1.90,1.96,1.88,1.91,5000,9530.00
2018-12-12,1.87,1.87,1.76,1.79,12000,21740.00
2018-12-17,1.73,1.74,1.67,1.71,11000,18840.00
2018-12-18,1.67,1.73,1.62,1.67,11000,18320.00
2018-12-19,1.60,1.65,1.57,1.60,7000,11220.00
2018-12-20,1.55,1.58,1.53,1.54,6000,9260.00
2018-12-21,1.52,1.52,1.45,1.49,9000,13420.00
2018-12-24,1.45,1.47,1.39,1.43,11000,15770.00
2018-12-25,1.39,1.41,1.33,1.36,11000,15010.00
2018-12-26,1.32,1.32,1.31,1.32,7000,9220.00
2018-12-27,1.29,1.31,1.25,1.28,9000,11540.00
2019-01-02,1.26,1.27,1.24,1.25,5000,6270.00
2019-01-03,1.23,1.24,1.19,1.21,10000,12120.00
2019-01-07,1.17,1.20,1.16,1.17,7000,8240.00
2019-01-09,1.15,1.16,1.15,1.16,2000,2320.00
2019-01-14,1.14,1.16,1.12,1.14,7000,7960.00
2019-05-27,1.10,1.10,1.10,1.10,1000,1100.00
2019-06-06,1.10,1.10,1.10,1.10,5000,5500.00
2019-06-10,1.10,1.10,1.09,1.10,2000,2190.00
2019-06-12,1.09,1.09,1.08,1.08,11000,11980.00
2019-06-13,1.05,1.05,1.04,1.05,14000,14800.00
2019-06-20,1.04,1.04,1.04,1.04,16000,16800.00
2019-06-26,1.04,1.04,1.04,1.04,10000,10400.00
2019-06-27,1.04,1.04,0.86,0.87,34000,33110.00
2019-06-28,0.85,0.85,0.75,0.77,23000,18760.00
2019-07-01,0.75,0.75,0.67,0.67,53000,37280.00
2019-07-02,0.67,0.67,0.60,0.62,115000,71270.00
2019-07-03,0.60,0.61,0.55,0.56,49000,28620.00
2019-07-04,0.54,0.55,0.45,0.46,299000,146000.00
2019-07-05,0.47,0.52,0.45,0.47,1365600,630860.00
2019-07-08,0.45,0.50,0.45,0.48,1186000,592350.00
2019-07-09,0.49,0.52,0.49,0.50,46000,23220.00
2019-07-10,0.50,0.50,0.46,0.49,44000,21390.00
2019-07-11,0.50,0.50,0.50,0.50,10000,5000.00
2019-07-12,0.50,0.52,0.50,0.52,26000,13300.00
2019-07-16,0.52,0.55,0.52,0.54,36000,19230.00
2019-07-17,0.55,0.55,0.54,0.54,11000,6040.00
2019-07-18,0.54,0.58,0.54,0.55,76000,42440.00
2019-07-19,0.55,0.55,0.55,0.55,10000,5500.00
2019-07-22,0.56,0.56,0.56,0.56,12000,6720.00
2019-07-23,0.57,0.58,0.57,0.57,28000,16020.00
2019-07-24,0.58,0.61,0.58,0.61,27000,15940.00
2019-07-25,0.62,0.62,0.62,0.62,13000,8060.00
2019-07-26,0.62,0.66,0.62,0.65,22000,13950.00
2019-07-29,0.65,0.67,0.65,0.66,22000,14380.00
2019-07-30,0.65,0.66,0.65,0.66,25000,16350.00
2019-07-31,0.66,0.67,0.65,0.65,25000,16390.00
2019-08-01,0.66,0.68,0.63,0.64,42000,27570.00
2019-08-02,0.65,0.69,0.65,0.67,60000,40320.00
2019-08-05,0.69,0.70,0.69,0.70,22000,15300.00
2019-08-06,0.69,0.70,0.68,0.69,16000,11050.00
2019-08-07,0.69,0.71,0.69,0.70,19000,13230.00
2019-08-08,0.71,0.72,0.71,0.72,12000,8540.00
2019-08-09,0.72,0.72,0.71,0.71,8000,5730.00
2019-08-13,0.71,0.71,0.71,0.71,10000,7100.00
2019-08-14,0.72,0.72,0.71,0.71,15000,10770.00
2019-08-15,0.72,0.72,0.72,0.72,10000,7200.00
2019-08-16,0.72,0.72,0.72,0.72,10000,7200.00
2019-08-19,0.72,0.73,0.72,0.73,14000,10100.00
2019-08-20,0.73,0.75,0.73,0.73,17000,12480.00
2019-08-21,0.74,0.74,0.74,0.74,11000,8140.00
2019-08-22,0.75,0.75,0.75,0.75,11000,8250.00
2019-08-23,0.76,0.78,0.76,0.78,14000,10680.00
2019-08-26,0.79,0.86,0.79,0.83,95000,78240.00
2019-08-27,0.85,0.92,0.85,0.91,33000,28730.00
2019-08-28,0.93,0.96,0.93,0.95,17000,15940.00
2019-08-29,0.93,0.93,0.91,0.91,15000,13870.00
2019-08-30,0.90,0.92,0.90,0.92,11000,10100.00
2019-09-02,0.90,0.91,0.89,0.90,33000,29710.00
2019-09-04,0.89,0.89,0.89,0.89,10000,8900.00
2019-09-05,0.89,0.89,0.89,0.89,10000,8900.00
2019-09-17,0.89,0.89,0.79,0.81,26000,22160.00
2019-09-18,0.78,0.78,0.71,0.73,21000,15960.00
2019-09-19,0.71,0.71,0.57,0.58,47000,30250.00
2019-09-20,0.60,0.71,0.60,0.70,63000,41760.00
2019-09-23,0.71,0.71,0.70,0.70,11000,7800.00
2019-09-24,0.72,0.75,0.72,0.73,19000,13930.00
2019-09-25,0.75,0.78,0.75,0.78,20000,15210.00
2019-09-26,0.76,0.76,0.73,0.73,43000,31750.00
2019-09-27,0.74,0.75,0.74,0.75,12000,8900.00
2019-09-30,0.76,0.76,0.76,0.76,11000,8360.00
2019-10-08,0.75,0.75,0.74,0.75,12000,8990.00
2019-10-09,0.75,0.76,0.74,0.75,21000,15840.00
2019-10-10,0.75,0.75,0.71,0.73,28000,20640.00
2019-10-11,0.73,0.74,0.72,0.73,12000,8760.00
2019-10-14,0.73,0.73,0.72,0.72,11000,8020.00
2019-10-15,0.72,0.73,0.70,0.72,13000,9340.00
2019-10-16,0.71,0.71,0.71,0.71,10000,7100.00
2019-10-17,0.71,0.72,0.70,0.71,12000,8520.00
2019-10-18,0.71,0.71,0.71,0.71,12000,8520.00
2019-10-21,0.71,0.72,0.71,0.72,23000,16430.00
2019-10-23,0.71,0.72,0.71,0.71,14000,9950.00
2019-10-24,0.70,0.70,0.69,0.69,7000,4890.00
2019-10-28,0.69,0.70,0.69,0.70,2000,1390.00
2019-10-29,0.70,0.70,0.70,0.70,351200,210720.00
2019-10-31,0.69,0.70,0.68,0.69,13000,8970.00
2019-11-05,0.70,0.88,0.70,0.86,49000,38090.00
2019-11-06,0.88,1.07,0.88,1.03,49000,47800.00
2019-11-07,1.04,1.08,1.02,1.08,17000,17890.00
2019-11-08,1.11,1.16,1.11,1.14,14000,15810.00
2019-11-11,1.14,1.14,1.13,1.14,2000,2270.00
2019-11-12,1.11,1.11,1.11,1.11,4000,4440.00
2019-11-13,1.11,1.11,1.09,1.10,13000,14390.00
2019-11-14,1.08,1.08,1.08,1.08,5000,5400.00
2019-11-15,1.08,1.08,1.08,1.08,6000,6480.00
2019-11-18,1.08,1.08,1.08,1.08,10000,10800.00
2019-11-20,1.08,1.08,1.08,1.08,3000,3240.00
2019-11-25,1.09,1.09,1.09,1.09,10000,10900.00
2019-12-16,1.10,1.10,1.10,1.10,6000,6600.00
2019-12-17,1.11,1.11,1.11,1.11,10000,11100.00
2019-12-23,1.11,1.11,1.11,1.11,10000,11100.00
2019-12-25,1.09,1.09,1.09,1.09,4000,4360.00
2019-12-26,1.09,1.09,1.09,1.09,1000,1090.00
2020-01-02,1.08,1.08,1.08,1.08,2000,2160.00
2020-01-06,1.11,1.11,1.11,1.11,2000,2220.00
2020-01-07,1.12,1.12,1.12,1.12,4000,4480.00
2020-01-10,1.16,1.16,1.16,1.16,2000,2320.00
2020-01-16,1.14,1.14,1.14,1.14,5000,5700.00
2020-01-21,1.13,1.13,1.12,1.13,5000,5640.00
2020-01-22,1.11,1.11,1.10,1.10,2000,2210.00
2020-01-23,1.09,1.09,1.09,1.09,3000,3270.00
2020-02-11,1.08,1.08,1.08,1.08,3000,3240.00
2020-02-21,1.05,1.05,1.05,1.05,1000,1060.00
2020-03-04,1.04,1.04,1.03,1.04,3000,3130.00
2020-03-11,1.01,1.01,0.98,0.98,6000,5950.00
2020-03-16,0.96,0.96,0.91,0.92,9000,8430.00
2020-03-26,0.90,0.90,0.90,0.90,3000,2700.00
2020-04-17,0.92,1.21,0.92,1.19,32200,34274.00
2020-04-20,1.22,1.27,1.19,1.24,29100,35717.00
2020-04-21,1.25,1.61,1.25,1.59,50100,73154.00
2020-04-22,1.60,2.48,1.58,2.40,148900,301639.19
2020-04-23,2.40,2.76,2.40,2.74,55400,145799.80
2020-04-24,2.80,2.80,2.49,2.58,43700,113877.00
2020-04-27,2.50,2.52,2.14,2.19,40800,95527.00
2020-04-28,2.25,2.32,2.25,2.30,8000,18220.00
2020-04-29,2.24,2.24,2.10,2.10,8000,17562.20
2020-04-30,2.10,2.10,2.00,2.02,8000,16400.00
2020-05-06,1.96,1.96,1.80,1.83,14000,26370.00
2020-05-07,1.88,1.91,1.85,1.85,11000,20650.00
2020-05-08,1.90,1.97,1.90,1.95,11200,21658.00
2020-05-11,1.93,1.93,1.70,1.74,35000,62340.00
2020-05-12,1.69,1.69,1.69,1.69,2500,4225.00
2020-05-13,1.68,1.75,1.64,1.73,126600,213537.19
2020-05-15,1.76,1.77,1.76,1.77,3000,5300.00
2020-05-20,1.78,1.78,1.78,1.78,5000,8900.00
2020-05-25,1.75,1.75,1.75,1.75,200,350.00
2020-05-26,1.82,2.00,1.82,1.96,16000,30390.00
2020-05-27,2.05,2.32,2.05,2.19,32300,70403.00
2020-05-28,2.21,2.28,2.08,2.11,21000,45560.00
2020-05-29,2.10,2.73,2.10,2.26,80100,190747.70
2020-06-01,2.19,2.21,2.05,2.06,27000,57970.00
2020-06-02,2.03,2.03,2.03,2.03,2000,4060.00
2020-06-03,2.08,2.09,2.08,2.08,3000,6260.00
2020-06-05,2.08,2.11,2.00,2.04,27000,55660.00
2020-06-08,2.02,2.02,1.75,1.87,33100,61839.70
2020-06-09,1.86,1.90,1.85,1.85,5100,9470.00
2020-06-10,1.90,1.95,1.90,1.93,5000,9600.00
2020-06-11,1.89,1.89,1.88,1.89,4000,7550.00
2020-06-12,1.85,1.90,1.85,1.85,8000,14900.00
2020-06-15,1.84,1.93,1.84,1.93,5900,11156.00
2020-06-16,1.85,1.92,1.85,1.87,12000,22410.00
2020-06-17,1.81,1.90,1.81,1.87,4000,7470.00
2020-06-18,1.85,1.86,1.81,1.83,12000,22010.00
2020-06-19,1.81,1.86,1.77,1.85,39000,70800.00
2020-06-22,1.87,2.34,1.87,2.17,111000,238300.00
2020-06-23,2.19,2.67,2.19,2.29,105400,251475.13
2020-06-24,2.24,2.25,2.08,2.09,57000,122080.00
2020-06-29,2.15,2.19,2.07,2.09,25000,53010.00
2020-06-30,2.15,2.17,2.08,2.15,6200,13122.00
2020-07-01,2.06,2.20,2.04,2.07,44000,92650.00
2020-07-02,2.05,2.05,1.90,1.93,23100,45272.00
2020-07-03,1.97,1.97,1.87,1.92,15100,28897.00
2020-07-06,1.96,1.98,1.89,1.92,14000,27010.00
2020-07-07,1.97,1.98,1.90,1.95,13000,25280.00
2020-07-08,1.92,2.04,1.92,2.03,10000,19927.00
2020-07-09,1.97,1.97,1.97,1.97,3000,5910.00
2020-07-10,2.02,2.02,2.02,2.02,1000,2020.00
2020-07-13,1.97,2.07,1.94,1.99,17000,34020.00
2020-07-14,2.04,2.21,2.00,2.16,37000,78350.00
2020-07-15,2.19,2.21,2.08,2.17,36500,78335.00
2020-07-16,2.17,2.20,2.01,2.04,37000,78220.00
2020-07-17,2.08,2.08,2.08,2.08,2000,4160.00
2020-07-20,2.08,2.09,2.08,2.09,3000,6290.00
2020-07-21,2.05,2.09,2.01,2.08,12000,24710.00
2020-07-23,2.10,2.14,2.10,2.10,1100,2324.00
2020-07-24,2.04,2.08,2.04,2.08,5000,10250.00
2020-07-27,2.10,2.10,1.99,2.00,12000,24400.00
2020-07-28,2.00,2.00,2.00,2.00,1000,2000.00
2020-07-29,1.98,1.99,1.91,1.99,9700,18985.00
2020-07-30,1.99,2.01,1.99,2.01,6000,12020.00
2020-08-04,1.95,1.95,1.94,1.94,4000,7780.00
2020-08-05,1.99,2.01,1.99,2.01,3100,6315.52
2020-08-11,2.01,2.01,2.01,2.01,200,402.00
2020-08-14,2.01,2.01,2.01,2.01,2000,4020.00
2020-08-17,1.95,2.00,1.95,2.00,4000,7850.00
2020-08-24,2.02,2.10,1.94,2.05,38600,78327.96
2020-08-25,2.15,2.31,2.09,2.23,49000,109910.00
2020-08-27,2.27,2.35,2.27,2.32,31700,73396.00
2020-08-28,2.29,2.29,2.19,2.23,19900,44591.00
2020-08-31,2.28,2.35,2.28,2.35,23000,53692.30
2020-09-01,2.30,2.34,2.20,2.25,24100,54375.00
2020-09-02,2.30,2.38,2.20,2.29,26000,60422.20
2020-09-03,2.33,2.33,2.25,2.33,100,236.25
2020-09-04,2.33,2.38,2.30,2.36,18000,42250.00
2020-09-07,2.31,2.31,2.30,2.31,2000,4610.00
2020-09-09,2.27,2.27,2.20,2.23,7000,15690.00
2020-09-10,2.26,2.35,2.26,2.32,14000,32490.00
2020-09-14,2.28,2.28,2.28,2.28,2000,4560.00
2020-09-16,2.34,2.43,2.30,2.39,36000,85870.00
2020-09-17,2.34,2.45,2.34,2.42,18000,43390.00
2020-09-18,2.36,2.47,2.36,2.47,600,1432.00
2020-09-21,2.36,2.36,2.36,2.36,3000,7110.00
2020-09-22,2.31,2.33,2.25,2.33,12000,27700.00
2020-09-23,2.35,2.35,2.25,2.26,4100,9256.00
2020-09-25,2.30,2.30,2.30,2.30,2000,4600.00
2020-09-28,2.22,2.22,2.20,2.20,4000,8840.00
2020-09-29,2.19,2.25,2.17,2.19,10800,23760.00
2020-09-30,2.24,2.24,2.13,2.15,6100,13094.00
2020-10-09,2.19,2.23,2.19,2.21,7000,15450.00
2020-10-12,2.26,2.26,2.15,2.20,9100,19716.00
2020-10-13,2.16,2.20,2.15,2.20,23000,49840.00
2020-10-15,2.22,2.22,2.22,2.22,2000,4440.00
2020-10-16,2.23,2.28,2.20,2.28,5400,12249.20
2020-10-20,2.30,2.33,2.26,2.29,44000,101070.00
2020-10-22,2.27,2.30,2.27,2.28,4000,9110.00
2020-10-23,2.33,2.33,2.33,2.33,5000,11650.00
2020-10-26,2.25,2.30,2.25,2.30,4000,9100.00
2020-11-03,2.29,2.29,2.29,2.29,1000,2290.00
2020-11-04,2.29,2.30,2.29,2.30,6000,13770.00
2020-11-05,2.29,2.30,2.29,2.29,19000,43600.00
2020-11-06,2.29,2.30,2.29,2.30,21000,48190.00
2020-11-09,2.29,2.30,2.29,2.30,40000,91800.00
2020-11-10,2.29,2.29,2.24,2.26,4000,9053.28
2020-11-11,2.29,2.34,2.29,2.30,5100,11725.00
2020-11-12,2.31,2.31,2.30,2.30,2000,4610.00
2020-11-13,2.33,2.33,2.25,2.25,1100,2484.00
2020-11-16,2.25,2.26,2.24,2.24,48000,108150.00
2020-11-17,2.20,2.30,2.20,2.29,6400,14662.20
2020-11-18,2.33,2.41,2.31,2.33,25000,59300.00
2020-11-19,2.33,2.34,2.33,2.34,4000,9380.00
2020-11-23,2.39,2.53,2.39,2.50,14000,34480.00
2020-11-24,2.53,2.65,2.52,2.60,10000,25760.00
2020-11-25,2.59,2.60,2.59,2.60,2000,5190.00
2020-12-03,2.59,2.59,2.58,2.59,2000,5170.00
2020-12-09,2.62,3.02,2.62,2.87,31000,87400.00
2020-12-10,2.95,3.25,2.85,3.09,33400,102748.00
2020-12-11,3.09,3.09,3.09,3.09,3000,9270.00
2020-12-14,3.05,3.19,3.05,3.19,2500,7895.00
2020-12-15,3.19,3.39,3.19,3.36,39000,129090.00
2020-12-16,3.32,3.40,3.31,3.33,8000,26920.00
2020-12-17,3.32,3.95,3.32,3.92,46500,174395.00
2020-12-18,4.00,4.21,4.00,4.09,18000,74060.00
2020-12-21,4.06,4.15,3.90,4.01,19000,76660.00
2020-12-22,4.09,4.10,4.05,4.05,8000,32630.00
2020-12-24,4.00,4.14,3.99,4.04,4300,17382.00
2020-12-25,4.13,4.13,4.13,4.13,1000,4130.00
2020-12-30,3.96,4.00,3.94,3.94,5000,19800.00
2021-01-04,3.86,3.95,3.85,3.95,3000,11660.00
2021-01-08,3.86,3.86,3.66,3.69,9000,34030.00
2021-01-11,3.83,3.83,3.83,3.83,3000,11490.00
2021-01-12,3.66,3.66,3.50,3.53,27000,95800.00
2021-01-13,3.47,3.60,3.42,3.58,7500,26545.00
2021-01-15,3.64,3.65,3.64,3.65,2000,7290.00
2021-01-18,3.67,3.67,3.67,3.67,1000,3670.00
2021-01-19,3.67,3.68,3.67,3.68,5000,18390.00
2021-01-21,3.76,3.76,3.76,3.76,1000,3760.00
2021-01-26,3.76,3.77,3.76,3.77,3000,11300.00
2021-02-03,3.69,3.69,3.68,3.68,3000,11050.00
2021-02-09,3.67,3.85,3.67,3.81,4100,15587.00
2021-02-10,3.76,3.76,3.70,3.74,5000,18710.00
2021-02-19,3.66,3.66,3.23,3.27,24000,81760.00
2021-02-22,3.26,3.34,3.26,3.32,6000,19810.00
2021-03-02,3.32,3.32,3.32,3.32,2000,6640.00
2021-03-08,3.35,3.35,3.35,3.35,100,465.65
2021-03-11,3.36,3.36,3.36,3.36,1000,3360.00
2021-03-23,3.29,3.29,3.28,3.29,2000,6570.00
2021-03-26,3.30,3.32,3.30,3.31,6000,19880.00
2021-04-01,3.24,3.24,3.24,3.24,1000,3240.00
2021-04-06,3.24,3.24,3.24,3.24,1000,3240.00
2021-04-07,3.36,3.36,3.36,3.36,500,1680.00
2021-04-13,3.37,4.36,3.37,4.36,67500,273910.00
2021-04-14,4.36,4.36,4.36,4.36,1000,4360.00
2021-04-22,4.48,4.48,4.48,4.48,100,449.00
2021-04-23,4.48,4.48,4.48,4.48,100,449.00
2021-04-26,4.48,4.50,4.48,4.50,5000,22480.00
2021-04-27,4.41,4.58,4.40,4.53,6100,27098.00
2021-04-28,4.57,4.57,4.57,4.57,200,914.00
2021-05-14,4.57,4.60,4.57,4.59,4000,18350.00
2021-05-18,4.59,4.60,4.50,4.58,8000,36630.00
2021-05-20,4.71,4.73,4.60,4.69,11000,51570.00
2021-06-09,4.82,4.84,4.82,4.83,7000,33820.00
2021-06-10,4.76,4.76,4.75,4.75,6000,28510.00
2021-06-17,4.76,4.82,4.76,4.79,16900,81171.20
2021-06-28,4.84,4.98,4.84,4.98,15000,73430.00
2021-06-30,5.02,5.03,5.02,5.03,3000,15080.00
2021-07-02,4.92,5.03,4.91,5.03,17900,88779.00
2021-07-09,5.11,5.21,5.11,5.15,18000,92750.00
2021-07-20,5.06,5.06,5.04,5.05,5000,25230.00
2021-07-21,4.90,4.90,4.89,4.89,4000,19570.00
2021-07-22,4.75,4.75,4.71,4.71,5000,23710.00
2021-07-23,4.71,4.83,4.71,4.79,9000,43070.00
2021-07-27,4.94,4.98,4.94,4.96,4200,20878.00
2021-07-28,5.10,5.10,5.10,5.10,5400,27540.00
2021-07-29,5.20,5.20,5.20,5.20,3000,15600.00
2021-08-02,5.25,5.26,5.25,5.26,4000,21030.00
2021-08-03,5.41,5.42,5.40,5.40,6000,32470.00
2021-08-04,5.59,5.59,5.59,5.59,100,559.00
2021-08-06,5.61,5.61,5.59,5.59,2000,11200.00
2021-08-09,5.61,5.62,5.61,5.62,4000,22470.00
2021-08-10,5.75,5.79,5.75,5.79,2000,11540.00
2021-08-13,5.98,5.99,5.85,5.86,13000,76680.00
2021-08-17,5.98,5.99,5.98,5.99,4000,23950.00
2021-08-18,5.97,5.97,5.95,5.96,5000,29790.00
2021-08-19,5.96,5.96,5.95,5.95,7700,46084.90
2021-08-24,5.99,6.07,5.99,6.04,5000,30200.00
2021-08-30,5.98,5.98,5.95,5.96,6000,35770.00
2021-09-01,5.82,5.82,5.80,5.81,6000,34840.00
2021-09-06,5.95,6.46,5.95,6.35,32300,201324.36
2021-09-07,6.57,6.58,6.57,6.57,5300,34851.00
2021-09-08,6.46,6.75,6.45,6.64,6500,43145.00
2021-09-09,6.83,6.93,6.83,6.93,2000,13531.31
2021-09-10,6.93,7.26,6.79,7.26,17900,124506.00
2021-09-13,7.37,7.56,7.37,7.56,8000,59590.00
2021-09-15,7.59,7.59,7.59,7.59,1000,7590.00
2021-09-16,7.41,7.41,7.41,7.41,6000,44460.00
2021-09-17,7.20,7.20,6.97,7.10,14000,99080.00
2021-09-22,7.11,7.61,7.11,7.58,12300,91293.00
2021-09-23,7.43,7.56,7.24,7.25,10600,78184.00
2021-09-24,7.24,7.53,7.24,7.52,3000,22270.00
2021-09-28,7.19,7.19,7.16,7.18,5000,35872.81
2021-09-29,7.47,7.48,7.47,7.48,3000,22430.00
2021-09-30,7.51,7.52,7.28,7.52,7400,55313.00
2021-10-08,7.19,7.19,7.19,7.19,1000,7190.00
2021-10-11,7.18,7.18,7.16,7.16,7800,55894.00
2021-10-12,6.95,6.95,6.75,6.75,8200,56910.00
2021-10-13,7.00,7.00,7.00,7.00,2200,15400.00
2021-10-14,7.00,7.01,6.93,6.97,174100,1213181.00
2021-10-15,7.00,7.26,6.93,7.10,77000,545520.00
2021-10-18,7.22,7.23,7.20,7.21,23600,170248.39
2021-10-19,7.25,7.26,7.25,7.26,9000,65310.00
2021-10-20,7.10,7.26,7.08,7.18,98000,700820.00
2021-10-22,7.14,7.30,7.12,7.13,32000,229440.00
2021-10-25,7.06,7.29,7.06,7.24,22000,159200.00
2021-10-27,6.97,7.20,6.95,6.97,4100,28560.00
2021-10-28,6.96,6.96,6.95,6.96,10000,69550.00
2021-10-29,6.86,6.94,6.75,6.93,14000,95300.00
2021-11-01,6.94,7.39,6.77,7.34,208000,1461427.88
2021-11-02,7.08,7.08,7.08,7.08,1000,7080.00
2021-11-04,7.12,7.12,7.10,7.10,16000,113780.00
2021-11-05,7.00,7.00,7.00,7.00,5000,35000.00
2021-11-10,6.94,6.97,6.94,6.94,5500,38185.00
2021-11-15,6.92,6.99,6.24,6.45,169700,1110542.50
2021-11-16,6.66,6.68,6.66,6.67,1500,10000.00
2021-11-17,6.40,6.67,6.40,6.67,400,2641.00
2021-11-19,6.67,6.67,6.40,6.67,900,5976.00
2021-11-23,6.67,6.67,6.67,6.67,200,1334.00
2021-11-24,6.67,6.67,6.39,6.52,3000,19710.00
2021-11-25,6.67,6.67,6.67,6.67,500,3335.00
2021-11-26,6.67,6.68,6.67,6.68,6000,40070.00
2021-11-29,6.72,6.99,6.72,6.99,13500,92006.42
2021-11-30,6.99,7.88,6.99,7.76,50500,375850.59
2021-12-01,7.89,7.93,7.89,7.90,1100,8952.62
2021-12-02,7.58,7.58,7.56,7.56,3700,27990.00
2021-12-03,7.56,7.56,7.06,7.22,28400,207247.95
2021-12-06,7.40,7.40,7.03,7.03,14300,101708.00
2021-12-08,6.82,6.91,6.80,6.84,3400,23249.00
2021-12-09,6.99,7.39,6.98,7.37,35200,250429.08
2021-12-10,7.38,7.68,7.30,7.68,222600,1361754.63
2021-12-14,7.71,7.73,7.65,7.73,6000,46160.00
2021-12-16,7.51,7.75,7.50,7.75,1132200,6796435.00
2021-12-17,7.73,7.74,7.42,7.62,210600,1281344.00
2021-12-22,7.72,7.77,7.69,7.73,14900,115235.00
2021-12-23,8.01,8.01,8.01,8.01,1000,8010.00
2021-12-29,8.01,8.99,8.01,8.68,62100,533209.94
2021-12-30,8.60,8.60,8.18,8.43,27300,230263.00
2021-12-31,8.54,8.55,8.54,8.54,4000,34170.00
2022-01-04,8.89,9.26,8.81,9.02,66200,603278.81
2022-01-05,9.14,9.14,9.14,9.14,1500,13725.00
2022-01-06,9.14,9.20,9.03,9.13,24600,225092.20
2022-01-07,8.79,8.79,8.79,8.79,400,3516.00
2022-01-10,8.79,8.79,8.79,8.79,1400,12306.00
2022-01-11,9.17,9.17,9.17,9.17,500,4585.00
2022-01-19,8.79,8.91,8.74,8.89,14000,123800.00
2022-01-20,9.21,9.21,9.21,9.21,200,1842.00
2022-01-21,8.79,8.79,8.18,8.26,40200,337378.00
2022-01-24,8.59,9.68,8.59,9.21,42100,391322.34
2022-01-25,9.20,10.02,9.20,10.02,61300,595787.06
2022-01-26,10.02,10.31,10.02,10.30,6900,69971.00
2022-01-27,10.33,10.34,10.01,10.01,4600,46363.52
2022-01-28,10.49,10.55,10.49,10.52,11500,120975.00
2022-02-07,10.93,11.30,10.93,11.30,9600,106359.93
2022-02-08,11.31,11.31,11.04,11.04,11300,126344.88
2022-02-09,11.56,11.56,11.03,11.03,1200,13351.00
2022-02-10,11.55,11.56,11.04,11.04,4500,51147.32
2022-02-11,11.05,11.53,11.05,11.53,600,6678.00
2022-02-14,11.04,11.59,11.04,11.58,6100,70544.00
2022-02-15,11.09,11.57,11.02,11.40,22200,248342.44
2022-02-17,11.54,11.55,11.02,11.55,3500,40140.00
2022-02-18,11.54,11.54,11.54,11.54,1000,11540.00
2022-02-21,11.03,11.03,11.02,11.02,2300,25356.00
2022-02-22,11.54,11.54,11.54,11.54,300,3462.00
2022-02-23,11.55,11.55,11.02,11.02,5600,62018.45
2022-02-24,10.99,11.03,10.26,10.39,25000,266567.00
2022-02-25,10.45,10.73,10.31,10.31,7600,79162.00
2022-02-28,10.31,10.45,10.26,10.36,23600,244148.00
2022-03-01,10.28,10.28,10.22,10.25,7200,73826.00
2022-03-03,9.93,9.93,9.93,9.93,2000,19860.00
2022-03-04,9.93,9.93,9.93,9.93,3000,29790.00
2022-03-09,9.79,9.79,8.60,8.96,37000,341754.00
2022-03-10,9.27,9.27,9.27,9.27,7500,69525.00
2022-03-11,9.14,9.27,9.13,9.26,4000,36932.42
2022-03-14,8.93,8.93,8.83,8.88,2600,23078.00
2022-03-15,8.83,8.84,8.71,8.71,9500,83730.00
2022-03-16,8.55,8.93,8.49,8.80,20800,180054.80
2022-03-17,8.92,8.93,8.92,8.93,4400,39282.00
2022-03-18,9.22,9.22,9.22,9.22,100,923.00
2022-03-21,9.24,9.31,9.01,9.03,19300,176766.88
2022-03-22,9.01,9.01,7.94,8.80,71800,611096.38
2022-03-23,8.50,8.89,8.45,8.85,36800,321282.47
2022-03-24,8.77,8.77,8.77,8.77,3000,26310.00
2022-03-25,8.72,8.72,8.72,8.72,1000,8720.00
2022-03-29,8.68,8.68,8.68,8.68,1000,8680.00
2022-03-30,9.08,9.14,9.00,9.09,14800,134129.00
2022-03-31,9.14,9.14,9.14,9.14,3000,27450.00
2022-04-01,9.01,9.01,9.01,9.01,100,901.00
2022-04-06,9.43,9.43,9.43,9.43,1000,9440.00
2022-04-08,9.01,9.10,9.01,9.07,2000,18120.00
2022-04-11,9.01,9.41,9.00,9.41,11200,103790.00
2022-04-12,9.02,9.45,9.01,9.01,2100,18975.00
2022-04-13,9.01,9.01,8.89,9.00,6000,53860.00
2022-04-14,9.09,9.12,9.09,9.10,5000,45540.00
2022-04-15,9.01,9.01,8.99,9.00,3300,29707.00
2022-04-18,8.89,8.89,8.55,8.62,13400,117268.00
2022-04-19,8.67,8.85,8.67,8.85,1900,16635.00
2022-04-20,8.50,8.50,8.50,8.50,1500,12750.00
2022-04-21,8.87,8.87,8.37,8.37,7000,60240.00
2022-04-22,8.35,8.72,8.35,8.58,12000,101850.00
2022-04-25,8.35,8.35,8.27,8.27,5000,41610.00
2022-04-26,8.03,8.03,8.00,8.01,4200,33646.00
2022-04-27,7.99,7.99,7.75,7.77,6100,47618.00
2022-04-28,7.59,7.75,7.58,7.75,7000,53270.00
2022-05-05,7.45,7.75,7.03,7.07,21800,158323.00
2022-05-06,7.10,7.10,7.03,7.05,8000,56441.80
2022-05-09,7.00,7.10,7.00,7.10,58900,414230.00
2022-05-10,7.03,7.07,6.97,7.00,2100,14707.00
2022-05-11,7.00,7.00,7.00,7.00,1000,7000.00
2022-05-12,6.73,6.76,6.72,6.75,6700,45185.00
2022-05-13,6.75,7.06,6.75,7.06,34100,232403.00
2022-05-16,7.06,7.07,7.06,7.06,6100,43071.00
2022-05-17,7.06,7.06,7.06,7.06,1000,7060.00
2022-05-20,7.05,7.07,7.04,7.05,10000,70580.00
2022-05-23,7.07,7.10,7.07,7.08,11000,77912.00
2022-05-24,7.20,7.21,7.18,7.19,38800,279408.00
2022-05-25,7.17,7.40,7.17,7.39,11700,85120.00
2022-05-26,7.40,7.40,7.40,7.40,200,1480.00
2022-05-27,7.38,7.40,7.36,7.39,13500,99730.00
2022-05-30,7.13,7.20,7.13,7.20,2300,16525.00
2022-05-31,7.13,7.40,7.13,7.37,4100,30083.00
2022-06-01,7.37,7.80,7.31,7.76,63300,480025.91
2022-06-02,7.50,8.29,7.50,8.25,39700,320133.00
2022-06-06,8.25,8.31,7.90,8.27,18900,152342.00
2022-06-07,8.20,8.20,8.20,8.20,400,3280.00
2022-06-08,8.24,8.24,7.83,7.83,8500,67132.00
2022-06-09,7.98,7.98,7.98,7.98,100,798.00
2022-06-10,7.60,8.06,7.60,7.91,20300,160649.56
2022-11-09,8.50,10.99,8.50,9.77,13023483,122312552.00
2022-11-10,9.02,9.44,8.71,8.71,7570844,67849280.00
2022-11-11,8.82,9.26,8.55,8.82,5736218,50940280.00
2022-11-14,8.70,8.82,8.33,8.40,3672414,31430078.00
2022-11-15,8.34,8.46,8.11,8.30,2918068,24103410.00
2022-11-16,8.29,8.34,8.13,8.19,1744758,14332086.00
2022-11-17,8.18,8.35,8.18,8.33,1767902,14647785.00
2022-11-18,8.30,8.32,8.00,8.03,3055888,24729994.00
2022-11-21,8.20,8.30,8.10,8.18,1635647,13424474.00
2022-11-22,8.10,8.12,7.95,7.98,1598334,12812086.00
2022-11-23,8.00,8.00,7.82,7.93,1181835,9302798.00
2022-11-24,7.84,7.93,7.82,7.85,586926,4616976.00
2022-11-25,7.90,7.91,7.79,7.80,447200,3505641.50
2022-11-28,7.79,7.79,7.65,7.65,747489,5743516.50
2022-11-29,7.65,7.72,7.60,7.66,582042,4454256.00
2022-11-30,7.69,7.88,7.65,7.76,791257,6141619.50
2022-12-01,7.81,8.06,7.77,8.03,1710588,13534320.00
2022-12-02,7.96,8.06,7.88,7.90,606338,4825058.50
2022-12-05,7.92,7.92,7.78,7.80,651723,5099789.50
2022-12-06,7.80,7.80,7.65,7.65,661145,5092500.00
2022-12-07,7.70,7.70,7.60,7.65,369544,2825006.75
2022-12-08,7.62,8.03,7.51,8.00,2526695,19690064.00
2022-12-09,7.85,7.92,7.79,7.82,500615,3922169.00
2022-12-12,7.82,7.82,7.58,7.60,591837,4524049.00
2022-12-13,7.61,7.64,7.57,7.59,161907,1229516.00
2022-12-14,7.58,7.62,7.57,7.58,154267,1171126.25
2022-12-15,7.58,7.60,7.47,7.51,379562,2851420.00
2022-12-16,7.49,7.49,7.22,7.27,829643,6084500.50
2022-12-19,7.28,7.28,7.09,7.13,285202,2035465.25
2022-12-20,7.13,7.15,7.01,7.11,153739,1086533.88
2022-12-21,7.09,7.09,6.91,6.92,222463,1555720.25
2022-12-22,6.92,7.00,6.83,6.85,198531,1369272.75
2022-12-23,6.50,6.95,6.50,6.75,163378,1099856.50
2022-12-26,6.68,6.74,6.59,6.69,86943,580246.13
2022-12-27,6.63,6.73,6.60,6.66,133288,886626.38
2022-12-28,6.63,6.72,6.58,6.65,116218,776078.13
2022-12-29,6.65,6.71,6.61,6.63,158314,1054378.00
2022-12-30,6.70,6.70,6.61,6.61,75716,502109.34
2023-01-03,6.61,6.70,6.59,6.60,338852,2249670.00
2023-01-04,6.65,6.80,6.65,6.66,378099,2537147.00
2023-01-05,6.68,6.74,6.60,6.66,216501,1438650.88
2023-01-06,6.67,6.70,6.61,6.65,165553,1099723.75
2023-01-09,6.60,6.66,6.56,6.65,215630,1424300.25
2023-01-10,6.58,6.65,6.56,6.59,128894,849278.00
2023-01-11,6.60,6.60,6.54,6.54,118244,776325.44
2023-01-12,6.53,6.55,6.51,6.55,165165,1077241.63
2023-01-13,6.54,6.58,6.53,6.55,126481,829188.63
2023-01-16,6.59,6.62,6.56,6.58,205489,1353543.88
2023-01-17,6.64,6.64,6.58,6.63,96987,640606.56
2023-01-18,6.63,6.67,6.60,6.66,137795,916432.81
2023-01-19,6.65,6.67,6.63,6.66,137126,911188.06
2023-01-20,6.66,6.82,6.65,6.78,219721,1479688.00
2023-01-30,6.89,6.89,6.80,6.84,284406,1946073.13
2023-01-31,6.85,8.78,6.83,8.76,6454050,52587904.00
2023-02-01,8.77,8.88,8.14,8.44,5271441,44397376.00
2023-02-02,8.36,8.40,7.75,7.80,3395806,26800326.00
2023-02-03,7.80,7.84,7.62,7.71,1404210,10833288.00
2023-02-06,7.65,7.73,7.59,7.64,744995,5698715.00
2023-02-07,7.64,7.73,7.53,7.67,979552,7466950.50
2023-02-08,7.70,7.77,7.65,7.67,522725,4023564.00
2023-02-09,7.67,7.71,7.58,7.65,848444,6488486.50
2023-02-10,7.67,7.70,7.61,7.65,438599,3360963.50
2023-02-13,7.70,7.85,7.70,7.78,870273,6774427.50
2023-02-14,7.75,7.75,7.62,7.66,667730,5124467.50
2023-02-15,7.67,7.74,7.62,7.64,399289,3060986.00
2023-02-16,7.70,7.79,7.30,7.42,832148,6342451.00
2023-02-17,7.40,7.47,7.31,7.33,510656,3760259.75
2023-02-20,7.39,7.40,7.33,7.37,260876,1921192.88
2023-02-21,7.37,7.43,7.32,7.34,219097,1615224.25
2023-02-22,7.33,7.37,7.32,7.34,102899,755146.38
2023-02-23,7.35,7.35,7.17,7.20,407027,2941326.50
2023-02-24,7.20,7.27,7.19,7.25,142159,1027345.38
2023-02-27,7.23,7.26,7.16,7.16,133744,962258.06
2023-02-28,7.13,7.17,7.10,7.16,207213,1478869.50
2023-03-01,7.18,7.20,7.15,7.18,199537,1432036.38
2023-03-02,7.20,7.23,7.13,7.18,218593,1568921.25
2023-03-03,7.14,7.18,7.06,7.12,223791,1591324.75
2023-03-06,7.13,7.13,7.06,7.08,87967,624620.00
2023-03-07,7.08,7.14,6.88,6.99,258910,1821031.63
2023-03-08,7.04,7.04,6.94,6.95,113836,793878.88
2023-03-09,7.03,7.03,6.89,6.96,188451,1305464.63
2023-03-10,6.90,6.94,6.83,6.83,162070,1115472.00
2023-03-13,6.88,6.88,6.71,6.78,249671,1686457.25
2023-03-14,6.79,6.79,6.71,6.73,108743,731961.69
2023-03-15,6.75,6.76,6.64,6.74,179107,1203982.38
2023-03-16,6.67,6.73,6.63,6.67,242542,1615363.00
2023-03-17,6.67,6.72,6.67,6.71,136494,915082.88
2023-03-20,6.68,6.73,6.66,6.71,153678,1028612.88
2023-03-21,6.67,6.86,6.67,6.83,284551,1920000.50
2023-03-22,6.77,7.12,6.77,7.02,492812,3458167.00
2023-03-23,7.02,7.02,6.95,6.97,240326,1677936.13
2023-03-24,6.97,7.56,6.97,7.40,1903744,14075141.00
2023-03-27,7.40,7.40,7.15,7.22,993088,7191541.50
2023-03-28,7.20,7.23,7.01,7.09,452311,3219412.75
2023-03-29,7.03,7.35,7.01,7.19,673408,4851551.50
2023-03-30,7.13,7.20,7.02,7.08,433267,3071017.75
2023-03-31,7.07,7.12,7.02,7.05,284183,2007403.00
2023-04-03,7.03,7.10,6.99,7.03,414259,2911581.00
2023-04-04,7.02,7.05,6.98,7.03,351341,2462043.50
2023-04-06,7.00,7.03,6.97,7.00,225089,1574302.00
2023-04-07,7.03,7.08,7.00,7.05,221351,1561149.50
2023-04-10,7.05,7.06,6.98,7.04,156712,1101010.75
2023-04-11,7.04,7.06,6.97,7.02,117212,821426.75
2023-04-12,7.00,7.03,6.97,7.01,187260,1310382.88
2023-04-13,7.01,7.02,6.84,6.84,249407,1726690.00
2023-04-14,6.88,6.88,6.79,6.83,149065,1018231.69
2023-04-17,6.81,6.85,6.78,6.84,130021,886450.00
2023-04-18,6.80,6.85,6.79,6.80,55461,377458.69
2023-04-19,6.87,6.87,6.80,6.81,94442,644970.56
2023-04-20,6.91,6.91,6.77,6.81,69152,471103.81
2023-04-21,6.72,6.83,6.66,6.78,104064,703632.88
2023-04-24,6.65,6.84,6.65,6.78,261708,1762592.88
2023-04-25,6.72,6.72,6.65,6.68,162188,1081255.75
2023-04-26,6.72,6.72,6.62,6.68,124271,828809.00
2023-04-27,6.70,6.70,6.64,6.68,45150,301281.81
2023-04-28,7.15,7.32,6.97,7.14,1086283,7815074.00
2023-05-04,7.03,7.48,7.03,7.33,985296,7145460.50
2023-05-05,7.20,8.10,7.19,8.04,2802838,21714072.00
2023-05-08,8.10,8.16,7.70,8.01,1924748,15250532.00
2023-05-09,7.94,8.03,7.50,7.55,1306205,10088388.00
2023-05-10,7.53,7.53,7.28,7.34,918457,6740213.50
2023-05-11,7.25,7.55,7.25,7.47,557553,4134613.75
2023-05-12,7.45,7.99,7.41,7.78,1503891,11710697.00
2023-05-15,7.72,8.38,7.72,7.92,2015315,16400437.00
2023-05-16,7.81,8.40,7.81,8.08,2020311,16528891.00
2023-05-17,8.06,8.15,7.87,7.99,1194159,9539170.00
2023-05-18,7.94,8.45,7.94,8.21,2145986,17802884.00
2023-05-19,8.30,8.30,8.02,8.09,1387362,11209352.00
2023-05-22,8.04,8.16,7.88,7.97,1281976,10249753.00
2023-05-23,7.95,8.12,7.93,8.05,963077,7735621.00
2023-05-24,8.10,10.18,8.00,8.75,6328934,57220884.00
2023-05-25,8.49,8.63,8.17,8.38,4513766,37821068.00
2023-05-26,8.36,8.58,8.01,8.29,2537530,20842734.00
2023-05-29,8.30,8.30,8.02,8.02,1283113,10428049.00
2023-05-30,8.03,8.19,8.03,8.16,1240332,10066546.00
2023-05-31,8.06,8.18,7.99,8.08,970894,7827763.50
2023-06-01,8.03,8.29,8.03,8.15,1122625,9160274.00
2023-06-02,8.22,8.22,8.09,8.17,820209,6672540.50
2023-06-05,8.10,8.23,8.03,8.05,558581,4511954.00
2023-06-06,8.07,8.10,7.85,7.85,797893,6355241.50
2023-06-07,7.90,7.90,7.68,7.70,1071244,8291293.50
2023-06-08,7.70,7.71,7.58,7.60,526936,4019501.00
2023-06-09,7.70,7.71,7.60,7.66,310427,2374159.75
2023-06-12,7.62,7.71,7.52,7.66,296427,2257754.75
2023-06-13,7.64,7.69,7.57,7.64,223212,1705776.25
2023-06-14,7.62,7.75,7.62,7.62,265294,2039064.00
2023-06-15,7.63,7.71,7.45,7.60,298811,2278694.75
2023-06-16,7.61,8.04,7.61,7.87,1040937,8204270.00
2023-06-19,7.79,8.08,7.79,8.03,743398,5937307.50
2023-06-20,8.05,8.12,7.84,7.90,829393,6598281.00
2023-06-21,7.77,7.96,7.60,7.90,1042536,8126790.50
2023-06-26,7.86,8.43,7.81,8.16,2024266,16523243.00
2023-06-27,8.02,8.12,7.86,8.03,769840,6133287.00
2023-06-28,8.00,8.07,7.81,7.89,572313,4520930.00
2023-06-29,7.86,8.36,7.86,8.24,1476286,12130588.00
2023-06-30,8.20,8.86,8.20,8.44,1587269,13548373.00
2023-07-03,8.40,8.50,8.15,8.26,1172209,9730598.00
2023-07-04,8.26,8.38,8.20,8.32,524695,4353184.50
2023-07-05,8.36,8.68,8.34,8.47,1154637,9829724.00
2023-07-06,8.67,9.17,8.67,8.81,2125519,18994254.00
2023-07-07,8.95,9.20,8.67,8.93,1873200,16705528.00
2023-07-10,9.07,9.07,8.26,8.26,1726143,14723359.00
2023-07-11,8.12,8.35,8.12,8.12,741222,6064834.00
2023-07-12,8.19,8.19,7.80,7.84,1082408,8607133.00
2023-07-13,7.85,7.96,7.79,7.89,560901,4420716.50
2023-07-14,7.98,8.30,7.81,8.06,856962,6904743.50
2023-07-17,8.19,8.19,7.99,8.02,434799,3497508.75
2023-07-18,7.99,8.17,7.99,8.06,339594,2741192.00
2023-07-19,8.01,8.11,7.87,7.92,513665,4065446.75
2023-07-20,7.90,7.94,7.83,7.84,226203,1783275.75
2023-07-21,7.98,7.98,7.82,7.87,266024,2100157.75
2023-07-24,7.81,7.99,7.81,7.85,206039,1621528.63
2023-07-25,7.95,7.98,7.86,7.97,418063,3307560.75
2023-07-26,8.02,8.05,7.89,7.93,250455,1994343.00
2023-07-27,7.93,8.00,7.91,7.96,159524,1266612.63
2023-07-28,7.90,8.00,7.81,7.96,220951,1749732.25
2023-07-31,8.04,8.04,7.90,7.91,265293,2110683.25
2023-08-01,7.91,7.93,7.78,7.86,361496,2837700.75
2023-08-02,7.80,7.91,7.80,7.86,181387,1423322.25
2023-08-03,7.82,7.85,7.75,7.83,366742,2857687.25
2023-08-04,7.83,8.02,7.78,8.00,622126,4930467.50
2023-08-07,8.03,8.04,7.81,7.90,397167,3137905.25
2023-08-08,7.83,7.91,7.83,7.85,132508,1039748.81
2023-08-09,7.89,7.89,7.77,7.85,165167,1290038.50
2023-08-10,7.79,7.90,7.79,7.87,139000,1089077.75
2023-08-11,7.81,7.89,7.73,7.80,181957,1417504.88
2023-08-14,7.81,7.82,7.73,7.81,94307,732112.50
2023-08-15,7.74,7.80,7.65,7.71,251735,1939237.13
2023-08-16,7.70,7.70,7.61,7.61,104047,794011.13
2023-08-17,7.70,7.71,7.59,7.67,63611,486999.66
2023-08-18,7.62,7.67,7.50,7.50,172511,1309050.75
2023-08-21,7.57,7.57,7.45,7.45,93717,703297.19
2023-08-22,7.45,7.46,7.33,7.40,204392,1508284.63
2023-08-23,7.44,7.44,7.27,7.28,96112,703484.75
2023-08-24,7.22,7.30,7.22,7.28,110812,804296.00
2023-08-25,7.12,7.25,6.89,6.90,264771,1866678.38
2023-08-28,7.08,7.49,7.00,7.02,319234,2272720.75
2023-08-29,7.08,7.38,6.96,7.30,281655,2013655.88
2023-08-30,7.01,7.18,6.85,6.95,992793,6866046.00
2023-08-31,6.89,6.89,6.71,6.81,355963,2413680.75
2023-09-01,6.81,6.99,6.81,6.95,411544,2860079.00
2023-09-04,7.10,7.62,7.10,7.48,1303270,9665566.00
2023-09-05,7.42,7.48,7.19,7.38,657909,4818207.00
2023-09-06,7.42,7.42,7.24,7.33,459042,3350622.75
2023-09-07,7.28,7.30,7.10,7.20,229045,1648951.25
2023-09-08,7.19,7.19,7.11,7.11,52934,377618.44
2023-09-11,7.13,7.13,7.09,7.11,175816,1250409.00
2023-09-12,7.10,7.10,7.02,7.07,127156,898724.13
2023-09-13,7.07,7.07,6.91,6.97,97662,681932.00
2023-09-14,6.97,6.98,6.85,6.96,244786,1688259.50
2023-09-15,6.95,6.95,6.75,6.85,185458,1267080.50
2023-09-18,6.79,6.89,6.79,6.84,97933,670597.56
2023-09-19,6.83,6.83,6.76,6.82,63058,427596.00
2023-09-20,6.86,6.87,6.82,6.82,89587,613911.25
2023-09-21,6.86,6.88,6.79,6.84,155856,1069844.13
2023-09-22,6.79,6.97,6.79,6.96,88852,612172.81
2023-09-25,6.91,6.98,6.68,6.76,418166,2827158.25
2023-09-26,6.76,6.76,6.65,6.65,116499,777259.75
2023-09-27,6.60,6.76,6.60,6.73,135545,903910.69
2023-09-28,6.76,6.82,6.73,6.81,185927,1259582.38
2023-10-09,6.81,6.81,6.60,6.67,149068,996512.88
2023-10-10,6.71,6.71,6.62,6.64,39179,260580.06
2023-10-11,6.63,6.77,6.60,6.74,129183,859921.19
2023-10-12,6.70,6.75,6.64,6.75,73107,489521.09
2023-10-13,6.67,6.72,6.64,6.66,35689,237825.34
2023-10-16,6.70,6.70,6.60,6.65,73210,484562.16
2023-10-17,6.67,6.67,6.57,6.60,18149,119550.22
2023-10-18,6.57,6.57,6.40,6.46,80364,521974.22
2023-10-19,6.51,6.53,6.44,6.48,21972,142588.25
2023-10-20,6.42,6.44,6.28,6.34,102045,649148.00
2023-10-23,6.29,6.31,6.16,6.16,115177,718347.13
2023-10-24,6.22,6.24,6.16,6.23,28760,178039.77
2023-10-25,6.27,6.41,6.27,6.34,37515,237980.03
2023-10-26,6.28,6.37,6.26,6.33,88050,555130.75
2023-10-27,6.36,6.53,6.32,6.51,213997,1380899.50
2023-10-30,6.47,6.54,6.45,6.51,141833,920175.38
2023-10-31,6.46,6.46,6.18,6.21,321363,2006900.50
2023-11-01,6.21,6.24,6.10,6.12,178650,1101128.25
2023-11-02,6.07,6.17,6.07,6.11,85320,521948.75
2023-11-03,6.08,6.17,6.00,6.13,296233,1808508.50
2023-11-06,6.16,6.22,6.11,6.21,344743,2125605.75
2023-11-07,6.23,6.29,6.19,6.28,159939,997646.38
2023-11-08,6.28,7.38,6.24,6.77,1424066,9798114.00
2023-11-09,6.71,7.38,6.60,6.94,1272974,8989719.00
2023-11-10,6.88,6.88,6.51,6.68,766316,5099591.00
2023-11-13,6.62,6.70,6.55,6.70,359480,2385277.75
2023-11-14,6.70,7.18,6.65,6.95,645467,4462661.50
2023-11-15,6.98,7.08,6.85,6.93,722128,5025976.00
2023-11-16,6.90,6.97,6.75,6.78,340735,2320022.50
2023-11-17,6.77,6.82,6.74,6.82,233040,1580805.38
2023-11-20,6.87,7.08,6.80,7.05,936094,6540529.00
2023-11-21,7.04,8.10,7.04,7.51,3091810,23697812.00
2023-11-22,7.45,8.69,7.40,8.51,5569824,45016720.00
2023-11-23,8.59,9.18,8.05,8.23,5763454,49680216.00
2023-11-24,8.06,9.98,8.06,9.79,6633905,61131356.00
2023-11-27,10.30,12.72,9.92,12.35,9930943,114077584.00
2023-11-28,11.11,12.50,10.68,11.02,6536243,75202688.00
2023-11-29,11.11,11.64,9.94,10.06,4853011,52565216.00
2023-11-30,10.01,11.31,9.73,10.57,3341418,35649880.00
2023-12-01,10.31,10.99,9.89,10.30,2385355,25043914.00
2023-12-04,10.15,10.21,9.55,9.63,2247103,22065302.00
2023-12-05,9.55,10.98,9.50,10.51,3669307,37814528.00
2023-12-06,10.58,11.22,10.40,10.71,2594457,27887150.00
2023-12-07,10.70,12.15,10.41,11.43,3442787,39159596.00
2023-12-08,11.70,14.85,11.70,13.50,6986086,93855504.00
2023-12-11,12.80,14.30,12.08,14.00,5792973,74811664.00
2023-12-12,14.03,17.77,13.60,16.68,8174236,129169016.00
2023-12-13,15.52,17.75,15.48,16.25,7651559,125121448.00
2023-12-14,15.61,16.66,15.01,15.29,6386019,101971096.00
2023-12-15,14.95,16.50,14.10,16.01,6626736,101452800.00
2023-12-18,15.70,16.14,15.25,15.60,4660200,73088168.00
2023-12-19,15.48,15.64,14.80,15.62,3464211,53007876.00
2023-12-20,15.62,16.65,15.48,16.01,4354318,70411936.00
2023-12-21,16.17,16.48,12.80,13.01,4314585,63353056.00
2023-12-22,12.88,13.68,12.70,13.34,2576376,33915268.00
2023-12-25,13.21,14.10,13.17,13.98,2691462,37020800.00
2023-12-26,13.90,14.30,13.02,13.94,2965554,40998708.00
2023-12-27,14.00,15.75,13.79,15.44,5276297,78155792.00
2023-12-28,15.44,15.87,14.51,14.90,4510497,67975360.00
2023-12-29,14.90,16.96,14.61,16.38,6142054,98745008.00
2024-01-02,16.20,18.55,15.85,17.40,6757299,115770504.00
2024-01-03,17.40,22.49,17.11,18.81,11213503,218569024.00
2024-01-04,18.18,21.30,18.00,19.42,8570187,168804816.00
2024-01-05,19.34,19.61,16.96,17.00,7543342,138039456.00
2024-01-08,16.65,17.69,15.77,15.83,4970419,84397992.00
2024-01-09,16.65,18.82,15.96,16.90,6689069,114713392.00
2024-01-10,16.06,16.75,15.33,15.97,5119166,81898944.00
2024-01-11,15.80,16.73,15.20,16.66,5764947,93555400.00
2024-01-12,16.31,16.63,13.73,13.90,5920285,89699240.00
2024-01-15,13.92,14.10,12.78,12.78,3765873,50674692.00
2024-01-16,13.05,14.17,12.11,13.89,5630541,74757136.00
2024-01-17,13.80,15.18,13.62,14.06,5842655,84293536.00
2024-01-18,14.10,16.58,13.50,16.50,6985904,104401216.00
2024-01-19,16.50,17.26,16.05,16.52,5708635,94410968.00
2024-01-22,16.65,17.60,15.42,16.56,5481886,92323536.00
2024-01-23,16.13,17.29,15.80,17.20,4738667,79327904.00
2024-01-24,17.03,17.36,16.17,16.46,3854905,64154632.00
2024-01-25,16.40,16.40,14.80,14.83,4817362,74213856.00
2024-01-26,14.50,15.55,14.22,14.32,3436325,51092700.00
2024-01-29,14.17,14.46,12.66,12.75,2959377,39256304.00
2024-01-30,12.51,13.50,12.10,13.22,2322156,29729850.00
2024-01-31,13.20,14.49,13.10,13.63,3903536,53711924.00
2024-02-01,13.56,14.25,12.71,12.80,3507625,47349752.00
2024-02-02,12.81,13.30,11.20,11.78,3144773,38677220.00
2024-02-05,11.52,12.45,10.73,11.56,3065580,35539616.00
2024-02-06,11.33,12.74,11.33,12.58,3334138,40873140.00
2024-02-07,12.72,13.19,11.70,11.91,3481746,43703740.00
2024-02-08,11.42,11.78,10.00,10.82,3549386,38624572.00
2024-02-19,11.20,11.95,11.08,11.88,3471350,40284344.00
2024-02-20,11.72,15.00,11.18,13.58,6541565,87899560.00
2024-02-21,12.85,13.63,12.69,13.30,4766484,62843432.00
2024-02-22,13.11,13.87,13.08,13.64,3650232,49139568.00
2024-02-23,13.78,13.93,12.98,13.13,3536215,46868216.00
2024-02-26,13.23,13.35,12.65,12.97,2670059,34749600.00
2024-02-27,12.86,13.88,12.78,13.80,4580661,61595716.00
2024-02-28,13.78,14.40,13.00,13.02,4172016,57043240.00
2024-02-29,12.80,13.57,12.65,13.48,3534295,46107164.00
2024-03-01,13.53,14.90,13.53,14.18,5630517,80022928.00
2024-03-04,14.02,14.60,13.20,13.47,4093960,55877812.00
2024-03-05,13.50,14.30,12.88,13.70,4482048,61425712.00
2024-03-06,13.34,14.09,13.09,13.92,3242773,44213912.00
2024-03-07,14.05,14.05,13.00,13.00,2772941,37409692.00
2024-03-08,13.14,13.31,12.67,12.69,1998349,25663960.00
2024-03-11,12.51,12.82,12.21,12.41,1902153,23536434.00
2024-03-12,12.53,12.53,12.05,12.11,1833716,22432454.00
2024-03-13,12.19,12.23,11.72,11.74,1645125,19636926.00
2024-03-14,11.88,11.88,11.12,11.31,2026226,23163918.00
2024-03-15,11.39,12.36,11.20,12.26,3645392,43484928.00
2024-03-18,12.17,12.40,11.85,12.18,3054409,36997252.00
2024-03-19,12.19,12.53,11.92,12.05,2001493,24370422.00
2024-03-20,12.10,12.35,11.93,12.25,2034756,24824616.00
2024-03-21,13.00,14.20,12.52,12.68,6396901,85268128.00
2024-03-22,12.01,12.24,11.82,12.10,4373126,52603200.00
2024-03-25,12.00,12.28,11.34,11.37,2121354,25088374.00
2024-03-26,11.40,11.74,10.80,10.95,2079345,23166840.00
2024-03-27,11.11,11.48,10.84,10.85,1992294,22262910.00
2024-03-28,10.94,11.18,10.72,10.95,1812307,19759156.00
2024-03-29,10.85,11.04,10.53,10.84,1349936,14496216.00
2024-04-01,10.86,10.98,10.69,10.85,1179442,12754398.00
2024-04-02,10.91,10.91,10.37,10.38,1352907,14275601.00
2024-04-03,10.49,10.50,9.95,10.00,896879,9074424.00
2024-04-08,10.04,10.04,9.35,9.37,1098307,10534426.00
2024-04-09,9.41,9.64,9.37,9.46,684577,6513703.00
2024-04-10,9.55,10.37,9.35,10.03,2524204,25302424.00
2024-04-11,9.98,10.12,9.63,9.66,1380658,13643453.00
2024-04-12,9.42,9.72,9.31,9.31,1123836,10626447.00
2024-04-15,9.28,9.38,8.62,8.70,1258037,11225162.00
2024-04-16,8.75,8.79,7.94,7.99,1034374,8468665.00
2024-04-17,8.20,8.74,8.20,8.52,1243382,10580473.00
2024-04-18,8.44,8.98,8.33,8.66,1659147,14500462.00
2024-04-19,8.55,8.69,8.21,8.25,1176663,9880655.00
2024-04-22,8.21,8.26,7.97,7.97,1095786,8843280.00
2024-04-23,8.06,8.68,8.00,8.34,1704531,14374752.00
2024-04-24,8.40,8.65,8.29,8.55,1278215,10871076.00
2024-04-25,8.55,8.55,8.28,8.30,1059454,8897959.00
2024-04-26,8.61,8.68,8.33,8.62,1273044,10848136.00
2024-04-29,8.66,9.10,8.57,8.96,1538166,13695693.00
2024-04-30,9.02,9.29,8.75,8.99,1274469,11498813.00
2024-05-06,9.09,9.25,8.76,8.87,1470719,13127336.00
2024-05-07,8.90,8.90,8.53,8.60,959562,8316640.00
2024-05-08,8.58,8.82,8.43,8.59,1026777,8834480.00
2024-05-09,8.52,8.66,8.50,8.55,783579,6715594.50
2024-05-10,8.55,8.56,8.26,8.33,687009,5752593.50
2024-05-13,8.30,8.43,8.18,8.23,482864,4005550.00
2024-05-14,8.30,8.57,8.27,8.34,944667,7935046.00
2024-05-15,8.51,9.59,8.50,9.37,5403919,49787492.00
2024-05-16,9.38,9.38,8.71,8.74,3437630,30707428.00
2024-05-17,8.80,8.89,8.44,8.58,1790416,15392381.00
2024-05-20,8.67,8.73,8.32,8.54,1160581,9892889.00
2024-05-21,8.62,8.88,8.51,8.76,1743207,15222389.00
2024-05-22,8.68,9.00,8.58,8.91,1754517,15488983.00
2024-05-23,8.71,9.70,8.53,9.19,4291120,39302784.00
2024-05-24,9.05,9.15,8.77,8.77,1854145,16561498.00
2024-05-27,8.79,8.82,8.58,8.76,1027091,8918045.00
2024-05-28,8.76,9.00,8.71,8.75,864070,7640105.00
2024-05-29,8.79,8.94,8.65,8.75,921037,8082153.50
2024-05-30,8.69,8.74,8.50,8.53,1214980,10459605.00
2024-05-31,8.62,8.95,8.62,8.69,1867503,16498700.00
2024-06-03,8.64,8.86,8.33,8.40,1421204,12143637.00
2024-06-04,8.36,8.40,8.07,8.17,1213032,9952974.00
2024-06-05,8.10,8.15,7.65,7.68,1737234,13584560.00
2024-06-06,7.74,7.85,7.20,7.21,1216853,9065578.00
2024-06-07,7.16,7.48,7.16,7.30,718867,5257702.00
2024-06-11,7.34,7.56,7.16,7.49,850032,6297178.50
2024-06-12,7.57,7.97,7.57,7.73,1248123,9751051.00
2024-06-13,7.68,7.83,7.60,7.62,830793,6379141.00
2024-06-14,7.62,7.77,7.58,7.74,740504,5699838.50
2024-06-17,7.70,7.71,7.49,7.52,545889,4152371.50
2024-06-18,7.58,7.58,7.39,7.50,581889,4353634.00
2024-06-19,7.57,8.59,7.50,8.05,3295123,26831258.00
2024-06-20,7.83,8.85,7.81,8.46,4056252,33799116.00
2024-06-21,8.30,9.58,8.25,9.24,4890938,44060504.00
2024-06-24,9.01,9.10,8.50,8.55,3040943,26430430.00
2024-06-25,8.42,8.98,8.40,8.59,2111175,18437658.00
2024-06-26,8.51,8.95,8.37,8.90,1851213,16111942.00
2024-06-27,8.82,9.09,8.38,8.44,2076833,18177024.00
2024-06-28,8.44,9.00,8.24,8.83,2804831,24676058.00
2024-07-01,8.80,9.44,8.78,9.13,2334092,21446592.00
2024-07-02,9.05,9.96,9.05,9.33,2576443,24547104.00
2024-07-03,9.03,9.23,8.60,8.82,2171851,19373916.00
2024-07-04,8.75,9.13,8.42,8.44,1663852,14541759.00
2024-07-05,8.34,8.57,8.15,8.32,1289097,10742830.00
2024-07-08,8.28,8.28,7.63,7.74,1779462,13914740.00
2024-07-09,7.74,8.39,7.66,8.27,1765901,14193702.00
2024-07-10,8.18,8.48,8.01,8.10,1313805,10844600.00
2024-07-11,8.18,8.49,8.16,8.28,1336591,11097690.00
2024-07-12,8.24,8.43,8.12,8.28,1191191,9880897.00
2024-07-15,8.28,8.32,7.83,7.94,1515871,12078865.00
2024-07-16,7.97,9.05,7.80,8.90,3596552,30587650.00
2024-07-17,8.93,10.96,8.92,10.30,6600185,65256760.00
2024-07-18,10.10,10.10,9.15,9.60,3734422,36163428.00
2024-07-19,9.60,10.80,9.50,10.01,4653920,47525768.00
2024-07-22,10.63,10.63,9.61,9.75,2578958,25755782.00
2024-07-23,9.55,10.52,9.51,9.77,2498083,24741392.00
2024-07-24,9.82,9.96,9.01,9.13,2155915,20309508.00
2024-07-25,9.03,9.47,8.92,9.23,1658521,15300203.00
2024-07-26,9.30,9.86,9.30,9.70,2094220,20069504.00
2024-07-29,9.70,9.70,9.24,9.30,1554466,14538712.00
2024-07-30,9.28,9.66,9.10,9.37,2169704,20387534.00
2024-07-31,9.50,10.06,9.37,10.04,2703373,26470904.00
2024-08-01,9.90,10.05,9.60,9.84,1844741,18079038.00
2024-08-02,9.75,9.78,9.18,9.35,1675841,15842255.00
2024-08-05,9.68,10.48,9.32,9.43,3144182,30975576.00
2024-08-06,9.15,9.61,9.10,9.46,2373518,22216132.00
2024-08-07,9.43,9.68,9.21,9.27,1462024,13744241.00
2024-08-08,9.15,9.20,8.78,8.81,1909616,17055530.00
2024-08-09,8.86,9.09,8.76,8.83,1058264,9391412.00
2024-08-12,8.83,8.91,8.58,8.72,714132,6230220.50
2024-08-13,8.78,8.87,8.65,8.87,748055,6537191.50
2024-08-14,8.98,8.98,8.70,8.90,881406,7755309.50
2024-08-15,8.85,9.10,8.70,8.97,1223785,10968008.00
2024-08-16,9.06,9.19,8.94,8.97,1180745,10695076.00
2024-08-19,9.00,9.00,8.62,8.68,936600,8222402.00
2024-08-20,8.68,9.18,8.63,8.81,1553905,13914622.00
2024-08-21,8.81,9.41,8.68,9.09,2022921,18433164.00
2024-08-22,9.14,9.14,8.73,8.75,1237471,10992812.00
2024-08-23,8.62,8.73,8.31,8.50,1137178,9664596.00
2024-08-26,8.51,8.64,8.42,8.56,569773,4855299.00
2024-08-27,8.64,8.64,8.21,8.38,545052,4552482.50
2024-08-28,8.39,8.50,8.17,8.28,789349,6563795.50
2024-08-29,8.21,8.46,8.18,8.30,489383,4080378.25
2024-08-30,8.37,9.07,8.33,8.94,2372935,20852796.00
2024-09-02,8.94,9.01,8.52,8.62,1235499,10766302.00
2024-09-03,8.39,9.50,8.39,9.02,2194918,19827074.00
2024-09-04,8.68,8.95,8.67,8.71,1349370,11770157.00
2024-09-05,8.70,8.94,8.66,8.76,752394,6620391.00
2024-09-06,8.85,8.85,8.36,8.42,907403,7791445.00
2024-09-09,8.51,8.56,8.40,8.48,399749,3373506.00
2024-09-10,8.57,8.60,8.22,8.55,514025,4337869.00
2024-09-11,8.55,8.55,8.34,8.45,491535,4132713.75
2024-09-12,8.47,8.63,8.33,8.42,518667,4397265.00
2024-09-13,8.36,8.68,8.21,8.50,1202296,10161614.00
2024-09-18,8.42,8.68,8.27,8.38,658092,5553420.00
2024-09-19,8.35,8.61,8.34,8.61,1152476,9787088.00
2024-09-20,8.78,10.99,8.65,10.10,7038607,70238808.00
2024-09-23,10.50,11.34,10.12,10.30,7979483,86116992.00
2024-09-24,9.61,10.15,9.33,9.95,6623873,64199024.00
2024-09-25,9.61,10.08,9.52,9.91,4952672,48663676.00
2024-09-26,9.87,9.87,9.45,9.78,3428392,33112360.00
2024-09-27,9.82,11.49,9.69,10.90,6430059,67860064.00
2024-09-30,11.85,14.17,11.15,14.17,9385487,120617040.00
2024-10-08,18.42,18.42,16.95,18.42,8744904,158548528.00
2024-10-09,16.28,23.50,16.01,17.60,10901719,213951872.00
2024-10-10,18.00,19.66,16.05,16.90,6093139,108056976.00
2024-10-11,16.10,17.38,15.32,16.23,4881554,79294216.00
2024-10-14,16.51,21.00,15.15,21.00,7734665,137215264.00
2024-10-15,19.86,23.10,19.10,19.32,8904962,188241648.00
2024-10-16,18.00,20.60,17.77,19.97,5262971,101938592.00
2024-10-17,20.05,25.66,19.90,22.29,10672447,242075408.00
2024-10-18,21.60,28.20,20.50,26.22,10688467,256242080.00
2024-10-21,26.86,34.08,26.80,34.08,9599912,291362432.00
2024-10-22,33.97,34.00,25.90,25.90,8458429,248308320.00
2024-10-23,26.02,28.70,25.00,26.51,5756916,155712208.00
2024-10-24,25.60,27.85,24.42,26.26,4991368,129287112.00
2024-10-25,28.40,31.80,26.00,26.21,6925473,198281136.00
2024-10-28,25.00,26.46,23.48,25.48,4849503,121584168.00
2024-10-29,25.27,27.82,24.92,26.86,5402324,143434096.00
2024-10-30,27.00,32.16,26.76,31.41,8679037,252324464.00
2024-10-31,31.19,31.19,27.00,28.60,6857645,197690608.00
2024-11-01,26.90,27.59,23.05,23.05,4856635,122125208.00
2024-11-04,23.03,24.38,22.82,23.82,2617049,61711624.00
2024-11-05,24.00,26.10,23.91,25.79,3812274,96228072.00
2024-11-06,25.79,27.75,25.50,25.55,4819673,127226968.00
2024-11-07,25.88,27.29,24.66,27.10,4448193,116963344.00
2024-11-08,28.05,29.29,26.95,27.55,4733583,132612952.00
2024-11-11,27.20,28.35,26.00,27.34,3434014,93037800.00
2024-11-12,27.50,27.58,25.00,25.35,3578487,93408560.00
2024-11-13,25.35,25.66,23.54,25.62,2823990,69640976.00
2024-11-14,25.80,26.08,25.00,25.11,2197550,56034976.00
2024-11-15,25.36,27.23,24.67,26.24,4540846,119731808.00
2024-11-18,27.30,27.50,24.23,25.00,3259083,85076496.00
2024-11-19,24.61,25.23,21.56,24.10,3363376,78604576.00
2024-11-20,23.92,25.15,23.52,24.73,2124282,51766128.00
2024-11-21,24.68,25.88,24.20,25.58,2855809,72212856.00
2024-11-22,25.18,26.88,24.21,24.25,3418795,87837352.00
2024-11-25,24.70,24.80,22.08,23.54,2530670,58014788.00
2024-11-26,23.26,23.98,21.87,21.90,1861698,42345272.00
2024-11-27,21.59,23.00,20.10,22.45,2431149,52552448.00
2024-11-28,22.87,24.99,22.87,23.20,3291560,78553824.00
2024-11-29,22.81,24.49,22.41,23.66,2529137,59108312.00
2024-12-02,23.65,24.54,22.99,24.37,2271720,54610576.00
2024-12-03,24.37,24.37,24.37,24.37,0,0.00
#数据来源:通达信
