833030 立方控股 日线 不复权
      日期	    开盘	    最高	    最低	    收盘	    成交量	    成交额
2023-11-02,12.22,22.86,12.22,16.00,19895865,299797600.00
2023-11-03,13.51,14.24,12.51,12.81,10741861,143175648.00
2023-11-06,12.25,12.53,11.15,11.32,8752862,101692440.00
2023-11-07,11.49,11.81,11.24,11.40,6184691,71154568.00
2023-11-08,11.30,12.57,11.16,12.42,8511969,101337072.00
2023-11-09,12.06,12.13,11.42,11.46,5959013,69919872.00
2023-11-10,11.23,11.88,11.23,11.72,4765274,55426680.00
2023-11-13,11.78,12.17,11.37,12.01,4831684,57190936.00
2023-11-14,11.98,14.20,11.75,13.10,8517163,109940152.00
2023-11-15,12.92,13.12,12.43,12.59,6024708,76411168.00
2023-11-16,12.50,12.89,11.72,11.89,5007196,61311080.00
2023-11-17,11.99,12.25,11.58,12.05,2770266,33276304.00
2023-11-20,12.08,12.57,11.68,12.29,3394324,41252132.00
2023-11-21,12.30,14.18,12.26,12.79,8922201,116965008.00
2023-11-22,12.64,14.70,12.54,14.45,10496695,143661488.00
2023-11-23,14.40,15.51,13.10,13.38,8528870,120247968.00
2023-11-24,13.58,15.25,13.41,15.05,10115009,145600560.00
2023-11-27,16.50,18.11,15.25,17.00,12271451,203103904.00
2023-11-28,15.98,19.37,15.50,17.33,11077038,191040256.00
2023-11-29,17.99,18.66,16.02,16.55,7291110,124986288.00
2023-11-30,16.79,16.99,14.58,14.98,5772550,89926224.00
2023-12-01,15.04,15.78,13.73,14.16,4862058,70913208.00
2023-12-04,14.01,14.66,13.45,14.35,3321521,47137000.00
2023-12-05,14.31,15.50,14.04,15.35,6071356,91156024.00
2023-12-06,15.11,15.42,14.50,14.78,4322590,64429480.00
2023-12-07,14.77,15.77,14.68,15.39,5224943,80530640.00
2023-12-08,15.68,16.06,15.28,15.86,5037055,79590064.00
2023-12-11,15.95,16.50,14.50,15.23,3746078,57747260.00
2023-12-12,15.00,15.63,14.70,15.59,3795723,58426832.00
2023-12-13,15.43,16.28,15.38,16.07,5458387,86423072.00
2023-12-14,15.97,16.78,15.72,16.29,6287286,102454008.00
2023-12-15,16.28,16.69,15.78,16.33,4361741,70637192.00
2023-12-18,16.55,16.77,16.30,16.60,4506256,74493544.00
2023-12-19,16.98,17.00,15.88,16.42,3975928,65385436.00
2023-12-20,16.24,16.92,16.13,16.64,4004231,66399088.00
2023-12-21,16.65,16.96,14.38,14.38,5809104,90807152.00
2023-12-22,14.16,14.70,13.76,14.24,2699838,38416164.00
2023-12-25,14.37,14.68,14.11,14.64,2415898,35097556.00
2023-12-26,14.60,14.93,14.21,14.65,2756846,40443352.00
2023-12-27,14.41,15.09,14.41,15.01,3153121,46956364.00
2023-12-28,15.01,15.13,14.60,14.94,3184057,47280664.00
2023-12-29,14.88,15.35,14.74,15.22,2641312,39786472.00
2024-01-02,15.21,16.80,15.12,16.49,6331794,102143808.00
2024-01-03,16.21,16.97,15.92,16.97,4826462,79213160.00
2024-01-04,17.18,17.60,16.71,17.16,3757602,64374852.00
2024-01-05,17.19,17.30,16.30,16.48,3290889,54977612.00
2024-01-08,16.48,16.72,15.22,15.30,2595983,41307528.00
2024-01-09,15.33,15.48,13.82,14.43,3100894,45394924.00
2024-01-10,14.15,14.69,14.07,14.57,1736139,25140876.00
2024-01-11,14.54,15.14,14.42,14.95,1901483,28271348.00
2024-01-12,14.81,14.93,13.48,13.50,2268427,32188046.00
2024-01-15,13.01,13.68,12.85,13.08,1082204,14266121.00
2024-01-16,13.07,13.85,12.42,13.80,2319957,30787428.00
2024-01-17,13.60,14.12,13.55,13.68,1859243,25731232.00
2024-01-18,13.60,14.20,13.32,14.07,2002085,27758134.00
2024-01-19,14.07,14.60,13.88,14.59,2277171,32584030.00
2024-01-22,14.57,14.57,13.13,13.55,1648782,23006538.00
2024-01-23,12.93,13.78,12.93,13.64,869392,11748870.00
2024-01-24,13.89,13.89,13.15,13.42,983840,13256772.00
2024-01-25,13.54,13.56,12.88,13.21,1282797,17020830.00
2024-01-26,13.39,13.39,12.94,13.09,1044013,13809774.00
2024-01-29,13.03,13.20,11.83,12.07,1304191,16297013.00
2024-01-30,11.99,12.35,11.33,11.59,1104676,13001792.00
2024-01-31,11.51,11.85,11.31,11.35,761373,8816177.00
2024-02-01,11.28,11.45,10.50,10.50,1117357,12160767.00
2024-02-02,10.50,10.77,8.87,9.48,1584393,15570296.00
2024-02-05,9.40,9.55,8.50,8.90,1132731,10168489.00
2024-02-06,9.00,9.81,8.25,9.73,1248282,11833152.00
2024-02-07,10.00,10.38,9.70,9.73,1588524,15987005.00
2024-02-08,9.74,10.45,8.90,10.21,1559809,15119396.00
2024-02-19,10.18,10.92,10.12,10.71,1591745,16932254.00
2024-02-20,10.88,11.05,10.40,10.94,1321176,14338179.00
2024-02-21,10.66,11.17,10.53,10.82,1666591,18215176.00
2024-02-22,10.70,11.05,10.70,10.88,1134350,12330393.00
2024-02-23,10.97,10.97,10.39,10.63,1187862,12666240.00
2024-02-26,10.58,10.83,10.51,10.58,997742,10663801.00
2024-02-27,10.40,12.59,10.40,12.44,3185813,36762008.00
2024-02-28,12.45,12.75,11.46,11.47,2791014,34027120.00
2024-02-29,11.21,12.16,11.20,11.77,1657191,19359222.00
2024-03-01,11.77,12.09,11.56,11.79,1345844,15784626.00
2024-03-04,11.77,11.85,11.32,11.32,1102504,12697165.00
2024-03-05,11.63,11.64,10.88,11.06,939335,10615174.00
2024-03-06,11.27,11.55,10.91,11.34,1138625,12938290.00
2024-03-07,11.20,11.49,10.70,10.79,1220584,13561684.00
2024-03-08,10.74,11.06,10.74,10.90,561405,6124695.50
2024-03-11,11.00,11.24,10.90,11.24,829242,9182566.00
2024-03-12,11.21,11.35,11.05,11.17,536917,6012790.50
2024-03-13,11.22,11.22,10.88,10.94,892244,9827141.00
2024-03-14,10.86,11.04,10.25,10.44,982167,10402501.00
2024-03-15,10.50,11.09,10.44,10.89,1328976,14386875.00
2024-03-18,11.07,11.07,10.55,10.97,859811,9326900.00
2024-03-19,11.01,11.14,10.86,10.93,670268,7374324.50
2024-03-20,10.86,11.06,10.71,10.94,583797,6370628.50
2024-03-21,10.86,11.08,10.61,10.92,802530,8637864.00
2024-03-22,10.86,10.94,10.60,10.67,384302,4119960.25
2024-03-25,10.60,10.66,10.16,10.16,448555,4678951.00
2024-03-26,10.22,10.60,10.06,10.12,445407,4569653.00
2024-03-27,10.15,10.58,9.95,10.12,622923,6391854.50
2024-03-28,9.98,10.47,9.98,10.08,803447,8176205.00
2024-03-29,10.13,10.25,10.00,10.02,421680,4249869.50
2024-04-01,10.01,10.12,9.86,9.98,560487,5602769.50
2024-04-02,10.00,10.00,9.63,9.67,691789,6757109.50
2024-04-03,9.68,9.93,9.55,9.55,431543,4200686.50
2024-04-08,9.50,9.50,9.01,9.02,789793,7253939.50
2024-04-09,9.00,9.16,8.96,9.16,406113,3687824.25
2024-04-10,9.16,9.73,9.13,9.38,954469,9005399.00
2024-04-11,9.33,9.47,9.14,9.20,477595,4444739.50
2024-04-12,9.16,9.30,8.83,8.99,523493,4738015.00
2024-04-15,9.05,9.05,8.39,8.67,712926,6158865.00
2024-04-16,8.60,8.76,8.03,8.25,665072,5490233.00
2024-04-17,8.32,8.84,8.31,8.76,729909,6253317.00
2024-04-18,8.77,9.04,8.66,8.66,753014,6642140.50
2024-04-19,8.53,8.66,8.30,8.30,626753,5287711.00
2024-04-22,8.37,8.42,8.22,8.35,303813,2521973.00
2024-04-23,8.38,8.74,8.31,8.65,488166,4167033.00
2024-04-24,8.70,8.80,8.47,8.55,584115,5004681.00
2024-04-25,8.50,8.55,8.27,8.31,696204,5821029.00
2024-04-26,8.35,8.49,8.10,8.38,657628,5480169.00
2024-04-29,8.48,8.66,8.47,8.53,678712,5810205.00
2024-04-30,8.56,8.84,8.40,8.49,745607,6393489.50
2024-05-06,8.64,8.98,8.51,8.97,1185516,10443073.00
2024-05-07,8.88,8.94,8.71,8.85,470193,4137725.75
2024-05-08,8.89,8.91,8.78,8.78,394448,3487111.00
2024-05-09,8.84,8.96,8.81,8.82,469714,4165347.75
2024-05-10,8.93,8.94,8.51,8.55,647526,5628414.50
2024-05-13,8.55,8.66,8.38,8.52,321734,2733576.50
2024-05-14,8.57,8.63,8.37,8.45,565937,4794930.50
2024-05-15,8.45,8.46,8.24,8.39,410953,3428993.50
2024-05-16,8.27,8.42,8.27,8.27,414369,3457298.75
2024-05-17,8.25,8.36,8.22,8.35,334549,2775867.75
2024-05-20,8.46,8.46,8.27,8.34,361368,3008812.00
2024-05-21,8.34,8.38,8.23,8.30,326762,2703964.00
2024-05-22,8.32,8.39,8.27,8.32,342047,2847278.25
2024-05-23,8.25,9.10,8.22,8.71,1658287,14450771.00
2024-05-24,8.75,9.08,8.60,8.70,936813,8304714.50
2024-05-27,8.63,8.86,8.56,8.65,507559,4378607.00
2024-05-28,8.65,8.88,8.64,8.76,550587,4834315.00
2024-05-29,8.72,8.89,8.67,8.68,314139,2754982.50
2024-05-30,8.67,8.67,8.36,8.47,501388,4252792.00
2024-05-31,8.43,8.54,8.37,8.45,265146,2246363.00
2024-06-03,8.46,8.46,8.21,8.26,476662,3974742.25
2024-06-04,8.37,8.37,8.15,8.27,249952,2055979.75
2024-06-05,8.28,8.29,8.03,8.06,386170,3138509.75
2024-06-06,8.04,8.14,7.41,7.52,622163,4769358.50
2024-06-07,7.62,7.79,7.55,7.65,288731,2217302.75
2024-06-11,7.73,7.80,7.48,7.80,228936,1757897.75
2024-06-12,7.61,7.77,7.56,7.60,258573,1970065.00
2024-06-13,7.58,7.66,7.41,7.43,467453,3513394.50
2024-06-14,7.55,7.64,7.45,7.51,315592,2375504.75
2024-06-17,7.48,7.58,7.35,7.37,163193,1209431.75
2024-06-18,7.52,7.85,7.30,7.82,1159082,8882670.00
2024-06-19,8.28,10.16,8.28,10.16,6505731,62827916.00
2024-06-20,11.00,13.20,10.50,13.20,8986885,105945488.00
2024-06-21,14.50,17.16,13.06,13.35,12856732,193595744.00
2024-06-24,14.00,14.60,13.00,13.84,9299114,127579040.00
2024-06-25,13.57,16.65,13.28,15.70,10325324,154375008.00
2024-06-26,15.20,17.90,14.30,14.55,10798180,171264864.00
2024-06-27,14.12,14.55,12.35,13.13,10260409,137222224.00
2024-06-28,12.74,13.33,12.40,12.56,6900422,88099992.00
2024-07-01,12.63,13.29,12.38,12.58,6147354,78617312.00
2024-07-02,12.21,12.38,11.34,12.15,8440069,99604096.00
2024-07-03,11.93,12.18,11.43,12.13,6337376,74974144.00
2024-07-04,12.20,12.57,11.31,11.32,5738376,68476480.00
2024-07-05,11.00,11.17,10.48,10.50,5151191,55255156.00
2024-07-08,10.47,10.78,9.93,10.13,3160960,32521600.00
2024-07-09,10.15,11.29,9.40,10.95,6509049,66981900.00
2024-07-10,10.63,11.35,10.50,10.66,5241575,56988940.00
2024-07-11,10.58,10.95,10.41,10.63,4256170,45560184.00
2024-07-12,11.30,13.80,11.30,12.25,12959075,163749984.00
2024-07-15,11.67,14.70,11.41,14.70,12742374,161280704.00
2024-07-16,14.21,17.42,14.06,16.36,13683340,215734784.00
2024-07-17,16.00,18.60,15.31,15.46,16065126,264533824.00
2024-07-18,14.86,14.98,13.30,13.42,11293596,159798336.00
2024-07-19,13.30,13.82,12.45,12.61,9053615,117989784.00
2024-07-22,12.61,13.76,12.33,13.12,8496337,112437712.00
2024-07-23,12.73,13.70,12.38,12.87,7263380,94546160.00
2024-07-24,12.60,12.88,11.78,11.93,6658187,81830160.00
2024-07-25,12.46,15.50,12.20,15.50,13157405,182918320.00
2024-07-26,15.50,16.50,14.28,14.73,13024474,198019136.00
2024-07-29,14.47,17.60,14.08,16.09,12506776,199089360.00
2024-07-30,15.61,16.45,15.08,15.17,9174089,142833040.00
2024-07-31,15.40,16.28,14.20,14.44,9205402,138291680.00
2024-08-01,14.01,14.77,13.87,14.06,6600132,93834984.00
2024-08-02,14.03,16.19,13.80,14.76,10372388,154639904.00
2024-08-05,14.97,17.30,14.51,15.75,10664323,170113264.00
2024-08-06,15.36,15.50,14.38,14.80,8136937,121191392.00
2024-08-07,14.90,15.88,14.50,15.29,7206772,110251272.00
2024-08-08,15.56,15.90,14.03,14.15,7123574,106057896.00
2024-08-09,14.12,14.80,13.46,13.83,6896369,96597024.00
2024-08-12,13.90,14.87,13.51,14.34,6495127,92524880.00
2024-08-13,14.11,14.55,13.91,14.24,4936978,69918864.00
2024-08-14,14.50,14.82,14.02,14.09,5277992,75932152.00
2024-08-15,13.75,13.90,13.04,13.18,5860397,78424544.00
2024-08-16,13.00,13.48,12.79,13.15,4750969,62211992.00
2024-08-19,13.05,14.28,12.33,13.64,7732832,102876376.00
2024-08-20,13.42,13.90,13.11,13.18,5223233,70147328.00
2024-08-21,13.30,13.70,12.81,13.39,5288888,69790984.00
2024-08-22,13.25,13.55,12.67,12.69,4518174,59090076.00
2024-08-23,12.50,12.79,11.83,11.93,4702556,57248856.00
2024-08-26,12.08,12.08,11.51,11.63,3208384,37565388.00
2024-08-27,11.66,12.17,11.52,11.70,3561469,42117184.00
2024-08-28,10.75,10.78,10.17,10.20,5999856,62788180.00
2024-08-29,10.13,10.38,10.00,10.16,3131430,31780414.00
2024-08-30,10.10,10.68,10.10,10.41,3469030,36238792.00
2024-09-02,10.30,10.61,10.13,10.20,2274912,23556660.00
2024-09-03,10.18,10.27,9.92,10.00,2118818,21326902.00
2024-09-04,10.01,10.69,9.65,10.25,3840812,39306812.00
2024-09-05,10.20,11.26,10.11,11.05,6945148,75584912.00
2024-09-06,11.55,12.80,11.40,12.13,8794428,106371592.00
2024-09-09,11.77,11.87,10.56,10.66,6851543,74679832.00
2024-09-10,10.54,10.69,10.30,10.50,3256591,34064312.00
2024-09-11,10.60,10.96,10.57,10.65,3708074,39946168.00
2024-09-12,10.88,10.97,10.12,10.17,3281529,34179032.00
2024-09-13,10.19,10.70,9.93,10.40,4470449,46035404.00
2024-09-18,10.25,10.51,10.02,10.15,2252836,23062664.00
2024-09-19,10.16,10.71,10.10,10.16,1904216,19430474.00
2024-09-20,10.36,10.36,9.98,9.99,2536082,25663154.00
2024-09-23,10.04,10.04,9.80,9.81,1774621,17537918.00
2024-09-24,9.80,10.15,9.53,9.99,2725900,26836788.00
2024-09-25,10.01,10.60,9.99,10.60,4476703,45880724.00
2024-09-26,10.93,11.44,10.78,11.07,5657956,62581692.00
2024-09-27,11.07,12.36,10.93,11.81,6913338,80207760.00
2024-09-30,12.36,15.35,12.36,15.35,12531962,178523056.00
2024-10-08,19.30,19.95,17.30,19.95,12210961,230556448.00
2024-10-09,17.81,21.88,15.51,17.01,10419332,195454304.00
2024-10-10,17.68,18.11,15.60,16.01,7769424,130235816.00
2024-10-11,16.08,16.65,14.50,14.92,6704861,105899856.00
2024-10-14,14.55,15.91,14.43,15.82,6141473,93757480.00
2024-10-15,15.50,16.42,14.99,14.99,6072916,95458248.00
2024-10-16,14.50,15.24,14.40,14.76,4101408,60564032.00
2024-10-17,15.40,17.48,15.12,15.62,9589181,154148928.00
2024-10-18,15.78,17.88,15.40,17.04,9126559,152685120.00
2024-10-21,17.87,21.79,17.20,21.33,11062549,213034112.00
2024-10-22,20.01,20.20,17.08,17.08,9929490,182732528.00
2024-10-23,16.80,18.39,16.61,17.59,6871371,120659568.00
2024-10-24,17.90,18.98,17.03,18.39,6704588,121950488.00
2024-10-25,18.58,21.45,17.67,17.94,9640784,185492624.00
2024-10-28,17.23,18.24,17.02,17.66,6082802,106492880.00
2024-10-29,17.95,20.38,17.71,19.28,9629732,181267088.00
2024-10-30,18.71,20.43,18.18,19.73,7439026,143328704.00
2024-10-31,20.00,20.29,17.50,18.00,6405187,119006744.00
2024-11-01,17.78,17.80,15.10,15.22,5999666,97460136.00
2024-11-04,14.86,16.40,14.77,16.40,3714414,58497748.00
2024-11-05,16.40,17.65,16.16,17.50,4715539,81033576.00
2024-11-06,17.68,18.68,17.58,18.07,6747619,122431192.00
2024-11-07,18.35,20.86,17.80,19.86,8288997,160068416.00
2024-11-08,20.48,24.86,19.67,20.87,10564520,227524256.00
2024-11-11,20.77,21.63,19.65,20.16,6709423,136880720.00
2024-11-12,20.00,21.80,19.33,20.86,8715445,179716592.00
2024-11-13,20.60,20.60,19.03,20.30,5437356,108230072.00
2024-11-14,20.15,21.80,19.55,21.67,6646133,138080624.00
2024-11-15,23.50,28.17,23.50,28.17,9894540,258294672.00
2024-11-18,30.59,33.80,24.50,25.78,16198662,471013600.00
2024-11-19,24.00,24.68,21.90,23.14,10465073,243045264.00
2024-11-20,22.62,26.90,22.35,25.65,11005796,266101616.00
2024-11-21,24.66,26.49,24.31,24.67,8600035,216703920.00
2024-11-22,24.18,26.59,23.53,23.71,8257723,208982080.00
2024-11-25,23.04,24.74,22.00,24.48,5672537,129741136.00
2024-11-26,24.10,24.79,22.20,22.20,4119402,97150384.00
2024-11-27,21.57,22.68,20.76,22.67,3848180,84336704.00
2024-11-28,22.81,23.52,22.15,22.15,3916706,89620520.00
2024-11-29,22.26,23.18,21.60,22.84,3893841,87720768.00
2024-12-02,23.08,24.49,22.69,24.24,4582501,108934584.00
2024-12-03,24.24,24.24,24.24,24.24,0,0.00
#数据来源:通达信
