833075 柏星龙 日线 不复权
      日期	    开盘	    最高	    最低	    收盘	    成交量	    成交额
2016-10-24,5.00,5.00,5.00,5.00,500000,2500000.00
2016-12-08,5.60,5.60,5.60,5.60,500000,2800000.00
2016-12-20,5.00,5.00,5.00,5.00,10000,50000.00
2016-12-21,8.00,8.00,8.00,8.00,4000,32000.00
2016-12-22,8.00,8.00,8.00,8.00,2000,16000.00
2016-12-23,8.00,8.00,8.00,8.00,4000,32000.00
2016-12-27,10.00,10.00,10.00,10.00,1000,10000.00
2016-12-28,9.50,9.50,9.50,9.50,1000,9500.00
2016-12-29,3.50,3.50,3.50,3.50,400000,1400000.00
2016-12-30,7.00,7.00,7.00,7.00,1000,7000.00
2017-01-03,3.50,3.50,3.50,3.50,30000,105000.00
2017-01-04,15.00,15.00,15.00,15.00,1000,15000.00
2017-01-09,15.20,15.20,3.50,3.62,101000,365200.00
2017-01-11,3.50,3.50,3.50,3.50,10000,35000.00
2017-01-13,3.50,3.50,3.50,3.50,100000,350000.00
2017-01-17,8.00,8.00,8.00,8.00,5000,40000.00
2017-01-18,15.00,15.00,15.00,15.00,10000,150000.00
2017-01-23,4.60,6.00,4.60,6.00,295000,1484670.00
2017-01-24,6.08,6.08,6.08,6.08,4000,24320.00
2017-02-09,5.95,6.15,5.95,6.15,7000,42190.00
2017-02-10,6.18,6.18,5.89,6.11,8000,48110.00
2017-02-13,5.89,6.20,5.89,6.20,6000,36300.00
2017-02-15,5.89,5.89,5.00,5.80,107000,551540.00
2017-02-16,5.66,5.66,5.30,5.30,11000,60380.00
2017-03-29,5.26,5.26,5.23,5.23,2000,10490.00
2017-04-28,5.20,5.31,4.96,5.31,111000,559310.00
2017-05-02,5.14,5.14,5.10,5.10,4000,20440.00
2017-05-03,5.00,5.00,5.00,5.00,2000,10000.00
2017-05-11,5.15,5.36,5.15,5.23,27000,141110.00
2017-05-12,5.45,5.46,5.45,5.46,5000,27260.00
2017-05-15,5.52,5.69,5.52,5.62,10000,56400.00
2017-05-18,5.63,5.63,5.61,5.61,6000,33720.00
2017-07-05,5.20,5.20,5.20,5.20,100000,520000.00
2017-07-11,5.22,5.22,5.22,5.22,100000,522000.00
2017-07-19,5.20,5.20,5.20,5.20,25000,130000.00
2017-07-26,5.20,5.20,5.20,5.20,25000,130000.00
2017-08-09,5.36,5.36,5.36,5.36,3000,16080.00
2017-08-17,5.42,5.47,5.42,5.44,11000,59770.00
2017-12-14,5.35,5.35,5.33,5.33,2000,10680.00
2017-12-15,5.44,5.44,5.44,5.44,1000,5440.00
2017-12-18,5.46,5.49,5.40,5.49,6000,32800.00
2017-12-20,5.37,5.50,5.37,5.50,3000,16360.00
2017-12-21,5.41,5.45,5.40,5.40,6000,32460.00
2017-12-22,5.48,5.50,5.48,5.50,4000,21970.00
2017-12-26,5.40,5.40,5.40,5.40,3000,16200.00
2018-01-08,5.44,5.46,5.44,5.46,10000,54500.00
2018-03-12,5.35,5.35,5.34,5.34,3000,16030.00
2018-04-26,5.40,5.42,5.40,5.41,106000,573460.00
2018-05-22,5.46,5.52,5.46,5.49,6000,32910.00
2018-06-07,5.30,5.63,5.20,5.42,15000,80500.00
2018-06-11,5.65,5.69,5.65,5.68,4000,22720.00
2018-06-12,5.78,5.78,5.78,5.78,1000,5780.00
2018-06-15,5.53,5.53,5.47,5.51,5000,27560.00
2018-07-03,5.61,5.78,5.61,5.69,5000,28470.00
2018-07-09,5.61,5.61,5.50,5.50,4000,22110.00
2018-07-11,5.35,5.35,5.35,5.35,1000,5350.00
2018-07-13,5.25,5.28,5.23,5.25,3000,15760.00
2018-07-24,5.45,5.45,5.45,5.45,1000,5450.00
2018-08-03,5.20,5.20,4.98,5.03,10000,50760.00
2018-08-06,5.00,5.30,4.90,5.11,11000,55730.00
2018-08-07,5.26,5.94,5.26,5.92,11000,61210.00
2018-09-14,5.75,5.75,5.75,5.75,1000,5750.00
2018-09-26,5.51,5.51,5.51,5.51,1000,5510.00
2018-11-02,5.51,5.51,5.51,5.51,150000,1050000.00
2018-11-05,5.51,5.51,5.51,5.51,600000,4200000.00
2018-11-20,5.78,6.52,5.78,6.45,401000,2778910.00
2018-11-21,6.60,7.57,6.60,7.57,54000,402860.00
2018-11-22,7.43,7.43,7.43,7.43,1000,7430.00
2018-12-10,7.46,7.46,7.43,7.44,3000,22330.00
2018-12-14,7.32,7.32,7.03,7.23,8000,57850.00
2018-12-24,7.23,7.23,7.23,7.23,150000,1050000.00
2019-02-22,6.92,6.92,6.92,6.92,1000,6920.00
2019-03-01,6.84,6.84,5.78,5.95,10000,63560.00
2019-03-04,5.70,5.70,5.69,5.70,2000,11390.00
2019-03-14,5.64,5.64,4.66,4.66,12000,62340.00
2019-03-15,4.44,4.44,3.80,3.84,220000,1444150.00
2019-04-24,3.95,4.00,3.95,4.00,5000,19880.00
2019-05-09,4.00,4.00,4.00,4.00,2000,8000.00
2019-05-13,4.15,4.31,4.15,4.31,4000,16760.00
2019-05-16,4.33,4.37,4.33,4.35,3000,13050.00
2019-05-17,4.50,4.73,4.50,4.66,7000,32430.00
2019-05-21,4.75,4.75,4.75,4.75,1000,4750.00
2019-05-22,4.66,4.66,4.44,4.55,5000,22730.00
2019-05-28,4.40,4.40,4.40,4.40,2000,8800.00
2019-06-10,4.50,4.50,4.50,4.50,2000,9000.00
2019-06-11,4.60,4.60,4.60,4.60,2000,9200.00
2019-06-12,4.80,4.80,4.80,4.80,2000,9600.00
2019-06-27,5.00,5.00,5.00,5.00,2000,10000.00
2019-06-28,5.23,5.30,5.23,5.27,2000,10530.00
2019-07-01,5.50,5.50,5.50,5.50,3000,16500.00
2019-07-10,5.47,5.47,4.56,4.75,13000,65040.00
2019-07-11,4.71,4.71,4.71,4.71,2000,9420.00
2019-07-12,4.75,4.94,4.75,4.85,4000,19390.00
2019-07-22,4.71,4.71,4.17,4.23,17000,73720.00
2019-08-02,4.55,4.55,4.55,4.55,2000,9100.00
2019-08-07,4.67,4.67,4.67,4.67,2000,9360.00
2019-08-20,4.85,4.85,4.85,4.85,2000,9700.00
2019-08-21,4.80,4.83,4.80,4.83,4000,19250.00
2019-08-22,4.80,4.80,4.80,4.80,2000,9600.00
2019-08-27,4.94,4.94,4.94,4.94,2000,9900.00
2019-08-28,4.92,4.94,4.60,4.67,26000,123080.00
2019-08-29,4.55,4.65,4.14,4.19,162000,689110.00
2019-08-30,4.26,4.35,4.19,4.23,161000,683130.00
2019-09-02,4.32,4.35,4.23,4.26,22000,94080.00
2019-09-04,4.33,4.33,4.21,4.31,13000,56080.00
2019-09-06,4.21,4.44,4.21,4.44,4000,17410.00
2019-09-11,4.33,4.33,4.33,4.33,1000,4330.00
2019-09-16,4.55,4.67,4.55,4.63,7000,32320.00
2019-09-17,4.55,4.55,4.37,4.39,5000,22390.00
2019-09-19,4.32,4.35,4.32,4.34,2000,8670.00
2019-09-26,4.50,4.80,4.50,4.61,3000,13820.00
2019-09-27,4.61,4.61,4.42,4.51,504000,4618020.00
2019-10-14,4.50,4.51,4.41,4.46,6000,26850.00
2019-10-28,4.64,4.65,4.60,4.60,4000,18490.00
2019-11-08,4.60,4.60,4.60,4.60,4000,18400.00
2019-11-15,4.60,4.60,4.60,4.60,4000,18400.00
2019-11-18,4.60,4.60,4.60,4.60,5000,23000.00
2019-11-21,4.59,4.59,4.59,4.59,5000,22950.00
2019-11-22,4.38,4.38,4.38,4.38,4000,17520.00
2019-11-25,4.60,4.60,4.60,4.60,9000,41400.00
2019-11-26,4.69,4.69,4.69,4.69,5000,23500.00
2019-11-28,5.00,5.00,5.00,5.00,5000,25000.00
2019-12-03,5.25,5.25,5.25,5.25,5000,26250.00
2019-12-05,5.25,5.25,5.25,5.25,10000,52500.00
2019-12-10,5.25,5.25,5.25,5.25,10000,52500.00
2019-12-30,5.35,5.35,5.35,5.35,2505000,8576750.00
2020-03-04,5.35,5.35,5.35,5.35,1000,5350.00
2020-04-16,8.95,8.95,8.95,8.95,100,895.00
2020-04-20,5.00,5.00,5.00,5.00,4000,20000.00
2020-04-21,5.40,5.40,5.40,5.40,1900,10260.00
2020-04-22,5.39,5.40,5.39,5.40,600,3239.00
2020-04-23,5.00,5.00,5.00,5.00,4100,20500.00
2020-06-04,6.00,6.00,6.00,6.00,100,600.00
2020-06-19,6.00,6.01,6.00,6.01,17000,102140.00
2020-07-08,7.01,7.01,7.01,7.01,3000,21030.00
2020-07-16,7.01,7.01,7.01,7.01,8100,56781.00
2020-07-17,7.01,7.01,7.01,7.01,5000,35050.00
2020-07-20,7.50,7.50,7.50,7.50,3000,22500.00
2020-07-21,7.80,7.80,7.80,7.80,3000,23400.00
2020-07-22,7.99,7.99,7.99,7.99,500,3995.00
2020-07-24,7.30,7.30,7.30,7.30,5000,36500.00
2020-07-28,5.00,6.00,5.00,6.00,2200,13003.00
2020-07-29,6.00,6.00,6.00,6.00,200,1200.00
2020-08-24,5.50,5.50,5.50,5.50,100,550.00
2020-08-26,4.00,4.00,4.00,4.00,2100,8388.00
2020-08-27,4.01,4.01,4.01,4.01,0,20.05
2020-09-16,4.01,4.01,4.01,4.01,400000,1800000.00
2020-09-22,4.01,4.01,4.01,4.01,400000,1800000.00
2020-09-23,4.01,4.01,4.01,4.01,500000,2250000.00
2020-09-25,4.50,7.89,4.50,7.49,4500,31095.00
2020-09-29,4.55,7.48,4.55,7.48,182000,833960.00
2020-10-19,4.50,4.50,4.50,4.50,1020100,4590450.00
2020-10-21,4.67,4.67,4.67,4.67,100,467.00
2020-10-22,4.55,4.55,4.50,4.50,500200,2250905.00
2020-10-23,7.57,7.57,5.78,5.78,200200,901335.00
2020-10-26,11.27,11.27,4.81,4.81,300200,1351608.00
2020-10-28,8.00,8.00,8.00,8.00,300,2400.00
2020-11-17,6.00,6.01,6.00,6.01,3000,18007.99
2020-11-23,9.00,9.88,9.00,9.88,13600,125480.00
2020-11-27,9.88,9.88,9.88,9.88,1700,16796.00
2020-11-30,6.66,9.01,6.66,9.01,200,1567.00
2020-12-04,17.99,17.99,17.99,17.99,100,1799.00
2020-12-07,9.10,9.10,9.10,9.10,14000,127540.00
2021-02-18,8.10,8.10,8.10,8.10,9700,78675.11
2021-02-22,8.00,8.00,8.00,8.00,30000,240000.00
2021-02-24,7.11,7.11,7.11,7.11,54100,384651.00
2021-03-03,7.10,7.10,7.10,7.10,200,1420.00
2021-03-04,7.10,7.77,7.10,7.77,700,4790.27
2021-03-05,7.77,7.77,7.77,7.77,100,769.23
2021-03-16,7.77,7.77,7.77,7.77,800,5827.50
2021-04-01,6.13,9.00,6.13,9.00,200,1513.00
2021-04-09,7.07,8.00,7.07,8.00,800,6299.00
2021-04-13,8.00,8.00,8.00,8.00,100,792.00
2021-05-06,7.00,7.00,7.00,7.00,9200,64400.00
2021-06-23,5.56,5.56,5.56,5.56,200,1112.00
2021-06-24,5.89,5.89,5.89,5.89,0,5.89
2021-09-08,7.00,7.00,6.03,6.03,1100,7603.00
2021-09-10,8.00,8.00,8.00,8.00,400,3192.00
2021-09-17,8.00,8.00,8.00,8.00,1000,8000.00
2021-09-23,8.70,8.70,8.70,8.70,500,4350.00
2021-09-24,8.18,8.18,8.18,8.18,10000,81800.00
2021-10-12,8.00,8.00,8.00,8.00,300,2400.00
2021-10-14,8.08,11.98,8.08,11.98,3300,27037.84
2021-10-19,11.99,12.01,11.99,12.01,10300,123589.01
2021-10-21,15.99,15.99,15.99,15.99,100,1599.00
2021-11-05,8.58,10.00,8.58,10.00,800,7611.42
2021-11-09,19.99,19.99,19.99,19.99,100,1999.00
2021-11-12,15.00,15.00,15.00,15.00,100,1500.00
2021-11-17,15.00,15.00,15.00,15.00,1000,15000.00
2021-11-19,10.00,10.10,8.88,8.95,8800,83454.90
2021-11-22,9.77,9.89,9.70,9.89,2600,25981.69
2021-11-23,12.00,13.18,12.00,12.32,12300,157838.64
2021-11-24,12.60,12.99,11.30,12.20,6500,79882.54
2021-11-25,11.98,11.99,11.91,11.91,9800,117155.50
2021-11-26,12.03,12.04,12.02,12.03,18000,216929.64
2021-11-29,12.65,14.87,12.65,14.01,10700,142403.19
2021-11-30,13.03,13.78,13.03,13.78,1300,17028.56
2021-12-01,13.77,13.77,13.59,13.75,1100,15055.00
2021-12-02,15.00,15.00,13.02,13.47,2700,36857.00
2021-12-03,13.40,13.40,12.01,12.01,5000,61954.46
2021-12-06,12.01,12.40,11.83,12.38,3500,42167.00
2021-12-07,12.03,12.03,12.02,12.03,4000,47557.17
2021-12-08,16.00,16.00,16.00,16.00,100,1600.00
2021-12-13,13.99,14.99,13.99,14.99,1100,15489.00
2021-12-14,14.95,14.95,12.00,12.00,7200,91382.00
2021-12-15,11.81,11.81,11.80,11.80,5800,68495.00
2021-12-16,12.44,12.44,12.44,12.44,2000,24880.00
2021-12-20,13.00,13.00,13.00,13.00,2000,26000.00
2021-12-21,12.80,12.81,12.80,12.81,2200,28180.00
2021-12-24,12.40,12.40,12.40,12.40,500,6200.00
2021-12-27,12.50,12.50,12.01,12.01,26000,317165.28
2021-12-30,12.48,12.50,12.48,12.50,10400,130248.00
2022-01-04,12.40,12.50,12.30,12.49,7900,98441.00
2022-01-06,11.88,12.40,11.88,12.40,200,2428.00
2022-01-07,12.20,12.20,12.02,12.08,7300,88350.72
2022-01-10,12.09,12.09,12.09,12.09,200,2418.00
2022-01-13,12.09,12.50,12.09,12.50,5200,64919.00
2022-01-14,12.50,12.50,12.10,12.49,1100,13545.00
2022-01-18,12.10,12.10,12.10,12.10,500,5445.00
2022-01-19,12.48,12.49,12.48,12.49,600,7491.00
2022-01-20,12.40,12.40,12.38,12.38,1200,14791.66
2022-01-21,12.38,12.38,12.38,12.38,200,2476.00
2022-01-24,12.39,12.40,12.39,12.40,19800,245513.00
2022-01-25,12.10,12.50,12.10,12.50,3800,47733.00
2022-01-26,12.12,12.43,12.12,12.43,1200,15059.80
2022-01-27,12.43,13.23,12.43,12.45,4600,59901.40
2022-01-28,12.53,12.53,12.53,12.53,800,10024.00
2022-02-07,12.73,12.73,12.73,12.73,4200,53466.00
2022-02-08,12.69,13.23,12.69,13.23,4000,52426.00
2022-02-11,13.68,13.68,13.26,13.26,1000,13431.00
2022-02-16,13.23,13.23,13.23,13.23,400,5292.00
2022-02-17,13.22,13.22,13.00,13.00,400,5266.00
2022-02-18,13.00,13.00,12.88,12.88,1400,17987.20
2022-02-21,12.28,13.48,12.28,13.40,2800,35983.72
2022-02-22,12.98,12.98,12.80,12.80,1200,15478.80
2022-02-23,12.76,12.76,12.76,12.76,100,1276.00
2022-02-24,12.77,12.97,12.77,12.97,2100,27217.00
2022-02-25,12.87,12.87,12.87,12.87,1500,19305.00
2022-02-28,13.45,13.45,13.39,13.39,5100,68589.00
2022-03-08,10.50,12.30,10.50,12.30,800,8809.00
2022-03-09,11.10,11.10,11.05,11.05,200,2215.00
2022-03-10,10.12,13.30,10.12,13.25,3500,45824.30
2022-03-17,13.25,13.25,13.25,13.25,5000,66250.00
2022-03-25,12.25,12.25,12.25,12.25,1600,19600.00
2022-05-16,11.43,11.43,11.43,11.43,100,1143.00
2022-05-17,11.43,11.43,11.43,11.43,100,1143.00
2022-05-30,11.48,13.49,11.48,11.48,4000,47617.40
2022-05-31,16.00,16.00,11.66,11.66,200,2766.00
2022-06-02,10.50,10.50,10.50,10.50,100,1050.00
2022-06-06,10.60,10.60,10.60,10.60,300,3169.40
2022-06-07,10.69,10.69,10.69,10.69,100,1069.00
2022-06-09,10.69,12.48,10.69,12.48,500,5524.00
2022-06-13,11.98,11.98,11.98,11.98,1000,11980.00
2022-06-17,11.00,11.98,11.00,11.98,900,9998.00
2022-06-21,12.87,12.87,12.87,12.87,100,1287.00
2022-06-22,11.78,12.50,11.50,12.50,3200,37851.00
2022-06-23,12.69,12.69,12.58,12.58,1200,15127.00
2022-06-24,12.60,12.60,11.50,11.50,1300,15060.00
2022-06-27,12.59,12.59,11.50,11.50,5600,69850.00
2022-06-28,11.50,11.50,11.50,11.50,1000,11500.00
2022-12-14,11.00,11.80,10.44,11.00,3664524,40976036.00
2022-12-15,10.60,10.80,10.52,10.63,867079,9181263.00
2022-12-16,10.58,10.58,10.25,10.31,532167,5521624.50
2022-12-19,10.26,10.29,9.98,10.00,395603,3986707.50
2022-12-20,10.00,10.00,9.80,9.88,219803,2162167.25
2022-12-21,9.82,9.97,9.78,9.78,98500,966726.44
2022-12-22,9.75,9.82,9.62,9.66,153977,1496655.63
2022-12-23,9.62,9.62,9.43,9.45,149375,1418768.63
2022-12-26,9.40,9.41,9.24,9.27,181940,1693071.50
2022-12-27,9.27,9.40,9.27,9.40,107056,999673.63
2022-12-28,9.40,9.47,9.38,9.40,44395,418195.78
2022-12-29,9.40,9.40,9.34,9.35,47105,441307.91
2022-12-30,9.35,9.45,9.35,9.40,72002,677328.81
2023-01-03,9.50,9.50,9.40,9.47,45490,430196.88
2023-01-04,9.45,9.48,9.41,9.42,116350,1098195.75
2023-01-05,9.45,9.51,9.45,9.48,59077,560097.50
2023-01-06,9.53,9.54,9.47,9.49,147655,1403999.63
2023-01-09,9.45,9.53,9.45,9.46,52308,495229.00
2023-01-10,9.44,9.46,9.36,9.42,189030,1778369.63
2023-01-11,9.42,9.44,9.39,9.40,47365,445777.81
2023-01-12,9.40,9.40,9.31,9.32,64541,603171.81
2023-01-13,9.32,9.46,9.32,9.37,60768,572225.00
2023-01-16,9.35,9.51,9.33,9.46,146040,1376411.63
2023-01-17,9.46,9.53,9.45,9.49,32182,305662.25
2023-01-18,9.46,9.58,9.45,9.54,149071,1417068.75
2023-01-19,9.59,10.02,9.59,9.95,423517,4188878.50
2023-01-20,9.81,10.05,9.81,9.99,169263,1683086.50
2023-01-30,10.09,10.18,9.99,10.09,195794,1972096.88
2023-01-31,10.03,10.73,9.97,10.45,774185,8058713.50
2023-02-01,10.69,10.76,10.40,10.49,558046,5902326.00
2023-02-02,10.51,10.51,10.30,10.36,287661,2987352.00
2023-02-03,10.31,10.31,10.22,10.28,75722,777246.44
2023-02-06,10.23,10.23,9.99,10.04,412131,4135539.00
2023-02-07,10.04,10.18,10.04,10.11,49630,501892.59
2023-02-08,10.08,10.10,10.05,10.07,48894,492428.41
2023-02-09,10.15,10.27,10.10,10.26,149821,1529547.38
2023-02-10,10.29,10.51,10.22,10.50,300629,3125107.75
2023-02-13,10.50,10.75,10.50,10.73,478216,5110318.50
2023-02-14,10.64,10.79,10.56,10.77,179462,1911311.50
2023-02-15,10.82,10.83,10.72,10.79,253165,2731735.75
2023-02-16,10.65,10.81,10.35,10.70,216756,2315042.25
2023-02-17,10.60,10.66,10.48,10.51,82872,872604.19
2023-02-20,10.47,10.55,10.47,10.51,41838,439983.09
2023-02-21,10.47,10.70,10.47,10.62,54489,580338.19
2023-02-22,10.58,10.73,10.58,10.62,109771,1173037.25
2023-02-23,10.61,10.68,10.50,10.60,78742,832688.75
2023-02-24,10.58,10.58,10.45,10.51,56519,593468.75
2023-02-27,10.10,10.33,10.06,10.11,426225,4302412.50
2023-02-28,10.10,10.18,10.09,10.18,35441,358421.47
2023-03-01,10.10,10.19,10.10,10.19,28660,291001.41
2023-03-02,10.19,10.33,10.19,10.25,53786,551085.19
2023-03-03,10.29,10.38,10.25,10.35,190003,1957344.50
2023-03-06,10.66,10.66,10.10,10.40,119147,1222206.00
2023-03-07,10.34,10.34,10.18,10.18,104766,1074746.00
2023-03-08,10.11,10.27,10.11,10.17,27619,280892.84
2023-03-09,10.31,10.33,10.14,10.16,26802,272424.66
2023-03-10,10.11,10.17,10.10,10.17,55469,561491.94
2023-03-13,10.08,10.10,10.00,10.02,67962,683375.94
2023-03-14,9.91,10.09,9.82,9.92,42750,425018.53
2023-03-15,9.94,9.98,9.89,9.91,65645,651724.81
2023-03-16,9.83,9.93,9.83,9.83,19466,191747.25
2023-03-17,9.83,9.94,9.35,9.81,109409,1072631.88
2023-03-20,9.80,9.82,9.75,9.75,33090,324356.63
2023-03-21,9.75,10.18,9.75,9.99,48924,487320.97
2023-03-22,10.07,10.12,9.98,9.99,20963,210265.70
2023-03-23,9.96,10.30,9.96,10.12,149372,1517803.38
2023-03-24,10.10,10.16,10.10,10.15,17300,175037.00
2023-03-27,10.11,10.13,10.01,10.13,31740,320337.28
2023-03-28,10.12,10.13,10.10,10.10,13953,141028.30
2023-03-29,10.10,10.29,10.02,10.05,36749,372193.44
2023-03-30,10.06,10.10,9.90,10.08,87811,878855.19
2023-03-31,9.99,10.01,9.93,9.96,39789,396673.56
2023-04-03,9.94,10.00,9.87,10.00,66106,655833.75
2023-04-04,9.93,9.95,9.87,9.87,32621,323027.53
2023-04-06,9.82,9.85,9.80,9.84,19951,196008.28
2023-04-07,9.97,9.97,9.85,9.87,11700,115735.52
2023-04-10,9.88,9.88,9.80,9.80,26820,263744.50
2023-04-11,9.78,9.79,9.62,9.68,54580,528238.63
2023-04-12,9.66,9.66,9.58,9.61,25059,240684.27
2023-04-13,9.58,9.70,9.51,9.70,34240,328513.50
2023-04-14,9.60,9.78,9.51,9.78,42285,406598.09
2023-04-17,9.59,9.67,9.59,9.67,11738,113019.00
2023-04-18,9.60,9.71,9.59,9.59,21255,204140.02
2023-04-19,9.57,9.57,9.53,9.54,18796,179202.45
2023-04-20,9.50,9.50,9.40,9.47,33657,317900.22
2023-04-21,9.41,9.52,9.36,9.52,50292,474029.78
2023-04-24,9.52,9.52,9.33,9.33,27460,257306.38
2023-04-25,9.33,9.33,9.11,9.13,48883,447518.50
2023-04-26,9.13,9.22,9.02,9.20,15883,145691.59
2023-04-27,9.31,9.31,9.08,9.21,18630,170655.50
2023-04-28,9.11,9.27,9.00,9.27,124871,1132951.88
2023-05-04,9.06,9.19,9.05,9.19,49900,453983.41
2023-05-05,9.19,9.27,9.13,9.25,34044,313587.38
2023-05-08,9.22,9.48,9.22,9.48,57622,539955.13
2023-05-09,9.40,9.45,9.27,9.39,18982,178272.34
2023-05-10,9.37,9.41,9.35,9.41,19265,180655.91
2023-05-11,9.23,9.59,9.23,9.57,21348,203166.45
2023-05-12,9.65,9.65,9.33,9.52,67531,644682.13
2023-05-15,9.35,9.52,9.35,9.42,15749,148607.58
2023-05-16,9.33,9.47,9.33,9.36,18301,171329.20
2023-05-17,9.33,9.37,9.33,9.33,9519,88968.90
2023-05-18,9.33,9.33,9.01,9.22,34069,313107.72
2023-05-19,9.25,9.37,9.25,9.30,23799,220927.70
2023-05-22,9.32,9.37,9.28,9.28,23818,221972.78
2023-05-23,9.22,9.36,9.22,9.30,38386,357765.97
2023-05-24,9.35,9.45,9.25,9.40,34986,327733.66
2023-05-25,9.39,9.60,9.38,9.50,69584,658974.81
2023-05-26,9.11,9.12,9.03,9.06,32766,297673.72
2023-05-29,9.03,9.06,9.00,9.00,16015,144543.75
2023-05-30,9.00,9.01,8.90,9.01,28555,256223.50
2023-05-31,9.00,9.08,8.91,9.05,39813,357175.94
2023-06-01,8.96,9.00,8.93,8.96,12500,112066.73
2023-06-02,8.90,8.96,8.90,8.93,7200,64228.00
2023-06-05,8.98,8.98,8.90,8.90,6976,62247.22
2023-06-06,8.88,8.88,8.82,8.85,8600,76045.00
2023-06-07,8.88,8.88,8.76,8.79,14000,123357.42
2023-06-08,8.81,8.82,8.75,8.76,11212,98528.60
2023-06-09,9.07,9.07,8.60,8.80,18340,163672.77
2023-06-12,8.68,8.82,8.68,8.75,6600,57766.00
2023-06-13,8.70,8.80,8.68,8.75,9600,84066.32
2023-06-14,8.84,8.93,8.70,8.84,52476,462667.28
2023-06-15,8.80,8.80,8.73,8.79,18950,166543.80
2023-06-16,8.91,8.91,8.71,8.75,15440,135273.22
2023-06-19,8.66,8.70,8.66,8.68,19500,169447.00
2023-06-20,8.63,8.66,8.63,8.64,27811,240264.91
2023-06-21,8.61,8.62,8.58,8.60,14845,127634.55
2023-06-26,8.56,8.67,8.54,8.54,11149,95517.06
2023-06-27,8.52,8.55,8.52,8.53,13058,111369.90
2023-06-28,8.63,8.63,8.24,8.39,67402,560114.63
2023-06-29,8.31,8.32,8.18,8.25,115832,952645.50
2023-06-30,8.20,8.33,8.19,8.29,73344,606427.25
2023-07-03,8.30,8.35,8.19,8.31,39931,330366.63
2023-07-04,8.22,8.32,8.22,8.29,54377,449309.63
2023-07-05,8.29,8.33,8.21,8.30,51494,426659.66
2023-07-06,8.28,8.32,8.28,8.31,26400,219189.00
2023-07-07,8.31,8.35,8.31,8.33,9200,76554.00
2023-07-10,8.33,8.33,8.31,8.31,8500,70697.00
2023-07-11,8.30,8.33,8.29,8.31,12600,104666.00
2023-07-12,8.31,8.35,8.28,8.28,13500,112085.00
2023-07-13,8.25,8.35,8.25,8.34,8557,70980.96
2023-07-14,8.29,8.34,8.29,8.31,9200,76492.00
2023-07-17,8.21,8.28,8.21,8.27,10400,86035.17
2023-07-18,8.26,8.33,8.26,8.31,18692,154770.92
2023-07-19,8.26,8.34,8.23,8.24,48984,404613.16
2023-07-20,8.23,8.24,8.17,8.19,104059,853485.06
2023-07-21,8.16,8.17,8.15,8.15,37465,305521.22
2023-07-24,8.15,8.19,8.09,8.12,65340,531151.81
2023-07-25,8.10,8.14,8.09,8.10,70200,568825.31
2023-07-26,8.09,8.10,8.04,8.08,43905,354194.63
2023-07-27,8.08,8.08,8.03,8.04,46306,372912.94
2023-07-28,8.06,8.11,8.02,8.03,72386,582306.44
2023-07-31,8.06,8.08,8.06,8.06,51170,413153.16
2023-08-01,8.05,8.15,8.03,8.06,41800,337183.00
2023-08-02,8.14,8.15,8.04,8.06,41819,337607.50
2023-08-03,8.06,8.06,8.04,8.06,29300,235923.00
2023-08-04,8.05,8.06,8.03,8.06,31716,255200.48
2023-08-07,8.04,8.05,8.03,8.03,28381,228097.05
2023-08-08,8.02,8.06,8.02,8.03,18500,148588.92
2023-08-09,8.02,8.05,8.02,8.03,27946,224260.81
2023-08-10,8.01,8.08,7.99,8.01,78291,627113.25
2023-08-11,8.01,8.01,7.97,7.98,32800,261896.92
2023-08-14,7.98,7.98,7.93,7.97,29400,233679.13
2023-08-15,7.96,7.96,7.90,7.92,27928,221161.59
2023-08-16,7.89,7.89,7.81,7.84,64535,506218.66
2023-08-17,7.80,7.85,7.80,7.84,17605,137563.95
2023-08-18,7.90,7.90,7.80,7.80,29200,227992.00
2023-08-21,7.80,7.80,7.72,7.72,40087,310257.28
2023-08-22,7.70,7.75,7.65,7.67,42008,322572.69
2023-08-23,7.63,7.63,7.45,7.45,101790,764756.06
2023-08-24,7.40,7.59,7.38,7.53,66649,499611.63
2023-08-25,7.43,7.48,7.43,7.43,12100,90119.75
2023-08-28,7.50,7.68,7.44,7.45,44266,332805.47
2023-08-29,7.45,7.52,7.45,7.51,40398,302866.56
2023-08-30,7.60,7.60,7.50,7.53,13600,102221.12
2023-08-31,7.50,7.56,7.49,7.56,8003,60102.68
2023-09-01,7.52,7.63,7.52,7.62,20543,156364.75
2023-09-04,7.72,7.90,7.72,7.85,110576,867830.31
2023-09-05,7.92,7.92,7.77,7.83,48571,379846.91
2023-09-06,7.84,7.86,7.77,7.83,29221,228031.02
2023-09-07,7.77,7.77,7.70,7.73,21040,162677.88
2023-09-08,7.72,7.72,7.67,7.68,25165,193528.20
2023-09-11,7.65,7.74,7.64,7.74,12178,93515.26
2023-09-12,7.67,7.75,7.67,7.75,6069,46955.37
2023-09-13,7.79,7.79,7.63,7.66,21436,165595.44
2023-09-14,7.66,7.67,7.60,7.61,11300,86397.00
2023-09-15,7.56,7.64,7.56,7.61,17900,136155.00
2023-09-18,7.53,7.60,7.50,7.58,22736,171310.06
2023-09-19,7.55,7.58,7.52,7.55,7711,58159.78
2023-09-20,7.54,7.57,7.51,7.51,12344,92969.88
2023-09-21,7.47,7.48,7.47,7.47,3580,26755.60
2023-09-22,7.54,7.63,7.50,7.63,21458,161882.80
2023-09-25,7.60,7.63,7.60,7.60,36963,281598.44
2023-09-26,7.52,7.60,7.52,7.52,29137,220491.14
2023-09-27,7.52,7.59,7.47,7.48,13759,103218.06
2023-09-28,7.59,7.59,7.46,7.47,30276,226240.63
2023-10-09,7.40,7.48,7.40,7.43,9150,68064.90
2023-10-10,7.52,7.52,7.43,7.48,13519,101324.57
2023-10-11,7.46,7.56,7.45,7.50,41060,308366.41
2023-10-12,7.60,7.60,7.49,7.57,50712,383552.84
2023-10-13,7.56,7.97,7.56,7.89,138183,1077353.50
2023-10-16,7.89,7.89,7.71,7.83,58240,454869.19
2023-10-17,7.85,7.97,7.85,7.87,81341,640570.19
2023-10-18,7.80,7.98,7.70,7.95,122819,969641.19
2023-10-19,8.04,8.06,7.75,7.75,85316,675908.25
2023-10-20,7.75,7.85,7.74,7.78,24286,188701.59
2023-10-23,7.74,7.94,7.71,7.94,43150,338417.50
2023-10-24,7.93,8.07,7.93,8.02,72138,579719.00
2023-10-25,8.28,8.28,7.96,8.10,73164,593312.44
2023-10-26,8.01,8.01,7.78,7.85,51362,402339.00
2023-10-27,7.81,8.14,7.81,8.05,97477,783482.69
2023-10-30,8.05,8.18,8.05,8.08,29113,236074.16
2023-10-31,8.01,8.01,7.86,7.95,23397,185773.69
2023-11-01,7.89,7.96,7.87,7.91,7401,58412.90
2023-11-02,7.83,9.33,7.83,8.58,923223,7961421.00
2023-11-03,8.36,8.58,8.10,8.39,719917,5972353.50
2023-11-06,8.27,8.61,8.11,8.50,660856,5546704.50
2023-11-07,8.50,9.27,8.40,8.78,1707050,15225513.00
2023-11-08,8.68,9.19,8.48,8.88,1599364,14241395.00
2023-11-09,8.70,8.78,8.35,8.46,975167,8284629.00
2023-11-10,8.40,8.40,8.17,8.22,469041,3874007.25
2023-11-13,8.20,8.30,8.12,8.23,482250,3950317.00
2023-11-14,8.23,8.25,8.13,8.16,205937,1682277.63
2023-11-15,8.20,8.42,8.11,8.28,392630,3237200.00
2023-11-16,8.25,8.25,8.06,8.13,263342,2147469.75
2023-11-17,8.21,8.25,8.13,8.19,153004,1251020.00
2023-11-20,8.20,8.42,8.19,8.38,377465,3149361.00
2023-11-21,8.39,10.64,8.38,9.17,2622177,24025330.00
2023-11-22,8.91,11.47,8.82,11.31,5553580,56397100.00
2023-11-23,11.13,11.87,10.01,10.25,5387138,58850964.00
2023-11-24,10.00,11.68,9.86,10.94,4287581,46318296.00
2023-11-27,11.70,12.87,10.98,12.40,6143930,73577880.00
2023-11-28,11.51,12.22,11.10,11.66,3645906,43049944.00
2023-11-29,11.89,12.14,10.20,10.43,2680318,29614230.00
2023-11-30,10.66,11.00,10.10,10.26,1580113,16623197.00
2023-12-01,10.39,10.45,9.44,9.62,2127462,21089284.00
2023-12-04,9.66,10.22,9.36,9.95,1913505,18756328.00
2023-12-05,9.80,11.52,9.73,11.17,3899563,42114148.00
2023-12-06,11.28,14.52,10.81,14.52,10498858,137651072.00
2023-12-07,13.60,14.60,13.00,14.00,7553249,103425088.00
2023-12-08,13.25,14.16,12.82,13.05,4926696,66405388.00
2023-12-11,12.95,13.97,12.52,12.90,3491905,46126536.00
2023-12-12,12.90,13.80,12.90,13.14,2977539,39593852.00
2023-12-13,13.00,13.60,12.53,13.47,3944008,52006712.00
2023-12-14,13.59,14.70,13.25,13.40,5395211,75102888.00
2023-12-15,13.88,14.66,13.31,13.58,4695484,64944168.00
2023-12-18,13.45,16.38,12.50,15.05,10436589,152755760.00
2023-12-19,14.97,14.97,13.81,13.99,7823577,110643056.00
2023-12-20,13.68,14.57,13.68,14.20,5894469,83434880.00
2023-12-21,13.94,15.75,13.15,13.43,7458428,106746832.00
2023-12-22,12.78,14.00,12.78,13.69,4761154,63420744.00
2023-12-25,13.96,15.90,13.49,15.62,8481522,126204584.00
2023-12-26,16.60,19.70,15.50,17.58,11699403,203939296.00
2023-12-27,16.34,16.96,15.60,16.05,8615592,139650320.00
2023-12-28,15.60,16.10,15.29,15.57,5431307,84941456.00
2023-12-29,15.40,16.13,15.30,15.90,4804574,76099840.00
2024-01-02,15.60,16.38,15.51,16.22,4988341,79553768.00
2024-01-03,16.22,16.22,15.61,15.98,3050742,48413304.00
2024-01-04,15.95,16.14,15.56,15.99,2947431,46866432.00
2024-01-05,15.97,16.08,14.50,14.75,3403702,51595640.00
2024-01-08,14.94,14.97,13.65,13.66,1997277,28531330.00
2024-01-09,13.69,13.89,12.28,12.95,2674311,34845136.00
2024-01-10,12.82,13.46,12.75,13.25,1791430,23605308.00
2024-01-11,13.12,13.33,12.90,13.14,1737210,22737076.00
2024-01-12,13.20,13.47,11.31,11.32,2974534,36726036.00
2024-01-15,11.35,11.68,10.98,11.34,2120285,24132474.00
2024-01-16,11.32,12.48,11.09,12.20,2994866,35490144.00
2024-01-17,12.03,13.65,11.96,12.67,4328379,55764280.00
2024-01-18,12.50,13.28,12.18,13.20,3690151,47240208.00
2024-01-19,13.20,13.80,12.96,13.55,3298684,44416264.00
2024-01-22,13.44,13.61,12.30,12.53,2501395,32462218.00
2024-01-23,12.39,12.89,12.03,12.70,1926642,24041498.00
2024-01-24,12.80,12.99,12.05,12.74,1856504,23265200.00
2024-01-25,12.70,12.74,12.11,12.25,2024330,25107594.00
2024-01-26,12.00,12.56,11.84,11.84,1317340,16072468.00
2024-01-29,11.95,11.95,10.37,10.37,1569529,17333078.00
2024-01-30,10.44,10.80,10.20,10.80,1532746,16181018.00
2024-01-31,10.71,11.36,10.70,11.12,1623209,18034102.00
2024-02-01,11.03,11.07,10.24,10.34,1079583,11576874.00
2024-02-02,10.33,10.54,9.35,9.72,1626297,16022706.00
2024-02-05,9.54,9.85,8.84,9.45,1265254,11714261.00
2024-02-06,9.37,10.81,9.33,10.60,1767193,17881654.00
2024-02-07,10.75,11.46,10.13,10.17,2422010,26181516.00
2024-02-08,10.10,10.43,9.00,10.29,1646468,16311790.00
2024-02-19,10.49,10.75,10.22,10.55,1295282,13596284.00
2024-02-20,10.54,10.88,10.31,10.82,1558428,16661203.00
2024-02-21,10.85,11.30,10.60,10.90,1900553,20962440.00
2024-02-22,10.99,11.27,10.59,10.93,1677092,18305328.00
2024-02-23,11.00,11.15,10.56,10.73,1628387,17604152.00
2024-02-26,10.75,10.99,10.72,10.79,1212314,13138485.00
2024-02-27,10.86,11.58,10.61,11.49,2247456,25214824.00
2024-02-28,11.71,12.22,11.18,11.18,2880388,33496568.00
2024-02-29,11.18,11.55,11.09,11.48,1327545,15053588.00
2024-03-01,11.50,11.68,11.31,11.60,1218545,14017369.00
2024-03-04,11.65,11.68,11.16,11.28,1267518,14424119.00
2024-03-05,11.31,11.31,10.64,10.70,1339872,14595462.00
2024-03-06,10.66,10.95,10.62,10.81,720360,7784055.00
2024-03-07,10.75,10.92,10.49,10.55,1014808,10849541.00
2024-03-08,10.68,10.68,10.30,10.45,701090,7337994.50
2024-03-11,10.60,10.60,10.35,10.51,467037,4886842.50
2024-03-12,10.57,10.76,10.31,10.70,886927,9397499.00
2024-03-13,10.75,10.75,10.42,10.44,636053,6687833.50
2024-03-14,10.52,10.59,10.10,10.30,378509,3927877.25
2024-03-15,10.35,10.99,10.13,10.74,1284040,13743525.00
2024-03-18,10.62,10.99,10.55,10.92,900027,9732651.00
2024-03-19,11.00,11.28,10.77,10.80,880415,9663763.00
2024-03-20,10.77,10.94,10.70,10.84,547955,5921075.00
2024-03-21,10.86,10.92,10.56,10.64,602478,6453360.50
2024-03-22,10.73,10.73,10.40,10.41,386760,4070903.00
2024-03-25,10.48,10.48,10.12,10.30,479443,4950430.50
2024-03-26,10.30,10.33,9.92,10.07,492775,4967737.50
2024-03-27,10.17,10.47,9.92,9.99,475919,4880434.00
2024-03-28,10.12,10.36,9.94,10.29,567034,5790454.00
2024-03-29,10.29,10.29,10.11,10.17,304514,3098049.75
2024-04-01,10.17,10.25,10.13,10.21,324486,3305033.50
2024-04-02,10.32,10.32,10.08,10.12,357366,3621857.75
2024-04-03,10.12,10.14,9.96,10.00,425475,4265536.00
2024-04-08,10.00,10.01,9.76,9.82,384235,3797858.00
2024-04-09,9.91,10.18,9.75,10.04,293829,2947905.25
2024-04-10,10.00,10.47,9.87,10.25,991164,10255302.00
2024-04-11,10.31,10.54,10.16,10.26,542884,5611917.00
2024-04-12,10.23,10.42,10.04,10.28,427199,4379805.00
2024-04-15,10.30,10.43,10.11,10.43,654850,6723172.50
2024-04-16,10.26,10.34,9.93,10.06,547354,5547091.00
2024-04-17,10.29,10.65,10.09,10.65,1408870,14655263.00
2024-04-18,10.65,10.78,10.40,10.70,1070115,11399563.00
2024-04-19,10.70,10.74,10.40,10.50,521245,5512946.50
2024-04-22,10.50,10.53,10.36,10.47,347022,3634937.75
2024-04-23,10.50,10.88,10.38,10.65,378114,3981172.00
2024-04-24,10.54,10.65,10.53,10.64,290028,3068261.75
2024-04-25,10.65,10.77,10.63,10.67,367972,3935055.00
2024-04-26,10.81,11.19,10.81,11.06,933250,10270816.00
2024-04-29,11.07,11.47,11.05,11.08,803708,8996970.00
2024-04-30,11.02,11.18,10.98,11.09,373579,4147641.25
2024-05-06,11.15,11.26,11.04,11.22,407170,4532987.50
2024-05-07,11.25,11.29,11.10,11.13,212408,2368309.75
2024-05-08,11.11,11.22,10.85,10.87,413721,4556306.50
2024-05-09,10.97,11.17,10.85,11.13,458810,5090591.00
2024-05-10,11.19,11.19,10.93,11.09,238345,2627722.25
2024-05-13,11.01,11.15,10.80,11.06,323720,3578622.25
2024-05-14,11.13,11.17,10.87,10.90,390222,4291225.00
2024-05-15,10.82,10.84,10.58,10.59,400332,4282311.50
2024-05-16,10.71,10.71,10.58,10.62,209671,2229585.00
2024-05-17,10.65,10.68,10.57,10.65,143639,1525144.75
2024-05-20,10.68,10.69,10.40,10.48,307653,3230921.00
2024-05-21,10.49,10.61,10.43,10.56,258934,2725557.00
2024-05-22,10.14,10.49,10.13,10.23,355233,3632489.50
2024-05-23,10.33,10.98,10.03,10.89,1736447,18697308.00
2024-05-24,10.71,11.18,10.63,10.90,910132,9920344.00
2024-05-27,11.03,11.03,10.61,10.68,363057,3899562.50
2024-05-28,10.69,10.93,10.56,10.58,362015,3891106.50
2024-05-29,10.68,10.74,10.50,10.58,131356,1394664.13
2024-05-30,10.52,10.63,10.36,10.58,347773,3636859.75
2024-05-31,10.53,10.75,10.48,10.75,229550,2452152.75
2024-06-03,10.71,10.75,10.43,10.54,170637,1809145.88
2024-06-04,10.55,10.56,10.30,10.35,193267,2004367.75
2024-06-05,10.29,10.48,10.24,10.30,279106,2887963.75
2024-06-06,10.29,10.39,10.01,10.14,368939,3750124.75
2024-06-07,10.29,10.37,10.10,10.14,104587,1066062.00
2024-06-11,10.29,10.29,10.01,10.15,126941,1285383.25
2024-06-12,10.16,10.39,10.16,10.32,177863,1828893.25
2024-06-13,10.25,10.33,10.21,10.21,124265,1274438.13
2024-06-14,10.25,10.45,10.24,10.41,282182,2931410.75
2024-06-17,10.35,10.99,10.35,10.65,428077,4592167.00
2024-06-18,10.66,10.80,10.55,10.64,128873,1370191.63
2024-06-19,10.63,10.88,10.49,10.84,346678,3713062.25
2024-06-20,10.78,10.87,10.63,10.68,203382,2187885.75
2024-06-21,10.64,10.94,10.64,10.90,433677,4706410.00
2024-06-24,10.85,10.90,10.63,10.79,244551,2626925.50
2024-06-25,10.74,11.15,10.66,11.05,374404,4094778.75
2024-06-26,11.05,11.53,10.95,11.37,726365,8255161.50
2024-06-27,11.27,11.31,10.81,10.89,391049,4330560.00
2024-06-28,10.84,11.06,10.74,10.82,266247,2901933.50
2024-07-01,10.76,10.79,10.64,10.75,129907,1390746.13
2024-07-02,10.69,10.77,10.66,10.70,142444,1526353.50
2024-07-03,10.68,10.78,10.60,10.71,145651,1553920.00
2024-07-04,10.78,11.07,10.72,10.74,189859,2057220.50
2024-07-05,10.63,11.05,10.43,10.95,246359,2655850.75
2024-07-08,11.06,11.08,10.70,10.70,199115,2151632.75
2024-07-09,10.66,10.95,10.66,10.87,264555,2867309.75
2024-07-10,10.77,10.87,10.69,10.69,97851,1054184.50
2024-07-11,10.82,11.24,10.70,11.00,294896,3232883.50
2024-07-12,10.93,11.14,10.71,10.81,228507,2489518.00
2024-07-15,10.80,10.83,10.50,10.59,214741,2280560.75
2024-07-16,10.45,11.15,10.45,11.13,687027,7477749.00
2024-07-17,11.13,12.22,11.10,12.08,1646325,19501342.00
2024-07-18,11.99,11.99,11.35,11.44,952555,11032581.00
2024-07-19,11.44,11.63,11.25,11.62,529828,6083473.00
2024-07-22,11.65,11.98,11.56,11.79,781367,9197089.00
2024-07-23,11.77,12.17,11.38,11.39,403310,4753624.50
2024-07-24,11.55,11.55,10.81,11.15,553888,6132429.00
2024-07-25,11.10,11.34,11.00,11.34,232691,2617193.50
2024-07-26,11.28,11.45,11.20,11.32,135335,1529846.38
2024-07-29,11.30,11.30,11.05,11.11,95660,1066486.75
2024-07-30,11.11,11.21,10.90,11.05,145146,1610119.50
2024-07-31,11.05,11.31,10.87,11.24,187429,2094570.38
2024-08-01,11.24,11.88,11.23,11.83,966363,11175198.00
2024-08-02,11.84,12.27,11.50,11.67,744434,8844344.00
2024-08-05,11.62,11.96,11.32,11.34,477692,5508275.50
2024-08-06,11.39,11.50,11.12,11.25,292036,3288462.00
2024-08-07,11.35,11.35,11.13,11.27,106690,1198275.63
2024-08-08,11.16,11.25,11.10,11.21,100226,1118589.00
2024-08-09,11.30,11.30,10.94,11.10,406453,4494332.00
2024-08-12,11.07,11.08,10.79,10.88,277438,3019737.50
2024-08-13,10.80,10.94,10.74,10.80,89242,962546.69
2024-08-14,10.81,10.81,10.72,10.72,67522,726407.38
2024-08-15,10.71,10.89,10.70,10.73,112234,1212996.38
2024-08-16,10.77,10.95,10.73,10.93,127029,1380114.75
2024-08-19,10.82,10.96,10.82,10.92,40884,444773.28
2024-08-20,10.78,11.03,10.78,11.03,100849,1105506.63
2024-08-21,10.96,11.35,10.95,11.04,218134,2427764.50
2024-08-22,11.00,11.19,10.50,10.60,473361,5058776.50
2024-08-23,10.60,10.67,10.35,10.50,65842,689517.63
2024-08-26,10.46,10.67,10.46,10.61,36267,385146.06
2024-08-27,10.50,10.75,10.50,10.73,84314,897817.94
2024-08-28,10.75,10.89,10.65,10.73,111165,1198554.75
2024-08-29,10.65,10.92,10.40,10.90,109859,1173052.38
2024-08-30,10.91,11.14,10.77,11.03,186185,2057094.13
2024-09-02,10.93,11.06,10.80,10.80,150167,1641958.75
2024-09-03,10.80,10.94,10.71,10.75,67873,732556.44
2024-09-04,10.75,10.95,10.71,10.94,65687,714352.25
2024-09-05,10.94,11.17,10.94,11.00,101124,1117280.63
2024-09-06,11.05,11.51,11.00,11.09,369209,4167928.75
2024-09-09,11.02,11.04,10.85,10.85,123036,1343154.00
2024-09-10,10.82,10.92,10.75,10.90,62487,677131.56
2024-09-11,10.77,10.94,10.67,10.92,76330,824675.81
2024-09-12,10.82,10.94,10.80,10.85,59983,652462.69
2024-09-13,10.82,11.05,10.56,10.89,194348,2106057.00
2024-09-18,10.78,10.98,10.73,10.81,161276,1750132.88
2024-09-19,10.81,10.98,10.78,10.83,58962,640465.00
2024-09-20,10.91,10.91,10.68,10.69,211605,2269783.00
2024-09-23,10.82,10.82,10.51,10.64,109620,1164023.00
2024-09-24,10.63,10.90,10.56,10.80,180186,1936741.00
2024-09-25,10.84,11.12,10.79,10.83,213291,2336378.25
2024-09-26,10.80,11.14,10.65,11.07,322564,3535411.25
2024-09-27,11.30,12.10,11.20,11.89,984478,11482500.00
2024-09-30,12.39,15.01,12.39,14.20,2217927,30942194.00
2024-10-08,17.04,17.80,14.70,16.60,3764468,60446192.00
2024-10-09,15.05,15.90,13.88,13.88,1865442,27611978.00
2024-10-10,14.01,14.78,13.70,13.93,1126491,15980263.00
2024-10-11,13.93,13.93,12.51,12.60,1387198,18189146.00
2024-10-14,12.56,13.20,12.49,13.10,545607,7053619.00
2024-10-15,13.20,14.08,12.96,14.02,1673849,22944926.00
2024-10-16,13.75,14.45,13.66,14.06,741451,10393731.00
2024-10-17,14.22,15.94,13.77,14.77,2840350,42378200.00
2024-10-18,15.41,15.90,14.69,15.69,4047705,62627620.00
2024-10-21,14.95,19.18,14.84,18.99,8770109,155508352.00
2024-10-22,18.00,24.68,16.43,20.91,14675786,311890688.00
2024-10-23,19.10,21.95,17.80,21.23,12056875,230978624.00
2024-10-24,19.90,21.98,19.58,21.30,9328682,193244736.00
2024-10-25,22.50,23.98,19.17,19.32,10107312,222505680.00
2024-10-28,18.70,20.52,18.16,20.52,6519111,127327984.00
2024-10-29,26.65,26.67,26.00,26.67,5811105,154935792.00
2024-10-30,28.00,34.11,24.70,27.00,15399139,451604384.00
2024-10-31,23.25,26.34,23.24,25.22,10851396,263589632.00
2024-11-01,24.11,24.41,20.32,20.37,6944615,156554448.00
2024-11-04,20.11,21.99,20.10,21.80,4613601,97856432.00
2024-11-05,21.79,23.43,21.37,23.18,6012098,136383712.00
2024-11-06,23.00,26.69,22.83,24.76,8257971,201875792.00
2024-11-07,24.60,28.58,24.25,26.89,8383443,222951328.00
2024-11-08,26.06,27.25,25.30,26.50,5900284,154940016.00
2024-11-11,25.72,28.96,24.88,27.95,6856821,184708256.00
2024-11-12,27.00,27.98,25.25,25.75,4622257,123265880.00
2024-11-13,25.00,27.52,24.50,26.90,5330828,142750928.00
2024-11-14,26.90,27.80,25.70,26.15,4617628,123923040.00
2024-11-15,26.93,31.99,26.92,28.06,8869417,257826064.00
2024-11-18,28.15,30.89,26.80,29.39,8383762,242610832.00
2024-11-19,27.89,28.18,23.45,26.19,7040419,181392368.00
2024-11-20,26.01,29.80,25.98,27.84,7040251,195451312.00
2024-11-21,26.99,34.00,26.90,30.20,9441388,283907136.00
2024-11-22,28.88,39.26,28.50,37.00,14130197,519006752.00
2024-11-25,39.30,48.00,35.17,40.43,16177927,644595776.00
2024-11-26,39.10,47.68,34.85,35.80,14468969,600287744.00
2024-11-27,34.00,46.54,33.45,46.54,12041875,483784768.00
2024-11-28,52.30,57.68,43.24,43.91,16433287,823065856.00
2024-11-29,44.00,48.27,42.11,45.30,12435658,560921216.00
2024-12-02,43.31,48.27,42.65,44.00,10193974,452687360.00
2024-12-03,44.00,44.00,44.00,44.00,0,0.00
#数据来源:通达信
