833523 德瑞锂电 日线 不复权
      日期	    开盘	    最高	    最低	    收盘	    成交量	    成交额
2016-06-29,1.82,1.82,1.82,1.82,191000,347620.00
2016-06-30,1.82,1.82,1.82,1.82,68000,123760.00
2016-11-01,5.00,5.00,5.00,5.00,1000,5000.00
2019-04-19,6.31,6.31,6.31,6.31,111000,700410.00
2020-03-19,6.21,6.21,6.21,6.21,2000,12420.00
2020-03-20,4.01,6.00,4.01,6.00,42000,188320.00
2020-03-25,6.98,6.98,6.98,6.98,9000,62820.00
2020-03-26,7.00,7.00,6.00,6.00,17000,114780.00
2020-03-30,6.26,6.26,6.26,6.26,4400,27544.00
2020-03-31,6.19,6.19,5.90,5.90,8600,51320.00
2020-04-02,5.68,5.68,5.68,5.68,2000,11360.00
2020-04-15,6.00,6.00,6.00,6.00,300,1800.00
2020-04-16,5.99,5.99,5.99,5.99,1000,5990.00
2020-04-21,6.66,7.00,6.60,6.60,9000,60236.06
2020-04-22,6.60,6.60,6.00,6.00,40000,242550.00
2020-04-23,6.60,6.60,6.50,6.50,31000,202300.00
2020-04-24,6.50,6.60,6.50,6.50,24000,156100.00
2020-04-30,6.20,6.20,6.20,6.20,15600,96726.20
2020-05-06,6.60,6.60,6.60,6.60,3000,19800.00
2020-05-08,7.05,7.05,7.05,7.05,4000,28200.00
2020-05-11,7.05,7.05,7.05,7.05,2000,14100.00
2020-05-13,7.15,7.15,7.15,7.15,1389200,7389691.50
2020-05-14,7.88,7.88,7.88,7.88,100,788.00
2020-05-15,7.10,7.10,7.10,7.10,100,710.00
2020-05-18,7.98,7.98,7.06,7.06,1500,11050.00
2020-05-19,6.80,6.80,6.80,6.80,1500100,7965680.00
2020-05-21,7.98,7.98,7.03,7.03,600,4693.00
2020-05-22,7.03,7.03,7.03,7.03,1328200,7052742.00
2020-05-25,8.00,8.00,7.06,7.06,3000,23060.00
2020-05-26,7.51,7.51,7.51,7.51,731100,4388261.00
2020-05-27,8.00,8.00,7.54,7.54,2300,18315.00
2020-05-28,7.60,7.60,7.60,7.60,2021100,10736077.00
2020-05-29,12.72,12.72,12.72,12.72,200,2544.00
2020-06-01,8.50,9.03,8.50,9.03,2700,23655.11
2020-06-04,9.54,9.66,9.54,9.66,3400,33486.24
2020-06-05,9.88,9.99,9.88,9.99,13100,131396.13
2020-06-08,10.00,16.47,10.00,16.47,6100,61647.00
2020-06-09,10.00,18.99,10.00,18.99,200,2899.00
2020-06-10,10.11,10.16,10.11,10.16,800,8346.52
2020-06-11,10.00,10.00,9.90,9.90,39200,392290.00
2020-06-12,9.01,9.01,9.00,9.00,46800,421881.00
2020-06-15,8.99,8.99,8.78,8.78,10700,95776.10
2020-06-16,8.35,8.70,8.35,8.70,3600,31144.00
2020-06-17,8.70,8.70,8.70,8.70,24900,216630.00
2020-06-18,8.65,9.00,8.64,8.70,15500,134783.59
2020-06-19,8.60,8.65,8.55,8.59,23000,197931.41
2020-06-22,8.59,8.90,8.59,8.63,24700,213877.64
2020-06-23,8.58,8.58,8.08,8.26,34800,290842.75
2020-06-24,8.58,9.79,8.30,9.79,22600,194643.00
2020-06-29,9.49,9.49,8.99,8.99,12800,117997.00
2020-06-30,8.81,8.81,8.55,8.56,37700,329732.41
2020-07-01,8.65,8.65,8.55,8.55,6900,59235.00
2020-07-02,8.60,8.63,8.60,8.62,28400,244690.00
2020-07-03,8.62,8.62,8.62,8.62,5800,49996.00
2020-07-06,8.63,9.09,8.63,9.00,24300,213125.41
2020-07-07,8.90,8.95,8.90,8.91,9100,81555.90
2020-07-08,8.95,8.95,8.91,8.93,9400,84042.90
2020-07-09,8.98,8.98,8.71,8.97,74700,664959.00
2020-07-10,8.97,8.97,8.80,8.80,10400,91554.00
2020-07-13,8.95,8.95,8.78,8.78,22000,194460.00
2020-07-14,8.74,8.74,8.55,8.55,8600,73918.00
2020-07-15,8.78,9.00,8.52,8.86,84800,738393.00
2020-07-16,9.01,9.97,9.01,9.36,232100,2197150.75
2020-07-17,9.06,9.79,9.06,9.79,165300,1549228.88
2020-07-20,9.91,11.10,9.91,11.00,253000,2756506.00
2020-07-21,10.92,11.31,10.65,10.70,273800,3022491.00
2020-07-22,11.00,11.00,10.65,10.99,44600,485931.56
2020-07-23,10.99,10.99,10.70,10.91,32100,346852.56
2020-07-24,10.99,11.90,10.99,11.00,31300,354139.34
2020-07-27,7.99,9.97,7.99,9.96,30700,265990.31
2020-07-28,11.10,11.10,9.49,9.64,22200,214406.44
2020-07-29,9.50,10.50,9.28,10.22,54300,527241.69
2020-07-30,10.01,10.45,10.00,10.20,8900,90550.33
2020-07-31,10.00,10.20,9.99,10.20,25400,258383.64
2020-08-03,11.50,11.50,10.00,10.69,11500,124922.50
2020-08-04,11.50,11.50,11.50,11.50,100,1150.00
2020-08-06,8.50,10.50,8.50,10.50,3000,26680.00
2020-08-07,9.60,10.19,9.60,10.19,2800,27260.00
2020-08-10,11.48,11.48,11.48,11.48,100,1148.00
2020-08-11,8.75,10.50,8.75,10.00,27300,269372.50
2020-08-12,10.06,10.06,10.06,10.06,100,1006.00
2020-08-13,9.98,9.98,9.87,9.87,16900,166979.92
2020-08-14,9.87,9.87,9.87,9.87,15500,152718.52
2020-08-17,9.87,9.87,9.87,9.87,2800,27636.00
2020-08-18,9.98,11.98,9.98,10.99,801200,7212277.00
2020-08-19,10.39,10.39,10.39,10.39,800300,7203117.00
2020-08-20,10.00,10.00,9.91,9.97,41500,413870.81
2020-08-21,10.29,10.29,9.51,9.51,6600,65497.00
2020-08-24,9.98,9.98,9.68,9.88,59200,587784.50
2020-08-25,10.36,10.36,10.28,10.28,300,3092.00
2020-08-26,10.20,10.20,10.20,10.20,300,3060.00
2020-08-27,10.05,10.05,9.30,9.51,6800,64643.00
2020-08-28,9.55,10.44,9.55,10.44,400,3475.50
2020-08-31,9.70,10.40,9.70,10.40,2600,25290.00
2020-09-01,10.35,10.35,10.10,10.10,3900,39680.00
2020-09-02,10.06,10.06,9.66,9.66,2500,24782.80
2020-09-03,10.90,10.90,10.90,10.90,100,1090.00
2020-09-04,10.05,10.30,10.00,10.00,3100,31281.00
2020-09-09,9.53,9.60,9.53,9.60,4000,38260.00
2020-09-10,9.55,9.55,9.55,9.55,1400,13370.00
2020-09-11,9.55,9.55,9.55,9.55,0,296.05
2020-09-16,10.00,10.00,8.90,9.20,4900,44730.00
2020-09-17,8.91,9.62,8.91,9.60,11200,107663.60
2020-09-18,9.55,9.95,9.55,9.95,20200,192984.41
2020-09-21,9.70,9.70,9.52,9.60,19000,182400.00
2020-09-22,9.60,9.60,9.04,9.10,14000,129300.00
2020-09-23,9.05,9.60,9.05,9.22,12200,112097.40
2020-09-24,9.38,9.38,9.32,9.32,8300,77498.40
2020-09-25,9.14,9.30,9.14,9.30,6700,62222.00
2020-09-28,9.60,9.60,9.55,9.60,28500,272748.50
2020-09-29,9.00,9.00,9.00,9.00,20000,180000.00
2020-09-30,9.00,9.00,9.00,9.00,2100,18981.00
2020-10-09,9.00,9.01,9.00,9.01,3200,29191.41
2020-10-12,9.38,9.38,9.38,9.38,800,7504.00
2020-10-13,9.77,9.77,9.77,9.77,1000,9770.00
2020-10-14,9.60,9.60,9.30,9.30,43900,411690.00
2020-10-15,9.45,9.70,9.45,9.70,5900,56207.50
2020-10-16,9.90,9.90,9.50,9.56,27600,266587.00
2020-10-22,9.68,9.68,9.10,9.10,9500,90150.00
2020-10-23,10.00,10.00,10.00,10.00,20000,200000.00
2020-10-26,9.89,9.89,9.89,9.89,2000,19780.00
2020-10-27,9.88,9.88,9.88,9.88,100,988.00
2020-10-28,9.88,9.88,9.88,9.88,6500,64476.88
2020-11-03,9.88,9.88,9.87,9.87,500,4936.00
2020-11-06,9.87,9.87,9.85,9.85,4100,40387.00
2020-11-09,9.39,9.40,9.15,9.16,14700,136678.00
2020-11-10,9.03,9.06,9.03,9.04,6800,61884.92
2020-11-12,9.25,9.25,9.03,9.04,3800,34529.00
2020-11-13,9.25,9.25,9.22,9.22,4400,40630.00
2020-11-16,9.06,9.30,9.05,9.30,70400,652770.88
2020-11-17,9.40,9.40,9.40,9.40,1000,9400.00
2020-11-18,9.38,9.38,9.30,9.30,1600,14968.00
2020-11-20,9.10,9.10,9.10,9.10,2400,21385.00
2020-11-23,9.19,9.20,9.10,9.20,8000,73448.40
2020-11-24,9.35,9.35,9.35,9.35,2000,18700.00
2020-11-25,9.75,9.75,9.30,9.30,18500,177156.00
2020-11-26,9.75,9.86,9.40,9.40,20700,201730.00
2020-11-27,9.60,9.60,9.58,9.60,3800,36472.00
2020-11-30,9.80,9.92,9.78,9.92,15700,154327.14
2020-12-01,9.98,10.85,9.98,9.99,11300,113140.00
2020-12-02,9.98,9.98,9.98,9.98,9900,99001.60
2020-12-03,10.15,10.88,10.15,10.88,5100,51838.00
2020-12-04,11.40,11.40,11.40,11.40,100,1140.00
2020-12-07,11.77,11.77,10.00,11.00,5300,53377.00
2020-12-08,10.85,11.00,10.85,11.00,6700,72949.70
2020-12-09,10.30,11.00,10.30,11.00,3600,38992.00
2020-12-10,10.51,10.58,10.51,10.58,5700,60302.58
2020-12-11,10.18,10.84,10.18,10.84,5100,51984.00
2020-12-14,10.58,11.00,10.58,10.94,69600,750856.00
2020-12-15,10.90,11.43,10.50,10.90,165700,1847685.13
2020-12-16,10.90,10.90,10.50,10.90,15300,165172.41
2020-12-17,10.90,11.10,10.90,11.05,175900,1943429.00
2020-12-18,20.00,20.00,11.00,11.70,11200,131448.00
2020-12-21,14.50,14.50,11.76,11.80,196400,2366013.00
2020-12-22,12.00,12.00,12.00,12.00,100,1200.00
2020-12-23,11.10,11.10,11.10,11.10,15000,166500.00
2020-12-24,11.78,11.78,11.75,11.75,117000,1374753.00
2020-12-25,10.88,11.40,10.88,10.91,20000,219836.00
2020-12-28,11.00,11.00,10.90,10.97,44200,485860.00
2020-12-29,11.00,11.00,10.55,10.60,24600,260800.00
2020-12-30,10.84,10.84,10.70,10.70,3000,32213.00
2020-12-31,10.94,10.94,10.94,10.94,100,1094.00
2021-01-04,10.90,10.90,9.83,10.90,1500,15022.42
2021-01-05,10.90,10.90,10.82,10.89,300,3261.00
2021-01-06,11.30,11.30,10.50,10.50,28100,295025.00
2021-01-07,10.94,10.94,10.94,10.94,100,1094.00
2021-01-11,10.98,10.98,10.50,10.50,600,6348.00
2021-01-12,10.48,10.48,10.40,10.40,14100,146648.00
2021-01-13,10.70,10.90,10.70,10.90,15400,166320.00
2021-01-14,11.90,11.90,11.90,11.90,5100,60690.00
2021-01-15,21.00,21.00,21.00,21.00,100,2100.00
2021-01-18,11.60,13.46,11.60,11.60,6500,75078.60
2021-01-19,19.99,19.99,19.99,19.99,100,1999.00
2021-01-20,13.88,13.88,13.88,13.88,200,2776.00
2021-01-21,18.85,18.85,11.27,11.97,14100,165747.50
2021-06-03,12.88,14.87,12.81,14.00,8452400,114458928.00
2021-06-04,13.97,14.50,13.28,13.37,2978000,41463876.00
2021-06-07,13.40,13.40,12.40,12.46,3241300,41280892.00
2021-06-08,12.52,13.07,12.42,12.69,1397400,17879898.00
2021-06-09,12.55,13.18,12.53,13.08,1276600,16547923.00
2021-06-10,13.12,13.55,13.11,13.41,1250300,16733461.00
2021-06-11,13.40,13.99,13.35,13.73,1040600,14204973.00
2021-06-15,13.77,14.15,13.73,14.05,862200,12018909.00
2021-06-16,14.13,14.39,14.00,14.28,1134400,16095706.00
2021-06-17,14.25,14.35,13.80,13.84,857700,12021748.00
2021-06-18,13.77,14.00,13.70,13.88,600800,8304870.00
2021-06-21,13.80,14.27,13.75,14.26,433600,6137949.50
2021-06-22,14.26,15.38,14.26,15.38,1071500,15921379.00
2021-06-23,15.28,16.12,15.21,16.06,927300,14644159.00
2021-06-24,16.09,16.78,16.09,16.23,844000,13823896.00
2021-06-25,16.25,16.67,15.87,16.05,1182800,21432206.00
2021-06-28,16.05,16.16,15.60,15.75,667200,10540885.00
2021-06-29,15.61,15.80,15.32,15.35,720700,11203829.00
2021-06-30,15.36,15.57,15.23,15.40,421600,6478056.00
2021-07-01,15.50,15.54,14.67,14.67,756600,11377565.00
2021-07-02,14.79,14.79,14.30,14.45,586900,8447698.00
2021-07-05,14.45,14.87,14.45,14.75,397100,5854294.50
2021-07-06,14.91,15.00,14.79,15.00,520300,7759595.00
2021-07-07,14.99,16.09,14.91,16.00,947300,14797043.00
2021-07-08,16.02,16.50,15.40,15.66,935500,14902557.00
2021-07-09,15.58,17.00,15.56,16.98,1227600,20094432.00
2021-07-12,17.30,17.97,17.23,17.75,1601500,28261860.00
2021-07-13,17.33,17.85,16.78,16.81,1195500,20512630.00
2021-07-14,16.95,17.23,16.70,16.78,792900,13450711.00
2021-07-15,16.89,17.19,16.65,16.87,544400,9185546.00
2021-07-16,17.08,17.75,16.88,17.50,627300,10858378.00
2021-07-19,17.45,18.20,16.72,16.80,723700,12807068.00
2021-07-20,16.70,16.80,16.12,16.48,471000,7744825.00
2021-07-21,16.60,17.23,16.36,17.08,407700,6932478.00
2021-07-22,17.24,17.24,16.44,16.81,695800,11639394.00
2021-07-23,16.81,16.98,16.53,16.80,282900,4737434.00
2021-07-26,16.65,16.91,16.42,16.47,361500,5991620.50
2021-07-27,16.78,16.83,16.39,16.39,259600,4308590.00
2021-07-28,16.30,16.31,15.23,15.38,647800,10114305.00
2021-07-29,15.60,15.93,15.53,15.85,337200,5299585.50
2021-07-30,15.99,15.99,15.65,15.82,130700,2062901.38
2021-08-02,15.82,16.09,15.55,15.76,135200,2149865.00
2021-08-03,15.71,15.87,15.25,15.28,212000,3288185.50
2021-08-04,15.46,15.82,15.30,15.82,217600,3405531.25
2021-08-05,15.68,15.87,15.26,15.30,273700,4216760.00
2021-08-06,15.30,15.64,15.30,15.46,198900,3063537.00
2021-08-09,15.52,15.63,15.18,15.46,315900,4855701.50
2021-08-10,15.44,15.54,15.33,15.47,154900,2393475.50
2021-08-11,15.33,15.63,15.33,15.60,146400,2269386.00
2021-08-12,16.05,16.27,15.98,16.21,464300,7490667.00
2021-08-13,16.21,16.77,16.08,16.77,539800,8857854.00
2021-08-16,16.77,17.18,16.61,16.80,296900,5004543.50
2021-08-17,16.20,16.20,15.18,15.22,889900,13824581.00
2021-08-18,15.39,15.39,13.99,14.40,724100,10501234.00
2021-08-19,14.31,14.78,14.31,14.73,208700,3047343.00
2021-08-20,14.78,14.98,14.55,14.80,202700,2993242.50
2021-08-23,14.93,15.36,14.88,15.23,402900,6116640.50
2021-08-24,15.46,15.46,15.18,15.31,181300,2779111.25
2021-08-25,15.30,15.39,15.08,15.22,194200,2959703.50
2021-08-26,15.12,15.25,14.50,14.63,329300,4844276.50
2021-08-27,14.51,14.85,14.02,14.12,373100,5315518.50
2021-08-30,14.37,14.41,14.00,14.14,199200,2831638.50
2021-08-31,14.06,14.40,14.00,14.38,191500,2715973.50
2021-09-01,14.28,14.80,14.22,14.69,293100,4288558.50
2021-09-02,14.77,15.45,14.76,15.44,428700,6500252.50
2021-09-03,19.00,19.80,17.12,19.22,3649700,67174192.00
2021-09-06,19.74,24.98,19.74,23.00,2984400,70121688.00
2021-09-07,23.50,28.48,23.23,26.81,3890200,100998936.00
2021-09-08,26.00,27.97,24.90,26.66,2248500,59605512.00
2021-09-09,26.89,28.88,26.75,27.33,2025100,55708424.00
2021-09-10,28.20,28.49,25.51,26.40,1680800,44845900.00
2021-09-13,26.50,26.50,24.01,24.67,1140600,28424526.00
2021-09-14,24.85,25.46,24.23,24.38,587100,14623836.00
2021-09-15,24.25,24.87,23.50,23.67,670600,16177744.00
2021-09-16,23.91,23.91,22.11,22.11,672700,15361376.00
2021-09-17,22.03,24.87,22.03,24.70,1027600,24444272.00
2021-09-22,26.58,27.96,25.81,26.22,1770500,46955660.00
2021-09-23,26.39,26.39,24.73,24.76,1062700,26831300.00
2021-09-24,24.81,25.47,24.60,24.82,510100,12744095.00
2021-09-27,24.82,25.45,22.73,23.57,544900,13004286.00
2021-09-28,23.57,23.82,23.07,23.32,297600,6951992.50
2021-09-29,22.83,24.27,22.83,23.40,364200,8657398.00
2021-09-30,23.67,25.50,23.27,25.18,609400,15097297.00
2021-10-08,25.56,25.88,23.44,24.26,346400,8427115.00
2021-10-11,24.25,24.58,24.03,24.25,228600,5549724.50
2021-10-12,24.55,24.55,23.23,23.48,208500,4948155.50
2021-10-13,23.90,24.37,23.55,24.15,238900,5751902.00
2021-10-14,24.01,24.37,23.70,23.73,123600,2947912.00
2021-10-15,23.51,24.17,23.50,24.16,205900,4921892.50
2021-10-18,24.18,24.35,23.60,23.91,186300,4459668.00
2021-10-19,24.19,25.17,24.17,24.70,379500,9373753.00
2021-10-20,24.73,25.25,24.51,25.06,262900,6554524.00
2021-10-21,25.10,25.18,24.58,25.00,374500,9311670.00
2021-10-22,24.81,25.18,24.80,25.00,179700,4496491.50
2021-10-25,24.48,24.95,24.48,24.65,282800,6972910.50
2021-10-26,24.53,24.54,22.22,22.62,817800,18846196.00
2021-10-27,23.00,23.00,21.05,21.45,373700,8114796.50
2021-10-28,21.50,21.55,20.30,20.55,574600,11841154.00
2021-10-29,21.60,22.88,21.08,22.74,481900,10722833.00
2021-11-01,24.60,26.60,24.51,25.01,1168400,29505632.00
2021-11-02,25.60,25.60,24.50,24.83,472100,11844500.00
2021-11-03,24.49,26.43,24.49,26.39,1025700,26414670.00
2021-11-04,26.39,28.00,26.39,27.75,1192100,32920444.00
2021-11-05,27.42,28.26,27.28,28.07,618400,17181674.00
2021-11-08,28.60,30.88,28.17,30.10,1439600,42968076.00
2021-11-09,30.50,30.85,28.58,30.01,991000,29202958.00
2021-11-10,30.00,30.48,28.88,30.25,666000,19720540.00
2021-11-11,30.80,31.68,29.32,30.57,1022000,31330776.00
2021-11-12,30.98,33.35,30.50,32.81,1663400,53360668.00
2021-11-15,36.38,42.65,36.38,38.79,7764800,305494944.00
2021-11-16,38.00,38.00,32.90,32.99,4331500,150786688.00
2021-11-17,33.56,35.98,33.20,34.80,3580900,124477896.00
2021-11-18,35.45,35.65,32.28,32.47,3043000,102830072.00
2021-11-19,32.98,33.48,29.76,30.20,3103900,95550872.00
2021-11-22,30.79,31.50,30.20,30.95,2190000,67837320.00
2021-11-23,30.95,36.32,30.95,34.50,4882100,166223952.00
2021-11-24,34.99,38.00,34.63,35.69,4706100,170813792.00
2021-11-25,35.68,36.98,33.94,36.20,2628900,94427944.00
2021-11-26,36.54,37.33,35.01,36.46,2302800,83996336.00
2021-11-29,35.58,36.46,33.36,34.02,3219400,112325376.00
2021-11-30,33.60,34.98,33.11,33.78,1742300,59257652.00
2021-12-01,33.88,33.96,32.26,32.78,1703300,55817980.00
2021-12-02,32.81,33.64,32.08,32.28,1236000,40534712.00
2021-12-03,32.49,32.78,30.40,31.40,1903400,59356972.00
2021-12-06,31.61,31.89,30.30,30.75,1155500,35766028.00
2021-12-07,30.92,31.30,29.91,30.26,1164100,35316196.00
2021-12-08,30.55,31.22,30.08,31.18,886100,27353932.00
2021-12-09,31.00,31.36,30.33,30.75,745700,22946838.00
2021-12-10,30.31,30.92,29.96,30.43,1027400,31147104.00
2021-12-13,30.74,30.96,30.06,30.22,897700,27286652.00
2021-12-14,30.23,30.99,30.09,30.55,1157700,35404312.00
2021-12-15,30.30,30.36,28.53,28.57,2495300,73112504.00
2021-12-16,28.79,28.85,28.12,28.24,1053400,29884540.00
2021-12-17,28.08,28.67,28.08,28.22,799900,22709080.00
2021-12-20,28.01,28.01,26.00,26.35,1385400,36993772.00
2021-12-21,26.35,26.57,25.40,25.72,1008800,26096270.00
2021-12-22,25.73,25.92,25.23,25.29,927200,23634106.00
2021-12-23,25.00,25.50,25.00,25.17,540600,13622339.00
2021-12-24,22.57,25.68,22.57,25.20,1476500,35826540.00
2021-12-27,25.40,25.40,24.55,24.84,536300,13427346.00
2021-12-28,24.78,26.99,24.10,26.98,1660200,42450036.00
2021-12-29,26.58,28.50,26.55,27.27,1414900,39241008.00
2021-12-30,27.25,28.26,26.80,27.37,1170900,32122772.00
2021-12-31,27.50,29.78,27.48,28.65,2313900,66121244.00
2022-01-04,28.40,28.80,26.63,26.88,1642500,44567288.00
2022-01-05,26.80,26.98,26.01,26.16,775300,20413404.00
2022-01-06,26.05,26.67,25.37,26.14,703600,18251054.00
2022-01-07,26.30,26.50,25.18,25.27,631700,16208819.00
2022-01-10,25.00,25.33,24.80,25.00,585061,14594369.00
2022-01-11,25.01,25.01,24.26,24.28,686863,16803890.00
2022-01-12,24.28,26.18,24.28,25.40,1044531,26667474.00
2022-01-13,25.01,25.80,24.61,24.68,688478,17167254.00
2022-01-14,24.53,25.50,24.52,24.96,654892,16426507.00
2022-01-17,24.81,26.35,24.61,25.77,1023630,26201812.00
2022-01-18,26.55,26.55,25.72,25.93,1051169,27374584.00
2022-01-19,26.00,26.30,24.92,25.10,727917,18377776.00
2022-01-20,25.44,25.86,24.54,25.18,1165587,29462502.00
2022-01-21,25.50,25.99,24.99,25.30,628543,16081713.00
2022-01-24,25.30,26.62,24.75,26.03,1279193,33027580.00
2022-01-25,26.00,26.00,24.30,24.32,1121488,27890176.00
2022-01-26,24.32,24.88,24.00,24.35,411112,10014719.00
2022-01-27,24.24,24.77,23.24,23.45,737541,17518624.00
2022-01-28,23.79,24.20,23.00,23.72,375972,8884884.00
2022-02-07,24.62,24.62,23.88,24.10,302155,7306290.50
2022-02-08,23.81,23.99,23.23,23.54,343634,8051506.00
2022-02-09,23.51,23.98,23.39,23.81,255435,6063399.00
2022-02-10,23.53,23.94,23.00,23.19,372096,8659033.00
2022-02-11,22.90,23.42,21.81,21.93,978330,21949596.00
2022-02-14,21.84,21.88,21.00,21.20,684927,14611168.00
2022-02-15,21.22,22.30,21.21,21.70,435583,9483003.00
2022-02-16,21.70,22.48,21.70,21.86,334972,7358559.00
2022-02-17,21.81,23.56,21.51,22.51,1298250,29445828.00
2022-02-18,21.94,22.58,21.51,22.06,602101,13192814.00
2022-02-21,21.80,22.13,21.60,22.03,375163,8213165.00
2022-02-22,22.03,22.29,21.63,21.75,394446,8585424.00
2022-02-23,21.76,22.51,21.75,22.35,646028,14364526.00
2022-02-24,22.14,22.39,20.00,21.15,847650,18014182.00
2022-02-25,21.21,21.67,21.08,21.29,344278,7355222.00
2022-02-28,21.22,21.23,20.58,20.65,485345,10043466.00
2022-03-01,20.88,20.99,20.36,20.46,472927,9732694.00
2022-03-02,20.25,20.25,19.66,20.00,821050,16298377.00
2022-03-03,20.17,20.20,19.83,19.90,339000,6748373.50
2022-03-04,19.69,20.00,19.18,19.41,570780,11120704.00
2022-03-07,19.66,19.66,18.19,18.30,915798,16975134.00
2022-03-08,18.54,18.64,17.76,17.80,421634,7608135.50
2022-03-09,18.00,18.00,16.41,17.03,534917,9153596.00
2022-03-10,17.66,17.66,17.01,17.23,316806,5521373.00
2022-03-11,17.21,17.21,16.41,17.03,388723,6475147.50
2022-03-14,16.95,16.95,16.29,16.29,389058,6405837.00
2022-03-15,16.28,16.28,14.80,14.92,767667,11868026.00
2022-03-16,15.05,15.50,14.62,15.44,617894,9423317.00
2022-03-17,15.60,18.40,15.58,17.20,1529640,26272756.00
2022-03-18,17.09,17.52,16.66,17.08,818147,13980944.00
2022-03-21,17.27,18.25,17.27,17.63,967463,17250538.00
2022-03-22,17.63,17.63,16.94,17.09,546470,9361101.00
2022-03-23,17.20,17.26,16.91,17.02,268883,4588830.00
2022-03-24,17.07,17.07,16.56,16.85,289009,4822705.00
2022-03-25,16.79,16.79,16.11,16.32,355703,5836766.50
2022-03-28,16.06,16.40,15.98,16.08,184923,2975880.00
2022-03-29,16.05,16.86,16.05,16.12,265124,4359953.50
2022-03-30,16.15,16.70,16.15,16.42,374993,6179262.50
2022-03-31,16.60,16.60,15.65,16.02,330005,5336928.00
2022-04-01,15.90,16.68,15.81,16.45,426506,6996556.50
2022-04-06,16.47,16.47,16.10,16.30,212320,3444263.50
2022-04-07,16.01,16.28,15.88,15.88,194280,3112756.00
2022-04-08,15.75,16.08,15.71,15.90,214626,3415471.50
2022-04-11,16.15,16.15,14.88,15.29,357240,5454726.50
2022-04-12,15.56,15.57,15.00,15.50,185224,2811643.00
2022-04-13,15.20,15.30,15.00,15.10,190133,2869141.50
2022-04-14,15.13,15.25,15.03,15.09,226001,3411060.50
2022-04-15,15.03,15.03,14.70,14.70,193231,2862906.50
2022-04-18,14.68,14.97,14.23,14.94,171558,2534023.50
2022-04-19,14.93,15.10,14.45,14.50,147733,2178080.00
2022-04-20,14.51,14.62,14.31,14.33,156749,2266413.25
2022-04-21,14.38,14.70,13.82,13.90,262917,3723722.50
2022-04-22,13.90,13.90,13.36,13.43,209298,2852424.75
2022-04-25,13.00,13.43,12.03,12.35,374773,4824664.00
2022-04-26,12.41,12.72,12.02,12.16,219802,2712903.00
2022-04-27,12.47,13.69,11.83,13.12,528674,6774552.00
2022-04-28,13.14,13.14,12.32,12.60,356345,4526349.00
2022-04-29,12.10,12.85,12.00,12.82,487226,6108253.50
2022-05-05,12.74,13.00,12.42,12.81,239114,3061385.75
2022-05-06,12.53,13.00,12.34,12.60,253317,3194931.00
2022-05-09,12.51,13.00,12.51,12.80,245141,3147107.00
2022-05-10,12.86,13.30,12.60,13.30,320030,4204607.50
2022-05-11,13.05,14.23,13.00,13.80,832463,11434667.00
2022-05-12,13.59,14.02,13.57,14.01,612933,8535718.00
2022-05-13,14.24,14.53,13.78,14.36,420782,6005212.50
2022-05-16,14.11,14.94,14.11,14.28,358198,5195360.50
2022-05-17,14.50,14.79,14.30,14.64,468806,6860337.00
2022-05-18,14.45,14.88,14.45,14.53,407814,5978368.00
2022-05-19,14.34,14.72,14.26,14.59,384780,5548819.00
2022-05-20,14.64,14.86,14.38,14.59,151895,2224731.50
2022-05-23,14.50,14.93,14.39,14.90,408189,6006636.00
2022-05-24,15.00,15.06,14.38,14.39,335933,4949025.50
2022-05-25,13.45,14.60,13.45,14.07,187116,2646000.75
2022-05-26,13.90,14.28,13.90,13.95,156390,2196067.00
2022-05-27,13.95,14.14,13.52,13.58,317144,4364566.00
2022-05-30,13.58,13.78,13.52,13.56,112506,1529129.50
2022-05-31,13.51,13.68,13.34,13.58,185421,2510467.25
2022-06-01,13.75,13.82,13.58,13.74,225587,3099284.25
2022-06-02,13.80,14.56,13.54,14.39,693415,9830830.00
2022-06-06,14.44,17.38,14.05,16.11,1704793,27241410.00
2022-06-07,15.83,16.20,15.60,15.75,944311,14997690.00
2022-06-08,15.81,17.00,15.81,16.23,1203086,19788192.00
2022-06-09,16.22,16.28,15.71,15.87,613999,9813318.00
2022-06-10,15.67,16.16,15.67,16.00,430899,6890861.50
2022-06-13,15.84,16.17,15.73,15.86,286800,4545722.50
2022-06-14,15.61,15.88,15.03,15.45,428672,6590544.50
2022-06-15,15.45,15.98,15.45,15.55,245441,3858069.25
2022-06-16,15.60,15.82,15.45,15.65,243214,3802352.00
2022-06-17,15.02,15.90,15.02,15.74,229103,3594454.50
2022-06-20,15.94,15.98,15.68,15.86,214106,3393826.25
2022-06-21,15.65,15.92,15.64,15.77,160573,2528428.25
2022-06-22,15.64,15.81,15.48,15.48,224179,3508597.25
2022-06-23,15.75,15.77,15.40,15.70,199929,3116704.50
2022-06-24,15.70,15.96,15.70,15.79,380456,6027375.50
2022-06-27,15.66,15.97,15.66,15.96,421903,6688350.50
2022-06-28,16.10,16.96,15.80,16.68,1054149,17493532.00
2022-06-29,16.71,16.90,15.72,15.85,813873,13128445.00
2022-06-30,15.90,15.99,15.37,15.49,950765,14839133.00
2022-07-01,15.49,15.82,15.20,15.29,339788,5207277.50
2022-07-04,15.28,15.85,15.12,15.64,412514,6347253.00
2022-07-05,15.59,15.60,15.12,15.24,255219,3912815.75
2022-07-06,15.09,15.43,15.09,15.16,200975,3049386.75
2022-07-07,15.42,15.42,15.10,15.25,179206,2725766.00
2022-07-08,15.43,15.43,15.00,15.08,190659,2887812.50
2022-07-11,15.06,15.10,14.64,14.67,215289,3175875.50
2022-07-12,14.64,14.69,14.40,14.53,167557,2435494.00
2022-07-13,14.36,14.60,14.36,14.50,202494,2920999.50
2022-07-14,14.56,14.92,14.38,14.70,243611,3584595.50
2022-07-15,14.60,14.90,14.42,14.43,226426,3297300.50
2022-07-18,14.50,14.72,14.24,14.42,221570,3201092.50
2022-07-19,14.50,14.50,14.24,14.26,228845,3283810.75
2022-07-20,14.31,14.37,14.24,14.26,203151,2903094.75
2022-07-21,14.17,14.34,14.13,14.15,184371,2613626.75
2022-07-22,14.08,14.24,14.02,14.10,166745,2349036.75
2022-07-25,14.35,14.35,13.99,14.02,61996,872363.13
2022-07-26,13.85,14.10,13.84,14.00,203132,2834273.75
2022-07-27,14.01,14.35,13.92,14.34,332030,4707069.50
2022-07-28,14.42,14.44,14.27,14.30,153704,2207267.00
2022-07-29,14.16,14.45,14.16,14.34,146253,2093994.88
2022-08-01,14.28,14.62,14.10,14.54,236606,3413110.00
2022-08-02,14.54,14.54,14.00,14.08,280858,3994529.75
2022-08-03,14.29,14.31,13.92,13.98,139344,1967886.13
2022-08-04,14.18,14.18,13.88,14.04,118513,1655402.38
2022-08-05,14.12,14.15,13.80,13.95,320763,4457721.50
2022-08-08,13.95,14.18,13.91,14.05,197562,2775579.50
2022-08-09,14.09,14.18,13.96,14.08,142558,2002800.13
2022-08-10,13.97,14.14,13.89,13.97,139835,1953868.13
2022-08-11,14.07,14.62,13.86,14.46,656653,9381393.00
2022-08-12,14.40,14.40,14.17,14.20,225118,3209843.50
2022-08-15,14.19,14.38,14.19,14.30,180119,2574628.00
2022-08-16,14.26,14.34,14.00,14.20,198456,2818348.25
2022-08-17,14.27,14.27,14.02,14.10,158533,2233413.25
2022-08-18,14.18,15.20,14.18,15.10,1257476,18723484.00
2022-08-19,14.82,15.00,14.52,14.53,624103,9160079.00
2022-08-22,14.40,14.87,14.33,14.69,449062,6564431.50
2022-08-23,14.77,15.30,14.54,15.17,746384,11201835.00
2022-08-24,15.25,15.97,15.25,15.40,1256105,19585656.00
2022-08-25,15.30,15.52,14.69,14.80,759845,11370342.00
2022-08-26,14.85,15.28,14.73,14.90,459052,6884551.50
2022-08-29,14.77,14.77,14.45,14.52,328672,4787176.00
2022-08-30,14.75,14.75,14.33,14.44,213178,3085268.50
2022-08-31,14.43,14.46,14.11,14.12,248141,3528759.25
2022-09-01,14.00,14.36,13.95,14.02,162630,2298465.00
2022-09-02,14.01,14.24,13.93,14.05,141083,1982901.50
2022-09-05,14.28,14.46,14.13,14.18,301988,4311532.00
2022-09-06,14.18,14.29,14.06,14.12,269360,3804667.00
2022-09-07,14.10,14.18,14.04,14.10,263907,3716251.00
2022-09-08,14.07,14.15,13.67,13.72,443178,6160648.00
2022-09-09,13.80,13.93,13.62,13.87,110392,1528821.88
2022-09-13,13.83,14.05,13.81,13.95,94716,1318023.88
2022-09-14,13.82,13.82,13.71,13.78,189564,2609896.25
2022-09-15,13.95,13.95,13.26,13.37,283018,3824294.00
2022-09-16,13.55,13.84,13.10,13.71,811777,11050261.00
2022-09-19,13.60,13.69,13.20,13.22,322824,4325319.50
2022-09-20,13.44,13.60,13.25,13.45,171561,2314133.50
2022-09-21,13.48,14.51,13.35,14.48,1280561,18108042.00
2022-09-22,14.47,15.33,14.26,14.43,1164665,17279532.00
2022-09-23,14.31,14.59,13.78,13.79,576498,8090281.00
2022-09-26,13.74,13.99,13.20,13.40,325494,4409360.50
2022-09-27,13.54,13.54,13.21,13.39,232599,3099356.75
2022-09-28,13.24,13.39,13.00,13.07,210353,2771977.50
2022-09-29,13.24,13.33,12.97,13.00,153460,2009901.00
2022-09-30,13.04,13.10,12.91,12.92,136218,1766966.38
2022-10-10,12.92,13.19,12.70,12.70,80255,1029867.13
2022-10-11,12.84,13.03,12.80,12.94,123691,1596501.88
2022-10-12,13.17,13.17,12.77,13.16,90011,1170422.88
2022-10-13,12.89,13.20,12.89,13.04,140827,1841736.75
2022-10-14,13.21,13.24,13.08,13.20,259660,3423643.50
2022-10-17,13.26,13.30,13.13,13.25,137393,1815857.00
2022-10-18,13.34,13.34,13.18,13.30,226657,3004381.50
2022-10-19,13.35,14.59,13.23,13.97,1232615,17395620.00
2022-10-20,13.60,13.78,13.31,13.53,701283,9483565.00
2022-10-21,13.65,13.65,13.32,13.36,285799,3830246.00
2022-10-24,13.31,13.46,13.14,13.14,244255,3247136.75
2022-10-25,13.15,13.33,13.00,13.24,144797,1898835.75
2022-10-26,13.16,13.44,13.12,13.29,268707,3582478.50
2022-10-27,13.32,13.32,13.04,13.15,199230,2625899.25
2022-10-28,13.15,13.15,12.50,12.54,328621,4195489.50
2022-10-31,12.68,12.98,12.57,12.68,198968,2530675.25
2022-11-01,12.89,13.65,12.68,13.10,375114,4914849.50
2022-11-02,12.90,13.29,12.82,13.23,321260,4232801.50
2022-11-03,13.25,13.45,13.03,13.37,198803,2653766.25
2022-11-04,13.37,13.70,13.23,13.61,495353,6709908.50
2022-11-07,13.63,14.27,13.61,13.94,556397,7763223.00
2022-11-08,13.90,13.93,13.68,13.71,249443,3434528.25
2022-11-09,13.89,13.89,13.50,13.70,184026,2508437.50
2022-11-10,13.61,13.75,13.45,13.58,140958,1908593.38
2022-11-11,13.70,13.88,13.46,13.52,211664,2888440.00
2022-11-14,13.52,13.73,13.46,13.53,117062,1588016.00
2022-11-15,13.47,13.66,13.47,13.62,161463,2192701.50
2022-11-16,13.60,13.68,13.35,13.36,303596,4083403.25
2022-11-17,13.32,13.40,13.19,13.22,166205,2200405.00
2022-11-18,13.21,13.38,13.20,13.29,162368,2159470.25
2022-11-21,13.59,13.70,13.42,13.44,244030,3302869.25
2022-11-22,13.44,13.44,13.21,13.28,159794,2120788.50
2022-11-23,13.35,13.49,13.20,13.48,161698,2156853.25
2022-11-24,13.56,14.20,13.40,13.58,503686,6925142.50
2022-11-25,13.38,13.51,13.30,13.42,226814,3034900.75
2022-11-28,13.40,13.48,13.20,13.37,150476,2010312.38
2022-11-29,13.35,13.56,13.35,13.49,140301,1892424.25
2022-11-30,13.54,13.65,13.42,13.42,209887,2831986.00
2022-12-01,13.35,13.56,13.35,13.44,170148,2287862.00
2022-12-02,13.31,13.48,13.31,13.32,87980,1175954.13
2022-12-05,13.34,13.49,13.23,13.34,301260,4006737.75
2022-12-06,13.26,13.34,13.16,13.26,147758,1955727.25
2022-12-07,13.30,13.40,13.16,13.18,306257,4054706.75
2022-12-08,13.20,13.21,13.08,13.12,165747,2172473.25
2022-12-09,13.08,13.18,13.05,13.12,141184,1850239.88
2022-12-12,13.12,13.26,13.05,13.08,92865,1217920.25
2022-12-13,13.01,13.21,13.01,13.09,69166,902889.31
2022-12-14,13.04,13.17,13.03,13.07,65871,859784.19
2022-12-15,13.03,13.11,12.93,13.05,64137,834804.56
2022-12-16,12.97,13.05,12.79,12.79,265900,3062259.00
2022-12-19,12.80,12.95,12.60,12.71,140916,1801747.75
2022-12-20,12.60,12.79,12.47,12.50,127149,1596204.88
2022-12-21,12.50,12.64,12.09,12.17,169163,2079090.38
2022-12-22,12.17,12.37,11.80,11.99,113695,1381631.63
2022-12-23,11.90,12.06,11.84,11.85,95664,1139679.63
2022-12-26,11.80,12.09,11.80,12.05,157964,1614393.50
2022-12-27,12.17,12.19,11.88,12.03,68925,824490.25
2022-12-28,12.00,12.09,11.80,11.94,71797,854249.75
2022-12-29,12.00,12.00,11.82,11.95,36685,436647.59
2022-12-30,12.09,12.09,11.86,11.90,55728,665555.56
2023-01-03,12.06,12.06,11.83,12.00,134249,1601772.63
2023-01-04,12.00,12.00,11.86,11.97,132331,1578499.25
2023-01-05,11.97,12.17,11.89,12.12,114759,1380320.00
2023-01-06,12.05,12.19,12.05,12.19,108662,1320737.38
2023-01-09,12.19,12.36,12.00,12.00,280730,3396805.75
2023-01-10,12.15,12.15,12.01,12.01,86366,1041480.69
2023-01-11,12.09,12.09,11.86,11.94,102146,1221706.63
2023-01-12,11.99,12.04,11.87,11.97,110728,1327005.13
2023-01-13,11.99,12.01,11.90,11.95,66309,791719.19
2023-01-16,12.00,12.05,11.91,11.95,210909,2524083.00
2023-01-17,11.95,12.00,11.89,11.96,279047,3324046.00
2023-01-18,11.90,11.99,11.89,11.94,179236,2144438.75
2023-01-19,11.99,11.99,11.90,11.91,101280,1208511.00
2023-01-20,11.90,12.50,11.90,12.25,450704,5474564.00
2023-01-30,12.46,13.28,12.27,12.89,1019835,13115633.00
2023-01-31,12.94,16.13,12.78,16.02,5144874,76537080.00
2023-02-01,16.08,16.18,14.40,14.87,3724948,56284140.00
2023-02-02,14.89,14.89,14.05,14.11,2105907,29087108.00
2023-02-03,14.03,14.35,13.93,14.06,993845,14008630.00
2023-02-06,13.93,13.93,13.46,13.55,766279,10433261.00
2023-02-07,13.68,14.38,13.68,14.12,963150,13534689.00
2023-02-08,14.49,14.49,13.79,13.86,596429,8337736.50
2023-02-09,14.00,14.07,13.76,13.92,417840,5804523.50
2023-02-10,13.92,14.07,13.72,13.75,368841,5095770.50
2023-02-13,13.90,14.78,13.80,14.51,1259545,18074326.00
2023-02-14,14.28,14.49,14.02,14.05,651627,9209889.00
2023-02-15,14.05,15.00,14.05,14.17,1172954,16934726.00
2023-02-16,14.17,14.29,13.89,13.98,703503,9912310.00
2023-02-17,14.00,14.10,13.68,13.78,411450,5706601.00
2023-02-20,13.72,13.86,13.55,13.82,326297,4466362.00
2023-02-21,13.67,14.11,13.67,13.90,242394,3376755.25
2023-02-22,13.81,14.01,13.80,13.91,272065,3787545.75
2023-02-23,13.88,14.06,13.74,13.77,150403,2080958.75
2023-02-24,13.89,13.98,13.70,13.78,184839,2553201.50
2023-02-27,13.82,13.89,13.60,13.68,180745,2485879.75
2023-02-28,13.78,13.84,13.58,13.62,167377,2283698.00
2023-03-01,13.62,13.68,13.54,13.62,170271,2313386.50
2023-03-02,13.55,13.67,13.55,13.58,129968,1766792.63
2023-03-03,13.53,13.63,13.40,13.43,174922,2359610.25
2023-03-06,13.50,13.50,13.19,13.23,190363,2525057.25
2023-03-07,13.23,14.19,13.21,13.53,501136,6873932.50
2023-03-08,13.30,13.50,13.20,13.43,189150,2523835.75
2023-03-09,13.48,13.48,13.20,13.30,212909,2830772.50
2023-03-10,13.36,13.48,13.15,13.41,205250,2734312.25
2023-03-13,13.47,13.47,13.25,13.29,88823,1179689.50
2023-03-14,13.25,13.35,13.13,13.30,265509,3509864.75
2023-03-15,13.47,13.47,13.21,13.27,139136,1844121.38
2023-03-16,13.21,13.26,13.12,13.13,66477,874137.63
2023-03-17,13.22,13.22,13.01,13.12,148525,1947249.25
2023-03-20,13.16,13.16,12.82,12.90,168142,2168125.00
2023-03-21,12.90,13.99,12.73,13.72,920929,12488750.00
2023-03-22,13.58,14.10,13.38,13.41,756306,10384801.00
2023-03-23,13.45,13.45,13.01,13.04,466947,6124761.00
2023-03-24,13.10,13.68,13.04,13.30,421191,5644709.00
2023-03-27,13.28,13.28,13.01,13.14,327962,4297065.00
2023-03-28,13.12,13.56,13.04,13.26,357964,4781053.00
2023-03-29,13.15,13.33,13.06,13.16,197203,2587370.50
2023-03-30,13.13,13.23,13.04,13.08,132942,1740322.00
2023-03-31,13.03,13.16,12.98,13.08,197231,2578919.25
2023-04-03,13.03,13.20,12.88,13.05,248857,3243511.00
2023-04-04,13.04,13.10,12.93,12.96,125573,1631250.00
2023-04-06,12.90,13.13,12.88,12.97,135705,1753136.25
2023-04-07,12.90,13.16,12.90,13.00,90917,1183959.25
2023-04-10,13.00,13.10,12.96,13.02,168007,2189069.75
2023-04-11,12.95,13.12,12.92,13.01,304145,3969575.00
2023-04-12,13.08,13.09,12.94,13.08,170497,2217252.50
2023-04-13,13.01,13.11,12.95,13.02,163629,2126745.25
2023-04-14,13.04,13.44,13.01,13.17,498228,6610226.00
2023-04-17,13.27,13.29,13.03,13.09,272155,3576311.75
2023-04-18,13.25,13.25,13.04,13.12,114097,1495744.88
2023-04-19,13.07,13.15,13.01,13.08,189808,2475872.00
2023-04-20,13.03,13.12,12.96,12.98,100010,1300220.00
2023-04-21,12.94,13.14,12.80,12.80,180503,2331015.75
2023-04-24,12.78,12.97,12.00,12.38,240489,3010621.00
2023-04-25,12.40,12.40,11.91,12.15,317736,3820573.75
2023-04-26,12.18,12.75,12.06,12.29,209444,2585826.25
2023-04-27,12.22,12.28,12.10,12.12,116989,1423779.75
2023-04-28,12.00,12.37,12.00,12.37,107846,1317991.50
2023-05-04,12.47,12.47,12.15,12.30,51479,631065.25
2023-05-05,12.18,12.36,12.12,12.28,91220,1118573.63
2023-05-08,12.25,12.52,12.20,12.52,160949,1999467.88
2023-05-09,12.45,12.62,12.26,12.26,144502,1787707.63
2023-05-10,12.30,13.00,12.22,12.50,233356,2951259.25
2023-05-11,12.49,12.75,12.39,12.65,238659,2997813.75
2023-05-12,12.65,12.73,12.34,12.55,174663,2182264.50
2023-05-15,12.60,13.39,12.58,12.96,520587,6787886.00
2023-05-16,12.80,13.14,12.60,12.63,291796,3721011.50
2023-05-17,12.59,12.74,12.47,12.51,205858,2578392.50
2023-05-18,12.60,12.60,12.41,12.44,153726,1913245.50
2023-05-19,12.54,12.54,12.36,12.39,92534,1148595.88
2023-05-22,12.53,12.53,12.36,12.45,76291,946423.38
2023-05-23,12.50,12.50,12.38,12.39,75161,933945.75
2023-05-24,12.32,12.45,12.30,12.41,111941,1382747.00
2023-05-25,12.32,12.50,12.30,12.32,123861,1534182.13
2023-05-26,12.46,12.46,12.23,12.33,62703,770981.00
2023-05-29,12.41,12.41,12.18,12.23,120953,1477409.25
2023-05-30,12.36,12.36,12.15,12.26,101034,1232359.88
2023-05-31,12.28,12.29,12.09,12.18,112074,1359463.25
2023-06-01,12.18,12.25,11.90,12.06,154779,1873509.75
2023-06-02,12.03,12.09,11.86,12.08,143949,1721790.63
2023-06-05,12.06,12.06,11.91,11.92,82084,981497.00
2023-06-06,11.93,12.05,11.80,11.81,105283,1248905.38
2023-06-07,11.94,11.94,11.71,11.83,99079,1167350.38
2023-06-08,11.83,11.84,11.70,11.74,60802,714455.31
2023-06-09,11.70,11.79,11.61,11.62,104147,1212418.63
2023-06-12,11.59,11.67,11.53,11.59,40148,464464.53
2023-06-13,11.59,11.63,11.53,11.59,60598,702183.63
2023-06-14,11.72,11.72,11.50,11.60,71895,832179.75
2023-06-15,11.66,11.86,11.55,11.84,155933,1827498.13
2023-06-16,11.83,11.95,11.71,11.89,105478,1250560.38
2023-06-19,11.75,11.95,11.75,11.89,63248,751161.25
2023-06-20,11.90,11.90,11.71,11.76,64122,754172.19
2023-06-21,11.79,11.87,11.56,11.60,178440,1743297.13
2023-06-26,11.49,11.60,11.49,11.50,172324,1644313.25
2023-06-27,11.62,11.62,11.51,11.60,122851,1057734.13
2023-06-28,11.69,11.70,11.48,11.53,25365,293408.72
2023-06-29,11.67,11.67,11.48,11.62,210548,2083693.13
2023-06-30,11.54,11.82,11.50,11.79,187623,2193223.00
2023-07-03,11.78,11.89,11.75,11.84,106410,1260652.00
2023-07-04,11.89,11.89,11.76,11.78,45455,536333.06
2023-07-05,11.93,11.94,11.80,11.84,65095,773073.31
2023-07-06,11.76,11.90,11.71,11.83,72666,855490.19
2023-07-07,11.74,11.84,11.67,11.78,61798,724406.19
2023-07-10,11.71,11.83,11.70,11.79,222659,2126273.00
2023-07-11,11.68,11.72,11.59,11.66,202749,1818877.88
2023-07-12,11.60,11.68,11.54,11.58,103636,1201800.00
2023-07-13,11.80,11.80,11.56,11.62,68102,792303.25
2023-07-14,11.60,11.68,11.51,11.56,123483,1424829.50
2023-07-17,11.50,11.62,11.49,11.49,51451,592124.06
2023-07-18,11.50,11.62,11.49,11.55,52732,608179.25
2023-07-19,11.51,11.62,11.40,11.48,73030,838844.88
2023-07-20,11.57,11.57,11.41,11.48,39406,451391.69
2023-07-21,11.40,11.52,11.31,11.40,92402,1051949.25
2023-07-24,11.46,11.46,11.30,11.38,35215,399304.22
2023-07-25,11.43,11.48,11.30,11.46,65543,749332.06
2023-07-26,11.46,11.53,11.35,11.51,65047,742352.06
2023-07-27,11.55,11.64,11.47,11.56,81561,942881.00
2023-07-28,11.49,11.60,11.48,11.52,60263,695427.44
2023-07-31,11.60,11.63,11.51,11.55,87841,1014054.44
2023-08-01,11.58,11.58,11.42,11.43,58761,674303.31
2023-08-02,11.42,11.42,11.30,11.30,133857,1518046.75
2023-08-03,11.39,11.39,11.28,11.28,61460,694651.56
2023-08-04,11.43,11.43,11.28,11.36,107542,1216212.25
2023-08-07,11.36,11.38,11.21,11.21,63874,720620.13
2023-08-08,11.29,11.29,11.16,11.20,36344,407917.81
2023-08-09,11.26,11.26,11.08,11.09,140806,1564858.75
2023-08-10,11.09,11.22,11.07,11.10,77495,861573.94
2023-08-11,11.10,11.18,11.02,11.11,65503,727864.13
2023-08-14,11.15,11.22,11.04,11.11,42412,472183.72
2023-08-15,10.81,11.08,10.81,11.00,58485,641858.19
2023-08-16,10.99,11.08,10.90,10.95,44384,487405.09
2023-08-17,10.95,11.01,10.79,10.85,83672,909047.38
2023-08-18,10.90,10.92,10.74,10.80,112508,1215275.25
2023-08-21,10.39,10.90,10.39,10.55,75038,799821.56
2023-08-22,10.74,10.75,10.35,10.55,154752,1613451.25
2023-08-23,10.65,10.65,10.15,10.22,98012,1010264.00
2023-08-24,10.22,10.31,10.11,10.29,91573,933916.13
2023-08-25,10.25,10.33,10.08,10.19,38648,393359.72
2023-08-28,10.60,10.65,10.26,10.32,251977,2620075.50
2023-08-29,10.24,10.47,10.18,10.47,149417,1547576.25
2023-08-30,10.56,10.58,10.45,10.54,87791,925391.94
2023-08-31,10.69,10.69,10.44,10.54,102429,1076491.50
2023-09-01,10.48,10.67,10.39,10.64,153599,1629731.75
2023-09-04,10.61,11.28,10.61,11.13,455580,5057588.50
2023-09-05,11.15,11.18,10.86,10.92,167925,1838427.38
2023-09-06,10.88,10.89,10.70,10.83,72724,782224.44
2023-09-07,10.83,10.97,10.45,10.45,134860,1428464.38
2023-09-08,10.49,10.51,10.21,10.35,130216,1341456.13
2023-09-11,10.35,10.45,10.31,10.42,61099,634418.63
2023-09-12,10.42,10.79,10.35,10.44,154269,1616815.00
2023-09-13,10.34,10.40,10.27,10.38,192925,1994425.63
2023-09-14,10.39,10.40,10.18,10.23,86047,882791.69
2023-09-15,10.25,10.25,10.16,10.19,52954,539440.06
2023-09-18,10.17,10.33,10.17,10.24,147212,1506870.13
2023-09-19,10.18,10.24,10.17,10.20,99841,1017819.19
2023-09-20,10.05,10.19,10.00,10.09,110007,1106760.25
2023-09-21,10.05,10.10,9.90,9.90,95843,956309.56
2023-09-22,9.81,10.00,9.80,9.99,82964,825591.50
2023-09-25,10.10,10.10,9.88,9.97,31955,318047.00
2023-09-26,9.82,9.96,9.82,9.84,84536,833691.38
2023-09-27,9.81,9.98,9.70,9.80,121933,1204791.38
2023-09-28,9.94,10.01,9.85,9.91,174863,1739237.25
2023-10-09,9.98,9.98,9.81,9.86,59952,590025.13
2023-10-10,9.95,9.95,9.73,9.79,48028,470611.03
2023-10-11,9.88,9.94,9.74,9.87,68023,670108.81
2023-10-12,9.95,9.97,9.82,9.97,97045,962510.44
2023-10-13,9.91,9.91,9.75,9.77,90924,892242.38
2023-10-16,9.84,9.84,9.57,9.57,76951,742152.63
2023-10-17,9.51,9.66,9.50,9.50,71966,685816.25
2023-10-18,9.44,9.44,9.11,9.19,147503,1365714.50
2023-10-19,9.22,9.26,9.09,9.13,98513,900915.88
2023-10-20,9.10,9.19,9.00,9.14,30413,276956.28
2023-10-23,9.13,9.14,8.66,8.89,78857,706823.88
2023-10-24,8.78,9.13,8.78,9.09,97840,881130.06
2023-10-25,9.16,9.17,9.10,9.17,65013,594638.25
2023-10-26,9.17,9.39,9.12,9.26,119206,1101480.63
2023-10-27,9.36,9.74,9.27,9.61,313636,3009490.50
2023-10-30,9.44,9.73,9.40,9.46,230395,2188046.00
2023-10-31,9.42,9.59,9.28,9.30,80251,753872.50
2023-11-01,9.28,9.44,9.27,9.30,17988,167345.64
2023-11-02,9.44,9.44,9.28,9.28,44987,418910.50
2023-11-03,9.42,9.42,9.30,9.36,43789,410231.13
2023-11-06,9.48,9.57,9.40,9.52,143310,1363919.50
2023-11-07,9.60,9.65,9.43,9.50,154832,1470789.13
2023-11-08,9.47,10.05,9.47,9.78,357196,3484309.25
2023-11-09,9.95,10.58,9.72,10.24,741503,7565186.50
2023-11-10,10.24,10.24,9.97,10.08,306808,3074820.25
2023-11-13,10.30,10.30,9.95,9.99,120757,1205703.50
2023-11-14,9.93,10.04,9.90,9.98,146889,1465584.38
2023-11-15,10.17,10.44,10.07,10.27,446533,4602298.00
2023-11-16,10.08,10.25,9.94,10.04,280697,2819377.25
2023-11-17,10.12,10.15,9.99,10.05,86935,871916.19
2023-11-20,10.16,10.28,9.92,10.17,344127,3489695.75
2023-11-21,10.26,11.34,10.05,10.58,1683858,18185080.00
2023-11-22,10.81,11.74,10.33,11.67,2747461,31012076.00
2023-11-23,11.67,12.47,11.42,11.85,3194372,38416516.00
2023-11-24,11.87,12.83,11.60,12.68,3183592,39307712.00
2023-11-27,13.02,14.50,12.60,13.97,5222616,71092016.00
2023-11-28,13.46,14.38,13.00,13.08,2975107,40278588.00
2023-11-29,13.22,13.66,12.00,12.10,2488569,31843848.00
2023-11-30,12.20,12.49,11.30,11.64,1568494,18606610.00
2023-12-01,11.78,11.83,11.06,11.27,1200676,13663527.00
2023-12-04,11.29,11.74,10.95,11.47,1122510,12808616.00
2023-12-05,11.56,13.67,11.33,13.12,3721465,47609888.00
2023-12-06,12.80,17.05,12.80,17.05,11319099,183075968.00
2023-12-07,15.90,18.69,15.33,17.54,13170137,223642864.00
2023-12-08,16.49,17.00,15.50,15.79,8239649,132700424.00
2023-12-11,15.49,15.49,14.18,14.40,4468279,65348828.00
2023-12-12,14.22,15.10,14.01,14.88,3348358,49593356.00
2023-12-13,14.95,15.45,14.58,15.22,4151562,62448664.00
2023-12-14,15.87,17.19,15.18,15.24,7660047,124633952.00
2023-12-15,14.65,16.40,14.65,15.57,5178442,81235544.00
2023-12-18,15.22,16.03,14.81,16.00,3939149,60866360.00
2023-12-19,15.94,15.94,15.25,15.39,2613119,40692648.00
2023-12-20,15.45,16.27,15.35,15.78,3228705,50798848.00
2023-12-21,15.60,16.13,13.00,13.66,4876227,72444344.00
2023-12-22,13.47,14.98,13.16,14.21,3574390,50130060.00
2023-12-25,14.24,14.95,13.93,14.66,2610160,38119548.00
2023-12-26,14.50,15.70,14.50,15.40,4949287,74756304.00
2023-12-27,15.00,15.15,14.30,14.73,3311641,48894860.00
2023-12-28,14.55,16.70,14.55,16.04,6913260,109090592.00
2023-12-29,15.70,16.30,15.32,15.87,4581413,72227032.00
2024-01-02,16.00,16.35,15.62,16.04,4351573,69470256.00
2024-01-03,15.88,16.20,15.63,15.83,2621197,41558440.00
2024-01-04,15.70,16.03,15.11,15.52,2275206,35323656.00
2024-01-05,15.54,16.95,15.54,15.81,7863235,128833352.00
2024-01-08,15.19,15.88,14.06,14.17,4101042,61512380.00
2024-01-09,14.14,14.63,13.58,13.90,2715801,38142796.00
2024-01-10,13.98,14.97,13.80,14.52,2784499,40429440.00
2024-01-11,14.25,16.17,13.85,15.58,5411558,82174264.00
2024-01-12,15.16,16.06,14.39,14.56,5145454,78792512.00
2024-01-15,14.19,14.70,13.35,13.42,3462240,48273252.00
2024-01-16,13.55,14.45,13.47,14.38,4064409,56993872.00
2024-01-17,14.19,15.00,14.04,14.13,2963160,42723708.00
2024-01-18,13.79,14.76,13.79,14.54,2710749,39032464.00
2024-01-19,14.53,15.10,14.37,14.86,3404510,50688808.00
2024-01-22,14.67,15.16,14.04,14.35,2672626,39032820.00
2024-01-23,14.20,14.77,14.08,14.38,1632185,23566518.00
2024-01-24,14.69,14.69,13.44,14.05,2308067,32034768.00
2024-01-25,14.04,14.14,13.52,13.68,2041592,28178504.00
2024-01-26,13.70,14.24,13.50,13.56,1559004,21656004.00
2024-01-29,13.70,13.76,12.05,12.24,1909576,24301676.00
2024-01-30,12.24,13.01,11.62,12.37,1914475,23474418.00
2024-01-31,12.87,13.49,12.38,12.50,2363257,30509226.00
2024-02-01,12.40,12.50,11.60,11.78,1588875,19100250.00
2024-02-02,11.86,11.99,10.02,10.66,1853214,20426942.00
2024-02-05,10.45,10.63,9.32,9.86,1303466,13035082.00
2024-02-06,9.70,10.95,9.70,10.90,1739381,18484186.00
2024-02-07,11.12,11.88,10.80,11.08,2044935,23480322.00
2024-02-08,11.22,11.45,10.16,11.20,1302402,14238741.00
2024-02-19,11.20,11.94,11.20,11.65,1086349,12579760.00
2024-02-20,11.63,12.27,11.49,11.92,1513148,17961670.00
2024-02-21,11.82,13.68,11.82,12.27,2983496,37641652.00
2024-02-22,11.98,12.38,11.87,12.17,1697396,20560972.00
2024-02-23,12.45,12.88,12.15,12.25,1826529,22653790.00
2024-02-26,12.23,12.56,12.03,12.11,1334838,16440613.00
2024-02-27,12.12,12.68,12.04,12.66,1760921,21972562.00
2024-02-28,12.80,13.70,12.30,12.42,2841922,37272264.00
2024-02-29,12.70,13.59,12.40,13.32,3271677,42741572.00
2024-03-01,13.24,13.66,12.91,13.07,2346108,30940780.00
2024-03-04,13.22,13.22,12.39,12.65,1678234,21450516.00
2024-03-05,12.74,12.74,12.00,12.10,1445769,17567570.00
2024-03-06,12.10,12.51,12.10,12.33,1121091,13821329.00
2024-03-07,12.47,12.47,12.02,12.06,945473,11560610.00
2024-03-08,12.13,12.35,12.08,12.23,517670,6341571.50
2024-03-11,12.55,13.92,12.55,13.45,4407112,58946404.00
2024-03-12,13.21,13.39,12.81,12.92,2351148,30508552.00
2024-03-13,12.90,13.08,12.68,12.71,1299680,16680263.00
2024-03-14,12.81,13.05,12.59,12.63,1102783,14137054.00
2024-03-15,12.57,13.08,12.48,12.95,1454652,18705942.00
2024-03-18,13.03,13.56,13.03,13.14,1707940,22708788.00
2024-03-19,13.05,13.19,12.83,12.98,1053736,13697462.00
2024-03-20,13.08,13.33,12.90,12.93,1052698,13762256.00
2024-03-21,13.04,13.09,12.69,12.70,914887,11716760.00
2024-03-22,12.59,12.83,12.46,12.50,854156,10778131.00
2024-03-25,12.55,12.64,12.26,12.30,721161,8534907.00
2024-03-26,12.32,12.57,12.30,12.54,625932,7799375.50
2024-03-27,12.58,12.96,12.19,12.20,1035050,12691232.00
2024-03-28,12.16,12.47,12.16,12.27,738357,9049698.00
2024-03-29,12.30,12.68,12.29,12.56,750812,9417097.00
2024-04-01,12.50,12.97,12.50,12.78,813966,10425833.00
2024-04-02,12.85,13.56,12.43,13.13,2087141,27253188.00
2024-04-03,13.26,13.60,13.06,13.17,1977649,26343140.00
2024-04-08,13.01,13.40,12.36,12.36,1430098,18304412.00
2024-04-09,12.49,13.00,12.49,12.96,1247926,16054736.00
2024-04-10,12.84,13.38,12.66,13.13,2171371,28560636.00
2024-04-11,13.04,13.23,12.68,12.73,1155760,14788125.00
2024-04-12,12.69,12.82,12.41,12.42,685549,8627465.00
2024-04-15,12.34,12.65,12.00,12.05,870437,10620325.00
2024-04-16,12.05,12.10,11.00,11.02,939474,10669523.00
2024-04-17,11.10,11.71,11.10,11.66,577487,6674972.50
2024-04-18,11.37,12.18,11.37,11.78,699773,8358401.50
2024-04-19,11.67,11.83,11.56,11.63,445194,5189016.00
2024-04-22,11.59,11.78,11.52,11.63,313407,3657180.75
2024-04-23,11.74,11.87,11.63,11.80,298548,3507876.75
2024-04-24,11.84,12.16,11.76,12.02,682465,8182637.50
2024-04-25,11.98,12.22,11.95,12.00,304143,3668907.50
2024-04-26,12.11,12.28,11.94,12.21,569148,6920339.00
2024-04-29,15.00,15.00,13.88,14.15,5576853,80096240.00
2024-04-30,13.90,14.36,13.88,14.06,2429142,34312028.00
2024-05-06,14.33,15.18,14.24,15.02,2946675,43313688.00
2024-05-07,14.98,15.12,14.70,14.88,1836172,27450758.00
2024-05-08,14.80,14.88,14.41,14.41,1299635,18996992.00
2024-05-09,14.97,16.95,14.95,15.68,5657409,90635376.00
2024-05-10,15.21,15.33,14.88,15.18,3376430,50838612.00
2024-05-13,15.01,15.18,14.75,14.87,1320732,19709112.00
2024-05-14,14.97,15.02,14.57,14.61,1050244,15450446.00
2024-05-15,14.61,14.65,14.16,14.20,1246069,17863780.00
2024-05-16,14.19,14.34,14.12,14.20,935547,13331768.00
2024-05-17,14.15,14.36,14.13,14.36,839628,11957499.00
2024-05-20,14.43,14.58,14.27,14.29,701899,10082939.00
2024-05-21,14.35,14.35,14.05,14.10,551480,7795279.00
2024-05-22,14.17,14.96,14.07,14.80,1963154,28789818.00
2024-05-23,14.80,15.49,14.51,15.05,2161575,32550062.00
2024-05-24,14.81,15.10,14.55,14.55,1099639,16226738.00
2024-05-27,14.50,15.01,14.42,14.83,807184,11931319.00
2024-05-28,14.82,15.10,14.71,14.96,881406,13155674.00
2024-05-29,15.05,15.46,14.85,15.20,1215299,18532426.00
2024-05-30,15.17,15.31,14.61,14.65,1134404,16833064.00
2024-05-31,14.66,14.75,14.54,14.65,689794,10104449.00
2024-06-03,14.68,14.68,14.34,14.36,813046,11723374.00
2024-06-04,10.99,11.08,10.80,10.93,623438,6829410.00
2024-06-05,10.85,10.97,10.59,10.60,659035,7073854.00
2024-06-06,10.68,10.70,10.21,10.21,867414,9058602.00
2024-06-07,10.38,10.60,10.23,10.30,677685,7028906.00
2024-06-11,10.35,10.54,10.16,10.54,495424,5147809.50
2024-06-12,10.59,10.70,10.50,10.64,381139,4049245.25
2024-06-13,10.60,10.68,10.45,10.49,451725,4762038.00
2024-06-14,10.47,10.64,10.47,10.61,574643,6077578.50
2024-06-17,10.59,11.00,10.48,10.89,749804,8105954.00
2024-06-18,10.83,11.07,10.82,10.99,524122,5730105.50
2024-06-19,10.98,11.27,10.77,10.97,1042801,11530648.00
2024-06-20,10.90,10.94,10.50,10.55,741414,7875153.00
2024-06-21,10.62,10.87,10.47,10.81,567119,6055707.50
2024-06-24,10.80,10.80,10.35,10.46,628628,6606324.00
2024-06-25,10.47,10.68,10.35,10.51,621673,6533319.50
2024-06-26,10.44,11.18,10.38,11.06,1652548,18013262.00
2024-06-27,10.88,11.15,10.71,10.75,976283,10618413.00
2024-06-28,10.72,10.90,10.65,10.67,794882,8555045.00
2024-07-01,10.71,10.91,10.69,10.80,552084,5955470.50
2024-07-02,10.84,10.84,10.62,10.63,483175,5183530.00
2024-07-03,10.54,10.63,10.45,10.46,606073,6362386.00
2024-07-04,10.53,10.63,10.29,10.29,465109,4840773.50
2024-07-05,10.26,10.38,10.20,10.31,262962,2696409.50
2024-07-08,10.39,10.39,9.85,9.93,517322,5210579.50
2024-07-09,9.86,10.16,9.80,10.10,455859,4550173.00
2024-07-10,10.16,10.36,10.06,10.23,430152,4406324.00
2024-07-11,10.33,10.79,10.30,10.62,1072382,11384295.00
2024-07-12,10.43,10.73,10.36,10.51,704733,7398994.00
2024-07-15,10.43,10.48,10.26,10.31,353952,3653902.50
2024-07-16,10.35,10.91,10.29,10.91,1309641,13987249.00
2024-07-17,11.26,11.93,11.25,11.86,4856865,56945564.00
2024-07-18,11.60,11.83,11.20,11.50,2732448,31441514.00
2024-07-19,11.42,11.77,11.42,11.63,1693958,19629958.00
2024-07-22,11.55,11.84,11.43,11.77,1140607,13311794.00
2024-07-23,11.69,11.93,11.15,11.20,1199062,13873370.00
2024-07-24,11.20,11.36,10.80,11.15,1119996,12458662.00
2024-07-25,11.18,11.47,11.07,11.13,766803,8675781.00
2024-07-26,11.22,11.56,11.19,11.30,874209,9923082.00
2024-07-29,11.21,11.37,10.95,11.20,1003651,11091484.00
2024-07-30,11.20,11.27,11.03,11.13,427161,4759591.50
2024-07-31,11.13,11.45,11.08,11.40,923489,10421320.00
2024-08-01,11.43,11.56,11.21,11.32,575158,6507032.00
2024-08-02,11.23,11.30,11.00,11.00,1629398,16520126.00
2024-08-05,10.95,11.15,10.68,10.69,1067228,11611685.00
2024-08-06,10.79,10.93,10.62,10.83,366150,3963566.75
2024-08-07,10.78,10.89,10.67,10.82,201666,2179451.00
2024-08-08,10.73,10.85,10.52,10.68,587094,6252794.50
2024-08-09,10.73,10.78,10.56,10.59,307578,3271751.00
2024-08-12,10.60,10.69,10.50,10.56,170708,1807075.00
2024-08-13,10.49,10.74,10.38,10.71,427175,4499591.50
2024-08-14,10.70,10.70,10.51,10.58,310162,3282707.25
2024-08-15,10.61,10.76,10.51,10.61,413468,4404028.00
2024-08-16,10.70,10.93,10.61,10.86,632594,6816949.00
2024-08-19,10.92,11.01,10.71,10.79,521476,5664057.00
2024-08-20,10.72,10.95,10.62,10.64,510154,5490969.50
2024-08-21,10.71,11.05,10.53,10.88,1104103,12009180.00
2024-08-22,10.88,11.07,10.61,10.65,1101888,11939481.00
2024-08-23,10.57,10.73,10.52,10.60,587067,6228804.00
2024-08-26,10.62,11.45,10.62,11.09,1747943,19457336.00
2024-08-27,10.99,11.43,10.88,11.32,1723772,19314250.00
2024-08-28,11.80,12.10,11.43,11.47,3568483,42206992.00
2024-08-29,11.27,11.79,11.12,11.55,2321139,26893640.00
2024-08-30,11.70,11.83,11.44,11.48,1933806,22524756.00
2024-09-02,11.42,11.55,11.15,11.20,1122415,12697075.00
2024-09-03,11.25,11.71,11.19,11.62,1486287,17118048.00
2024-09-04,11.49,11.94,11.41,11.62,2086105,24476376.00
2024-09-05,11.50,11.55,11.34,11.38,1173557,13397337.00
2024-09-06,11.47,11.48,11.10,11.20,914381,10273614.00
2024-09-09,11.11,11.27,11.10,11.14,473456,5285792.00
2024-09-10,11.18,11.19,11.02,11.17,558671,6209936.50
2024-09-11,11.24,11.56,11.17,11.55,1591492,18245754.00
2024-09-12,11.42,11.56,11.33,11.55,1181281,13512051.00
2024-09-13,11.56,11.75,11.37,11.65,1417121,16413622.00
2024-09-18,11.56,11.71,11.37,11.62,869531,10041199.00
2024-09-19,11.68,11.88,11.63,11.71,1110775,13081014.00
2024-09-20,11.71,11.75,11.38,11.40,932752,10735060.00
2024-09-23,11.49,11.49,11.33,11.34,470774,5366650.00
2024-09-24,11.44,11.74,11.31,11.66,1078303,12441289.00
2024-09-25,11.79,11.96,11.53,11.60,2088126,24596086.00
2024-09-26,11.53,11.78,11.36,11.78,1427825,16526988.00
2024-09-27,11.95,13.59,11.82,13.03,5246782,66745308.00
2024-09-30,14.03,16.32,13.45,16.10,8713052,130459808.00
2024-10-08,20.63,20.93,17.00,20.93,11452433,223110624.00
2024-10-09,20.88,20.88,17.89,18.20,7888812,154746544.00
2024-10-10,18.75,19.80,18.00,18.45,4854914,91292592.00
2024-10-11,17.92,17.93,15.73,16.48,5363256,89170656.00
2024-10-14,16.75,18.09,16.38,17.50,3878451,66672816.00
2024-10-15,17.25,18.60,17.06,17.85,4434096,80039816.00
2024-10-16,17.70,18.36,17.38,17.84,2721009,48574356.00
2024-10-17,18.30,19.58,18.01,18.08,4856368,90209896.00
2024-10-18,17.68,19.39,17.39,18.79,7203393,132970536.00
2024-10-21,18.56,21.81,18.56,20.93,9705867,195827120.00
2024-10-22,21.60,21.60,19.19,19.50,6615421,132505944.00
2024-10-23,19.19,20.83,18.96,20.34,5320164,107271128.00
2024-10-24,20.80,21.49,20.00,20.63,6849208,142271232.00
2024-10-25,20.60,26.00,20.57,22.61,13412039,316379456.00
2024-10-28,22.00,24.59,21.21,24.47,9040784,211157424.00
2024-10-29,24.40,25.98,23.59,24.70,8058655,199719760.00
2024-10-30,26.70,28.00,24.58,25.41,9350509,244507424.00
2024-10-31,24.50,25.37,23.19,23.58,7872962,189604096.00
2024-11-01,23.10,24.36,22.58,23.08,5286218,123949648.00
2024-11-04,23.30,24.95,22.88,24.93,5820257,140219024.00
2024-11-05,25.28,26.55,24.61,26.20,7782978,201201760.00
2024-11-06,26.26,31.80,26.03,27.93,10521158,303869088.00
2024-11-07,27.88,29.36,26.76,27.75,8754734,246135360.00
2024-11-08,28.07,30.73,27.70,28.46,7900542,228257952.00
2024-11-11,27.78,28.80,26.86,28.02,5693991,157462064.00
2024-11-12,28.33,30.33,27.00,27.45,6732001,193155840.00
2024-11-13,27.01,28.53,25.98,28.27,5616651,151786688.00
2024-11-14,28.68,30.30,28.58,29.05,8512058,251710032.00
2024-11-15,28.00,32.30,27.80,30.38,9691926,290199616.00
2024-11-18,30.39,30.80,26.81,26.81,8431479,240998496.00
2024-11-19,26.00,31.00,23.60,28.85,13213391,357478528.00
2024-11-20,27.30,31.47,27.00,29.84,11958218,350702752.00
2024-11-21,29.22,30.23,28.48,28.94,8567914,249748704.00
2024-11-22,29.60,30.30,27.30,27.38,6641939,192611552.00
2024-11-25,27.25,29.09,27.00,28.28,4541180,127124368.00
2024-11-26,27.78,27.87,25.73,25.80,5018203,134820544.00
2024-11-27,25.91,26.09,23.81,25.82,3739424,93964576.00
2024-11-28,26.14,26.49,24.91,24.95,4905577,126663536.00
2024-11-29,24.79,25.58,24.05,24.95,4013472,99894848.00
2024-12-02,25.10,26.07,24.62,25.79,3734030,95692456.00
2024-12-03,25.79,25.79,25.79,25.79,0,0.00
#数据来源:通达信
