834058 华洋赛车 日线 不复权
      日期	    开盘	    最高	    最低	    收盘	    成交量	    成交额
2020-04-10,4.00,4.00,4.00,4.00,200,800.00
2020-04-13,4.00,4.00,4.00,4.00,200,800.00
2020-04-14,4.10,4.10,4.01,4.01,200,811.00
2020-04-15,4.10,4.10,4.00,4.00,2100,8410.00
2020-04-16,4.00,4.00,4.00,4.00,2200,9196.00
2020-04-17,4.00,4.00,4.00,4.00,2000,8000.00
2020-04-20,4.00,4.00,4.00,4.00,1100,4400.00
2020-04-21,4.00,4.01,4.00,4.00,1800,7201.00
2020-04-22,4.00,4.00,4.00,4.00,1600,6400.00
2020-04-23,4.00,4.00,4.00,4.00,300,1200.00
2020-04-24,4.00,4.00,3.97,3.97,900,3597.00
2020-04-27,4.00,4.00,4.00,4.00,100,400.00
2020-05-08,3.50,3.50,3.50,3.50,100,350.00
2020-05-25,4.50,4.50,4.50,4.50,100,450.00
2020-07-07,3.01,3.01,3.01,3.01,100,301.00
2020-07-27,2.01,2.01,2.01,2.01,200,402.00
2020-07-29,3.50,3.50,3.50,3.50,100,350.00
2020-07-30,4.50,4.50,4.50,4.50,3100,13950.00
2020-08-03,2.34,2.34,2.34,2.34,100,235.00
2020-08-05,4.50,4.50,4.50,4.50,11100,49950.00
2020-08-12,4.50,4.50,4.50,4.50,3000,13500.00
2020-08-18,4.50,4.50,4.50,4.50,3000,13500.00
2020-08-31,4.50,4.50,4.50,4.50,100,450.00
2021-09-14,5.00,5.00,5.00,5.00,100,655.00
2021-09-23,10.00,10.00,10.00,10.00,300,3260.00
2021-09-24,10.90,10.90,10.90,10.90,100,1427.90
2021-09-27,21.80,21.80,21.80,21.80,200,5035.80
2021-09-30,21.80,21.80,21.80,21.80,300,5733.40
2021-10-08,22.00,22.00,22.00,22.00,200,4268.00
2021-10-15,30.00,30.00,30.00,30.00,100,3000.00
2021-10-18,30.00,30.00,30.00,30.00,100,3030.00
2021-10-21,25.33,30.00,25.33,30.00,800,22646.00
2021-10-25,30.00,30.00,30.00,30.00,300,7860.00
2021-10-26,30.12,30.12,30.12,30.12,300,7801.08
2021-10-27,30.12,30.12,30.12,30.12,100,3945.72
2021-11-02,30.12,30.12,30.12,30.12,300,7921.56
2021-11-05,29.34,29.34,29.34,29.34,100,2934.00
2021-11-22,39.97,39.97,39.96,39.96,200,8352.64
2021-11-29,49.99,49.99,49.98,49.99,1000,50636.97
2021-12-30,50.00,50.00,50.00,50.00,200,10000.00
2022-01-10,39.97,39.97,39.97,39.97,100,5236.07
2022-01-11,39.96,39.96,39.96,39.96,100,2517.48
2022-01-14,40.07,40.07,40.07,40.07,300,10498.34
2022-01-17,41.00,41.00,41.00,41.00,0,41.00
2022-01-18,39.96,39.96,39.96,39.96,400,15984.00
2022-01-25,39.95,39.96,39.95,39.96,1000,40469.48
2022-01-28,45.00,45.00,45.00,45.00,100,6480.00
2022-02-07,45.00,45.00,45.00,45.00,100,4905.00
2022-02-09,47.00,47.00,47.00,47.00,100,6204.00
2022-02-15,47.00,47.01,47.00,47.01,400,18237.88
2022-02-22,45.29,45.29,45.29,45.29,200,7110.53
2022-03-08,45.33,45.33,45.33,45.33,300,13599.00
2022-04-25,45.00,45.00,45.00,45.00,300,15210.00
2022-04-26,68.00,68.00,68.00,68.00,100,6800.00
2022-04-27,78.00,78.00,39.00,78.00,400,27300.00
2022-04-28,39.00,39.00,39.00,39.00,300,11700.00
2022-04-29,31.23,31.23,29.00,29.50,500,13613.50
2022-05-06,44.80,44.80,44.80,44.80,100,4480.00
2022-05-19,29.98,29.98,29.98,29.98,200,4766.82
2023-08-10,16.30,32.19,15.99,20.62,10760814,238497392.00
2023-08-11,18.00,18.88,17.33,18.37,7164815,128747192.00
2023-08-14,18.00,18.00,16.55,16.61,3897420,66653100.00
2023-08-15,16.68,17.58,16.47,16.63,2499008,42114864.00
2023-08-16,16.65,16.73,15.56,15.91,2553015,40706048.00
2023-08-17,15.58,15.75,15.41,15.61,1953345,30338106.00
2023-08-18,15.66,17.12,15.40,16.16,2362670,38824604.00
2023-08-21,15.80,15.80,15.00,15.23,1227599,18790352.00
2023-08-22,15.30,15.30,13.83,14.22,1523043,21898650.00
2023-08-23,14.24,14.24,13.06,13.25,962504,13008167.00
2023-08-24,13.25,13.45,12.73,13.23,627149,8248928.50
2023-08-25,13.35,13.35,12.70,12.75,466962,6037767.00
2023-08-28,13.50,13.96,12.94,13.10,837071,11167684.00
2023-08-29,12.87,13.65,12.86,13.44,702547,9303584.00
2023-08-30,13.51,13.83,13.44,13.50,465020,6330589.00
2023-08-31,13.75,14.24,13.41,14.18,755813,10479005.00
2023-09-01,13.95,15.50,13.91,14.80,963338,14213464.00
2023-09-04,15.45,16.30,15.01,15.70,1251991,19615456.00
2023-09-05,15.18,15.50,14.16,14.41,794281,11686247.00
2023-09-06,14.21,14.25,13.90,14.08,648057,9087613.00
2023-09-07,13.98,14.26,13.71,13.76,411429,5726347.00
2023-09-08,13.58,13.86,13.30,13.44,436236,5869907.50
2023-09-11,13.56,13.65,13.33,13.47,192146,2586738.50
2023-09-12,13.54,13.56,13.40,13.42,198466,2671194.75
2023-09-13,13.42,13.55,13.31,13.55,277557,3733288.00
2023-09-14,13.69,13.70,13.42,13.52,204581,2762568.50
2023-09-15,13.42,13.59,13.32,13.49,239559,3219643.25
2023-09-18,13.48,13.64,13.35,13.43,200527,2699543.50
2023-09-19,13.50,13.57,13.43,13.44,208446,2809752.50
2023-09-20,13.59,13.59,13.35,13.36,260690,3512395.75
2023-09-21,11.98,12.27,11.94,11.97,375201,4525679.00
2023-09-22,12.12,12.28,12.04,12.18,197549,2401474.50
2023-09-25,12.18,12.18,11.82,11.96,186805,2236548.75
2023-09-26,11.82,12.05,11.60,11.62,260617,3054930.00
2023-09-27,11.56,11.65,11.45,11.46,189603,2189289.50
2023-09-28,11.38,11.60,11.38,11.43,191598,2195444.75
2023-10-09,11.40,11.52,11.37,11.38,94396,1078375.25
2023-10-10,11.30,11.46,11.19,11.27,178250,2010665.38
2023-10-11,11.32,11.32,11.14,11.21,98454,1105130.25
2023-10-12,11.34,11.34,11.04,11.13,97458,1080405.50
2023-10-13,11.20,11.20,10.84,10.90,199482,2184133.50
2023-10-16,10.90,10.90,10.58,10.70,104440,1114138.88
2023-10-17,10.70,10.77,10.60,10.70,80403,856082.38
2023-10-18,10.61,10.71,10.40,10.47,162537,1706214.50
2023-10-19,10.38,10.46,10.24,10.25,155015,1593024.88
2023-10-20,10.30,10.36,10.10,10.25,113219,1160542.50
2023-10-23,10.04,10.24,9.82,9.82,121135,1208868.75
2023-10-24,10.04,10.08,9.87,9.91,123405,1227139.88
2023-10-25,9.89,10.04,9.70,9.94,90544,901069.75
2023-10-26,9.85,9.88,9.70,9.82,93780,916831.31
2023-10-27,9.89,10.80,9.60,10.39,598744,6253882.50
2023-10-30,10.52,10.52,10.25,10.35,218847,2258509.25
2023-10-31,10.28,10.32,10.08,10.13,235651,2391048.75
2023-11-01,10.18,10.19,9.99,10.10,110999,1116479.13
2023-11-02,10.13,10.14,9.87,9.88,150727,1498503.63
2023-11-03,9.82,10.20,9.82,10.07,244765,2457941.75
2023-11-06,10.16,10.48,10.07,10.34,325333,3364002.50
2023-11-07,10.32,10.39,10.26,10.38,137092,1413882.38
2023-11-08,10.44,10.79,10.33,10.61,321764,3411350.25
2023-11-09,10.59,10.88,10.43,10.84,261867,2812668.25
2023-11-10,10.80,12.35,10.78,11.63,1121956,13291066.00
2023-11-13,11.06,14.68,11.06,14.08,2864689,38064408.00
2023-11-14,13.20,15.06,13.20,13.85,3133946,45406724.00
2023-11-15,13.16,13.87,13.14,13.41,1639677,21879212.00
2023-11-16,13.36,13.36,12.15,12.63,1169666,14730562.00
2023-11-17,12.40,13.30,12.40,12.81,836603,10877069.00
2023-11-20,12.60,14.50,12.59,13.89,1876559,25762730.00
2023-11-21,13.78,15.98,13.52,14.82,3304044,49442776.00
2023-11-22,14.97,18.59,14.53,17.69,4424878,70658736.00
2023-11-23,17.19,18.94,16.00,16.31,3687548,64096188.00
2023-11-24,16.55,18.00,16.10,17.70,3791968,65025008.00
2023-11-27,18.00,22.00,17.80,22.00,5131526,100056048.00
2023-11-28,20.00,23.46,19.02,20.10,3854088,79820024.00
2023-11-29,20.13,21.08,16.80,17.38,2777874,53413316.00
2023-11-30,17.31,17.69,16.00,16.29,1812025,30210656.00
2023-12-01,16.69,16.72,15.05,15.20,1640962,25838206.00
2023-12-04,15.23,15.78,14.62,15.41,1122601,17161746.00
2023-12-05,15.18,17.01,15.11,16.89,2363563,38767924.00
2023-12-06,16.91,20.00,16.21,18.10,3362397,61342152.00
2023-12-07,18.18,19.18,17.18,18.65,2224943,40992520.00
2023-12-08,18.68,19.86,18.03,19.52,2377203,45076100.00
2023-12-11,19.37,20.00,18.53,18.82,1665804,32026892.00
2023-12-12,18.29,19.36,17.91,18.69,1289961,24005258.00
2023-12-13,18.85,19.95,18.35,19.39,2083693,40158036.00
2023-12-14,19.20,21.21,19.02,19.82,2870510,58679460.00
2023-12-15,19.43,20.78,19.22,20.30,1650230,33089908.00
2023-12-18,20.57,22.08,20.21,22.00,2119445,45150936.00
2023-12-19,22.75,22.80,20.79,21.26,1861272,39920084.00
2023-12-20,21.08,22.33,21.08,21.91,1486809,32271580.00
2023-12-21,21.93,22.59,17.76,18.17,2174734,44588660.00
2023-12-22,18.16,19.00,18.00,18.65,1026892,18898182.00
2023-12-25,18.66,19.96,18.20,19.81,1301116,25186964.00
2023-12-26,20.00,20.58,18.80,20.15,1326718,26378880.00
2023-12-27,19.68,20.20,19.29,19.95,889556,17626798.00
2023-12-28,19.95,20.23,19.53,19.80,1027748,20480728.00
2023-12-29,19.88,22.88,19.80,22.07,3098470,66492712.00
2024-01-02,21.55,23.71,21.27,23.02,2178933,49415548.00
2024-01-03,22.57,23.44,22.20,22.71,1176903,26786412.00
2024-01-04,22.33,24.79,22.00,24.55,1848873,43139924.00
2024-01-05,24.70,30.00,23.75,26.40,4170233,109180768.00
2024-01-08,26.40,26.60,23.00,23.00,2712684,67796744.00
2024-01-09,22.54,24.10,20.38,24.10,2976318,67253328.00
2024-01-10,23.48,26.95,23.20,25.71,2832426,71746744.00
2024-01-11,25.02,26.90,24.04,25.72,2010374,50615252.00
2024-01-12,25.69,25.69,23.51,23.66,1708076,41977260.00
2024-01-15,23.28,25.89,23.06,25.89,2262299,56280164.00
2024-01-16,25.80,29.88,25.80,26.96,4188567,116549160.00
2024-01-17,26.04,31.10,25.00,30.20,4635748,129896936.00
2024-01-18,29.05,32.20,28.51,28.55,3976604,118737656.00
2024-01-19,27.98,30.97,27.95,29.10,3133862,92816912.00
2024-01-22,28.38,28.60,26.50,27.02,2147562,58972468.00
2024-01-23,26.30,27.30,25.18,26.70,2272922,59645956.00
2024-01-24,26.08,27.48,25.29,26.95,1669143,44627400.00
2024-01-25,26.85,27.19,22.93,24.86,2100022,53155184.00
2024-01-26,24.70,26.20,24.10,24.59,1415614,35679100.00
2024-01-29,25.20,25.20,20.50,21.63,1890874,41840948.00
2024-01-30,21.23,22.28,20.00,20.94,1117149,23277826.00
2024-01-31,20.82,21.85,20.70,21.21,1263652,26878422.00
2024-02-01,21.00,21.00,18.16,18.36,1667276,32249006.00
2024-02-02,18.36,19.09,15.75,16.60,1703830,29712054.00
2024-02-05,16.00,16.39,14.12,15.87,1661856,25495784.00
2024-02-06,15.35,17.60,15.20,17.35,1799026,30495268.00
2024-02-07,17.80,19.66,17.50,18.22,2054052,38066656.00
2024-02-08,18.10,18.87,16.81,17.43,1096675,19181440.00
2024-02-19,17.70,17.95,17.05,17.93,1122753,19807066.00
2024-02-20,17.93,19.91,17.93,19.91,1774049,33513258.00
2024-02-21,19.53,21.33,18.67,19.60,2117133,42589028.00
2024-02-22,19.51,20.10,18.87,19.48,1368732,26443994.00
2024-02-23,19.69,19.70,18.35,18.97,1300068,24570534.00
2024-02-26,19.00,19.50,18.60,18.92,841493,16017522.00
2024-02-27,19.00,20.45,19.00,20.28,1562518,30868888.00
2024-02-28,20.20,20.84,18.88,19.07,1541676,30896984.00
2024-02-29,18.69,19.56,18.68,19.45,1162628,22291926.00
2024-03-01,19.28,19.77,18.82,19.00,1029766,19748472.00
2024-03-04,19.07,19.07,17.92,18.06,899717,16420889.00
2024-03-05,18.47,18.47,16.90,17.15,1128344,19639296.00
2024-03-06,16.90,17.60,16.80,17.41,657605,11455502.00
2024-03-07,17.40,18.54,17.35,17.84,1294720,23389322.00
2024-03-08,17.78,17.90,17.11,17.64,867238,15210945.00
2024-03-11,17.80,18.35,17.66,18.24,1237124,22415558.00
2024-03-12,17.90,18.48,17.64,18.48,938187,16891848.00
2024-03-13,18.69,18.69,18.08,18.08,486264,8859399.00
2024-03-14,18.25,18.27,17.78,17.85,361892,6506721.50
2024-03-15,18.03,18.77,17.70,18.56,1261969,23257536.00
2024-03-18,18.50,18.75,17.96,18.27,1174838,21404692.00
2024-03-19,18.25,18.38,17.62,17.77,755957,13580292.00
2024-03-20,17.71,18.00,17.71,17.93,456493,8151072.50
2024-03-21,18.10,18.10,17.40,17.58,471085,8303316.00
2024-03-22,17.77,17.77,16.60,16.71,819804,13879034.00
2024-03-25,16.67,16.67,15.88,15.88,685135,11074500.00
2024-03-26,15.88,16.26,15.58,15.67,462576,7357403.00
2024-03-27,16.19,16.33,15.25,15.71,534150,8583846.00
2024-03-28,16.00,16.19,15.60,15.97,311127,4948000.50
2024-03-29,15.96,16.18,15.72,15.83,304520,4851616.50
2024-04-01,15.92,15.92,15.53,15.60,634045,9912873.00
2024-04-02,15.70,15.75,14.90,15.09,585133,8893544.00
2024-04-03,15.09,15.14,14.62,14.82,333491,4950519.50
2024-04-08,14.98,15.07,14.10,14.14,362593,5232493.00
2024-04-09,14.39,14.39,14.06,14.25,271194,3846760.50
2024-04-10,14.25,15.40,14.20,14.95,852763,12798926.00
2024-04-11,15.10,15.14,14.63,14.66,341072,5043739.50
2024-04-12,14.59,14.84,14.59,14.69,250082,3675085.25
2024-04-15,14.79,15.28,14.15,14.41,489834,7209212.00
2024-04-16,14.28,14.37,13.00,13.46,771813,10392595.00
2024-04-17,13.60,14.35,13.57,14.30,593583,8347579.50
2024-04-18,14.29,15.95,14.11,15.30,1556624,23810140.00
2024-04-19,15.00,15.77,14.90,14.96,734752,11185015.00
2024-04-22,14.90,15.28,14.72,14.89,631704,9442973.00
2024-04-23,14.97,15.79,14.77,15.79,844915,12883846.00
2024-04-24,16.17,16.58,15.72,15.81,680092,10950661.00
2024-04-25,15.65,16.42,15.60,15.82,621818,9995838.00
2024-04-26,15.85,16.19,15.56,15.73,481102,7578247.00
2024-04-29,15.70,16.18,15.15,16.18,485030,7650958.50
2024-04-30,15.50,16.00,15.43,15.52,725537,11360973.00
2024-05-06,15.94,16.16,15.52,15.98,664339,10502452.00
2024-05-07,15.88,15.98,15.63,15.73,272365,4302408.00
2024-05-08,15.96,16.06,15.48,15.72,256413,4058149.50
2024-05-09,15.71,16.61,15.64,16.58,922138,15075856.00
2024-05-10,16.60,19.49,16.60,18.37,2578282,46331596.00
2024-05-13,18.00,19.44,17.85,18.90,1861185,35260440.00
2024-05-14,18.93,21.93,18.42,21.00,1791701,35985964.00
2024-05-15,20.35,23.44,20.35,21.68,2002082,44700484.00
2024-05-16,21.02,21.40,20.00,21.22,2050207,42506124.00
2024-05-17,20.80,22.60,20.15,20.19,1696203,36112728.00
2024-05-20,19.57,20.18,18.92,19.12,1108395,21658272.00
2024-05-21,19.16,19.79,18.51,18.54,799345,15236085.00
2024-05-22,18.80,18.80,17.98,18.25,714711,13044302.00
2024-05-23,18.14,20.88,17.70,20.36,2182391,42716528.00
2024-05-24,19.75,20.50,18.60,19.08,1268599,25043700.00
2024-05-27,19.08,19.71,18.36,19.65,792781,15135912.00
2024-05-28,19.45,20.40,19.37,19.88,598368,11825817.00
2024-05-29,18.21,18.89,17.84,17.93,447632,8177205.00
2024-05-30,18.00,18.30,17.30,17.47,387267,6836795.00
2024-05-31,17.69,18.48,17.45,17.71,308285,5503328.00
2024-06-03,17.70,18.84,17.30,18.08,436432,7968323.50
2024-06-04,18.40,18.99,17.88,18.99,980173,18322402.00
2024-06-05,18.97,19.94,18.60,19.51,954867,18642828.00
2024-06-06,19.80,20.40,18.52,19.00,612967,11826963.00
2024-06-07,18.52,19.00,18.01,18.16,393008,7234278.00
2024-06-11,17.80,18.43,17.78,17.96,261293,4699012.50
2024-06-12,18.10,18.17,17.08,17.35,555219,9730607.00
2024-06-13,17.25,17.39,16.70,16.70,429066,7274559.00
2024-06-14,16.83,17.46,16.35,17.44,480015,8117741.00
2024-06-17,17.47,19.30,17.30,18.87,1331975,24889922.00
2024-06-18,18.43,19.29,18.36,18.64,623273,11617533.00
2024-06-19,18.47,19.22,18.20,18.60,300519,5618083.00
2024-06-20,18.60,18.88,18.22,18.28,248786,4587917.50
2024-06-21,18.58,18.87,17.62,18.61,316399,5884704.00
2024-06-24,18.80,18.88,17.15,17.54,244996,4385017.50
2024-06-25,17.87,17.99,17.25,17.30,261796,4629947.50
2024-06-26,17.10,17.30,16.80,17.20,472703,8080939.50
2024-06-27,17.03,17.18,16.64,16.80,335599,5665952.00
2024-06-28,16.81,16.95,16.66,16.73,178734,3002477.00
2024-07-01,16.73,17.09,16.39,16.58,140087,2319340.00
2024-07-02,16.47,16.64,15.71,15.91,253884,4115311.50
2024-07-03,16.10,16.22,15.80,16.05,121272,1936420.13
2024-07-04,16.00,16.38,15.92,16.09,142154,2296119.25
2024-07-05,16.09,16.09,15.64,15.85,115765,1829091.50
2024-07-08,16.05,16.08,15.32,15.65,148047,2347388.25
2024-07-09,15.73,15.95,15.37,15.84,159237,2498452.00
2024-07-10,15.76,16.00,15.45,15.74,106695,1676668.63
2024-07-11,15.96,16.85,15.66,16.38,328865,5360404.50
2024-07-12,16.46,16.46,15.70,16.12,293579,4717208.50
2024-07-15,16.02,16.20,15.75,15.83,82453,1309404.75
2024-07-16,15.83,16.58,15.65,16.50,488957,7939658.00
2024-07-17,16.50,17.88,16.21,17.66,1257192,21876502.00
2024-07-18,17.75,17.75,16.22,16.51,978512,16338327.00
2024-07-19,16.54,16.68,15.96,16.11,755525,12304626.00
2024-07-22,15.85,16.09,15.52,15.99,642092,10135784.00
2024-07-23,16.00,16.31,15.75,15.78,384749,6156909.00
2024-07-24,15.70,16.09,15.51,15.66,275061,4299734.00
2024-07-25,15.50,15.93,15.50,15.78,232535,3666385.50
2024-07-26,15.78,16.96,15.78,16.46,601099,9891956.00
2024-07-29,16.54,17.49,16.49,16.95,652272,11064383.00
2024-07-30,17.01,17.01,16.01,16.22,1002117,16384310.00
2024-07-31,16.16,16.45,16.11,16.38,470903,7665647.00
2024-08-01,16.38,16.58,16.10,16.36,307408,5017678.00
2024-08-02,16.14,16.34,15.76,15.90,277126,4431106.50
2024-08-05,15.70,16.00,15.09,15.15,414318,6408550.00
2024-08-06,15.50,15.50,15.17,15.30,176893,2703520.75
2024-08-07,15.44,15.44,15.03,15.11,178959,2717485.75
2024-08-08,15.01,15.19,14.80,15.02,124184,1863030.63
2024-08-09,15.26,15.26,14.91,14.91,101030,1522443.38
2024-08-12,14.80,14.98,14.49,14.49,156456,2297524.25
2024-08-13,14.92,14.92,14.50,14.66,124348,1825929.63
2024-08-14,14.75,14.75,14.51,14.57,53529,780604.19
2024-08-15,14.80,14.87,14.32,14.70,154476,2277724.50
2024-08-16,14.85,14.85,14.35,14.73,30419,445629.56
2024-08-19,14.55,14.93,14.55,14.74,43143,635699.00
2024-08-20,14.57,14.89,14.53,14.71,185200,2742077.25
2024-08-21,14.52,14.86,14.52,14.80,105649,1560714.13
2024-08-22,14.89,14.95,14.21,14.21,149724,2177087.25
2024-08-23,14.14,14.38,13.54,13.71,213599,2955092.75
2024-08-26,13.88,13.94,13.65,13.77,110507,1520481.13
2024-08-27,13.89,13.89,13.48,13.58,72466,989700.06
2024-08-28,13.49,14.23,13.49,13.99,279492,3886747.00
2024-08-29,14.16,14.18,13.77,14.00,85289,1196117.38
2024-08-30,14.28,15.58,14.15,15.20,657610,9874331.00
2024-09-02,16.17,16.80,15.36,15.42,1250721,20243660.00
2024-09-03,14.99,15.68,14.79,15.32,726156,11054766.00
2024-09-04,15.00,15.40,14.99,15.17,391212,5910543.00
2024-09-05,15.10,15.94,15.10,15.70,491192,7683043.00
2024-09-06,16.28,16.28,15.33,15.55,407360,6375573.50
2024-09-09,15.50,15.50,15.05,15.14,260194,3950242.75
2024-09-10,15.10,15.50,14.97,15.46,212593,3225310.75
2024-09-11,15.59,15.66,15.25,15.60,195648,3033743.75
2024-09-12,15.79,15.88,15.52,15.65,136920,2147380.50
2024-09-13,15.91,15.91,15.05,15.49,232151,3625881.25
2024-09-18,15.66,15.66,15.08,15.48,185430,2852561.25
2024-09-19,15.50,15.84,15.20,15.77,211656,3322773.00
2024-09-20,15.71,16.07,15.56,15.88,226313,3582809.25
2024-09-23,15.79,16.11,15.68,16.09,196975,3134940.75
2024-09-24,16.00,16.38,15.85,16.30,334806,5425294.50
2024-09-25,16.42,17.08,16.30,16.69,873395,14639737.00
2024-09-26,16.78,16.78,16.21,16.70,501700,8294944.00
2024-09-27,16.86,19.10,16.73,19.10,1284934,23285844.00
2024-09-30,19.99,24.53,19.57,23.09,1629626,34833012.00
2024-10-08,28.00,29.30,24.24,27.48,2741276,72368224.00
2024-10-09,25.00,26.37,21.22,22.11,1611264,38447736.00
2024-10-10,22.85,22.99,20.55,20.98,885370,19424290.00
2024-10-11,21.28,21.36,18.50,19.15,1299074,25316124.00
2024-10-14,19.18,20.37,19.03,20.01,825763,16288248.00
2024-10-15,20.20,22.00,19.99,20.80,1314416,27534540.00
2024-10-16,20.01,22.00,20.01,21.94,965840,20673258.00
2024-10-17,24.33,24.33,21.67,22.58,1718492,40348632.00
2024-10-18,22.81,24.50,22.50,24.01,1368360,32491686.00
2024-10-21,26.38,27.50,24.01,26.13,1781059,46161032.00
2024-10-22,26.99,26.99,24.20,24.83,1405749,35289352.00
2024-10-23,24.50,25.50,24.50,24.80,856316,21469640.00
2024-10-24,24.82,28.90,24.63,27.62,2110802,56288732.00
2024-10-25,29.30,32.98,27.09,30.48,2553285,76089440.00
2024-10-28,29.60,30.68,28.00,30.15,1625557,47668732.00
2024-10-29,30.38,33.98,28.50,30.16,3264901,99514952.00
2024-10-30,29.90,31.45,28.32,29.93,2812583,83416352.00
2024-10-31,34.00,34.00,30.18,30.30,3660174,116758704.00
2024-11-01,29.01,29.33,26.00,26.00,2439318,67004600.00
2024-11-04,26.50,29.65,26.29,29.65,2481576,69368784.00
2024-11-05,30.24,31.80,29.08,31.28,2654625,81011448.00
2024-11-06,30.80,32.82,30.28,31.77,3091342,98045432.00
2024-11-07,31.99,35.77,31.00,33.57,3321991,109743240.00
2024-11-08,35.39,35.39,30.50,30.71,2839880,91055032.00
2024-11-11,30.70,30.70,28.69,29.96,1585377,46868100.00
2024-11-12,30.00,30.65,28.56,29.15,1315346,38759904.00
2024-11-13,29.45,30.57,28.00,30.56,1335969,39110408.00
2024-11-14,30.40,30.60,28.98,29.12,992294,29576048.00
2024-11-15,29.03,29.94,28.38,29.02,1023920,29817548.00
2024-11-18,29.30,29.86,27.52,28.17,1209218,35131396.00
2024-11-19,27.90,28.35,25.18,27.17,1443640,38407724.00
2024-11-20,26.91,28.49,26.50,28.30,1168152,32414440.00
2024-11-21,28.86,30.28,27.87,30.28,1946723,57510212.00
2024-11-22,29.91,32.08,29.33,29.53,2370154,73445232.00
2024-11-25,30.00,30.25,27.28,29.25,1022586,29324706.00
2024-11-26,29.20,30.27,27.85,27.85,908801,26505622.00
2024-11-27,27.70,28.98,25.77,28.70,1383935,37448688.00
2024-11-28,28.77,34.96,28.69,31.68,3897551,124590024.00
2024-11-29,32.36,34.80,31.15,32.89,3404031,111417384.00
2024-12-02,35.00,40.60,34.00,35.82,4304030,160298736.00
2024-12-03,35.82,35.82,35.82,35.82,0,0.00
#数据来源:通达信
