834639 晨光电缆 日线 不复权
      日期	    开盘	    最高	    最低	    收盘	    成交量	    成交额
2016-03-08,6.00,6.00,6.00,6.00,4450000,26700000.00
2016-03-09,12.50,12.50,8.22,12.48,251000,3133220.00
2016-03-10,12.50,12.50,12.50,12.50,438000,5475000.00
2016-03-11,12.50,12.50,12.50,12.50,83000,1037500.00
2016-03-14,12.50,12.50,12.50,12.50,121000,1512500.00
2016-03-15,12.50,12.50,12.50,12.50,146000,1825000.00
2016-03-16,12.50,12.50,12.50,12.50,366000,4575000.00
2016-03-17,12.50,12.50,12.50,12.50,376000,4700000.00
2016-03-18,12.50,12.50,12.50,12.50,1063000,13287500.00
2016-03-21,12.50,12.50,12.50,12.50,79000,987500.00
2016-03-22,12.50,12.50,12.50,12.50,177000,2212500.00
2016-03-23,12.50,12.50,12.50,12.50,243000,3037500.00
2016-03-24,12.50,12.50,12.50,12.50,294000,3675000.00
2016-03-25,12.50,12.50,12.50,12.50,483000,6037500.00
2016-03-28,12.50,12.50,12.50,12.50,199000,2487500.00
2016-03-29,12.50,12.50,12.50,12.50,99000,1237500.00
2016-03-31,12.50,12.50,12.50,12.50,30000,375000.00
2016-04-13,12.70,12.70,12.70,12.70,4000,50800.00
2016-04-20,12.70,12.70,12.70,12.70,2000,25400.00
2016-05-18,9.00,12.75,9.00,12.75,2000,21750.00
2016-06-02,13.00,13.00,13.00,13.00,1000,13000.00
2016-06-07,13.00,13.00,13.00,13.00,2000,26000.00
2016-06-16,15.80,15.80,11.11,13.46,2000,26910.00
2016-06-17,10.00,13.50,10.00,13.50,6000,63500.00
2016-06-22,13.50,13.50,13.50,13.50,1000,13500.00
2016-06-24,12.50,12.50,12.50,12.50,24000,300000.00
2016-06-28,11.50,13.00,11.50,11.57,42000,486000.00
2016-06-29,11.70,11.70,11.70,11.70,1000,11700.00
2016-07-04,12.50,12.50,12.50,12.50,3000,37500.00
2016-07-05,12.50,12.50,12.50,12.50,12000,150000.00
2016-07-06,12.50,12.50,12.50,12.50,16000,200000.00
2016-07-25,12.00,12.00,12.00,12.00,24000,288000.00
2016-08-02,11.50,11.50,11.50,11.50,60000,690000.00
2016-08-04,11.50,11.50,11.50,11.50,4000,46000.00
2016-08-08,12.50,12.50,12.50,12.50,1000,12500.00
2016-08-12,10.00,10.00,10.00,10.00,1000,10000.00
2016-08-24,8.10,8.10,8.10,8.10,7000,56700.00
2016-08-26,13.00,13.00,13.00,13.00,1000,13000.00
2016-09-05,12.50,12.50,12.50,12.50,105000,1312500.00
2016-09-06,11.50,11.50,11.50,11.50,5000,57500.00
2016-09-20,4.00,12.50,4.00,6.88,4000,27500.00
2016-09-23,11.80,11.80,11.80,11.80,3000,35400.00
2016-09-27,11.80,11.80,11.80,11.80,2000,23600.00
2016-09-30,6.00,6.00,6.00,6.00,92000,552000.00
2016-10-11,6.00,6.00,5.99,6.00,33000,197990.00
2016-10-12,6.00,13.00,6.00,6.00,7000,49000.00
2016-10-13,6.16,13.00,6.00,13.00,7000,49800.00
2016-10-14,6.05,6.05,5.99,6.00,18000,108020.00
2016-10-17,6.00,6.00,5.50,5.63,4000,22500.00
2016-10-18,6.00,6.00,6.00,6.00,32000,192000.00
2016-10-21,6.00,6.00,6.00,6.00,2000,12000.00
2016-10-24,5.50,5.50,5.50,5.50,14000,77000.00
2016-10-26,5.80,13.00,5.80,5.92,6000,42480.00
2016-10-27,5.85,5.85,5.85,5.85,1000,5850.00
2016-10-28,5.50,5.80,5.50,5.70,30000,171000.00
2016-10-31,5.15,5.50,5.00,5.15,29000,149400.00
2016-11-01,5.50,5.60,5.50,5.58,24000,134030.00
2016-11-02,5.66,5.66,5.66,5.66,4000,22640.00
2016-11-03,5.66,5.66,5.66,5.66,4000,22640.00
2016-11-04,5.51,5.51,5.51,5.51,1000,5510.00
2016-11-07,5.66,5.66,5.66,5.66,5000,28300.00
2016-11-08,5.77,13.00,5.77,7.58,8000,60620.00
2016-11-09,5.20,5.20,5.20,5.20,30000,156000.00
2016-11-10,5.40,5.40,5.40,5.40,2000,10800.00
2016-11-11,5.50,5.50,5.50,5.50,26000,143000.00
2016-11-14,5.43,5.45,5.43,5.45,6000,32680.00
2016-11-16,5.20,5.20,5.20,5.20,20000,104000.00
2016-11-17,5.00,5.19,5.00,5.19,35000,175950.00
2016-11-18,13.00,13.00,5.14,5.14,3000,23280.00
2016-11-21,4.96,5.00,4.96,4.96,35000,173640.00
2016-11-22,5.33,5.33,5.00,5.16,137000,706450.00
2016-11-25,5.20,5.20,5.00,5.10,21000,107100.00
2016-11-28,5.00,5.00,5.00,5.00,23000,115000.00
2016-11-29,5.00,12.00,5.00,10.83,48000,520000.00
2016-11-30,5.00,5.00,5.00,5.00,2000,10000.00
2016-12-08,9.00,9.00,9.00,9.00,20000,180000.00
2016-12-09,4.90,4.90,4.90,4.90,20000,98000.00
2016-12-13,4.80,4.80,4.80,4.80,9000,43200.00
2016-12-14,4.89,4.89,4.80,4.81,18000,86580.00
2016-12-15,4.81,4.81,4.81,4.81,20000,96200.00
2016-12-16,4.80,4.80,4.80,4.80,10000,48000.00
2016-12-19,4.79,4.79,4.79,4.79,5000,23950.00
2016-12-22,4.79,4.79,4.50,4.57,13000,59350.00
2016-12-23,4.78,4.80,4.78,4.79,10000,47940.00
2016-12-26,4.50,4.60,4.50,4.53,24000,108800.00
2016-12-27,4.50,4.69,4.50,4.61,53000,244280.00
2016-12-29,4.80,4.80,4.80,4.80,10000,48000.00
2016-12-30,5.00,5.10,5.00,5.03,15000,75200.00
2017-01-03,4.85,4.94,4.85,4.92,55000,270450.00
2017-01-04,4.90,5.00,4.90,4.98,182000,892950.00
2017-01-05,5.10,5.10,5.00,5.02,45000,225810.00
2017-01-06,5.04,5.88,5.04,5.60,30000,168000.00
2017-01-09,5.20,6.50,5.20,5.68,24000,137100.00
2017-01-10,6.00,6.00,5.60,5.60,34000,195200.00
2017-01-11,5.50,5.80,5.50,5.65,2000,11300.00
2017-01-12,5.60,5.60,5.60,5.60,2000,11200.00
2017-01-16,5.30,5.40,5.30,5.35,4000,21400.00
2017-01-17,5.40,5.40,5.35,5.37,18000,96900.00
2017-01-19,5.32,13.00,1.00,5.32,71000,163920.00
2017-01-20,5.32,5.33,5.32,5.32,12000,63890.00
2017-01-23,5.50,6.58,5.50,5.50,16000,91160.00
2017-01-24,6.00,6.00,5.45,5.53,11000,60850.00
2017-01-25,5.50,5.50,5.50,5.50,15000,82500.00
2017-01-26,5.50,5.50,5.50,5.50,3000,16500.00
2017-02-03,5.55,5.55,5.55,5.55,7000,38850.00
2017-02-06,5.50,5.55,5.50,5.55,35000,193900.00
2017-02-08,5.41,6.42,5.41,6.29,8000,50350.00
2017-02-09,5.60,5.65,5.60,5.65,30000,169200.00
2017-02-13,5.65,5.65,5.65,5.65,22000,124300.00
2017-02-14,5.65,5.65,5.65,5.65,4000,22600.00
2017-02-15,5.60,5.60,5.60,5.60,2000,11200.00
2017-02-17,5.65,5.65,5.60,5.60,21000,117800.00
2017-02-20,5.60,5.60,5.60,5.60,4000,22400.00
2017-02-21,12.50,12.50,5.60,5.60,88000,1037900.00
2017-02-28,5.60,5.60,5.60,5.60,10000,56000.00
2017-03-03,5.55,5.55,5.55,5.55,4000,22200.00
2017-03-06,5.55,5.55,5.55,5.55,11000,61050.00
2017-03-08,5.50,5.55,5.50,5.50,23000,126550.00
2017-03-09,5.50,5.50,5.40,5.40,21000,115000.00
2017-03-13,5.40,5.40,5.40,5.40,43000,232200.00
2017-03-15,5.30,5.30,5.30,5.30,22000,116600.00
2017-03-16,5.30,12.50,5.25,5.25,17000,96850.00
2017-03-20,5.25,5.25,5.25,5.25,7000,36750.00
2017-03-21,5.25,5.25,5.20,5.21,14000,72900.00
2017-03-22,5.30,5.30,3.21,5.21,55000,282270.00
2017-03-23,5.21,5.21,5.20,5.20,9000,46840.00
2017-03-24,5.30,5.30,5.12,5.20,45000,233990.00
2017-03-27,5.10,5.10,5.00,5.05,4000,20200.00
2017-03-28,5.00,5.00,5.00,5.00,1000,5000.00
2017-03-29,4.90,4.90,4.81,4.81,54000,260010.00
2017-03-30,4.71,4.71,4.69,4.71,37000,174320.00
2017-04-05,4.80,4.80,4.80,4.80,3000,14400.00
2017-04-06,5.00,5.05,5.00,5.05,20000,100770.00
2017-04-10,6.10,6.10,5.10,5.40,67000,361700.00
2017-04-13,5.48,5.48,3.47,4.62,7000,32330.00
2017-04-14,4.98,5.40,4.98,5.40,11000,56120.00
2017-04-17,5.40,5.40,5.40,5.40,7000,37800.00
2017-04-18,5.20,5.20,5.00,5.00,29000,149800.00
2017-04-19,5.20,5.20,5.20,5.20,7000,36400.00
2017-04-20,5.30,5.30,5.08,5.08,12000,61300.00
2017-04-26,5.18,5.18,5.18,5.18,3000,15540.00
2017-04-27,5.03,5.05,4.00,4.54,20000,91510.00
2017-04-28,5.25,5.25,4.98,5.09,25000,127190.00
2017-06-26,4.77,4.77,3.15,3.43,107000,384030.00
2017-06-27,3.45,3.85,3.43,3.85,16000,58760.00
2017-06-28,3.85,3.85,3.85,3.85,2000,7700.00
2017-07-03,3.90,3.90,3.90,3.90,4000,15600.00
2017-07-04,5.18,5.18,5.18,5.18,2000,10360.00
2017-07-05,6.90,10.00,4.03,4.63,43000,210100.00
2017-07-06,4.15,5.00,4.15,4.15,22000,101500.00
2017-07-07,4.05,8.30,4.00,4.33,20000,85200.00
2017-07-10,4.17,4.17,4.17,4.17,5000,20900.00
2017-07-11,4.16,4.16,4.16,4.16,3000,12480.00
2017-07-12,8.30,8.30,8.30,8.30,1000,8300.00
2017-07-13,12.50,12.50,4.15,12.21,93000,1135450.00
2017-07-31,6.11,6.11,6.11,6.11,11000,67210.00
2017-08-02,4.00,11.99,4.00,11.99,5000,27990.00
2017-08-03,14.99,14.99,14.99,14.99,1000,14990.00
2017-08-21,7.51,7.51,7.51,7.51,1000,7510.00
2017-08-22,3.77,3.77,3.76,3.76,36000,135370.00
2017-08-23,3.88,3.88,3.88,3.88,134000,519920.00
2017-08-25,3.88,3.88,3.88,3.88,49000,190120.00
2017-08-28,4.89,4.89,4.89,4.89,1000,4890.00
2017-08-30,3.89,3.89,3.89,3.89,5000,19450.00
2017-09-05,3.80,5.40,3.80,5.04,40000,201600.00
2017-09-07,10.00,10.00,3.85,10.00,28000,120100.00
2017-09-08,12.10,12.10,12.10,12.10,38000,459800.00
2017-09-11,6.05,6.05,6.05,6.05,1000,6050.00
2017-09-13,9.00,9.00,3.84,3.84,16000,138840.00
2017-09-14,3.50,3.50,3.30,3.31,17000,57390.00
2017-09-15,3.00,3.00,3.00,3.00,6000,18000.00
2017-09-18,3.33,3.33,3.33,3.33,10000,33300.00
2017-09-19,3.00,3.00,3.00,3.00,10000,30000.00
2017-09-20,3.00,3.00,3.00,3.00,9000,27000.00
2017-09-21,3.00,3.00,2.95,2.95,47000,139000.00
2017-09-22,2.80,2.85,2.80,2.85,8000,22650.00
2017-10-09,2.70,2.70,2.70,2.70,10000,27000.00
2017-10-12,3.80,3.80,3.50,3.60,3000,10800.00
2017-10-13,3.48,6.81,3.40,3.44,71000,251590.00
2017-10-16,3.58,3.58,3.50,3.50,32000,112240.00
2017-10-17,3.58,3.60,3.58,3.59,22000,78860.00
2017-10-26,3.58,3.58,3.58,3.58,5000,17900.00
2017-11-02,4.50,4.50,4.50,4.50,34000,153000.00
2017-11-06,4.50,4.50,4.50,4.50,46000,207000.00
2017-11-07,2.50,2.50,2.50,2.50,5000,12500.00
2017-11-10,2.50,2.50,2.50,2.50,5000,12500.00
2017-11-13,3.00,3.00,3.00,3.00,12000,36000.00
2017-11-14,6.00,6.00,6.00,6.00,1000,6000.00
2017-11-15,10.00,10.00,10.00,10.00,79000,790000.00
2017-11-20,6.00,6.00,6.00,6.00,5000,30000.00
2017-11-23,3.48,3.48,3.48,3.48,1000,3480.00
2017-12-04,3.48,3.48,3.48,3.48,10000,34800.00
2017-12-05,2.80,2.80,2.50,2.68,5000,13400.00
2017-12-15,3.00,3.00,3.00,3.00,10000,30000.00
2017-12-22,3.15,3.15,3.15,3.15,5000,15750.00
2018-01-03,3.15,3.15,3.15,3.15,10000,31500.00
2018-02-09,3.45,3.45,3.45,3.45,104000,358800.00
2018-04-04,3.44,3.44,3.44,3.44,2000,6880.00
2018-04-10,3.10,3.10,3.10,3.10,1000,3100.00
2018-04-11,2.99,2.99,2.99,2.99,3000,8970.00
2018-04-20,2.50,2.50,2.50,2.50,8000,20000.00
2018-05-03,2.00,2.00,2.00,2.00,4000,8000.00
2018-05-10,1.80,1.80,1.80,1.80,1000,1800.00
2018-05-11,1.50,1.50,1.50,1.50,5000,7500.00
2018-05-15,1.30,1.30,1.30,1.30,5000,6500.00
2018-05-17,1.10,1.10,1.10,1.10,5000,5500.00
2018-05-18,1.00,1.00,1.00,1.00,40000,40000.00
2018-05-30,1.00,1.00,1.00,1.00,13000,13000.00
2018-06-11,1.01,1.01,1.01,1.01,2000,2020.00
2018-06-13,0.99,0.99,0.99,0.99,2000,1980.00
2018-06-14,1.01,1.01,1.01,1.01,3000,3030.00
2018-06-27,2.02,2.02,2.02,2.02,39000,78780.00
2018-08-06,1.98,1.98,1.98,1.98,41000,81180.00
2018-08-24,1.00,1.00,1.00,1.00,10000,10000.00
2018-08-27,1.00,1.00,1.00,1.00,17000,17000.00
2018-09-13,0.95,0.95,0.95,0.95,15000,14250.00
2018-09-20,0.96,0.96,0.96,0.96,4000,3840.00
2018-09-21,0.90,0.90,0.90,0.90,10000,9000.00
2018-10-10,1.40,1.40,1.40,1.40,1000,1400.00
2018-10-15,2.60,2.60,2.60,2.60,1000,2600.00
2018-10-23,2.00,2.00,2.00,2.00,39000,78000.00
2018-12-04,1.77,1.77,1.77,1.77,1000,1770.00
2018-12-06,1.68,1.68,1.68,1.68,1000,1680.00
2018-12-14,1.68,1.68,1.68,1.68,6000,10080.00
2019-01-02,1.67,1.67,1.67,1.67,2000,3340.00
2019-02-18,1.65,1.65,1.65,1.65,14000,23100.00
2019-04-01,1.60,1.60,1.60,1.60,2000,3200.00
2019-04-02,1.60,1.60,1.60,1.60,108000,172800.00
2019-04-19,1.70,1.70,1.70,1.70,2000,3400.00
2019-04-23,1.80,1.80,1.80,1.80,6000,10800.00
2019-04-25,1.70,1.70,1.70,1.70,10000,17000.00
2019-05-07,1.70,1.70,1.70,1.70,2000,3400.00
2019-05-08,1.70,1.70,1.70,1.70,2000,3400.00
2019-05-09,1.69,1.69,1.69,1.69,6000,10140.00
2019-05-13,1.65,1.65,1.65,1.65,5000,8250.00
2019-08-23,2.00,2.00,2.00,2.00,2000,4000.00
2019-08-26,2.00,2.00,2.00,2.00,2000,4000.00
2019-08-29,2.00,2.00,2.00,2.00,100000,200000.00
2019-10-15,2.00,2.00,2.00,2.00,419000,838000.00
2019-10-24,2.00,2.00,2.00,2.00,10000,20000.00
2019-10-25,2.00,2.00,2.00,2.00,6000,12000.00
2019-11-08,2.19,2.19,2.19,2.19,27000,59130.00
2019-11-15,2.19,2.19,2.19,2.19,8000,17520.00
2019-11-18,2.18,2.18,2.18,2.18,8000,17440.00
2019-11-19,2.18,2.18,2.18,2.18,8000,17440.00
2019-11-20,2.17,2.17,2.17,2.17,8000,17360.00
2020-01-07,2.18,2.18,2.18,2.18,2000,4360.00
2020-01-08,2.18,2.18,2.18,2.18,9000,19620.00
2020-01-09,2.18,2.18,2.18,2.18,3000,6540.00
2020-01-10,2.18,2.18,2.18,2.18,3000,6540.00
2020-01-15,2.18,2.18,2.18,2.18,4000,8720.00
2020-01-17,2.18,2.18,2.18,2.18,4000,8720.00
2020-01-21,2.18,2.18,2.18,2.18,5000,10900.00
2020-01-22,2.18,2.18,2.18,2.18,500000,1000000.00
2020-02-18,2.18,2.18,2.18,2.18,2000,4360.00
2020-03-09,2.18,2.18,2.18,2.18,3000,6540.00
2020-04-20,2.18,2.18,2.18,2.18,4000,8720.00
2020-04-21,2.49,2.49,2.49,2.49,15000,37350.00
2020-05-06,1.81,1.81,1.81,1.81,1000,1810.00
2020-05-08,2.20,2.20,2.20,2.20,900,2197.80
2020-05-11,2.48,2.48,2.48,2.48,3600,8928.00
2020-05-22,2.30,2.30,2.30,2.30,3400,7820.00
2020-05-25,2.28,2.28,2.20,2.20,7100,15780.00
2020-06-01,2.20,2.20,2.19,2.19,10000,21950.00
2020-06-05,2.01,2.01,2.01,2.01,8100,16281.00
2020-06-10,1.51,1.99,1.51,1.99,2000,3500.00
2020-06-11,2.00,2.00,2.00,2.00,900,1998.00
2020-06-15,2.48,2.48,2.48,2.48,2000,4960.00
2020-06-16,2.46,2.46,2.46,2.46,17500,43050.00
2020-06-19,2.50,2.50,2.50,2.50,8000,20000.00
2020-06-22,2.80,2.86,2.80,2.86,33900,96654.00
2020-06-23,3.40,3.40,3.30,3.30,12900,43169.90
2020-06-24,3.30,3.30,3.28,3.28,5900,19362.00
2020-06-29,3.26,3.26,3.10,3.10,19500,61930.00
2020-06-30,3.17,3.18,3.17,3.18,220000,703550.00
2020-07-01,3.30,3.35,3.30,3.35,15400,51690.10
2020-07-02,3.58,3.59,3.58,3.58,14700,52722.00
2020-07-03,3.68,3.68,3.68,3.68,5700,20976.00
2020-07-06,3.80,3.80,3.80,3.80,1000,3800.00
2020-07-07,3.87,3.87,3.87,3.87,2000,7740.00
2020-07-10,3.52,3.52,3.50,3.50,7400,25980.00
2020-07-13,3.35,3.36,3.35,3.36,15000,50300.00
2020-07-14,3.58,3.68,3.58,3.68,11800,42424.00
2020-07-15,3.68,3.68,3.68,3.68,500,1840.00
2020-07-16,3.68,3.68,3.20,3.20,12000,43680.00
2020-07-17,3.65,3.65,3.65,3.65,2000,7300.00
2020-07-20,3.88,3.90,3.88,3.90,16100,62640.00
2020-07-21,4.15,4.15,4.15,4.15,8000,33200.00
2020-07-22,4.15,4.15,4.15,4.15,2200,9130.00
2020-07-24,3.80,3.80,3.80,3.80,5000,19000.00
2020-08-05,4.00,4.00,3.60,3.60,10000,38000.00
2020-08-06,3.75,3.75,3.75,3.75,100,375.00
2020-08-07,3.79,3.79,3.79,3.79,5000,18950.00
2020-08-20,3.50,3.50,3.50,3.50,2000,7000.00
2020-08-28,3.55,3.55,3.55,3.55,700,2627.00
2020-08-31,3.60,3.80,3.60,3.80,5100,18760.00
2020-09-04,3.70,3.70,3.70,3.70,3000,11100.00
2020-09-08,4.50,4.50,4.50,4.50,5000,22500.00
2020-09-09,4.00,4.00,3.75,3.75,2000,7750.00
2020-09-10,3.75,3.75,3.75,3.75,1500,5625.00
2020-09-14,4.00,4.00,3.90,3.90,26600,104384.00
2020-09-15,3.82,3.85,3.82,3.85,2700,10499.35
2020-09-16,4.00,4.00,4.00,4.00,12300,49244.00
2020-09-17,4.00,4.00,4.00,4.00,7500,29876.00
2020-09-18,3.71,3.71,3.71,3.71,100,371.00
2020-09-24,3.75,3.75,3.75,3.75,3000,11250.00
2020-10-12,4.98,4.98,4.98,4.98,100,498.00
2020-10-28,5.00,5.00,5.00,5.00,5100,25500.00
2020-10-29,5.00,5.00,5.00,5.00,5100,25500.00
2020-11-02,5.00,5.00,5.00,5.00,100,500.00
2020-11-03,3.52,3.52,3.52,3.52,400,1408.00
2020-11-10,4.00,4.00,4.00,4.00,4800,19208.00
2020-11-11,4.00,4.00,4.00,4.00,1000,4000.00
2020-11-13,3.90,3.90,3.90,3.90,2500,9750.00
2020-12-01,4.17,4.17,3.70,3.70,1400,5656.30
2020-12-07,3.70,4.90,3.70,4.90,4000,16300.00
2020-12-11,3.70,3.70,3.70,3.70,2000,7400.00
2020-12-21,3.70,3.70,3.70,3.70,2100,7770.00
2020-12-22,3.04,3.69,3.04,3.69,6200,22778.31
2021-01-05,3.60,3.60,3.60,3.60,200,720.00
2021-01-06,3.90,3.90,3.90,3.90,5200,20280.00
2021-01-14,3.60,3.60,3.60,3.60,6700,24120.00
2021-01-15,3.60,3.60,3.60,3.60,1000,3600.00
2021-02-22,4.90,4.90,4.90,4.90,2000,9800.00
2021-02-23,4.94,4.94,4.94,4.94,500,2475.00
2021-02-26,4.94,4.94,4.94,4.94,400,1980.00
2021-03-09,5.00,5.00,5.00,5.00,5000,25000.00
2021-03-15,5.00,5.00,5.00,5.00,14000,70000.00
2021-03-26,5.00,5.00,5.00,5.00,16800,84000.00
2021-03-29,5.00,5.00,5.00,5.00,12100,60745.00
2021-04-08,5.00,5.00,5.00,5.00,10500,52430.00
2021-04-12,5.00,5.00,5.00,5.00,500,2500.00
2021-04-19,5.00,5.00,5.00,5.00,8000,39935.00
2021-04-27,5.00,5.00,5.00,5.00,10000,49830.00
2021-04-29,5.00,5.00,5.00,5.00,10000,49920.00
2021-05-07,4.50,4.50,4.50,4.50,25000,112500.00
2021-05-10,4.96,4.96,4.96,4.96,500,2485.00
2021-05-18,4.50,4.50,4.50,4.50,68200,306724.50
2021-05-19,4.50,4.50,4.50,4.50,22500,101250.00
2021-05-24,3.12,3.12,3.12,3.12,100,312.00
2021-05-26,1.74,1.74,1.74,1.74,100,174.00
2021-05-27,3.48,3.48,3.48,3.48,2615900,3191677.75
2021-05-28,4.94,4.94,4.94,4.94,3900,19072.35
2021-06-01,5.00,5.00,5.00,5.00,2200,10985.00
2021-06-03,5.00,5.00,5.00,5.00,2000,9985.00
2021-06-08,5.00,5.00,5.00,5.00,2000,9985.00
2021-06-10,3.66,3.66,3.66,3.66,100,366.00
2021-06-11,4.50,4.50,4.00,4.00,200,850.00
2021-06-15,3.54,3.66,3.54,3.60,13600,49325.04
2021-06-17,3.88,3.88,3.88,3.88,100,388.00
2021-06-18,3.80,3.80,3.80,3.80,2800,10640.00
2021-06-21,3.60,3.68,3.60,3.68,26700,96320.00
2021-06-22,3.60,3.60,3.60,3.60,2500,9000.00
2021-06-23,3.60,3.60,3.60,3.60,2000,7200.00
2021-07-09,3.50,3.60,3.50,3.60,4200,14806.00
2021-07-13,3.50,3.50,3.50,3.50,3500,12250.00
2021-07-14,3.50,3.50,3.50,3.50,2100,7315.00
2021-07-27,3.70,3.70,3.70,3.70,4800,17760.00
2021-07-28,3.70,3.70,3.70,3.70,6000,22200.00
2021-07-29,3.70,3.70,3.56,3.56,9100,33263.32
2021-07-30,3.70,3.70,3.70,3.70,2900,10907.60
2021-08-02,3.70,3.70,3.70,3.70,19000,70296.30
2021-08-03,3.70,3.70,3.70,3.70,10900,40330.00
2021-08-04,3.70,3.70,3.70,3.70,257800,953860.00
2021-08-05,4.80,4.80,4.80,4.80,100,480.00
2021-08-09,4.76,4.76,4.76,4.76,1200,5712.00
2021-08-10,4.75,4.75,4.75,4.75,100,475.00
2021-08-17,4.92,4.92,4.92,4.92,100,493.00
2021-08-18,4.92,4.92,4.92,4.92,100000,640000.00
2021-08-19,4.92,4.92,4.92,4.92,180000,1152000.00
2021-08-20,5.00,5.00,5.00,5.00,270200,1729000.00
2021-08-27,4.00,4.00,4.00,4.00,106000,423996.00
2021-09-03,4.00,4.00,4.00,4.00,105400,421600.00
2021-09-06,3.98,3.99,3.98,3.99,65000,259200.00
2021-09-15,4.09,4.09,4.09,4.09,600,2454.00
2021-09-16,4.50,4.50,4.50,4.50,683500,3032589.00
2021-09-23,4.58,4.58,4.21,4.50,4500,19592.37
2021-09-24,4.96,4.96,4.96,4.96,100,497.00
2021-09-27,4.66,4.66,4.50,4.50,11100,50510.00
2021-09-28,4.31,4.50,4.31,4.50,4000,17630.00
2021-09-29,4.44,4.50,4.44,4.50,2800,12481.50
2021-09-30,4.50,4.50,4.50,4.50,2200,9990.00
2021-10-08,4.50,4.50,4.48,4.50,40600,182496.50
2021-10-11,4.50,4.50,4.48,4.48,9800,44128.80
2021-10-12,4.48,4.48,4.48,4.48,7700,34585.60
2021-10-13,4.48,4.48,4.46,4.46,5300,23600.10
2021-10-14,4.46,4.46,4.46,4.46,15800,70641.40
2021-10-18,4.46,4.46,4.40,4.44,16300,72417.20
2021-10-19,4.48,4.50,4.48,4.48,35600,159503.20
2021-10-20,4.48,4.48,4.48,4.48,14100,63168.00
2021-10-21,4.02,4.02,4.02,4.02,100,241.20
2021-10-25,4.44,4.44,4.44,4.44,17200,76540.00
2021-10-26,4.44,4.44,4.26,4.26,500,2386.88
2021-10-29,4.48,4.48,4.48,4.48,1300,5868.80
2021-11-01,4.48,4.48,4.48,4.48,500,2240.00
2021-11-02,4.48,4.48,4.48,4.48,100,448.00
2021-11-04,4.46,4.46,4.46,4.46,200,894.00
2021-11-05,4.46,4.46,4.46,4.46,31500,140889.69
2021-11-08,4.46,4.46,4.46,4.46,3100,13722.90
2021-11-09,4.46,4.46,4.46,4.46,3200,14259.30
2021-11-10,4.46,4.46,4.46,4.46,4100,18496.86
2021-11-11,4.55,4.55,4.55,4.55,1200,5460.00
2021-11-12,4.54,4.54,4.02,4.50,6500,28354.00
2021-11-15,4.50,4.55,4.48,4.55,19900,89601.52
2021-11-16,4.55,4.55,4.54,4.54,16000,72690.00
2021-11-17,4.35,4.35,4.35,4.35,500,2205.45
2021-11-18,5.50,6.00,5.50,5.61,313400,1753332.75
2021-11-19,5.55,5.60,5.50,5.58,102600,567922.31
2021-11-22,5.55,5.58,5.50,5.52,39100,216918.25
2021-11-23,5.52,5.52,5.45,5.48,12400,68073.76
2021-11-24,5.90,5.90,5.75,5.75,11600,66935.00
2021-11-25,5.98,5.98,5.94,5.95,83200,494465.72
2021-11-26,6.00,6.80,6.00,6.28,23800,150220.00
2021-11-29,6.03,6.28,6.03,6.17,200000,1282771.50
2021-11-30,6.66,6.66,6.30,6.45,91500,594115.81
2021-12-01,6.38,6.41,6.38,6.38,14200,90741.00
2021-12-02,6.32,6.35,6.03,6.34,17700,112153.90
2021-12-03,6.34,6.34,6.22,6.22,16000,100850.00
2021-12-06,6.66,6.66,6.28,6.43,53400,345358.78
2021-12-07,6.43,6.43,6.21,6.23,17400,108563.98
2021-12-09,6.76,6.76,6.50,6.50,18300,119800.00
2021-12-10,6.25,6.25,6.25,6.25,50400,314825.00
2021-12-13,6.48,6.48,6.48,6.48,100,777.60
2021-12-14,6.48,6.48,6.43,6.43,30900,199847.00
2021-12-16,6.43,6.43,6.30,6.30,12500,80156.40
2021-12-17,6.29,6.29,6.21,6.29,16000,100706.38
2021-12-20,6.20,6.70,6.20,6.55,21100,131205.00
2021-12-21,6.57,6.57,6.43,6.43,26300,170452.55
2021-12-22,6.43,6.43,6.43,6.43,21900,141099.92
2021-12-23,6.45,6.45,6.35,6.36,33000,212532.94
2021-12-24,7.15,7.79,7.15,7.79,384200,2872842.75
2022-07-12,4.30,4.31,4.08,4.30,16972102,71324088.00
2022-07-13,4.15,4.17,4.11,4.12,2892998,11949069.00
2022-07-14,4.12,4.13,4.10,4.10,1347820,5534139.00
2022-07-15,4.12,4.14,4.09,4.09,981783,4031594.75
2022-07-18,4.11,4.13,4.08,4.09,1044795,4275763.00
2022-07-19,4.11,4.14,4.10,4.12,1068484,4401294.50
2022-07-20,4.11,4.25,4.11,4.19,2365151,9880319.00
2022-07-21,4.18,4.18,4.13,4.13,883579,3663605.25
2022-07-22,4.17,4.18,4.11,4.17,1104558,4577665.00
2022-07-25,4.16,4.29,4.14,4.29,2665126,11248233.00
2022-07-26,4.29,4.41,4.22,4.40,6475872,28098202.00
2022-07-27,4.35,5.01,4.33,4.63,9396520,43469292.00
2022-07-28,4.59,4.60,4.42,4.49,4922088,21976846.00
2022-07-29,4.50,4.56,4.41,4.43,2558363,11438157.00
2022-08-01,4.40,4.42,4.32,4.35,1852388,8083617.00
2022-08-02,4.32,4.34,4.14,4.21,2309468,9752542.00
2022-08-03,4.21,4.32,4.21,4.24,1516194,6483682.00
2022-08-04,4.29,4.43,4.24,4.35,1416259,6159216.00
2022-08-05,4.36,4.37,4.27,4.33,1149608,4964321.00
2022-08-08,4.30,4.34,4.26,4.30,762414,3279901.25
2022-08-09,4.31,4.36,4.28,4.31,1142283,4930112.50
2022-08-10,4.31,4.54,4.30,4.49,3911240,17344972.00
2022-08-11,4.55,4.65,4.49,4.59,2954298,13499394.00
2022-08-12,4.58,4.59,4.42,4.44,2706887,12103775.00
2022-08-15,4.46,4.46,4.41,4.45,860906,3815300.00
2022-08-16,4.45,4.45,4.39,4.42,1241012,5476638.50
2022-08-17,4.42,4.44,4.38,4.43,861814,3805322.25
2022-08-18,4.41,4.53,4.40,4.46,1219322,5449125.00
2022-08-19,4.45,4.47,4.41,4.43,704186,3117624.75
2022-08-22,4.44,4.44,4.37,4.37,658699,2892105.25
2022-08-23,4.38,4.38,4.33,4.35,1130866,4913540.50
2022-08-24,4.34,4.34,4.25,4.28,1001805,4299198.50
2022-08-25,4.27,4.35,4.20,4.26,584346,2480040.00
2022-08-26,4.26,4.30,4.25,4.26,474541,2026662.50
2022-08-29,4.25,4.28,4.21,4.28,297519,1262849.75
2022-08-30,4.29,4.30,4.26,4.28,249458,1066741.25
2022-08-31,4.25,4.27,4.23,4.23,508830,2158151.00
2022-09-01,4.22,4.26,4.22,4.22,357106,1509878.63
2022-09-02,4.22,4.25,4.22,4.23,301883,1277632.75
2022-09-05,4.26,4.28,4.24,4.27,606072,2579462.75
2022-09-06,4.27,4.27,4.24,4.26,341027,1448735.63
2022-09-07,4.25,4.30,4.24,4.27,534720,2284383.75
2022-09-08,4.28,4.28,4.22,4.23,630228,2671359.00
2022-09-09,4.22,4.24,4.21,4.24,295003,1245451.50
2022-09-13,4.25,4.25,4.21,4.21,358457,1513768.38
2022-09-14,4.19,4.21,4.15,4.21,531601,2220190.00
2022-09-15,4.19,4.19,4.10,4.16,1335631,5541159.00
2022-09-16,4.18,4.43,4.15,4.35,3802954,16504264.00
2022-09-19,4.41,4.59,4.28,4.50,4366113,19431982.00
2022-09-20,4.46,4.64,4.41,4.55,3900674,17735690.00
2022-09-21,4.48,5.52,4.47,5.06,14845008,74598664.00
2022-09-22,5.10,5.28,4.80,4.85,7220954,36088020.00
2022-09-23,4.92,4.96,4.45,4.50,6422282,29530052.00
2022-09-26,4.48,4.54,4.25,4.33,3238053,14225932.00
2022-09-27,4.33,4.55,4.33,4.45,3120670,13835085.00
2022-09-28,4.40,4.44,4.33,4.34,1463900,6401275.50
2022-09-29,4.39,4.39,4.17,4.19,2760925,11709445.00
2022-09-30,4.21,4.26,4.19,4.21,1208498,5113119.50
2022-10-10,4.20,4.27,4.14,4.16,1145374,4788726.00
2022-10-11,4.16,4.35,4.16,4.27,1005156,4285366.00
2022-10-12,4.31,4.31,4.21,4.27,880610,3744103.25
2022-10-13,4.25,4.34,4.25,4.32,1788587,7669341.50
2022-10-14,4.31,4.36,4.30,4.36,1536355,6666110.00
2022-10-17,4.32,4.35,4.29,4.35,1159841,5009855.50
2022-10-18,4.36,4.44,4.30,4.44,1771837,7750695.00
2022-10-19,4.44,4.44,4.32,4.33,1104082,4815454.00
2022-10-20,4.34,4.34,4.29,4.30,1095146,4712508.50
2022-10-21,4.33,4.42,4.30,4.34,944214,4114289.50
2022-10-24,4.35,4.40,4.23,4.24,1664632,7144811.50
2022-10-25,4.26,4.27,4.21,4.24,636992,2694245.25
2022-10-26,4.26,4.27,4.21,4.24,740946,3148812.50
2022-10-27,4.24,4.26,4.22,4.23,746873,3158685.50
2022-10-28,4.23,4.24,4.18,4.18,1001924,4206998.50
2022-10-31,4.19,4.22,4.17,4.21,288302,1209978.50
2022-11-01,4.20,4.27,4.20,4.26,475812,2020827.00
2022-11-02,4.27,4.29,4.25,4.29,535705,2285521.50
2022-11-03,4.25,4.29,4.22,4.25,492419,2091006.25
2022-11-04,4.25,4.29,4.25,4.28,565370,2419269.00
2022-11-07,4.29,4.35,4.27,4.34,1307941,5640659.00
2022-11-08,4.32,4.35,4.30,4.32,602572,2602251.00
2022-11-09,4.31,4.32,4.29,4.32,438531,1887866.13
2022-11-10,4.31,4.31,4.27,4.30,296699,1270858.13
2022-11-11,4.32,4.35,4.31,4.33,612017,2646404.25
2022-11-14,4.34,4.36,4.30,4.32,349971,1514035.88
2022-11-15,4.30,4.33,4.27,4.31,609856,2619907.50
2022-11-16,4.32,4.32,4.29,4.31,267979,1153163.63
2022-11-17,4.29,4.30,4.27,4.29,537195,2297964.00
2022-11-18,4.29,4.29,4.26,4.28,431346,1843776.50
2022-11-21,4.32,4.38,4.30,4.32,1155915,5006558.00
2022-11-22,4.34,4.34,4.28,4.31,378094,1623461.38
2022-11-23,4.31,4.31,4.27,4.29,279296,1196633.25
2022-11-24,4.29,4.31,4.28,4.29,163171,700496.19
2022-11-25,4.29,4.29,4.27,4.29,217902,933356.06
2022-11-28,4.27,4.29,4.25,4.27,395963,1688436.25
2022-11-29,4.26,4.30,4.25,4.29,404923,1734803.75
2022-11-30,4.30,4.31,4.27,4.29,576521,2466336.25
2022-12-01,4.29,4.30,4.27,4.29,417456,1787563.75
2022-12-02,4.29,4.29,4.27,4.29,217024,929389.31
2022-12-05,4.29,4.29,4.26,4.28,346274,1481424.75
2022-12-06,4.28,4.29,4.26,4.27,412746,1764620.88
2022-12-07,4.29,4.29,4.25,4.27,459398,1959009.00
2022-12-08,4.25,4.27,4.23,4.26,419673,1785281.25
2022-12-09,4.25,4.27,4.24,4.27,279722,1189406.63
2022-12-12,4.25,4.27,4.24,4.26,250850,1066664.75
2022-12-13,4.26,4.26,4.25,4.25,115246,490263.56
2022-12-14,4.26,4.26,4.23,4.25,192036,814088.31
2022-12-15,4.23,4.25,4.21,4.23,241216,1019407.00
2022-12-16,4.22,4.23,4.19,4.21,429032,1803919.13
2022-12-19,4.21,4.21,4.11,4.12,523067,2168912.50
2022-12-20,4.09,4.16,4.09,4.13,222794,918902.94
2022-12-21,4.13,4.13,4.10,4.12,208935,858972.44
2022-12-22,4.10,4.12,4.08,4.09,266408,1090459.75
2022-12-23,4.07,4.10,4.04,4.07,181199,736822.06
2022-12-26,4.06,4.08,4.05,4.06,162527,659689.94
2022-12-27,4.05,4.06,4.03,4.05,207464,839152.00
2022-12-28,4.05,4.06,4.03,4.05,83396,337371.53
2022-12-29,4.02,4.05,4.02,4.05,87326,352413.50
2022-12-30,4.05,4.10,4.03,4.09,98062,399513.41
2023-01-03,4.11,4.14,4.09,4.14,309285,1274296.13
2023-01-04,4.15,4.15,4.11,4.15,146154,603787.63
2023-01-05,4.15,4.18,4.15,4.18,107011,445682.50
2023-01-06,4.14,4.16,4.13,4.16,163309,676039.31
2023-01-09,4.14,4.16,4.14,4.16,35713,148325.08
2023-01-10,4.15,4.15,4.10,4.13,162543,669739.75
2023-01-11,4.14,4.15,4.11,4.13,29400,121468.00
2023-01-12,4.11,4.13,4.08,4.13,75841,311098.75
2023-01-13,4.09,4.14,4.09,4.14,59408,244826.05
2023-01-16,4.15,4.16,4.12,4.14,182412,755033.69
2023-01-17,4.13,4.14,4.12,4.14,65699,271189.56
2023-01-18,4.11,4.21,4.11,4.20,297539,1243588.13
2023-01-19,4.23,4.23,4.16,4.20,91534,382738.53
2023-01-20,4.21,4.27,4.21,4.26,374615,1591891.63
2023-01-30,4.27,4.29,4.23,4.24,357132,1517071.00
2023-01-31,4.22,4.38,4.22,4.38,4056007,17582290.00
2023-02-01,4.38,4.43,4.31,4.33,2649078,11558654.00
2023-02-02,4.34,4.34,4.22,4.24,2169259,9262368.00
2023-02-03,4.24,4.25,4.20,4.24,1121951,4734299.00
2023-02-06,4.22,4.28,4.19,4.22,538060,2272024.00
2023-02-07,4.23,4.24,4.19,4.21,654318,2753782.50
2023-02-08,4.23,4.23,4.17,4.17,727495,3046984.75
2023-02-09,4.20,4.20,4.15,4.20,463142,1933498.38
2023-02-10,4.19,4.20,4.15,4.17,403370,1683486.38
2023-02-13,4.20,4.22,4.17,4.20,364605,1529683.50
2023-02-14,4.20,4.21,4.17,4.19,375799,1572418.13
2023-02-15,4.19,4.19,4.17,4.19,575879,2408953.50
2023-02-16,4.20,4.20,4.14,4.17,568764,2376977.00
2023-02-17,4.15,4.15,4.12,4.14,503050,2078649.88
2023-02-20,4.16,4.17,4.13,4.17,424851,1764735.88
2023-02-21,4.17,4.18,4.15,4.18,295257,1229298.25
2023-02-22,4.18,4.18,4.15,4.18,278168,1158565.63
2023-02-23,4.17,4.19,4.16,4.16,140898,588434.13
2023-02-24,4.19,4.20,4.10,4.17,667590,2780063.50
2023-02-27,4.17,4.17,4.14,4.16,148684,617615.63
2023-02-28,4.16,4.17,4.14,4.17,192641,799515.06
2023-03-01,4.15,4.18,4.15,4.18,251129,1043983.81
2023-03-02,4.17,4.19,4.16,4.18,315595,1317559.13
2023-03-03,4.19,4.20,4.16,4.18,271433,1134178.75
2023-03-06,4.18,4.18,4.15,4.16,174254,724135.63
2023-03-07,4.15,4.15,4.12,4.14,405668,1676643.75
2023-03-08,4.12,4.15,4.11,4.14,209536,866766.44
2023-03-09,4.14,4.15,4.12,4.14,277352,1145486.50
2023-03-10,4.12,4.14,4.10,4.14,206741,852574.13
2023-03-13,4.15,4.15,4.12,4.14,124743,514963.59
2023-03-14,4.15,4.15,4.07,4.11,423315,1733263.50
2023-03-15,4.13,4.13,4.08,4.11,155368,636492.25
2023-03-16,4.11,4.11,4.05,4.09,277370,1127997.50
2023-03-17,4.09,4.09,4.05,4.07,373922,1520141.13
2023-03-20,4.06,4.11,4.02,4.07,316763,1282640.63
2023-03-21,4.05,4.09,4.05,4.09,247353,1008298.63
2023-03-22,4.09,4.10,4.07,4.08,147303,601499.31
2023-03-23,4.08,4.11,4.06,4.09,200023,815676.50
2023-03-24,4.10,4.12,4.07,4.10,331098,1358776.50
2023-03-27,4.09,4.10,4.05,4.06,312433,1274024.88
2023-03-28,4.06,4.08,4.04,4.06,205122,831366.06
2023-03-29,4.06,4.06,4.04,4.05,81065,328299.25
2023-03-30,4.03,4.05,4.01,4.05,383509,1545628.13
2023-03-31,4.05,4.06,4.03,4.05,106671,431099.41
2023-04-03,4.04,4.07,4.01,4.04,308555,1244170.88
2023-04-04,4.05,4.05,4.02,4.04,155746,628064.25
2023-04-06,4.02,4.04,4.01,4.04,246013,989393.94
2023-04-07,4.04,4.05,4.02,4.04,218080,879665.25
2023-04-10,4.04,4.05,4.02,4.05,192011,773623.06
2023-04-11,4.03,4.06,4.03,4.05,114090,461723.81
2023-04-12,4.02,4.06,4.02,4.06,119361,482949.03
2023-04-13,4.08,4.08,4.03,4.04,122401,494623.03
2023-04-14,4.05,4.06,4.03,4.05,183082,739512.69
2023-04-17,4.07,4.07,4.04,4.05,198204,803815.81
2023-04-18,4.05,4.07,4.04,4.06,357170,1452276.25
2023-04-19,4.06,4.07,4.04,4.06,100100,405831.00
2023-04-20,4.03,4.04,4.01,4.02,377025,1516990.63
2023-04-21,4.02,4.03,4.01,4.02,155164,622606.63
2023-04-24,4.02,4.05,4.01,4.04,156754,631325.25
2023-04-25,4.03,4.04,3.94,3.97,414092,1648564.88
2023-04-26,4.10,4.10,4.05,4.07,489868,1996137.25
2023-04-27,4.07,4.13,4.07,4.10,824255,3388303.75
2023-04-28,4.10,4.13,4.05,4.13,472262,1938098.13
2023-05-04,4.12,4.19,4.12,4.19,966380,4016709.00
2023-05-05,4.20,4.24,4.17,4.24,1686460,7109389.00
2023-05-08,4.25,4.40,4.24,4.36,3728203,16198417.00
2023-05-09,4.36,4.40,4.12,4.21,2559835,10882586.00
2023-05-10,4.20,4.25,4.19,4.22,824181,3475015.25
2023-05-11,4.21,4.26,4.19,4.24,473317,1997934.38
2023-05-12,4.23,4.25,4.19,4.25,306669,1293407.75
2023-05-15,4.21,4.26,4.21,4.25,476497,2023116.50
2023-05-16,4.23,4.30,4.21,4.23,530642,2254740.50
2023-05-17,4.21,4.30,4.21,4.26,929003,3973340.75
2023-05-18,4.26,4.26,4.22,4.24,738337,3129331.50
2023-05-19,4.24,4.26,4.22,4.25,395606,1678170.88
2023-05-22,4.26,4.34,4.23,4.33,1420700,6103885.00
2023-05-23,4.33,4.35,4.28,4.28,936317,4037886.75
2023-05-24,4.30,4.36,4.28,4.32,865267,3743683.50
2023-05-25,4.33,4.35,4.27,4.28,654823,2803500.75
2023-05-26,4.27,4.29,4.24,4.28,587973,2505482.75
2023-05-29,4.29,4.29,4.24,4.25,396387,1687808.00
2023-05-30,4.27,4.27,4.24,4.26,385745,1639977.38
2023-05-31,4.26,4.26,4.21,4.25,159236,673340.06
2023-06-01,4.25,4.26,4.22,4.26,145856,618854.81
2023-06-02,4.26,4.27,4.23,4.27,352109,1497359.75
2023-06-05,4.26,4.27,4.24,4.25,175341,746520.44
2023-06-06,3.79,3.83,3.77,3.79,452843,1724063.63
2023-06-07,3.77,3.82,3.75,3.82,277074,1048371.44
2023-06-08,3.82,3.82,3.77,3.80,84533,320387.34
2023-06-09,3.78,3.80,3.76,3.80,126645,479342.19
2023-06-12,3.80,3.80,3.74,3.78,243058,913786.88
2023-06-13,3.76,3.79,3.74,3.78,148431,558897.50
2023-06-14,3.78,3.78,3.75,3.75,154749,581349.63
2023-06-15,3.75,3.78,3.74,3.77,198320,744753.25
2023-06-16,3.76,3.78,3.75,3.76,315761,1187589.75
2023-06-19,3.74,3.75,3.70,3.70,604810,2247672.00
2023-06-20,3.69,3.71,3.69,3.70,68776,254287.78
2023-06-21,3.70,3.76,3.68,3.74,406671,1510818.00
2023-06-26,3.71,3.74,3.69,3.70,210705,781581.94
2023-06-27,3.68,3.74,3.68,3.74,129275,478895.59
2023-06-28,3.74,3.75,3.71,3.75,137452,513073.25
2023-06-29,3.72,3.82,3.72,3.78,792145,2991278.00
2023-06-30,3.78,3.80,3.75,3.80,480898,1819250.13
2023-07-03,3.77,3.81,3.77,3.78,208318,788372.44
2023-07-04,3.78,3.98,3.77,3.85,1324224,5112754.50
2023-07-05,3.86,3.92,3.84,3.88,1160663,4516161.50
2023-07-06,3.86,3.89,3.82,3.84,520982,2004611.88
2023-07-07,3.82,3.89,3.82,3.87,489036,1892768.25
2023-07-10,3.89,3.91,3.85,3.88,421543,1636005.00
2023-07-11,3.87,3.88,3.84,3.87,318003,1226871.75
2023-07-12,3.87,3.89,3.81,3.85,340169,1310040.50
2023-07-13,3.85,3.88,3.84,3.86,256743,988642.94
2023-07-14,3.88,3.88,3.84,3.87,508198,1962745.88
2023-07-17,3.85,3.86,3.83,3.86,303506,1167569.38
2023-07-18,3.86,3.86,3.82,3.83,453551,1742645.63
2023-07-19,3.83,3.83,3.79,3.83,614848,2341758.00
2023-07-20,3.82,3.84,3.77,3.82,186856,711879.13
2023-07-21,3.80,3.85,3.78,3.84,443682,1691353.38
2023-07-24,3.81,3.85,3.81,3.83,90200,344842.94
2023-07-25,3.84,3.85,3.82,3.85,269338,1034199.06
2023-07-26,3.85,3.85,3.82,3.84,154440,591958.94
2023-07-27,3.84,3.85,3.81,3.83,155097,593549.06
2023-07-28,3.83,3.84,3.78,3.84,355081,1355507.50
2023-07-31,3.85,3.86,3.82,3.85,509691,1958252.75
2023-08-01,3.86,3.86,3.83,3.86,363995,1399003.50
2023-08-02,3.88,3.90,3.82,3.86,885525,3429482.25
2023-08-03,3.85,3.89,3.81,3.87,683139,2640484.75
2023-08-04,3.87,3.88,3.85,3.88,266268,1029312.75
2023-08-07,3.89,3.89,3.84,3.86,265618,1026979.75
2023-08-08,3.84,3.85,3.83,3.85,105686,406259.09
2023-08-09,3.83,3.84,3.83,3.83,177488,680228.06
2023-08-10,3.83,3.85,3.82,3.84,154956,593518.94
2023-08-11,3.84,3.84,3.80,3.83,291402,1113071.75
2023-08-14,3.81,3.81,3.77,3.81,321674,1220804.88
2023-08-15,3.77,3.84,3.77,3.80,130720,494371.72
2023-08-16,3.78,3.81,3.76,3.79,254196,962681.81
2023-08-17,3.76,3.81,3.76,3.80,220634,835006.13
2023-08-18,3.80,3.82,3.78,3.80,144239,547903.88
2023-08-21,3.80,3.81,3.76,3.79,106214,400902.28
2023-08-22,3.78,3.79,3.71,3.76,494857,1850403.25
2023-08-23,3.74,3.75,3.70,3.73,186711,695251.94
2023-08-24,3.72,3.76,3.71,3.75,81295,302835.59
2023-08-25,3.72,3.74,3.65,3.67,393776,1454753.63
2023-08-28,3.76,3.77,3.69,3.70,423060,1579029.13
2023-08-29,3.63,3.73,3.52,3.71,628467,2291078.50
2023-08-30,3.66,3.73,3.66,3.72,164522,610055.63
2023-08-31,3.68,3.73,3.68,3.72,87251,322392.44
2023-09-01,3.68,3.77,3.68,3.75,442387,1651439.00
2023-09-04,3.85,3.90,3.82,3.86,1847180,7136359.00
2023-09-05,3.81,3.86,3.79,3.81,825618,3147926.50
2023-09-06,3.80,3.83,3.77,3.81,359023,1367881.38
2023-09-07,3.79,3.80,3.74,3.75,361671,1364417.50
2023-09-08,3.76,3.77,3.74,3.77,167107,627035.88
2023-09-11,3.77,3.80,3.75,3.78,308292,1159619.63
2023-09-12,3.78,3.79,3.76,3.77,73672,277983.91
2023-09-13,3.77,3.77,3.72,3.76,310219,1157108.25
2023-09-14,3.73,3.78,3.72,3.75,142876,536130.06
2023-09-15,3.74,3.74,3.72,3.74,86356,322551.50
2023-09-18,3.72,3.74,3.72,3.73,91678,342186.84
2023-09-19,3.72,3.74,3.71,3.72,125109,464930.13
2023-09-20,3.71,3.72,3.70,3.70,265880,985297.56
2023-09-21,3.70,3.76,3.70,3.72,209403,777253.63
2023-09-22,3.70,3.75,3.70,3.74,205086,762199.50
2023-09-25,3.72,3.75,3.69,3.73,116797,433597.00
2023-09-26,3.73,3.73,3.63,3.70,288768,1058980.50
2023-09-27,3.67,3.70,3.67,3.67,143880,529429.13
2023-09-28,3.69,3.70,3.67,3.68,208945,768807.88
2023-10-09,3.66,3.68,3.66,3.67,112560,412921.59
2023-10-10,3.66,3.69,3.65,3.67,172880,632831.00
2023-10-11,3.65,3.68,3.65,3.67,129401,473096.94
2023-10-12,3.66,3.67,3.65,3.67,121838,445859.97
2023-10-13,3.68,3.68,3.64,3.66,61136,223178.48
2023-10-16,3.65,3.67,3.60,3.63,209965,762732.75
2023-10-17,3.60,3.66,3.57,3.63,253916,912427.00
2023-10-18,3.63,3.63,3.58,3.61,72692,261014.00
2023-10-19,3.61,3.61,3.54,3.54,194769,695419.25
2023-10-20,3.50,3.58,3.50,3.55,199734,704588.88
2023-10-23,3.54,3.54,3.46,3.47,161153,564614.19
2023-10-24,3.53,3.53,3.48,3.52,78042,272923.78
2023-10-25,3.55,3.56,3.51,3.55,169928,600548.63
2023-10-26,3.56,3.56,3.52,3.55,75480,266578.25
2023-10-27,3.56,3.61,3.53,3.58,186611,668103.50
2023-10-30,3.57,3.61,3.57,3.59,97463,349078.28
2023-10-31,3.60,3.62,3.54,3.59,224562,805942.13
2023-11-01,3.58,3.70,3.55,3.56,394102,1418772.88
2023-11-02,3.55,3.69,3.55,3.63,306517,1114655.00
2023-11-03,3.63,3.70,3.59,3.65,633499,2320817.00
2023-11-06,3.65,3.75,3.65,3.69,410235,1519179.75
2023-11-07,3.70,3.70,3.67,3.68,137730,507299.06
2023-11-08,3.70,3.74,3.70,3.72,347429,1293141.63
2023-11-09,3.73,3.73,3.69,3.72,193296,718874.44
2023-11-10,3.70,3.74,3.68,3.68,64971,240231.05
2023-11-13,3.70,3.71,3.66,3.71,125216,462603.94
2023-11-14,3.70,3.73,3.68,3.72,186017,690937.06
2023-11-15,3.72,3.73,3.70,3.71,227301,845637.56
2023-11-16,3.70,3.70,3.64,3.66,307958,1128058.13
2023-11-17,3.68,3.68,3.65,3.68,126894,464530.84
2023-11-20,3.66,3.74,3.66,3.73,832676,3094448.75
2023-11-21,3.75,4.12,3.75,3.94,9063388,35767792.00
2023-11-22,3.89,4.39,3.87,4.34,14339606,59328332.00
2023-11-23,4.42,4.59,4.10,4.18,12157470,52552816.00
2023-11-24,4.20,4.66,4.13,4.63,13216421,58797912.00
2023-11-27,4.82,5.46,4.66,5.34,15802696,80547640.00
2023-11-28,5.10,6.08,5.00,5.27,20601494,116276256.00
2023-11-29,5.35,5.60,4.75,4.91,14160976,72453632.00
2023-11-30,4.84,5.00,4.57,4.68,6506228,30997102.00
2023-12-01,4.72,4.78,4.40,4.40,6105868,27874196.00
2023-12-04,4.37,4.52,4.22,4.41,5162729,22676606.00
2023-12-05,4.44,4.89,4.36,4.79,9756531,45604840.00
2023-12-06,4.79,5.08,4.70,4.84,8209807,39943940.00
2023-12-07,4.88,5.17,4.75,5.04,8267616,41196500.00
2023-12-08,5.09,5.34,4.92,5.23,7978742,41045500.00
2023-12-11,5.27,5.27,4.91,4.93,5274002,26514108.00
2023-12-12,4.90,5.03,4.82,5.00,3718222,18363452.00
2023-12-13,4.96,5.19,4.96,5.09,6056012,30857598.00
2023-12-14,5.10,5.44,5.08,5.26,9738931,51309108.00
2023-12-15,5.23,5.47,5.13,5.36,7006287,37256568.00
2023-12-18,5.39,5.65,5.34,5.65,8008474,44079944.00
2023-12-19,5.65,5.65,5.36,5.51,6011752,32971358.00
2023-12-20,5.49,5.68,5.45,5.61,8440896,47085372.00
2023-12-21,5.59,6.09,4.83,5.05,14986646,83590784.00
2023-12-22,4.95,5.17,4.88,5.08,5907855,29563386.00
2023-12-25,5.08,5.33,5.04,5.33,5812544,30378468.00
2023-12-26,5.35,5.43,5.08,5.38,6972396,36990344.00
2023-12-27,5.34,5.39,5.17,5.27,4688589,24679632.00
2023-12-28,5.27,5.50,5.24,5.45,6972295,37511196.00
2023-12-29,5.48,5.61,5.37,5.58,7716028,42502164.00
2024-01-02,5.58,5.95,5.53,5.84,10832835,62371296.00
2024-01-03,5.83,6.40,5.65,6.21,18716338,114697856.00
2024-01-04,6.00,6.09,5.68,6.02,14096629,83722264.00
2024-01-05,5.95,6.02,5.53,5.61,9781133,56142020.00
2024-01-08,5.56,5.71,5.26,5.31,5636836,30933032.00
2024-01-09,5.31,5.38,4.96,5.12,5855092,30096438.00
2024-01-10,5.14,5.23,5.00,5.22,4612528,23696030.00
2024-01-11,5.10,5.27,5.09,5.20,3316305,17191228.00
2024-01-12,5.18,5.24,4.80,4.80,6089171,30374110.00
2024-01-15,4.78,4.86,4.61,4.68,3488340,16491045.00
2024-01-16,4.68,5.01,4.49,5.00,5416263,26009572.00
2024-01-17,4.91,5.23,4.87,4.98,5304484,26878610.00
2024-01-18,4.91,5.15,4.81,5.14,4332852,21693424.00
2024-01-19,5.08,5.38,5.08,5.36,5934528,31220208.00
2024-01-22,5.33,5.35,4.94,5.05,4277550,22107486.00
2024-01-23,4.99,5.13,4.94,5.08,2266449,11482411.00
2024-01-24,5.11,5.17,4.88,5.04,3661234,18257422.00
2024-01-25,5.02,5.10,4.80,5.00,3410865,17015604.00
2024-01-26,4.93,5.07,4.85,4.85,2252534,11195048.00
2024-01-29,4.90,4.90,4.41,4.51,3565787,16472541.00
2024-01-30,4.49,4.55,4.31,4.43,2311373,10205580.00
2024-01-31,4.36,4.63,4.36,4.44,2848165,12841071.00
2024-02-01,4.41,4.47,4.28,4.28,1907916,8257719.00
2024-02-02,4.29,4.34,3.98,4.08,2697337,11093600.00
2024-02-05,4.01,4.19,3.72,3.96,2096644,8173312.00
2024-02-06,3.92,4.33,3.92,4.31,2911177,12193726.00
2024-02-07,4.39,4.57,4.26,4.31,3089386,13710293.00
2024-02-08,4.28,4.49,4.10,4.40,2486578,10666969.00
2024-02-19,4.45,4.57,4.32,4.44,2195401,9781009.00
2024-02-20,4.40,4.51,4.38,4.50,1973302,8805501.00
2024-02-21,4.51,4.63,4.42,4.50,2797560,12724838.00
2024-02-22,4.46,4.55,4.41,4.46,1834423,8182070.00
2024-02-23,4.47,4.51,4.36,4.40,1945193,8591839.00
2024-02-26,4.41,4.47,4.37,4.40,1801751,7933338.00
2024-02-27,4.38,4.61,4.38,4.60,3198507,14512670.00
2024-02-28,4.64,4.78,4.41,4.43,3722377,17180562.00
2024-02-29,4.45,4.59,4.40,4.58,2540213,11387385.00
2024-03-01,4.56,4.56,4.48,4.50,2572625,11613028.00
2024-03-04,4.52,4.56,4.32,4.38,2358595,10362989.00
2024-03-05,4.32,4.36,4.19,4.20,1408334,5988247.00
2024-03-06,4.22,4.29,4.20,4.25,1072814,4567582.00
2024-03-07,4.27,4.28,4.17,4.18,1230258,5215905.00
2024-03-08,4.22,4.22,4.10,4.18,876957,3638660.75
2024-03-11,4.13,4.31,4.13,4.28,1888594,8043556.50
2024-03-12,4.26,4.28,4.22,4.27,1882780,8001036.50
2024-03-13,4.27,4.27,4.16,4.16,1271629,5341088.50
2024-03-14,4.17,4.25,4.12,4.16,1246712,5230134.50
2024-03-15,4.14,4.45,4.14,4.35,3051483,13173560.00
2024-03-18,4.40,4.40,4.31,4.35,1927288,8384734.00
2024-03-19,4.33,4.35,4.29,4.29,1372412,5932603.50
2024-03-20,4.32,4.33,4.28,4.30,1338194,5746281.00
2024-03-21,4.29,4.30,4.25,4.29,1317590,5635013.00
2024-03-22,4.27,4.34,4.22,4.26,1154166,4922752.50
2024-03-25,4.23,4.23,4.10,4.14,1225553,5106270.00
2024-03-26,4.15,4.19,4.10,4.13,678089,2807298.75
2024-03-27,4.14,4.27,4.10,4.13,1485703,6226946.00
2024-03-28,4.13,4.21,4.10,4.15,1007175,4182118.00
2024-03-29,4.15,4.18,4.11,4.18,1074872,4455622.00
2024-04-01,4.22,4.27,4.19,4.22,1095544,4616630.00
2024-04-02,4.21,4.24,4.16,4.21,1363315,5711241.50
2024-04-03,4.18,4.20,4.14,4.18,688739,2870587.75
2024-04-08,4.17,4.17,4.06,4.09,1263054,5194664.50
2024-04-09,4.08,4.11,4.05,4.10,809628,3308842.00
2024-04-10,4.11,4.25,4.07,4.18,2391968,10031063.00
2024-04-11,4.14,4.17,4.07,4.12,1147704,4722843.50
2024-04-12,4.12,4.12,4.04,4.07,691251,2818388.50
2024-04-15,4.07,4.09,3.99,4.01,906599,3646989.50
2024-04-16,3.99,3.99,3.80,3.81,1187423,4582836.00
2024-04-17,3.89,4.03,3.87,3.99,1436807,5689103.00
2024-04-18,3.94,4.08,3.94,3.99,1092644,4375217.00
2024-04-19,3.98,4.00,3.93,3.96,547290,2167578.25
2024-04-22,3.96,3.99,3.93,3.95,459881,1816852.38
2024-04-23,3.93,3.99,3.93,3.98,482605,1912891.50
2024-04-24,3.99,4.00,3.98,4.00,445290,1777801.00
2024-04-25,4.00,4.00,3.97,3.99,255894,1020420.81
2024-04-26,3.99,4.00,3.95,4.00,476624,1892560.75
2024-04-29,4.00,4.05,3.99,4.04,507732,2043642.75
2024-04-30,4.04,4.09,4.04,4.06,1010841,4112317.50
2024-05-06,4.09,4.21,4.08,4.18,1239640,5136280.50
2024-05-07,4.18,4.18,4.12,4.15,723083,2993738.75
2024-05-08,4.14,4.17,4.11,4.12,592493,2445771.25
2024-05-09,4.14,4.16,4.12,4.16,638301,2645175.75
2024-05-10,4.15,4.17,4.10,4.15,1627977,6717730.50
2024-05-13,4.15,4.28,4.10,4.18,1653262,6905683.50
2024-05-14,4.19,4.27,4.15,4.22,1809346,7618322.00
2024-05-15,4.25,4.25,4.11,4.12,1152127,4801810.00
2024-05-16,4.10,4.17,4.07,4.09,1167725,4791258.50
2024-05-17,4.10,4.12,4.08,4.12,660612,2705029.25
2024-05-20,4.11,4.13,4.09,4.09,542638,2227741.75
2024-05-21,4.09,4.09,4.06,4.08,351614,1433198.00
2024-05-22,4.09,4.12,4.08,4.12,523308,2148733.50
2024-05-23,4.11,4.38,4.06,4.19,4139225,17485724.00
2024-05-24,4.19,4.33,4.15,4.19,2941252,12474053.00
2024-05-27,4.17,4.21,4.13,4.17,1263677,5265178.50
2024-05-28,4.18,4.31,4.15,4.28,2707474,11497666.00
2024-05-29,4.28,4.29,4.17,4.21,1284723,5431046.00
2024-05-30,4.18,4.20,4.10,4.11,1505001,6213861.50
2024-05-31,4.15,4.15,4.09,4.11,989904,4069783.25
2024-06-03,4.11,4.11,4.02,4.05,1252855,5085091.50
2024-06-04,4.03,4.08,4.02,4.03,652316,2636061.75
2024-06-05,4.02,4.05,3.88,3.90,1400195,5540242.00
2024-06-06,3.92,3.92,3.77,3.79,951284,3640579.00
2024-06-07,3.85,3.88,3.81,3.87,703557,2703368.50
2024-06-11,3.88,3.88,3.80,3.84,845693,3244737.25
2024-06-12,3.85,3.87,3.83,3.86,299036,1151983.38
2024-06-13,3.86,3.87,3.83,3.84,514179,1979157.63
2024-06-14,3.87,3.99,3.83,3.91,819543,3207166.25
2024-06-17,3.87,3.87,3.81,3.85,612484,2350728.50
2024-06-18,3.85,3.90,3.84,3.86,512413,1977799.25
2024-06-19,3.87,3.97,3.83,3.90,1268143,4956460.00
2024-06-20,3.88,3.89,3.83,3.88,675864,2605835.00
2024-06-21,3.88,3.95,3.86,3.92,845572,3319889.75
2024-06-24,3.93,3.93,3.80,3.81,888715,3414867.50
2024-06-25,3.77,3.88,3.77,3.83,581748,2227912.00
2024-06-26,3.85,3.89,3.77,3.87,698895,2683230.00
2024-06-27,3.86,3.87,3.81,3.81,426567,1637514.38
2024-06-28,3.81,3.88,3.80,3.86,700751,2704685.75
2024-07-01,3.86,3.89,3.83,3.89,310380,1198421.63
2024-07-02,3.87,3.90,3.86,3.87,336311,1304295.75
2024-07-03,3.87,3.91,3.86,3.89,345594,1340841.88
2024-07-04,3.90,3.91,3.81,3.81,526905,2035512.00
2024-07-05,3.81,3.86,3.80,3.85,558354,2130754.50
2024-07-08,3.83,3.87,3.77,3.79,400949,1525349.00
2024-07-09,3.78,3.85,3.74,3.84,511242,1945293.63
2024-07-10,3.82,3.85,3.80,3.82,251519,961503.25
2024-07-11,3.87,3.93,3.84,3.91,757307,2948761.50
2024-07-12,3.88,3.91,3.87,3.90,269098,1046873.25
2024-07-15,3.83,3.83,3.75,3.78,397187,1502357.50
2024-07-16,3.75,3.92,3.75,3.90,1337446,5153908.50
2024-07-17,3.86,4.19,3.86,4.13,7567850,31047856.00
2024-07-18,4.10,4.13,3.95,4.01,3710705,14936397.00
2024-07-19,4.02,4.09,3.97,3.99,1505507,6050059.50
2024-07-22,3.97,3.99,3.90,3.92,1552759,6102797.50
2024-07-23,3.92,3.95,3.80,3.86,1415126,5522276.00
2024-07-24,3.88,3.90,3.79,3.79,774538,2964237.00
2024-07-25,3.82,3.86,3.76,3.82,1019839,3892468.75
2024-07-26,3.85,3.88,3.81,3.87,712397,2738140.75
2024-07-29,3.84,3.95,3.82,3.90,915091,3545846.50
2024-07-30,3.88,3.93,3.83,3.91,1056464,4097296.00
2024-07-31,3.90,4.01,3.88,3.98,1577653,6244467.00
2024-08-01,4.00,4.00,3.92,3.92,824809,3255403.25
2024-08-02,3.92,3.94,3.87,3.88,807096,3146883.25
2024-08-05,3.88,3.90,3.81,3.83,1065148,4096326.00
2024-08-06,3.84,3.86,3.83,3.86,497469,1911782.25
2024-08-07,3.87,3.90,3.86,3.89,922581,3578849.50
2024-08-08,3.90,3.92,3.84,3.89,735166,2842473.75
2024-08-09,3.89,3.89,3.85,3.88,648152,2504655.00
2024-08-12,3.85,3.89,3.82,3.86,620324,2391168.50
2024-08-13,3.86,3.89,3.84,3.88,235133,906745.63
2024-08-14,3.89,3.89,3.84,3.86,336411,1296376.75
2024-08-15,3.86,3.88,3.83,3.87,303452,1171921.25
2024-08-16,3.86,3.87,3.83,3.86,459090,1765798.00
2024-08-19,3.86,3.86,3.81,3.84,407938,1562771.38
2024-08-20,3.84,3.89,3.78,3.80,1094423,4185085.25
2024-08-21,3.78,3.79,3.73,3.79,409767,1544024.50
2024-08-22,3.79,3.79,3.71,3.73,574107,2142024.50
2024-08-23,3.72,3.72,3.68,3.71,262532,972018.69
2024-08-26,3.74,3.78,3.70,3.73,326057,1212071.88
2024-08-27,3.70,3.73,3.65,3.67,309276,1137863.75
2024-08-28,3.70,3.76,3.65,3.67,436662,1611454.50
2024-08-29,3.65,3.72,3.65,3.70,467792,1725133.00
2024-08-30,3.77,3.86,3.76,3.85,1913871,7295446.00
2024-09-02,3.83,3.87,3.82,3.84,987376,3793589.00
2024-09-03,3.86,3.86,3.80,3.83,611690,2339907.25
2024-09-04,3.79,3.82,3.78,3.80,550243,2086087.88
2024-09-05,3.80,3.82,3.77,3.80,168016,636638.13
2024-09-06,3.84,3.84,3.77,3.78,151514,573492.56
2024-09-09,3.78,3.81,3.77,3.80,176573,669976.19
2024-09-10,3.81,3.82,3.78,3.81,163440,620283.06
2024-09-11,3.79,3.82,3.77,3.77,288818,1094302.00
2024-09-12,3.80,3.81,3.77,3.79,291580,1103070.25
2024-09-13,3.80,3.89,3.77,3.85,726198,2789070.75
2024-09-18,3.82,3.86,3.79,3.83,540236,2070167.63
2024-09-19,3.81,3.87,3.78,3.85,465464,1787994.50
2024-09-20,3.86,3.87,3.81,3.85,377087,1444005.00
2024-09-23,3.85,3.85,3.80,3.83,349970,1336039.13
2024-09-24,3.80,3.92,3.80,3.90,1323470,5140003.50
2024-09-25,3.92,3.99,3.90,3.91,1476937,5828564.50
2024-09-26,3.91,3.99,3.86,3.99,1480759,5835734.50
2024-09-27,4.01,4.32,4.00,4.25,5476301,22913540.00
2024-09-30,4.44,5.05,4.33,5.00,10174915,47955384.00
2024-10-08,6.13,6.32,5.26,5.87,14931714,86361696.00
2024-10-09,5.50,5.63,5.00,5.06,8061257,43064576.00
2024-10-10,5.25,5.43,5.02,5.11,4659344,24295786.00
2024-10-11,5.11,5.19,4.67,4.75,3888917,18847848.00
2024-10-14,4.84,5.15,4.75,5.09,4974384,24704462.00
2024-10-15,5.00,5.23,4.85,4.97,5778528,29372090.00
2024-10-16,4.86,5.18,4.82,5.10,4183184,21130792.00
2024-10-17,5.10,5.55,5.10,5.22,8381265,44640368.00
2024-10-18,5.17,5.56,5.17,5.47,8515738,46059696.00
2024-10-21,5.58,6.00,5.57,5.93,10748222,62292116.00
2024-10-22,5.98,6.03,5.54,5.79,10717165,62176072.00
2024-10-23,5.70,6.29,5.62,6.12,14119518,85263536.00
2024-10-24,6.19,7.00,6.03,6.73,20496116,133819416.00
2024-10-25,6.88,7.48,6.45,6.45,22719320,157750000.00
2024-10-28,6.47,6.87,6.29,6.72,11472572,75387120.00
2024-10-29,6.80,7.40,6.75,7.32,16516556,116599808.00
2024-10-30,7.26,7.77,7.03,7.47,15865016,117045120.00
2024-10-31,7.07,7.39,6.70,6.87,15902766,111378264.00
2024-11-01,6.75,6.95,6.48,6.48,7933471,53238864.00
2024-11-04,6.48,6.78,6.45,6.78,5877974,39058580.00
2024-11-05,6.78,7.50,6.78,7.48,14226453,102798624.00
2024-11-06,7.51,8.08,7.50,7.68,17579642,136982544.00
2024-11-07,7.70,8.88,7.68,8.63,18340207,153886704.00
2024-11-08,8.87,8.90,7.85,8.00,15196382,124772968.00
2024-11-11,8.05,8.21,7.55,8.08,8532408,67236904.00
2024-11-12,8.08,8.26,7.75,7.93,7181029,57254324.00
2024-11-13,7.90,7.90,7.49,7.79,6143082,47068064.00
2024-11-14,7.80,7.86,7.48,7.48,4773165,36769916.00
2024-11-15,7.42,7.64,7.18,7.38,4707070,34869100.00
2024-11-18,7.37,7.74,7.21,7.55,5589364,42011508.00
2024-11-19,7.60,7.65,6.70,7.19,8111237,57649168.00
2024-11-20,7.16,7.63,7.07,7.61,6579600,48952068.00
2024-11-21,7.60,8.14,7.52,8.14,9542844,75293264.00
2024-11-22,8.20,8.29,7.66,7.71,7889512,63012684.00
2024-11-25,7.63,7.74,7.43,7.67,4625581,34997076.00
2024-11-26,7.72,7.95,7.49,7.50,5009849,38660740.00
2024-11-27,7.38,7.66,7.03,7.61,5931538,43162236.00
2024-11-28,7.61,7.96,7.58,7.75,7465529,58286184.00
2024-11-29,7.75,8.17,7.55,8.17,9591836,76003688.00
2024-12-02,8.21,8.61,8.16,8.55,10286708,86387400.00
2024-12-03,8.55,8.55,8.55,8.55,0,0.00
#数据来源:通达信
