834770 艾能聚 日线 不复权
      日期	    开盘	    最高	    最低	    收盘	    成交量	    成交额
2017-06-09,7.50,7.50,7.50,7.50,300000,2250000.00
2017-06-12,15.00,15.00,15.00,15.00,1000,15000.00
2017-06-13,20.00,20.00,20.00,20.00,1000,20000.00
2017-06-16,19.50,19.50,19.50,19.50,30000,585000.00
2017-06-21,19.50,19.50,19.50,19.50,5000,97500.00
2017-06-22,19.50,19.50,19.50,19.50,114000,2223000.00
2017-06-27,19.50,19.50,19.50,19.50,20000,390000.00
2017-07-04,19.50,19.50,19.50,19.50,5000,97500.00
2017-07-07,19.50,19.50,19.50,19.50,10000,195000.00
2017-08-01,21.50,21.50,21.50,21.50,20000,430000.00
2017-08-11,20.00,20.00,20.00,20.00,20000,400000.00
2017-08-15,19.50,19.50,19.50,19.50,10000,195000.00
2017-08-30,19.50,19.50,19.50,19.50,30000,585000.00
2017-08-31,19.50,19.50,19.50,19.50,20000,390000.00
2017-09-15,9.75,9.75,9.75,9.75,1000,9750.00
2017-09-26,16.50,19.50,16.50,19.50,36000,597000.00
2017-09-29,19.50,19.50,19.50,19.50,20000,390000.00
2017-10-19,20.00,20.00,20.00,20.00,1000,20000.00
2017-11-01,11.00,11.00,11.00,11.00,1000,11000.00
2017-11-02,6.80,13.50,6.80,13.50,1741000,11845500.00
2017-11-03,11.00,11.00,11.00,11.00,1000,11000.00
2017-11-06,6.80,11.00,6.80,11.00,201000,1371000.00
2017-11-08,6.00,6.00,6.00,6.00,6991000,41946000.00
2017-11-09,6.00,12.00,6.00,6.60,3010000,18066000.00
2017-11-13,13.00,13.00,13.00,13.00,1000,13000.00
2017-11-14,24.00,24.00,24.00,24.00,1000,24000.00
2017-11-17,22.00,22.00,22.00,22.00,50000,1100000.00
2017-12-01,22.00,22.00,22.00,22.00,110000,2420000.00
2017-12-14,16.00,22.00,16.00,22.00,32000,524000.00
2017-12-15,22.00,22.00,22.00,22.00,70000,1540000.00
2017-12-18,18.00,22.00,18.00,18.10,41000,742000.00
2017-12-19,22.00,22.00,22.00,22.00,1000,22000.00
2017-12-20,22.00,22.00,22.00,22.00,20000,440000.00
2017-12-22,18.00,22.00,18.00,22.00,31000,602000.00
2017-12-25,25.00,25.00,25.00,25.00,401000,10025000.00
2017-12-26,22.00,22.00,22.00,22.00,1000,22000.00
2017-12-28,25.00,25.00,25.00,25.00,1000,25000.00
2018-01-02,22.00,22.00,22.00,22.00,10000,220000.00
2018-01-24,6.80,6.80,6.80,6.80,1000,6800.00
2018-02-01,13.60,13.60,13.60,13.60,6000,81600.00
2018-02-02,18.00,18.00,18.00,18.00,5000,90000.00
2018-02-05,9.00,9.00,9.00,9.00,2000,18000.00
2018-02-12,6.80,6.80,6.80,6.80,16000,108800.00
2018-02-13,6.80,6.80,6.80,6.80,30000,204000.00
2018-03-23,13.00,13.00,13.00,13.00,1000,13000.00
2018-03-26,13.98,13.98,13.98,13.98,4000,55920.00
2018-04-04,6.99,6.99,6.99,6.99,1000,6990.00
2018-04-12,13.00,13.00,13.00,13.00,1000,13000.00
2018-04-20,6.50,6.50,6.50,6.50,1000,6500.00
2018-05-23,12.00,12.00,12.00,12.00,1000,12000.00
2018-05-24,12.00,12.00,12.00,12.00,1000000,6000000.00
2018-05-25,7.00,7.00,7.00,7.00,101000,707000.00
2018-05-28,7.00,7.00,7.00,7.00,400000,2120000.00
2018-06-01,12.00,12.00,12.00,12.00,1000,12000.00
2018-06-08,16.60,16.60,12.50,12.50,40000,659900.00
2018-06-11,7.50,8.80,7.50,8.79,42000,317590.00
2018-06-15,8.80,8.80,8.80,8.80,9000,79200.00
2018-06-19,8.80,8.80,8.80,8.80,6000,52800.00
2018-06-22,8.68,8.68,8.68,8.68,4000,34720.00
2018-06-26,8.80,8.80,8.80,8.80,3000,26400.00
2018-06-27,6.80,8.60,6.80,8.60,18000,136800.00
2018-06-29,8.39,8.39,8.39,8.39,9000,75600.00
2018-07-02,8.60,8.60,8.60,8.60,10000,86000.00
2018-07-04,8.60,8.60,8.60,8.60,10000,86000.00
2018-07-05,8.39,8.39,8.39,8.39,10000,84000.00
2018-07-06,8.39,8.39,8.39,8.39,15000,126000.00
2018-07-09,8.39,8.39,8.39,8.39,5000,42000.00
2018-07-10,8.39,8.39,8.39,8.39,5000,42000.00
2018-07-11,8.60,8.60,8.60,8.60,9000,77400.00
2018-07-12,8.60,8.60,8.60,8.60,7000,60200.00
2018-07-13,8.60,8.60,8.60,8.60,9000,77400.00
2018-07-16,8.54,8.54,8.54,8.54,2000,17080.00
2018-09-17,8.54,8.54,8.54,8.54,749000,5093200.00
2018-10-15,11.00,11.00,11.00,11.00,1000,11000.00
2018-10-17,14.00,14.00,14.00,14.00,1000,14000.00
2018-10-22,18.00,18.00,18.00,18.00,1000,18000.00
2018-11-28,16.79,16.79,16.79,16.79,10000,168000.00
2018-12-27,8.39,8.39,8.39,8.39,1000,8400.00
2019-01-02,8.39,8.39,8.39,8.39,144000,604800.00
2019-06-03,8.39,8.39,6.66,6.66,10000,75300.00
2019-06-05,5.55,5.55,5.00,5.00,8000,42750.00
2019-06-14,6.44,6.44,6.44,6.44,1000,6440.00
2019-06-25,7.88,8.18,7.88,8.18,34000,274210.00
2019-06-27,7.52,7.52,7.52,7.52,1000,7520.00
2020-09-17,3.95,4.11,3.90,3.90,34000,137115.20
2020-09-18,4.28,4.28,4.28,4.28,600,2354.00
2020-09-21,4.19,4.30,4.19,4.19,7700,32440.00
2020-09-22,4.19,4.19,4.19,4.19,200,840.00
2020-09-23,4.05,4.05,4.03,4.05,1500,6065.00
2020-10-09,4.00,4.00,4.00,4.00,1000,4000.00
2020-10-12,3.99,4.00,3.99,4.00,400,1599.00
2020-10-13,4.00,5.25,4.00,5.25,4800,20883.10
2020-10-14,5.25,5.25,5.25,5.25,1100,5775.00
2020-10-15,4.14,4.14,4.14,4.14,200,828.00
2020-10-16,4.04,4.04,4.04,4.04,200,808.00
2020-10-19,4.16,4.16,4.16,4.16,800,3323.84
2020-10-22,3.00,3.00,3.00,3.00,200,600.00
2020-10-23,4.17,4.17,2.50,2.50,1600,5948.80
2020-10-27,3.25,3.25,2.70,2.70,300,920.00
2020-10-30,2.95,3.45,2.95,3.45,10100,34795.00
2020-11-02,3.75,4.80,3.75,4.80,703200,3375022.25
2020-11-03,5.00,5.80,5.00,5.80,3000,15520.00
2020-11-04,6.50,6.50,6.50,6.50,1000,6500.00
2020-11-09,6.50,6.50,6.50,6.50,1300000,6240000.00
2020-11-10,4.90,5.85,4.90,5.20,205400,1028399.88
2020-11-11,5.80,5.80,5.80,5.80,33800,196214.00
2020-11-12,5.80,5.80,5.80,5.80,6200,35960.00
2020-11-17,5.65,6.50,5.65,6.50,600,3774.00
2020-11-23,3.25,6.20,3.25,6.20,900,5285.00
2020-11-24,4.19,4.19,4.19,4.19,14400,60396.00
2020-11-25,5.20,5.20,5.20,5.20,100,520.00
2020-11-27,5.20,5.20,5.20,5.20,500,2600.00
2020-11-30,5.20,5.20,5.19,5.20,300,1559.00
2020-12-01,5.20,5.20,5.20,5.20,100,520.00
2020-12-08,5.05,5.20,4.98,5.20,1600,8268.34
2020-12-17,3.63,3.63,3.63,3.63,100,363.00
2020-12-18,5.80,5.80,1.83,5.80,1501100,2750474.75
2020-12-23,5.20,5.20,5.20,5.20,1000,5200.00
2020-12-24,4.84,5.00,4.78,5.00,800,3892.00
2020-12-25,5.50,5.50,5.50,5.50,1878300,11642107.00
2020-12-28,5.50,5.50,5.50,5.50,3053900,21036556.00
2020-12-29,5.50,5.50,5.50,5.50,1248000,6275520.00
2020-12-30,5.50,5.50,5.50,5.50,563800,3070016.00
2021-01-12,3.11,5.00,3.11,5.00,100800,463811.00
2021-01-13,3.88,5.00,3.88,5.00,151900,759348.44
2021-01-14,3.88,5.00,3.88,4.80,5100,20655.60
2021-01-15,5.00,5.00,5.00,5.00,100,500.00
2021-01-22,4.08,5.00,4.08,5.00,1100,4580.00
2021-01-26,4.60,4.60,4.35,4.60,4700,21367.35
2021-01-27,4.60,5.00,4.33,4.60,3000,13232.99
2021-01-28,5.00,5.00,3.88,4.60,600,2907.16
2021-02-01,5.00,5.00,3.98,4.90,1200,5789.00
2021-02-02,4.00,4.89,4.00,4.00,1000,4675.13
2021-02-03,4.48,4.48,4.48,4.48,2300,10178.83
2021-02-04,3.98,4.90,3.98,4.48,600,2864.54
2021-02-05,4.00,5.00,3.98,4.50,3200,13009.80
2021-02-08,3.88,3.88,3.88,3.88,11900,46276.76
2021-02-09,4.19,4.19,4.19,4.19,300,1260.00
2021-02-10,4.40,4.40,4.40,4.40,200,880.00
2021-02-23,3.42,4.98,3.42,4.98,100,502.42
2021-02-24,3.68,4.88,3.68,4.88,100,524.80
2021-02-25,3.68,4.87,3.68,4.29,800,3805.32
2021-02-26,3.75,4.98,3.75,4.98,500,2355.50
2021-03-15,4.19,4.25,4.19,4.19,2100,8863.99
2021-03-16,4.30,4.30,4.30,4.30,100,430.00
2021-03-17,4.19,4.19,4.17,4.17,500,2092.00
2021-03-18,4.09,4.40,4.09,4.40,4700,20810.59
2021-03-19,4.60,4.60,4.60,4.60,300,1347.80
2021-03-22,5.00,7.06,5.00,5.00,937500,6256445.00
2021-03-23,4.98,4.98,4.98,4.98,100,499.00
2021-03-24,7.00,7.00,7.00,7.00,300,2100.00
2021-03-26,10.00,10.00,10.00,10.00,100,1000.00
2021-03-29,5.00,5.00,5.00,5.00,300,1500.00
2021-04-07,5.00,5.00,5.00,5.00,100,500.00
2021-04-08,3.22,7.00,3.21,3.21,100600,324758.00
2021-04-09,4.44,4.44,4.44,4.44,300100,690444.00
2021-04-12,3.56,6.00,3.44,3.44,300,1420.00
2021-04-13,3.02,5.00,3.02,3.10,600400,1803612.00
2021-04-14,4.23,4.23,4.23,4.23,250100,542924.00
2021-04-15,3.31,3.31,3.31,3.31,100100,299331.00
2021-04-16,3.51,3.51,3.51,3.51,100,351.00
2021-04-19,5.00,5.00,5.00,5.00,100,500.00
2021-04-27,4.98,4.98,4.98,4.98,2950100,10325498.00
2021-04-28,3.80,3.80,3.80,3.80,1000,3800.00
2021-04-29,3.97,6.80,3.97,6.80,4740900,12611227.00
2021-05-07,7.98,7.98,7.98,7.98,100,798.00
2021-06-15,5.00,7.88,5.00,7.88,300,1788.00
2021-06-17,3.94,7.99,3.94,7.99,200,1193.00
2021-06-21,4.03,4.03,4.03,4.03,100,403.00
2021-06-22,3.12,5.96,3.12,5.96,300,1220.00
2021-06-23,3.00,7.80,3.00,7.80,400,2180.00
2021-06-24,3.93,3.93,3.93,3.93,100,393.00
2021-06-25,3.94,7.50,2.10,4.98,549100,1163296.00
2021-07-02,3.99,4.98,3.99,4.98,200,898.00
2021-07-13,3.77,3.77,3.77,3.77,100,377.00
2021-07-14,3.77,3.77,3.77,3.77,1500,5655.00
2021-07-23,4.77,4.77,4.77,4.77,100,477.00
2021-07-27,3.77,3.77,3.77,3.77,300,1131.00
2021-07-28,3.72,3.72,3.72,3.72,100,372.00
2021-08-09,4.00,4.00,4.00,4.00,100,400.00
2021-08-12,4.19,4.19,4.19,4.19,100,420.00
2021-08-24,4.19,4.19,4.19,4.19,400,1680.00
2021-08-25,5.00,5.00,4.50,4.50,100,499.50
2021-08-26,3.12,4.19,3.12,4.19,1600,5100.00
2021-08-27,4.13,5.00,4.13,4.94,5100,21509.20
2021-08-30,7.40,7.40,4.00,4.00,1700,7140.00
2021-08-31,5.00,5.00,4.00,4.00,2100,8500.00
2021-09-01,3.12,5.00,3.12,5.00,38200,119474.03
2021-09-02,3.60,3.60,3.11,3.58,3000,10527.00
2021-09-03,4.42,4.42,3.68,3.68,20400,80488.92
2021-09-06,4.02,5.50,4.00,4.05,49000,198888.80
2021-09-07,4.54,4.80,4.54,4.67,147400,682696.38
2021-09-08,4.62,4.80,4.62,4.80,41500,193080.92
2021-09-09,4.80,4.80,4.79,4.80,582500,2790845.00
2021-09-10,4.90,4.90,4.80,4.90,102600,502238.97
2021-09-13,5.05,5.05,4.94,4.94,50000,247220.00
2021-09-14,4.94,4.94,4.90,4.94,124200,611592.13
2021-09-15,4.94,5.25,4.92,5.00,413500,2067520.00
2021-09-16,5.00,5.08,4.98,5.08,599900,2979430.00
2021-09-17,4.90,5.69,4.90,5.06,79700,400507.00
2021-09-22,7.00,7.00,5.98,6.49,133400,805272.19
2021-09-23,6.88,7.01,6.00,6.54,587200,3734283.75
2021-09-24,6.54,6.70,6.19,6.54,895400,5520621.00
2021-09-27,6.55,6.55,5.69,5.70,427300,2691987.00
2021-09-28,5.70,5.70,5.20,5.20,245800,1344182.75
2021-09-29,5.59,5.59,5.20,5.31,29200,155207.92
2021-09-30,5.10,5.68,5.10,5.60,1057600,5110718.00
2021-10-08,5.65,5.65,5.40,5.56,247200,1376354.50
2021-10-11,5.60,5.60,5.50,5.58,287000,1561341.00
2021-10-12,5.58,5.60,5.20,5.42,72100,378009.81
2021-10-13,5.60,5.60,5.30,5.30,70600,376305.00
2021-10-14,5.20,5.38,5.11,5.30,108900,569513.25
2021-10-15,5.15,5.15,4.65,4.94,6000,30111.00
2021-10-18,5.08,5.08,4.88,4.94,72600,358366.88
2021-10-19,5.09,5.09,4.79,4.94,11200,54192.00
2021-10-20,5.14,5.14,4.71,4.84,44000,213156.61
2021-10-21,5.15,5.15,4.73,4.94,679200,3923030.50
2021-10-22,5.08,5.08,4.80,4.92,32400,159445.70
2021-10-25,5.18,5.18,4.90,4.96,908700,5579891.00
2021-10-26,5.04,5.05,4.80,4.80,851400,5336267.50
2021-10-27,4.96,4.96,4.67,4.67,84200,410646.25
2021-10-28,4.96,4.96,4.50,4.77,6600,30163.84
2021-10-29,4.92,4.92,4.60,4.79,311500,1344307.50
2021-11-01,4.55,4.98,4.55,4.71,41500,197802.19
2021-11-02,4.84,4.84,4.51,4.78,9400,44770.00
2021-11-03,4.80,5.86,4.50,5.86,239300,1096565.75
2021-11-04,4.86,4.89,4.80,4.82,4739700,30153408.00
2021-11-05,4.83,4.83,4.78,4.82,227900,1096077.25
2021-11-08,5.29,5.29,4.86,5.00,166000,822847.94
2021-11-09,5.28,5.40,5.24,5.24,233600,1228163.38
2021-11-10,5.28,5.49,5.21,5.39,447700,2174833.75
2021-11-11,5.39,5.40,5.23,5.23,379300,2010703.88
2021-11-12,5.50,5.50,5.15,5.30,222800,1165470.00
2021-11-15,5.30,5.38,5.20,5.23,443100,2317774.00
2021-11-16,5.35,5.35,5.16,5.25,752200,3733261.50
2021-11-17,5.18,5.18,5.05,5.10,457400,2271932.75
2021-11-18,5.19,5.19,4.96,4.96,263200,1325556.25
2021-11-19,4.98,4.98,4.80,4.86,224000,1092000.88
2021-11-22,4.80,4.88,4.80,4.83,226500,1094179.00
2021-11-23,4.96,4.96,4.80,4.81,1460200,6403083.00
2021-11-24,4.85,4.85,4.81,4.85,267800,1291157.25
2021-11-25,4.86,4.86,4.81,4.83,258000,1246091.38
2021-11-26,4.86,4.98,4.84,4.94,242300,1192570.88
2021-11-29,5.00,5.70,4.98,5.70,1004300,5206017.00
2021-11-30,5.99,6.00,5.39,5.48,446600,2534178.50
2021-12-01,5.55,5.57,5.34,5.57,596800,3282934.50
2021-12-02,5.45,5.50,5.22,5.29,272300,1451658.75
2021-12-03,5.25,5.49,5.19,5.27,359800,1887834.88
2021-12-06,5.27,5.50,5.27,5.35,778800,3774301.00
2021-12-07,5.20,5.40,5.08,5.29,1915600,8901635.00
2021-12-08,5.32,5.32,5.17,5.22,96000,501720.09
2021-12-09,5.36,5.36,5.17,5.21,21500,111667.75
2021-12-10,5.38,5.38,5.10,5.28,49400,256648.52
2021-12-13,5.28,5.28,5.17,5.24,111100,582015.50
2021-12-14,5.12,5.22,5.12,5.20,100700,520146.16
2021-12-15,5.22,5.28,5.17,5.27,134200,700970.81
2021-12-16,5.28,5.30,5.25,5.25,710800,4047581.50
2021-12-17,5.28,5.49,5.20,5.20,146000,769029.31
2021-12-20,5.28,5.28,5.01,5.06,29000,148156.63
2021-12-21,5.20,5.20,5.02,5.12,136900,693157.88
2021-12-22,5.12,5.16,5.00,5.15,5200,26618.00
2021-12-23,5.22,5.22,5.00,5.13,9000,45907.58
2021-12-24,5.15,5.15,4.92,5.10,32300,161651.70
2021-12-27,5.28,5.30,5.00,5.18,124000,647905.88
2021-12-28,5.29,5.29,5.10,5.18,62100,319342.81
2021-12-29,5.24,5.24,4.94,5.19,105700,534254.56
2021-12-30,5.24,5.32,5.00,5.00,798000,3317551.25
2021-12-31,5.40,5.40,5.00,5.10,1466000,6630468.50
2022-01-04,5.11,5.66,5.11,5.45,813800,4380055.50
2022-01-05,5.52,5.52,5.35,5.38,475700,2584067.75
2022-01-06,5.32,5.41,5.25,5.30,442100,2335168.75
2022-01-07,5.30,5.38,5.29,5.34,567800,3017625.75
2022-01-10,5.37,5.37,5.20,5.20,191900,1004597.69
2022-01-11,5.23,5.23,5.03,5.18,125200,644180.63
2022-01-12,5.20,5.21,5.14,5.20,2436400,12018372.00
2022-01-13,5.20,5.20,5.02,5.12,272600,1393682.50
2022-01-14,5.10,5.14,5.10,5.14,58700,300482.72
2022-01-17,5.35,5.35,5.10,5.12,120800,619335.25
2022-01-18,5.18,5.18,5.03,5.06,47500,241202.50
2022-01-19,5.06,5.06,4.98,5.01,82700,413981.41
2022-01-20,5.01,5.01,4.90,4.90,123700,612319.00
2022-01-21,4.94,4.94,4.90,4.94,92900,456437.41
2022-01-24,4.92,4.92,4.81,4.85,308400,1504737.50
2022-01-25,4.88,4.89,4.73,4.73,140800,680669.31
2022-01-26,4.77,4.88,4.77,4.88,104600,504311.56
2022-01-27,4.98,4.98,4.88,4.94,137500,680156.06
2022-01-28,4.98,5.07,4.82,5.04,65500,328766.25
2022-02-07,5.22,5.22,5.08,5.11,64700,331061.59
2022-02-08,4.94,5.11,4.94,5.07,25400,126957.53
2022-02-09,5.17,5.17,5.00,5.05,27900,140804.88
2022-02-10,5.05,5.05,4.90,4.90,40300,199697.91
2022-02-11,4.90,5.01,4.84,5.01,95400,473182.44
2022-02-14,4.89,5.00,4.89,5.00,55500,272393.00
2022-02-15,4.98,4.98,4.90,4.92,144500,712728.63
2022-02-16,4.92,4.92,4.88,4.92,31500,153907.72
2022-02-17,4.92,4.98,4.88,4.89,24200,118569.61
2022-02-18,4.90,4.98,4.87,4.92,43300,212123.56
2022-02-21,5.01,5.01,4.88,4.90,90000,441079.75
2022-02-22,5.00,5.00,4.87,4.89,23400,114241.00
2022-02-23,4.88,4.90,4.87,4.88,37500,183073.98
2022-02-24,4.91,4.91,4.69,4.77,117600,567344.50
2022-02-25,4.78,4.79,4.71,4.71,152800,728546.50
2022-02-28,4.73,4.73,4.53,4.59,128100,597122.13
2022-03-01,4.60,4.69,4.60,4.69,22100,102135.20
2022-03-02,4.86,4.86,4.67,4.71,26700,125650.72
2022-03-03,4.71,4.73,4.67,4.67,41900,197202.09
2022-03-04,4.65,4.78,4.65,4.78,10100,46978.00
2022-03-07,4.73,4.73,4.61,4.71,1900,8781.39
2022-03-08,4.58,4.69,4.58,4.67,25300,117456.00
2022-03-09,4.67,4.67,4.51,4.58,53100,242997.81
2022-03-10,4.76,4.77,4.69,4.71,9900,46832.00
2022-03-11,4.73,4.73,4.51,4.51,67900,309481.09
2022-03-14,4.56,4.56,4.51,4.51,7800,35095.64
2022-03-15,4.48,4.48,4.00,4.00,153400,629884.50
2022-03-16,4.32,4.32,4.00,4.13,69700,288277.97
2022-03-17,4.21,4.25,4.12,4.25,48300,200959.59
2022-03-18,4.17,4.17,4.10,4.15,17900,74212.90
2022-03-21,4.17,4.28,4.17,4.23,7600,31743.16
2022-03-22,4.23,4.23,4.16,4.19,7000,29074.98
2022-03-23,4.19,4.26,4.17,4.25,44900,190292.70
2022-03-24,4.26,4.30,4.17,4.30,11200,47464.68
2022-03-25,4.28,4.29,4.16,4.19,32900,138430.48
2022-03-28,4.19,4.19,4.06,4.08,43000,176097.31
2022-03-29,4.26,4.26,4.02,4.16,10800,43384.16
2022-03-30,4.23,4.23,4.10,4.11,89700,370390.06
2022-03-31,4.01,4.19,4.01,4.10,32700,134576.61
2022-04-01,4.10,4.11,4.04,4.10,83500,338879.91
2022-04-06,4.26,4.26,4.05,4.15,30400,123614.67
2022-04-07,4.05,4.15,4.05,4.10,319300,1650126.00
2022-04-08,4.00,4.21,4.00,4.19,10700,43630.94
2022-04-11,4.05,4.19,4.02,4.05,57800,234620.08
2022-04-12,4.08,4.08,4.05,4.07,5000,20182.94
2022-04-13,4.05,4.05,4.03,4.04,11700,47272.77
2022-04-14,4.05,4.05,4.00,4.04,27200,109922.98
2022-04-15,4.23,4.23,4.00,4.06,13300,53517.81
2022-04-18,4.17,4.17,4.03,4.07,6800,28236.68
2022-04-19,4.08,4.08,4.03,4.05,18100,73330.77
2022-04-20,4.00,4.04,4.00,4.04,19500,77856.00
2022-04-21,4.08,4.17,4.08,4.10,18000,74816.56
2022-04-22,4.19,4.19,3.98,4.14,60000,239504.27
2022-04-25,4.36,4.36,4.00,4.10,22900,91694.80
2022-04-26,3.93,3.93,3.90,3.93,52800,206749.02
2022-04-27,4.23,4.40,4.15,4.40,306000,1290154.00
2022-04-28,4.48,4.90,4.48,4.75,107800,507499.16
2022-04-29,4.98,4.98,4.73,4.80,1755100,10494793.00
2022-05-05,4.90,4.90,4.63,4.67,202300,958755.06
2022-05-06,4.60,4.71,4.60,4.71,21700,100340.20
2022-05-09,4.80,4.80,4.61,4.75,73400,346767.84
2022-05-10,4.76,4.78,4.64,4.64,64100,301687.59
2022-05-11,4.76,4.80,4.71,4.73,219300,1039690.19
2022-05-12,4.80,4.80,4.69,4.78,54700,259884.84
2022-05-13,4.90,4.90,4.67,4.79,91300,436189.16
2022-05-16,4.87,4.87,4.79,4.79,45400,218556.41
2022-05-17,5.00,5.00,4.91,4.96,332400,1645407.50
2022-05-18,4.96,4.98,4.96,4.98,185700,924494.69
2022-05-19,4.98,5.12,4.98,5.10,181100,913500.19
2022-05-20,5.20,5.50,5.20,5.44,216400,1149549.50
2022-05-23,5.41,5.50,5.32,5.42,97100,527344.63
2022-05-24,5.45,5.54,5.38,5.49,95800,523735.38
2022-05-25,5.56,5.57,5.40,5.57,75000,412165.25
2022-05-26,5.59,5.61,5.50,5.59,26200,145382.13
2022-05-27,5.72,5.72,5.29,5.30,66000,351217.88
2022-05-30,5.58,5.58,5.28,5.28,65600,348317.09
2022-05-31,5.47,5.47,5.12,5.22,27600,145152.61
2022-06-01,5.30,5.30,5.10,5.18,41000,214754.80
2022-06-02,5.31,5.31,5.15,5.18,92700,479837.66
2022-06-06,5.25,5.25,5.16,5.20,165500,854934.50
2022-06-07,5.51,5.76,5.41,5.68,327800,1822178.50
2022-06-08,5.78,5.86,5.68,5.75,651300,3294042.75
2022-06-09,5.86,5.86,5.71,5.80,1471400,7556538.50
2022-06-10,5.00,5.83,5.00,5.79,167300,966032.56
2022-06-13,5.90,6.15,5.88,6.11,245700,1476295.88
2022-06-14,6.02,6.10,5.90,5.92,624500,3261081.25
2022-06-15,6.08,6.08,5.78,5.86,134400,785988.31
2022-06-16,5.92,5.92,5.77,5.77,114400,662816.06
2022-06-17,5.88,5.88,5.82,5.86,199100,1163128.63
2022-06-20,5.98,5.98,5.80,5.82,127500,750802.81
2022-06-21,5.88,5.88,5.72,5.80,78000,451710.31
2022-06-22,5.94,5.94,5.65,5.71,105100,601372.94
2022-06-23,5.80,5.80,5.64,5.77,148300,841636.44
2022-06-24,5.87,5.87,5.57,5.58,158100,888868.25
2022-06-27,5.58,5.58,5.43,5.49,148900,818013.88
2023-02-28,9.00,9.20,7.95,8.78,31632472,270522752.00
2023-03-01,8.30,8.53,7.86,7.98,15911258,129568824.00
2023-03-02,8.18,8.50,7.98,8.00,10078306,82996920.00
2023-03-03,8.00,8.00,7.30,7.30,10130805,76477352.00
2023-03-06,7.21,7.40,6.89,7.09,6723545,47691164.00
2023-03-07,7.00,7.50,7.00,7.23,5357042,38967024.00
2023-03-08,7.03,7.38,7.03,7.10,3733506,26664160.00
2023-03-09,7.06,7.22,6.98,7.00,3620021,25555128.00
2023-03-10,6.91,6.95,6.69,6.74,3563838,24257352.00
2023-03-13,6.57,6.87,6.57,6.74,1966698,13265002.00
2023-03-14,6.78,6.78,6.49,6.52,2016960,13278453.00
2023-03-15,6.58,6.58,6.40,6.43,2186722,14180783.00
2023-03-16,6.42,6.47,6.19,6.25,1653500,10395366.00
2023-03-17,6.29,6.33,6.20,6.25,901411,5647840.00
2023-03-20,6.25,6.27,6.11,6.15,1069055,6609305.00
2023-03-21,6.15,6.54,6.10,6.47,2290354,14606265.00
2023-03-22,6.52,7.04,6.50,6.62,6354673,43406872.00
2023-03-23,6.53,6.53,6.20,6.32,3792188,23894454.00
2023-03-24,6.33,6.54,6.33,6.47,3038392,19624718.00
2023-03-27,6.46,6.46,6.28,6.35,2259431,14337298.00
2023-03-28,6.39,6.52,6.33,6.35,1885307,12125412.00
2023-03-29,6.42,6.42,6.25,6.32,1486609,9374187.00
2023-03-30,6.31,6.35,6.23,6.26,1290945,8071793.50
2023-03-31,6.25,6.26,6.02,6.06,3246209,19863170.00
2023-04-03,6.07,6.07,5.98,6.00,1982096,11946294.00
2023-04-04,5.98,6.02,5.88,5.90,1859748,11019225.00
2023-04-06,5.92,5.92,5.79,5.81,1186574,6922509.00
2023-04-07,5.81,6.16,5.75,5.92,1253671,7475713.50
2023-04-10,5.92,5.94,5.83,5.87,869630,5101975.50
2023-04-11,5.87,5.91,5.82,5.84,391861,2295731.50
2023-04-12,5.83,5.88,5.80,5.84,609771,3553085.75
2023-04-13,5.90,5.97,5.85,5.89,1086359,6415845.00
2023-04-14,5.91,5.94,5.83,5.88,1892816,11102752.00
2023-04-17,5.90,5.92,5.85,5.89,986464,5810169.50
2023-04-18,5.86,5.90,5.83,5.83,1075234,6291954.00
2023-04-19,5.83,5.83,5.77,5.78,1119325,6478559.50
2023-04-20,5.80,5.80,5.63,5.63,1153479,6570215.50
2023-04-21,5.65,5.66,5.42,5.44,1151817,6354495.50
2023-04-24,5.50,5.63,5.36,5.53,1038581,5731447.00
2023-04-25,5.55,5.55,5.35,5.37,738496,3990150.50
2023-04-26,5.40,5.78,5.34,5.61,2751962,15592498.00
2023-04-27,5.66,5.66,5.41,5.46,1867700,10313072.00
2023-04-28,5.45,5.46,5.33,5.44,1482419,7983664.50
2023-05-04,5.42,5.58,5.40,5.56,1446295,7942563.50
2023-05-05,5.55,5.55,5.27,5.49,2230250,11997122.00
2023-05-08,5.44,5.78,5.44,5.77,2601787,14749895.00
2023-05-09,5.75,5.78,5.52,5.56,2448912,13802376.00
2023-05-10,5.58,5.61,5.48,5.57,885390,4911324.00
2023-05-11,5.58,5.64,5.52,5.59,874666,4888731.50
2023-05-12,5.59,5.66,5.57,5.62,870867,4887124.00
2023-05-15,5.65,5.88,5.61,5.78,1737155,10041076.00
2023-05-16,5.79,5.79,5.63,5.68,1182504,6717405.50
2023-05-17,5.70,5.70,5.52,5.65,896192,5024529.00
2023-05-18,5.67,5.67,5.58,5.63,458202,2573697.50
2023-05-19,5.58,5.60,5.53,5.60,663686,3691553.25
2023-05-22,5.60,5.65,5.54,5.62,742023,4155318.50
2023-05-23,5.64,5.69,5.54,5.67,1043899,5870723.50
2023-05-24,5.65,5.83,5.61,5.79,1814817,10450414.00
2023-05-25,5.68,6.27,5.68,6.15,9573918,58063608.00
2023-05-26,6.05,6.05,5.78,5.89,5731446,33663036.00
2023-05-29,5.88,5.90,5.69,5.74,2566069,14788899.00
2023-05-30,5.66,5.78,5.64,5.69,1651664,9394491.00
2023-05-31,5.68,5.68,5.54,5.55,1399433,7812349.00
2023-06-01,5.54,5.58,5.51,5.54,915682,5079558.00
2023-06-02,5.55,5.61,5.53,5.59,610855,3407840.50
2023-06-05,5.61,5.63,5.49,5.59,1487508,8259163.00
2023-06-06,5.56,5.57,5.50,5.52,1036587,5721141.00
2023-06-07,5.53,5.53,5.44,5.45,427558,2345942.25
2023-06-08,5.45,5.48,5.39,5.40,762398,4136092.75
2023-06-09,5.42,5.43,5.31,5.34,774975,4160133.00
2023-06-12,5.35,5.37,5.27,5.34,631087,3352851.75
2023-06-13,5.31,5.34,5.28,5.30,403929,2147363.00
2023-06-14,5.34,5.37,5.30,5.30,370536,1977715.75
2023-06-15,5.35,5.52,5.31,5.44,1158494,6289767.50
2023-06-16,5.45,5.48,5.37,5.42,875014,4750023.50
2023-06-19,5.39,5.45,5.37,5.40,402382,2166718.50
2023-06-20,5.37,5.39,5.34,5.35,287997,1542690.13
2023-06-21,5.37,5.49,5.37,5.42,838154,4531557.50
2023-06-26,5.43,5.43,5.33,5.33,401200,2147673.75
2023-06-27,5.33,5.42,5.33,5.38,238812,1281311.13
2023-06-28,5.40,5.40,5.30,5.35,444317,2367292.50
2023-06-29,5.37,5.42,5.32,5.37,575536,3094728.75
2023-06-30,5.37,5.44,5.35,5.43,398843,2157781.50
2023-07-03,5.46,5.49,5.43,5.48,519931,2840270.75
2023-07-04,5.45,5.49,5.41,5.47,304963,1665706.38
2023-07-05,5.45,5.52,5.45,5.50,580070,3187645.50
2023-07-06,5.48,5.52,5.42,5.45,457692,2497205.50
2023-07-07,5.45,5.45,5.40,5.40,312715,1694635.88
2023-07-10,5.38,5.52,5.35,5.46,588410,3224408.75
2023-07-11,5.47,5.47,5.40,5.45,492718,2689543.75
2023-07-12,5.46,5.47,5.41,5.42,305955,1663184.63
2023-07-13,5.44,5.47,5.41,5.46,292759,1593214.25
2023-07-14,5.43,5.48,5.42,5.46,235746,1288064.63
2023-07-17,5.43,5.47,5.43,5.47,84727,462045.16
2023-07-18,5.48,5.48,5.43,5.47,255691,1397950.63
2023-07-19,5.49,5.49,5.42,5.46,206215,1121828.75
2023-07-20,5.43,5.47,5.43,5.45,211308,1150757.88
2023-07-21,5.46,5.46,5.42,5.44,267182,1451891.13
2023-07-24,5.42,5.46,5.40,5.41,147325,798079.50
2023-07-25,5.43,5.48,5.41,5.48,459408,2503440.25
2023-07-26,5.43,5.47,5.43,5.46,200629,1093605.25
2023-07-27,5.43,5.49,5.43,5.45,272131,1484458.50
2023-07-28,5.44,5.47,5.44,5.47,206675,1127630.88
2023-07-31,5.49,5.59,5.47,5.57,1099321,6093102.00
2023-08-01,5.57,5.63,5.49,5.54,568351,3150242.25
2023-08-02,5.53,5.56,5.51,5.52,328147,1816642.63
2023-08-03,5.58,5.58,5.52,5.53,213957,1186660.25
2023-08-04,5.53,5.57,5.53,5.55,377422,2095948.50
2023-08-07,5.53,5.58,5.53,5.54,267676,1486152.88
2023-08-08,5.55,5.58,5.54,5.57,360680,2006419.63
2023-08-09,5.57,5.57,5.50,5.52,312330,1723829.75
2023-08-10,5.50,5.56,5.50,5.53,156244,864383.31
2023-08-11,5.54,5.54,5.43,5.43,425757,2341212.50
2023-08-14,5.43,5.51,5.39,5.43,232936,1265373.63
2023-08-15,5.42,5.50,5.39,5.43,71427,386818.25
2023-08-16,5.41,5.44,5.36,5.37,253269,1364572.25
2023-08-17,5.35,5.39,5.32,5.37,315259,1683217.00
2023-08-18,5.36,5.36,5.31,5.31,420235,2235062.50
2023-08-21,5.36,5.42,5.35,5.35,386207,2083099.25
2023-08-22,5.35,5.45,5.29,5.32,259569,1383606.13
2023-08-23,5.35,5.37,5.29,5.31,202883,1078008.13
2023-08-24,5.31,5.35,5.29,5.30,417788,2223869.00
2023-08-25,5.31,5.34,5.23,5.26,327691,1729122.25
2023-08-28,5.43,5.59,5.25,5.26,592775,3165714.00
2023-08-29,5.26,5.30,5.20,5.28,741037,3904530.00
2023-08-30,5.28,5.38,5.27,5.29,602128,3192602.00
2023-08-31,5.28,5.30,5.21,5.22,390370,2040160.25
2023-09-01,5.25,5.40,5.24,5.35,625637,3338721.25
2023-09-04,5.48,5.61,5.48,5.60,2802918,15577191.00
2023-09-05,5.57,5.61,5.50,5.52,839275,4640410.00
2023-09-06,5.51,5.52,5.45,5.46,437973,2401789.25
2023-09-07,5.46,5.48,5.30,5.32,644147,3465352.25
2023-09-08,5.32,5.32,5.01,5.23,1521729,7876636.50
2023-09-11,5.19,5.29,5.19,5.28,364545,1908585.75
2023-09-12,5.27,5.31,5.24,5.27,243418,1287664.75
2023-09-13,5.27,5.29,5.23,5.25,445681,2341046.25
2023-09-14,5.24,5.27,5.20,5.21,229915,1202151.50
2023-09-15,5.22,5.25,5.20,5.22,266580,1392700.63
2023-09-18,5.23,5.24,5.20,5.22,153588,800111.31
2023-09-19,5.25,5.25,5.20,5.22,187066,977656.81
2023-09-20,5.23,5.24,5.18,5.18,281892,1471598.63
2023-09-21,5.23,5.23,5.15,5.20,120463,624942.50
2023-09-22,5.20,5.25,5.18,5.23,130815,683810.19
2023-09-25,5.24,5.24,5.12,5.12,499461,2567274.25
2023-09-26,4.96,4.96,4.84,4.86,322797,1577206.88
2023-09-27,4.90,4.95,4.85,4.90,209104,1026480.00
2023-09-28,4.90,4.94,4.89,4.91,62523,306875.88
2023-10-09,4.92,4.97,4.90,4.97,169476,838218.75
2023-10-10,4.99,5.03,4.91,4.92,92183,458343.88
2023-10-11,4.92,4.98,4.92,4.95,41346,204361.58
2023-10-12,4.93,5.00,4.92,4.97,187688,928621.31
2023-10-13,4.94,4.98,4.90,4.95,112134,553703.38
2023-10-16,4.95,4.95,4.86,4.90,176262,861633.06
2023-10-17,4.87,4.96,4.86,4.90,66112,323574.25
2023-10-18,4.89,4.89,4.72,4.74,300843,1438510.75
2023-10-19,4.73,4.82,4.70,4.77,64525,305266.22
2023-10-20,4.78,4.79,4.69,4.76,76600,363480.91
2023-10-23,4.78,4.78,4.61,4.64,99482,464951.56
2023-10-24,4.79,4.79,4.62,4.69,90144,420992.88
2023-10-25,4.77,4.77,4.70,4.73,27928,131552.25
2023-10-26,4.81,4.81,4.66,4.72,38547,181191.33
2023-10-27,4.80,4.95,4.75,4.89,512923,2502590.25
2023-10-30,4.94,4.95,4.84,4.90,196654,965599.75
2023-10-31,4.94,4.94,4.86,4.90,182417,892985.06
2023-11-01,4.91,4.94,4.84,4.88,123731,604090.38
2023-11-02,4.86,4.91,4.80,4.85,182579,885591.31
2023-11-03,4.82,4.94,4.82,4.92,261988,1283381.63
2023-11-06,4.93,4.98,4.91,4.97,248405,1226722.38
2023-11-07,4.97,4.97,4.94,4.96,180616,894796.25
2023-11-08,4.97,5.07,4.96,5.02,655923,3292116.75
2023-11-09,5.00,5.17,5.00,5.16,1268708,6495253.50
2023-11-10,5.14,5.15,5.02,5.05,602343,3047021.50
2023-11-13,5.12,5.12,5.03,5.05,319012,1615408.00
2023-11-14,5.07,5.10,5.00,5.08,666841,3356656.50
2023-11-15,5.10,5.27,5.07,5.20,1572450,8183296.00
2023-11-16,5.16,5.18,5.05,5.07,1272582,6481861.50
2023-11-17,5.07,5.09,5.02,5.08,304077,1538393.75
2023-11-20,5.05,5.22,5.05,5.21,968692,5015011.00
2023-11-21,5.27,5.84,5.22,5.48,7212754,39932732.00
2023-11-22,5.44,6.20,5.39,6.07,11251326,65544664.00
2023-11-23,6.19,6.50,5.78,5.97,10272398,63363164.00
2023-11-24,5.87,6.75,5.87,6.70,12467793,80036872.00
2023-11-27,6.95,7.76,6.75,7.76,17440364,127233368.00
2023-11-28,7.30,8.00,7.01,7.39,12815054,95545592.00
2023-11-29,7.39,7.58,6.46,6.63,9028536,63433928.00
2023-11-30,6.66,6.88,6.30,6.50,4603003,30043808.00
2023-12-01,6.55,6.66,6.16,6.20,4709447,30126372.00
2023-12-04,6.21,6.30,6.01,6.15,2776310,17051544.00
2023-12-05,6.10,6.96,6.06,6.78,9078802,60448508.00
2023-12-06,6.81,7.41,6.76,7.01,8985183,63848980.00
2023-12-07,6.90,7.24,6.82,7.13,7652657,54150220.00
2023-12-08,7.56,7.76,7.22,7.28,10499511,78131784.00
2023-12-11,7.14,7.22,6.70,6.90,6378657,44454720.00
2023-12-12,6.84,6.98,6.80,6.95,4195650,28897526.00
2023-12-13,6.90,7.21,6.87,7.10,6623860,46870936.00
2023-12-14,7.20,7.95,7.17,7.50,13004786,97386992.00
2023-12-15,7.63,8.18,7.50,7.83,11891042,92760160.00
2023-12-18,7.65,7.92,7.58,7.91,9629525,74747224.00
2023-12-19,7.80,8.75,7.63,8.10,12259347,100285112.00
2023-12-20,7.93,8.52,7.83,8.36,12257304,100157008.00
2023-12-21,8.28,10.38,8.28,8.43,26994790,243192976.00
2023-12-22,7.91,9.35,7.58,9.13,22537749,189345232.00
2023-12-25,8.96,10.29,8.88,10.10,21425730,206022080.00
2023-12-26,10.00,10.86,9.44,10.16,21598793,217780880.00
2023-12-27,9.75,10.10,9.40,9.56,14300863,138810992.00
2023-12-28,9.56,12.42,9.41,11.98,31289601,351878464.00
2023-12-29,11.29,12.36,10.91,11.64,26386878,303384448.00
2024-01-02,11.46,11.73,11.05,11.63,17316408,197466336.00
2024-01-03,11.40,12.29,11.31,12.18,16786537,198001792.00
2024-01-04,11.99,12.17,11.20,11.33,13878300,162160112.00
2024-01-05,11.25,11.99,10.43,10.56,14772176,166956176.00
2024-01-08,10.27,11.20,10.08,10.56,10699097,115244392.00
2024-01-09,10.53,10.95,9.81,10.17,11766928,121419744.00
2024-01-10,10.08,11.25,9.91,10.58,12897775,137471600.00
2024-01-11,10.40,10.89,10.13,10.63,9152264,96609160.00
2024-01-12,10.49,11.02,9.44,9.45,13843869,144950432.00
2024-01-15,9.31,9.46,8.51,8.62,10143367,90726104.00
2024-01-16,8.75,9.95,8.61,9.80,13616566,125244160.00
2024-01-17,9.46,10.00,9.40,9.51,10004427,96546352.00
2024-01-18,9.47,11.28,9.45,10.86,17835721,185245648.00
2024-01-19,10.88,10.88,10.31,10.52,12920108,136189904.00
2024-01-22,10.18,10.87,9.93,10.23,9673222,100230032.00
2024-01-23,10.23,11.16,10.09,10.59,11527520,122708672.00
2024-01-24,10.32,10.50,9.63,10.08,11130618,111850176.00
2024-01-25,9.88,10.08,9.15,9.39,8989138,85680056.00
2024-01-26,9.13,9.62,8.85,8.85,6755922,62247756.00
2024-01-29,8.85,8.94,7.62,7.65,8138129,66163932.00
2024-01-30,7.68,7.98,7.50,7.86,5691208,44148024.00
2024-01-31,7.86,8.54,7.86,8.16,7586158,62466176.00
2024-02-01,7.92,8.98,7.92,8.26,10478275,90027800.00
2024-02-02,8.10,8.29,7.21,7.49,8248533,63653724.00
2024-02-05,7.31,7.31,6.35,6.72,7171501,49119316.00
2024-02-06,6.49,7.39,6.42,7.36,7669517,54511148.00
2024-02-07,7.41,7.84,7.03,7.13,8416995,63110748.00
2024-02-08,7.21,7.27,6.65,7.08,5155280,35999824.00
2024-02-19,7.12,7.37,6.91,7.30,5937662,42427092.00
2024-02-20,7.21,7.81,7.16,7.73,7170011,53539356.00
2024-02-21,7.61,8.16,7.52,7.68,9356125,73701656.00
2024-02-22,7.55,7.95,7.51,7.68,5823103,44712432.00
2024-02-23,7.74,8.07,7.57,7.72,7738419,60457368.00
2024-02-26,7.50,7.68,7.18,7.44,6357160,47630216.00
2024-02-27,7.42,7.83,7.37,7.83,7717910,59535292.00
2024-02-28,7.92,9.00,7.87,8.04,15149515,126526200.00
2024-02-29,8.01,8.43,7.93,8.35,8854512,72630312.00
2024-03-01,8.42,8.58,8.08,8.14,8128328,66974408.00
2024-03-04,8.24,8.25,7.65,7.82,5287208,41635176.00
2024-03-05,7.82,7.95,7.37,7.42,4867982,36930408.00
2024-03-06,7.50,7.92,7.42,7.75,5733459,44105048.00
2024-03-07,7.70,7.71,7.33,7.34,4775080,35706852.00
2024-03-08,7.34,7.76,7.34,7.44,5189203,39179992.00
2024-03-11,7.47,8.24,7.47,8.20,12261110,97946672.00
2024-03-12,8.20,8.20,7.80,7.83,7883544,62287660.00
2024-03-13,7.80,7.85,7.50,7.53,6198728,47015352.00
2024-03-14,7.45,7.63,7.38,7.45,3523424,26423464.00
2024-03-15,7.46,7.84,7.36,7.75,6325932,48570936.00
2024-03-18,7.73,7.86,7.60,7.78,4045256,31171606.00
2024-03-19,7.81,7.81,7.57,7.59,3861392,29713456.00
2024-03-20,7.45,7.77,7.44,7.66,3328562,25509590.00
2024-03-21,7.75,7.75,7.41,7.51,2968967,22301726.00
2024-03-22,7.52,7.56,7.21,7.29,2607179,19168254.00
2024-03-25,7.30,7.42,7.15,7.16,2017612,14645876.00
2024-03-26,7.15,7.27,6.90,7.10,2739084,19315842.00
2024-03-27,7.18,7.42,7.03,7.03,3220903,23286952.00
2024-03-28,7.03,7.14,6.90,6.95,2507142,17601330.00
2024-03-29,7.00,7.02,6.76,6.82,2745889,18802020.00
2024-04-01,6.85,6.94,6.83,6.94,2298496,15827658.00
2024-04-02,6.93,7.05,6.83,6.98,2315436,16025008.00
2024-04-03,6.89,6.99,6.77,6.77,1518405,10390764.00
2024-04-08,6.71,6.75,6.23,6.26,3454586,22157522.00
2024-04-09,6.28,6.35,6.23,6.33,1405682,8851807.00
2024-04-10,6.38,6.77,6.27,6.53,4614264,30458850.00
2024-04-11,6.47,6.51,6.33,6.38,2262616,14437680.00
2024-04-12,6.43,6.43,6.22,6.24,1927775,12169240.00
2024-04-15,6.30,6.34,5.89,5.96,1885825,11342984.00
2024-04-16,6.00,6.00,5.48,5.51,2176374,12174172.00
2024-04-17,5.62,5.95,5.62,5.90,2273438,13299969.00
2024-04-18,5.90,5.96,5.75,5.86,2156046,12658839.00
2024-04-19,5.82,5.87,5.65,5.73,1500314,8592530.00
2024-04-22,5.73,6.01,5.66,5.85,2281569,13412594.00
2024-04-23,5.82,5.94,5.73,5.92,1570091,9171263.00
2024-04-24,5.92,5.92,5.85,5.89,1060735,6254040.00
2024-04-25,5.91,6.16,5.80,5.88,1808744,10821168.00
2024-04-26,5.76,5.88,5.71,5.79,2922500,16914184.00
2024-04-29,5.76,5.87,5.75,5.84,2196196,12784942.00
2024-04-30,5.87,5.92,5.80,5.80,1428328,8346761.00
2024-05-06,5.86,5.92,5.82,5.92,1746190,10225030.00
2024-05-07,5.95,5.97,5.86,5.93,1484845,8765912.00
2024-05-08,5.93,6.26,5.87,6.04,3925979,23864666.00
2024-05-09,6.05,6.83,6.01,6.49,8428707,54594056.00
2024-05-10,6.37,6.38,6.15,6.20,4484341,28077038.00
2024-05-13,6.25,6.25,6.00,6.04,2842385,17247612.00
2024-05-14,6.04,6.12,5.94,5.94,1981974,11881426.00
2024-05-15,5.95,6.12,5.90,5.95,1681101,10076836.00
2024-05-16,5.89,5.93,5.62,5.69,3218353,18490352.00
2024-05-17,5.74,5.74,5.61,5.69,2138217,12157045.00
2024-05-20,5.73,5.90,5.69,5.77,2186220,12673942.00
2024-05-21,5.75,5.75,5.61,5.64,841991,4772267.50
2024-05-22,5.74,6.43,5.72,6.25,9717190,59240668.00
2024-05-23,6.11,6.80,5.83,6.24,12134148,76452456.00
2024-05-24,6.19,6.66,6.06,6.22,8370329,53819284.00
2024-05-27,6.22,6.35,5.93,6.04,5728934,34624568.00
2024-05-28,5.98,6.35,5.98,6.24,5619350,34689892.00
2024-05-29,6.17,6.78,6.17,6.44,10015472,65665852.00
2024-05-30,6.48,6.61,6.21,6.25,5922779,37811236.00
2024-05-31,6.13,6.34,6.08,6.11,3671455,22580290.00
2024-06-03,6.13,6.14,5.80,5.84,3851961,22719102.00
2024-06-04,5.85,5.96,5.76,5.91,2562664,14957566.00
2024-06-05,5.90,5.95,5.68,5.71,2199599,12702995.00
2024-06-06,5.64,5.82,5.41,5.43,2863295,15874472.00
2024-06-07,5.53,5.59,5.30,5.46,1279156,6970412.50
2024-06-11,5.45,5.61,5.35,5.49,1450376,7897503.00
2024-06-12,5.46,5.49,5.39,5.48,1213003,6619101.00
2024-06-13,5.41,5.59,5.41,5.55,1939910,10727585.00
2024-06-14,5.58,5.78,5.51,5.67,2492777,14165358.00
2024-06-17,5.70,5.70,5.50,5.52,1716566,9551707.00
2024-06-18,5.55,5.56,5.45,5.49,1382718,7589038.50
2024-06-19,5.44,5.65,5.42,5.49,1437110,7940983.50
2024-06-20,5.45,5.47,5.32,5.32,1716416,9242108.00
2024-06-21,5.43,5.91,5.42,5.63,5796764,33110320.00
2024-06-24,5.48,5.52,5.32,5.34,3353615,18156074.00
2024-06-25,5.29,5.42,5.22,5.29,1741283,9261330.00
2024-06-26,5.30,5.42,5.27,5.40,1635957,8746766.00
2024-06-27,5.38,5.39,5.26,5.27,1416302,7520524.00
2024-06-28,5.28,5.41,5.27,5.29,1121956,5980131.50
2024-07-01,5.33,5.47,5.30,5.38,1107621,5942211.50
2024-07-02,5.32,5.37,5.30,5.32,1018996,5432210.00
2024-07-03,5.29,5.32,5.25,5.29,856208,4513149.00
2024-07-04,5.33,5.38,5.19,5.20,883610,4666692.00
2024-07-05,5.17,5.19,5.08,5.16,936225,4810001.00
2024-07-08,5.10,5.11,4.88,4.88,1151588,5752744.50
2024-07-09,4.92,4.99,4.80,4.90,878087,4304771.50
2024-07-10,4.93,5.16,4.84,4.98,1801731,9108101.00
2024-07-11,5.03,5.23,4.99,5.12,1943689,9932267.00
2024-07-12,5.07,5.37,5.07,5.25,3070629,16074857.00
2024-07-15,5.15,5.18,5.02,5.03,1451624,7383655.50
2024-07-16,5.07,5.31,4.95,5.28,3348390,17345478.00
2024-07-17,5.88,6.50,5.84,6.43,15280132,95190936.00
2024-07-18,6.00,6.20,5.80,5.87,11287757,67669320.00
2024-07-19,5.72,5.95,5.58,5.59,5950871,34101212.00
2024-07-22,5.53,5.68,5.45,5.56,2577950,14255747.00
2024-07-23,5.55,5.61,5.44,5.47,2358720,12957631.00
2024-07-24,5.48,5.63,5.33,5.40,1896345,10315194.00
2024-07-25,5.34,5.90,5.34,5.66,6560984,37255208.00
2024-07-26,5.53,5.68,5.51,5.62,3655682,20449990.00
2024-07-29,5.58,5.62,5.40,5.45,1913956,10478271.00
2024-07-30,5.41,5.62,5.41,5.58,1807007,10008283.00
2024-07-31,5.56,5.69,5.56,5.65,2723251,15340066.00
2024-08-01,5.61,5.75,5.57,5.58,1569561,8824883.00
2024-08-02,5.54,5.57,5.41,5.46,1467040,8033185.00
2024-08-05,5.50,5.57,5.25,5.25,1706975,9215364.00
2024-08-06,5.28,5.60,5.28,5.47,3478113,19118554.00
2024-08-07,5.45,5.57,5.37,5.41,2454972,13296894.00
2024-08-08,5.39,5.44,5.30,5.39,1229472,6589350.50
2024-08-09,5.40,5.43,5.29,5.31,1321223,7042274.00
2024-08-12,5.43,5.55,5.31,5.34,1758440,9566485.00
2024-08-13,5.31,5.41,5.22,5.38,2170507,11545441.00
2024-08-14,5.39,5.48,5.28,5.29,1134104,6045552.50
2024-08-15,5.29,5.39,5.27,5.30,1176041,6251947.00
2024-08-16,5.30,5.31,5.24,5.26,1060565,5592398.50
2024-08-19,5.27,5.27,5.21,5.21,620991,3243645.00
2024-08-20,5.22,5.34,5.16,5.23,1348907,7118991.00
2024-08-21,5.26,5.26,5.13,5.17,1055863,5470108.00
2024-08-22,5.25,5.37,5.12,5.14,1779737,9373482.00
2024-08-23,5.12,5.18,5.02,5.09,1083367,5502335.50
2024-08-26,5.19,5.36,5.12,5.20,1671169,8759353.00
2024-08-27,5.18,5.39,5.06,5.30,2356651,12365080.00
2024-08-28,5.21,5.35,5.17,5.18,1734881,9076073.00
2024-08-29,5.15,5.48,5.12,5.33,2580877,13725272.00
2024-08-30,5.30,5.46,5.24,5.38,2927595,15708586.00
2024-09-02,5.34,5.38,5.22,5.22,1291283,6813232.50
2024-09-03,5.19,5.27,5.17,5.24,699459,3651325.00
2024-09-04,5.18,5.27,5.18,5.20,802540,4184437.50
2024-09-05,5.19,5.39,5.19,5.27,1423864,7552149.50
2024-09-06,5.23,5.25,5.15,5.18,1506551,7820821.50
2024-09-09,5.14,5.17,5.10,5.15,516107,2654717.75
2024-09-10,5.13,5.21,5.12,5.18,479630,2473163.75
2024-09-11,5.18,5.23,5.13,5.18,477914,2471378.25
2024-09-12,5.16,5.30,5.15,5.15,775920,4052908.75
2024-09-13,5.14,5.28,5.10,5.21,1411597,7297040.50
2024-09-18,5.16,5.20,5.07,5.08,1003782,5135172.50
2024-09-19,5.06,5.16,5.05,5.09,1115826,5679053.50
2024-09-20,5.08,5.10,5.03,5.07,746998,3779795.50
2024-09-23,5.04,5.07,5.01,5.01,598677,3009297.75
2024-09-24,5.04,5.15,5.01,5.14,1306446,6655524.50
2024-09-25,5.20,5.28,5.16,5.21,1680804,8793745.00
2024-09-26,5.24,5.33,5.15,5.31,1736384,9115892.00
2024-09-27,5.39,6.13,5.35,5.86,8000092,46929136.00
2024-09-30,6.10,7.36,5.92,7.07,12006493,78517096.00
2024-10-08,8.75,8.89,7.50,8.50,13087635,107592640.00
2024-10-09,7.60,8.05,7.00,7.01,7945896,60334384.00
2024-10-10,7.32,7.48,6.92,7.05,4340301,31144998.00
2024-10-11,6.88,7.00,6.20,6.30,4827721,31641716.00
2024-10-14,6.48,6.98,6.33,6.85,5312589,35564568.00
2024-10-15,6.62,6.98,6.62,6.66,5402000,36762864.00
2024-10-16,6.51,6.79,6.32,6.65,4395724,28972138.00
2024-10-17,6.75,7.39,6.68,6.90,9330638,65330180.00
2024-10-18,6.85,7.50,6.80,7.40,8387419,60638812.00
2024-10-21,8.01,8.88,7.68,8.52,15978260,133783544.00
2024-10-22,8.00,8.98,7.52,8.30,15059450,121366768.00
2024-10-23,8.15,10.79,8.00,10.79,22381501,218787776.00
2024-10-24,11.40,14.02,11.30,14.02,36705562,475262720.00
2024-10-25,14.00,18.22,12.91,18.22,29015144,494307104.00
2024-10-28,18.23,23.68,17.28,23.68,34566802,715159232.00
2024-10-29,25.92,30.78,25.60,30.78,26819170,770479040.00
2024-10-30,27.70,30.80,24.58,25.05,32107172,869627648.00
2024-10-31,27.00,32.56,26.74,32.56,34105844,1012474752.00
2024-11-01,34.01,39.89,25.94,29.84,33297563,1141742080.00
2024-11-04,26.00,32.20,23.85,27.50,24861865,666073152.00
2024-11-05,26.00,29.49,25.27,28.01,25612165,695681664.00
2024-11-06,28.71,29.09,26.01,27.33,22093613,606594176.00
2024-11-07,25.47,26.39,24.00,25.17,19240152,481819776.00
2024-11-08,25.71,26.00,24.99,25.35,11607034,294749792.00
2024-11-11,25.24,28.00,24.64,26.63,16273323,433047168.00
2024-11-12,26.50,27.65,24.50,25.00,11977557,305725280.00
2024-11-13,24.53,25.15,22.98,25.11,10504977,254261360.00
2024-11-14,25.36,26.50,24.50,24.57,8957099,228963712.00
2024-11-15,24.35,25.08,23.15,24.28,8311276,200614496.00
2024-11-18,23.80,24.59,20.66,21.41,10630784,235861008.00
2024-11-19,21.49,23.13,21.49,23.13,10208181,228996160.00
2024-11-20,22.79,23.93,21.97,23.92,11458279,261797152.00
2024-11-21,25.33,27.94,24.88,24.89,21468988,567228800.00
2024-11-22,23.22,24.36,22.80,22.80,13566430,315476384.00
2024-11-25,22.11,22.99,21.29,22.36,7603110,167234208.00
2024-11-26,22.37,23.24,21.58,21.60,5833382,130755568.00
2024-11-27,21.16,21.88,19.88,21.70,7634287,158194352.00
2024-11-28,22.30,23.38,21.81,22.17,10370860,234190048.00
2024-11-29,21.68,22.77,21.20,22.33,7972686,175300112.00
2024-12-02,21.56,22.95,21.56,22.92,8687142,194285888.00
2024-12-03,22.92,22.92,22.92,22.92,0,0.00
#数据来源:通达信
