834950 迅安科技 日线 不复权
      日期	    开盘	    最高	    最低	    收盘	    成交量	    成交额
2023-01-11,12.88,13.00,11.62,13.00,2238810,27991972.00
2023-01-12,12.50,12.94,12.01,12.55,832633,10393197.00
2023-01-13,12.32,12.55,12.16,12.16,285398,3516597.75
2023-01-16,12.17,12.28,12.06,12.09,325995,3958844.75
2023-01-17,12.10,12.22,12.10,12.14,129143,1566728.13
2023-01-18,12.04,12.19,12.03,12.07,107292,1294095.63
2023-01-19,12.02,12.02,11.90,12.00,206649,2469178.50
2023-01-20,12.05,12.05,11.91,11.95,132756,1585754.00
2023-01-30,11.96,12.09,11.96,12.02,121888,1463645.63
2023-01-31,12.00,13.98,12.00,13.45,1833328,24195982.00
2023-02-01,13.08,13.50,12.85,12.90,1232845,16094986.00
2023-02-02,12.82,13.02,12.40,12.50,594053,7461849.50
2023-02-03,12.42,12.63,12.20,12.36,227182,2814286.00
2023-02-06,12.41,12.41,12.22,12.28,199121,2442672.50
2023-02-07,12.35,12.40,12.28,12.34,108740,1341652.75
2023-02-08,12.30,12.41,12.10,12.41,247277,3028046.25
2023-02-09,12.43,12.44,12.20,12.38,112862,1395940.38
2023-02-10,12.31,12.39,12.31,12.36,86971,1072875.88
2023-02-13,12.36,12.50,12.25,12.45,153582,1906818.75
2023-02-14,12.51,12.51,12.30,12.36,78670,977192.69
2023-02-15,12.27,12.33,12.26,12.30,88673,1089661.13
2023-02-16,12.22,12.30,12.15,12.15,122837,1502383.63
2023-02-17,12.22,12.22,12.14,12.18,63230,770391.06
2023-02-20,12.16,12.30,12.16,12.25,45234,552076.25
2023-02-21,12.32,12.32,12.16,12.25,112457,1377137.88
2023-02-22,12.16,12.25,12.16,12.25,31922,390152.25
2023-02-23,12.18,12.30,12.13,12.17,69629,849395.94
2023-02-24,12.18,12.18,12.01,12.05,106260,1283588.50
2023-02-27,12.05,12.25,11.95,11.96,91673,1099203.00
2023-02-28,12.01,12.23,11.98,12.07,43250,519752.69
2023-03-01,11.98,12.12,11.91,12.05,45098,540834.75
2023-03-02,11.93,12.08,11.92,11.95,64409,771039.69
2023-03-03,11.96,11.99,11.93,11.96,78628,939954.56
2023-03-06,11.93,12.01,11.93,11.98,47487,568760.50
2023-03-07,11.90,12.00,11.87,11.87,57113,681119.31
2023-03-08,11.83,11.93,11.78,11.87,79506,939073.88
2023-03-09,11.87,11.92,11.79,11.85,45481,537420.63
2023-03-10,11.85,11.88,11.72,11.84,46398,547621.31
2023-03-13,11.76,11.78,11.70,11.70,61937,726647.63
2023-03-14,11.67,11.72,11.36,11.54,120839,1388435.13
2023-03-15,11.44,11.57,11.37,11.50,43445,498224.41
2023-03-16,11.42,11.57,11.35,11.37,99177,1133826.75
2023-03-17,11.50,11.50,11.38,11.40,27183,310753.59
2023-03-20,11.40,11.40,11.28,11.30,40500,458633.81
2023-03-21,11.23,11.44,11.23,11.41,62332,705780.88
2023-03-22,11.32,11.50,11.28,11.34,88264,1003539.63
2023-03-23,11.39,11.39,11.22,11.35,101668,1146735.75
2023-03-24,11.25,11.39,11.24,11.35,36454,413102.84
2023-03-27,11.54,11.54,11.24,11.42,31425,357829.66
2023-03-28,11.33,11.45,11.30,11.31,54577,618363.50
2023-03-29,11.25,11.41,11.24,11.32,38850,437620.00
2023-03-30,11.44,11.44,11.25,11.33,12949,146196.73
2023-03-31,11.21,11.38,11.21,11.33,57450,646271.50
2023-04-03,11.60,11.60,11.25,11.27,71680,808199.50
2023-04-04,11.22,11.30,11.20,11.30,44331,498790.22
2023-04-06,11.35,11.35,11.14,11.28,95182,1066502.38
2023-04-07,11.46,11.46,11.22,11.27,21695,245737.86
2023-04-10,11.19,11.21,11.16,11.17,39052,436512.03
2023-04-11,11.01,11.14,10.99,11.11,87817,967975.88
2023-04-12,11.10,11.10,10.84,10.92,70221,766864.06
2023-04-13,10.96,10.96,10.72,10.73,70847,763091.81
2023-04-14,10.73,10.75,10.61,10.67,37138,396028.63
2023-04-17,10.63,10.68,10.62,10.66,30019,320148.63
2023-04-18,10.67,10.80,10.67,10.72,24729,264668.31
2023-04-19,10.61,10.90,10.61,10.66,41049,441065.78
2023-04-20,10.87,10.87,10.67,10.75,24394,262957.50
2023-04-21,10.72,10.82,10.70,10.75,44904,482639.03
2023-04-24,10.43,10.75,10.42,10.71,35200,376389.66
2023-04-25,10.67,10.79,10.54,10.72,54829,582986.56
2023-04-26,10.80,11.44,10.80,11.18,200222,2243617.00
2023-04-27,11.20,11.27,10.97,11.05,73375,811062.31
2023-04-28,11.15,11.15,10.90,11.09,91386,1010626.75
2023-05-04,11.26,11.26,11.05,11.22,40090,447733.69
2023-05-05,11.20,11.36,11.16,11.35,90223,1019176.56
2023-05-08,11.40,11.52,11.28,11.46,142351,1625799.50
2023-05-09,11.43,11.53,11.20,11.21,67428,765558.81
2023-05-10,11.45,11.45,11.12,11.21,18338,205472.45
2023-05-11,11.22,11.38,11.22,11.26,34692,391546.19
2023-05-12,11.39,11.47,11.32,11.36,54891,624822.94
2023-05-15,11.49,11.49,11.31,11.40,35288,401420.63
2023-05-16,11.48,11.48,11.27,11.39,14520,164448.80
2023-05-17,11.43,11.45,11.27,11.39,26733,302585.00
2023-05-18,11.25,11.49,11.25,11.40,25091,283406.50
2023-05-19,11.46,11.46,11.28,11.34,40573,462151.13
2023-05-22,11.27,11.43,11.27,11.41,37672,428598.78
2023-05-23,11.48,11.55,11.36,11.52,89476,1028688.69
2023-05-24,10.92,11.04,10.86,10.88,44038,481577.78
2023-05-25,10.88,10.92,10.67,10.72,80862,872231.25
2023-05-26,10.82,10.82,10.61,10.69,26341,280722.28
2023-05-29,10.61,10.76,10.61,10.63,21662,230842.64
2023-05-30,10.59,10.62,10.58,10.59,15049,159460.61
2023-05-31,10.40,10.63,10.40,10.57,9500,100567.00
2023-06-01,10.50,10.57,10.50,10.54,18404,193966.53
2023-06-02,10.42,10.61,10.42,10.55,31240,329614.59
2023-06-05,10.60,10.60,10.51,10.52,9742,102505.92
2023-06-06,10.47,10.49,10.40,10.49,28800,301309.56
2023-06-07,10.58,10.58,10.42,10.50,12343,129379.68
2023-06-08,10.46,10.50,10.43,10.46,5700,59661.30
2023-06-09,10.40,10.43,10.30,10.39,49067,507799.94
2023-06-12,10.61,10.61,10.30,10.48,13991,145782.52
2023-06-13,10.41,10.83,10.41,10.74,136232,1458536.50
2023-06-14,10.60,10.85,10.49,10.75,59689,641187.44
2023-06-15,10.58,11.09,10.58,11.01,180085,1968382.75
2023-06-16,11.14,11.14,10.76,10.95,89686,977888.94
2023-06-19,10.79,10.97,10.79,10.82,14002,151991.20
2023-06-20,10.75,10.93,10.60,10.74,100173,1076478.25
2023-06-21,10.59,10.87,10.59,10.76,28464,304759.19
2023-06-26,10.70,10.87,10.70,10.77,45326,489265.72
2023-06-27,10.76,10.79,10.73,10.74,21274,228718.80
2023-06-28,10.88,10.88,10.70,10.82,13404,144045.52
2023-06-29,10.89,11.24,10.78,10.98,158054,1742121.38
2023-06-30,11.15,11.15,10.93,11.00,98193,1077277.13
2023-07-03,11.01,11.11,10.96,10.98,31576,347331.28
2023-07-04,10.98,11.18,10.94,11.00,66075,726489.50
2023-07-05,11.10,11.19,11.02,11.17,160539,1787836.63
2023-07-06,11.23,11.29,11.01,11.13,89096,990040.06
2023-07-07,11.18,11.21,11.08,11.13,23047,256047.69
2023-07-10,11.19,11.20,11.13,11.17,38490,430509.13
2023-07-11,11.21,11.21,11.06,11.15,32241,359085.78
2023-07-12,11.08,11.16,11.00,11.09,43911,485447.25
2023-07-13,11.08,11.36,10.95,11.23,157577,1762913.50
2023-07-14,11.11,11.25,11.11,11.23,52110,582596.88
2023-07-17,11.20,11.25,11.20,11.20,35068,393994.19
2023-07-18,11.06,11.18,11.06,11.16,21400,237838.00
2023-07-19,11.12,11.24,11.11,11.21,84800,949030.50
2023-07-20,11.20,11.25,11.11,11.24,68581,766051.69
2023-07-21,11.27,11.44,11.16,11.25,80451,908717.00
2023-07-24,11.30,11.30,11.22,11.22,3500,39419.00
2023-07-25,11.20,11.35,10.94,11.28,54790,615565.69
2023-07-26,11.20,11.29,11.20,11.28,13484,152058.34
2023-07-27,11.22,11.28,11.18,11.26,23088,258601.28
2023-07-28,11.16,11.33,11.12,11.30,78252,882413.63
2023-07-31,11.07,11.39,11.07,11.30,35022,397772.53
2023-08-01,11.38,11.38,11.14,11.35,58500,659809.94
2023-08-02,11.29,11.37,11.15,11.31,30061,337496.28
2023-08-03,11.16,11.30,11.16,11.30,19381,217795.02
2023-08-04,11.26,11.33,11.22,11.32,39240,443436.00
2023-08-07,11.17,11.40,11.17,11.37,148570,1684567.38
2023-08-08,11.27,11.68,11.27,11.64,294827,3406944.25
2023-08-09,11.64,11.68,11.53,11.59,331184,3848350.50
2023-08-10,11.60,11.70,11.41,11.54,498873,5776378.00
2023-08-11,11.52,11.52,11.21,11.21,259864,2931969.75
2023-08-14,11.13,11.19,11.08,11.16,40963,456030.47
2023-08-15,11.16,11.18,11.10,11.16,64589,718767.88
2023-08-16,11.12,11.23,11.11,11.12,18695,208107.34
2023-08-17,11.32,11.32,11.10,11.11,37405,416213.34
2023-08-18,11.14,11.22,10.92,11.14,65327,720559.25
2023-08-21,11.17,11.25,11.07,11.17,65076,725386.63
2023-08-22,11.05,11.17,10.95,11.10,51243,566216.75
2023-08-23,11.06,11.06,10.85,10.90,142325,1554093.00
2023-08-24,10.84,11.03,10.84,10.97,19659,214592.89
2023-08-25,11.01,11.03,10.71,10.94,51563,557791.38
2023-08-28,11.30,11.49,10.95,10.95,169259,1884468.25
2023-08-29,10.88,11.28,10.68,11.23,120208,1340975.88
2023-08-30,11.18,11.29,11.12,11.23,41082,461342.41
2023-08-31,11.28,11.28,11.13,11.25,59568,667816.63
2023-09-01,11.38,11.58,11.31,11.48,364806,4181824.75
2023-09-04,11.72,12.24,11.72,12.10,1341282,16084254.00
2023-09-05,12.20,12.20,11.65,11.67,297014,3507400.50
2023-09-06,11.62,11.90,11.54,11.76,187429,2199154.50
2023-09-07,11.63,11.98,11.61,11.81,222246,2636877.50
2023-09-08,11.81,11.81,11.58,11.81,178034,2079274.13
2023-09-11,11.82,11.94,11.70,11.81,53010,627232.00
2023-09-12,11.68,11.86,11.68,11.77,95433,1122001.13
2023-09-13,11.73,11.77,11.67,11.75,33820,395866.03
2023-09-14,11.75,11.83,11.62,11.75,77505,910270.31
2023-09-15,11.78,11.78,11.55,11.57,73097,848769.38
2023-09-18,11.74,11.74,11.47,11.60,145492,1677784.25
2023-09-19,11.21,11.67,11.20,11.41,31303,358149.97
2023-09-20,11.59,11.61,11.36,11.46,40433,466051.97
2023-09-21,11.37,11.54,11.34,11.46,27028,307421.31
2023-09-22,11.45,11.52,11.32,11.52,17778,203311.72
2023-09-25,11.53,11.53,11.34,11.42,37698,430608.28
2023-09-26,11.25,11.46,11.25,11.38,18686,213096.06
2023-09-27,11.49,11.49,11.38,11.48,11941,136663.70
2023-09-28,11.32,11.65,11.32,11.62,73443,851913.25
2023-10-09,11.60,11.60,11.40,11.59,73781,849161.88
2023-10-10,11.44,11.58,11.44,11.45,33661,386909.91
2023-10-11,11.57,11.57,11.42,11.47,20265,232483.31
2023-10-12,11.56,11.57,11.46,11.54,36191,417483.66
2023-10-13,11.50,11.52,11.42,11.51,24600,282019.00
2023-10-16,11.46,11.46,11.19,11.25,116918,1325758.63
2023-10-17,11.20,11.27,11.11,11.12,66571,743334.81
2023-10-18,11.11,11.13,11.04,11.09,46053,510653.63
2023-10-19,11.06,11.20,11.01,11.11,32310,356965.97
2023-10-20,11.24,11.24,11.00,11.13,13612,150693.47
2023-10-23,11.01,11.15,10.79,10.87,95823,1040317.94
2023-10-24,10.86,10.98,10.64,10.90,72491,779416.44
2023-10-25,10.97,11.24,10.90,11.15,78247,868806.88
2023-10-26,10.67,11.20,10.67,11.16,64303,717652.94
2023-10-27,11.30,11.34,11.11,11.30,59995,676396.56
2023-10-30,11.21,11.49,11.21,11.30,59599,670527.00
2023-10-31,11.29,11.31,11.18,11.25,31388,352802.16
2023-11-01,11.20,11.26,11.08,11.09,28065,312109.38
2023-11-02,11.18,11.33,11.02,11.15,32076,356603.50
2023-11-03,11.20,11.32,11.11,11.15,38342,429253.50
2023-11-06,11.15,11.33,11.15,11.31,94875,1070096.25
2023-11-07,11.24,11.44,11.24,11.42,56924,649606.44
2023-11-08,11.45,11.87,11.45,11.64,428792,5039407.50
2023-11-09,11.60,11.79,11.49,11.66,112294,1302166.38
2023-11-10,11.66,11.66,11.51,11.58,38083,440683.03
2023-11-13,11.57,11.72,11.57,11.65,32828,382147.00
2023-11-14,11.52,11.86,11.52,11.85,167785,1983816.13
2023-11-15,11.96,11.99,11.83,11.86,242588,2890994.75
2023-11-16,11.89,11.89,11.58,11.58,156666,1825028.75
2023-11-17,11.58,11.60,11.48,11.58,95336,1099152.63
2023-11-20,11.48,12.00,11.48,11.94,316402,3760015.75
2023-11-21,11.99,14.00,11.95,12.98,1824956,24113134.00
2023-11-22,12.67,15.11,12.26,15.11,2202076,30561340.00
2023-11-23,15.08,16.52,14.26,14.60,2158722,33351014.00
2023-11-24,14.40,18.98,14.40,18.98,3251336,58423024.00
2023-11-27,23.00,24.67,20.55,24.40,6110333,137670000.00
2023-11-28,21.97,24.10,20.90,21.61,3023671,67476048.00
2023-11-29,21.62,22.00,18.20,18.35,2252774,45264396.00
2023-11-30,18.59,21.00,17.20,19.10,2528511,48244808.00
2023-12-01,18.80,19.54,17.62,17.89,1518921,27836680.00
2023-12-04,17.40,18.16,16.55,17.26,998159,17376380.00
2023-12-05,17.26,19.79,17.25,19.00,1838951,34173072.00
2023-12-06,19.00,19.71,18.24,19.20,1777783,33716892.00
2023-12-07,19.19,19.98,18.65,19.66,1502634,29366718.00
2023-12-08,19.80,21.50,19.20,21.38,2299455,47234008.00
2023-12-11,21.50,21.80,19.90,21.10,1489039,31165036.00
2023-12-12,20.70,21.85,20.11,21.66,1584751,33094180.00
2023-12-13,21.58,21.97,21.00,21.55,1991490,42896940.00
2023-12-14,21.50,22.22,21.10,21.30,1978252,42889008.00
2023-12-15,21.16,21.48,20.35,20.78,967139,20088070.00
2023-12-18,20.79,21.80,20.55,21.50,1269196,26977168.00
2023-12-19,21.52,21.90,20.86,21.22,844610,17918890.00
2023-12-20,21.30,22.58,21.22,21.92,1569977,34352984.00
2023-12-21,21.90,23.10,18.33,19.03,2183768,46333248.00
2023-12-22,19.03,19.57,18.63,19.24,929052,17782846.00
2023-12-25,19.55,20.75,19.19,20.63,1088409,21807500.00
2023-12-26,20.66,21.18,19.80,21.00,1019267,20955642.00
2023-12-27,20.83,22.08,20.40,21.65,1145841,24247494.00
2023-12-28,21.66,22.05,21.30,21.57,923333,20028872.00
2023-12-29,21.77,22.92,21.48,22.41,1488552,33475508.00
2024-01-02,22.43,24.09,22.18,23.46,1577125,36737052.00
2024-01-03,23.10,23.63,22.51,23.15,1185170,27218656.00
2024-01-04,23.26,23.32,22.30,23.16,747110,17053894.00
2024-01-05,23.15,23.36,21.21,21.67,715710,15907525.00
2024-01-08,21.29,21.80,20.29,20.40,549024,11524869.00
2024-01-09,20.41,20.98,18.88,19.55,664290,13161345.00
2024-01-10,19.29,20.70,19.18,20.33,483199,9683469.00
2024-01-11,20.30,20.88,20.00,20.59,245200,5033585.00
2024-01-12,20.38,20.73,18.40,18.70,533422,10272129.00
2024-01-15,18.68,18.80,17.61,17.98,248120,4512790.00
2024-01-16,17.81,19.50,17.21,19.15,590386,10839969.00
2024-01-17,18.89,19.87,18.50,18.82,491670,9453242.00
2024-01-18,18.92,19.88,17.92,19.58,490012,9457064.00
2024-01-19,19.94,23.87,19.94,21.84,2057891,46455136.00
2024-01-22,21.00,22.02,20.15,20.56,1268562,26616314.00
2024-01-23,20.57,21.29,19.90,21.29,719560,14829114.00
2024-01-24,21.00,21.50,20.13,21.30,672881,14079504.00
2024-01-25,21.20,21.46,20.21,20.53,662375,13757806.00
2024-01-26,20.49,20.88,19.08,19.32,520204,10476999.00
2024-01-29,19.33,20.30,17.74,18.01,496867,9218596.00
2024-01-30,18.00,18.23,17.00,17.45,325681,5734386.00
2024-01-31,17.65,18.38,17.40,17.78,484088,8632385.00
2024-02-01,17.35,17.79,16.50,16.60,472093,8149710.00
2024-02-02,16.99,16.99,14.01,14.87,553694,8639426.00
2024-02-05,14.75,15.86,13.29,15.45,793098,11916865.00
2024-02-06,15.14,17.99,14.68,17.05,816894,13823110.00
2024-02-07,17.05,18.66,16.80,16.92,657072,11515553.00
2024-02-08,16.88,17.48,16.37,16.86,489994,8237228.00
2024-02-19,17.20,17.43,16.50,17.30,359048,6128589.50
2024-02-20,16.83,18.24,16.83,17.94,451848,8019943.00
2024-02-21,17.41,18.28,17.40,17.87,423852,7610554.00
2024-02-22,17.75,18.19,17.59,17.72,179692,3186052.00
2024-02-23,17.60,17.94,17.25,17.55,312404,5489652.00
2024-02-26,17.41,17.85,17.20,17.49,516282,9082514.00
2024-02-27,17.72,18.87,17.52,18.78,943204,17252026.00
2024-02-28,18.79,19.52,18.01,18.20,646856,12158647.00
2024-02-29,18.41,18.80,17.73,18.77,370561,6798374.00
2024-03-01,18.97,19.41,18.55,18.69,366711,6918352.50
2024-03-04,18.59,18.75,17.61,17.70,498068,8934905.00
2024-03-05,17.57,17.93,16.72,16.94,262175,4511103.50
2024-03-06,16.83,18.16,16.66,17.86,634112,11223125.00
2024-03-07,18.83,23.21,18.41,19.18,2842494,59156060.00
2024-03-08,17.88,18.95,17.60,18.60,1824171,33314084.00
2024-03-11,18.28,18.80,18.12,18.38,854855,15694873.00
2024-03-12,18.33,18.48,17.88,18.05,672528,12228142.00
2024-03-13,17.93,18.16,17.68,17.71,288191,5152821.00
2024-03-14,17.70,17.97,17.39,17.90,411035,7266563.00
2024-03-15,17.58,18.88,17.54,18.60,609089,11230833.00
2024-03-18,18.68,18.86,18.31,18.74,464198,8642037.00
2024-03-19,18.80,19.09,18.40,18.58,356872,6689010.50
2024-03-20,18.75,18.86,18.05,18.65,381256,7112407.50
2024-03-21,18.57,18.66,18.21,18.44,301730,5552223.50
2024-03-22,18.68,18.68,18.10,18.23,183761,3363974.50
2024-03-25,17.92,18.21,17.73,17.95,141493,2531285.25
2024-03-26,17.74,17.90,17.56,17.56,156839,2777683.75
2024-03-27,17.65,18.36,17.49,17.73,181566,3261603.00
2024-03-28,17.72,18.17,17.42,17.75,147759,2630560.75
2024-03-29,17.75,18.09,17.23,17.50,220165,3854072.75
2024-04-01,17.48,18.18,17.30,18.13,281652,4974460.00
2024-04-02,18.10,18.28,17.77,18.01,155285,2798399.50
2024-04-03,17.95,18.08,17.88,18.01,173734,3127097.75
2024-04-08,17.91,17.91,17.00,17.46,154692,2699854.25
2024-04-09,17.48,18.26,17.20,18.01,190884,3402146.00
2024-04-10,17.93,18.86,17.61,18.19,635689,11698460.00
2024-04-11,18.25,18.25,17.62,17.68,309796,5519704.50
2024-04-12,17.80,18.01,17.69,17.83,141484,2518977.25
2024-04-15,17.92,17.93,17.00,17.26,142667,2495356.75
2024-04-16,17.65,17.65,16.07,16.07,218264,3604917.50
2024-04-17,16.69,17.48,16.40,17.45,622643,10389522.00
2024-04-18,16.91,17.96,16.72,17.59,337002,5864702.50
2024-04-19,18.17,18.77,17.60,17.94,749870,13664025.00
2024-04-22,17.64,18.30,17.60,17.84,324422,5797458.00
2024-04-23,17.77,18.24,17.70,18.24,281610,5072727.50
2024-04-24,18.38,18.38,17.96,18.26,166110,3021018.00
2024-04-25,18.00,18.26,17.96,17.97,281022,5069082.00
2024-04-26,17.79,18.48,17.79,18.27,227767,4121260.75
2024-04-29,18.31,18.77,18.20,18.42,338997,6234218.00
2024-04-30,18.35,18.41,18.00,18.03,197847,3591864.50
2024-05-06,18.15,18.30,17.89,18.14,307467,5552772.00
2024-05-07,18.05,18.28,17.87,17.89,248012,4480893.50
2024-05-08,17.83,18.02,17.55,17.60,157943,2799540.50
2024-05-09,17.78,17.91,17.63,17.91,163254,2904429.50
2024-05-10,18.00,18.30,17.70,17.85,149509,2681853.25
2024-05-13,17.97,17.97,17.32,17.73,141246,2504894.00
2024-05-14,17.73,17.93,17.57,17.88,126976,2257166.50
2024-05-15,17.85,17.97,17.72,17.82,124000,2213967.50
2024-05-16,17.77,17.94,17.44,17.58,228238,4015107.75
2024-05-17,17.60,17.69,17.40,17.47,164837,2892277.50
2024-05-20,17.55,17.83,17.18,17.45,145288,2532253.75
2024-05-21,17.39,17.58,16.58,16.90,276470,4734266.50
2024-05-22,12.69,12.75,12.38,12.62,257936,3248721.25
2024-05-23,12.72,13.20,12.36,12.80,648316,8356584.50
2024-05-24,12.90,12.90,12.38,12.40,267034,3362743.00
2024-05-27,12.41,12.68,12.19,12.29,139671,1735499.13
2024-05-28,12.40,12.58,12.27,12.42,115201,1430471.25
2024-05-29,12.42,12.88,12.37,12.85,237709,3004943.75
2024-05-30,12.79,13.05,12.53,12.69,192941,2459953.75
2024-05-31,12.61,12.81,12.55,12.68,183491,2325551.25
2024-06-03,12.65,12.68,12.33,12.50,227570,2829791.50
2024-06-04,12.34,12.56,12.34,12.41,44373,551763.19
2024-06-05,12.52,12.52,12.35,12.35,72491,897809.63
2024-06-06,12.28,12.58,11.74,11.84,197500,2370081.50
2024-06-07,11.90,12.12,11.73,11.95,67582,802290.38
2024-06-11,12.11,12.11,11.67,11.98,103650,1236941.88
2024-06-12,11.82,12.07,11.37,12.00,41483,492819.97
2024-06-13,12.05,12.32,11.70,11.89,74667,887635.00
2024-06-14,11.85,11.90,11.75,11.89,58835,694971.50
2024-06-17,11.78,12.04,11.60,11.61,74133,874560.69
2024-06-18,11.60,11.70,11.40,11.42,87874,1013852.06
2024-06-19,11.55,11.99,11.36,11.55,130974,1532079.00
2024-06-20,11.55,11.62,11.22,11.22,104630,1187397.88
2024-06-21,11.18,11.86,11.17,11.58,315002,3642439.50
2024-06-24,11.58,11.76,11.21,11.35,158017,1797006.38
2024-06-25,11.27,11.49,11.23,11.40,91583,1038414.06
2024-06-26,11.26,11.60,11.18,11.56,150020,1704265.00
2024-06-27,11.36,11.55,11.22,11.36,61923,706789.50
2024-06-28,11.35,11.66,11.35,11.46,90138,1037022.06
2024-07-01,11.48,11.75,11.32,11.53,123823,1430678.63
2024-07-02,11.66,11.66,11.33,11.35,135580,1554996.75
2024-07-03,11.30,11.45,11.15,11.23,95893,1077015.25
2024-07-04,11.33,11.33,11.01,11.01,82760,921761.94
2024-07-05,11.11,11.19,10.46,11.00,286111,3078766.00
2024-07-08,10.99,11.27,10.40,10.74,250292,2694100.00
2024-07-09,10.61,11.08,10.45,10.89,186131,2000102.38
2024-07-10,10.93,11.09,10.63,10.75,101882,1110006.50
2024-07-11,10.99,11.07,10.67,10.98,200338,2192881.00
2024-07-12,10.90,11.10,10.85,10.90,79608,870527.31
2024-07-15,11.04,11.18,10.65,11.17,165580,1824252.13
2024-07-16,11.04,11.78,11.02,11.70,466137,5405185.50
2024-07-17,11.71,12.73,11.70,12.72,1160638,14355288.00
2024-07-18,12.82,12.82,11.90,12.03,597152,7273148.00
2024-07-19,11.92,12.25,11.61,11.73,340814,4050680.25
2024-07-22,11.77,11.81,11.49,11.62,189655,2207523.00
2024-07-23,11.55,11.69,11.17,11.29,109318,1249891.50
2024-07-24,11.24,11.30,10.83,11.00,170109,1878160.63
2024-07-25,10.93,11.37,10.93,11.18,103421,1154051.50
2024-07-26,11.12,11.45,11.12,11.37,117940,1337003.50
2024-07-29,11.38,11.38,11.14,11.15,107106,1200080.75
2024-07-30,11.05,11.33,11.05,11.16,81819,919489.81
2024-07-31,11.24,11.48,11.24,11.42,159300,1814589.38
2024-08-01,11.42,11.67,11.35,11.43,227063,2598056.50
2024-08-02,11.34,11.42,11.12,11.15,100330,1128615.75
2024-08-05,11.21,11.29,10.91,11.02,187372,2072392.00
2024-08-06,11.24,11.40,11.09,11.18,201545,2260976.50
2024-08-07,11.14,11.23,11.12,11.15,106797,1191920.50
2024-08-08,11.08,11.24,11.06,11.20,52479,584041.31
2024-08-09,11.30,11.30,11.12,11.25,87195,978085.94
2024-08-12,11.30,11.40,11.10,11.26,86277,969022.81
2024-08-13,11.28,11.28,11.01,11.08,78213,870068.25
2024-08-14,11.19,11.19,10.97,11.00,55263,611087.88
2024-08-15,11.00,11.08,10.92,11.00,101992,1124197.00
2024-08-16,10.96,11.10,10.96,11.02,36024,396828.28
2024-08-19,10.97,11.05,10.70,10.82,155766,1687442.50
2024-08-20,10.88,11.10,10.77,10.85,135178,1475968.25
2024-08-21,10.72,10.78,10.61,10.72,95416,1021336.38
2024-08-22,10.63,10.68,10.54,10.54,58322,616765.31
2024-08-23,10.68,10.80,10.50,10.51,80201,851421.94
2024-08-26,10.56,10.65,10.39,10.59,123392,1300572.00
2024-08-27,10.68,10.71,10.38,10.38,103217,1080021.75
2024-08-28,10.51,10.64,10.37,10.44,100193,1052224.88
2024-08-29,10.44,10.65,10.43,10.51,123878,1306152.00
2024-08-30,10.48,10.88,10.48,10.71,162934,1748484.25
2024-09-02,10.58,10.75,10.29,10.35,126306,1323275.63
2024-09-03,10.44,10.45,10.28,10.34,82798,855727.00
2024-09-04,10.32,10.35,10.26,10.28,85802,884076.63
2024-09-05,10.33,10.38,10.26,10.33,57760,595035.94
2024-09-06,10.30,10.39,10.02,10.15,71869,730693.06
2024-09-09,10.15,10.23,9.97,10.08,51801,521406.31
2024-09-10,10.03,10.20,9.97,10.19,41355,417966.88
2024-09-11,10.09,10.26,10.07,10.09,47887,484268.34
2024-09-12,10.22,10.31,10.00,10.15,46393,468775.06
2024-09-13,10.22,10.57,9.98,10.28,174188,1793739.00
2024-09-18,10.27,10.28,10.06,10.10,53366,541496.13
2024-09-19,10.25,10.40,10.10,10.22,86981,889949.38
2024-09-20,10.17,10.42,10.13,10.30,68034,697599.50
2024-09-23,10.28,10.37,10.20,10.24,30260,310556.78
2024-09-24,10.37,10.58,10.23,10.45,100845,1053383.25
2024-09-25,10.58,11.21,10.50,10.84,421042,4569453.00
2024-09-26,10.75,10.98,10.52,10.92,288393,3116253.75
2024-09-27,11.13,11.93,11.00,11.65,874294,10033192.00
2024-09-30,12.27,14.00,11.90,14.00,1500499,19600628.00
2024-10-08,17.88,17.88,14.40,16.63,2477693,39755676.00
2024-10-09,15.50,15.88,14.19,14.31,1498349,22403480.00
2024-10-10,14.52,14.91,13.81,14.17,890015,12742183.00
2024-10-11,14.10,14.18,12.68,12.97,754809,9992703.00
2024-10-14,13.16,13.78,12.80,13.52,463465,6186818.00
2024-10-15,13.74,14.23,13.40,13.43,620771,8588554.00
2024-10-16,13.23,13.81,12.98,13.72,386145,5238479.00
2024-10-17,13.99,14.98,13.90,14.25,1063503,15339713.00
2024-10-18,14.20,15.39,14.10,15.14,1405293,20971848.00
2024-10-21,16.05,17.40,15.28,16.90,3216677,52685188.00
2024-10-22,17.20,17.20,15.12,15.37,1649719,26386664.00
2024-10-23,15.42,16.19,15.42,15.90,1317404,20792678.00
2024-10-24,15.90,17.42,15.70,16.68,1542287,25497094.00
2024-10-25,16.80,18.79,16.60,16.64,2731158,48121872.00
2024-10-28,16.57,17.29,15.69,17.29,1549020,25601888.00
2024-10-29,17.75,19.36,17.22,19.36,2880890,52672364.00
2024-10-30,20.50,23.50,18.80,21.00,4984514,104228848.00
2024-10-31,20.41,20.98,19.41,20.89,3094584,61971988.00
2024-11-01,20.42,20.45,17.97,19.68,2018047,39038304.00
2024-11-04,18.87,20.80,18.87,20.80,2490908,49872492.00
2024-11-05,20.74,22.56,20.65,22.32,3439639,74653856.00
2024-11-06,22.00,23.29,21.57,22.99,3732011,84473864.00
2024-11-07,22.68,24.68,22.05,24.68,3800806,89879008.00
2024-11-08,25.00,25.25,23.09,23.71,2535368,60950544.00
2024-11-11,23.36,23.59,21.52,22.51,1709802,38160924.00
2024-11-12,22.50,22.74,21.55,21.86,1209708,26686338.00
2024-11-13,22.10,22.39,20.50,21.51,1512133,32149406.00
2024-11-14,21.40,22.15,21.11,22.15,2504845,53782680.00
2024-11-15,22.28,22.58,21.25,21.60,2415881,53034576.00
2024-11-18,21.70,22.50,20.83,22.12,2224447,48375908.00
2024-11-19,22.25,22.48,20.20,21.85,1975627,42692876.00
2024-11-20,21.59,22.28,21.28,22.07,1300788,28591250.00
2024-11-21,22.20,23.30,22.01,23.05,2129889,48333432.00
2024-11-22,23.10,24.00,22.66,22.66,2885354,67452568.00
2024-11-25,22.40,22.41,20.79,22.26,2004396,43246248.00
2024-11-26,22.18,22.63,21.22,21.50,1138349,25093786.00
2024-11-27,21.27,21.44,20.30,21.32,1453985,30323238.00
2024-11-28,21.50,22.80,21.38,22.18,1629492,36004612.00
2024-11-29,22.10,23.00,21.20,22.42,1432487,31813376.00
2024-12-02,22.50,24.45,22.23,24.45,2595572,61156940.00
2024-12-03,24.45,24.45,24.45,24.45,0,0.00
#数据来源:通达信
