835207 众诚科技 日线 不复权
      日期	    开盘	    最高	    最低	    收盘	    成交量	    成交额
2016-10-28,1.30,5.50,1.30,2.14,1000000,2140000.00
2016-11-04,8.00,8.00,8.00,8.00,990000,7920000.00
2016-11-08,5.50,5.50,5.50,5.50,10000,55000.00
2016-11-09,1.30,6.00,1.30,6.00,190000,294000.00
2016-11-22,2.00,6.00,2.00,6.00,950000,2500000.00
2016-11-23,7.00,10.00,7.00,10.00,50000,380000.00
2017-01-24,5.00,5.00,5.00,5.00,400000,2000000.00
2017-07-25,2.43,2.43,2.43,2.43,1000,2430.00
2017-07-26,1.22,4.86,1.22,4.86,189000,245140.00
2019-12-02,3.50,3.50,3.50,3.50,500000,1750000.00
2019-12-23,3.50,3.50,3.50,3.50,200000,500000.00
2020-01-20,3.50,3.50,3.50,3.50,250000,875000.00
2020-03-06,3.50,3.50,3.50,3.50,100000,400000.00
2020-04-15,4.50,7.00,4.50,7.00,5000,30000.00
2020-04-17,7.00,7.00,6.50,6.50,1000,6750.00
2020-04-20,5.00,7.00,5.00,7.00,1300,8700.00
2020-04-21,7.00,7.00,7.00,7.00,100,700.00
2020-04-22,4.00,6.50,4.00,6.50,6500,29250.00
2020-04-24,4.50,6.50,4.50,6.50,5800,27700.00
2020-04-27,5.50,5.50,5.50,5.50,2000,11000.00
2020-05-06,6.35,6.35,6.35,6.35,500,3175.00
2020-05-11,6.35,6.35,6.35,6.35,1300,8255.00
2020-05-13,7.50,7.50,7.50,7.50,100,750.00
2020-05-19,15.00,15.00,15.00,15.00,3500,52500.00
2020-05-20,7.50,7.51,7.50,7.51,400,3001.00
2020-05-21,7.53,7.53,7.53,7.53,100,753.00
2020-05-22,8.70,8.70,8.70,8.70,500,4350.00
2020-06-16,8.70,8.70,8.70,8.70,300,2610.00
2020-06-22,10.00,10.00,10.00,10.00,800,8000.00
2020-07-02,10.00,10.00,10.00,10.00,1000,10000.00
2020-07-06,7.00,7.00,7.00,7.00,200,1400.00
2020-07-09,3.50,3.50,3.50,3.50,100,350.00
2020-08-17,7.00,7.00,7.00,7.00,1000,7000.00
2020-08-25,9.00,9.00,9.00,9.00,300,2700.00
2020-08-28,10.00,10.00,10.00,10.00,1500,15000.00
2020-08-31,10.50,10.50,10.50,10.50,1200,12600.00
2020-09-02,10.80,10.80,10.80,10.80,2000,21600.00
2020-09-03,10.80,10.80,10.80,10.80,800,8640.00
2020-09-08,10.00,10.00,10.00,10.00,200,2000.00
2020-10-26,5.60,5.60,5.60,5.60,100,560.00
2020-10-28,5.60,5.60,5.60,5.60,499900,1999600.00
2021-06-23,5.00,5.00,5.00,5.00,200,1000.00
2021-07-16,6.00,6.00,6.00,6.00,100,600.00
2021-07-30,10.00,10.00,10.00,10.00,400,3990.00
2021-08-25,10.00,10.00,10.00,10.00,300,3000.00
2021-09-01,6.00,6.06,6.00,6.06,330000,1980720.00
2021-09-06,8.00,9.00,8.00,9.00,27700,237674.00
2021-09-07,10.00,10.00,10.00,10.00,3100,30990.00
2021-09-10,12.00,12.00,12.00,12.00,1000,12000.00
2021-09-14,14.00,14.00,14.00,14.00,1800,25200.00
2021-09-22,14.00,14.00,13.00,13.00,19800,260122.00
2021-09-23,11.06,11.06,11.06,11.06,100,1106.00
2021-09-27,22.00,22.00,12.12,14.00,800,10970.00
2021-09-28,13.00,13.00,13.00,13.00,8200,106626.00
2021-09-29,13.00,13.00,13.00,13.00,1300,16640.00
2021-09-30,13.00,13.00,13.00,13.00,3000,39000.00
2021-10-08,13.00,13.00,13.00,13.00,9600,124800.00
2021-10-11,13.00,13.00,13.00,13.00,400,5200.00
2021-10-12,13.00,13.00,13.00,13.00,200,2600.00
2021-10-15,12.88,12.88,12.88,12.88,100,1288.00
2021-10-18,13.00,13.00,13.00,13.00,500,6500.00
2021-10-19,13.00,13.00,13.00,13.00,500,5993.00
2021-10-25,15.80,15.80,15.80,15.80,500,7900.00
2021-10-26,15.79,15.80,13.00,13.00,5200,79258.00
2021-11-04,12.88,13.58,12.88,13.58,1100,14308.00
2021-11-05,12.01,12.98,12.01,12.98,12200,157871.00
2021-11-08,12.98,12.98,12.96,12.98,2900,37504.20
2021-11-09,12.95,12.96,12.95,12.96,2500,31741.50
2021-11-10,12.95,12.95,12.21,12.25,15500,189587.00
2021-11-11,12.16,12.25,12.15,12.25,3700,44755.00
2021-11-12,12.30,12.30,12.10,12.10,700,8264.00
2021-11-15,12.20,12.22,12.16,12.20,14900,181782.00
2021-11-16,11.30,11.69,11.30,11.67,9200,106566.60
2021-11-17,11.52,11.98,11.52,11.67,5200,60306.00
2021-11-18,11.85,11.85,11.85,11.85,300,3353.55
2021-11-19,11.83,11.85,11.79,11.82,6000,71326.73
2021-11-22,12.00,12.00,11.80,11.80,1700,20281.60
2021-11-23,11.01,11.01,11.01,11.01,4000,44040.00
2021-11-24,11.11,11.76,11.11,11.58,19100,219577.00
2021-11-25,11.18,11.60,11.18,11.60,15300,175265.45
2021-11-26,11.70,11.80,11.35,11.70,18000,210081.34
2021-11-29,11.71,11.90,11.71,11.85,47900,564876.00
2021-11-30,11.72,11.72,11.72,11.72,1100,12892.00
2021-12-01,11.51,11.75,11.12,11.51,14700,169879.27
2021-12-02,11.70,11.75,11.70,11.75,21500,251785.20
2021-12-03,11.18,11.68,11.18,11.68,400,4522.00
2021-12-06,11.70,11.70,11.50,11.50,300,3476.00
2021-12-08,11.20,11.22,11.20,11.20,5300,59522.60
2021-12-10,11.43,11.43,11.43,11.43,100,1143.00
2021-12-14,11.60,11.60,11.60,11.60,100,1160.00
2021-12-15,11.00,11.13,11.00,11.13,1000,11088.00
2021-12-16,10.67,11.31,10.67,11.31,200,2198.00
2021-12-17,11.03,11.10,10.76,11.00,1400,15201.00
2021-12-21,11.00,11.00,10.99,10.99,200,2199.00
2021-12-22,10.90,10.90,10.87,10.87,500,5441.00
2021-12-23,10.50,10.50,10.50,10.50,500,5250.00
2021-12-24,10.50,10.51,10.50,10.50,1200,12601.00
2021-12-27,10.60,10.60,10.60,10.60,100,1060.00
2021-12-29,10.70,10.70,10.70,10.70,200,2140.00
2021-12-30,10.79,10.80,10.79,10.80,200,2159.00
2021-12-31,10.18,10.77,10.18,10.77,1400,14335.00
2022-01-04,10.80,10.80,10.80,10.80,100,1080.00
2022-01-07,10.80,10.80,10.80,10.80,200,2160.00
2022-01-10,10.82,10.82,10.81,10.81,700,7427.47
2022-01-12,10.80,10.81,10.69,10.81,1600,17185.00
2022-01-13,14.90,15.23,13.40,13.99,87400,1257506.75
2022-01-14,13.80,14.45,13.80,13.90,23000,322104.59
2022-01-17,14.04,14.04,13.72,13.76,15700,218584.25
2022-01-18,13.78,13.94,13.55,13.76,19800,270047.84
2022-01-19,13.60,13.60,13.51,13.55,8300,112372.00
2022-01-20,13.16,13.70,13.16,13.36,14400,191561.09
2022-01-21,13.21,13.30,13.21,13.21,24500,325328.50
2022-01-24,13.22,13.29,13.22,13.29,10900,144361.44
2022-01-25,13.31,13.60,13.01,13.30,22300,295457.69
2022-01-26,13.05,13.25,13.01,13.03,27400,358341.25
2022-01-27,13.20,13.20,12.93,13.00,20800,271644.19
2022-01-28,12.63,12.96,12.63,12.86,25200,320663.34
2022-02-07,12.99,12.99,12.86,12.94,92700,1197563.50
2022-02-08,12.93,12.93,12.52,12.86,51600,652903.75
2022-02-09,12.51,12.77,12.51,12.64,35000,442557.34
2022-02-10,12.66,12.75,12.66,12.70,30400,387104.63
2022-02-11,12.62,12.78,12.50,12.62,4300,54114.60
2022-02-14,12.58,12.79,12.36,12.50,14400,180567.44
2022-02-15,12.64,12.64,12.21,12.40,8500,104976.00
2022-02-16,12.30,12.38,12.20,12.21,20500,251112.41
2022-02-17,12.18,12.33,12.18,12.33,17400,213159.59
2022-02-18,12.23,12.68,12.23,12.68,3100,37663.68
2022-02-21,12.50,12.65,12.41,12.49,7400,92608.44
2022-02-22,12.40,12.40,12.37,12.37,1100,13499.70
2022-02-23,12.37,12.45,12.22,12.45,600,7404.00
2022-02-24,12.34,12.43,12.33,12.43,28800,354683.44
2022-02-25,12.13,12.37,12.13,12.37,10500,127789.25
2022-02-28,12.36,12.36,12.11,12.35,6500,78688.79
2022-03-01,12.39,12.39,12.08,12.08,8900,110203.00
2022-03-02,11.99,11.99,11.51,11.51,15000,175069.22
2022-03-03,11.49,11.50,11.21,11.50,10500,120356.15
2022-03-04,11.02,11.95,11.02,11.95,1700,19435.90
2022-03-07,11.18,11.18,11.18,11.18,400,4472.00
2022-03-08,11.04,12.33,10.98,12.09,6600,73197.03
2022-03-09,11.78,11.78,11.23,11.29,5200,58173.56
2022-03-11,11.40,11.40,11.40,11.40,100,1140.00
2022-03-14,11.78,11.78,11.01,11.50,3000,34241.65
2022-03-15,11.87,11.87,11.00,11.00,2400,26502.61
2022-03-16,11.19,11.20,11.01,11.17,5500,61321.00
2022-03-17,11.18,11.79,11.18,11.79,3700,41468.79
2022-03-21,11.49,11.68,10.41,11.68,9900,105781.86
2022-03-22,11.68,11.68,11.68,11.68,1000,11680.00
2022-03-23,10.00,10.98,10.00,10.98,1200,12980.00
2022-03-24,10.80,10.80,10.80,10.80,1900,20520.00
2022-03-25,10.36,10.38,10.36,10.38,6500,67052.22
2022-03-28,10.02,10.10,10.00,10.00,2200,22123.90
2022-03-29,10.01,10.25,10.01,10.25,200,2026.00
2022-03-30,10.01,10.03,10.01,10.03,300,3005.00
2022-03-31,10.00,10.10,10.00,10.10,2500,25067.32
2022-04-01,10.00,10.00,9.97,9.97,2700,27435.04
2022-04-06,9.97,9.99,9.97,9.99,300,2995.00
2022-04-07,10.50,10.50,10.50,10.50,100,1050.00
2022-04-08,9.03,9.99,9.03,9.78,2700,24589.00
2022-04-11,9.88,9.88,9.78,9.78,13700,134958.48
2022-04-12,9.53,9.53,9.51,9.53,1000,9506.49
2022-04-13,9.22,9.22,9.22,9.22,100,922.00
2022-04-14,9.20,9.22,9.20,9.22,400,3684.00
2022-04-15,9.28,9.28,9.28,9.28,1000,9280.00
2022-04-18,9.60,9.80,9.60,9.80,1100,10589.80
2022-04-19,9.79,9.79,9.79,9.79,100,979.00
2022-04-20,8.89,8.92,8.89,8.92,200,1782.00
2022-04-21,9.00,9.00,9.00,9.00,3000,27000.00
2022-04-22,8.89,9.50,8.89,9.00,1900,16963.00
2022-04-25,8.88,8.88,8.63,8.66,6400,56270.31
2022-04-26,7.50,8.56,7.50,8.56,1100,8356.00
2022-04-27,7.28,8.00,7.28,7.99,8200,64866.47
2022-04-28,7.98,7.99,7.98,7.98,4400,35122.00
2022-04-29,8.30,9.95,8.30,9.89,44400,414981.25
2022-09-23,10.00,10.68,9.69,9.77,12585049,127355128.00
2022-09-26,8.69,8.89,8.22,8.35,7072592,60141396.00
2022-09-27,8.03,10.10,8.02,9.00,8279606,75839152.00
2022-09-28,8.61,9.00,8.32,8.40,5224338,44736972.00
2022-09-29,8.49,8.85,8.10,8.43,4178017,35126628.00
2022-09-30,8.26,8.37,7.33,7.39,4100483,31868002.00
2022-10-10,7.43,7.43,6.88,6.95,2603561,18370066.00
2022-10-11,6.98,7.22,6.85,7.05,1677506,11912354.00
2022-10-12,7.03,7.35,6.95,7.29,1458376,10496246.00
2022-10-13,7.35,8.71,7.30,7.95,5309216,43275436.00
2022-10-14,8.00,8.09,7.60,7.85,3442210,26842322.00
2022-10-17,7.92,8.57,7.89,8.27,3335184,27597036.00
2022-10-18,8.11,8.77,8.00,8.75,3264918,27312266.00
2022-10-19,8.98,8.98,8.33,8.38,2298341,19704310.00
2022-10-20,8.20,8.76,8.20,8.35,2277411,19363752.00
2022-10-21,8.45,8.45,7.90,8.15,2359890,19175668.00
2022-10-24,8.01,8.35,7.86,7.94,1422406,11563439.00
2022-10-25,7.95,8.10,7.58,7.65,1442100,11134711.00
2022-10-26,7.66,8.15,7.65,7.89,1574008,12443846.00
2022-10-27,7.98,8.68,7.79,8.15,2895003,23954852.00
2022-10-28,8.10,8.30,7.88,7.93,1868014,15112117.00
2022-10-31,7.90,8.59,7.41,8.36,2925968,23628398.00
2022-11-01,8.39,8.39,7.91,8.06,2340877,18868550.00
2022-11-02,8.20,8.55,8.02,8.36,2292474,19099900.00
2022-11-03,8.20,8.35,7.96,8.00,2164496,17447712.00
2022-11-04,7.98,8.10,7.93,7.95,1656880,13232920.00
2022-11-07,8.00,8.08,7.79,7.81,1788159,14162148.00
2022-11-08,7.79,7.90,7.68,7.90,1127338,8797224.00
2022-11-09,7.90,7.98,7.69,7.69,1060590,8252671.50
2022-11-10,7.68,7.81,7.50,7.52,1070424,8143905.00
2022-11-11,7.65,7.70,7.48,7.52,943459,7172959.00
2022-11-14,7.63,7.68,7.50,7.52,451001,3409307.25
2022-11-15,7.52,7.75,7.47,7.66,984308,7507967.00
2022-11-16,7.65,7.68,7.43,7.54,793887,6018943.00
2022-11-17,7.72,8.18,7.72,8.15,3987776,31735430.00
2022-11-18,8.06,8.28,7.83,7.88,1877040,15049846.00
2022-11-21,8.08,8.31,8.01,8.11,2300832,18800914.00
2022-11-22,8.05,8.21,7.63,7.76,1773153,13958956.00
2022-11-23,7.69,7.79,7.55,7.65,737706,5644241.50
2022-11-24,7.63,7.74,7.49,7.57,851778,6442113.00
2022-11-25,7.49,7.55,7.45,7.46,561514,4201438.00
2022-11-28,7.43,7.51,7.19,7.24,912571,6689693.00
2022-11-29,7.33,7.35,7.22,7.29,681415,4971951.50
2022-11-30,7.35,7.39,7.26,7.33,473262,3463512.25
2022-12-01,7.31,7.43,7.31,7.40,409972,3023587.25
2022-12-02,7.36,7.81,7.36,7.49,1282493,9779158.00
2022-12-05,7.49,7.49,7.35,7.41,554844,4112725.75
2022-12-06,7.44,7.44,7.24,7.25,803431,5850649.00
2022-12-07,7.22,7.28,7.10,7.17,674604,4854533.00
2022-12-08,7.23,7.23,7.05,7.07,578843,4113596.25
2022-12-09,7.05,7.14,7.04,7.09,270225,1911498.38
2022-12-12,7.10,7.13,6.99,6.99,495172,3480841.25
2022-12-13,7.06,7.06,6.92,7.00,334881,2336496.00
2022-12-14,6.94,7.02,6.90,6.94,259600,1804154.00
2022-12-15,6.93,6.97,6.87,6.87,236991,1635606.88
2022-12-16,6.86,6.86,6.66,6.68,371920,2500999.25
2022-12-19,6.77,6.77,6.38,6.44,672143,4342692.00
2022-12-20,6.44,6.78,6.41,6.49,406474,2654061.00
2022-12-21,6.56,6.56,6.34,6.34,282559,1804539.50
2022-12-22,6.35,6.48,6.17,6.22,478771,2988090.00
2022-12-23,6.20,6.25,6.01,6.17,502907,3071695.50
2022-12-26,6.09,6.18,6.05,6.06,288601,1755970.75
2022-12-27,6.10,6.13,5.98,5.98,588856,3550929.00
2022-12-28,5.98,6.01,5.87,5.87,354426,2095571.75
2022-12-29,5.89,5.94,5.85,5.88,307319,1809024.38
2022-12-30,6.00,6.04,5.88,5.92,244116,1452952.88
2023-01-03,5.90,6.29,5.89,6.17,850894,5217435.50
2023-01-04,6.10,6.17,6.04,6.10,479774,2918613.25
2023-01-05,6.18,6.18,6.05,6.08,252237,1532655.63
2023-01-06,6.04,6.12,6.01,6.03,235249,1420809.38
2023-01-09,6.01,6.09,6.01,6.07,151136,914231.31
2023-01-10,6.07,6.07,5.99,6.00,280036,1681867.63
2023-01-11,6.01,6.05,5.98,5.98,104850,628719.25
2023-01-12,6.02,6.02,5.95,5.96,130967,783315.75
2023-01-13,6.00,6.04,5.98,6.01,101252,608106.63
2023-01-16,6.05,6.08,6.02,6.07,353733,2141752.00
2023-01-17,6.09,6.10,6.00,6.05,131021,793059.63
2023-01-18,6.02,6.09,6.01,6.06,139537,845764.69
2023-01-19,6.05,6.09,5.99,6.05,263220,1591479.50
2023-01-20,6.14,6.20,6.06,6.14,407581,2501384.75
2023-01-30,6.27,6.68,6.23,6.45,1093163,6973048.00
2023-01-31,6.50,7.50,6.37,7.48,3960842,28114204.00
2023-02-01,7.70,8.27,7.31,8.21,5576183,43231240.00
2023-02-02,7.96,8.13,7.23,7.26,3797481,28880896.00
2023-02-03,7.26,7.68,7.16,7.39,2445812,18253338.00
2023-02-06,7.32,7.43,7.10,7.14,1665230,11995999.00
2023-02-07,7.29,7.38,7.14,7.27,1078010,7828111.00
2023-02-08,7.34,7.37,7.02,7.06,1044443,7448574.00
2023-02-09,7.07,7.18,7.02,7.18,785593,5589119.50
2023-02-10,7.19,7.19,6.97,6.99,880753,6221424.50
2023-02-13,7.00,7.20,7.00,7.13,880748,6282656.00
2023-02-14,7.15,7.16,6.92,7.05,614273,4314558.00
2023-02-15,7.05,7.13,6.97,7.11,429252,3028421.50
2023-02-16,7.03,7.26,6.94,7.00,904527,6428718.00
2023-02-17,6.98,7.07,6.90,6.91,373584,2607821.00
2023-02-20,6.96,7.10,6.96,7.08,324215,2287285.50
2023-02-21,7.12,7.16,6.96,7.03,282735,1992471.13
2023-02-22,6.96,7.04,6.95,7.00,193953,1356205.38
2023-02-23,6.97,7.03,6.82,6.87,459576,3177565.50
2023-02-24,6.88,6.89,6.80,6.84,265138,1812433.25
2023-02-27,6.71,6.77,6.40,6.42,1123393,7328589.50
2023-02-28,6.53,6.63,6.47,6.51,563622,3691182.75
2023-03-01,6.50,6.75,6.47,6.71,599016,3962424.75
2023-03-02,6.73,6.73,6.61,6.63,410887,2734535.75
2023-03-03,6.60,6.63,6.52,6.57,292735,1922017.50
2023-03-06,6.55,6.61,6.53,6.55,169362,1109720.00
2023-03-07,6.51,6.58,6.45,6.46,291769,1896312.38
2023-03-08,6.41,6.49,6.41,6.46,144420,930704.88
2023-03-09,6.49,6.49,6.40,6.45,231209,1485514.25
2023-03-10,6.40,6.43,6.33,6.36,159874,1016513.00
2023-03-13,6.28,6.42,6.28,6.38,131735,838891.94
2023-03-14,6.32,6.43,6.30,6.33,123847,786437.63
2023-03-15,6.32,6.41,6.32,6.38,103363,656786.06
2023-03-16,6.31,6.37,6.29,6.29,154395,973506.75
2023-03-17,6.30,6.46,6.28,6.40,317880,2033568.13
2023-03-20,6.41,6.41,6.31,6.34,151916,962703.56
2023-03-21,6.29,6.52,6.29,6.49,250380,1606968.25
2023-03-22,6.49,6.78,6.49,6.72,718838,4788824.00
2023-03-23,6.76,6.93,6.55,6.64,820172,5518830.50
2023-03-24,6.66,7.58,6.50,7.38,2769858,19705292.00
2023-03-27,7.52,8.09,7.44,7.54,3233771,25040668.00
2023-03-28,7.36,7.36,7.07,7.07,1790191,12819637.00
2023-03-29,7.14,7.60,7.02,7.28,1712911,12560959.00
2023-03-30,7.25,7.34,7.05,7.08,1016984,7252122.50
2023-03-31,7.11,7.17,7.01,7.09,881561,6244347.50
2023-04-03,7.13,7.36,7.06,7.30,1254595,9027727.00
2023-04-04,7.30,7.67,7.26,7.41,1563909,11659083.00
2023-04-06,7.28,7.28,7.04,7.08,963806,6838735.00
2023-04-07,7.05,7.12,6.95,6.99,936323,6560941.00
2023-04-10,7.00,7.00,6.78,6.80,539542,3712206.50
2023-04-11,6.85,7.12,6.75,6.95,524937,3649638.75
2023-04-12,6.89,7.09,6.89,7.06,475808,3346608.75
2023-04-13,6.98,7.09,6.94,6.97,470992,3305016.50
2023-04-14,6.99,7.01,6.88,6.92,393679,2721606.25
2023-04-17,6.89,6.99,6.82,6.88,305668,2101057.25
2023-04-18,6.84,6.84,6.76,6.76,397612,2700751.50
2023-04-19,6.77,6.96,6.75,6.83,437362,3003272.75
2023-04-20,6.78,6.90,6.65,6.70,548137,3675894.00
2023-04-21,6.67,6.76,6.31,6.44,686512,4464260.00
2023-04-24,6.35,6.55,6.35,6.51,281457,1825621.13
2023-04-25,6.48,6.50,6.37,6.42,178064,1140256.38
2023-04-26,6.35,6.54,6.35,6.45,173762,1123779.38
2023-04-27,6.25,6.25,5.60,5.66,1703595,10024286.00
2023-04-28,5.64,5.81,5.64,5.78,307049,1765809.13
2023-05-04,5.82,5.82,5.67,5.72,333500,1899880.50
2023-05-05,5.75,6.25,5.75,6.20,1034518,6263366.50
2023-05-08,6.09,6.53,6.07,6.46,985289,6241779.00
2023-05-09,6.69,6.83,6.19,6.20,862965,5599841.00
2023-05-10,5.95,6.09,5.95,6.00,470411,2820688.75
2023-05-11,5.93,6.48,5.93,6.27,674703,4273424.50
2023-05-12,6.25,6.66,6.22,6.45,1180148,7703633.50
2023-05-15,6.54,6.84,6.41,6.65,987419,6592141.00
2023-05-16,6.77,6.77,6.34,6.41,834107,5383068.50
2023-05-17,6.35,6.56,6.26,6.54,675439,4360017.50
2023-05-18,6.45,6.59,6.42,6.55,337668,2208996.00
2023-05-19,6.57,6.57,6.36,6.45,304608,1960847.50
2023-05-22,6.54,6.58,6.43,6.51,416130,2709306.75
2023-05-23,6.55,6.58,6.41,6.48,367723,2384696.00
2023-05-24,6.41,6.58,6.41,6.53,315844,2055484.88
2023-05-25,6.47,6.53,6.30,6.39,485814,3101584.25
2023-05-26,6.39,6.54,6.33,6.54,514087,3335838.25
2023-05-29,6.49,6.58,6.36,6.50,235253,1516486.38
2023-05-30,6.52,6.52,6.43,6.50,359488,2327024.50
2023-05-31,6.53,6.55,6.46,6.54,345409,2247323.75
2023-06-01,6.48,6.54,6.41,6.45,283349,1836246.88
2023-06-02,6.44,6.51,6.43,6.49,163239,1057989.75
2023-06-05,6.44,6.52,6.40,6.48,178555,1152061.50
2023-06-06,6.45,6.53,6.41,6.45,146835,952478.81
2023-06-07,6.37,6.48,6.33,6.43,118745,759230.75
2023-06-08,6.34,6.44,6.31,6.38,60893,386243.53
2023-06-09,6.38,6.42,6.31,6.35,121111,767099.13
2023-06-12,6.43,6.43,6.33,6.39,160147,1016461.75
2023-06-13,6.33,6.39,6.31,6.34,110779,700350.31
2023-06-14,6.31,6.34,6.23,6.25,131888,825240.50
2023-06-15,6.22,6.31,6.21,6.27,120047,750873.69
2023-06-16,6.29,6.29,6.20,6.27,108847,680532.25
2023-06-19,6.36,6.36,6.20,6.27,115303,724454.94
2023-06-20,6.35,6.35,6.10,6.22,110964,688280.25
2023-06-21,6.18,6.21,6.09,6.18,227052,1400667.63
2023-06-26,6.18,6.22,6.03,6.14,246849,1511368.50
2023-06-27,6.04,6.19,6.03,6.12,46561,283790.88
2023-06-28,6.06,6.11,5.96,6.02,111593,668695.38
2023-06-29,6.02,6.10,5.99,6.04,121775,732705.81
2023-06-30,5.96,6.06,5.96,6.06,54032,325746.06
2023-07-03,6.13,6.18,6.02,6.13,57310,350674.25
2023-07-04,6.17,6.17,6.05,6.13,104162,633362.56
2023-07-05,6.19,6.19,6.10,6.10,138656,853532.63
2023-07-06,6.10,6.10,6.01,6.09,58966,357386.63
2023-07-07,6.09,6.13,6.06,6.09,33263,202096.69
2023-07-10,6.13,6.30,6.07,6.30,384678,2383225.25
2023-07-11,6.39,6.39,6.15,6.16,179601,1116428.63
2023-07-12,6.15,6.15,6.01,6.01,103720,628298.81
2023-07-13,6.10,6.10,6.00,6.07,84450,508232.53
2023-07-14,6.14,6.14,6.06,6.09,64370,391617.00
2023-07-17,6.10,6.17,5.99,6.09,176615,1063317.38
2023-07-18,6.08,6.08,6.00,6.02,55607,335346.00
2023-07-19,5.99,6.11,5.99,6.07,73434,446803.94
2023-07-20,6.13,6.15,6.03,6.09,31600,192261.56
2023-07-21,6.13,6.13,6.01,6.03,33616,202969.59
2023-07-24,6.07,6.12,5.99,6.10,67626,410727.41
2023-07-25,6.15,6.15,6.06,6.13,52042,318300.88
2023-07-26,6.12,6.13,6.07,6.12,21000,127997.00
2023-07-27,6.07,6.13,6.00,6.09,36058,217628.77
2023-07-28,6.01,6.10,6.01,6.09,61076,369673.84
2023-07-31,6.05,6.15,6.05,6.10,35353,215922.34
2023-08-01,6.15,6.15,6.03,6.08,40771,247835.08
2023-08-02,6.11,6.11,6.01,6.06,79675,479997.97
2023-08-03,6.01,6.05,5.99,6.03,51073,307169.69
2023-08-04,6.05,6.12,6.05,6.11,162801,992683.81
2023-08-07,6.07,6.12,6.03,6.09,63794,386787.38
2023-08-08,6.02,6.10,6.01,6.05,55088,332645.16
2023-08-09,6.09,6.09,6.00,6.05,188277,1135450.13
2023-08-10,6.05,6.05,5.95,6.02,111130,664350.69
2023-08-11,6.04,6.04,5.88,5.90,105201,621634.06
2023-08-14,5.85,5.94,5.83,5.91,24884,145944.80
2023-08-15,5.97,5.97,5.84,5.91,20901,122793.61
2023-08-16,5.98,5.98,5.82,5.93,60254,353874.09
2023-08-17,5.97,5.97,5.81,5.89,64292,377188.06
2023-08-18,5.95,5.95,5.83,5.89,14800,86514.17
2023-08-21,5.97,5.97,5.80,5.86,39067,227322.08
2023-08-22,5.85,6.05,5.76,6.00,250047,1478528.88
2023-08-23,6.03,6.03,5.79,5.87,182482,1066013.13
2023-08-24,5.89,5.89,5.76,5.77,100339,580848.75
2023-08-25,5.74,5.77,5.56,5.60,127967,720788.75
2023-08-28,5.70,5.85,5.40,5.44,454104,2539593.50
2023-08-29,5.40,5.55,5.40,5.50,250896,1374777.63
2023-08-30,5.57,5.57,5.42,5.46,91739,501472.38
2023-08-31,5.41,5.62,5.41,5.59,319710,1771725.88
2023-09-01,5.50,5.67,5.49,5.65,210735,1186993.25
2023-09-04,5.75,6.17,5.75,6.10,841054,5046109.50
2023-09-05,6.16,6.21,5.67,5.77,702018,4198139.00
2023-09-06,5.90,5.93,5.73,5.80,460794,2686962.00
2023-09-07,5.88,5.90,5.61,5.70,292148,1678224.13
2023-09-08,5.75,5.75,5.54,5.67,226290,1267274.50
2023-09-11,5.58,5.71,5.57,5.65,53241,299140.13
2023-09-12,5.41,5.64,5.41,5.53,144134,794024.19
2023-09-13,5.62,5.62,5.37,5.44,220565,1196782.38
2023-09-14,5.48,5.48,5.31,5.37,259153,1392186.50
2023-09-15,5.43,5.43,5.31,5.34,175159,935802.00
2023-09-18,5.42,5.42,5.32,5.40,10153,54347.14
2023-09-19,5.36,5.43,5.28,5.34,143768,770043.13
2023-09-20,5.33,5.37,5.30,5.34,77908,416439.47
2023-09-21,5.34,5.45,5.34,5.37,61138,328124.34
2023-09-22,5.43,5.43,5.35,5.37,66017,354815.38
2023-09-25,5.35,5.42,5.35,5.39,76142,409468.75
2023-09-26,5.44,5.44,5.29,5.35,44889,240699.34
2023-09-27,5.38,5.38,5.32,5.34,25188,134742.66
2023-09-28,5.42,5.42,5.30,5.40,41292,222134.42
2023-10-09,5.31,5.39,5.31,5.39,44462,237623.45
2023-10-10,5.39,5.39,5.32,5.36,19033,101776.58
2023-10-11,5.44,5.44,5.30,5.39,44600,238549.97
2023-10-12,5.39,5.39,5.30,5.38,62306,333586.44
2023-10-13,5.31,5.39,5.24,5.35,31957,169602.45
2023-10-16,5.35,5.35,5.24,5.32,78994,415233.97
2023-10-17,5.48,5.48,5.26,5.36,27062,145346.47
2023-10-18,5.24,5.36,5.22,5.33,80466,423115.91
2023-10-19,5.40,5.44,5.27,5.31,50354,270960.59
2023-10-20,5.25,5.25,5.08,5.13,125584,647541.63
2023-10-23,5.21,5.21,5.00,5.07,55923,282091.28
2023-10-24,5.00,5.07,5.00,5.04,47651,240218.59
2023-10-25,5.17,5.17,5.02,5.05,91159,460173.34
2023-10-26,5.08,5.11,5.03,5.06,194917,985062.50
2023-10-27,5.10,5.12,5.00,5.07,222058,1122524.88
2023-10-30,5.06,5.06,4.99,5.00,373237,1867038.25
2023-10-31,4.99,5.02,4.95,4.99,75978,378406.88
2023-11-01,5.00,5.02,4.94,4.95,90811,449977.13
2023-11-02,5.00,5.00,4.91,4.91,89723,445085.56
2023-11-03,5.00,5.00,4.94,4.97,162385,810089.06
2023-11-06,5.05,5.05,5.02,5.03,241116,1214652.38
2023-11-07,5.01,5.30,4.98,5.25,631220,3271898.25
2023-11-08,5.32,5.51,5.20,5.30,600325,3222782.25
2023-11-09,5.36,5.55,5.20,5.46,644903,3469791.25
2023-11-10,5.29,5.45,5.23,5.29,315093,1674788.88
2023-11-13,5.35,5.38,5.29,5.35,156299,834391.56
2023-11-14,5.29,5.78,5.29,5.67,1122225,6258420.00
2023-11-15,5.65,5.73,5.55,5.67,623336,3501548.75
2023-11-16,5.67,5.67,5.47,5.52,310980,1720940.50
2023-11-17,5.45,5.53,5.44,5.52,144701,791961.69
2023-11-20,5.58,5.78,5.47,5.70,514116,2917282.50
2023-11-21,5.72,6.66,5.72,6.13,3289248,20471050.00
2023-11-22,6.03,7.96,6.03,7.90,8254113,59363472.00
2023-11-23,8.20,8.38,7.25,7.41,7658790,60271284.00
2023-11-24,7.39,8.43,7.01,8.05,6690959,51930528.00
2023-11-27,9.30,10.46,9.02,10.46,14543886,148592096.00
2023-11-28,11.59,13.49,11.20,12.30,17794901,214327296.00
2023-11-29,11.20,11.66,9.44,9.86,11601748,122919248.00
2023-11-30,9.35,10.00,8.68,8.95,8058384,74418744.00
2023-12-01,9.15,9.75,9.04,9.06,9372012,88442440.00
2023-12-04,8.63,9.08,7.88,8.64,6879320,58247816.00
2023-12-05,8.60,9.96,8.59,9.77,8689889,81673240.00
2023-12-06,9.51,10.17,9.03,9.49,6368450,60792776.00
2023-12-07,9.80,12.26,9.80,12.25,15314219,179437408.00
2023-12-08,11.59,12.30,11.11,12.05,11974163,141316544.00
2023-12-11,11.51,12.37,11.12,12.07,8649434,100925296.00
2023-12-12,12.38,13.33,11.71,12.28,10767968,135269632.00
2023-12-13,12.08,12.85,11.89,12.59,9703648,119226160.00
2023-12-14,12.43,13.07,11.82,11.89,9016315,112710144.00
2023-12-15,11.80,12.00,11.00,11.42,5237321,60209784.00
2023-12-18,12.42,13.50,11.88,11.94,8530680,107353824.00
2023-12-19,11.67,12.61,11.35,12.60,7646136,92472952.00
2023-12-20,12.40,13.80,12.25,13.47,9025365,118657072.00
2023-12-21,14.00,14.67,11.07,11.30,10746790,141709088.00
2023-12-22,10.60,11.79,10.58,11.52,7134667,79494272.00
2023-12-25,11.60,12.13,11.11,12.00,5945138,70222496.00
2023-12-26,11.73,12.45,11.38,12.27,6128357,73002096.00
2023-12-27,12.80,14.96,12.70,13.36,14204524,196108224.00
2023-12-28,12.75,13.40,12.36,12.74,9815750,125205456.00
2023-12-29,12.70,14.91,12.33,14.20,13183229,181965920.00
2024-01-02,14.20,16.46,14.00,14.85,13796739,209369584.00
2024-01-03,14.01,14.70,13.65,14.39,8428774,119740928.00
2024-01-04,14.00,15.35,13.97,14.11,6928665,101161376.00
2024-01-05,14.60,14.90,13.36,13.69,6683469,94095944.00
2024-01-08,13.49,13.75,12.30,12.41,5543198,72434200.00
2024-01-09,12.51,12.97,11.31,11.95,4424707,53745004.00
2024-01-10,11.98,12.39,11.70,12.02,2635279,31626950.00
2024-01-11,12.00,12.70,11.92,12.13,3869377,47877816.00
2024-01-12,11.99,12.10,10.12,10.21,6112685,67896240.00
2024-01-15,9.88,10.17,9.34,9.40,3556804,34644168.00
2024-01-16,9.45,10.29,8.92,10.17,5272850,51576128.00
2024-01-17,9.93,10.95,9.91,10.11,5904684,62125792.00
2024-01-18,10.19,13.14,9.71,12.49,11476073,135639152.00
2024-01-19,12.00,12.38,11.75,12.10,8636861,104224176.00
2024-01-22,12.39,12.67,11.29,11.60,6532994,79222200.00
2024-01-23,11.41,12.48,11.38,12.19,6547021,78935544.00
2024-01-24,12.10,12.12,11.21,11.72,5571525,64919412.00
2024-01-25,11.64,11.86,9.91,10.86,5535455,61467424.00
2024-01-26,11.15,11.62,10.87,10.93,3942480,43958648.00
2024-01-29,10.62,10.93,9.30,9.42,4136184,41002616.00
2024-01-30,9.39,9.82,9.02,9.82,3086249,29380274.00
2024-01-31,9.65,10.88,9.55,10.16,4201811,42892672.00
2024-02-01,10.18,10.75,9.36,9.78,3539461,36040208.00
2024-02-02,9.98,10.27,9.11,9.70,3932271,38142036.00
2024-02-05,9.42,9.59,8.25,8.90,3120333,28271668.00
2024-02-06,8.70,9.90,8.41,9.60,3115439,29389800.00
2024-02-07,9.74,10.15,9.00,9.17,3846465,37042004.00
2024-02-08,9.50,11.00,9.35,9.57,4648898,46540628.00
2024-02-19,10.90,11.95,10.30,10.85,8147633,90322224.00
2024-02-20,10.80,11.20,10.21,11.03,6545323,70594256.00
2024-02-21,10.60,11.18,10.40,10.68,5350317,57638536.00
2024-02-22,10.51,11.38,10.51,10.91,5443650,60256904.00
2024-02-23,10.95,11.00,10.47,10.50,5019099,53410980.00
2024-02-26,10.36,10.58,10.08,10.15,2849260,29331646.00
2024-02-27,10.11,11.47,10.11,11.30,7617268,82923872.00
2024-02-28,11.20,12.07,10.65,10.69,7795830,88082504.00
2024-02-29,10.30,10.91,10.20,10.84,5684657,60288440.00
2024-03-01,10.70,11.00,10.53,10.62,3792800,40614532.00
2024-03-04,10.58,10.85,9.98,10.78,4967218,51657184.00
2024-03-05,10.78,10.80,10.11,10.19,4066786,42654196.00
2024-03-06,10.00,11.10,9.82,11.10,6427918,67645064.00
2024-03-07,11.40,11.40,10.21,10.21,5348786,57352548.00
2024-03-08,9.85,10.65,9.85,10.10,3068959,31315332.00
2024-03-11,9.85,10.18,9.85,9.95,2678629,26718584.00
2024-03-12,10.01,10.07,9.58,9.64,2842388,27738800.00
2024-03-13,9.70,9.85,9.30,9.31,2581109,24616272.00
2024-03-14,9.30,9.63,8.94,9.04,2011130,18432124.00
2024-03-15,9.12,9.72,8.97,9.50,3316374,31328068.00
2024-03-18,9.66,9.66,9.33,9.43,2425284,22887756.00
2024-03-19,9.80,9.99,9.42,9.43,3046744,29657914.00
2024-03-20,9.22,9.87,9.22,9.53,3020205,28758858.00
2024-03-21,9.46,9.60,9.13,9.15,2708117,25183772.00
2024-03-22,9.11,9.30,8.77,8.83,2109936,18910426.00
2024-03-25,8.74,8.95,8.37,8.38,1564242,13553394.00
2024-03-26,8.44,8.63,8.14,8.24,1686306,14062053.00
2024-03-27,8.33,8.78,8.21,8.26,1917691,16169505.00
2024-03-28,8.18,8.52,8.17,8.35,1703299,14168175.00
2024-03-29,8.27,8.40,8.07,8.20,1382228,11349196.00
2024-04-01,8.18,8.28,8.15,8.22,1070584,8786784.00
2024-04-02,8.28,8.31,8.00,8.00,1392022,11234957.00
2024-04-03,8.00,8.07,7.59,7.67,1498944,11730869.00
2024-04-08,7.66,7.66,7.15,7.15,1881677,13794242.00
2024-04-09,7.20,7.37,7.19,7.25,1106104,8024631.50
2024-04-10,7.29,7.87,7.20,7.54,2736844,20813990.00
2024-04-11,7.47,7.58,7.30,7.32,1347830,9946892.00
2024-04-12,7.34,7.40,7.16,7.21,972889,7100952.00
2024-04-15,7.16,7.23,6.57,6.69,1746691,11979333.00
2024-04-16,6.69,6.69,5.92,6.04,1952665,12010555.00
2024-04-17,6.15,6.58,6.14,6.57,2506820,16167959.00
2024-04-18,6.43,6.88,6.42,6.67,2238900,14994564.00
2024-04-19,6.54,6.66,6.31,6.46,1502557,9709183.00
2024-04-22,6.38,6.47,6.22,6.42,1105562,7032613.50
2024-04-23,6.41,7.17,6.30,6.80,3807227,26146924.00
2024-04-24,6.73,7.19,6.73,7.03,3172994,22054334.00
2024-04-25,6.99,7.07,6.61,6.68,2152097,14698732.00
2024-04-26,6.69,7.16,6.64,6.87,2230941,15376399.00
2024-04-29,7.10,7.46,7.10,7.14,2937816,21374950.00
2024-04-30,7.29,7.50,7.14,7.45,2842873,20820118.00
2024-05-06,7.48,7.57,7.30,7.35,2274826,16784712.00
2024-05-07,7.32,7.55,7.27,7.35,1637261,12094664.00
2024-05-08,7.32,7.51,7.21,7.34,1797820,13208271.00
2024-05-09,7.42,7.47,7.30,7.34,1505239,11036484.00
2024-05-10,7.38,7.38,7.10,7.10,1385363,9960892.00
2024-05-13,7.25,7.48,7.10,7.26,2437798,17824958.00
2024-05-14,7.40,7.92,7.40,7.80,3907918,30006776.00
2024-05-15,7.70,7.88,7.40,7.40,2413037,18172810.00
2024-05-16,7.43,7.51,7.22,7.24,1539890,11236333.00
2024-05-17,7.24,7.35,7.10,7.25,1153926,8329948.50
2024-05-20,7.28,7.32,7.11,7.14,1067387,7677759.50
2024-05-21,7.25,7.47,7.18,7.27,1368918,9978641.00
2024-05-22,7.23,7.46,7.15,7.41,1624945,11925978.00
2024-05-23,7.41,7.95,7.23,7.72,3714034,28546142.00
2024-05-24,7.60,7.76,7.32,7.37,2003936,15049829.00
2024-05-27,7.33,7.42,7.10,7.12,1725351,12389601.00
2024-05-28,7.12,7.30,6.94,6.97,1487283,10576361.00
2024-05-29,7.00,7.00,6.74,6.82,1364516,9365960.00
2024-05-30,6.76,7.00,6.68,6.69,1104142,7490939.50
2024-05-31,6.67,6.79,6.65,6.74,824581,5529759.00
2024-06-03,6.68,6.84,6.50,6.57,918388,6107239.50
2024-06-04,6.50,6.72,6.49,6.60,621602,4119450.25
2024-06-05,6.56,6.66,6.34,6.34,635268,4131570.25
2024-06-06,6.28,6.42,6.01,6.02,1272067,7805695.00
2024-06-07,6.16,6.23,6.08,6.18,775079,4771847.00
2024-06-11,6.24,6.30,6.05,6.29,519052,3218112.25
2024-06-12,6.38,6.86,6.38,6.60,2183768,14537990.00
2024-06-13,6.50,6.68,6.41,6.50,1347622,8793784.00
2024-06-14,6.58,6.77,6.46,6.62,1312177,8619602.00
2024-06-17,6.52,6.62,6.40,6.44,777941,5044112.00
2024-06-18,6.49,6.67,6.43,6.55,951336,6223489.00
2024-06-19,6.56,7.16,6.52,6.93,3631851,24991916.00
2024-06-20,6.85,7.11,6.58,6.93,3234265,22025342.00
2024-06-21,6.90,7.47,6.77,7.30,3962514,28440630.00
2024-06-24,7.10,7.27,6.71,6.82,2460272,17128694.00
2024-06-25,6.89,6.99,6.71,6.86,1578541,10819895.00
2024-06-26,6.87,7.38,6.66,7.38,2551139,17959152.00
2024-06-27,7.20,7.34,6.98,7.00,2310693,16570930.00
2024-06-28,7.00,7.22,6.88,6.92,1716441,12079601.00
2024-07-01,6.99,7.07,6.85,6.91,1022530,7092970.50
2024-07-02,6.87,7.42,6.87,7.32,4333977,31480160.00
2024-07-03,7.24,7.81,7.10,7.41,4344705,32282622.00
2024-07-04,7.23,7.75,7.18,7.21,2950758,21997028.00
2024-07-05,7.20,7.55,6.96,7.52,2878421,21212134.00
2024-07-08,7.48,7.55,6.98,7.08,1952814,14157441.00
2024-07-09,7.08,7.30,6.78,7.30,2303626,16264487.00
2024-07-10,7.14,7.45,7.09,7.11,1715190,12350138.00
2024-07-11,7.15,7.27,7.01,7.13,1683757,11999725.00
2024-07-12,7.10,7.13,6.81,6.88,1684657,11714082.00
2024-07-15,6.89,6.95,6.52,6.61,1641814,10902743.00
2024-07-16,6.68,7.17,6.50,7.12,2759548,19009764.00
2024-07-17,7.12,8.30,7.12,8.23,6904393,53706660.00
2024-07-18,8.03,8.11,7.60,7.64,4000059,31320726.00
2024-07-19,7.72,7.98,7.48,7.74,3167113,24589046.00
2024-07-22,8.36,10.06,8.32,9.69,14264283,136223920.00
2024-07-23,8.90,9.33,8.73,8.75,10829714,96990928.00
2024-07-24,8.93,8.94,7.96,8.09,6961397,58135268.00
2024-07-25,7.85,8.29,7.85,8.18,4171683,33787436.00
2024-07-26,8.02,8.26,7.91,7.93,3892476,31332508.00
2024-07-29,7.88,8.05,7.61,7.66,3252428,25264780.00
2024-07-30,7.63,8.38,7.63,8.33,6575492,53201212.00
2024-07-31,8.18,8.80,8.01,8.39,6447603,53982304.00
2024-08-01,8.18,8.48,7.99,8.01,4049579,33066350.00
2024-08-02,7.90,8.07,7.73,7.87,2429738,19096870.00
2024-08-05,7.78,8.09,7.48,7.50,2133170,16712700.00
2024-08-06,7.60,7.86,7.51,7.78,1896153,14600103.00
2024-08-07,7.77,8.23,7.72,7.95,3400708,27320322.00
2024-08-08,7.74,7.77,7.52,7.62,2560584,19555590.00
2024-08-09,7.69,7.75,7.56,7.56,1464807,11214726.00
2024-08-12,7.67,7.67,7.29,7.37,1395122,10395919.00
2024-08-13,7.30,7.56,7.24,7.43,1132158,8352632.00
2024-08-14,7.42,7.63,7.37,7.57,1385406,10379248.00
2024-08-15,7.57,8.11,7.57,8.07,4178405,33075396.00
2024-08-16,7.95,7.99,7.69,7.84,3057286,23924022.00
2024-08-19,7.76,7.86,7.49,7.55,1734930,13271388.00
2024-08-20,7.50,7.88,7.42,7.62,2228474,17116668.00
2024-08-21,7.57,7.80,7.47,7.73,1604300,12274428.00
2024-08-22,7.66,7.95,7.38,7.44,2061528,15740487.00
2024-08-23,7.33,7.97,7.32,7.84,3617974,28198748.00
2024-08-26,7.88,8.15,7.77,7.95,3130567,25042526.00
2024-08-27,7.99,8.07,7.59,7.95,2720964,21433308.00
2024-08-28,7.80,8.38,7.62,8.29,3894176,31242756.00
2024-08-29,7.50,7.60,7.13,7.14,5457321,39792208.00
2024-08-30,7.05,7.30,6.96,7.19,3272536,23422626.00
2024-09-02,7.25,7.36,6.87,6.87,1917382,13638841.00
2024-09-03,6.80,7.11,6.80,6.97,2659740,18535392.00
2024-09-04,6.83,6.96,6.64,6.64,2474742,16666076.00
2024-09-05,6.61,6.84,6.61,6.69,1532098,10303410.00
2024-09-06,6.70,6.78,6.53,6.56,1092985,7244245.00
2024-09-09,6.58,6.62,6.36,6.42,1042808,6742773.50
2024-09-10,6.46,6.72,6.37,6.66,1417082,9302471.00
2024-09-11,6.64,6.75,6.60,6.65,703242,4690610.50
2024-09-12,6.57,6.78,6.57,6.67,878867,5877230.50
2024-09-13,6.63,7.09,6.40,6.80,2967445,20108240.00
2024-09-18,6.67,6.84,6.63,6.68,951827,6399075.50
2024-09-19,6.80,7.05,6.70,7.05,2041158,14102100.00
2024-09-20,7.03,7.53,7.00,7.11,3557839,25965704.00
2024-09-23,7.03,7.11,6.06,6.77,2678667,18307080.00
2024-09-24,6.76,6.98,6.67,6.91,2585203,17698292.00
2024-09-25,6.90,7.17,6.90,6.95,2774442,19457430.00
2024-09-26,7.10,7.14,6.95,7.03,2252412,15897823.00
2024-09-27,7.05,8.07,7.05,7.83,4940809,37425900.00
2024-09-30,8.60,10.17,8.52,10.17,8869424,84420320.00
2024-10-08,13.19,13.22,11.80,13.22,10813100,137782864.00
2024-10-09,11.88,14.32,11.05,12.00,10898909,141425632.00
2024-10-10,12.99,13.53,10.90,11.08,7801155,94103872.00
2024-10-11,10.25,10.88,9.72,10.08,5505630,56547832.00
2024-10-14,9.99,11.46,9.70,11.44,6440505,69163376.00
2024-10-15,11.04,12.29,10.75,10.81,6878766,79541688.00
2024-10-16,10.41,11.28,10.32,11.03,4751813,51498816.00
2024-10-17,14.00,14.33,13.62,14.33,8217603,117073328.00
2024-10-18,16.80,18.62,15.90,18.62,21891446,380659680.00
2024-10-21,19.00,24.20,18.28,24.20,21442807,473082880.00
2024-10-22,25.06,29.50,17.20,22.60,23612541,588321536.00
2024-10-23,21.80,25.56,20.51,23.80,16680733,378110816.00
2024-10-24,22.60,27.50,22.00,25.01,16720318,406700512.00
2024-10-25,25.34,26.45,21.82,21.93,16938247,412314304.00
2024-10-28,21.00,21.58,19.50,21.17,10434958,214553616.00
2024-10-29,20.80,22.31,20.70,21.30,9799932,210113952.00
2024-10-30,21.97,21.97,20.02,20.48,6491024,134300640.00
2024-10-31,20.65,20.65,18.98,19.12,7375477,143808128.00
2024-11-01,19.04,19.95,16.81,16.87,5989693,109221048.00
2024-11-04,16.86,18.30,16.86,17.77,3689142,64876544.00
2024-11-05,18.48,20.79,17.98,20.41,8557128,170328432.00
2024-11-06,20.25,23.23,19.60,20.96,10898277,234468048.00
2024-11-07,20.57,22.12,19.60,22.08,8632138,182362000.00
2024-11-08,23.92,23.95,21.00,21.15,8491733,190975328.00
2024-11-11,20.40,21.87,20.19,21.41,5953501,125084648.00
2024-11-12,21.59,22.17,19.95,20.52,5300794,112299336.00
2024-11-13,20.01,20.71,18.80,20.49,4477210,88302808.00
2024-11-14,20.25,20.99,19.53,19.67,3546150,72188024.00
2024-11-15,20.50,23.90,20.15,22.00,13668896,302701760.00
2024-11-18,22.10,22.46,19.37,19.57,8303357,170802912.00
2024-11-19,18.49,19.88,17.20,19.50,7256837,133961152.00
2024-11-20,19.30,20.88,19.00,20.15,5685335,113212128.00
2024-11-21,21.18,23.43,20.70,21.59,11570251,254558624.00
2024-11-22,20.68,25.98,20.68,22.25,13939597,323811392.00
2024-11-25,23.50,25.80,21.30,24.39,11186187,263301120.00
2024-11-26,23.45,23.49,20.80,21.02,8718826,195268192.00
2024-11-27,19.97,24.00,19.15,23.15,8876120,190416240.00
2024-11-28,23.99,26.71,23.20,24.91,15478951,383967136.00
2024-11-29,25.97,27.00,22.88,23.86,13711525,340127680.00
2024-12-02,23.00,23.98,22.49,23.50,8069949,187599680.00
2024-12-03,24.28,30.55,22.62,29.75,19700564,537493248.00
#数据来源:通达信
