836077 吉林碳谷 日线 不复权
      日期	    开盘	    最高	    最低	    收盘	    成交量	    成交额
2016-11-03,4.20,4.20,4.20,4.20,10000,42000.00
2016-11-07,4.10,4.10,4.10,4.10,13000,53300.00
2017-01-17,4.00,4.00,4.00,4.00,1048000,4192000.00
2017-01-18,4.00,4.00,4.00,4.00,1000,4000.00
2018-01-26,4.01,4.01,4.01,4.01,1000,4010.00
2018-01-29,4.00,4.00,4.00,4.00,2000,8000.00
2018-01-30,4.00,4.00,4.00,4.00,1000,4000.00
2018-11-28,4.01,4.01,4.01,4.01,124000,497240.00
2019-01-23,4.01,4.01,4.01,4.01,1049000,5035200.00
2020-02-10,4.01,4.01,4.01,4.01,100000,400000.00
2020-02-17,4.02,4.12,4.02,4.12,6000,24620.00
2020-02-18,4.02,4.02,4.02,4.02,4000,16080.00
2020-02-19,4.02,4.02,4.02,4.02,1000,4020.00
2020-02-26,4.02,4.02,4.02,4.02,5000,20100.00
2020-02-28,4.02,4.02,4.02,4.02,1000,4020.00
2020-03-05,4.02,4.02,4.02,4.02,1000,4020.00
2020-03-06,4.02,4.02,4.02,4.02,2000,8040.00
2020-03-09,4.02,4.02,4.02,4.02,1000,4020.00
2020-03-10,4.02,4.02,4.02,4.02,1000,4020.00
2020-03-11,4.02,4.02,4.02,4.02,3000,12060.00
2020-03-19,4.02,4.02,4.02,4.02,3000,12060.00
2020-03-25,4.02,4.02,4.02,4.02,4000,16080.00
2020-03-26,4.02,4.02,4.02,4.02,1000,4020.00
2020-03-30,4.01,4.01,4.01,4.01,100,401.00
2020-03-31,4.01,4.02,4.01,4.02,12800,51338.00
2020-04-01,4.01,4.01,4.01,4.01,100000,401036.09
2020-04-02,4.01,4.01,4.01,4.01,100,401.00
2020-04-03,4.00,4.00,4.00,4.00,1200,4800.00
2020-04-08,4.00,4.00,4.00,4.00,100,400.00
2020-04-10,4.00,4.00,4.00,4.00,2000,8000.00
2020-04-13,4.00,4.00,4.00,4.00,2000,8000.00
2020-04-14,3.99,4.00,3.99,4.00,7900,31942.02
2020-04-15,4.00,4.00,4.00,4.00,3200,12800.00
2020-04-16,4.00,4.00,4.00,4.00,3000,12000.00
2020-04-17,4.00,4.00,4.00,4.00,300,1200.00
2020-04-22,4.02,4.02,4.02,4.02,2000,8040.00
2020-04-23,4.00,4.00,4.00,4.00,100,400.00
2020-04-28,4.02,4.02,4.00,4.00,2100,8420.00
2020-04-29,4.00,4.00,4.00,4.00,10000,40000.00
2020-05-19,4.00,4.00,4.00,4.00,20000,80000.00
2020-05-29,4.00,4.00,4.00,4.00,4000,16000.00
2020-06-02,4.00,4.00,4.00,4.00,20000,80000.00
2020-06-03,4.00,4.00,4.00,4.00,8900,35600.00
2020-06-04,4.00,4.00,4.00,4.00,2000,8000.00
2020-06-05,4.00,4.00,4.00,4.00,13000,52000.00
2020-06-11,4.00,4.00,4.00,4.00,3000,12000.00
2020-06-15,4.00,4.00,4.00,4.00,3000,12000.00
2020-06-19,4.00,4.00,4.00,4.00,47000,188000.00
2020-06-24,4.00,4.00,4.00,4.00,3500,14000.00
2020-06-29,4.00,4.00,4.00,4.00,10500,42000.00
2020-07-01,4.00,4.00,4.00,4.00,16700,66800.00
2020-07-02,4.02,4.02,4.02,4.02,36300,145926.00
2020-07-03,4.00,4.00,4.00,4.00,8700,34800.00
2020-07-06,4.00,4.00,4.00,4.00,220000,880000.00
2020-07-07,4.00,4.00,4.00,4.00,183000,732000.00
2020-07-08,4.00,4.00,3.99,3.99,20400,81596.00
2020-07-09,4.00,4.00,3.97,3.97,12400,49605.00
2020-07-10,4.00,4.00,4.00,4.00,7800,31200.00
2020-07-13,4.00,4.00,3.91,3.91,4300,16930.00
2020-07-14,4.00,4.56,4.00,4.56,200,856.00
2020-07-15,4.00,4.00,4.00,4.00,247600,990400.00
2020-07-16,4.00,4.00,4.00,4.00,41500,166000.00
2020-07-17,3.80,4.00,3.80,4.00,46500,182741.00
2020-07-20,4.00,4.00,4.00,4.00,47300,189200.00
2020-07-21,4.00,4.00,4.00,4.00,107000,428000.00
2020-07-22,3.81,4.00,3.81,4.00,75500,301600.00
2020-07-23,4.11,4.11,4.00,4.00,114500,458011.00
2020-07-24,4.00,4.00,4.00,4.00,217200,869060.00
2020-07-27,3.83,3.99,3.38,3.99,12600,47455.57
2020-07-28,3.66,3.95,3.66,3.88,50300,196372.05
2020-07-29,3.80,3.88,3.80,3.88,79400,307630.41
2020-07-30,3.95,3.95,3.95,3.95,100,395.00
2020-07-31,4.68,4.69,4.68,4.69,7800,36514.00
2020-08-03,5.15,5.43,5.15,5.43,58400,310928.16
2020-08-04,6.00,6.49,6.00,6.00,89700,541381.00
2020-08-05,6.00,6.00,6.00,6.00,2900,17400.00
2020-08-06,6.00,6.01,6.00,6.01,2100,12620.00
2020-08-07,6.03,6.04,6.02,6.02,2100,12663.00
2020-08-11,6.00,6.00,6.00,6.00,1000,6000.00
2020-08-14,7.00,7.00,7.00,7.00,1000,7000.00
2020-08-17,7.00,7.00,7.00,7.00,2000,14000.00
2020-08-18,7.00,7.00,7.00,7.00,600,4200.00
2020-08-19,4.88,7.98,4.88,7.21,800,5521.00
2020-08-20,5.08,7.10,5.08,7.10,1300,8827.00
2020-08-21,5.00,7.00,5.00,7.00,2300,14175.00
2020-08-24,7.00,7.00,7.00,7.00,100,700.00
2020-08-25,6.99,6.99,6.60,6.89,9800,67290.00
2020-08-26,6.99,6.99,6.75,6.75,7000,48450.00
2020-08-28,6.80,7.00,6.80,7.00,1500,10400.00
2020-08-31,6.85,6.90,6.00,6.90,4700,32310.00
2020-09-01,6.05,6.05,6.05,6.05,1000,6050.00
2020-09-02,7.50,7.50,6.40,6.40,4000,28900.00
2020-09-03,5.52,7.00,5.52,7.00,1300,7505.22
2020-09-04,5.39,5.72,5.39,5.72,6200,33814.00
2020-09-07,6.12,6.12,5.21,5.21,112500,588148.00
2020-09-08,6.20,6.20,6.15,6.15,822000,3005350.00
2020-09-09,5.92,6.15,5.85,6.09,4400,25992.00
2020-09-10,6.05,6.05,5.51,5.62,3400,19112.92
2020-09-11,6.50,6.50,6.48,6.48,600,3898.00
2020-09-14,5.55,5.70,5.55,5.70,105600,597822.56
2020-09-15,5.52,5.70,5.52,5.70,8100,46152.00
2020-09-16,5.70,5.73,5.51,5.68,335000,1907074.00
2020-09-17,5.56,5.70,5.56,5.69,22200,123845.40
2020-09-18,5.69,7.50,5.69,5.71,33500,191249.59
2020-09-21,6.10,6.10,5.35,5.35,315100,1744340.75
2020-09-22,5.51,5.51,5.40,5.40,21000000,80040552.00
2020-09-23,5.80,5.80,5.80,5.80,500,2900.00
2020-09-25,6.40,6.40,6.39,6.39,1500,9590.00
2020-09-29,5.82,5.83,5.82,5.83,4000,23295.00
2020-09-30,6.00,6.00,6.00,6.00,500,3000.00
2020-10-09,6.00,8.00,6.00,8.00,10100,60800.00
2020-10-13,5.88,7.69,5.88,7.69,3100,18649.00
2020-10-15,5.88,6.00,5.88,6.00,1200,7176.00
2020-10-16,6.00,11.97,6.00,9.86,2600,17896.00
2020-10-19,5.88,6.20,5.88,6.08,120800,736958.06
2020-10-20,6.09,6.50,6.09,6.20,27800,174292.59
2020-10-21,6.15,6.48,6.15,6.45,31100,195765.50
2020-10-22,6.20,6.28,6.20,6.28,24000,150020.00
2020-10-23,6.35,6.52,6.35,6.52,10016400,53914308.00
2020-10-26,6.61,6.80,6.54,6.63,104500,695431.50
2020-10-27,6.63,6.99,6.63,6.69,47800,317950.00
2020-10-28,6.51,6.66,6.51,6.66,47800,313588.00
2020-10-29,6.66,6.66,6.66,6.66,7237800,38939160.00
2020-10-30,6.61,6.74,6.61,6.65,162500,1079039.00
2021-08-31,16.80,19.38,16.50,19.10,18334900,328736512.00
2021-09-01,19.15,21.88,19.14,21.81,4114900,83544368.00
2021-09-02,22.23,25.18,22.23,25.18,2111900,50896404.00
2021-09-03,30.00,31.75,27.00,30.34,3665800,107620504.00
2021-09-06,32.01,35.00,29.21,32.70,4044000,130070552.00
2021-09-07,32.35,32.95,31.03,31.80,1570900,50239336.00
2021-09-08,31.86,32.99,31.58,32.35,1379000,44630584.00
2021-09-09,32.55,33.00,31.46,32.30,1909200,61475848.00
2021-09-10,32.94,32.94,30.18,31.00,1135900,35804124.00
2021-09-13,31.00,31.00,28.48,28.88,1827900,52885768.00
2021-09-14,29.39,30.99,28.50,29.76,1211400,36398332.00
2021-09-15,29.60,29.90,28.77,28.98,491900,14412659.00
2021-09-16,29.00,29.51,28.53,28.87,900400,26201270.00
2021-09-17,28.92,31.80,28.92,31.59,2273500,69678200.00
2021-09-22,34.00,36.00,32.20,36.00,2804500,95824856.00
2021-09-23,36.20,40.98,36.20,37.32,2641900,102384832.00
2021-09-24,37.40,39.58,37.40,38.65,1436600,55481956.00
2021-09-27,39.00,41.50,37.00,38.69,1460300,57083136.00
2021-09-28,39.01,43.47,38.02,43.30,2239000,91375336.00
2021-09-29,43.36,47.49,41.50,41.65,2458300,111557864.00
2021-09-30,42.78,44.58,39.04,42.90,1872000,78188992.00
2021-10-08,43.00,43.00,38.89,39.55,962300,38598296.00
2021-10-11,40.01,40.02,38.90,39.39,423500,16690672.00
2021-10-12,39.18,39.75,36.90,37.89,576700,21778678.00
2021-10-13,38.00,42.50,38.00,41.91,1160600,46695852.00
2021-10-14,41.50,42.50,40.20,41.95,604600,24968972.00
2021-10-15,41.95,42.40,40.50,41.45,368300,15245919.00
2021-10-18,41.60,41.60,39.40,40.34,590600,23446624.00
2021-10-19,40.34,40.35,39.56,39.85,299600,11969125.00
2021-10-20,39.20,40.88,39.20,40.77,348800,13977273.00
2021-10-21,40.08,40.89,39.66,39.85,963900,38870364.00
2021-10-22,40.00,40.67,39.69,40.59,815600,32737180.00
2021-10-25,40.40,41.94,39.83,41.83,913300,37669780.00
2021-10-26,41.99,43.00,40.54,41.70,719800,30259628.00
2021-10-27,40.69,40.70,37.50,38.00,1362800,52701404.00
2021-10-28,38.00,38.70,35.50,36.00,809200,29495042.00
2021-10-29,36.30,39.83,36.30,39.20,662200,25747794.00
2021-11-01,40.80,42.50,39.21,40.87,848300,34505616.00
2021-11-02,41.00,41.30,39.22,39.72,706800,28126422.00
2021-11-03,40.36,40.96,39.51,40.64,458800,18544054.00
2021-11-04,40.93,42.48,40.33,41.69,720800,30123290.00
2021-11-05,42.00,42.47,41.30,41.79,502900,21067036.00
2021-11-08,42.00,45.44,42.00,44.99,1039100,45938836.00
2021-11-09,45.01,46.49,44.20,45.00,777800,35150632.00
2021-11-10,45.00,45.47,43.76,44.95,549000,24294294.00
2021-11-11,45.20,46.14,43.72,44.94,926600,41527540.00
2021-11-12,44.80,46.86,44.61,46.22,1323700,60764496.00
2021-11-15,48.94,48.98,44.00,44.60,3406400,157049472.00
2021-11-16,44.00,45.00,41.41,41.91,2615100,111661144.00
2021-11-17,42.00,43.03,39.91,42.89,1885700,78457200.00
2021-11-18,42.25,43.74,41.78,43.36,1659600,71772376.00
2021-11-19,43.38,46.30,43.38,46.17,3570000,162789136.00
2021-11-22,47.50,59.40,47.50,59.16,5938100,323912960.00
2021-11-23,62.00,66.60,60.50,61.19,5750800,365224096.00
2021-11-24,59.70,66.00,58.32,64.57,3690200,226817184.00
2021-11-25,64.60,72.00,64.60,70.50,3995200,275582816.00
2021-11-26,68.00,72.97,66.66,69.42,2345800,163378752.00
2021-11-29,67.42,72.04,66.68,67.39,2520500,173910992.00
2021-11-30,67.56,68.50,62.50,63.00,3017300,194010096.00
2021-12-01,61.55,65.50,61.55,64.80,1643600,104690416.00
2021-12-02,65.00,66.36,62.91,63.00,1086100,70036632.00
2021-12-03,63.16,63.16,60.05,60.11,1667600,101951352.00
2021-12-06,60.26,62.63,59.00,59.70,1589300,96252264.00
2021-12-07,59.97,59.97,53.02,54.92,2858800,160656848.00
2021-12-08,55.60,57.57,55.10,57.15,1577900,89596680.00
2021-12-09,56.30,62.13,56.30,60.56,1459200,87206992.00
2021-12-10,61.50,61.58,59.28,60.65,898600,54280212.00
2021-12-13,61.50,63.88,60.76,61.20,1061500,65967540.00
2021-12-14,61.85,63.50,61.10,63.22,920500,57625940.00
2021-12-15,63.00,63.15,60.80,62.20,756500,46843592.00
2021-12-16,62.50,62.50,60.17,61.01,637400,38862240.00
2021-12-17,61.01,61.01,57.01,58.70,1116400,65217856.00
2021-12-20,58.45,60.09,57.80,58.48,601900,35569204.00
2021-12-21,58.30,58.69,55.47,55.55,985800,55577248.00
2021-12-22,55.20,56.70,52.81,55.00,1232700,66774680.00
2021-12-23,55.01,55.50,52.51,52.80,1131800,60070976.00
2021-12-24,52.99,52.99,48.48,48.60,2237400,111730328.00
2021-12-27,47.30,52.48,47.30,50.97,1242300,63432892.00
2021-12-28,50.88,52.86,50.06,52.66,642400,33232462.00
2021-12-29,53.20,54.63,52.55,53.45,893300,47917880.00
2021-12-30,53.67,59.13,53.55,57.99,1426900,80648904.00
2021-12-31,58.89,60.61,57.06,57.35,964500,56099052.00
2022-01-04,57.35,58.97,47.00,54.15,1081900,58380448.00
2022-01-05,53.51,55.00,51.00,51.00,1173100,60993244.00
2022-01-06,51.23,53.60,51.23,51.60,690800,36147624.00
2022-01-07,51.66,52.54,49.90,50.29,888700,45168664.00
2022-01-10,50.00,54.19,49.80,54.19,1438857,74822888.00
2022-01-11,54.96,56.10,54.35,55.36,1879879,104106048.00
2022-01-12,55.43,55.48,53.95,54.88,635853,34559344.00
2022-01-13,55.40,55.55,53.00,53.23,886597,48407224.00
2022-01-14,52.79,53.81,50.89,51.55,1002856,51877676.00
2022-01-17,51.11,55.00,51.10,53.58,560463,29964194.00
2022-01-18,53.50,57.50,53.11,56.68,1508934,84926496.00
2022-01-19,61.88,62.00,59.00,59.09,4072285,247805280.00
2022-01-20,57.99,59.50,56.30,57.18,1309695,75787792.00
2022-01-21,57.20,58.50,56.50,57.94,825220,47765368.00
2022-01-24,57.91,60.98,57.90,58.40,805946,47669224.00
2022-01-25,58.61,60.00,56.16,56.68,731548,41771348.00
2022-01-26,57.00,57.68,56.10,56.62,743890,42261948.00
2022-01-27,56.14,56.60,55.50,55.88,571211,31908058.00
2022-01-28,55.88,56.20,54.50,54.88,873570,48052468.00
2022-02-07,55.66,58.00,55.66,56.28,652945,37166124.00
2022-02-08,55.56,56.49,55.30,55.65,454730,25384334.00
2022-02-09,56.88,59.50,55.30,58.60,1186690,68335128.00
2022-02-10,58.10,58.86,55.98,56.45,535137,30519074.00
2022-02-11,56.64,56.64,52.01,53.30,1097956,60125220.00
2022-02-14,52.60,52.90,50.51,50.52,1168056,59910568.00
2022-02-15,50.98,52.50,49.00,51.77,671537,34316056.00
2022-02-16,52.01,54.40,51.30,53.06,499924,26642714.00
2022-02-17,53.48,55.39,52.59,54.16,713781,38825480.00
2022-02-18,54.16,56.56,53.80,56.15,1211687,67663464.00
2022-02-21,56.15,59.64,56.15,58.94,1853031,108132416.00
2022-02-22,58.50,59.30,56.33,56.85,1379803,79362896.00
2022-02-23,56.18,58.85,56.18,58.59,1139531,66283048.00
2022-02-24,58.76,59.66,56.80,57.37,981639,57032392.00
2022-02-25,57.96,59.59,57.96,58.83,863861,51040888.00
2022-02-28,58.70,59.99,58.66,59.95,785839,46734564.00
2022-03-01,60.68,62.44,59.16,60.82,926082,56517584.00
2022-03-02,60.20,63.67,60.20,63.61,1329090,83007296.00
2022-03-03,63.91,68.49,63.06,66.23,1624790,107376872.00
2022-03-04,65.08,65.08,61.50,62.05,1226938,77201448.00
2022-03-07,62.02,63.01,55.51,55.51,2245314,129789216.00
2022-03-08,56.06,57.96,54.91,57.25,1231775,69497144.00
2022-03-09,56.80,58.89,55.55,57.93,1370547,78606256.00
2022-03-10,59.00,60.00,58.99,59.70,671595,39958440.00
2022-03-11,59.00,60.70,57.50,60.08,730735,43046692.00
2022-03-14,58.12,59.00,57.31,57.50,1058878,61469228.00
2022-03-15,57.10,58.50,56.30,56.66,1042144,59523416.00
2022-03-16,57.00,58.44,54.66,57.89,1080305,61249324.00
2022-03-17,58.55,62.28,58.25,59.87,1472354,88406104.00
2022-03-18,59.15,61.28,58.00,59.90,394531,23494344.00
2022-03-21,60.57,60.99,59.95,60.49,554527,33505232.00
2022-03-22,59.63,61.49,59.61,60.58,424930,25635586.00
2022-03-23,60.70,62.90,60.70,62.49,763435,47478504.00
2022-03-24,62.51,62.98,60.80,62.19,817285,50687320.00
2022-03-25,61.90,61.97,59.00,60.18,703616,42658068.00
2022-03-28,60.00,60.30,57.99,60.00,398755,23626984.00
2022-03-29,60.20,60.20,58.50,59.20,397393,23499076.00
2022-03-30,59.75,61.00,59.09,59.57,431937,25782612.00
2022-03-31,59.37,60.11,58.60,59.00,276430,16443250.00
2022-04-01,59.00,60.60,58.50,59.68,191800,11448277.00
2022-04-06,59.66,59.98,58.50,58.65,389284,23047762.00
2022-04-07,59.35,59.35,55.06,56.80,864982,48891384.00
2022-04-08,56.12,56.16,54.31,55.36,495535,27346166.00
2022-04-11,55.57,55.60,51.30,51.77,868206,45559144.00
2022-04-12,52.10,53.35,51.50,52.50,557604,29178874.00
2022-04-13,52.50,54.50,52.10,54.18,318347,17167738.00
2022-04-14,54.85,56.19,54.28,55.88,342764,19023912.00
2022-04-15,55.93,56.00,53.63,54.77,283160,15443213.00
2022-04-18,53.33,54.68,53.21,54.50,248242,13432883.00
2022-04-19,54.24,55.10,52.78,53.21,269112,14513426.00
2022-04-20,52.51,54.18,51.93,52.00,317964,16738419.00
2022-04-21,52.00,52.97,51.80,52.02,622645,32535564.00
2022-04-22,52.00,52.98,51.82,52.98,443597,23221966.00
2022-04-25,52.02,52.79,50.01,50.60,441253,22546740.00
2022-04-26,52.98,52.98,40.18,47.00,1435616,69371992.00
2022-04-27,45.50,50.45,41.25,48.76,1875553,83713320.00
2022-04-28,48.37,49.00,46.00,46.20,697928,33167774.00
2022-04-29,47.50,50.52,47.16,50.25,761423,37439520.00
2022-05-05,50.19,53.94,49.30,53.00,656392,34618980.00
2022-05-06,51.51,53.36,50.88,50.99,580841,30250464.00
2022-05-09,51.03,51.80,50.19,51.35,394224,20167628.00
2022-05-10,51.01,54.83,50.60,53.80,606309,32655116.00
2022-05-11,54.45,57.24,53.69,56.45,1072931,60674728.00
2022-05-12,55.30,56.86,55.00,56.62,174112,9727032.00
2022-05-13,56.84,56.90,55.60,56.62,178605,10096866.00
2022-05-16,56.22,56.98,55.00,55.00,376987,20975608.00
2022-05-17,55.71,55.71,54.61,55.63,243354,13470311.00
2022-05-18,55.34,55.90,54.00,54.62,226774,12424194.00
2022-05-19,53.71,56.29,53.49,55.81,369187,20548388.00
2022-05-20,56.03,56.87,55.50,56.01,256023,14325037.00
2022-05-23,55.88,56.99,55.56,56.01,158408,8908200.00
2022-05-24,55.86,56.26,53.50,53.90,418484,22780840.00
2022-05-25,53.98,54.00,52.01,53.16,229826,12154946.00
2022-05-26,53.16,53.50,52.55,53.10,367268,18384678.00
2022-05-27,53.09,53.58,52.40,52.60,121559,6418828.50
2022-05-30,52.50,53.88,52.50,53.74,159128,8528748.00
2022-05-31,54.20,57.31,54.10,56.91,991488,56155448.00
2022-06-01,56.96,57.45,56.02,57.07,295419,16834554.00
2022-06-02,57.40,58.16,56.45,57.60,708396,40766728.00
2022-06-06,57.43,58.99,57.01,58.20,621042,36261932.00
2022-06-07,58.20,58.78,56.00,58.49,490818,28471486.00
2022-06-08,58.35,58.41,56.50,56.85,432280,24367718.00
2022-06-09,57.38,57.38,56.15,56.35,278759,15784249.00
2022-06-10,56.37,58.00,56.25,57.12,313335,17910676.00
2022-06-13,57.16,57.99,56.48,56.51,289394,16507166.00
2022-06-14,56.71,57.00,55.60,56.49,248033,13926576.00
2022-06-15,56.06,56.99,56.06,56.22,265485,15004485.00
2022-06-16,56.20,57.20,56.20,56.51,498590,28248082.00
2022-06-17,56.28,58.47,56.20,58.20,986262,57162356.00
2022-06-20,58.64,60.50,58.19,59.77,1075622,64072600.00
2022-06-21,60.58,60.94,59.09,59.31,537850,32465602.00
2022-06-22,59.68,60.81,59.49,60.00,488762,29547760.00
2022-06-23,60.48,62.30,60.48,62.17,940303,57872304.00
2022-06-24,62.79,65.02,62.50,64.60,1135810,72839840.00
2022-06-27,64.96,65.65,63.99,65.00,972336,62964168.00
2022-06-28,64.68,65.14,61.83,64.96,1009195,64466380.00
2022-06-29,64.15,64.15,62.17,62.90,950317,59670744.00
2022-06-30,62.90,63.35,62.00,62.30,647123,40451104.00
2022-07-01,62.03,63.50,62.03,63.00,318206,20021758.00
2022-07-04,62.38,63.31,59.87,60.80,1044723,63498688.00
2022-07-05,60.78,60.90,59.54,60.19,562848,33726136.00
2022-07-06,60.00,61.97,59.80,60.60,501890,30345790.00
2022-07-07,60.89,60.89,58.90,59.85,430095,25714444.00
2022-07-08,59.56,60.20,58.69,59.99,393047,23278688.00
2022-07-11,59.98,60.75,59.10,59.37,231281,13852741.00
2022-07-12,59.90,61.38,59.85,59.91,464714,28042372.00
2022-07-13,60.10,60.87,59.51,60.38,181485,10932099.00
2022-07-14,59.65,61.00,59.25,60.79,370551,22303662.00
2022-07-15,63.00,63.30,60.91,61.20,583509,36053520.00
2022-07-18,61.49,61.70,59.28,59.50,476243,28499938.00
2022-07-19,60.00,62.08,59.25,62.08,1346427,82856296.00
2022-07-20,62.95,63.80,62.50,63.69,1329526,83972592.00
2022-07-21,64.18,64.18,62.10,63.31,536223,34018776.00
2022-07-22,63.33,63.78,62.41,62.69,234808,14788672.00
2022-07-25,63.17,63.23,62.00,62.60,229862,14393529.00
2022-07-26,62.60,63.60,62.21,62.75,251489,15838459.00
2022-07-27,63.24,63.24,60.95,61.04,523012,32390418.00
2022-07-28,61.20,61.34,58.84,60.00,423043,25332438.00
2022-07-29,60.17,60.17,58.80,59.00,394233,23333120.00
2022-08-01,58.02,58.98,57.49,58.33,286986,16677157.00
2022-08-02,57.45,57.90,54.09,55.49,982792,54481524.00
2022-08-03,55.89,56.80,55.00,55.00,542163,30053314.00
2022-08-04,55.20,58.20,55.20,57.80,618813,34774660.00
2022-08-05,57.18,57.50,56.22,57.10,207200,11799598.00
2022-08-08,56.35,56.85,55.71,56.22,238022,13409012.00
2022-08-09,56.18,57.22,56.18,57.00,232559,13240160.00
2022-08-10,56.60,57.13,56.49,56.86,184471,10502147.00
2022-08-11,57.70,57.70,56.91,57.20,153461,8772035.00
2022-08-12,57.00,57.19,56.50,57.19,191518,10888559.00
2022-08-15,57.17,57.80,56.59,57.80,429593,24628550.00
2022-08-16,59.00,60.99,58.50,59.18,846182,50161508.00
2022-08-17,59.28,59.28,54.00,56.70,560057,32080420.00
2022-08-18,56.20,57.22,56.08,57.03,347361,19590690.00
2022-08-19,57.45,57.47,55.50,56.50,316779,17864702.00
2022-08-22,56.82,56.98,55.01,55.73,360423,20019964.00
2022-08-23,55.72,56.46,55.02,55.34,101789,5672699.00
2022-08-24,55.69,56.78,54.98,55.16,176064,9750086.00
2022-08-25,55.68,55.68,52.50,53.85,301346,16262814.00
2022-08-26,53.56,54.54,53.56,53.70,148397,8000372.00
2022-08-29,53.40,53.99,52.90,53.25,204664,10902465.00
2022-08-30,52.90,53.46,50.55,51.50,838497,42979988.00
2022-08-31,50.86,51.05,50.05,50.07,515989,25992698.00
2022-09-01,50.12,52.70,50.00,50.10,411828,20912886.00
2022-09-02,50.82,50.82,49.88,50.06,355350,17841446.00
2022-09-05,50.90,52.44,50.90,51.35,448247,23210524.00
2022-09-06,51.67,51.67,50.00,51.30,271950,13837910.00
2022-09-07,51.00,52.17,50.86,51.00,404474,20762532.00
2022-09-08,50.63,51.30,50.30,50.70,169382,8608190.00
2022-09-09,50.98,51.00,50.31,50.68,122428,6193075.00
2022-09-13,50.00,52.25,49.50,51.80,270212,13823699.00
2022-09-14,51.37,52.26,51.04,51.83,245801,12707658.00
2022-09-15,52.20,54.83,51.68,51.85,660070,34982972.00
2022-09-16,51.85,51.85,50.26,50.85,470980,24075012.00
2022-09-19,51.00,51.00,48.90,49.10,399822,19871498.00
2022-09-20,49.68,49.80,49.10,49.39,364665,18059244.00
2022-09-21,49.59,51.80,49.18,50.95,473479,23993196.00
2022-09-22,51.00,52.50,51.00,52.02,311774,16175068.00
2022-09-23,51.40,52.14,50.07,51.06,363907,18561704.00
2022-09-26,50.35,51.47,50.22,50.90,193761,9898590.00
2022-09-27,51.20,51.20,49.30,50.49,179354,9010873.00
2022-09-28,50.49,50.49,49.56,49.86,165091,8207914.50
2022-09-29,50.24,50.34,49.73,50.00,197637,9874985.00
2022-09-30,50.30,50.30,48.67,49.00,290019,14295747.00
2022-10-10,48.81,49.20,45.66,46.10,874592,40678640.00
2022-10-11,46.23,46.51,45.28,46.11,236000,10785879.00
2022-10-12,45.80,45.80,43.05,44.76,723948,32156880.00
2022-10-13,44.76,45.67,44.51,44.81,297198,13372244.00
2022-10-14,45.85,46.76,45.00,46.71,453082,20983618.00
2022-10-17,46.79,47.20,45.90,46.70,341335,15854400.00
2022-10-18,46.98,46.98,45.33,46.01,339133,15630976.00
2022-10-19,46.02,46.67,45.51,45.81,315349,14516768.00
2022-10-20,46.14,47.46,45.80,46.17,361678,16752132.00
2022-10-21,46.18,46.96,45.20,46.60,307024,14140491.00
2022-10-24,47.00,47.40,46.11,46.54,316658,14840645.00
2022-10-25,46.60,46.90,46.08,46.66,258213,11995461.00
2022-10-26,46.99,47.14,46.23,46.55,225924,10555342.00
2022-10-27,46.83,46.94,46.06,46.45,211158,9815806.00
2022-10-28,45.50,46.00,44.50,45.26,301771,13602856.00
2022-10-31,43.77,44.79,43.77,43.86,436755,19210888.00
2022-11-01,43.81,44.50,43.38,44.09,233728,10231644.00
2022-11-02,43.70,44.69,43.63,44.60,217257,9555128.00
2022-11-03,44.05,46.81,44.05,46.69,375859,17279850.00
2022-11-04,46.55,49.45,46.55,48.38,608895,29484568.00
2022-11-07,48.05,51.24,48.05,51.11,863907,43650356.00
2022-11-08,50.57,51.72,49.98,50.30,396482,19988054.00
2022-11-09,49.98,50.91,49.40,49.71,234568,11788201.00
2022-11-10,50.24,50.50,49.30,50.00,213716,10709255.00
2022-11-11,51.10,51.29,49.90,50.02,256500,12936129.00
2022-11-14,50.51,50.90,49.30,49.30,171529,8558879.00
2022-11-15,49.07,49.99,49.07,49.90,222041,11023828.00
2022-11-16,50.01,50.07,48.59,49.37,385655,18986950.00
2022-11-17,49.58,49.58,47.88,48.57,216134,10451496.00
2022-11-18,48.88,49.48,48.65,49.24,246679,12114621.00
2022-11-21,50.96,51.22,50.17,50.89,888315,45071392.00
2022-11-22,50.91,51.35,50.37,50.37,479214,24372000.00
2022-11-23,50.47,53.78,50.47,53.29,1081494,56455068.00
2022-11-24,53.18,54.58,52.65,54.23,902128,48759392.00
2022-11-25,54.30,54.49,52.78,53.00,494560,26621448.00
2022-11-28,51.20,52.98,51.20,52.48,314353,16401620.00
2022-11-29,52.78,54.60,52.60,53.85,617184,33289520.00
2022-11-30,54.29,55.00,53.67,53.88,469084,25582920.00
2022-12-01,54.19,54.20,52.51,52.60,537414,28605158.00
2022-12-02,52.60,53.10,52.50,52.95,193952,10237351.00
2022-12-05,53.06,53.06,51.50,51.50,320054,16737562.00
2022-12-06,51.88,51.88,50.64,50.90,347938,17778774.00
2022-12-07,50.80,50.80,49.66,49.68,512878,25665438.00
2022-12-08,50.19,50.78,49.81,50.53,205077,10359665.00
2022-12-09,50.00,50.96,50.00,50.96,96815,4888807.50
2022-12-12,50.94,50.94,49.28,49.77,309409,15408496.00
2022-12-13,50.00,50.67,49.76,50.50,155078,7803853.00
2022-12-14,50.50,50.50,49.65,50.10,154987,7744398.00
2022-12-15,50.29,50.29,49.84,50.12,93981,4695736.50
2022-12-16,50.00,50.23,49.63,49.87,246698,12294371.00
2022-12-19,49.89,50.68,49.42,49.80,118662,5931597.50
2022-12-20,49.03,49.94,49.03,49.83,101141,5005707.00
2022-12-21,50.03,50.53,49.21,49.40,145327,7195882.00
2022-12-22,49.40,49.74,47.90,48.28,192139,9318857.00
2022-12-23,47.53,48.25,46.01,47.00,352499,16563214.00
2022-12-26,47.01,47.98,47.00,47.66,265432,11837394.00
2022-12-27,48.00,49.66,46.11,46.80,477802,22414760.00
2022-12-28,46.50,47.55,46.01,46.70,271297,12674945.00
2022-12-29,46.80,46.99,46.07,46.68,6667279,284583072.00
2022-12-30,46.21,47.47,46.01,47.18,287919,13433090.00
2023-01-03,47.80,49.37,46.52,49.25,386498,18813468.00
2023-01-04,49.25,49.44,47.77,48.74,335336,16187264.00
2023-01-05,48.60,48.94,47.90,48.00,440509,21175462.00
2023-01-06,48.00,48.29,47.00,47.70,299517,14237851.00
2023-01-09,48.10,48.48,47.33,48.07,161097,7733316.50
2023-01-10,47.69,48.00,47.39,47.55,218233,10409628.00
2023-01-11,47.45,48.20,47.45,47.68,108567,5171549.50
2023-01-12,47.98,48.05,47.12,47.19,160421,7620428.50
2023-01-13,47.10,47.40,46.86,47.00,164394,7735726.50
2023-01-16,47.05,47.27,46.86,46.87,383002,18003276.00
2023-01-17,46.68,47.27,46.68,46.72,267871,12565384.00
2023-01-18,46.56,46.97,46.27,46.85,306881,14310851.00
2023-01-19,47.12,47.58,46.58,47.58,333026,15684796.00
2023-01-20,47.62,49.13,47.62,49.08,362012,17698994.00
2023-01-30,49.48,49.88,49.18,49.36,342679,16973860.00
2023-01-31,49.49,52.45,49.49,52.30,1052325,54238100.00
2023-02-01,53.34,53.34,51.15,52.73,665439,34974648.00
2023-02-02,52.30,52.30,50.77,51.29,985819,50655828.00
2023-02-03,51.30,51.30,50.16,50.45,425349,21492684.00
2023-02-06,50.46,50.76,49.49,49.50,525002,26132574.00
2023-02-07,49.99,49.99,49.48,49.98,224307,11153366.00
2023-02-08,49.98,50.04,49.60,49.63,102788,5108102.00
2023-02-09,49.60,50.66,49.48,50.61,257974,12899553.00
2023-02-10,50.70,50.70,49.99,50.30,114226,5738692.50
2023-02-13,50.31,53.28,50.31,50.97,356159,18186598.00
2023-02-14,50.69,51.93,47.51,49.00,705245,35345540.00
2023-02-15,49.00,49.00,47.70,47.97,878852,42324908.00
2023-02-16,48.30,49.29,47.60,48.27,351950,17103442.00
2023-02-17,47.90,48.90,47.90,48.50,163538,7937826.50
2023-02-20,48.61,48.89,47.88,48.76,293956,14242251.00
2023-02-21,48.66,48.77,48.27,48.49,169268,8216898.50
2023-02-22,48.40,48.60,47.91,48.09,269002,12952220.00
2023-02-23,48.14,48.59,47.91,48.01,185142,8896880.00
2023-02-24,48.00,48.15,46.70,46.82,524763,24810604.00
2023-02-27,47.22,47.22,46.64,46.70,235981,11061465.00
2023-02-28,47.05,47.46,46.80,47.22,229307,10833962.00
2023-03-01,47.40,48.59,47.40,48.46,309887,14966150.00
2023-03-02,48.44,48.88,47.82,48.10,164261,7946223.00
2023-03-03,47.61,48.29,47.60,48.29,98389,4719983.50
2023-03-06,48.57,48.57,46.49,47.45,431725,20407906.00
2023-03-07,47.26,47.68,46.90,46.98,170460,8029152.50
2023-03-08,47.15,47.29,46.85,47.29,238945,11149288.00
2023-03-09,47.25,47.78,46.91,47.73,190872,9070897.00
2023-03-10,47.64,47.88,47.22,47.50,73099,3483333.25
2023-03-13,47.35,47.45,46.50,46.68,401342,18730872.00
2023-03-14,46.54,46.65,46.02,46.23,248377,11540918.00
2023-03-15,46.73,46.73,46.00,46.00,153963,7106556.50
2023-03-16,45.72,46.06,44.30,44.76,437692,19619666.00
2023-03-17,45.19,45.88,44.40,45.28,201458,9047293.00
2023-03-20,45.58,45.70,44.50,44.78,208899,9426921.00
2023-03-21,44.52,45.70,44.52,45.20,217430,9778986.00
2023-03-22,44.98,46.58,44.98,46.49,248050,11397935.00
2023-03-23,46.21,46.21,44.49,44.51,712567,31995922.00
2023-03-24,44.51,45.00,44.44,44.80,254346,11338794.00
2023-03-27,44.31,44.88,44.00,44.09,376903,16715675.00
2023-03-28,44.18,44.31,43.11,43.15,492242,21517392.00
2023-03-29,43.19,43.31,41.66,41.80,487649,20589984.00
2023-03-30,41.66,41.80,41.10,41.49,345526,14294216.00
2023-03-31,41.75,42.44,41.52,42.30,201229,8436376.00
2023-04-03,42.45,43.10,41.99,42.28,317142,13479908.00
2023-04-04,42.50,42.50,41.01,41.24,236599,9868913.00
2023-04-06,41.73,41.73,40.27,40.96,261261,10621297.00
2023-04-07,40.96,42.98,40.90,42.88,215810,9136208.00
2023-04-10,43.01,44.52,42.76,43.38,334811,14612569.00
2023-04-11,43.00,45.14,42.95,45.08,476220,21228082.00
2023-04-12,45.57,45.57,44.50,44.58,214205,9609587.00
2023-04-13,45.00,45.00,44.02,44.22,218999,9747798.00
2023-04-14,44.69,44.94,44.12,44.25,223085,9882988.00
2023-04-17,44.05,45.51,44.05,44.82,287164,12904060.00
2023-04-18,44.94,45.48,44.72,45.08,307768,13887780.00
2023-04-19,45.04,45.20,44.81,44.91,176401,7932160.50
2023-04-20,45.31,45.31,44.51,44.61,189069,8468925.00
2023-04-21,44.50,45.44,42.10,42.86,515992,22354780.00
2023-04-24,42.70,43.80,42.68,43.23,222206,9590593.00
2023-04-25,43.30,43.49,41.56,43.45,181567,7701500.00
2023-04-26,43.45,43.80,41.60,43.45,337652,14423519.00
2023-04-27,42.96,43.89,41.90,42.19,187197,8011456.00
2023-04-28,42.38,42.62,41.04,42.05,199473,8355834.00
2023-05-04,42.00,42.52,41.69,41.80,187222,7880394.00
2023-05-05,41.51,43.15,41.40,43.09,207777,8733148.00
2023-05-08,43.03,43.98,42.88,43.16,257709,11175843.00
2023-05-09,43.57,43.98,41.00,41.88,377212,16067644.00
2023-05-10,41.39,42.08,41.03,41.61,159867,6634303.50
2023-05-11,42.05,42.05,41.50,41.66,95919,4006662.50
2023-05-12,41.72,42.19,41.05,41.27,121343,5037312.00
2023-05-15,41.24,41.24,38.50,39.80,944837,37179352.00
2023-05-16,39.98,40.34,38.90,39.39,239503,9477667.00
2023-05-17,39.16,39.50,39.01,39.23,125738,4934031.50
2023-05-18,39.73,39.76,37.83,38.07,428140,16402024.00
2023-05-19,37.90,39.12,37.80,38.40,183557,7077467.00
2023-05-22,38.56,40.52,38.39,40.52,286969,11291554.00
2023-05-23,39.97,41.28,39.55,40.80,284416,11578429.00
2023-05-24,40.87,40.90,39.88,39.88,204144,8241830.00
2023-05-25,23.55,24.51,23.32,23.43,526729,12617261.00
2023-05-26,23.26,23.55,22.50,23.31,258118,5925936.00
2023-05-29,23.25,24.00,23.04,23.72,223683,5259482.00
2023-05-30,23.72,23.98,23.04,23.85,261060,6164309.00
2023-05-31,23.97,24.09,23.85,23.93,285417,6842033.00
2023-06-01,24.14,24.80,24.01,24.63,446036,10915737.00
2023-06-02,24.63,25.00,24.11,24.50,210997,5154544.00
2023-06-05,24.43,24.55,23.91,24.05,209673,5054550.50
2023-06-06,24.08,24.08,22.72,22.80,583128,13425003.00
2023-06-07,22.75,23.18,22.75,23.02,131749,3039668.50
2023-06-08,23.21,23.21,22.33,23.08,446209,10130239.00
2023-06-09,23.10,23.10,21.91,22.68,733237,16304626.00
2023-06-12,22.47,22.47,21.80,21.83,618884,13575361.00
2023-06-13,21.88,22.22,21.50,21.80,405971,8824462.00
2023-06-14,21.73,21.94,21.50,21.50,246094,5323747.00
2023-06-15,21.50,21.94,21.40,21.75,383706,8288661.50
2023-06-16,21.82,22.11,21.75,21.88,245445,5378752.50
2023-06-19,21.69,22.19,21.50,21.88,175225,3820253.00
2023-06-20,21.80,21.97,21.42,21.49,219255,4748659.00
2023-06-21,21.30,21.50,20.40,21.30,758880,15872192.00
2023-06-26,21.25,21.25,19.70,20.29,983749,19878010.00
2023-06-27,20.40,20.40,19.99,20.03,287505,5777472.00
2023-06-28,20.15,20.19,18.93,19.24,899115,17313900.00
2023-06-29,19.24,19.39,18.89,19.00,467842,8905558.00
2023-06-30,19.12,20.77,18.74,20.43,1157873,22996812.00
2023-07-03,20.51,20.67,19.75,19.81,787992,15758756.00
2023-07-04,19.95,19.95,19.50,19.59,433818,8545363.00
2023-07-05,19.70,19.70,19.10,19.25,386324,7449637.50
2023-07-06,19.40,19.59,18.90,19.40,727962,13974793.00
2023-07-07,19.60,22.98,19.30,21.51,3427398,72394192.00
2023-07-10,21.30,21.51,20.50,21.40,1760560,36946624.00
2023-07-11,21.19,21.72,20.52,20.70,1186168,24853010.00
2023-07-12,20.63,21.08,19.76,19.76,1024843,20882026.00
2023-07-13,19.75,20.10,19.50,19.82,475954,9454007.00
2023-07-14,19.91,20.08,19.72,19.83,437045,8694999.00
2023-07-17,19.74,20.12,19.55,19.95,296533,5909825.00
2023-07-18,19.98,20.00,19.84,19.95,179660,3578749.25
2023-07-19,19.88,20.00,19.60,19.70,271000,5337932.50
2023-07-20,19.61,20.20,19.54,19.90,499826,9987186.00
2023-07-21,19.99,20.10,19.76,19.82,161789,3219957.50
2023-07-24,19.90,20.10,19.10,19.27,366425,7119561.00
2023-07-25,19.40,19.88,19.39,19.61,288648,5646092.50
2023-07-26,19.80,20.90,19.57,20.19,436123,8871557.00
2023-07-27,20.12,20.70,19.82,19.82,242392,4895321.00
2023-07-28,19.85,20.38,19.68,20.17,354556,7137566.50
2023-07-31,20.37,20.69,19.96,20.02,348280,7058874.50
2023-08-01,19.84,20.11,19.70,19.92,258628,5150318.50
2023-08-02,19.84,21.04,19.66,20.39,848463,17439596.00
2023-08-03,20.29,20.50,20.18,20.26,222117,4516058.00
2023-08-04,20.31,20.55,19.80,19.90,473067,9465516.00
2023-08-07,19.84,20.21,19.80,20.08,248704,4994218.00
2023-08-08,19.90,20.07,19.49,19.60,542432,10682813.00
2023-08-09,19.60,19.60,19.11,19.17,371188,7160970.50
2023-08-10,19.19,19.31,19.12,19.17,285091,5472316.00
2023-08-11,19.26,19.28,19.08,19.08,231689,4441156.00
2023-08-14,19.03,19.12,18.60,18.79,374724,7037225.00
2023-08-15,18.72,18.88,18.60,18.62,180367,3367645.00
2023-08-16,18.76,18.81,18.36,18.44,269593,5014096.50
2023-08-17,18.45,18.66,18.37,18.56,166979,3096869.25
2023-08-18,18.57,18.57,18.35,18.39,223551,4129594.50
2023-08-21,18.39,18.60,17.99,18.03,253418,4620281.00
2023-08-22,18.18,18.30,17.40,17.66,453511,8030725.50
2023-08-23,17.59,17.59,17.09,17.18,429298,7381508.00
2023-08-24,17.35,17.35,16.13,16.25,1077639,17845954.00
2023-08-25,16.10,16.25,15.08,15.48,777656,12207984.00
2023-08-28,16.40,16.49,14.23,14.50,1556265,23894574.00
2023-08-29,14.50,15.08,14.28,15.00,694016,10288523.00
2023-08-30,15.08,15.48,14.88,15.11,399061,6063928.50
2023-08-31,15.24,15.40,14.99,15.09,356045,5396832.00
2023-09-01,15.15,17.04,15.03,16.58,1346400,21478968.00
2023-09-04,17.16,19.58,17.00,18.05,2702503,49151984.00
2023-09-05,17.80,17.80,17.08,17.10,1023681,17755242.00
2023-09-06,17.00,17.88,17.00,17.34,690271,12044581.00
2023-09-07,17.44,17.44,16.60,16.60,559595,9495937.00
2023-09-08,16.55,16.55,15.88,16.38,681327,10985534.00
2023-09-11,16.54,17.39,16.36,17.31,836881,14358177.00
2023-09-12,17.48,18.03,17.32,17.68,859031,15260098.00
2023-09-13,17.75,17.86,17.43,17.69,503664,8841060.00
2023-09-14,17.80,18.15,17.65,17.87,706236,12612721.00
2023-09-15,18.03,18.04,17.65,17.75,456978,8130387.50
2023-09-18,17.58,17.88,17.58,17.66,331599,5863350.00
2023-09-19,17.49,17.81,17.49,17.56,205200,3624582.25
2023-09-20,17.60,17.60,16.88,17.04,368699,6354192.00
2023-09-21,17.20,17.20,16.60,16.61,276476,4641587.00
2023-09-22,16.61,16.96,16.43,16.77,321683,5358562.50
2023-09-25,16.73,16.73,16.03,16.17,378196,6120710.50
2023-09-26,16.21,16.43,15.67,15.85,417101,6608438.50
2023-09-27,15.78,16.09,15.78,15.97,278293,4440065.00
2023-09-28,15.87,16.57,15.87,16.56,319904,5234539.50
2023-10-09,16.72,16.96,16.55,16.67,273290,4584204.00
2023-10-10,16.67,16.68,16.16,16.33,204950,3362040.00
2023-10-11,16.30,16.49,16.27,16.37,150809,2469610.75
2023-10-12,16.50,16.64,16.35,16.55,256474,4237925.00
2023-10-13,16.46,16.61,16.35,16.48,251481,4135918.75
2023-10-16,16.48,16.48,15.90,15.96,195275,3142933.00
2023-10-17,16.05,16.08,15.53,15.61,203158,3189489.50
2023-10-18,15.66,15.74,14.77,14.82,647215,9646364.00
2023-10-19,14.69,14.69,14.37,14.45,451948,6544081.00
2023-10-20,14.56,15.14,14.28,14.68,649212,9457535.00
2023-10-23,14.69,14.69,14.00,14.20,351652,5041654.00
2023-10-24,14.20,14.64,14.20,14.45,416200,6022383.00
2023-10-25,14.52,14.99,14.48,14.68,385981,5690766.00
2023-10-26,14.60,14.78,14.40,14.69,205561,2995766.50
2023-10-27,14.56,15.60,14.50,15.27,698834,10521610.00
2023-10-30,15.10,15.10,14.60,14.90,912055,13503979.00
2023-10-31,14.93,15.60,14.42,14.78,662017,9839834.00
2023-11-01,14.78,14.89,14.48,14.54,515704,7535359.00
2023-11-02,14.64,14.64,14.13,14.13,441630,6326978.00
2023-11-03,14.20,14.42,14.14,14.35,378302,5419520.00
2023-11-06,14.57,14.62,14.35,14.58,605769,8790732.00
2023-11-07,14.50,14.51,14.30,14.40,744922,10691327.00
2023-11-08,14.28,14.64,14.27,14.48,600055,8681168.00
2023-11-09,14.48,14.66,14.35,14.61,920460,13368680.00
2023-11-10,14.48,14.58,14.21,14.35,522194,7517426.50
2023-11-13,14.46,14.46,14.17,14.20,568430,8126145.50
2023-11-14,14.16,14.52,14.16,14.48,438543,6304349.00
2023-11-15,14.41,15.69,14.41,15.33,1920302,29264962.00
2023-11-16,15.24,15.50,14.93,14.97,851261,12884886.00
2023-11-17,14.97,15.11,14.80,15.00,427517,6394097.00
2023-11-20,15.08,15.47,14.80,15.30,778306,11816456.00
2023-11-21,15.39,17.90,15.30,16.30,5080434,85997440.00
2023-11-22,16.30,17.50,15.70,17.33,4517611,77060952.00
2023-11-23,17.58,18.15,16.60,16.95,5625409,98275096.00
2023-11-24,16.75,17.81,16.61,17.80,5603815,97983312.00
2023-11-27,17.98,20.46,17.80,19.45,12701209,241258528.00
2023-11-28,19.00,19.36,18.01,18.40,6950862,129889216.00
2023-11-29,18.61,18.95,16.93,17.12,5833938,103983184.00
2023-11-30,17.26,17.56,16.22,16.43,3724983,62519344.00
2023-12-01,16.60,16.62,15.45,15.73,2933102,47089592.00
2023-12-04,15.88,16.23,15.47,15.93,2222027,35402048.00
2023-12-05,15.90,17.28,15.80,17.08,4078965,68567768.00
2023-12-06,17.18,17.45,16.66,16.77,2966595,50541640.00
2023-12-07,16.56,17.08,16.45,16.80,3164611,53149628.00
2023-12-08,16.68,16.97,16.05,16.05,2777429,45703428.00
2023-12-11,16.25,16.50,15.15,15.51,2209523,34747632.00
2023-12-12,15.53,15.64,15.17,15.54,1637054,25150580.00
2023-12-13,15.50,16.56,15.38,16.34,3615867,58525628.00
2023-12-14,16.09,17.88,16.08,16.91,6149074,105256576.00
2023-12-15,16.90,17.16,16.45,17.10,3129670,52649964.00
2023-12-18,17.22,17.65,17.08,17.49,3607654,62581536.00
2023-12-19,17.50,17.52,16.66,16.74,3003243,50956292.00
2023-12-20,17.00,17.69,17.00,17.24,4444494,77158880.00
2023-12-21,17.36,18.26,15.71,16.70,6368140,110285424.00
2023-12-22,16.43,17.20,15.98,16.64,2976549,49318336.00
2023-12-25,16.59,17.19,16.58,17.14,2685375,45554684.00
2023-12-26,17.00,17.87,16.81,17.41,4360256,75755536.00
2023-12-27,17.39,17.40,16.69,16.81,4901124,80894624.00
2023-12-28,16.80,16.98,16.42,16.88,6219442,102471248.00
2023-12-29,16.87,16.88,16.45,16.59,6183000,101545032.00
2024-01-02,16.57,16.60,16.25,16.53,4721043,77539248.00
2024-01-03,16.54,17.00,16.52,16.82,4322609,72559248.00
2024-01-04,16.82,17.05,16.49,16.63,3193080,53467936.00
2024-01-05,16.55,16.73,15.83,15.84,3661687,59344544.00
2024-01-08,15.92,16.09,15.27,15.29,2059185,32428060.00
2024-01-09,15.44,15.58,14.45,14.63,2551736,37999832.00
2024-01-10,14.74,14.99,14.46,14.79,1352660,19929220.00
2024-01-11,14.79,16.19,14.76,15.77,3443499,53647668.00
2024-01-12,15.49,15.84,14.90,14.90,2590491,39867912.00
2024-01-15,14.71,14.75,14.29,14.47,1886865,27356036.00
2024-01-16,14.50,15.30,14.15,15.14,2937249,43399916.00
2024-01-17,14.95,15.60,14.62,14.63,1927548,29030826.00
2024-01-18,14.64,14.84,14.23,14.50,2928609,42616796.00
2024-01-19,14.48,14.75,14.44,14.72,2196570,32112110.00
2024-01-22,14.63,14.80,13.80,13.86,2031412,28957144.00
2024-01-23,14.03,14.20,13.60,13.60,1684622,23374432.00
2024-01-24,13.75,14.07,13.05,13.50,2281791,30686292.00
2024-01-25,13.47,14.45,13.21,14.02,3251649,45282388.00
2024-01-26,13.91,14.05,13.50,13.65,2233953,30827348.00
2024-01-29,13.71,13.71,12.86,12.86,1785445,23749756.00
2024-01-30,12.95,13.08,11.86,12.10,2735565,33873580.00
2024-01-31,12.15,12.21,11.40,11.55,2550401,30130202.00
2024-02-01,11.60,11.60,10.66,10.90,2701002,29772258.00
2024-02-02,10.95,11.03,9.90,10.10,2974691,30761564.00
2024-02-05,10.18,10.18,9.08,9.21,2308023,21940288.00
2024-02-06,9.26,11.59,9.00,11.23,4107325,41441348.00
2024-02-07,11.23,12.95,11.23,11.85,4796262,58225244.00
2024-02-08,11.90,12.47,11.28,12.05,2623682,31023438.00
2024-02-19,12.21,12.35,11.68,11.98,2006904,23983920.00
2024-02-20,11.86,12.43,11.62,12.12,1764343,21348410.00
2024-02-21,12.04,13.40,11.82,13.23,3759550,47634016.00
2024-02-22,13.20,13.24,12.64,12.88,2368409,30665988.00
2024-02-23,12.90,13.01,12.57,12.69,1884355,23984196.00
2024-02-26,12.48,12.69,12.26,12.41,2092131,26071440.00
2024-02-27,12.50,13.08,12.37,12.97,1961714,25158968.00
2024-02-28,12.98,13.32,12.34,12.38,2378775,30600052.00
2024-02-29,12.38,12.64,12.30,12.58,1912910,23885850.00
2024-03-01,12.58,12.73,12.33,12.40,1533799,19135144.00
2024-03-04,12.40,12.40,11.94,12.03,1389653,16831328.00
2024-03-05,12.10,12.14,11.33,11.44,2029700,23506904.00
2024-03-06,11.39,11.54,11.25,11.41,1502030,17131118.00
2024-03-07,11.35,11.48,10.90,10.90,1625442,18210298.00
2024-03-08,10.99,11.60,10.59,11.58,2554718,28355692.00
2024-03-11,11.55,11.80,11.10,11.72,2807302,32415232.00
2024-03-12,11.48,13.25,11.45,12.57,4860561,60172628.00
2024-03-13,12.37,12.77,12.05,12.39,3383681,42025264.00
2024-03-14,12.20,12.51,11.89,12.14,1809892,22107258.00
2024-03-15,12.15,12.67,11.91,12.50,2323910,28782540.00
2024-03-18,12.48,13.50,12.42,13.22,4551062,59960248.00
2024-03-19,12.95,13.77,12.80,13.17,3601748,47950436.00
2024-03-20,13.15,13.29,12.88,13.25,2577702,33783692.00
2024-03-21,13.12,14.20,13.02,13.89,5241615,71515752.00
2024-03-22,14.30,15.80,14.18,15.25,9654408,147178448.00
2024-03-25,15.40,15.82,14.29,14.29,7046355,106523632.00
2024-03-26,13.88,14.00,13.35,13.53,4579499,62522024.00
2024-03-27,13.59,13.68,13.02,13.20,3559847,47462084.00
2024-03-28,13.30,14.99,13.27,14.41,6338907,89943856.00
2024-03-29,14.05,14.67,14.00,14.14,4214661,60134852.00
2024-04-01,14.16,14.44,13.80,13.88,3412281,47991716.00
2024-04-02,13.50,14.16,13.46,13.78,2989473,41332564.00
2024-04-03,13.70,13.70,13.22,13.52,2326795,31269564.00
2024-04-08,13.52,13.65,13.02,13.03,1557626,20768178.00
2024-04-09,13.06,13.33,13.05,13.16,1177125,15502273.00
2024-04-10,13.05,13.88,13.02,13.48,2472192,33534288.00
2024-04-11,13.43,13.48,13.03,13.13,1435485,19011486.00
2024-04-12,13.23,13.23,12.61,12.68,1603488,20620458.00
2024-04-15,12.75,12.94,12.10,12.20,1422397,17786990.00
2024-04-16,12.09,12.26,11.28,11.68,1881357,21927886.00
2024-04-17,11.74,12.37,11.74,12.25,1320184,16098607.00
2024-04-18,12.25,13.29,12.07,12.55,2191748,28016490.00
2024-04-19,12.27,13.00,12.27,12.66,1222547,15421000.00
2024-04-22,12.54,12.88,12.53,12.74,910580,11582861.00
2024-04-23,12.62,12.80,12.42,12.57,1045466,13186303.00
2024-04-24,12.57,12.89,12.47,12.80,1065937,13601763.00
2024-04-25,12.80,12.86,12.55,12.60,856782,10879593.00
2024-04-26,11.55,12.36,11.51,12.07,3670957,43884412.00
2024-04-29,12.01,12.12,11.68,11.97,1848249,21964894.00
2024-04-30,11.91,12.04,11.68,11.69,1262087,14879897.00
2024-05-06,11.80,11.84,11.68,11.76,1089043,12798659.00
2024-05-07,11.70,11.80,11.51,11.59,1160615,13510878.00
2024-05-08,11.56,12.05,11.50,11.65,1693468,19980146.00
2024-05-09,11.67,11.79,11.51,11.65,1602212,18582528.00
2024-05-10,11.67,11.67,11.32,11.38,1238512,14148031.00
2024-05-13,11.38,11.42,10.88,11.01,1250881,13876027.00
2024-05-14,11.03,11.30,11.03,11.25,874998,9818766.00
2024-05-15,11.28,11.83,11.28,11.50,2120356,24671634.00
2024-05-16,11.66,11.99,11.49,11.51,1692650,19850632.00
2024-05-17,11.41,12.50,11.33,12.25,4241346,51659688.00
2024-05-20,12.00,12.55,11.91,11.95,2572541,31283030.00
2024-05-21,11.84,12.10,11.63,11.90,1601839,18948322.00
2024-05-22,11.84,12.10,11.58,11.75,1341175,15874537.00
2024-05-23,11.81,12.40,11.61,12.05,3225253,38914036.00
2024-05-24,12.04,12.04,11.50,11.56,1640791,19238020.00
2024-05-27,11.46,11.78,11.37,11.57,843911,9731424.00
2024-05-28,11.58,11.74,11.40,11.52,660229,7617947.00
2024-05-29,11.52,11.63,11.47,11.53,482724,5572232.50
2024-05-30,11.57,11.63,11.29,11.30,666104,7582212.50
2024-05-31,11.21,11.39,11.14,11.28,414635,4657933.50
2024-06-03,11.28,11.28,10.82,11.01,911929,10045169.00
2024-06-04,11.00,11.47,10.91,11.21,649128,7256354.00
2024-06-05,11.22,11.24,10.86,10.92,604398,6673973.50
2024-06-06,10.93,11.00,10.37,10.40,976211,10342628.00
2024-06-07,10.41,10.73,10.34,10.47,581286,6084129.50
2024-06-11,10.42,10.56,10.07,10.56,723733,7461547.00
2024-06-12,10.57,10.70,10.50,10.63,404443,4285053.00
2024-06-13,10.63,10.63,10.35,10.44,679521,7124398.50
2024-06-14,10.43,10.66,10.30,10.59,461260,4845238.00
2024-06-17,10.58,10.67,10.44,10.45,470946,4952146.00
2024-06-18,10.44,10.50,10.35,10.44,368109,3838994.00
2024-06-19,10.45,10.80,10.34,10.56,728878,7719633.00
2024-06-20,10.55,10.57,10.20,10.27,591551,6112785.50
2024-06-21,10.28,10.50,10.17,10.39,486536,5050719.00
2024-06-24,10.38,10.38,9.80,9.83,814137,8121233.00
2024-06-25,9.84,10.09,9.60,9.70,708277,6956825.00
2024-06-26,9.69,9.79,9.52,9.76,877099,8434859.00
2024-06-27,9.75,9.84,9.47,9.48,696598,6725967.00
2024-06-28,9.39,9.70,9.39,9.58,442664,4252094.00
2024-07-01,9.59,9.77,9.52,9.63,611844,5898679.00
2024-07-02,9.64,10.06,9.50,9.86,548091,5311658.00
2024-07-03,9.84,9.84,9.52,9.64,626287,6015928.00
2024-07-04,9.65,9.81,9.44,9.52,673465,6479791.00
2024-07-05,9.53,9.61,9.18,9.42,658877,6133838.50
2024-07-08,9.41,9.41,9.02,9.04,464782,4251582.50
2024-07-09,9.05,9.30,8.99,9.15,399211,3647477.25
2024-07-10,9.16,9.40,9.14,9.18,344135,3181197.50
2024-07-11,9.24,9.39,9.23,9.35,738199,6874596.50
2024-07-12,9.36,9.68,9.31,9.39,568146,5380132.00
2024-07-15,9.39,9.39,9.07,9.14,434879,3981450.25
2024-07-16,9.22,9.50,9.03,9.41,640792,5962033.00
2024-07-17,9.42,10.23,9.42,10.12,2589636,25876844.00
2024-07-18,10.23,10.23,9.66,9.70,1233181,12160769.00
2024-07-19,9.73,10.11,9.73,9.76,1293721,12834011.00
2024-07-22,9.77,10.00,9.75,9.84,590436,5815114.00
2024-07-23,9.84,10.16,9.62,9.68,946894,9329232.00
2024-07-24,9.71,9.75,9.25,9.26,1055371,9898776.00
2024-07-25,9.23,9.35,9.03,9.13,863820,7937127.00
2024-07-26,9.12,9.31,9.12,9.27,461051,4263705.00
2024-07-29,9.29,9.36,9.05,9.10,566757,5190463.50
2024-07-30,9.11,9.26,9.05,9.19,583163,5347338.00
2024-07-31,9.22,9.42,9.11,9.40,1090813,10164297.00
2024-08-01,9.39,9.57,9.38,9.38,694253,6562401.50
2024-08-02,9.38,9.61,9.32,9.33,747234,7079387.00
2024-08-05,9.37,9.47,9.09,9.10,753669,6955527.00
2024-08-06,9.13,9.32,9.13,9.27,626669,5776239.00
2024-08-07,9.26,9.28,9.14,9.22,264573,2432897.50
2024-08-08,9.20,9.71,8.99,9.36,1330752,12423214.00
2024-08-09,9.39,9.45,9.13,9.18,621704,5755548.00
2024-08-12,9.21,9.21,8.91,8.99,740529,6704421.50
2024-08-13,8.98,9.06,8.96,9.02,428776,3862233.00
2024-08-14,9.05,9.05,8.79,8.87,553559,4937104.50
2024-08-15,8.86,8.95,8.77,8.88,580125,5146212.50
2024-08-16,8.88,9.07,8.80,8.82,524998,4677442.00
2024-08-19,8.82,8.87,8.45,8.45,1179228,10185107.00
2024-08-20,8.48,8.52,8.14,8.18,1278857,10612340.00
2024-08-21,8.16,8.28,8.03,8.11,792206,6436107.50
2024-08-22,8.14,8.15,7.77,7.83,1004675,7953798.00
2024-08-23,7.85,7.86,7.75,7.77,443241,3454589.00
2024-08-26,7.79,7.86,7.58,7.59,834764,6440070.00
2024-08-27,7.62,7.66,7.01,7.02,2056472,14849830.00
2024-08-28,7.03,7.10,6.86,6.90,1474451,10273540.00
2024-08-29,6.92,7.11,6.76,7.08,1354223,9434717.00
2024-08-30,7.12,7.35,7.06,7.25,1164589,8467333.00
2024-09-02,7.25,7.26,7.08,7.12,610463,4367528.50
2024-09-03,7.10,7.27,7.09,7.18,638875,4575117.50
2024-09-04,7.23,7.58,7.20,7.36,1535318,11354713.00
2024-09-05,7.36,7.54,7.22,7.32,1160583,8547005.00
2024-09-06,7.50,7.50,7.09,7.11,1015262,7327015.50
2024-09-09,7.09,7.30,7.03,7.10,654956,4682777.00
2024-09-10,7.12,7.22,6.95,7.11,828607,5845722.00
2024-09-11,7.10,7.19,7.08,7.08,462157,3291610.75
2024-09-12,7.06,7.21,7.06,7.09,607339,4327348.50
2024-09-13,7.10,7.29,6.96,7.10,1652581,11754956.00
2024-09-18,7.08,7.08,6.83,6.86,1357206,9368440.00
2024-09-19,6.88,7.20,6.83,7.01,1384862,9715960.00
2024-09-20,7.03,7.13,6.90,7.04,1208650,8492816.00
2024-09-23,7.06,7.08,7.00,7.01,648917,4566908.00
2024-09-24,7.03,7.28,7.01,7.27,1324200,9505812.00
2024-09-25,7.38,7.78,7.32,7.64,3008432,22935022.00
2024-09-26,7.67,7.83,7.47,7.81,2131418,16319866.00
2024-09-27,7.87,9.30,7.87,9.05,5169196,44813708.00
2024-09-30,9.82,11.76,9.72,11.76,10028011,107021808.00
2024-10-08,15.28,15.28,12.34,14.11,24755343,341665120.00
2024-10-09,13.11,13.46,11.38,11.38,12680208,157585440.00
2024-10-10,11.61,12.33,11.20,11.51,8792443,103090560.00
2024-10-11,11.54,11.54,10.02,10.42,5847383,63090200.00
2024-10-14,10.58,11.21,10.52,10.93,4720603,51306520.00
2024-10-15,11.20,11.22,10.63,10.72,4993495,54656368.00
2024-10-16,10.51,10.88,10.34,10.70,2890536,30805148.00
2024-10-17,10.69,11.65,10.69,11.12,7436123,82745152.00
2024-10-18,10.91,12.07,10.80,11.80,8994460,104378448.00
2024-10-21,12.20,13.35,11.92,12.88,12357709,155858016.00
2024-10-22,13.35,13.35,11.97,12.35,10781547,136393904.00
2024-10-23,12.23,12.77,11.90,12.40,8443535,104952584.00
2024-10-24,12.31,12.99,12.30,12.75,8775416,111957016.00
2024-10-25,12.66,13.87,12.66,13.02,15509612,206968112.00
2024-10-28,13.66,14.90,13.10,13.75,14216226,193812928.00
2024-10-29,13.70,14.17,13.30,14.02,14848075,204837040.00
2024-10-30,13.78,14.49,13.37,13.79,12640688,175247776.00
2024-10-31,14.10,14.20,12.65,13.08,10601908,142011680.00
2024-11-01,12.77,13.30,11.91,11.99,7023895,87716616.00
2024-11-04,11.87,12.54,11.87,12.47,5236058,64573584.00
2024-11-05,12.48,13.47,12.48,13.33,8891310,117624232.00
2024-11-06,13.71,14.30,13.38,13.97,14885047,206078304.00
2024-11-07,14.00,14.94,13.40,14.94,20739960,297848896.00
2024-11-08,15.55,15.88,14.11,14.13,16991224,253025824.00
2024-11-11,13.86,14.40,13.57,14.40,9580983,134672960.00
2024-11-12,14.48,15.07,13.82,14.03,8776656,126602864.00
2024-11-13,14.01,14.19,13.45,14.09,6829836,94487952.00
2024-11-14,14.09,14.40,13.62,13.63,6130988,86012272.00
2024-11-15,13.75,13.87,13.31,13.44,5776194,78332624.00
2024-11-18,13.73,13.88,13.01,13.44,6204801,83911568.00
2024-11-19,13.31,13.56,12.40,12.97,7587913,97686456.00
2024-11-20,12.97,13.76,12.97,13.75,8488863,114701016.00
2024-11-21,13.83,14.17,13.50,14.02,8276949,115430160.00
2024-11-22,13.98,14.16,13.08,13.16,7050427,96259312.00
2024-11-25,13.25,13.42,12.61,12.96,4079787,52491268.00
2024-11-26,12.89,13.13,12.49,12.49,3125102,40089184.00
2024-11-27,12.41,12.66,11.87,12.65,4570234,55678452.00
2024-11-28,12.65,13.02,12.53,12.58,3969621,50880652.00
2024-11-29,12.60,12.94,12.19,12.67,4297843,54161160.00
2024-12-02,12.68,13.31,12.59,13.16,5010846,65145644.00
2024-12-03,13.16,13.16,13.16,13.16,0,0.00
#数据来源:通达信
