836504 博迅生物 日线 不复权
      日期	    开盘	    最高	    最低	    收盘	    成交量	    成交额
2016-11-29,6.17,6.17,6.17,6.17,1100000,6787000.00
2016-11-30,10.00,10.00,10.00,10.00,1000,10000.00
2016-12-02,0.01,8.00,0.01,8.00,801000,16000.00
2016-12-05,0.01,10.00,0.01,10.00,1001000,5564000.00
2016-12-09,1.00,1.00,1.00,1.00,1600000,1600000.00
2016-12-12,6.17,6.17,6.17,6.17,200000,1234000.00
2016-12-14,6.17,6.17,6.17,6.17,60000,370200.00
2016-12-16,8.00,8.00,8.00,8.00,1000,8000.00
2016-12-21,8.50,10.80,8.50,9.27,300000,2780000.00
2016-12-22,15.00,15.05,15.00,15.00,22000,330230.00
2017-01-03,15.30,15.61,15.00,15.61,12000,184590.00
2017-01-04,15.78,16.10,15.30,16.04,12000,189450.00
2017-01-05,16.37,16.79,16.18,16.79,14000,230480.00
2017-01-06,16.95,17.29,16.94,17.29,12000,205480.00
2017-01-09,17.29,17.50,17.29,17.29,3000,52100.00
2017-01-11,17.32,17.46,17.31,17.46,3000,52100.00
2017-01-12,17.25,17.25,17.15,17.24,5000,85990.00
2017-01-16,16.90,17.32,16.90,17.32,2000,34220.00
2017-01-17,17.00,17.28,17.00,17.28,2000,34280.00
2017-01-18,16.90,17.29,16.90,17.29,2000,34200.00
2017-01-19,16.90,17.29,16.68,17.29,9000,151760.00
2017-01-20,16.90,17.29,16.90,17.29,3000,51100.00
2017-01-23,17.00,17.29,17.00,17.29,2000,34300.00
2017-01-24,17.00,17.28,17.00,17.28,2000,34280.00
2017-01-25,17.00,17.29,17.00,17.29,2000,34300.00
2017-01-26,17.15,17.28,17.15,17.28,2000,34430.00
2017-02-06,17.00,17.29,17.00,17.29,2000,34300.00
2017-02-07,17.00,17.25,17.00,17.25,2000,34250.00
2017-02-09,17.00,17.24,17.00,17.24,2000,34240.00
2017-02-10,17.00,17.29,17.00,17.29,2000,34300.00
2017-02-13,17.20,17.54,16.53,17.54,14000,241180.00
2017-02-15,17.45,17.78,17.00,17.78,14000,246140.00
2017-02-16,17.43,17.43,17.43,17.43,7000,122010.00
2017-02-17,17.77,18.06,17.77,18.06,7000,124730.00
2017-02-20,17.86,17.86,17.86,17.86,1000,17860.00
2017-02-21,17.70,17.70,17.70,17.70,1000,17710.00
2017-02-22,17.90,17.90,17.90,17.90,1000,17900.00
2017-02-23,17.60,17.60,17.60,17.60,1000,17600.00
2017-02-24,17.90,17.90,17.90,17.90,1000,17900.00
2017-02-27,17.20,17.90,17.20,17.90,2000,35100.00
2017-02-28,17.50,17.50,17.50,17.50,1000,17500.00
2017-03-01,17.50,17.50,17.50,17.50,1000,17500.00
2017-03-02,17.60,17.60,17.60,17.60,1000,17600.00
2017-03-06,17.50,17.79,16.91,17.79,14000,246160.00
2017-03-07,17.90,17.90,17.90,17.90,1000,17900.00
2017-03-08,17.54,17.90,17.54,17.90,2000,35450.00
2017-03-09,17.95,17.95,17.95,17.95,1000,17950.00
2017-03-10,17.60,17.84,17.10,17.84,20000,349780.00
2017-03-13,17.85,17.85,17.50,17.50,28000,494900.00
2017-03-14,17.86,17.86,17.51,17.51,46000,813510.00
2017-03-15,17.62,17.62,17.62,17.62,1000,17630.00
2017-03-16,17.83,17.83,17.83,17.83,1000,17830.00
2017-03-17,17.48,17.48,17.48,17.48,2000,34960.00
2017-03-20,17.20,17.83,17.20,17.83,10000,172630.00
2017-03-21,17.29,17.29,17.29,17.29,1000,17300.00
2017-03-23,17.79,17.79,17.79,17.79,1000,17790.00
2017-03-24,16.99,17.68,16.99,17.68,8000,136610.00
2017-03-27,17.69,17.69,17.69,17.69,1000,17690.00
2017-03-28,17.20,17.20,17.20,17.20,1000,17210.00
2017-03-30,17.65,17.65,17.65,17.65,1000,17650.00
2017-03-31,17.32,17.32,17.32,17.32,2000,34640.00
2017-04-05,17.64,17.64,17.64,17.64,1000,17640.00
2017-04-06,17.66,17.66,17.66,17.66,1000,17660.00
2017-04-07,17.29,17.29,17.29,17.29,2000,34600.00
2017-04-10,17.64,17.64,17.64,17.64,1000,17640.00
2017-04-11,17.64,17.64,17.64,17.64,1000,17640.00
2017-04-12,17.29,17.29,17.29,17.29,2000,34580.00
2017-04-13,17.61,17.61,17.61,17.61,1000,17610.00
2017-04-14,17.26,17.26,17.26,17.26,1000,17260.00
2017-04-17,17.69,17.69,17.69,17.69,1000,17690.00
2017-04-18,17.85,17.85,17.85,17.85,1000,17850.00
2017-04-19,17.18,17.19,16.91,17.19,8000,136990.00
2017-04-20,17.21,17.21,17.21,17.21,1000,17220.00
2017-04-21,17.21,17.21,17.21,17.21,1000,17220.00
2017-04-24,17.43,17.43,17.43,17.43,1000,17430.00
2017-04-25,16.60,17.40,16.60,17.40,2000,34000.00
2017-04-26,17.25,17.25,17.25,17.25,1000,17250.00
2017-04-27,16.71,17.25,16.58,17.08,9000,150530.00
2017-04-28,16.74,16.99,16.42,16.99,8000,132350.00
2017-05-03,17.26,17.26,17.26,17.26,1000,17260.00
2017-05-04,17.00,17.00,17.00,17.00,1000,17000.00
2017-05-08,17.25,17.25,17.25,17.25,1000,17250.00
2017-05-10,17.00,17.00,17.00,17.00,1000,17000.00
2017-05-16,16.66,16.90,16.66,16.90,12000,201360.00
2017-05-17,16.23,16.23,16.23,16.23,1000,16230.00
2017-05-19,16.40,16.40,16.40,16.40,5000,82000.00
2017-05-23,16.40,16.40,16.40,16.40,5000,82000.00
2017-05-24,16.60,16.60,16.40,16.40,11000,181400.00
2017-05-25,16.40,16.60,16.40,16.60,36000,594600.00
2017-05-26,15.83,16.40,15.82,16.40,8000,127200.00
2017-06-05,15.80,15.80,15.78,15.78,7000,110580.00
2017-06-15,15.20,15.20,15.16,15.16,7000,106360.00
2017-06-26,14.69,14.69,14.69,14.69,1000,14690.00
2017-07-03,14.25,14.25,14.16,14.16,7000,99660.00
2017-07-11,13.59,13.59,13.46,13.46,7000,95000.00
2017-07-18,12.98,13.46,12.79,13.46,8000,103260.00
2017-09-25,13.90,13.90,13.90,13.90,1000,13900.00
2017-09-27,14.51,14.51,14.51,14.51,1000,14510.00
2017-09-28,15.23,15.23,15.23,15.23,1000,15230.00
2018-05-03,14.73,14.73,14.73,14.73,1000,14730.00
2019-06-18,16.04,16.04,16.04,16.04,1000,16040.00
2020-07-08,12.60,12.60,12.60,12.60,14000,176400.00
2020-07-31,12.60,12.60,12.60,12.60,518000,4972800.00
2021-01-21,6.40,6.40,6.40,6.40,500000,3200000.00
2021-04-08,6.00,6.00,6.00,6.00,80000,480000.00
2021-07-06,6.00,6.00,6.00,6.00,1000,5994.00
2021-09-27,12.00,12.00,12.00,12.00,500,6000.00
2021-09-28,7.16,7.16,6.60,7.00,29300,204340.00
2021-09-29,7.43,7.57,7.23,7.57,90000,669500.00
2021-09-30,7.70,7.70,7.50,7.50,61400,463025.00
2021-10-08,7.60,7.60,7.60,7.60,1000,7600.00
2021-10-11,7.46,7.46,7.46,7.46,5000,37300.00
2021-10-13,7.62,7.62,7.62,7.62,10000,76200.00
2021-10-14,7.81,7.81,7.81,7.81,15000,117150.00
2021-10-18,9.85,9.85,9.85,9.85,16100,158746.00
2021-10-21,8.47,8.47,8.39,8.39,30600,258534.00
2021-10-22,8.50,8.50,8.39,8.39,13000,110149.00
2021-10-26,8.02,8.10,8.02,8.03,105000,843582.00
2021-10-27,8.09,8.09,8.08,8.09,45000,363995.00
2021-10-28,8.06,8.06,8.05,8.06,36000,289720.91
2021-10-29,8.00,8.00,8.00,8.00,19000,152000.00
2021-11-01,8.02,8.02,8.01,8.01,23900,191578.00
2021-11-02,8.02,8.02,8.02,8.02,2900,23217.90
2021-11-03,8.01,8.01,8.01,8.01,5000,40058.01
2021-11-04,7.99,7.99,7.99,7.99,20000,159800.00
2021-11-08,7.80,7.81,7.80,7.81,10700,83829.40
2021-11-09,7.80,7.80,7.80,7.80,1000,7800.00
2021-11-11,7.80,7.80,7.80,7.80,10000,78000.00
2021-11-12,7.98,7.98,7.98,7.98,700,5586.00
2021-11-15,7.80,7.80,7.80,7.80,20000,156000.00
2021-11-16,7.80,7.80,7.80,7.80,14100,109980.00
2021-11-23,7.90,7.90,7.90,7.90,1000,7900.00
2021-11-26,7.90,7.90,7.86,7.86,10900,85834.00
2021-11-29,7.77,7.78,7.77,7.78,30300,235731.00
2021-11-30,7.98,7.98,7.63,7.63,10600,80948.00
2021-12-01,7.61,7.61,7.55,7.57,5000,37910.00
2021-12-02,7.60,7.60,7.60,7.60,10000,76000.00
2021-12-06,7.79,8.00,7.79,7.99,5000,39780.00
2021-12-07,7.75,7.75,7.68,7.68,42000,323260.00
2021-12-08,7.50,7.71,7.50,7.71,21000,161700.00
2021-12-09,7.71,7.71,7.60,7.60,40200,308741.81
2021-12-10,7.60,7.60,7.60,7.60,13800,104963.60
2021-12-17,7.80,7.80,7.50,7.50,40000,304500.00
2021-12-20,7.50,7.50,7.50,7.50,39200,294000.00
2021-12-21,7.50,7.50,7.50,7.50,28500,213750.00
2021-12-22,7.49,7.50,7.49,7.50,12500,93693.00
2021-12-23,7.50,7.50,7.50,7.50,31300,234540.00
2021-12-24,7.50,7.50,7.50,7.50,2000,15000.00
2021-12-27,7.50,7.50,7.50,7.50,20400,153000.00
2021-12-28,7.50,7.53,7.50,7.53,80000,600600.00
2021-12-29,7.53,7.53,7.53,7.53,33000,248490.00
2021-12-30,7.50,7.50,7.50,7.50,21600,162000.00
2021-12-31,7.50,7.50,7.50,7.50,20000,150000.00
2022-01-04,7.50,7.70,7.50,7.65,29000,220450.00
2022-01-05,7.60,7.60,7.60,7.60,1700,12920.00
2022-01-06,7.80,7.88,7.80,7.88,6000,47200.00
2022-01-07,7.80,7.81,7.80,7.81,2000,15610.00
2022-01-10,7.90,8.00,7.90,8.00,22000,175900.00
2022-01-11,8.02,8.02,8.02,8.02,0,8.02
2022-01-12,8.50,8.50,8.50,8.50,1000,8500.00
2022-01-13,8.20,8.50,8.20,8.50,20000,167000.00
2022-01-14,8.42,8.42,8.42,8.42,24900,209658.00
2022-01-17,8.30,8.35,8.30,8.35,15400,128084.00
2022-01-18,8.50,8.50,8.50,8.50,10000,85000.00
2022-01-19,8.51,8.51,8.51,8.51,10000,85100.00
2022-01-20,8.50,8.50,8.50,8.50,12000,102000.00
2022-01-24,8.47,8.47,8.45,8.45,6500,55000.00
2022-01-28,8.39,8.39,8.39,8.39,1000,8400.00
2022-02-09,8.43,8.45,8.43,8.45,300,2534.00
2022-02-15,8.39,8.39,8.39,8.39,5000,42000.00
2022-02-16,8.39,8.39,8.39,8.39,11600,97431.60
2022-02-18,8.39,8.39,8.39,8.39,1000,8400.00
2022-02-22,8.39,8.60,8.39,8.60,8500,72328.00
2022-02-23,8.49,8.49,8.41,8.41,6200,52220.20
2022-02-24,8.49,8.52,8.49,8.52,6900,58728.00
2022-02-25,8.59,8.81,8.59,8.81,4000,34690.00
2022-02-28,8.56,8.68,8.56,8.68,20000,172400.00
2022-03-01,8.78,8.78,8.39,8.60,20000,171552.20
2022-03-02,8.70,8.70,8.68,8.68,6600,57410.00
2022-03-03,8.60,8.60,8.60,8.60,9200,79058.32
2022-03-04,8.68,8.68,8.58,8.58,6900,59890.76
2022-03-07,8.38,8.38,8.38,8.38,4000,33520.00
2022-03-08,8.27,8.27,8.27,8.27,1000,8270.00
2022-03-10,8.27,8.35,8.27,8.35,8000,66320.00
2022-03-11,8.00,8.00,8.00,8.00,1200,9600.00
2022-03-15,8.46,8.46,8.46,8.46,1900,16074.00
2022-03-16,8.43,8.45,8.43,8.43,14500,122447.90
2022-03-17,8.50,8.58,8.50,8.58,11300,96444.50
2022-03-18,8.58,8.58,8.58,8.58,5000,42891.42
2022-03-21,8.58,8.58,8.50,8.50,5700,48429.50
2022-03-23,8.59,8.60,8.59,8.60,10100,87024.40
2022-03-24,8.51,8.51,8.51,8.51,2200,18824.12
2022-03-25,8.51,8.51,8.51,8.51,5400,45954.00
2022-03-29,8.80,8.80,8.80,8.80,1000,8800.00
2022-03-30,8.78,8.78,8.75,8.75,12600,110509.72
2022-03-31,8.77,8.78,8.77,8.77,8800,77206.00
2022-04-01,8.75,8.75,8.72,8.72,11400,99690.00
2022-04-06,8.78,8.78,8.68,8.68,9000,78055.50
2022-04-07,8.68,8.71,8.60,8.60,14900,128726.90
2022-04-08,8.59,8.59,8.43,8.43,13300,113837.00
2022-04-11,8.35,8.35,8.33,8.33,1800,15010.00
2022-04-14,8.50,8.50,8.50,8.50,900,8049.50
2022-04-18,8.39,8.39,8.30,8.30,18000,149900.00
2022-04-19,8.28,8.28,8.28,8.28,9600,79405.20
2022-04-20,8.30,8.30,8.25,8.25,12800,106016.00
2022-04-21,8.18,8.18,8.18,8.18,3000,24570.00
2022-04-22,8.18,8.18,8.17,8.17,4000,32690.00
2022-04-29,7.99,7.99,7.99,7.99,2100,16387.49
2022-05-05,8.66,8.66,8.66,8.66,1000,8660.00
2022-05-06,8.79,8.79,8.68,8.68,12100,105039.00
2022-05-09,8.70,8.70,8.63,8.63,10000,86822.00
2022-05-10,8.49,8.49,8.43,8.43,12100,102493.95
2022-05-11,8.38,8.38,8.35,8.35,10700,89566.75
2022-05-17,8.78,8.78,8.78,8.78,100,878.00
2022-05-23,8.88,8.88,8.88,8.88,400,3552.00
2022-05-27,8.88,8.88,8.88,8.88,1000,8880.00
2022-06-10,8.87,9.16,8.87,9.16,40600,364733.19
2022-06-13,8.91,9.29,8.88,9.29,10000,88643.84
2022-06-14,8.85,9.16,8.55,8.59,17700,151621.00
2022-06-15,8.39,9.18,8.28,9.12,7800,65435.00
2022-06-16,8.21,9.14,8.20,8.95,3900,32245.00
2022-06-17,8.26,9.07,8.20,9.07,17000,139690.00
2022-06-20,8.08,9.00,8.00,8.88,5200,42203.92
2022-06-21,8.01,8.05,7.90,7.91,33200,264915.31
2022-06-22,7.92,8.87,7.91,8.87,1700,13197.05
2022-06-28,7.90,8.75,7.90,8.75,152200,1292649.00
2022-06-29,8.97,8.97,8.97,8.97,100,898.00
2022-07-01,7.80,8.64,7.80,8.64,1800,14125.00
2022-07-04,8.88,8.88,8.88,8.88,100,888.00
2022-07-12,9.20,9.20,9.20,9.20,100,920.00
2022-07-13,8.87,8.87,8.87,8.87,300,2661.00
2022-07-22,9.28,9.28,9.28,9.28,100,928.00
2022-08-04,8.28,8.28,8.28,8.28,3000,24840.00
2022-08-08,7.75,7.75,7.75,7.75,200,1550.00
2022-08-09,8.18,8.18,8.13,8.13,600,4903.00
2022-08-11,7.58,8.14,7.58,7.91,9700,76618.64
2022-08-12,7.98,8.34,7.88,8.34,800,6370.00
2022-08-16,8.39,8.39,8.39,8.39,100,840.00
2022-08-17,8.00,8.37,7.99,8.37,6200,49223.35
2022-08-18,7.80,8.20,7.80,8.20,100,1186.60
2022-08-19,7.88,7.88,7.88,7.88,1300,10244.00
2022-08-22,7.88,7.89,7.88,7.89,4000,31532.05
2022-08-30,8.39,8.39,8.39,8.39,100,839.00
2022-09-01,7.88,7.95,7.88,7.95,4700,37499.12
2022-09-02,7.88,8.58,7.88,8.58,37800,298308.59
2022-09-05,7.88,7.88,7.88,7.88,6200,48856.00
2022-09-06,7.88,8.58,7.88,8.58,3100,24498.00
2022-09-07,7.88,7.88,7.88,7.88,1800,14184.00
2022-09-08,8.58,8.58,8.58,8.58,100,858.00
2022-10-13,8.30,8.30,8.30,8.30,1200,9694.40
2022-10-14,8.16,8.16,8.16,8.16,5700,46275.36
2022-10-17,8.10,8.10,8.10,8.10,6400,51840.00
2022-10-18,8.00,8.50,8.00,8.00,205400,1643634.00
2022-10-19,8.00,8.05,8.00,8.05,15000,120250.00
2022-10-21,8.10,8.39,8.10,8.39,9000,74190.00
2022-10-26,8.50,8.50,8.50,8.50,2500,20910.00
2022-10-27,8.60,8.60,8.60,8.60,700,6020.00
2022-10-28,8.50,8.50,8.39,8.39,4200,35291.60
2022-10-31,8.39,8.47,8.39,8.47,29000,244671.00
2022-11-01,8.43,8.43,8.43,8.43,6300,52834.40
2022-11-02,8.43,8.43,8.43,8.43,5000,42200.00
2022-11-07,8.43,8.43,8.43,8.43,5000,42200.00
2022-11-09,8.45,8.45,8.45,8.45,100,845.00
2022-11-10,8.50,8.50,8.50,8.50,200,1700.00
2022-11-11,8.60,8.60,8.50,8.50,12000,102010.00
2022-11-15,8.50,8.52,8.50,8.52,3000,25530.00
2022-11-16,9.89,9.89,8.80,8.80,300,2750.00
2022-11-17,8.70,8.70,8.70,8.70,9600,83520.00
2022-11-18,8.80,8.80,8.80,8.80,1500,13208.80
2022-11-21,8.99,9.00,8.99,9.00,400,3598.00
2022-11-22,9.18,9.20,9.18,9.20,1100,10119.00
2022-11-23,9.89,9.99,9.88,9.97,7700,76653.12
2022-11-24,9.97,9.97,9.97,9.97,4300,42914.00
2022-11-29,9.99,11.99,9.99,11.57,2200,24390.16
2022-11-30,11.69,11.69,11.69,11.69,100,1169.00
2022-12-02,10.00,10.00,10.00,10.00,1000,10000.00
2022-12-07,9.20,9.88,9.18,9.88,13000,119243.78
2022-12-08,9.89,9.99,9.89,9.97,19800,196929.59
2022-12-09,11.88,11.88,9.22,11.80,300,3291.00
2022-12-12,9.50,11.48,9.50,11.48,3200,30796.00
2022-12-13,9.50,9.51,9.50,9.51,7200,68442.00
2022-12-14,9.60,9.60,9.60,9.60,100,960.00
2022-12-16,9.50,9.59,9.50,9.59,1500,14304.00
2022-12-19,10.50,10.50,10.50,10.50,100,1050.00
2022-12-21,11.00,11.00,11.00,11.00,100,1100.00
2022-12-27,10.44,10.44,10.44,10.44,4700,48859.20
2023-08-17,17.50,18.87,12.72,12.82,8344907,129712328.00
2023-08-18,11.90,13.49,11.55,11.80,5724892,69089784.00
2023-08-21,11.74,11.86,11.23,11.26,2744854,31414044.00
2023-08-22,11.29,11.29,10.34,10.48,2898555,31190976.00
2023-08-23,10.42,10.69,10.14,10.14,1465777,15221876.00
2023-08-24,10.30,10.30,9.82,10.02,1430986,14245364.00
2023-08-25,10.37,10.70,10.11,10.15,2319942,24060214.00
2023-08-28,10.89,11.00,10.00,10.12,1812126,19137878.00
2023-08-29,10.08,10.43,9.82,10.33,1576114,15950516.00
2023-08-30,10.31,10.35,10.08,10.13,1241594,12646713.00
2023-08-31,10.16,10.55,9.96,10.43,1466096,15066127.00
2023-09-01,10.42,10.95,10.35,10.74,1809037,19388366.00
2023-09-04,11.19,11.87,10.85,11.50,2454364,28015398.00
2023-09-05,11.25,11.50,10.84,10.91,1745350,19254816.00
2023-09-06,10.98,11.19,10.53,10.79,1070608,11504780.00
2023-09-07,10.79,10.84,10.25,10.33,1224306,12798484.00
2023-09-08,10.29,10.32,10.02,10.18,461979,4693264.50
2023-09-11,10.11,10.31,10.11,10.26,186715,1911632.88
2023-09-12,10.21,10.24,10.00,10.03,442877,4468929.50
2023-09-13,9.93,10.10,9.93,9.99,321427,3211146.25
2023-09-14,9.98,10.06,9.86,9.91,345690,3428906.25
2023-09-15,9.99,9.99,9.70,9.84,754513,7357900.00
2023-09-18,9.79,9.84,9.65,9.65,321559,3117789.00
2023-09-19,9.65,9.74,9.62,9.69,175798,1698540.75
2023-09-20,9.65,9.68,9.48,9.49,321413,3077810.75
2023-09-21,9.40,9.63,9.30,9.36,194370,1826919.88
2023-09-22,9.36,9.54,9.30,9.50,136434,1283310.75
2023-09-25,9.66,9.73,9.33,9.33,376648,3579860.75
2023-09-26,9.33,9.33,9.25,9.30,135584,1259730.50
2023-09-27,9.39,9.39,9.20,9.20,142663,1323582.25
2023-09-28,9.30,9.42,9.24,9.39,243340,2270401.75
2023-10-09,9.40,9.52,9.38,9.47,164420,1555871.75
2023-10-10,9.54,9.54,9.37,9.39,58930,553993.75
2023-10-11,9.38,9.48,9.35,9.39,109682,1028735.19
2023-10-12,9.43,9.45,9.32,9.37,135519,1269129.00
2023-10-13,9.32,9.36,9.20,9.26,141041,1310097.25
2023-10-16,9.23,9.30,9.12,9.15,89017,817455.13
2023-10-17,9.22,9.36,9.14,9.30,147884,1368318.13
2023-10-18,9.25,9.26,9.12,9.25,114852,1052882.63
2023-10-19,9.24,9.29,9.15,9.20,68042,626438.31
2023-10-20,9.22,9.25,9.13,9.19,110564,1018685.69
2023-10-23,9.12,9.28,9.05,9.18,498034,4584531.50
2023-10-24,8.51,8.51,8.15,8.35,489395,4041651.00
2023-10-25,8.35,8.41,8.30,8.36,49700,414098.84
2023-10-26,8.35,8.44,8.27,8.27,54572,454128.03
2023-10-27,8.36,8.84,8.25,8.76,601051,5203812.50
2023-10-30,8.76,9.25,8.68,8.89,578391,5209388.50
2023-10-31,8.60,8.70,8.29,8.51,826185,6995453.00
2023-11-01,8.33,8.50,8.33,8.38,150545,1268834.88
2023-11-02,8.44,8.55,8.40,8.47,154832,1307990.75
2023-11-03,8.45,8.90,8.31,8.70,675142,5827756.50
2023-11-06,8.88,8.89,8.71,8.83,428260,3779025.00
2023-11-07,8.66,9.00,8.66,8.86,488381,4300965.00
2023-11-08,8.87,9.23,8.78,9.11,979127,8844133.00
2023-11-09,9.29,10.18,9.23,9.82,2290105,22409874.00
2023-11-10,9.42,9.67,9.38,9.49,1231169,11657700.00
2023-11-13,9.51,9.58,9.24,9.45,630636,5898810.00
2023-11-14,9.40,10.28,9.30,10.13,1972576,19626636.00
2023-11-15,10.18,10.30,9.75,10.05,1161951,11546686.00
2023-11-16,9.92,10.06,9.55,9.60,1002844,9724914.00
2023-11-17,9.60,9.78,9.45,9.76,559551,5396339.50
2023-11-20,9.77,10.16,9.61,9.97,891368,8852835.00
2023-11-21,10.04,11.40,10.00,10.53,3151914,33796896.00
2023-11-22,10.21,13.68,10.21,13.68,5129319,63841436.00
2023-11-23,14.40,16.28,13.08,14.50,5561611,81987696.00
2023-11-24,13.50,17.28,13.33,16.42,5003048,77705680.00
2023-11-27,16.50,21.34,16.02,21.34,6632736,119284080.00
2023-11-28,19.60,20.74,17.83,18.10,4558593,87026120.00
2023-11-29,18.26,19.30,15.38,15.74,2904897,48837720.00
2023-11-30,15.50,16.10,14.76,15.50,1931649,29753124.00
2023-12-01,15.55,15.77,14.11,14.38,1926095,28360354.00
2023-12-04,14.25,14.88,13.90,14.49,1132510,16327356.00
2023-12-05,14.49,16.77,14.05,16.37,3263533,50845848.00
2023-12-06,16.28,17.10,15.55,16.26,2416624,39494556.00
2023-12-07,16.82,18.50,16.30,16.76,2870967,50237552.00
2023-12-08,16.56,18.50,16.50,17.95,2985475,52718188.00
2023-12-11,17.94,17.98,16.26,17.58,2565684,44075660.00
2023-12-12,17.03,18.00,17.03,17.63,1909119,33476024.00
2023-12-13,17.61,19.73,17.38,19.00,2957957,55793184.00
2023-12-14,18.66,20.44,18.40,19.22,3252759,62900752.00
2023-12-15,18.88,19.46,17.85,18.80,1627078,30471556.00
2023-12-18,18.92,19.95,18.74,19.45,1824346,35583488.00
2023-12-19,19.50,19.90,18.48,18.87,1502094,28529108.00
2023-12-20,18.65,19.59,18.65,19.54,1835660,35369356.00
2023-12-21,19.72,19.93,16.68,17.20,2169831,40056264.00
2023-12-22,17.30,17.50,16.33,17.21,791493,13486472.00
2023-12-25,17.25,18.30,16.96,18.29,1297712,23286360.00
2023-12-26,18.64,19.49,17.89,18.88,2161203,40736508.00
2023-12-27,18.50,18.76,17.70,18.33,1296215,23608046.00
2023-12-28,18.33,18.83,17.84,18.26,961207,17688236.00
2023-12-29,18.37,18.86,18.20,18.79,1093424,20381094.00
2024-01-02,19.20,19.90,18.78,19.72,2155974,41684180.00
2024-01-03,19.72,20.86,19.50,20.02,2312055,46672324.00
2024-01-04,19.69,20.82,19.69,20.75,2487725,50402992.00
2024-01-05,21.00,21.28,19.19,19.65,1765686,35648284.00
2024-01-08,19.40,19.70,18.18,18.20,1039005,19677664.00
2024-01-09,18.26,18.57,16.56,17.13,988910,17353020.00
2024-01-10,17.20,17.69,16.57,17.45,739827,12817323.00
2024-01-11,17.69,17.98,17.42,17.50,589812,10452609.00
2024-01-12,17.41,17.72,15.33,15.39,986165,16155762.00
2024-01-15,15.39,15.72,14.36,14.65,659482,9838852.00
2024-01-16,14.73,15.94,14.02,15.70,1106574,16627600.00
2024-01-17,15.70,16.69,15.32,15.56,917123,14681777.00
2024-01-18,15.50,16.68,15.23,16.58,1171982,18972082.00
2024-01-19,16.50,18.60,16.42,18.51,1979623,35295876.00
2024-01-22,18.28,18.58,17.30,18.08,1557119,27787954.00
2024-01-23,18.18,19.65,17.83,19.62,2631336,49956440.00
2024-01-24,20.60,22.88,19.45,22.58,5557016,118098568.00
2024-01-25,21.68,25.50,21.20,21.50,6280757,145086800.00
2024-01-26,20.31,20.90,18.33,18.36,4827219,94788296.00
2024-01-29,17.36,17.52,15.98,16.03,2465899,41458348.00
2024-01-30,15.98,16.56,15.52,16.30,1432190,22986222.00
2024-01-31,16.28,17.38,16.17,16.90,1381102,23338352.00
2024-02-01,16.51,16.92,15.62,15.65,1261700,20498092.00
2024-02-02,15.77,15.80,13.34,13.91,2375928,34097076.00
2024-02-05,13.52,13.86,12.65,13.19,1029430,13518483.00
2024-02-06,13.29,15.15,13.29,15.00,1673421,23978334.00
2024-02-07,15.00,15.80,14.33,14.55,1464209,22163536.00
2024-02-08,14.63,14.69,13.51,14.18,979200,13698735.00
2024-02-19,14.05,14.77,14.05,14.64,717746,10417461.00
2024-02-20,14.66,15.78,14.48,15.45,1304231,20068062.00
2024-02-21,15.24,15.88,15.24,15.56,1347668,21025950.00
2024-02-22,15.72,15.84,15.13,15.41,791235,12225578.00
2024-02-23,15.47,15.59,14.70,14.86,601752,9007217.00
2024-02-26,14.98,15.39,14.62,14.89,696179,10469190.00
2024-02-27,15.03,16.20,14.70,16.18,1469555,23140234.00
2024-02-28,16.15,17.15,15.81,15.86,1643714,27127814.00
2024-02-29,15.66,16.33,15.66,16.33,982283,15715118.00
2024-03-01,16.30,16.95,16.13,16.47,851336,14052147.00
2024-03-04,16.38,16.47,15.80,15.91,665371,10703882.00
2024-03-05,16.08,16.08,15.29,15.30,517000,8054100.50
2024-03-06,15.33,16.08,15.21,15.72,480621,7541399.00
2024-03-07,15.69,15.94,15.35,15.70,493772,7742709.50
2024-03-08,15.70,16.19,15.53,15.87,300599,4768111.00
2024-03-11,15.76,16.66,15.70,16.45,638760,10352986.00
2024-03-12,16.45,17.15,16.45,16.77,953706,15977798.00
2024-03-13,16.79,18.05,16.78,18.05,1796036,31303710.00
2024-03-14,18.20,19.50,17.82,18.40,2111243,39611768.00
2024-03-15,18.00,18.88,17.33,18.28,1833600,33174720.00
2024-03-18,17.00,17.83,17.00,17.68,2391036,41423152.00
2024-03-19,17.50,17.70,17.16,17.36,1185687,20640716.00
2024-03-20,17.36,17.82,17.29,17.35,696105,12136422.00
2024-03-21,17.30,17.35,16.70,16.83,800881,13592665.00
2024-03-22,16.75,16.98,16.38,16.66,352134,5875493.50
2024-03-25,16.86,16.86,15.79,15.82,387540,6321404.00
2024-03-26,15.89,16.08,15.03,15.26,407920,6278503.50
2024-03-27,15.26,16.48,15.15,15.58,583772,9369226.00
2024-03-28,15.52,16.14,15.18,15.55,442764,6888949.00
2024-03-29,15.53,16.24,15.48,15.89,432689,6903634.00
2024-04-01,15.86,16.46,15.74,15.98,468970,7490361.00
2024-04-02,16.14,16.17,15.89,15.98,291242,4651530.50
2024-04-03,16.12,16.70,15.93,16.38,310772,5060722.00
2024-04-08,16.27,16.49,15.24,15.60,468449,7341608.50
2024-04-09,15.53,15.78,15.40,15.45,168074,2602294.25
2024-04-10,15.45,16.14,14.90,15.72,772884,12092022.00
2024-04-11,15.85,15.85,15.10,15.21,420970,6438332.50
2024-04-12,15.34,15.80,15.10,15.35,261167,4029767.50
2024-04-15,15.40,15.55,14.52,15.06,354475,5335832.50
2024-04-16,14.94,14.94,13.30,13.55,587177,8181771.50
2024-04-17,13.70,14.55,13.60,14.42,378689,5406845.50
2024-04-18,14.30,15.11,14.27,14.66,301159,4471193.50
2024-04-19,14.66,14.96,14.32,14.32,182223,2654698.25
2024-04-22,14.16,14.49,14.16,14.26,144173,2066122.13
2024-04-23,14.39,14.47,14.20,14.38,161027,2300580.00
2024-04-24,14.35,14.38,14.22,14.25,205797,2941810.25
2024-04-25,14.35,14.39,14.12,14.24,114054,1625731.50
2024-04-26,14.26,14.35,13.87,14.23,497169,7044639.50
2024-04-29,14.22,14.24,13.88,14.09,356732,5019336.50
2024-04-30,14.04,14.20,13.67,14.10,444301,6228230.50
2024-05-06,14.00,14.65,14.00,14.22,381410,5436331.00
2024-05-07,14.33,14.45,14.14,14.20,602082,8594510.00
2024-05-08,14.22,16.51,14.21,15.65,2860212,44165712.00
2024-05-09,15.00,15.28,14.63,14.69,1814944,27023246.00
2024-05-10,14.83,15.16,14.04,14.16,1022061,14854090.00
2024-05-13,14.01,14.30,13.81,14.15,425395,6013993.00
2024-05-14,14.11,14.29,14.00,14.03,300193,4227066.00
2024-05-15,14.16,14.18,13.67,13.67,303499,4206176.50
2024-05-16,13.70,13.80,13.35,13.39,297795,4047401.25
2024-05-17,13.50,13.50,13.03,13.42,359442,4741766.00
2024-05-20,13.28,13.45,13.06,13.25,221643,2919981.50
2024-05-21,13.11,13.18,12.98,13.05,175202,2285979.75
2024-05-22,13.23,13.25,12.98,13.18,237285,3115811.25
2024-05-23,13.02,14.00,12.90,13.45,1195303,16195714.00
2024-05-24,13.32,13.64,13.25,13.36,381497,5120078.00
2024-05-27,13.55,13.58,13.25,13.40,350993,4687448.00
2024-05-28,13.30,13.60,13.30,13.33,193008,2589416.00
2024-05-29,13.26,13.39,13.16,13.36,126724,1683230.38
2024-05-30,13.19,13.25,13.00,13.01,245807,3213548.50
2024-05-31,13.18,13.20,12.94,12.99,85610,1117502.88
2024-06-03,12.89,12.95,11.98,12.21,532817,6546077.00
2024-06-04,12.11,12.23,11.98,12.15,341339,4123414.50
2024-06-05,12.26,12.27,11.52,11.59,354047,4147239.50
2024-06-06,11.46,11.66,10.52,10.72,783219,8564447.00
2024-06-07,10.60,11.13,10.60,10.92,276867,3013286.25
2024-06-11,11.01,11.30,10.68,11.07,224980,2484965.00
2024-06-12,11.18,11.20,11.05,11.14,162691,1806385.88
2024-06-13,11.20,11.20,10.95,11.10,208827,2306517.00
2024-06-14,10.95,11.33,10.80,11.26,296367,3307992.75
2024-06-17,11.35,11.54,11.12,11.26,209865,2365463.00
2024-06-18,11.40,11.40,11.16,11.35,207098,2334664.75
2024-06-19,11.42,11.76,11.27,11.50,339612,3902366.25
2024-06-20,11.50,11.50,11.16,11.28,428968,4697245.00
2024-06-21,11.30,11.88,11.17,11.85,1317641,15175796.00
2024-06-24,11.62,11.92,11.43,11.59,784099,9156339.00
2024-06-25,11.43,11.81,11.24,11.70,392328,4562057.00
2024-06-26,11.70,12.16,11.37,11.85,564748,6691183.50
2024-06-27,12.02,12.24,11.69,12.05,979343,11756267.00
2024-06-28,12.22,12.61,11.87,12.30,870511,10708727.00
2024-07-01,12.70,12.72,12.24,12.50,520825,6513305.00
2024-07-02,12.67,12.67,11.82,11.89,519424,6334746.00
2024-07-03,11.96,11.99,11.20,11.60,537705,6213391.00
2024-07-04,11.77,12.39,11.62,11.75,328426,3898910.25
2024-07-05,11.88,11.88,11.38,11.70,269578,3112835.25
2024-07-08,11.79,11.79,11.12,11.13,140502,1588902.50
2024-07-09,11.33,11.33,10.76,11.14,369754,4054512.75
2024-07-10,11.25,11.66,11.02,11.20,390765,4378315.00
2024-07-11,11.20,11.65,10.90,11.54,504732,5709781.50
2024-07-12,11.25,11.55,11.20,11.28,271534,3082573.00
2024-07-15,11.35,11.35,10.97,10.97,178462,1972567.75
2024-07-16,10.87,11.77,10.86,11.60,935973,10631355.00
2024-07-17,11.60,14.10,11.60,13.95,2915846,38466984.00
2024-07-18,13.27,13.77,12.23,12.51,2155039,27467922.00
2024-07-19,12.45,12.90,12.12,12.12,714058,8887758.00
2024-07-22,12.12,12.20,11.67,11.85,636484,7570841.50
2024-07-23,11.98,12.20,11.61,11.70,503940,5962230.50
2024-07-24,11.60,11.86,11.32,11.33,325208,3736508.75
2024-07-25,11.42,11.61,11.25,11.50,294474,3377068.75
2024-07-26,11.51,11.81,11.46,11.55,438784,5102881.50
2024-07-29,11.68,11.70,11.44,11.61,218068,2516528.25
2024-07-30,11.61,11.82,11.56,11.80,270962,3182288.00
2024-07-31,11.80,12.18,11.67,12.05,489867,5873982.50
2024-08-01,12.06,12.25,11.82,11.89,279900,3340991.00
2024-08-02,11.81,12.30,11.81,11.92,760956,9230088.00
2024-08-05,11.80,11.94,11.30,11.35,391554,4540977.00
2024-08-06,11.55,11.55,11.15,11.50,265536,3015998.25
2024-08-07,11.60,11.60,11.27,11.32,214368,2439275.75
2024-08-08,11.40,11.80,11.21,11.48,673590,7809859.00
2024-08-09,11.37,11.62,11.15,11.27,467282,5263090.50
2024-08-12,11.22,11.80,11.10,11.47,334214,3820379.00
2024-08-13,11.50,11.50,11.20,11.45,189998,2143746.50
2024-08-14,11.41,11.41,11.20,11.25,213975,2408035.25
2024-08-15,11.22,11.36,11.19,11.27,163319,1840800.63
2024-08-16,11.25,11.54,11.18,11.36,276225,3115599.75
2024-08-19,11.39,11.39,11.19,11.19,115584,1298824.13
2024-08-20,11.21,11.43,11.14,11.30,256806,2895147.50
2024-08-21,11.36,11.36,11.15,11.30,188167,2113924.25
2024-08-22,11.25,11.25,10.65,10.85,388848,4218323.00
2024-08-23,10.85,11.19,10.68,11.12,281169,3097596.25
2024-08-26,10.96,11.22,10.95,11.15,70822,788085.38
2024-08-27,11.01,11.02,10.86,10.87,159617,1738161.38
2024-08-28,10.80,10.95,10.76,10.89,119902,1302856.13
2024-08-29,10.85,11.15,10.85,10.99,93812,1033706.19
2024-08-30,11.08,11.25,10.87,11.11,269468,3006004.00
2024-09-02,11.27,11.38,10.71,10.75,260750,2872571.75
2024-09-03,10.89,11.06,10.61,10.74,166303,1788407.88
2024-09-04,10.88,10.90,10.61,10.66,110873,1182177.63
2024-09-05,10.63,10.69,10.46,10.58,87028,919373.56
2024-09-06,10.66,10.68,10.36,10.36,132253,1381199.50
2024-09-09,10.30,10.57,10.18,10.18,152379,1568771.38
2024-09-10,10.32,10.32,10.02,10.22,123731,1253944.75
2024-09-11,10.22,10.27,10.11,10.23,61709,631151.44
2024-09-12,10.31,10.31,10.15,10.17,78770,806885.25
2024-09-13,10.17,10.54,10.13,10.31,162762,1679146.63
2024-09-18,10.25,10.44,10.01,10.36,88046,905034.06
2024-09-19,10.45,10.58,10.30,10.38,113110,1184103.63
2024-09-20,10.52,10.61,10.29,10.29,126705,1317288.13
2024-09-23,10.26,10.43,10.20,10.20,37062,379694.22
2024-09-24,10.30,10.50,10.21,10.42,214246,2218890.25
2024-09-25,10.55,10.82,10.50,10.57,356433,3815195.75
2024-09-26,10.68,11.10,10.51,10.99,308146,3329609.25
2024-09-27,11.50,11.84,11.11,11.77,1057729,12239045.00
2024-09-30,12.34,14.85,12.16,14.84,3298578,45948124.00
2024-10-08,18.18,19.23,16.28,19.23,4265789,75600040.00
2024-10-09,16.80,17.77,14.88,14.90,2937691,48015480.00
2024-10-10,14.98,15.79,14.30,14.75,1357190,20418730.00
2024-10-11,14.54,14.59,13.00,13.55,1089931,14930458.00
2024-10-14,13.68,14.36,13.38,14.20,900698,12592851.00
2024-10-15,14.05,14.87,14.03,14.03,876795,12652150.00
2024-10-16,14.17,14.59,13.65,14.48,755820,10832275.00
2024-10-17,14.70,16.50,14.70,15.81,3041374,47835048.00
2024-10-18,15.60,17.58,15.25,17.58,3781224,61699256.00
2024-10-21,17.40,18.99,16.70,18.98,4282430,78398480.00
2024-10-22,18.50,18.88,16.19,16.62,2935782,51629632.00
2024-10-23,17.00,17.55,16.60,17.00,1583568,26848302.00
2024-10-24,16.90,18.42,16.80,18.08,2528674,44945956.00
2024-10-25,17.77,20.57,17.31,17.89,4565040,86293776.00
2024-10-28,17.40,20.19,17.30,20.00,3475392,65380404.00
2024-10-29,20.00,22.00,19.51,21.33,4257375,89136088.00
2024-10-30,20.60,21.80,19.14,20.35,3128229,63904520.00
2024-10-31,20.01,20.30,18.59,19.16,2081440,40322088.00
2024-11-01,19.00,19.66,18.03,18.03,1363537,25716430.00
2024-11-04,18.28,19.56,17.98,19.05,1537620,28886342.00
2024-11-05,19.50,21.00,19.12,21.00,2005027,40259964.00
2024-11-06,22.99,24.75,20.77,23.77,4619118,107364152.00
2024-11-07,22.62,25.00,21.88,25.00,4941133,114975664.00
2024-11-08,26.00,26.50,22.60,24.30,3252748,78184776.00
2024-11-11,23.60,24.00,22.06,23.26,1428126,32822252.00
2024-11-12,27.00,27.00,23.03,23.17,4189669,104890696.00
2024-11-13,21.80,23.42,21.58,22.66,2698337,60296860.00
2024-11-14,22.40,22.94,21.68,21.70,1829269,40609876.00
2024-11-15,21.80,22.45,21.18,21.71,1449678,31654854.00
2024-11-18,22.00,23.22,21.02,22.28,1632563,36136644.00
2024-11-19,21.96,22.13,18.02,20.50,1719875,35011220.00
2024-11-20,20.49,21.67,19.81,21.40,1700870,35669272.00
2024-11-21,21.48,25.33,21.25,24.40,3768700,87462696.00
2024-11-22,24.00,26.88,23.41,23.62,3441089,85717576.00
2024-11-25,24.30,25.65,23.21,24.37,2199691,53495852.00
2024-11-26,24.00,25.80,23.90,24.20,1929645,47544020.00
2024-11-27,24.28,26.30,22.20,26.30,2929749,71052968.00
2024-11-28,26.08,29.30,25.73,27.48,4068721,112175016.00
2024-11-29,28.33,28.94,26.50,27.68,3343027,92283392.00
2024-12-02,27.79,28.80,27.32,27.69,2526191,70366440.00
2024-12-03,27.69,27.69,27.69,27.69,0,0.00
#数据来源:通达信
