836699 海达尔 日线 不复权
      日期	    开盘	    最高	    最低	    收盘	    成交量	    成交额
2023-05-09,15.10,18.10,15.10,15.15,7900599,127214200.00
2023-05-10,14.24,14.24,11.50,11.60,5221040,64073856.00
2023-05-11,11.03,11.32,10.51,10.72,3372147,36617408.00
2023-05-12,10.71,12.68,10.45,11.74,4312214,49432180.00
2023-05-15,10.88,11.00,10.60,10.75,3048062,32930576.00
2023-05-16,10.74,10.93,10.38,10.52,1915729,20361960.00
2023-05-17,10.54,10.55,10.27,10.32,1402631,14516277.00
2023-05-18,10.27,10.56,10.25,10.40,1214264,12657914.00
2023-05-19,10.35,10.60,10.30,10.49,866091,9045638.00
2023-05-22,10.50,11.00,10.40,10.75,1332843,14205575.00
2023-05-23,10.65,11.73,10.65,11.70,2662124,30209974.00
2023-05-24,11.53,12.59,11.51,11.64,2622246,31624982.00
2023-05-25,11.25,11.55,10.75,11.04,1617358,17817800.00
2023-05-26,11.01,11.19,10.50,11.17,1334645,14448973.00
2023-05-29,11.03,11.12,10.85,11.03,677773,7424829.00
2023-05-30,11.11,11.11,10.80,10.85,506212,5493257.50
2023-05-31,10.85,10.90,10.60,10.65,629651,6725632.00
2023-06-01,10.58,10.69,10.50,10.53,415152,4392225.00
2023-06-02,10.65,10.74,10.50,10.61,401605,4263531.50
2023-06-05,10.66,10.66,10.45,10.52,332724,3491044.00
2023-06-06,10.46,10.55,10.21,10.32,662588,6844821.00
2023-06-07,10.25,10.43,10.00,10.11,746507,7546448.00
2023-06-08,10.02,10.14,9.92,10.01,637596,6373885.50
2023-06-09,10.01,10.25,10.01,10.18,413497,4181970.00
2023-06-12,10.10,10.20,10.05,10.10,302372,3053190.50
2023-06-13,10.05,10.15,10.03,10.12,332864,3356779.75
2023-06-14,10.15,10.18,10.05,10.14,256934,2597302.00
2023-06-15,10.14,10.14,9.97,10.09,307806,3082648.75
2023-06-16,10.13,10.18,9.99,10.08,266844,2683896.75
2023-06-19,10.06,10.06,9.83,9.88,401381,3980232.00
2023-06-20,9.89,10.00,9.81,9.96,347495,3444159.75
2023-06-21,9.95,10.00,9.86,9.96,275417,2733136.75
2023-06-26,9.89,9.99,9.76,9.87,339749,3336405.00
2023-06-27,9.63,9.90,9.63,9.85,179898,1768344.75
2023-06-28,10.10,10.10,9.74,9.95,209170,2072121.13
2023-06-29,9.87,10.35,9.87,10.18,698622,7095840.50
2023-06-30,10.32,10.32,10.06,10.15,357817,3618900.25
2023-07-03,10.15,10.16,10.03,10.11,196008,1976605.63
2023-07-04,10.11,10.56,10.05,10.56,1171703,12173625.00
2023-07-05,10.50,11.21,10.50,10.90,1572787,17086958.00
2023-07-06,11.26,11.39,10.67,10.75,851331,9274732.00
2023-07-07,10.70,10.85,10.66,10.74,468120,5025767.50
2023-07-10,10.74,10.79,10.38,10.40,480997,5053536.00
2023-07-11,10.40,10.45,10.26,10.40,313804,3244667.75
2023-07-12,10.40,10.40,10.04,10.04,566903,5762760.00
2023-07-13,10.08,10.15,9.94,10.05,257048,2573080.50
2023-07-14,10.10,10.17,10.00,10.15,334701,3387446.00
2023-07-17,10.22,10.22,10.03,10.14,183570,1853085.63
2023-07-18,10.14,10.14,10.00,10.05,238641,2399209.00
2023-07-19,10.10,10.10,9.97,10.01,193197,1932029.63
2023-07-20,10.03,10.06,9.92,9.97,151048,1505717.00
2023-07-21,10.03,10.03,9.91,9.98,211841,2111044.25
2023-07-24,10.03,10.03,9.91,9.96,85660,852742.50
2023-07-25,10.00,10.07,9.95,10.04,213310,2135855.50
2023-07-26,10.07,10.07,9.95,10.05,162811,1630151.50
2023-07-27,10.01,10.06,9.94,10.02,134857,1346548.00
2023-07-28,9.97,10.02,9.95,9.97,209686,2091793.25
2023-07-31,9.99,10.06,9.99,10.05,83203,834310.25
2023-08-01,10.05,10.16,10.03,10.10,170302,1717186.38
2023-08-02,10.11,10.11,9.97,10.05,175749,1759388.88
2023-08-03,9.98,10.05,9.94,10.03,183933,1832762.00
2023-08-04,10.00,10.04,9.95,10.02,137823,1375205.88
2023-08-07,9.97,10.03,9.95,10.00,55058,549906.75
2023-08-08,10.08,10.08,9.80,9.81,204716,2039451.63
2023-08-09,9.81,9.87,9.74,9.81,194581,1908366.75
2023-08-10,9.81,9.85,9.73,9.85,109043,1067313.00
2023-08-11,9.86,9.88,9.75,9.79,89402,875044.94
2023-08-14,9.77,9.80,9.71,9.78,74240,724752.50
2023-08-15,9.78,9.81,9.70,9.78,51042,497449.72
2023-08-16,9.78,9.79,9.65,9.75,103241,999445.56
2023-08-17,9.64,9.78,9.64,9.76,113777,1105214.75
2023-08-18,9.78,9.78,9.70,9.73,82586,802614.25
2023-08-21,9.78,9.78,9.66,9.71,69813,677351.50
2023-08-22,9.66,9.73,9.50,9.62,133927,1282073.25
2023-08-23,9.53,9.62,9.35,9.50,191460,1805850.38
2023-08-24,9.36,9.54,9.35,9.45,86911,814990.06
2023-08-25,9.40,9.51,9.18,9.29,78082,722405.81
2023-08-28,9.78,9.78,9.30,9.32,137781,1305651.38
2023-08-29,8.70,9.24,8.70,8.95,587263,5219652.50
2023-08-30,9.01,9.01,8.70,8.76,311758,2734466.50
2023-08-31,8.80,8.80,8.66,8.72,106989,928402.00
2023-09-01,8.71,8.93,8.68,8.87,203511,1795514.38
2023-09-04,9.25,9.39,9.07,9.12,318621,2920028.00
2023-09-05,9.16,9.16,8.91,8.97,132933,1197129.88
2023-09-06,8.92,8.99,8.80,8.93,130435,1157837.75
2023-09-07,8.77,8.93,8.72,8.80,89724,791838.81
2023-09-08,9.00,9.03,8.70,8.78,97286,852014.50
2023-09-11,8.79,8.80,8.73,8.78,69524,609373.50
2023-09-12,8.80,8.81,8.75,8.78,57256,502063.84
2023-09-13,8.73,8.75,8.66,8.72,62905,546130.88
2023-09-14,8.68,8.77,8.68,8.74,132881,1157221.75
2023-09-15,8.82,8.82,8.71,8.73,26993,235793.25
2023-09-18,8.78,8.78,8.70,8.73,23881,208441.88
2023-09-19,8.69,8.72,8.63,8.67,63868,552998.38
2023-09-20,8.95,8.95,8.57,8.66,38329,330472.22
2023-09-21,8.70,8.71,8.49,8.55,87618,747546.69
2023-09-22,8.40,8.55,8.35,8.50,158008,1333238.50
2023-09-25,8.51,8.54,8.29,8.38,156057,1302827.38
2023-09-26,8.38,8.41,8.29,8.35,30746,255592.09
2023-09-27,8.36,8.39,8.28,8.34,32498,270537.91
2023-09-28,8.34,8.34,8.30,8.34,32900,273884.50
2023-10-09,8.28,8.30,8.18,8.28,46070,379043.75
2023-10-10,8.16,8.32,8.16,8.27,13626,112140.46
2023-10-11,8.34,8.34,8.20,8.29,37677,310158.53
2023-10-12,8.21,8.30,8.20,8.29,38552,317313.59
2023-10-13,8.28,8.28,8.18,8.27,31930,262912.00
2023-10-16,8.25,8.30,8.22,8.28,19994,164736.11
2023-10-17,8.29,8.29,8.17,8.28,7705,63387.44
2023-10-18,8.27,8.27,8.12,8.14,27524,224780.59
2023-10-19,8.18,8.18,8.00,8.09,57456,464957.19
2023-10-20,8.01,8.09,7.93,8.06,62428,498215.91
2023-10-23,8.06,8.06,7.61,7.83,27248,212461.31
2023-10-24,7.83,7.92,7.80,7.90,39404,309073.41
2023-10-25,8.03,8.04,7.86,7.94,37041,293915.88
2023-10-26,8.01,8.02,7.88,7.91,7229,57377.93
2023-10-27,8.00,8.10,7.72,8.08,108704,870490.88
2023-10-30,8.08,8.88,8.08,8.46,263286,2257495.25
2023-10-31,8.33,8.39,8.18,8.35,145933,1204329.13
2023-11-01,8.21,8.30,8.11,8.28,47016,385217.84
2023-11-02,8.08,8.32,8.08,8.28,84136,686511.69
2023-11-03,8.27,8.30,8.17,8.27,99804,825319.50
2023-11-06,8.30,8.45,8.30,8.40,173101,1454826.13
2023-11-07,8.39,8.44,8.36,8.42,58649,491645.31
2023-11-08,8.46,8.74,8.43,8.57,177215,1519572.00
2023-11-09,8.58,8.65,8.57,8.60,103376,890856.13
2023-11-10,8.52,8.64,8.51,8.64,46631,400337.84
2023-11-13,8.69,8.69,8.57,8.64,36090,311465.94
2023-11-14,8.60,8.72,8.55,8.72,231757,2000786.75
2023-11-15,8.79,8.95,8.72,8.80,227389,2004094.63
2023-11-16,8.82,8.82,8.53,8.53,169226,1458765.88
2023-11-17,8.60,8.61,8.44,8.55,149062,1271569.63
2023-11-20,8.46,8.94,8.46,8.89,419074,3687469.25
2023-11-21,8.99,11.55,8.99,11.54,5434247,60083588.00
2023-11-22,10.68,13.87,10.30,13.13,6298605,74772512.00
2023-11-23,12.37,14.10,11.75,11.75,4589715,58938080.00
2023-11-24,11.80,14.10,11.28,13.22,4150394,52074976.00
2023-11-27,14.64,17.18,13.93,17.18,7223051,116679136.00
2023-11-28,16.13,17.84,14.35,16.22,5376836,86005424.00
2023-11-29,16.00,16.50,13.30,13.82,3201460,47576664.00
2023-11-30,13.70,14.30,12.71,13.28,1985520,26499378.00
2023-12-01,13.50,13.80,12.18,12.28,1803672,23167676.00
2023-12-04,11.90,12.68,11.86,11.98,1188882,14370228.00
2023-12-05,11.93,13.97,11.93,13.50,2760678,36013812.00
2023-12-06,13.62,14.88,13.07,13.83,2882849,40153088.00
2023-12-07,13.99,15.25,13.93,14.95,2616432,38215036.00
2023-12-08,14.89,17.49,14.66,16.30,3842916,61553984.00
2023-12-11,16.65,17.30,14.93,15.27,3319332,52957240.00
2023-12-12,14.81,15.87,14.11,15.79,2549453,38876336.00
2023-12-13,15.48,16.38,15.30,15.92,2328088,37004340.00
2023-12-14,15.98,16.80,15.62,16.13,2527406,41201776.00
2023-12-15,15.90,16.47,15.36,16.21,1792888,28597898.00
2023-12-18,15.97,16.98,15.97,16.60,2006187,33222828.00
2023-12-19,16.78,16.89,16.01,16.52,1599273,26087114.00
2023-12-20,16.20,17.57,16.20,17.40,2475964,42048048.00
2023-12-21,17.88,17.88,14.79,14.80,2660900,43538992.00
2023-12-22,14.96,15.28,14.20,15.05,1284812,18964450.00
2023-12-25,14.95,16.16,14.90,15.96,1415891,21954732.00
2023-12-26,15.98,16.67,15.30,16.13,1330635,21416600.00
2023-12-27,16.21,16.50,15.56,16.43,1380193,22339978.00
2023-12-28,16.43,17.27,16.10,16.49,1772984,29484242.00
2023-12-29,16.11,17.20,16.11,17.18,1780189,30044684.00
2024-01-02,17.18,18.99,17.08,18.99,2972270,52922792.00
2024-01-03,18.92,18.92,17.96,18.44,2147983,39529552.00
2024-01-04,18.18,20.19,18.18,19.73,2963790,57334120.00
2024-01-05,19.59,19.59,17.60,17.75,2279155,42262912.00
2024-01-08,17.73,18.20,17.05,17.05,1357772,24016810.00
2024-01-09,17.28,17.45,15.15,16.05,1073929,17619220.00
2024-01-10,16.26,16.97,15.40,16.76,1077313,17514734.00
2024-01-11,16.70,16.98,16.36,16.56,797219,13305812.00
2024-01-12,16.79,16.79,14.26,14.40,1448941,22315796.00
2024-01-15,14.11,14.60,13.61,13.79,779689,10985401.00
2024-01-16,13.97,14.98,12.80,14.73,1428555,20035584.00
2024-01-17,14.70,15.68,14.52,14.55,1187785,17863864.00
2024-01-18,14.55,17.38,14.16,16.45,2709724,43859012.00
2024-01-19,16.01,17.80,15.88,17.19,2699902,46097976.00
2024-01-22,18.00,18.42,16.00,16.85,2520223,44086300.00
2024-01-23,16.00,17.30,15.84,16.91,1846608,30594756.00
2024-01-24,16.99,16.99,15.81,16.55,1571356,25792916.00
2024-01-25,16.45,16.57,15.43,15.77,1250514,19996672.00
2024-01-26,15.70,16.09,15.08,15.10,891404,13931021.00
2024-01-29,15.20,15.26,13.25,13.44,770434,10932677.00
2024-01-30,13.19,14.00,12.98,13.58,638294,8600198.00
2024-01-31,13.56,14.68,13.56,14.28,1184710,16846368.00
2024-02-01,14.19,15.11,13.37,13.40,1096664,15638592.00
2024-02-02,13.80,13.99,11.51,12.30,996448,12730792.00
2024-02-05,12.00,12.44,10.81,11.86,962792,11290079.00
2024-02-06,11.61,13.66,11.61,13.57,1428149,18464246.00
2024-02-07,13.58,14.35,12.99,13.20,1257144,17198060.00
2024-02-08,13.20,13.49,11.88,12.71,1065375,13485150.00
2024-02-19,12.79,15.18,12.60,15.02,2580529,36542544.00
2024-02-20,14.40,15.00,14.08,14.77,1983279,28876416.00
2024-02-21,14.55,14.90,14.48,14.51,1551278,22741330.00
2024-02-22,15.00,15.67,14.60,14.70,1517478,22871018.00
2024-02-23,14.94,15.50,14.00,14.13,1604819,23499190.00
2024-02-26,14.04,15.40,13.24,14.91,2657534,38828748.00
2024-02-27,16.02,19.38,16.02,19.38,6508594,116856112.00
2024-02-28,22.18,24.49,18.51,18.81,7910712,172098896.00
2024-02-29,17.77,20.20,17.33,19.12,5378510,100327704.00
2024-03-01,18.66,19.20,18.00,18.07,4128240,76434592.00
2024-03-04,18.57,19.08,17.71,17.80,3104448,57004176.00
2024-03-05,17.28,17.55,16.63,16.67,2672464,45737024.00
2024-03-06,16.60,17.48,16.30,17.30,2507208,42960960.00
2024-03-07,17.10,17.47,16.01,16.12,2480681,41216920.00
2024-03-08,16.28,16.64,16.01,16.26,1492613,24287034.00
2024-03-11,15.80,16.59,15.78,16.46,1497336,24297550.00
2024-03-12,16.60,16.90,16.18,16.31,1235818,20317596.00
2024-03-13,16.51,16.51,15.41,15.61,1286336,20389812.00
2024-03-14,15.65,16.07,15.13,15.26,900827,13996670.00
2024-03-15,15.26,17.48,15.16,16.49,2903435,47623924.00
2024-03-18,16.40,16.66,16.10,16.48,1653167,26921398.00
2024-03-19,16.34,16.57,16.15,16.15,983080,16026033.00
2024-03-20,16.11,16.37,16.08,16.33,1023903,16610220.00
2024-03-21,16.20,16.21,15.58,15.70,1294731,20548068.00
2024-03-22,15.76,16.05,15.65,15.74,697387,11027150.00
2024-03-25,15.71,15.74,14.72,14.83,691287,10541226.00
2024-03-26,14.85,15.35,14.70,14.83,629617,9437281.00
2024-03-27,14.84,15.69,14.65,14.97,856027,13030066.00
2024-03-28,14.85,15.25,14.61,14.95,721035,10810076.00
2024-03-29,14.84,15.10,14.57,14.64,496363,7331676.50
2024-04-01,14.65,14.73,14.48,14.66,490773,7146074.00
2024-04-02,14.70,14.75,14.42,14.42,411324,5973288.50
2024-04-03,14.49,14.56,14.30,14.41,246275,3547972.50
2024-04-08,14.33,14.33,13.40,13.49,529949,7329910.50
2024-04-09,13.58,13.95,13.46,13.88,355369,4864304.00
2024-04-10,13.90,14.98,13.70,14.36,1286220,18778768.00
2024-04-11,14.31,14.47,14.10,14.11,649148,9223268.00
2024-04-12,14.57,16.56,14.41,15.89,3597053,56937576.00
2024-04-15,15.29,15.49,14.08,14.37,2367514,34821316.00
2024-04-16,14.35,14.57,13.01,13.50,1424904,19120458.00
2024-04-17,13.60,14.48,13.57,14.36,1364745,19367218.00
2024-04-18,14.38,17.66,14.27,15.51,3437887,54829028.00
2024-04-19,14.90,15.56,14.79,15.05,2035923,30679862.00
2024-04-22,14.88,14.99,14.50,14.53,881460,12959062.00
2024-04-23,14.75,14.95,14.38,14.87,762309,11153052.00
2024-04-24,14.77,16.00,14.77,15.94,1465286,22588096.00
2024-04-25,15.82,16.28,15.22,15.50,1242345,19360234.00
2024-04-26,18.00,20.15,17.58,20.15,6040783,115009352.00
2024-04-29,21.50,22.17,18.96,19.35,5849872,117751120.00
2024-04-30,19.28,20.15,18.36,18.43,3936139,75519016.00
2024-05-06,18.90,18.90,18.10,18.83,2683088,49800280.00
2024-05-07,18.60,19.37,18.23,18.35,2086014,38860864.00
2024-05-08,18.21,18.68,17.85,17.85,1652981,30152818.00
2024-05-09,17.86,18.24,17.82,18.02,1533077,27625832.00
2024-05-10,18.00,18.17,17.31,17.47,1700779,29927748.00
2024-05-13,17.60,18.50,17.23,17.98,1747256,31233788.00
2024-05-14,17.77,18.08,17.30,17.55,999048,17624060.00
2024-05-15,17.39,17.72,17.09,17.28,955368,16602335.00
2024-05-16,17.48,18.38,17.48,17.96,2363912,42500732.00
2024-05-17,17.48,18.10,17.48,17.85,1470217,26082466.00
2024-05-20,17.80,18.55,17.51,18.10,1711262,31085878.00
2024-05-21,17.99,18.17,17.57,17.60,869066,15423976.00
2024-05-22,17.81,17.94,17.41,17.68,923736,16330991.00
2024-05-23,17.90,20.00,17.53,18.55,3692085,69261760.00
2024-05-24,18.37,19.50,18.19,18.63,2409001,45208312.00
2024-05-27,18.31,18.90,18.10,18.26,1613285,29692646.00
2024-05-28,18.14,18.48,17.53,17.53,1266644,22706056.00
2024-05-29,17.66,17.68,17.17,17.28,895642,15529696.00
2024-05-30,17.29,17.39,17.02,17.33,749058,12857655.00
2024-05-31,17.33,17.48,17.17,17.34,479164,8288646.00
2024-06-03,17.13,17.40,17.08,17.23,467533,8030474.50
2024-06-04,17.36,17.60,17.23,17.54,1111891,19373638.00
2024-06-05,17.00,17.28,16.49,16.52,889293,14901290.00
2024-06-06,16.75,16.75,15.82,16.06,967791,15701032.00
2024-06-07,16.25,16.51,16.03,16.40,600247,9762062.00
2024-06-11,16.40,16.88,16.19,16.70,662005,11010231.00
2024-06-12,16.81,17.10,16.61,16.82,536339,9044084.00
2024-06-13,16.83,17.20,16.71,17.06,707801,12018564.00
2024-06-14,17.15,17.57,16.93,17.55,1263305,21890250.00
2024-06-17,17.43,17.66,17.19,17.24,551226,9567609.00
2024-06-18,17.20,17.45,17.00,17.35,659039,11352621.00
2024-06-19,17.37,18.20,17.15,17.59,1058558,18703936.00
2024-06-20,17.40,17.47,16.70,16.80,757894,12896193.00
2024-06-21,16.98,17.80,16.68,17.63,1191203,20736292.00
2024-06-24,17.55,18.54,17.00,17.38,1943236,35165204.00
2024-06-25,17.38,18.80,17.35,18.69,2398532,43714316.00
2024-06-26,18.80,18.95,17.95,18.29,1773386,32482092.00
2024-06-27,18.25,18.80,17.95,18.22,1526512,28095552.00
2024-06-28,18.02,18.44,18.01,18.22,1025753,18667414.00
2024-07-01,18.15,18.60,18.14,18.29,990340,18220138.00
2024-07-02,18.26,18.50,17.50,17.76,933669,16677463.00
2024-07-03,17.76,17.80,17.20,17.50,499650,8702127.00
2024-07-04,17.31,17.97,17.30,17.58,849783,15062578.00
2024-07-05,17.58,17.99,17.28,17.96,851644,15098847.00
2024-07-08,18.15,18.39,16.91,17.09,923283,16382567.00
2024-07-09,17.13,17.63,16.54,17.51,890325,15267459.00
2024-07-10,17.36,17.50,16.83,16.90,608940,10461402.00
2024-07-11,17.46,17.46,17.02,17.35,569933,9843955.00
2024-07-12,17.35,17.72,17.20,17.65,664840,11606171.00
2024-07-15,17.39,17.69,17.14,17.36,618597,10737215.00
2024-07-16,17.30,18.37,16.97,18.30,1620533,28809818.00
2024-07-17,21.30,23.79,20.50,23.79,5285413,120147088.00
2024-07-18,23.80,23.80,20.51,20.68,4994378,111129888.00
2024-07-19,20.09,21.20,19.19,19.45,3222631,64464572.00
2024-07-22,18.95,19.50,18.81,19.38,1663012,31855162.00
2024-07-23,19.42,19.77,18.68,19.05,1563288,30055780.00
2024-07-24,19.06,19.26,18.10,18.25,1187021,22058460.00
2024-07-25,17.98,18.83,17.91,18.40,1268167,23436384.00
2024-07-26,19.01,21.00,18.82,19.40,3015443,60303228.00
2024-07-29,19.00,19.00,18.41,18.56,2121759,39591152.00
2024-07-30,18.48,18.99,18.10,18.72,1203971,22404612.00
2024-07-31,18.71,19.16,18.41,19.00,1249166,23567766.00
2024-08-01,19.00,19.50,18.82,18.98,1452679,27679634.00
2024-08-02,18.90,18.98,18.30,18.40,1167009,21693528.00
2024-08-05,18.18,18.59,17.64,17.64,1011191,18223252.00
2024-08-06,17.82,18.08,17.60,17.87,967871,17226238.00
2024-08-07,17.87,18.23,17.66,17.85,603913,10832339.00
2024-08-08,17.85,17.97,17.46,17.60,610134,10786059.00
2024-08-09,17.82,17.82,17.47,17.47,440073,7735740.00
2024-08-12,17.60,17.60,17.01,17.17,473596,8196543.50
2024-08-13,17.27,17.46,17.10,17.40,384664,6674536.50
2024-08-14,17.46,17.46,17.21,17.36,216787,3752353.50
2024-08-15,17.50,18.30,17.34,18.25,1075438,19263950.00
2024-08-16,18.09,18.76,17.93,17.95,773247,14159741.00
2024-08-19,17.79,18.21,17.67,17.75,441934,7896328.50
2024-08-20,17.83,18.48,17.65,18.12,812448,14724808.00
2024-08-21,17.96,18.60,17.73,18.60,895441,16327014.00
2024-08-22,18.59,18.59,17.87,17.88,823259,14953311.00
2024-08-23,18.01,18.90,17.88,18.90,1422668,26368682.00
2024-08-26,18.88,19.38,18.46,18.71,1054589,19803200.00
2024-08-27,18.60,18.60,17.85,17.93,845044,15316923.00
2024-08-28,17.93,18.34,17.60,17.86,532237,9537434.00
2024-08-29,17.86,18.10,17.73,17.86,518767,9297676.00
2024-08-30,17.99,18.97,17.86,18.90,1300353,24207224.00
2024-09-02,19.18,19.71,18.71,18.96,1343278,25805908.00
2024-09-03,18.71,19.26,18.58,19.05,753319,14271677.00
2024-09-04,19.00,19.17,18.52,18.58,583202,10917266.00
2024-09-05,18.60,18.75,18.32,18.41,522860,9692445.00
2024-09-06,18.40,18.59,18.03,18.18,565703,10342740.00
2024-09-09,18.18,18.31,18.00,18.09,369303,6677161.00
2024-09-10,18.10,18.19,17.61,17.88,577712,10304765.00
2024-09-11,17.88,18.00,17.68,17.75,239144,4258347.00
2024-09-12,17.80,17.89,17.61,17.68,333131,5912235.00
2024-09-13,17.66,18.51,17.54,18.19,1096490,19752662.00
2024-09-18,18.03,18.13,17.73,17.78,469117,8386720.00
2024-09-19,17.82,18.30,17.78,17.96,355856,6417491.50
2024-09-20,17.98,18.14,17.80,17.86,368644,6608436.00
2024-09-23,17.82,17.96,17.62,17.73,376647,6701958.00
2024-09-24,17.72,18.38,17.60,18.20,661154,11913432.00
2024-09-25,18.35,18.68,18.21,18.22,665579,12283475.00
2024-09-26,18.18,18.67,18.04,18.65,705966,13025132.00
2024-09-27,18.95,20.60,18.71,20.04,1777920,35122176.00
2024-09-30,21.46,24.95,20.50,24.14,2742039,61555124.00
2024-10-08,30.00,30.50,25.47,29.99,3600857,102248784.00
2024-10-09,27.00,28.17,24.03,24.60,2876616,75723984.00
2024-10-10,25.46,25.66,23.18,24.03,1899445,46255380.00
2024-10-11,23.77,23.80,20.93,21.50,1534985,34045980.00
2024-10-14,21.48,23.00,21.06,22.37,1520131,33610616.00
2024-10-15,22.45,26.00,22.22,23.58,3081901,76294592.00
2024-10-16,22.58,25.19,22.58,24.47,1847821,44509592.00
2024-10-17,25.05,31.30,24.22,27.33,5342489,149604688.00
2024-10-18,28.20,35.52,28.20,35.52,5814003,191372768.00
2024-10-21,41.00,46.00,38.44,40.40,7732156,324202400.00
2024-10-22,37.50,39.00,31.00,33.95,4807658,171258752.00
2024-10-23,32.71,35.50,31.90,34.22,3578162,121227624.00
2024-10-24,33.50,37.53,33.44,36.90,3865786,138269232.00
2024-10-25,37.00,47.97,36.99,46.50,8197066,371559744.00
2024-10-28,46.00,46.00,40.45,44.80,5300666,228971440.00
2024-10-29,44.73,45.88,41.60,43.15,4832672,209604176.00
2024-10-30,43.40,45.00,39.60,40.72,3397797,142498208.00
2024-10-31,41.00,42.48,39.64,41.01,3004540,122974240.00
2024-11-01,41.21,41.31,34.30,35.27,2952031,109671160.00
2024-11-04,35.00,37.58,34.98,36.65,1805011,65996040.00
2024-11-05,36.10,41.90,36.10,40.60,3038511,119509480.00
2024-11-06,40.60,42.26,39.31,41.01,2974749,121932632.00
2024-11-07,39.50,42.64,39.50,41.30,2609934,107807760.00
2024-11-08,42.43,42.90,40.12,40.60,2095235,86627048.00
2024-11-11,40.60,42.32,37.65,42.06,2681103,107935296.00
2024-11-12,42.00,42.42,40.06,40.47,1350717,55418908.00
2024-11-13,40.00,48.03,39.68,43.28,3037724,131586792.00
2024-11-14,43.85,51.36,42.61,47.57,4151029,195677040.00
2024-11-15,46.58,61.75,45.61,58.00,5135142,281383168.00
2024-11-18,53.28,56.00,48.80,49.35,3898179,205352160.00
2024-11-19,47.97,47.97,41.95,44.60,3624486,161475152.00
2024-11-20,44.61,47.99,44.01,46.53,2620057,120594296.00
2024-11-21,46.00,49.58,44.88,48.49,2763356,129782496.00
2024-11-22,48.40,48.88,45.06,45.23,2057350,97170576.00
2024-11-25,44.10,46.79,42.66,46.36,1563212,70038808.00
2024-11-26,47.13,49.59,46.00,46.00,1380312,65927456.00
2024-11-27,45.10,46.44,43.00,46.00,1255883,56336464.00
2024-11-28,46.50,54.28,46.00,49.73,3004751,151176944.00
2024-11-29,50.00,51.90,47.50,49.36,2344467,116445888.00
2024-12-02,49.36,52.44,48.51,51.70,2060173,103825592.00
2024-12-03,51.70,51.70,51.70,51.70,0,0.00
#数据来源:通达信
