836807 奔朗新材 日线 不复权
      日期	    开盘	    最高	    最低	    收盘	    成交量	    成交额
2019-06-24,1.68,1.68,1.68,1.68,1000,1680.00
2019-07-01,1.68,1.68,1.68,1.68,200000,170000.00
2019-07-02,1.68,1.68,1.68,1.68,2220000,1864800.00
2019-07-04,1.68,1.68,1.68,1.68,1582200,1329090.00
2019-08-26,3.36,3.36,3.36,3.36,1000,3360.00
2019-08-28,3.36,3.36,3.36,3.36,150000,571500.00
2019-08-29,3.36,3.36,3.36,3.36,270000,1028700.00
2019-09-06,3.36,3.36,3.36,3.36,300000,1143000.00
2019-09-17,3.36,3.36,3.36,3.36,100000,381000.00
2019-09-25,3.36,3.36,3.36,3.36,250000,952500.00
2019-09-30,3.36,3.36,3.36,3.36,270000,1028700.00
2019-12-16,3.36,3.36,3.36,3.36,2661200,4470900.00
2020-06-04,3.80,3.80,3.80,3.80,10100,38380.00
2020-06-05,4.29,4.29,4.29,4.29,100,429.00
2020-07-16,3.85,3.85,3.85,3.85,2000,7700.00
2021-07-13,6.00,6.00,6.00,6.00,200,1200.00
2021-08-25,8.00,8.00,8.00,8.00,100,800.00
2021-09-06,10.50,10.67,10.50,10.67,7100,75570.00
2021-09-07,10.80,10.80,10.80,10.80,3000,32400.00
2021-09-08,11.00,11.00,11.00,11.00,1600,17600.00
2021-09-23,11.00,11.89,11.00,11.89,10400,123300.00
2021-09-24,12.22,12.22,12.22,12.22,100,1222.00
2021-10-11,11.41,11.41,11.41,11.41,100,1141.00
2021-10-15,12.01,12.19,12.01,12.19,1100,13391.00
2021-10-19,12.22,13.30,12.22,13.30,7100,90616.40
2021-10-20,13.98,13.99,13.98,13.99,4500,62972.98
2021-10-29,13.60,13.60,13.60,13.60,2000,27200.00
2021-11-15,13.00,13.20,13.00,13.20,8500,111100.00
2021-11-18,13.19,13.19,13.19,13.19,200,2638.00
2021-11-19,13.00,13.20,13.00,13.20,6700,88827.00
2021-11-22,13.20,13.20,13.20,13.20,20500,269940.00
2021-11-23,13.03,13.03,13.00,13.00,2500,32515.00
2021-11-24,13.59,13.59,13.59,13.59,13000,176670.00
2021-11-26,13.61,13.61,13.61,13.61,4100,55801.00
2021-11-29,13.70,15.01,13.70,15.01,16700,238725.00
2021-11-30,15.01,15.07,15.01,15.07,5900,88859.00
2021-12-01,15.07,15.38,15.07,15.38,7000,105925.44
2021-12-02,15.66,15.66,15.66,15.66,2400,37881.54
2021-12-03,16.10,16.10,16.10,16.10,200,3220.00
2021-12-06,16.00,16.09,16.00,16.00,1500,24009.00
2021-12-07,15.99,15.99,15.99,15.99,100,1599.00
2021-12-08,16.00,16.00,16.00,16.00,300,4800.00
2021-12-09,15.99,15.99,15.99,15.99,100,1599.00
2021-12-15,15.65,15.65,15.65,15.65,200,3130.00
2021-12-17,15.90,15.90,15.90,15.90,100,1590.00
2021-12-20,15.80,15.80,15.16,15.16,1500,23346.00
2021-12-21,14.89,14.89,14.89,14.89,200,2978.00
2021-12-22,15.51,15.51,15.51,15.51,600,9306.00
2021-12-23,15.50,15.50,15.00,15.00,200,3050.00
2021-12-27,14.50,14.50,14.50,14.50,1200,17400.00
2021-12-28,15.00,15.00,15.00,15.00,100,1500.00
2021-12-29,14.00,14.51,14.00,14.51,4000,57020.00
2021-12-30,15.51,15.51,14.90,14.91,6600,100445.81
2021-12-31,15.00,15.00,14.95,14.95,7600,113810.00
2022-01-04,15.10,16.35,15.10,16.35,1100,16735.00
2022-01-05,16.10,16.10,15.50,15.50,1900,30350.00
2022-01-06,15.55,15.65,15.55,15.65,11800,182920.09
2022-01-07,15.65,15.65,15.65,15.65,1000,15650.00
2022-01-10,16.00,16.00,16.00,16.00,200,3200.00
2022-01-11,16.12,16.37,16.12,16.37,7400,119606.20
2022-01-12,16.49,16.49,16.49,16.49,3000,49470.00
2022-01-13,16.48,16.48,16.44,16.44,1000,16456.00
2022-01-14,15.89,15.97,15.89,15.97,300,5425.00
2022-01-17,16.52,16.52,16.49,16.49,14000,231366.09
2022-01-18,16.50,16.50,16.50,16.50,500,8250.00
2022-01-20,16.48,16.48,16.48,16.48,2000,32960.00
2022-01-21,18.87,18.87,18.87,18.87,100,1888.00
2022-01-25,18.00,18.00,17.00,17.00,5200,90400.00
2022-01-26,16.01,16.70,16.01,16.70,3200,53402.00
2022-01-28,16.78,16.78,16.78,16.78,600,10068.00
2022-02-11,17.01,17.01,17.01,17.01,1000,17010.00
2022-02-14,17.17,17.17,17.17,17.17,1000,17170.00
2022-02-15,17.57,17.57,17.54,17.54,1100,19307.00
2022-02-16,17.54,17.54,17.50,17.50,1100,19280.00
2022-02-17,17.67,17.79,17.67,17.79,1100,19450.00
2022-02-18,17.90,17.90,17.87,17.87,900,16106.00
2022-02-23,17.50,17.53,17.50,17.50,600,10503.00
2022-03-03,16.12,16.29,16.12,16.12,1800,29111.00
2022-03-04,15.55,15.55,14.56,14.56,2300,33836.00
2022-03-09,14.00,14.01,14.00,14.01,700,9100.50
2022-03-22,14.02,14.02,14.02,14.02,4000,56080.00
2022-03-23,14.10,14.10,14.10,14.10,100,1410.00
2022-03-30,13.00,13.20,12.50,12.50,1700,21912.50
2022-03-31,12.50,12.50,12.50,12.50,1400,17500.00
2022-04-08,12.50,12.50,12.50,12.50,1400,17112.50
2022-04-12,12.00,12.00,12.00,12.00,3600,43572.00
2022-05-10,9.45,11.58,9.45,10.00,3100,30058.00
2022-05-11,9.93,9.93,9.93,9.93,300,3310.02
2022-05-12,9.92,9.92,9.92,9.92,200,1984.00
2022-05-17,7.42,9.80,7.42,9.80,300,2464.00
2022-05-23,9.80,9.80,9.01,9.50,2100,19541.00
2022-05-24,9.39,9.39,9.39,9.39,100,940.00
2022-05-25,9.30,9.30,9.30,9.30,100,930.00
2022-05-26,11.98,11.98,11.98,11.98,100,1198.00
2022-05-27,9.93,10.00,9.93,10.00,800,7530.76
2022-05-30,12.02,12.02,12.02,12.02,100,1334.22
2022-06-08,8.97,9.06,8.97,9.06,1000,8976.90
2022-06-15,9.06,9.06,9.06,9.06,3200,29417.82
2022-06-17,8.99,8.99,7.77,8.00,13700,112677.52
2022-06-20,8.00,8.29,7.61,8.29,7100,55445.00
2022-06-21,8.29,8.29,8.00,8.00,1100,9061.00
2022-06-22,8.00,8.18,8.00,8.10,12300,99769.00
2022-06-23,8.80,8.80,8.80,8.80,2600,22880.00
2022-12-20,6.10,6.32,5.84,6.05,10422801,63006260.00
2022-12-21,5.93,6.33,5.78,6.28,4778958,29433636.00
2022-12-22,6.21,6.36,6.04,6.17,2041274,12636644.00
2022-12-23,6.13,6.13,5.92,5.92,1244064,7425623.50
2022-12-26,5.84,5.89,5.81,5.86,713659,4174723.75
2022-12-27,5.85,5.87,5.81,5.85,512456,2994451.00
2022-12-28,5.84,5.88,5.83,5.84,361961,2118298.25
2022-12-29,5.86,5.86,5.76,5.76,508485,2944172.50
2022-12-30,5.75,5.78,5.69,5.72,380380,2183801.25
2023-01-03,5.70,5.88,5.60,5.76,614155,3481691.50
2023-01-04,5.69,5.77,5.67,5.72,224187,1280237.13
2023-01-05,5.76,5.79,5.71,5.75,274923,1579124.63
2023-01-06,5.75,5.80,5.71,5.72,230987,1322569.38
2023-01-09,5.70,5.75,5.70,5.72,263341,1503192.63
2023-01-10,5.72,5.72,5.66,5.68,228417,1296713.25
2023-01-11,5.74,5.74,5.67,5.68,120648,687218.56
2023-01-12,5.70,5.73,5.67,5.68,110599,629011.19
2023-01-13,5.66,5.69,5.66,5.68,132911,754473.75
2023-01-16,5.65,5.71,5.65,5.70,251251,1431779.25
2023-01-17,5.69,5.74,5.69,5.71,161919,926202.75
2023-01-18,5.68,5.90,5.68,5.83,450866,2612487.00
2023-01-19,5.74,5.85,5.74,5.83,182929,1064462.38
2023-01-20,5.85,5.86,5.82,5.85,218848,1279888.00
2023-01-30,5.87,5.91,5.82,5.86,425560,2495404.75
2023-01-31,5.83,6.29,5.83,6.28,2362605,14474001.00
2023-02-01,6.40,6.44,6.22,6.31,1676207,10613564.00
2023-02-02,6.32,6.38,6.16,6.18,977033,6096637.50
2023-02-03,6.26,6.26,6.10,6.22,430255,2647854.00
2023-02-06,6.23,6.24,6.09,6.10,492560,3035605.25
2023-02-07,6.11,6.23,6.07,6.14,396826,2435328.00
2023-02-08,6.14,6.15,6.11,6.15,203039,1245897.00
2023-02-09,6.12,6.16,6.07,6.14,509130,3106389.25
2023-02-10,6.11,6.15,6.10,6.13,175369,1071912.13
2023-02-13,6.23,6.23,6.12,6.14,260643,1601012.00
2023-02-14,6.13,6.16,6.09,6.11,260223,1589221.50
2023-02-15,6.10,6.11,6.06,6.07,358150,2177889.50
2023-02-16,6.07,6.14,6.04,6.07,384002,2335882.25
2023-02-17,6.05,6.10,6.05,6.06,187864,1138748.00
2023-02-20,6.07,6.08,6.02,6.07,184380,1115554.88
2023-02-21,6.09,6.10,6.01,6.04,278367,1683107.00
2023-02-22,6.07,6.07,6.01,6.03,105014,633609.94
2023-02-23,6.07,6.07,6.01,6.02,101589,611699.50
2023-02-24,6.03,6.03,5.92,5.94,437394,2609603.75
2023-02-27,5.90,5.95,5.88,5.90,168073,994024.56
2023-02-28,5.84,5.95,5.84,5.90,81936,483097.84
2023-03-01,5.90,5.93,5.88,5.93,137613,812385.50
2023-03-02,5.93,5.93,5.87,5.89,237284,1397040.75
2023-03-03,5.88,5.89,5.86,5.88,161798,949447.88
2023-03-06,5.88,5.92,5.86,5.90,116051,684183.25
2023-03-07,5.91,5.91,5.82,5.83,154875,908502.13
2023-03-08,5.82,5.87,5.82,5.83,97156,567279.06
2023-03-09,5.82,5.86,5.80,5.83,200724,1168714.88
2023-03-10,5.81,5.82,5.77,5.82,229143,1328013.38
2023-03-13,5.77,5.79,5.71,5.74,160105,919477.56
2023-03-14,5.73,5.78,5.70,5.76,188168,1078661.13
2023-03-15,5.73,5.78,5.73,5.76,105551,606874.81
2023-03-16,5.75,5.76,5.70,5.72,112872,645384.00
2023-03-17,5.72,5.76,5.70,5.72,125440,717774.50
2023-03-20,5.70,5.72,5.68,5.69,139375,793464.50
2023-03-21,5.68,5.70,5.65,5.69,180555,1025607.31
2023-03-22,5.71,5.75,5.70,5.70,161944,926433.25
2023-03-23,5.69,5.70,5.67,5.69,97731,555634.38
2023-03-24,5.66,5.71,5.61,5.69,185135,1046742.00
2023-03-27,5.72,5.74,5.66,5.70,98285,560469.19
2023-03-28,5.70,5.71,5.68,5.70,72694,413963.88
2023-03-29,5.69,5.71,5.66,5.69,91634,519923.22
2023-03-30,5.67,5.69,5.62,5.67,144529,817326.94
2023-03-31,5.65,5.68,5.61,5.67,100560,568634.31
2023-04-03,5.62,5.67,5.62,5.67,71834,405958.34
2023-04-04,5.65,5.68,5.62,5.64,112581,635518.25
2023-04-06,5.62,5.66,5.61,5.65,108734,612704.19
2023-04-07,5.64,5.66,5.63,5.65,89556,505522.75
2023-04-10,5.67,5.67,5.64,5.64,104800,592638.38
2023-04-11,5.63,5.64,5.62,5.63,88528,498145.38
2023-04-12,5.61,5.66,5.61,5.63,102695,578862.81
2023-04-13,5.62,5.65,5.62,5.62,59412,334950.47
2023-04-14,5.63,5.64,5.62,5.63,90817,511222.19
2023-04-17,5.62,5.64,5.62,5.64,77912,438600.50
2023-04-18,5.63,5.64,5.61,5.61,131669,738885.13
2023-04-19,5.63,5.63,5.61,5.63,77269,434488.78
2023-04-20,5.62,5.64,5.60,5.62,120683,676962.38
2023-04-21,5.60,5.61,5.55,5.55,214319,1195877.38
2023-04-24,5.54,5.58,5.51,5.51,129071,712801.13
2023-04-25,5.52,5.55,5.40,5.47,176962,964418.81
2023-04-26,5.42,5.47,5.42,5.44,155725,846254.38
2023-04-27,5.48,5.48,5.41,5.44,50795,275561.13
2023-04-28,5.45,5.46,5.40,5.46,97509,530759.06
2023-05-04,5.42,5.48,5.42,5.47,73866,402757.41
2023-05-05,5.43,5.55,5.43,5.55,200241,1100250.75
2023-05-08,5.55,5.66,5.55,5.66,258733,1451086.38
2023-05-09,5.67,5.70,5.60,5.61,272384,1542612.75
2023-05-10,5.58,5.62,5.49,5.53,215215,1187682.00
2023-05-11,5.53,5.59,5.49,5.58,61294,340926.84
2023-05-12,5.54,5.58,5.53,5.56,62188,346239.09
2023-05-15,5.56,5.56,5.50,5.53,132806,734105.31
2023-05-16,5.51,5.57,5.49,5.53,158065,870302.69
2023-05-17,5.50,5.51,5.48,5.51,105832,581060.56
2023-05-18,5.51,5.53,5.50,5.52,50329,277646.25
2023-05-19,5.51,5.53,5.49,5.53,54057,297885.28
2023-05-22,5.53,5.57,5.53,5.57,66955,371764.66
2023-05-23,5.58,5.60,5.57,5.58,99232,554035.56
2023-05-24,5.60,5.60,5.56,5.59,72601,404942.09
2023-05-25,5.59,5.59,5.56,5.58,56481,314474.38
2023-05-26,5.60,5.60,5.54,5.59,58198,324041.09
2023-05-29,5.60,5.61,5.56,5.60,89440,500113.63
2023-05-30,5.46,5.46,5.28,5.32,118273,629941.31
2023-05-31,5.30,5.32,5.25,5.29,88290,465064.84
2023-06-01,5.24,5.31,5.24,5.31,71867,380405.09
2023-06-02,5.25,5.34,5.25,5.32,45385,240253.80
2023-06-05,5.27,5.33,5.27,5.33,22032,116419.64
2023-06-06,5.28,5.33,5.25,5.31,61238,322831.63
2023-06-07,5.35,5.35,5.25,5.26,14854,78469.20
2023-06-08,5.25,5.29,5.24,5.26,52198,274057.50
2023-06-09,5.26,5.26,5.21,5.25,146461,765038.25
2023-06-12,5.25,5.25,5.18,5.20,120523,626996.44
2023-06-13,5.23,5.23,5.18,5.21,47790,248881.02
2023-06-14,5.18,5.22,5.18,5.20,73930,383842.41
2023-06-15,5.18,5.21,5.15,5.21,76336,394506.94
2023-06-16,5.20,5.23,5.18,5.21,73076,380180.44
2023-06-19,5.20,5.25,5.17,5.18,58243,302197.88
2023-06-20,5.16,5.22,5.15,5.17,99916,517025.31
2023-06-21,5.18,5.19,5.15,5.17,64616,334155.31
2023-06-26,5.16,5.16,5.11,5.15,71437,366197.91
2023-06-27,5.25,5.25,5.16,5.17,44260,229343.70
2023-06-28,5.17,5.21,5.16,5.18,23697,122399.52
2023-06-29,5.16,5.21,5.16,5.21,82981,431060.63
2023-06-30,5.24,5.25,5.19,5.23,118773,619956.50
2023-07-03,5.21,5.23,5.19,5.23,59808,311675.78
2023-07-04,5.20,5.25,5.20,5.25,52371,274433.81
2023-07-05,5.23,5.79,5.23,5.59,1944142,10829092.00
2023-07-06,5.50,5.55,5.34,5.40,1092195,5889141.00
2023-07-07,5.30,5.41,5.27,5.30,531000,2817907.25
2023-07-10,5.26,5.48,5.26,5.31,290602,1560913.88
2023-07-11,5.31,5.35,5.28,5.35,268017,1419672.13
2023-07-12,5.31,5.35,5.25,5.25,172879,913747.19
2023-07-13,5.28,5.32,5.26,5.31,125457,664922.06
2023-07-14,5.28,5.33,5.28,5.29,110700,587543.56
2023-07-17,5.29,5.33,5.27,5.28,93786,496194.59
2023-07-18,5.26,5.32,5.26,5.30,68178,360345.06
2023-07-19,5.27,5.33,5.26,5.30,806289,3136554.00
2023-07-20,5.27,5.31,5.25,5.27,159581,841012.69
2023-07-21,5.26,5.27,5.23,5.24,80231,420530.81
2023-07-24,5.22,5.27,5.21,5.25,36100,188722.27
2023-07-25,5.21,5.28,5.21,5.25,115366,604806.75
2023-07-26,5.24,5.25,5.23,5.25,41509,217391.70
2023-07-27,5.24,5.26,5.24,5.24,23853,125206.25
2023-07-28,5.27,5.27,5.24,5.25,95107,499938.88
2023-07-31,5.30,5.30,5.26,5.29,225161,1189831.50
2023-08-01,5.26,5.29,5.26,5.29,69900,368632.19
2023-08-02,5.26,5.29,5.25,5.28,60275,317312.50
2023-08-03,5.25,5.29,5.24,5.28,74129,390367.00
2023-08-04,5.28,5.30,5.26,5.28,128245,677420.63
2023-08-07,5.26,5.30,5.26,5.26,88000,464788.00
2023-08-08,5.25,5.30,5.25,5.29,78939,416817.91
2023-08-09,5.32,5.32,5.23,5.27,34443,181102.19
2023-08-10,5.24,5.28,5.24,5.26,48975,257316.66
2023-08-11,5.23,5.28,5.22,5.25,101518,532151.88
2023-08-14,5.23,5.25,5.20,5.25,67404,351641.44
2023-08-15,5.21,5.26,5.20,5.23,107977,562893.25
2023-08-16,5.20,5.21,5.17,5.17,109842,570303.19
2023-08-17,5.16,5.18,5.13,5.18,66357,342069.09
2023-08-18,5.18,5.21,5.16,5.17,70943,367842.59
2023-08-21,5.16,5.20,5.11,5.15,92393,474560.47
2023-08-22,5.15,5.16,5.10,5.13,111499,570758.81
2023-08-23,5.12,5.14,5.10,5.10,28365,145056.69
2023-08-24,5.08,5.13,5.06,5.12,53520,271841.72
2023-08-25,5.08,5.10,5.01,5.04,132960,670884.50
2023-08-28,5.19,5.21,5.04,5.06,100132,508498.34
2023-08-29,5.06,5.09,5.02,5.08,87120,440242.47
2023-08-30,5.10,5.10,5.05,5.07,45339,230492.45
2023-08-31,5.05,5.11,5.02,5.08,44448,223741.95
2023-09-01,5.03,5.11,5.03,5.09,82886,421415.41
2023-09-04,5.16,5.24,5.15,5.22,413948,2153497.25
2023-09-05,5.18,5.22,5.14,5.19,123753,638387.75
2023-09-06,5.21,5.21,5.13,5.18,49300,254021.09
2023-09-07,5.16,5.19,5.13,5.14,50870,261516.86
2023-09-08,5.13,5.15,5.12,5.13,37838,194138.45
2023-09-11,5.16,5.16,5.12,5.15,21982,112841.27
2023-09-12,5.17,5.21,5.12,5.17,56307,291300.09
2023-09-13,5.15,5.15,5.10,5.11,72004,368490.25
2023-09-14,5.06,5.13,5.06,5.08,24952,127142.30
2023-09-15,5.09,5.15,5.08,5.09,32800,167218.00
2023-09-18,5.08,5.13,5.08,5.09,31077,158370.16
2023-09-19,5.09,5.10,5.07,5.08,50473,256196.11
2023-09-20,5.05,5.08,5.05,5.06,93898,475629.25
2023-09-21,5.05,5.06,5.03,5.05,37174,187678.33
2023-09-22,5.05,5.09,5.05,5.06,85031,430188.88
2023-09-25,5.10,5.10,5.04,5.07,32125,162259.50
2023-09-26,5.09,5.09,5.03,5.06,31128,157092.41
2023-09-27,5.05,5.08,5.04,5.06,21048,106323.40
2023-09-28,5.07,5.10,5.05,5.09,44092,223836.39
2023-10-09,5.05,5.06,5.05,5.05,20827,105182.35
2023-10-10,5.03,5.08,5.03,5.05,34555,174573.75
2023-10-11,5.05,5.09,5.04,5.04,61940,312535.09
2023-10-12,5.04,5.06,5.04,5.06,18090,91195.45
2023-10-13,5.04,5.05,5.04,5.05,35153,177280.13
2023-10-16,5.03,5.05,5.03,5.03,25369,127746.76
2023-10-17,5.03,5.05,5.01,5.03,35400,177836.23
2023-10-18,5.02,5.02,4.98,4.99,103610,518133.41
2023-10-19,4.98,5.00,4.98,4.99,54531,271886.38
2023-10-20,4.99,4.99,4.93,4.95,64761,321900.09
2023-10-23,4.93,4.93,4.80,4.82,74490,362574.31
2023-10-24,4.84,4.90,4.82,4.83,78174,379429.31
2023-10-25,4.83,4.84,4.80,4.82,77162,372193.78
2023-10-26,4.82,4.84,4.80,4.84,64158,308796.66
2023-10-27,4.96,4.96,4.82,4.88,119815,583083.00
2023-10-30,4.83,4.91,4.83,4.89,28294,138323.59
2023-10-31,4.89,4.92,4.85,4.88,67844,330594.31
2023-11-01,4.85,4.89,4.85,4.89,35246,172017.86
2023-11-02,4.85,4.89,4.85,4.88,12260,59679.24
2023-11-03,4.88,4.91,4.88,4.88,60487,295967.03
2023-11-06,4.92,4.95,4.87,4.91,83228,409456.69
2023-11-07,4.91,4.94,4.88,4.94,119684,589296.25
2023-11-08,4.95,5.08,4.90,5.00,321133,1607009.75
2023-11-09,5.01,5.04,4.98,5.04,191466,960580.63
2023-11-10,5.02,5.02,4.90,5.00,115481,573714.75
2023-11-13,4.99,5.01,4.96,4.97,73255,364977.31
2023-11-14,4.97,5.00,4.95,4.98,58977,292978.38
2023-11-15,4.99,5.03,4.98,4.99,150082,752309.63
2023-11-16,4.98,4.98,4.93,4.96,109747,543811.44
2023-11-17,4.94,5.00,4.94,4.99,41982,209611.77
2023-11-20,4.98,5.10,4.98,5.08,530656,2686335.50
2023-11-21,5.12,5.72,5.10,5.37,3684420,20052910.00
2023-11-22,5.30,5.82,5.18,5.81,4860750,27270108.00
2023-11-23,5.70,6.15,5.52,5.65,4356367,25393810.00
2023-11-24,5.70,6.30,5.53,6.25,6184531,37268156.00
2023-11-27,6.63,7.32,6.40,7.29,15105995,103407816.00
2023-11-28,6.90,7.23,6.60,6.60,8043204,55550836.00
2023-11-29,6.40,8.18,6.40,7.24,15770324,116503568.00
2023-11-30,6.70,6.91,6.20,6.50,9273639,60505476.00
2023-12-01,6.52,6.61,6.04,6.10,6047898,37895576.00
2023-12-04,6.05,6.26,5.76,5.97,2564077,15370236.00
2023-12-05,6.00,6.67,5.83,6.57,6732966,42858200.00
2023-12-06,6.50,6.96,6.32,6.93,5565069,36918964.00
2023-12-07,6.77,7.30,6.72,7.01,4946331,34933992.00
2023-12-08,7.00,7.19,6.78,6.94,3473605,24443314.00
2023-12-11,7.01,7.08,6.32,6.55,2577582,17007208.00
2023-12-12,6.52,6.75,6.41,6.65,1882625,12337289.00
2023-12-13,6.61,6.92,6.55,6.84,3413060,23074428.00
2023-12-14,6.81,7.23,6.72,6.98,4855180,34262252.00
2023-12-15,6.95,7.19,6.69,7.10,3679238,25707324.00
2023-12-18,7.02,7.52,7.02,7.51,6275454,46047064.00
2023-12-19,7.49,7.86,7.13,7.46,5961466,44437340.00
2023-12-20,7.31,7.76,7.30,7.69,4918791,37174980.00
2023-12-21,7.71,7.88,6.79,6.80,5761366,42232424.00
2023-12-22,6.70,6.92,6.50,6.83,2095975,14154593.00
2023-12-25,6.78,7.15,6.77,7.14,2787927,19628730.00
2023-12-26,7.15,7.33,6.73,7.29,3199443,23005158.00
2023-12-27,7.25,7.29,6.99,7.20,2207483,15754010.00
2023-12-28,7.22,7.35,7.07,7.24,3351437,24300012.00
2023-12-29,7.24,7.58,7.16,7.44,4188788,31039492.00
2024-01-02,7.61,8.15,7.43,8.00,6508164,50632444.00
2024-01-03,8.15,8.79,7.95,7.96,8236203,68734472.00
2024-01-04,7.86,8.37,7.60,8.32,4905587,39402556.00
2024-01-05,8.18,8.31,7.50,7.71,4559264,36095936.00
2024-01-08,7.55,7.87,7.00,7.15,2361645,17761750.00
2024-01-09,7.32,7.43,6.61,6.86,3001403,20944716.00
2024-01-10,6.84,7.12,6.75,7.05,1695975,11808777.00
2024-01-11,7.02,7.09,6.89,6.98,1769826,12357769.00
2024-01-12,6.91,6.98,6.32,6.35,3348603,22210002.00
2024-01-15,6.34,6.47,6.16,6.21,1490417,9386589.00
2024-01-16,6.30,6.65,6.02,6.59,2921172,18684478.00
2024-01-17,6.40,6.78,6.39,6.41,3651473,23954208.00
2024-01-18,6.43,6.59,6.15,6.55,2765865,17740138.00
2024-01-19,6.51,6.85,6.51,6.85,3274790,21993452.00
2024-01-22,6.78,6.89,6.30,6.35,2443246,16065340.00
2024-01-23,6.25,6.50,6.20,6.42,1455506,9282865.00
2024-01-24,6.54,6.54,6.15,6.40,1304540,8250483.00
2024-01-25,6.34,6.51,6.18,6.29,1879008,11929287.00
2024-01-26,6.29,6.40,6.16,6.20,1354159,8493172.00
2024-01-29,6.20,6.24,5.70,5.78,2166887,12831879.00
2024-01-30,5.65,5.83,5.45,5.65,1506581,8492118.00
2024-01-31,5.62,5.90,5.60,5.70,1408408,8103579.50
2024-02-01,5.65,5.69,5.40,5.41,1284987,7089390.00
2024-02-02,5.45,5.49,4.91,5.08,1443233,7500026.50
2024-02-05,5.05,5.05,4.50,4.85,1615438,7753873.50
2024-02-06,4.81,5.34,4.71,5.33,1788203,9212215.00
2024-02-07,5.37,6.85,5.33,6.10,6459653,39619296.00
2024-02-08,5.90,6.04,5.36,5.66,4581393,25682998.00
2024-02-19,5.56,5.77,5.53,5.73,2603080,14716825.00
2024-02-20,5.66,5.88,5.57,5.85,2109259,12156530.00
2024-02-21,5.78,5.99,5.71,5.82,2193805,12885794.00
2024-02-22,5.83,5.86,5.68,5.70,1703969,9794790.00
2024-02-23,5.70,5.77,5.45,5.53,2147626,11989433.00
2024-02-26,5.50,5.74,5.50,5.60,1390920,7812206.00
2024-02-27,5.60,5.88,5.51,5.87,2505193,14469807.00
2024-02-28,5.87,6.13,5.59,5.62,2827691,16555763.00
2024-02-29,5.53,5.77,5.53,5.75,1954324,11057050.00
2024-03-01,5.75,5.86,5.70,5.80,1450629,8365385.00
2024-03-04,5.83,5.83,5.61,5.65,994745,5649976.00
2024-03-05,5.60,5.71,5.36,5.45,1707105,9336373.00
2024-03-06,5.37,5.56,5.37,5.48,1124539,6137809.00
2024-03-07,5.52,5.95,5.50,5.60,2908102,16545792.00
2024-03-08,5.52,5.57,5.40,5.50,1570465,8577689.00
2024-03-11,5.45,5.54,5.42,5.54,894081,4919494.00
2024-03-12,5.50,5.59,5.48,5.53,920537,5089915.50
2024-03-13,5.54,5.54,5.45,5.47,716111,3922079.50
2024-03-14,5.47,5.52,5.40,5.46,1003310,5483591.00
2024-03-15,5.45,5.82,5.43,5.73,3670825,20809578.00
2024-03-18,5.72,5.79,5.55,5.71,1766733,10023519.00
2024-03-19,5.68,5.82,5.65,5.69,1226693,7000946.50
2024-03-20,5.67,5.74,5.65,5.70,994612,5656916.00
2024-03-21,5.72,5.83,5.63,5.69,1165990,6662407.50
2024-03-22,5.73,5.76,5.61,5.62,1197814,6786192.50
2024-03-25,5.60,5.60,5.40,5.41,910605,4981051.00
2024-03-26,5.43,5.43,5.29,5.34,409405,2193035.00
2024-03-27,5.34,5.54,5.28,5.33,765424,4150878.25
2024-03-28,5.33,5.42,5.25,5.37,535704,2863298.25
2024-03-29,5.35,5.42,5.32,5.34,429096,2297772.50
2024-04-01,5.39,5.42,5.32,5.37,608633,3268209.00
2024-04-02,5.38,5.41,5.32,5.36,596072,3194475.25
2024-04-03,5.38,5.78,5.30,5.51,2370338,13121111.00
2024-04-08,5.46,5.59,5.30,5.32,1905561,10391278.00
2024-04-09,5.32,5.78,5.20,5.70,2568979,14168407.00
2024-04-10,5.56,5.98,5.53,5.72,4110134,23770346.00
2024-04-11,5.64,5.72,5.45,5.57,1844254,10268995.00
2024-04-12,5.58,5.70,5.40,5.43,1757864,9740921.00
2024-04-15,5.43,5.43,5.02,5.11,1812987,9366135.00
2024-04-16,5.09,5.09,4.74,4.74,1252039,6126616.00
2024-04-17,4.91,5.02,4.78,4.96,706998,3503907.75
2024-04-18,4.92,5.03,4.90,4.95,469035,2339238.00
2024-04-19,4.91,5.05,4.86,4.94,517758,2572306.25
2024-04-22,4.99,5.00,4.91,4.95,322723,1599019.00
2024-04-23,4.94,5.02,4.91,4.97,413452,2048055.63
2024-04-24,5.01,5.02,4.91,5.02,504202,2505329.50
2024-04-25,4.95,5.01,4.88,4.91,729555,3600573.25
2024-04-26,4.90,4.96,4.86,4.95,778084,3832722.00
2024-04-29,4.95,5.12,4.92,5.06,591842,2979761.00
2024-04-30,5.00,5.11,5.00,5.07,390495,1977194.50
2024-05-06,5.08,5.26,5.08,5.18,628608,3254225.25
2024-05-07,5.18,5.25,5.13,5.16,293857,1518021.50
2024-05-08,5.23,5.23,5.10,5.10,358397,1840899.75
2024-05-09,5.09,5.18,5.09,5.14,644628,3315365.00
2024-05-10,5.14,5.14,5.07,5.14,276644,1412408.88
2024-05-13,5.14,5.16,5.05,5.07,302808,1543629.13
2024-05-14,5.13,5.13,5.03,5.04,503684,2548014.00
2024-05-15,5.02,5.03,4.96,4.97,347766,1736292.75
2024-05-16,4.96,5.00,4.91,4.92,438140,2162786.00
2024-05-17,4.92,4.96,4.89,4.92,281825,1384913.63
2024-05-20,4.92,4.99,4.92,4.95,276700,1372274.63
2024-05-21,4.93,4.96,4.86,4.89,259061,1268226.13
2024-05-22,4.93,5.00,4.86,4.98,253020,1250788.75
2024-05-23,4.96,5.25,4.88,5.11,1921522,9836393.00
2024-05-24,5.07,5.20,5.02,5.03,909891,4648854.50
2024-05-27,5.08,5.09,5.00,5.04,228845,1152295.50
2024-05-28,5.01,5.15,4.97,5.05,473985,2395271.25
2024-05-29,5.03,5.14,5.03,5.06,581213,2951095.50
2024-05-30,5.05,5.10,5.04,5.05,391532,1980410.63
2024-05-31,4.87,4.94,4.71,4.86,282186,1371526.00
2024-06-03,4.85,4.89,4.74,4.78,236935,1136330.00
2024-06-04,4.77,4.88,4.77,4.82,328639,1581819.38
2024-06-05,4.79,4.83,4.73,4.74,302157,1441109.38
2024-06-06,4.91,4.91,4.57,4.59,833729,3866570.50
2024-06-07,4.73,4.73,4.58,4.67,263967,1223412.38
2024-06-11,4.63,4.77,4.60,4.67,443678,2053693.13
2024-06-12,4.63,4.68,4.63,4.66,250780,1165918.13
2024-06-13,4.66,4.68,4.61,4.63,193077,893139.00
2024-06-14,4.60,4.66,4.58,4.63,365366,1683438.75
2024-06-17,4.69,4.69,4.59,4.60,180730,835006.94
2024-06-18,4.59,4.65,4.55,4.61,274121,1260561.13
2024-06-19,4.57,4.75,4.56,4.65,411635,1921183.38
2024-06-20,4.61,4.64,4.56,4.63,469402,2155262.50
2024-06-21,4.61,5.28,4.61,4.92,2529967,12501254.00
2024-06-24,4.86,4.87,4.69,4.71,994642,4727972.00
2024-06-25,4.68,4.89,4.65,4.75,841437,4031653.00
2024-06-26,4.80,4.85,4.73,4.82,609473,2910134.00
2024-06-27,4.80,4.85,4.72,4.74,318745,1519214.25
2024-06-28,4.75,4.80,4.71,4.79,237069,1128686.50
2024-07-01,5.33,5.39,4.97,4.97,3598033,18757300.00
2024-07-02,4.80,4.91,4.75,4.81,2360208,11369299.00
2024-07-03,4.80,4.94,4.72,4.72,1034753,4978147.00
2024-07-04,4.70,4.78,4.59,4.62,924717,4314615.50
2024-07-05,4.62,4.65,4.55,4.61,466692,2145164.75
2024-07-08,4.64,4.65,4.43,4.45,475410,2137964.25
2024-07-09,4.47,4.54,4.36,4.48,458934,2028077.13
2024-07-10,4.54,4.54,4.44,4.44,313782,1402497.00
2024-07-11,4.55,4.58,4.47,4.54,457410,2073854.25
2024-07-12,4.52,4.58,4.50,4.53,275396,1253115.75
2024-07-15,4.51,4.56,4.50,4.50,201575,910368.94
2024-07-16,4.43,4.69,4.43,4.67,988299,4554983.50
2024-07-17,4.71,5.08,4.63,5.01,3014653,14860002.00
2024-07-18,4.99,5.25,4.80,5.01,2557397,12832185.00
2024-07-19,4.84,5.08,4.83,4.91,1130639,5606871.50
2024-07-22,4.99,4.99,4.81,4.83,674481,3285144.00
2024-07-23,4.86,4.91,4.76,4.76,395542,1906060.75
2024-07-24,4.82,4.85,4.68,4.72,273792,1298847.25
2024-07-25,4.67,4.99,4.65,4.83,599222,2901585.75
2024-07-26,4.86,4.90,4.80,4.83,911781,4403477.50
2024-07-29,4.83,4.83,4.68,4.68,1047577,4941583.00
2024-07-30,4.68,4.78,4.65,4.71,356153,1680072.88
2024-07-31,4.74,4.81,4.71,4.79,592518,2823437.25
2024-08-01,4.82,4.82,4.73,4.75,302034,1438630.13
2024-08-02,4.71,4.77,4.65,4.68,596170,2803764.50
2024-08-05,4.66,4.70,4.55,4.56,553791,2557818.75
2024-08-06,4.67,4.67,4.56,4.62,280228,1288519.50
2024-08-07,4.58,4.64,4.58,4.63,161747,747355.00
2024-08-08,4.60,4.65,4.59,4.62,158728,731625.63
2024-08-09,4.61,4.67,4.59,4.60,121754,562156.56
2024-08-12,4.63,4.63,4.57,4.60,106401,490246.56
2024-08-13,4.62,4.63,4.56,4.63,108301,500325.34
2024-08-14,4.65,4.66,4.63,4.63,119247,553804.69
2024-08-15,4.64,4.67,4.60,4.65,176261,819615.44
2024-08-16,4.71,4.83,4.65,4.69,487146,2309965.25
2024-08-19,4.67,4.67,4.56,4.63,296991,1367255.25
2024-08-20,4.61,4.73,4.60,4.60,379977,1766990.25
2024-08-21,4.60,4.70,4.57,4.57,147653,679041.19
2024-08-22,4.58,4.59,4.47,4.49,253680,1145750.50
2024-08-23,4.57,4.57,4.48,4.50,114604,516038.34
2024-08-26,4.57,4.61,4.49,4.53,144060,655499.38
2024-08-27,4.52,4.53,4.45,4.47,191794,860452.25
2024-08-28,4.54,4.54,4.40,4.48,106468,474955.06
2024-08-29,4.44,4.53,4.44,4.50,109288,491723.56
2024-08-30,4.50,4.60,4.47,4.55,255991,1169466.75
2024-09-02,4.55,4.57,4.48,4.48,135513,613975.56
2024-09-03,4.48,4.55,4.48,4.53,94837,426358.44
2024-09-04,4.51,4.53,4.47,4.51,147082,662468.13
2024-09-05,4.49,4.54,4.49,4.50,180236,811548.19
2024-09-06,4.50,4.50,4.46,4.46,157071,702349.88
2024-09-09,4.46,4.52,4.45,4.45,89570,399843.78
2024-09-10,4.46,4.50,4.40,4.43,122898,546232.69
2024-09-11,4.41,4.46,4.41,4.44,53267,235545.56
2024-09-12,4.47,4.48,4.39,4.40,79328,350269.19
2024-09-13,4.38,4.50,4.36,4.45,333004,1482552.38
2024-09-18,4.45,4.45,4.36,4.39,219357,966628.00
2024-09-19,4.48,4.49,4.36,4.42,293083,1302664.50
2024-09-20,4.45,4.93,4.43,4.57,664232,3036116.25
2024-09-23,4.52,4.57,4.46,4.51,315060,1415140.38
2024-09-24,4.48,4.69,4.47,4.68,736672,3390789.00
2024-09-25,4.73,4.81,4.66,4.69,904706,4278188.00
2024-09-26,4.68,4.77,4.58,4.77,1058879,4968869.00
2024-09-27,4.80,5.19,4.80,5.05,2481356,12408841.00
2024-09-30,5.28,6.05,5.17,5.96,5809585,32776946.00
2024-10-08,7.17,7.35,6.18,7.06,7483689,51420620.00
2024-10-09,6.52,6.78,5.90,6.00,4350980,27364242.00
2024-10-10,6.24,6.29,5.89,5.92,2090745,12741528.00
2024-10-11,5.86,5.89,5.39,5.46,2013202,11213375.00
2024-10-14,5.51,5.75,5.36,5.67,1302354,7282692.00
2024-10-15,5.69,5.86,5.50,5.54,1426031,8142946.50
2024-10-16,5.38,5.75,5.38,5.73,1436268,8110097.50
2024-10-17,5.83,6.28,5.83,5.94,3386689,20458272.00
2024-10-18,5.91,6.66,5.88,6.65,5729494,36557360.00
2024-10-21,8.00,8.64,8.00,8.64,14981472,128830488.00
2024-10-22,11.23,11.23,8.80,10.78,33759164,364926528.00
2024-10-23,9.19,10.60,9.19,10.19,20536726,201451376.00
2024-10-24,9.60,10.36,9.24,9.72,16376929,159190272.00
2024-10-25,9.59,12.27,9.27,10.14,23069097,239841408.00
2024-10-28,10.01,10.75,9.50,10.29,13427131,136041904.00
2024-10-29,10.60,11.41,10.05,11.20,16641419,179865136.00
2024-10-30,11.87,12.88,10.80,11.30,18588005,219685920.00
2024-10-31,10.18,10.79,9.95,10.14,15344893,158042976.00
2024-11-01,10.35,13.18,10.21,13.18,34710723,427313504.00
2024-11-04,14.24,14.50,11.22,12.50,35270882,447869216.00
2024-11-05,11.70,15.69,11.45,13.71,31060785,400906752.00
2024-11-06,13.31,15.50,13.01,13.70,28774790,404751680.00
2024-11-07,13.20,14.17,12.52,13.01,19098386,253656800.00
2024-11-08,13.25,13.39,12.15,12.35,13758437,175136192.00
2024-11-11,12.29,12.51,11.60,11.99,9685808,115897504.00
2024-11-12,11.98,12.27,11.25,11.62,7662230,90566496.00
2024-11-13,11.75,12.29,11.35,11.86,9600566,113518104.00
2024-11-14,11.58,11.96,11.29,11.42,7448049,86518040.00
2024-11-15,11.40,11.66,10.97,11.06,6679393,75070392.00
2024-11-18,11.31,11.85,10.80,11.22,7743440,87842064.00
2024-11-19,11.14,11.48,10.10,10.92,7697535,82699784.00
2024-11-20,10.71,11.42,10.71,11.40,6067277,67638728.00
2024-11-21,11.40,11.94,11.21,11.75,8658269,100741936.00
2024-11-22,12.00,13.26,11.62,12.15,18114597,224200032.00
2024-11-25,11.60,12.56,11.56,11.80,11244735,135187792.00
2024-11-26,11.72,11.88,10.75,10.76,8905257,101130912.00
2024-11-27,10.70,10.79,9.87,10.61,7553036,77840864.00
2024-11-28,10.61,10.98,10.58,10.60,5649962,61065684.00
2024-11-29,10.55,10.88,10.24,10.53,5818291,61434744.00
2024-12-02,10.70,12.45,10.65,12.11,13340688,153727792.00
2024-12-03,12.11,12.11,12.11,12.11,0,0.00
#数据来源:通达信
