836892 广咨国际 日线 不复权
      日期	    开盘	    最高	    最低	    收盘	    成交量	    成交额
2017-09-05,3.80,3.80,3.80,3.80,329000,1250200.00
2017-09-12,3.80,3.80,3.80,3.80,329000,1250200.00
2017-09-25,3.80,3.80,3.80,3.80,329000,1250200.00
2020-02-25,19.64,19.64,19.63,19.63,2000,39270.00
2020-03-02,19.63,19.63,19.63,19.63,1000,19630.00
2020-03-04,19.60,19.60,19.60,19.60,1000,19600.00
2020-03-06,19.80,19.80,19.80,19.80,1000,19800.00
2020-03-09,20.00,20.00,20.00,20.00,1000,20000.00
2020-03-10,20.00,22.00,20.00,22.00,6000,126010.00
2020-03-11,22.00,22.00,21.99,22.00,18000,395900.00
2020-03-12,20.00,22.00,20.00,22.00,22000,480000.00
2020-03-13,22.00,22.00,21.87,21.87,5000,109610.00
2020-03-16,21.87,21.87,21.70,21.70,2000,43570.00
2020-03-17,21.70,21.80,20.36,20.36,3000,63860.00
2020-03-18,15.75,20.80,15.75,20.79,6000,109630.00
2020-03-19,19.90,20.01,19.87,20.01,4000,79650.00
2020-03-20,20.00,21.80,18.50,18.50,3000,60300.00
2020-03-24,19.00,19.00,19.00,19.00,1000,19000.00
2020-03-25,19.66,19.66,19.66,19.66,2000,39320.00
2020-03-26,19.67,19.68,19.67,19.68,2000,39350.00
2020-03-27,19.80,19.80,19.06,19.06,2000,38860.00
2020-06-17,20.00,20.00,20.00,20.00,1000,20000.00
2020-06-18,20.00,20.00,20.00,20.00,3500,70000.00
2020-06-29,20.50,20.50,20.50,20.50,1000,20500.00
2020-06-30,21.50,21.50,21.50,21.50,1000,21500.00
2020-07-01,22.50,22.50,22.50,22.50,1000,22500.00
2020-07-02,22.50,26.01,22.50,25.99,7000,173510.00
2020-07-03,26.99,26.99,26.99,26.99,7000,188930.00
2020-07-07,18.85,18.85,18.85,18.85,100,1885.00
2020-07-09,18.98,19.50,18.98,19.50,2100,40408.00
2020-07-10,19.14,19.14,19.14,19.14,200,3828.00
2020-07-15,18.88,18.88,18.88,18.88,1000,18880.00
2020-07-17,18.90,18.90,18.90,18.90,100,1890.00
2020-07-20,18.60,18.60,18.60,18.60,1000,18600.00
2020-07-21,18.90,19.50,18.90,19.50,1200,22800.00
2020-07-22,18.50,18.80,18.50,18.80,200,3730.00
2020-07-27,18.59,18.59,18.59,18.59,100,1859.00
2020-07-30,18.80,18.80,18.80,18.80,1000,18800.00
2020-08-03,17.00,17.00,16.50,16.50,8100,135218.00
2020-08-04,16.00,16.00,16.00,16.00,1000,16000.00
2020-08-19,16.00,16.00,16.00,16.00,1000,16000.00
2020-09-29,16.07,16.07,16.07,16.07,3000,48210.00
2020-12-07,20.00,20.00,20.00,20.00,1600,32000.00
2020-12-09,19.86,19.86,19.86,19.86,1400,27804.00
2020-12-10,19.80,19.80,19.80,19.80,2000,39600.00
2020-12-14,18.00,18.00,18.00,18.00,4800,86400.00
2020-12-24,15.00,15.00,15.00,15.00,3000,44295.00
2021-10-28,13.99,15.60,13.61,14.59,2705800,38794284.00
2021-10-29,14.30,15.73,14.07,15.13,1135000,16979498.00
2021-11-01,15.96,19.66,15.96,19.38,1811200,32652038.00
2021-11-02,18.90,19.20,16.80,18.98,1498700,26644832.00
2021-11-03,18.10,18.76,18.10,18.31,715300,13167178.00
2021-11-04,18.43,19.99,18.31,19.36,838200,16291135.00
2021-11-05,19.85,19.85,18.01,19.33,539200,10190322.00
2021-11-08,19.48,22.60,19.00,22.20,1161800,24997630.00
2021-11-09,21.88,23.99,21.65,23.96,655600,14922665.00
2021-11-10,24.13,26.28,23.50,26.00,571500,14020041.00
2021-11-11,26.00,26.79,23.64,25.80,629400,15914069.00
2021-11-12,25.80,26.85,25.03,25.20,445000,11455508.00
2021-11-15,25.00,27.87,21.68,22.19,1459300,35604168.00
2021-11-16,22.13,22.18,19.97,19.99,553400,11477745.00
2021-11-17,20.03,20.16,19.66,19.71,422800,8403542.00
2021-11-18,19.94,19.94,19.06,19.13,294900,5757968.50
2021-11-19,19.16,19.40,18.00,18.63,512900,9434258.00
2021-11-22,18.62,18.95,18.60,18.83,179000,3363127.75
2021-11-23,18.88,19.48,18.62,18.82,446200,8540009.00
2021-11-24,18.93,19.14,18.53,18.56,265200,4974345.00
2021-11-25,18.56,18.56,18.17,18.38,289400,5294613.00
2021-11-26,18.33,18.68,18.29,18.62,197800,3662987.75
2021-11-29,18.61,18.61,18.01,18.06,256800,4667169.50
2021-11-30,18.06,18.30,17.68,17.71,169000,3043329.25
2021-12-01,17.77,18.27,17.52,17.71,105500,1864967.50
2021-12-02,17.71,17.94,17.48,17.92,73700,1310982.75
2021-12-03,17.72,17.86,17.13,17.45,207800,3635387.00
2021-12-06,17.20,17.46,16.20,16.39,303900,5036157.50
2021-12-07,16.58,16.58,16.01,16.20,103700,1675155.13
2021-12-08,16.33,16.39,16.03,16.36,85200,1389646.00
2021-12-09,16.17,16.45,16.17,16.40,58000,946957.00
2021-12-10,16.21,17.30,16.21,16.90,166500,2794234.25
2021-12-13,17.02,17.79,16.85,17.50,194500,3402543.50
2021-12-14,17.80,18.28,17.53,17.94,205600,3680102.75
2021-12-15,17.88,17.88,17.34,17.45,108900,1909070.75
2021-12-16,17.59,17.59,16.91,17.28,153100,2620516.00
2021-12-17,17.20,17.20,16.76,16.80,86700,1462760.38
2021-12-20,16.79,16.79,15.94,16.05,389300,6294448.00
2021-12-21,16.16,16.28,15.99,16.10,66100,1060816.13
2021-12-22,16.11,16.62,16.11,16.18,110800,1807985.38
2021-12-23,16.16,16.16,15.80,15.91,98700,1574352.25
2021-12-24,15.76,15.97,15.41,15.55,63400,992217.19
2021-12-27,15.58,15.74,15.58,15.74,55600,869336.94
2021-12-28,15.70,15.93,15.64,15.83,60300,950223.75
2021-12-29,15.92,16.14,15.80,16.09,69800,1119598.38
2021-12-30,16.15,16.74,15.88,16.73,161300,2655968.25
2021-12-31,16.88,17.65,16.71,17.12,280800,4819375.50
2022-01-04,17.12,17.12,16.54,16.59,144600,2410251.75
2022-01-05,16.60,16.88,16.50,16.63,127400,2118292.25
2022-01-06,16.64,16.80,16.41,16.53,68100,1127700.50
2022-01-07,16.40,16.72,16.39,16.50,54900,905259.56
2022-01-10,16.50,16.50,16.33,16.43,22204,364212.41
2022-01-11,16.38,16.47,16.08,16.28,44936,732537.56
2022-01-12,16.26,16.43,16.14,16.41,50939,831030.56
2022-01-13,16.30,16.59,16.27,16.39,37984,622062.75
2022-01-14,16.35,16.62,16.35,16.52,66853,1105634.50
2022-01-17,16.35,16.87,16.22,16.80,105267,1746017.63
2022-01-18,16.88,16.88,16.55,16.78,111399,1855930.88
2022-01-19,16.56,16.87,16.56,16.77,77254,1297412.88
2022-01-20,16.51,17.47,16.51,17.26,367638,6320732.00
2022-01-21,17.10,17.51,17.10,17.28,179218,3105145.00
2022-01-24,17.01,17.39,16.58,16.76,70951,1197825.25
2022-01-25,17.06,17.06,15.50,15.57,153380,2447860.50
2022-01-26,15.79,15.79,15.30,15.48,68448,1054555.75
2022-01-27,15.48,15.75,15.15,15.19,48400,741089.38
2022-01-28,15.50,15.80,15.30,15.57,22000,341828.94
2022-02-07,15.67,17.64,15.67,16.90,437509,7376941.00
2022-02-08,16.85,17.20,16.01,16.36,309021,5122053.00
2022-02-09,16.80,17.00,15.88,16.44,185215,3007309.00
2022-02-10,16.51,16.99,16.10,16.58,113363,1883906.00
2022-02-11,16.21,16.55,15.80,15.84,126480,2023463.50
2022-02-14,15.75,16.00,15.60,15.72,26759,419298.19
2022-02-15,15.58,15.79,15.55,15.75,43105,673873.88
2022-02-16,15.63,15.90,15.63,15.86,31942,502985.06
2022-02-17,15.62,15.76,15.36,15.49,59045,916750.44
2022-02-18,15.81,15.97,15.26,15.54,65480,1009304.13
2022-02-21,15.36,15.60,15.35,15.50,31235,482076.72
2022-02-22,15.28,15.48,15.28,15.48,13281,204052.88
2022-02-23,15.27,15.52,15.27,15.49,45443,697450.25
2022-02-24,15.97,15.97,15.15,15.31,72845,1124062.50
2022-02-25,15.15,15.50,15.15,15.45,47500,727063.75
2022-02-28,15.38,15.54,15.18,15.40,58173,893913.94
2022-03-01,15.17,15.86,15.17,15.55,32355,504055.38
2022-03-02,15.55,15.69,15.12,15.52,46586,714652.00
2022-03-03,15.52,15.52,15.26,15.43,54101,831859.63
2022-03-04,15.43,15.50,15.23,15.35,39749,609823.88
2022-03-07,15.65,15.65,15.22,15.42,47670,739592.00
2022-03-08,15.20,15.40,14.51,14.69,72782,1086005.25
2022-03-09,14.56,14.88,14.17,14.51,34945,504543.63
2022-03-10,14.56,14.79,14.21,14.65,28017,408516.19
2022-03-11,14.70,14.70,14.25,14.52,20034,287360.59
2022-03-14,14.50,14.50,13.99,14.00,68445,966234.13
2022-03-15,13.45,13.74,13.30,13.60,123496,1669895.00
2022-03-16,14.00,14.00,13.15,13.66,50884,682815.63
2022-03-17,13.80,14.56,13.58,14.04,145422,2053597.50
2022-03-18,13.73,14.43,13.73,14.05,58620,825349.31
2022-03-21,14.40,14.40,14.07,14.07,71910,1018822.31
2022-03-22,14.01,14.19,13.76,13.92,46518,645754.31
2022-03-23,13.72,13.92,13.70,13.84,10106,138804.25
2022-03-24,13.71,13.89,13.71,13.85,6057,83447.47
2022-03-25,13.71,13.71,13.61,13.69,32926,451234.56
2022-03-28,13.58,13.64,13.31,13.64,23509,316258.34
2022-03-29,13.50,13.65,13.38,13.64,14239,192607.48
2022-03-30,13.71,13.78,13.40,13.66,24337,328834.06
2022-03-31,13.65,13.71,13.42,13.71,32214,439118.81
2022-04-01,13.71,14.39,13.68,14.30,93314,1318975.63
2022-04-06,14.27,14.54,14.09,14.50,75804,1087793.50
2022-04-07,14.50,14.99,14.26,14.48,60206,882755.44
2022-04-08,14.59,14.61,14.33,14.54,17342,250330.19
2022-04-11,14.32,14.64,14.00,14.10,29816,422459.84
2022-04-12,13.98,14.15,13.89,13.98,9243,129517.05
2022-04-13,14.00,14.00,13.85,13.92,59811,832390.81
2022-04-14,13.85,14.14,13.84,14.00,24066,333680.97
2022-04-15,13.90,14.15,13.53,13.66,58543,803186.75
2022-04-18,13.62,13.96,13.62,13.70,12836,177220.20
2022-04-19,13.64,13.86,13.64,13.65,10424,142499.77
2022-04-20,13.89,13.89,13.60,13.73,16751,228692.17
2022-04-21,13.62,13.96,13.03,13.31,27077,368953.16
2022-04-22,13.31,13.53,13.10,13.52,12920,173178.02
2022-04-25,13.35,13.35,12.88,12.89,27838,365208.03
2022-04-26,12.80,13.35,12.56,13.15,16140,207187.06
2022-04-27,12.72,13.43,12.72,13.26,50805,656781.31
2022-04-28,12.73,13.26,12.73,13.08,27369,352331.28
2022-04-29,13.18,13.36,12.70,13.19,41988,546496.00
2022-05-05,12.58,13.18,12.51,12.94,13361,172928.52
2022-05-06,13.00,13.08,12.81,12.96,7758,100240.24
2022-05-09,12.92,13.15,12.92,13.15,10265,133161.55
2022-05-10,12.67,13.26,12.67,13.18,8821,115733.78
2022-05-11,13.34,13.34,12.89,13.17,12631,166628.34
2022-05-12,13.15,13.33,13.00,13.17,6124,80112.92
2022-05-13,13.30,13.57,13.22,13.52,45076,604336.69
2022-05-16,13.57,13.90,13.50,13.90,69807,956380.13
2022-05-17,13.79,14.14,13.50,13.90,29507,412110.25
2022-05-18,13.95,14.15,13.90,13.99,19031,266158.09
2022-05-19,13.83,14.17,13.76,14.16,38387,539443.44
2022-05-20,13.95,14.39,13.95,14.27,34058,480786.91
2022-05-23,14.32,14.32,14.02,14.02,34466,489059.44
2022-05-24,14.25,14.25,13.65,13.87,12368,172113.31
2022-05-25,13.72,13.93,13.70,13.86,5107,70102.77
2022-05-26,13.64,14.10,13.64,14.00,13999,194554.03
2022-05-27,13.99,14.02,13.66,13.99,9201,127797.15
2022-05-30,13.80,13.98,13.79,13.96,1618,22387.28
2022-05-31,13.96,13.99,13.73,13.99,8240,114844.23
2022-06-01,13.80,14.15,13.73,13.79,47656,665127.44
2022-06-02,13.99,14.02,13.83,13.99,12065,167786.30
2022-06-06,13.82,14.29,13.80,14.04,17828,250441.61
2022-06-07,14.00,14.10,13.80,14.10,14830,206534.59
2022-06-08,14.06,14.06,13.85,14.05,32480,451279.81
2022-06-09,10.41,10.50,10.35,10.48,18708,194555.66
2022-06-10,10.30,10.48,10.30,10.41,35914,370981.94
2022-06-13,10.31,10.46,10.22,10.46,7802,80476.77
2022-06-14,10.26,10.39,9.52,10.34,90352,905752.31
2022-06-15,10.16,10.35,10.02,10.28,30494,310834.06
2022-06-16,10.28,10.42,10.16,10.30,55010,570105.50
2022-06-17,10.30,10.30,10.08,10.21,18551,188206.08
2022-06-20,10.10,10.17,10.03,10.14,26687,268752.94
2022-06-21,10.02,10.09,9.77,9.82,53234,527786.19
2022-06-22,9.80,9.99,9.80,9.85,43635,429721.97
2022-06-23,9.78,9.97,9.75,9.96,41503,406792.63
2022-06-24,9.74,9.95,9.74,9.89,7560,74309.60
2022-06-27,9.78,9.94,9.78,9.92,6463,63493.70
2022-06-28,9.81,10.38,9.81,10.34,98294,991546.75
2022-06-29,10.30,10.30,10.02,10.25,27030,273235.09
2022-06-30,10.22,10.25,10.06,10.16,15705,158457.05
2022-07-01,10.04,10.25,10.04,10.24,13406,136445.23
2022-07-04,10.24,10.26,10.23,10.25,1457,14932.98
2022-07-05,10.15,10.22,9.75,10.08,59872,601838.44
2022-07-06,9.85,10.12,9.76,10.04,14605,145811.56
2022-07-07,10.04,10.04,9.85,10.02,10810,107709.33
2022-07-08,10.24,10.24,9.83,9.94,20901,206684.70
2022-07-11,9.85,10.02,9.82,10.01,18442,181734.94
2022-07-12,9.83,10.02,9.83,9.99,26233,262438.41
2022-07-13,9.90,10.04,9.90,10.01,13490,135223.00
2022-07-14,9.90,10.02,9.89,10.02,3950,39131.40
2022-07-15,9.87,10.00,9.87,9.99,13218,131695.55
2022-07-18,9.84,10.04,9.84,10.00,12036,120111.82
2022-07-19,9.87,10.03,9.82,9.99,96220,946806.00
2022-07-20,9.83,9.99,9.82,9.94,20139,198090.67
2022-07-21,9.98,9.98,9.65,9.91,49047,475533.22
2022-07-22,9.75,9.80,9.73,9.76,40776,397675.41
2022-07-25,9.70,9.84,9.65,9.79,16551,160496.02
2022-07-26,9.63,9.79,9.63,9.79,462,4471.56
2022-07-27,9.88,9.88,9.67,9.85,6030,58915.06
2022-07-28,9.65,9.81,9.63,9.81,14018,135466.52
2022-07-29,9.79,9.85,9.65,9.85,7370,71641.30
2022-08-01,9.66,9.79,9.65,9.78,13740,132935.50
2022-08-02,9.63,9.63,9.00,9.49,48387,456419.19
2022-08-03,9.49,9.51,9.12,9.38,39711,367815.53
2022-08-04,9.34,9.34,9.04,9.23,16373,150286.94
2022-08-05,9.25,9.33,9.09,9.23,15469,141707.70
2022-08-08,9.26,9.29,9.03,9.28,15322,140318.80
2022-08-09,9.15,9.28,9.15,9.25,3580,32783.00
2022-08-10,9.27,9.27,9.10,9.26,3455,31639.50
2022-08-11,9.25,9.36,9.25,9.30,17686,165191.42
2022-08-12,9.36,9.36,9.34,9.36,3000,28057.00
2022-08-15,9.36,9.36,9.19,9.29,4698,43568.62
2022-08-16,9.43,9.43,9.20,9.36,36943,341438.91
2022-08-17,9.20,9.32,9.20,9.32,17766,163506.59
2022-08-18,9.21,9.40,9.19,9.35,5100,46976.26
2022-08-19,9.19,9.34,9.19,9.20,5650,52016.30
2022-08-22,9.11,9.20,9.07,9.18,20010,182829.09
2022-08-23,9.03,9.30,9.02,9.25,2030,18655.60
2022-08-24,9.24,9.28,9.03,9.28,9110,84015.80
2022-08-25,9.28,9.28,8.90,9.25,7791,70519.70
2022-08-26,9.06,9.23,9.06,9.23,2523,22912.18
2022-08-29,9.26,9.26,8.93,9.10,10720,96956.09
2022-08-30,9.10,9.20,8.99,9.20,9906,90477.99
2022-08-31,9.00,9.38,9.00,9.38,13140,121593.10
2022-09-01,9.06,9.32,9.06,9.32,430,3952.80
2022-09-02,9.21,9.37,9.10,9.32,4202,38758.05
2022-09-05,9.33,9.38,9.20,9.37,16763,156342.95
2022-09-06,9.43,9.43,9.23,9.38,2499,23275.77
2022-09-07,9.22,9.35,9.17,9.35,11130,102132.48
2022-09-08,9.20,9.23,8.90,8.90,17298,156955.67
2022-09-09,9.26,9.33,9.01,9.14,26937,245447.69
2022-09-13,9.32,9.32,9.15,9.25,2238,20542.88
2022-09-14,9.10,9.24,9.04,9.19,12565,114129.75
2022-09-15,9.13,9.28,9.00,9.12,12762,116128.13
2022-09-16,9.23,9.29,9.12,9.15,91572,842861.00
2022-09-19,9.23,9.40,9.01,9.09,14182,128515.62
2022-09-20,9.08,9.25,9.08,9.24,6062,55575.90
2022-09-21,9.08,9.94,9.08,9.65,165514,1596840.13
2022-09-22,9.52,10.00,9.52,9.83,133372,1305377.25
2022-09-23,9.63,9.82,9.37,9.57,35849,340768.94
2022-09-26,9.26,9.49,9.02,9.44,47206,434815.16
2022-09-27,9.41,9.44,9.30,9.38,10540,98430.97
2022-09-28,9.37,9.38,9.20,9.32,17773,165371.91
2022-09-29,9.30,9.30,9.07,9.28,29129,266034.06
2022-09-30,9.24,9.24,9.24,9.24,5297,48944.28
2022-10-10,9.45,9.45,9.00,9.01,22114,199826.14
2022-10-11,9.08,9.10,8.81,9.04,28282,252782.73
2022-10-12,8.96,9.05,8.87,9.02,23743,212602.36
2022-10-13,8.87,9.48,8.87,9.16,39430,359394.59
2022-10-14,9.00,9.16,8.98,9.16,11850,107666.02
2022-10-17,9.05,9.16,9.02,9.08,82177,742342.81
2022-10-18,8.92,9.07,8.92,9.03,27489,247843.16
2022-10-19,8.93,8.99,8.90,8.92,15478,137919.45
2022-10-20,8.86,8.95,8.86,8.94,21915,194615.41
2022-10-21,8.96,8.97,8.88,8.97,8019,71362.19
2022-10-24,8.99,8.99,8.84,8.94,8219,73022.99
2022-10-25,8.82,8.92,8.82,8.91,3303,29251.01
2022-10-26,8.93,8.95,8.87,8.93,20781,185516.16
2022-10-27,8.93,8.94,8.83,8.94,8774,78146.74
2022-10-28,8.78,8.88,8.70,8.86,6430,56208.24
2022-10-31,8.76,8.84,8.76,8.83,2400,21047.00
2022-11-01,8.89,8.90,8.75,8.84,59703,524626.25
2022-11-02,8.85,8.85,8.75,8.84,54015,474982.44
2022-11-03,9.05,9.05,8.77,8.88,13030,115591.46
2022-11-04,9.02,9.04,8.81,8.86,3570,32107.90
2022-11-07,8.94,8.96,8.81,8.92,15832,140097.34
2022-11-08,8.98,8.98,8.90,8.93,13739,122894.38
2022-11-09,8.99,8.99,8.90,8.96,13961,125001.96
2022-11-10,8.96,8.98,8.90,8.98,8700,77683.99
2022-11-11,8.82,9.12,8.82,9.07,24035,217120.41
2022-11-14,9.20,9.20,8.93,9.03,12158,109114.38
2022-11-15,8.88,9.15,8.88,9.14,24911,225940.08
2022-11-16,9.05,9.12,8.80,9.09,19230,170844.31
2022-11-17,8.88,9.15,8.88,9.11,19500,177128.00
2022-11-18,9.09,9.09,8.96,9.08,8090,73237.20
2022-11-21,9.30,9.35,9.03,9.17,31645,289961.34
2022-11-22,9.07,9.14,9.05,9.13,14156,128230.20
2022-11-23,9.12,9.15,9.01,9.15,71896,652126.00
2022-11-24,9.18,9.18,9.05,9.12,26730,242798.80
2022-11-25,9.01,9.13,8.97,9.13,21968,198392.84
2022-11-28,9.09,9.09,8.91,9.04,30600,275148.38
2022-11-29,9.05,9.05,8.96,9.03,66362,596424.31
2022-11-30,8.95,9.01,8.95,9.01,17050,152834.00
2022-12-01,8.94,9.02,8.91,8.97,34495,308318.44
2022-12-02,8.96,8.96,8.92,8.95,9583,85575.66
2022-12-05,8.91,8.97,8.91,8.96,24721,220809.97
2022-12-06,8.94,8.94,8.88,8.92,29717,264825.63
2022-12-07,8.88,8.92,8.88,8.89,11065,98369.90
2022-12-08,8.77,8.87,8.74,8.85,30139,265366.84
2022-12-09,8.73,8.80,8.68,8.79,16853,147334.44
2022-12-12,8.72,8.75,8.51,8.74,54303,468702.59
2022-12-13,8.65,8.72,8.63,8.71,3523,30596.16
2022-12-14,8.63,8.70,8.63,8.70,2562,22182.30
2022-12-15,8.63,8.89,8.63,8.80,23467,206168.20
2022-12-16,8.65,8.68,8.59,8.67,12232,105460.15
2022-12-19,8.67,8.81,8.58,8.80,8484,73664.28
2022-12-20,8.77,8.77,8.53,8.76,6300,54329.20
2022-12-21,8.75,8.75,8.55,8.75,1889,16379.36
2022-12-22,8.60,8.70,8.55,8.70,5212,44717.60
2022-12-23,8.60,8.70,8.53,8.70,15566,133681.09
2022-12-26,8.53,8.68,8.53,8.68,12540,108013.70
2022-12-27,8.52,8.68,8.52,8.66,8280,70908.30
2022-12-28,8.55,8.64,8.54,8.64,10680,91619.80
2022-12-29,8.77,8.77,8.58,8.64,6400,55198.00
2022-12-30,8.55,8.65,8.55,8.64,2690,23151.25
2023-01-03,8.52,8.61,8.52,8.61,8720,74463.40
2023-01-04,8.60,8.61,8.60,8.60,3700,31844.00
2023-01-05,8.52,8.59,8.51,8.58,10140,86766.70
2023-01-06,8.60,8.60,8.53,8.58,2190,18790.70
2023-01-09,8.70,8.70,8.56,8.56,6700,57451.00
2023-01-10,8.51,8.56,8.49,8.56,14846,126254.86
2023-01-11,8.53,8.56,8.47,8.55,18059,153171.03
2023-01-12,8.47,8.56,8.47,8.56,260,2212.90
2023-01-13,8.68,8.69,8.47,8.59,18070,154489.47
2023-01-16,8.60,8.89,8.58,8.74,64621,561069.88
2023-01-17,8.74,8.78,8.63,8.74,14125,123091.00
2023-01-18,8.78,8.84,8.75,8.83,9332,81959.30
2023-01-19,8.88,8.88,8.64,8.80,18628,161913.20
2023-01-20,8.70,8.85,8.70,8.76,7841,68746.48
2023-01-30,8.87,8.87,8.71,8.75,13037,114479.94
2023-01-31,8.71,9.20,8.69,9.08,162073,1463164.13
2023-02-01,9.10,9.37,9.10,9.16,97388,896479.00
2023-02-02,9.23,9.24,8.96,9.16,48510,441123.13
2023-02-03,8.96,9.12,8.96,9.11,13848,125842.76
2023-02-06,9.11,9.11,8.95,9.11,32573,295514.38
2023-02-07,8.99,9.11,8.99,9.06,24240,218427.80
2023-02-08,9.06,9.06,8.97,9.05,9160,82326.50
2023-02-09,9.00,9.10,8.92,9.10,16490,148141.88
2023-02-10,9.00,9.06,8.94,9.05,22584,203169.47
2023-02-13,8.91,9.05,8.91,9.03,62525,560499.25
2023-02-14,8.92,9.02,8.88,9.00,33225,297311.22
2023-02-15,8.98,9.00,8.88,8.99,17830,159233.17
2023-02-16,8.91,8.96,8.82,8.92,38454,341921.81
2023-02-17,8.90,8.92,8.77,8.91,18280,161741.39
2023-02-20,8.91,8.92,8.61,8.92,60106,531831.69
2023-02-21,8.92,8.93,8.82,8.92,116416,1032877.75
2023-02-22,8.90,9.30,8.85,9.28,142213,1297817.50
2023-02-23,9.41,9.41,9.07,9.17,25733,235944.34
2023-02-24,9.07,9.16,8.98,9.16,32944,297928.53
2023-02-27,9.15,9.23,9.15,9.22,9435,86578.46
2023-02-28,9.35,9.35,9.15,9.31,22380,205274.80
2023-03-01,9.12,9.30,9.12,9.29,9058,83991.20
2023-03-02,9.16,9.17,9.16,9.16,64100,587163.00
2023-03-03,9.15,9.28,9.15,9.25,37500,345219.16
2023-03-06,9.08,9.25,9.08,9.25,12020,110505.90
2023-03-07,9.10,9.22,9.09,9.16,64460,587899.50
2023-03-08,9.15,9.15,9.07,9.15,5643,51522.71
2023-03-09,9.20,9.48,9.08,9.39,94449,882210.50
2023-03-10,9.47,9.47,9.14,9.20,60530,557987.19
2023-03-13,9.17,9.30,9.15,9.30,21865,202583.34
2023-03-14,9.22,9.32,8.93,9.12,79409,717434.63
2023-03-15,9.11,9.12,9.00,9.02,53820,486532.38
2023-03-16,9.00,9.05,8.86,9.02,47692,426161.72
2023-03-17,9.15,9.16,8.95,9.05,23330,210401.25
2023-03-20,9.29,9.29,9.02,9.12,7935,72341.20
2023-03-21,9.13,9.14,9.01,9.14,8115,73544.33
2023-03-22,9.10,9.18,9.09,9.12,40118,366195.94
2023-03-23,9.14,9.14,9.04,9.12,16445,149359.70
2023-03-24,9.03,9.12,8.95,9.09,40416,365350.88
2023-03-27,9.08,9.09,9.05,9.07,11388,103387.68
2023-03-28,9.11,9.11,9.04,9.09,6283,56955.32
2023-03-29,9.08,9.09,8.97,9.00,99787,899242.50
2023-03-30,8.96,9.05,8.92,9.01,36869,329974.56
2023-03-31,8.95,9.00,8.93,8.99,24095,215788.22
2023-04-03,8.98,9.10,8.98,9.06,29088,261831.78
2023-04-04,9.14,9.45,9.14,9.23,171596,1602966.88
2023-04-06,9.23,9.41,9.23,9.37,111652,1043418.06
2023-04-07,9.43,9.45,9.37,9.43,40130,377821.56
2023-04-10,9.42,9.43,9.21,9.23,44590,414455.56
2023-04-11,9.27,9.36,9.17,9.35,39809,368680.75
2023-04-12,9.30,9.33,9.23,9.27,51899,480972.66
2023-04-13,9.32,9.34,9.27,9.33,79982,745234.19
2023-04-14,9.37,9.44,9.32,9.44,150245,1406113.50
2023-04-17,9.37,9.47,9.36,9.46,67734,637231.69
2023-04-18,9.35,9.43,9.35,9.43,37272,349768.00
2023-04-19,9.45,9.45,9.36,9.39,50919,477918.84
2023-04-20,9.39,9.44,9.32,9.36,74254,694198.00
2023-04-21,9.40,9.40,9.24,9.24,44827,417409.16
2023-04-24,9.26,9.39,9.26,9.34,65706,611565.44
2023-04-25,9.38,9.39,9.20,9.25,52444,485097.25
2023-04-26,9.25,9.32,9.20,9.24,54189,500253.91
2023-04-27,9.24,9.27,9.24,9.27,15305,141596.34
2023-04-28,9.26,9.29,9.24,9.29,54334,503890.59
2023-05-04,9.29,9.43,9.29,9.33,43043,400157.41
2023-05-05,9.38,10.00,9.33,9.99,357857,3512728.25
2023-05-08,10.20,12.98,10.20,12.98,1738779,21678058.00
2023-05-09,14.30,16.50,13.12,15.19,3537708,51492576.00
2023-05-10,12.51,13.85,12.02,13.20,1584983,20544844.00
2023-05-11,13.30,13.31,11.47,12.50,1644481,19955680.00
2023-05-12,11.94,12.78,11.48,12.00,1415015,17056342.00
2023-05-15,11.90,11.90,11.18,11.54,914156,10542454.00
2023-05-16,11.60,12.39,11.31,11.55,1031115,12214275.00
2023-05-17,11.60,11.70,10.89,11.22,809049,9018526.00
2023-05-18,11.24,11.24,10.72,11.03,781749,8537976.00
2023-05-19,11.10,11.97,10.86,11.40,974111,11138678.00
2023-05-22,11.33,12.30,11.12,12.01,1482092,17397300.00
2023-05-23,12.01,12.26,11.40,11.53,712568,8393268.00
2023-05-24,11.50,11.93,11.19,11.19,872895,10120623.00
2023-05-25,11.05,11.06,10.55,10.83,707432,7655967.00
2023-05-26,10.65,10.95,10.47,10.66,563371,5975642.50
2023-05-29,10.49,10.68,10.49,10.68,316509,3348731.00
2023-05-30,10.58,10.80,10.40,10.49,372856,3932991.75
2023-05-31,10.62,10.62,10.36,10.47,386631,4027169.25
2023-06-01,10.41,10.62,10.41,10.47,233931,2452484.00
2023-06-02,10.47,11.36,10.41,11.04,797177,8713810.00
2023-06-05,11.15,11.15,10.70,10.70,306595,3321587.50
2023-06-06,10.81,10.92,10.66,10.67,398214,4310208.00
2023-06-07,10.68,10.77,10.51,10.69,236768,2508943.25
2023-06-08,10.68,13.89,10.60,12.85,2792301,34696828.00
2023-06-09,12.58,12.58,11.52,11.73,1855650,21846528.00
2023-06-12,11.76,11.76,11.10,11.32,900720,10173101.00
2023-06-13,11.21,11.41,11.14,11.38,479491,5380339.50
2023-06-14,11.30,12.88,11.28,12.15,1657000,20361626.00
2023-06-15,11.90,11.90,11.50,11.80,825293,9615111.00
2023-06-16,11.87,12.92,11.71,11.86,1030117,12575050.00
2023-06-19,11.70,11.80,11.22,11.37,877740,10054541.00
2023-06-20,11.37,11.80,11.18,11.50,430089,4904860.00
2023-06-21,11.50,11.62,11.30,11.37,320616,3657643.50
2023-06-26,11.37,11.37,11.05,11.06,288544,3234862.25
2023-06-27,11.34,12.68,11.28,12.05,1077949,12863038.00
2023-06-28,11.98,12.28,11.60,12.10,632079,7580541.00
2023-06-29,12.08,12.12,11.78,12.00,403272,4811276.00
2023-06-30,12.00,12.14,11.86,12.07,328889,3936420.50
2023-07-03,12.06,12.27,12.00,12.09,367858,4460080.00
2023-07-04,12.32,12.32,11.90,11.99,396977,4767550.00
2023-07-05,11.92,12.10,11.87,11.98,288782,3452804.75
2023-07-06,8.60,8.69,8.29,8.42,390896,3303296.75
2023-07-07,8.42,8.73,8.42,8.60,599601,5185259.00
2023-07-10,8.60,8.74,8.56,8.67,348332,3020186.25
2023-07-11,8.61,8.73,8.50,8.55,387566,3315039.50
2023-07-12,8.65,8.65,8.46,8.47,164890,1402522.75
2023-07-13,8.45,8.57,8.30,8.30,250190,2099968.00
2023-07-14,8.30,8.30,8.18,8.28,259108,2131730.00
2023-07-17,8.32,8.32,8.19,8.28,196391,1628166.25
2023-07-18,8.28,8.28,8.01,8.06,285366,2306616.50
2023-07-19,8.08,8.33,8.08,8.21,359945,2970956.25
2023-07-20,8.16,8.27,8.01,8.01,284084,2297245.75
2023-07-21,8.11,8.13,8.01,8.02,170462,1374401.88
2023-07-24,8.30,9.33,8.14,8.31,1314319,11596879.00
2023-07-25,8.22,9.30,8.20,8.77,1198050,10362456.00
2023-07-26,8.22,11.35,8.22,10.49,4331846,43500008.00
2023-07-27,9.66,10.15,9.15,9.26,3015426,28897756.00
2023-07-28,9.40,9.40,8.72,8.92,1861576,16526916.00
2023-07-31,8.96,9.80,8.80,9.31,1768829,16604268.00
2023-08-01,9.16,9.16,8.84,8.90,1309716,11712463.00
2023-08-02,9.00,9.12,8.82,8.99,943174,8416815.00
2023-08-03,8.95,8.95,8.70,8.77,751028,6586831.50
2023-08-04,8.73,9.55,8.72,9.17,1582297,14504110.00
2023-08-07,8.93,9.00,8.70,8.79,999494,8775875.00
2023-08-08,8.78,8.94,8.71,8.84,638306,5657598.00
2023-08-09,8.77,9.00,8.63,8.76,581029,5121041.50
2023-08-10,8.76,8.91,8.63,8.74,584754,5115509.00
2023-08-11,8.78,8.78,8.48,8.49,633703,5441395.50
2023-08-14,8.45,8.45,8.25,8.41,320216,2675012.75
2023-08-15,8.49,8.55,8.31,8.38,130475,1096647.75
2023-08-16,8.43,8.60,8.26,8.44,259512,2184397.00
2023-08-17,8.35,8.37,8.21,8.25,508671,4201120.50
2023-08-18,8.34,8.36,8.25,8.29,121825,1011183.13
2023-08-21,8.29,8.35,8.22,8.28,152946,1270568.50
2023-08-22,8.28,8.32,8.09,8.26,351297,2896687.00
2023-08-23,8.26,8.30,8.17,8.17,118684,975196.50
2023-08-24,8.18,8.25,8.10,8.20,165126,1343653.13
2023-08-25,8.20,8.27,8.12,8.19,117134,956922.81
2023-08-28,8.80,8.93,8.26,8.26,382932,3271307.50
2023-08-29,8.26,8.63,8.20,8.41,398085,3324759.75
2023-08-30,8.38,8.41,8.24,8.34,206968,1719975.00
2023-08-31,8.43,8.80,8.43,8.49,464542,3992384.25
2023-09-01,8.49,8.95,8.47,8.78,619894,5416827.50
2023-09-04,9.30,9.50,8.96,8.97,898908,8264360.00
2023-09-05,8.90,8.90,8.65,8.78,422437,3694923.50
2023-09-06,8.73,8.73,8.50,8.68,364858,3136752.50
2023-09-07,8.67,8.73,8.55,8.56,161182,1384138.00
2023-09-08,8.69,8.69,8.55,8.63,130001,1118771.88
2023-09-11,8.68,8.72,8.57,8.66,175447,1515982.63
2023-09-12,8.73,8.74,8.64,8.64,131702,1141956.13
2023-09-13,8.75,8.75,8.51,8.61,175817,1509509.75
2023-09-14,8.61,8.67,8.45,8.52,130913,1112885.25
2023-09-15,8.60,8.60,8.43,8.43,151281,1279088.75
2023-09-18,8.51,8.54,8.42,8.47,69757,590736.88
2023-09-19,8.53,8.53,8.38,8.47,55893,470856.59
2023-09-20,8.44,8.52,8.35,8.42,46360,391293.81
2023-09-21,8.51,8.51,8.41,8.49,57627,487676.53
2023-09-22,8.39,8.52,8.38,8.47,118257,998688.44
2023-09-25,8.53,8.53,8.12,8.26,208322,1715101.88
2023-09-26,8.23,8.23,8.11,8.15,155304,1262658.63
2023-09-27,8.10,8.19,8.08,8.11,52332,425422.94
2023-09-28,8.10,8.27,8.10,8.23,56114,460615.91
2023-10-09,8.30,8.35,8.18,8.23,34449,284505.94
2023-10-10,8.22,8.22,8.14,8.19,37113,303742.06
2023-10-11,8.13,8.22,8.13,8.15,52741,430617.03
2023-10-12,8.26,8.28,8.16,8.20,37876,309686.47
2023-10-13,8.19,8.20,8.10,8.11,89822,729930.06
2023-10-16,8.08,8.10,8.05,8.08,111783,903003.69
2023-10-17,8.06,8.11,8.01,8.07,35143,283223.69
2023-10-18,8.02,8.11,8.01,8.01,60132,482523.31
2023-10-19,8.01,8.01,7.94,8.00,33891,270269.63
2023-10-20,8.04,8.09,7.91,7.93,75088,599869.44
2023-10-23,8.08,8.08,7.85,7.98,91496,732879.69
2023-10-24,7.98,8.01,7.93,8.00,69935,558802.69
2023-10-25,8.01,8.53,8.01,8.22,257840,2126976.00
2023-10-26,8.32,8.37,8.00,8.12,187757,1519426.50
2023-10-27,8.17,8.24,8.03,8.18,215663,1748253.25
2023-10-30,8.08,8.27,8.08,8.15,127319,1036489.75
2023-10-31,8.12,8.18,8.12,8.15,114349,931035.31
2023-11-01,8.35,8.45,8.18,8.19,92194,763757.50
2023-11-02,8.31,8.31,8.15,8.15,35922,293993.22
2023-11-03,8.15,8.26,8.09,8.23,109520,896286.44
2023-11-06,8.24,8.37,8.15,8.23,204613,1674809.00
2023-11-07,8.29,8.32,8.14,8.21,306203,2508698.50
2023-11-08,8.20,8.35,8.14,8.35,515451,4239109.50
2023-11-09,8.27,8.39,8.27,8.28,224499,1868021.00
2023-11-10,8.26,8.28,8.17,8.21,161932,1329292.50
2023-11-13,8.16,8.24,8.16,8.24,74414,610174.94
2023-11-14,8.23,8.25,8.17,8.24,105550,867815.25
2023-11-15,8.26,8.38,8.19,8.33,330226,2750972.25
2023-11-16,8.31,8.34,8.17,8.25,186092,1528844.25
2023-11-17,8.25,8.49,8.14,8.45,384051,3170011.00
2023-11-20,8.43,8.78,8.33,8.70,588954,5084063.00
2023-11-21,8.72,9.82,8.72,9.19,1684520,15512409.00
2023-11-22,9.02,9.88,8.79,9.87,2346331,22243142.00
2023-11-23,9.58,10.43,9.20,9.80,1731421,16968956.00
2023-11-24,9.66,10.99,9.38,10.78,2786235,28324108.00
2023-11-27,10.77,12.00,10.36,11.92,3212639,36611284.00
2023-11-28,11.25,11.79,10.81,11.36,1773133,20054648.00
2023-11-29,11.17,11.50,9.91,10.16,1439698,15063468.00
2023-11-30,10.16,10.26,9.67,9.70,873056,8649607.00
2023-12-01,9.75,9.89,9.27,9.32,755156,7130549.00
2023-12-04,9.35,9.43,8.89,9.17,770991,7023024.00
2023-12-05,9.18,10.20,9.18,10.06,2168970,21155724.00
2023-12-06,10.08,10.50,9.67,9.85,1461569,14592917.00
2023-12-07,9.88,10.75,9.70,10.42,2136761,21960692.00
2023-12-08,10.33,10.55,10.06,10.35,1667759,17187740.00
2023-12-11,10.56,10.75,9.92,10.13,1241244,12722137.00
2023-12-12,10.13,13.10,9.92,12.76,4748707,56239228.00
2023-12-13,11.78,13.80,11.50,13.38,5571788,71873184.00
2023-12-14,12.90,16.37,12.62,14.03,6035917,88245432.00
2023-12-15,14.03,16.99,14.03,15.26,5826371,90664904.00
2023-12-18,14.22,15.35,14.21,14.81,3906426,57104452.00
2023-12-19,14.50,14.77,13.30,13.82,3410228,47452036.00
2023-12-20,13.96,14.22,13.60,14.04,2739588,38220692.00
2023-12-21,14.20,14.24,10.87,11.70,3114201,40288540.00
2023-12-22,11.60,11.92,11.08,11.70,1870648,21618656.00
2023-12-25,11.70,12.37,11.70,12.20,1474243,17840268.00
2023-12-26,12.48,13.79,12.45,13.21,2993975,39302884.00
2023-12-27,12.75,13.12,12.39,12.71,1709424,21742200.00
2023-12-28,12.71,13.84,12.32,13.44,2432893,31713688.00
2023-12-29,13.44,13.99,13.23,13.94,2627554,35997008.00
2024-01-02,13.88,14.25,13.63,14.07,2890232,40463936.00
2024-01-03,13.88,14.08,13.40,13.75,1494383,20514682.00
2024-01-04,14.02,14.02,13.15,13.42,1135798,15262617.00
2024-01-05,13.72,13.72,12.63,12.91,1347803,17735962.00
2024-01-08,13.50,15.08,13.50,13.64,4332247,61728476.00
2024-01-09,12.50,13.00,12.00,12.50,3025409,37737144.00
2024-01-10,12.40,12.42,11.72,11.98,1766697,21185324.00
2024-01-11,12.02,12.23,11.77,12.13,1125710,13466938.00
2024-01-12,12.39,12.68,11.01,11.10,1692137,20378530.00
2024-01-15,10.96,11.15,10.10,10.41,882707,9398446.00
2024-01-16,10.55,11.46,10.10,11.40,2039488,22197868.00
2024-01-17,11.15,11.95,11.01,11.03,1601895,18312464.00
2024-01-18,10.73,11.54,10.50,11.36,1470886,16294767.00
2024-01-19,11.63,11.88,11.29,11.62,1370888,15916356.00
2024-01-22,11.45,11.62,10.70,10.97,982550,11040068.00
2024-01-23,10.95,12.15,10.59,11.80,1715417,19763622.00
2024-01-24,11.87,12.69,11.33,12.45,2519950,30618064.00
2024-01-25,12.53,14.60,12.19,14.12,4595228,63766576.00
2024-01-26,13.48,14.52,13.05,13.29,3543274,48699312.00
2024-01-29,14.00,16.30,13.30,13.30,5171103,76375280.00
2024-01-30,12.10,12.87,11.82,12.51,4047701,49829804.00
2024-01-31,12.44,13.50,12.15,13.35,3436384,43718056.00
2024-02-01,13.24,13.24,11.80,11.90,2420805,30520918.00
2024-02-02,11.77,12.49,10.10,11.33,2366500,27614020.00
2024-02-05,10.95,11.05,10.00,10.45,1891762,20069852.00
2024-02-06,10.37,11.31,10.15,11.29,1944928,21173120.00
2024-02-07,11.30,11.69,10.33,10.33,1658468,18523764.00
2024-02-08,10.43,10.70,10.00,10.36,1532501,15862798.00
2024-02-19,10.40,11.30,10.17,11.27,1720096,18594278.00
2024-02-20,11.17,13.31,10.81,12.09,2320607,27629762.00
2024-02-21,11.82,12.73,11.40,11.81,2128224,25648590.00
2024-02-22,11.70,12.07,11.60,11.82,1367198,16204364.00
2024-02-23,11.78,12.02,11.30,11.41,1529434,17678776.00
2024-02-26,11.35,11.60,11.01,11.42,1089767,12280649.00
2024-02-27,11.38,12.08,11.38,11.88,1898079,22338218.00
2024-02-28,11.60,12.59,11.55,12.36,2849487,34508612.00
2024-02-29,12.23,12.75,12.00,12.50,1971387,24378712.00
2024-03-01,12.70,12.99,12.21,12.23,1436860,17734234.00
2024-03-04,12.18,12.18,11.51,11.67,1435651,16963716.00
2024-03-05,11.67,11.67,11.12,11.17,1016992,11500231.00
2024-03-06,11.15,11.57,11.06,11.31,625592,7126753.00
2024-03-07,11.22,11.58,10.99,11.11,756767,8542595.00
2024-03-08,11.20,11.20,10.81,11.00,534527,5869992.00
2024-03-11,11.03,11.24,10.92,11.10,856663,9490324.00
2024-03-12,11.11,11.18,10.93,10.94,867252,9551912.00
2024-03-13,10.95,11.07,10.60,10.63,798082,8666889.00
2024-03-14,10.73,10.84,10.43,10.69,586681,6247778.50
2024-03-15,10.59,11.19,10.50,10.93,1051517,11540544.00
2024-03-18,10.93,11.13,10.90,11.02,630779,6938107.50
2024-03-19,11.05,11.06,10.90,11.01,538034,5895706.50
2024-03-20,11.05,11.05,10.82,10.91,507385,5545749.50
2024-03-21,10.97,10.99,10.67,10.70,741269,7977056.00
2024-03-22,10.70,10.78,10.54,10.68,570605,6091634.50
2024-03-25,10.60,10.73,10.33,10.37,542430,5662839.00
2024-03-26,10.41,10.46,10.27,10.42,434417,4488333.00
2024-03-27,10.44,10.74,10.36,10.45,650345,6891081.50
2024-03-28,10.37,10.60,10.27,10.52,385597,4027539.50
2024-03-29,10.59,11.47,10.43,10.85,1276344,14028445.00
2024-04-01,10.74,10.94,10.57,10.85,595806,6421799.00
2024-04-02,10.86,11.11,10.65,11.05,653536,7097334.50
2024-04-03,11.03,11.03,10.68,10.90,510960,5535564.50
2024-04-08,10.93,11.28,10.80,10.82,624266,6831665.50
2024-04-09,10.82,10.82,10.60,10.72,465440,4971993.50
2024-04-10,10.81,11.16,10.67,11.00,741081,8129225.50
2024-04-11,10.97,11.05,10.73,10.82,349993,3811487.00
2024-04-12,10.88,10.88,10.61,10.61,383117,4104478.00
2024-04-15,10.80,10.88,10.42,10.66,640678,6878527.00
2024-04-16,10.60,10.69,10.22,10.47,610405,6338676.00
2024-04-17,10.47,11.55,10.46,11.51,1934172,21598606.00
2024-04-18,11.40,11.86,11.26,11.47,2011238,23200318.00
2024-04-19,11.25,12.20,10.89,11.96,2573218,29758356.00
2024-04-22,11.72,11.88,11.46,11.52,1247545,14488667.00
2024-04-23,11.60,12.46,11.34,11.92,1841677,22107370.00
2024-04-24,11.63,12.23,11.53,11.80,1328693,15700227.00
2024-04-25,11.65,11.88,11.40,11.40,901471,10445745.00
2024-04-26,11.42,11.60,11.31,11.37,559384,6394636.00
2024-04-29,11.43,11.94,11.34,11.85,946788,11071486.00
2024-04-30,11.84,11.84,11.40,11.41,741179,8578369.00
2024-05-06,11.50,11.65,11.42,11.48,437699,5043335.00
2024-05-07,11.65,11.65,11.42,11.47,366115,4210664.50
2024-05-08,11.53,11.53,11.33,11.35,345371,3932779.00
2024-05-09,11.35,11.47,11.35,11.43,226530,2584703.50
2024-05-10,11.48,11.80,11.38,11.65,680070,7900768.00
2024-05-13,11.56,11.57,11.25,11.28,509778,5809196.50
2024-05-14,11.28,11.35,11.13,11.14,239322,2680727.50
2024-05-15,11.19,11.38,11.07,11.19,294044,3305276.75
2024-05-16,11.28,11.69,11.18,11.40,711707,8169786.00
2024-05-17,11.30,11.52,11.10,11.49,602032,6782376.00
2024-05-20,11.45,11.45,11.19,11.22,383184,4316399.50
2024-05-21,11.18,11.30,11.10,11.10,261150,2916971.25
2024-05-22,11.11,11.79,11.07,11.32,732413,8418273.00
2024-05-23,11.21,11.80,10.99,11.52,1442074,16502031.00
2024-05-24,11.50,11.52,11.26,11.26,479060,5425028.00
2024-05-27,11.36,11.38,11.25,11.34,229383,2594868.50
2024-05-28,11.40,11.53,11.13,11.27,497262,5656560.50
2024-05-29,11.23,11.34,11.18,11.32,231418,2604826.50
2024-05-30,11.34,11.34,11.00,11.26,319843,3580910.75
2024-05-31,8.87,8.95,8.70,8.85,190253,1680070.00
2024-06-03,8.85,8.88,8.60,8.68,212635,1852976.75
2024-06-04,8.60,8.74,8.50,8.60,186691,1612622.88
2024-06-05,8.56,8.60,8.29,8.29,338059,2826603.25
2024-06-06,8.29,8.29,8.01,8.02,305194,2470092.25
2024-06-07,8.08,8.18,8.08,8.13,89831,731430.88
2024-06-11,8.21,8.26,7.99,8.16,197555,1607496.38
2024-06-12,8.18,8.25,8.16,8.22,55576,456695.88
2024-06-13,8.15,8.25,8.15,8.20,54171,443671.34
2024-06-14,8.14,8.22,8.05,8.16,81921,667313.13
2024-06-17,8.20,8.20,8.10,8.15,83428,679089.75
2024-06-18,8.21,8.21,8.10,8.13,74886,611082.25
2024-06-19,8.16,8.58,8.16,8.36,436394,3667849.75
2024-06-20,8.31,8.35,8.08,8.14,280289,2292237.00
2024-06-21,8.17,8.93,8.17,8.68,1183283,10283147.00
2024-06-24,8.56,8.70,8.17,8.29,792605,6601536.00
2024-06-25,8.23,8.37,8.16,8.26,342945,2840511.75
2024-06-26,8.21,8.30,8.13,8.26,367470,3012637.00
2024-06-27,8.21,8.28,8.15,8.16,146341,1202446.25
2024-06-28,8.15,8.24,8.08,8.11,205459,1678190.00
2024-07-01,8.12,8.27,8.07,8.22,195854,1598761.13
2024-07-02,8.17,8.22,8.10,8.12,150067,1221763.50
2024-07-03,8.16,8.16,8.06,8.13,128563,1042022.25
2024-07-04,8.14,8.18,8.05,8.07,98443,796383.56
2024-07-05,8.03,8.07,8.00,8.01,169681,1360943.25
2024-07-08,8.08,8.08,7.50,7.55,479826,3705682.75
2024-07-09,7.50,7.61,7.24,7.61,353666,2620614.25
2024-07-10,7.57,7.67,7.48,7.49,151855,1147979.63
2024-07-11,7.51,7.70,7.50,7.61,156352,1192651.13
2024-07-12,7.67,7.84,7.57,7.62,163530,1257907.63
2024-07-15,7.68,7.68,7.41,7.54,248512,1859337.88
2024-07-16,7.47,7.74,7.39,7.70,347999,2640433.75
2024-07-17,7.77,8.33,7.64,8.31,1240457,10116362.00
2024-07-18,8.38,8.39,7.88,8.04,594885,4782270.50
2024-07-19,7.97,8.16,7.97,8.05,286416,2309903.75
2024-07-22,8.02,8.06,7.79,7.96,244525,1939891.50
2024-07-23,7.93,8.14,7.89,7.95,173176,1392060.88
2024-07-24,8.00,8.00,7.68,7.69,266917,2077627.75
2024-07-25,7.67,7.77,7.56,7.71,304846,2341722.75
2024-07-26,7.71,7.77,7.65,7.76,99653,770320.31
2024-07-29,7.77,7.78,7.65,7.70,167222,1289032.63
2024-07-30,7.70,7.88,7.63,7.80,221362,1721907.38
2024-07-31,7.76,7.94,7.72,7.89,343028,2699906.25
2024-08-01,7.96,8.24,7.93,7.96,461719,3717898.75
2024-08-02,7.89,8.15,7.84,8.00,572528,4585724.00
2024-08-05,7.92,7.99,7.60,7.74,488302,3792973.50
2024-08-06,7.75,7.82,7.64,7.80,334147,2580966.50
2024-08-07,7.82,7.82,7.60,7.73,153107,1177744.50
2024-08-08,7.69,7.73,7.53,7.56,263503,2003732.88
2024-08-09,7.60,8.18,7.60,7.83,1192776,9457745.00
2024-08-12,7.59,7.81,7.53,7.62,764943,5828543.00
2024-08-13,7.56,7.70,7.43,7.66,408237,3091995.25
2024-08-14,7.68,8.06,7.63,7.65,910465,7135408.00
2024-08-15,7.56,7.66,7.46,7.54,584839,4408437.00
2024-08-16,7.54,7.55,7.42,7.46,240023,1793139.88
2024-08-19,7.49,7.50,7.33,7.39,206851,1532610.38
2024-08-20,7.39,7.53,7.33,7.40,258948,1919031.50
2024-08-21,7.34,7.39,7.28,7.34,137114,1005261.19
2024-08-22,7.34,7.34,7.23,7.24,197396,1438535.38
2024-08-23,7.25,7.28,7.20,7.27,191144,1384280.63
2024-08-26,7.35,7.62,7.35,7.36,356832,2677401.25
2024-08-27,7.31,7.94,7.15,7.68,1274992,9635557.00
2024-08-28,7.40,7.52,7.19,7.28,835547,6127926.50
2024-08-29,7.38,7.38,7.19,7.28,376437,2732174.25
2024-08-30,7.28,7.50,7.24,7.42,485023,3600721.75
2024-09-02,7.42,7.53,7.36,7.36,230890,1716565.50
2024-09-03,7.39,7.42,7.30,7.40,122690,906235.56
2024-09-04,7.39,7.44,7.29,7.30,155542,1144792.38
2024-09-05,7.31,7.40,7.27,7.30,89515,655319.69
2024-09-06,7.31,7.38,7.23,7.26,115213,838246.44
2024-09-09,7.26,7.29,7.22,7.26,79604,577305.88
2024-09-10,7.25,7.43,7.23,7.35,137845,1009721.25
2024-09-11,7.35,7.37,7.28,7.31,105570,771904.81
2024-09-12,7.33,7.34,7.25,7.29,72152,526384.50
2024-09-13,7.30,7.54,7.25,7.40,566526,4170553.50
2024-09-18,7.34,7.34,7.18,7.27,318548,2306407.25
2024-09-19,7.24,7.39,7.24,7.33,209575,1535592.88
2024-09-20,7.31,7.33,7.23,7.25,119030,864451.13
2024-09-23,7.28,7.31,7.22,7.25,127715,926096.38
2024-09-24,7.31,7.40,7.25,7.40,347745,2560802.00
2024-09-25,7.47,7.75,7.41,7.41,543594,4107945.50
2024-09-26,7.46,7.72,7.40,7.63,491783,3719343.75
2024-09-27,7.77,8.36,7.77,8.30,1109662,8977692.00
2024-09-30,9.29,10.10,9.29,9.85,3395327,32781726.00
2024-10-08,11.90,12.40,10.68,12.30,4466082,52552560.00
2024-10-09,11.50,11.50,9.55,9.93,2837518,30093128.00
2024-10-10,9.30,11.73,9.30,10.78,3633111,39047184.00
2024-10-11,10.71,10.71,9.30,9.43,2049641,20070030.00
2024-10-14,9.80,10.24,9.53,10.00,1621203,16044858.00
2024-10-15,10.00,10.23,9.70,10.00,1643062,16413302.00
2024-10-16,9.56,11.50,9.56,10.75,3529602,38027112.00
2024-10-17,11.33,11.62,10.36,10.79,4122988,45298416.00
2024-10-18,10.45,11.30,10.31,11.01,3539539,38559884.00
2024-10-21,10.90,11.99,10.90,11.99,4437465,51170964.00
2024-10-22,12.14,12.23,10.83,11.40,2925060,33573500.00
2024-10-23,11.23,11.65,10.97,11.42,1670767,19051374.00
2024-10-24,11.49,12.18,11.35,11.73,2482862,28904210.00
2024-10-25,12.00,12.61,11.42,11.43,3928962,47866108.00
2024-10-28,11.43,11.99,11.08,11.86,2377686,27636798.00
2024-10-29,12.01,13.36,12.01,12.93,4271073,53961572.00
2024-10-30,13.18,13.58,12.18,12.99,3523768,45555360.00
2024-10-31,13.08,13.20,12.01,12.60,2738067,33981496.00
2024-11-01,12.66,12.66,11.60,12.01,1974922,23890254.00
2024-11-04,11.90,12.60,11.76,12.60,2037314,24869490.00
2024-11-05,12.67,13.68,12.45,13.46,3471189,46189740.00
2024-11-06,13.46,14.33,13.25,14.09,4011411,55869364.00
2024-11-07,14.06,17.78,13.80,16.47,6159868,97342584.00
2024-11-08,15.83,16.50,14.88,14.88,4305859,67547392.00
2024-11-11,14.80,15.38,13.90,14.68,3012516,43702076.00
2024-11-12,14.58,14.80,14.00,14.19,1984450,28429372.00
2024-11-13,14.14,14.65,13.73,14.65,1980622,28091452.00
2024-11-14,14.79,15.10,14.31,14.35,1932784,28576340.00
2024-11-15,14.30,14.60,13.90,14.17,1743349,24928574.00
2024-11-18,14.00,16.11,13.60,16.11,4779951,71808728.00
2024-11-19,15.80,18.99,15.21,17.30,8774135,153018240.00
2024-11-20,16.00,18.60,15.30,18.35,7091120,117909376.00
2024-11-21,17.50,18.29,16.90,17.09,4789290,83939104.00
2024-11-22,16.80,17.24,15.65,15.69,3042772,49790952.00
2024-11-25,15.80,16.80,15.60,16.29,2201452,35862564.00
2024-11-26,16.70,16.70,15.32,15.68,2370176,37712040.00
2024-11-27,15.37,15.50,14.38,15.50,2174964,32572556.00
2024-11-28,15.75,16.14,15.42,15.47,2100443,33160272.00
2024-11-29,15.10,15.85,14.82,15.61,2116947,32741506.00
2024-12-02,15.47,16.28,15.47,16.28,2289642,36337420.00
2024-12-03,16.28,16.28,16.28,16.28,0,0.00
#数据来源:通达信
