836826 盖世食品 日线 不复权
      日期	    开盘	    最高	    最低	    收盘	    成交量	    成交额
2017-06-16,2.00,2.00,2.00,2.00,250000,500000.00
2017-09-20,2.00,2.00,2.00,2.00,1000000,2000000.00
2017-09-29,2.40,2.40,2.40,2.40,100000,240000.00
2017-10-09,2.40,2.40,2.40,2.40,200000,480000.00
2017-11-15,3.20,3.20,3.20,3.20,1000,3200.00
2017-11-21,3.31,3.94,3.31,3.90,9000,32430.00
2017-11-22,4.00,5.05,4.00,5.00,17000,78550.00
2017-11-23,5.10,5.30,5.09,5.30,5000,25890.00
2017-11-24,5.50,5.50,5.50,5.50,2000,11000.00
2017-11-27,5.40,5.40,5.04,5.34,10000,52020.00
2017-11-28,5.52,6.30,5.45,6.30,12000,70350.00
2017-11-29,6.30,7.80,6.30,7.80,4000,28900.00
2017-11-30,7.80,8.63,7.80,7.90,8000,66250.00
2017-12-01,8.31,9.00,8.31,9.00,3000,26040.00
2017-12-04,9.03,9.90,9.03,9.80,9000,85680.00
2017-12-05,10.10,11.20,10.10,11.10,17000,180780.00
2017-12-06,10.60,10.60,10.07,10.07,4000,41350.00
2017-12-07,9.98,9.98,8.93,8.93,8000,75460.00
2019-08-19,6.00,6.00,6.00,6.00,3000,18000.00
2020-01-16,4.31,4.31,4.31,4.31,1000,4310.00
2020-01-17,4.25,4.25,4.25,4.25,1000,4250.00
2020-01-20,4.49,4.49,4.49,4.49,1000,4490.00
2020-01-21,4.50,4.50,4.50,4.50,153000,490900.00
2020-01-22,4.50,4.50,4.50,4.50,156000,499200.00
2020-01-23,4.50,4.50,4.50,4.50,156000,499200.00
2020-02-03,4.50,4.50,4.50,4.50,280000,897300.00
2020-02-04,4.50,4.50,4.50,4.50,281000,899200.00
2020-02-05,4.50,4.50,4.50,4.50,281000,899200.00
2020-02-06,4.50,5.00,4.50,5.00,166000,534300.00
2020-02-14,4.60,4.60,4.60,4.60,5000,23000.00
2020-02-27,4.60,4.60,4.60,4.60,10000,46000.00
2020-02-28,3.25,4.50,3.25,4.50,28000,92250.00
2020-03-03,7.00,7.00,7.00,7.00,8000,56000.00
2020-03-05,7.00,7.00,4.50,7.00,14000,90500.00
2020-03-06,4.50,4.51,4.50,4.51,26000,117060.00
2020-03-09,4.50,7.00,4.50,7.00,8000,43500.00
2020-03-10,7.00,7.00,6.99,6.99,2000,13990.00
2020-03-11,6.99,6.99,6.99,6.99,1000,6990.00
2020-03-12,4.51,6.90,4.51,6.90,6000,36620.00
2020-03-16,4.60,7.00,4.60,7.00,31000,145000.00
2020-03-17,6.99,6.99,6.99,6.99,1000,6990.00
2020-03-18,6.89,6.89,6.00,6.00,9000,58450.00
2020-03-19,8.00,8.00,8.00,8.00,1000,8000.00
2020-03-20,7.00,8.40,7.00,8.40,4000,30400.00
2020-03-23,8.60,8.60,8.60,8.60,1000,8600.00
2020-03-24,6.50,8.00,6.50,8.00,4000,30500.00
2020-03-25,8.00,8.00,8.00,8.00,3000,24000.00
2020-03-26,8.88,8.88,8.88,8.88,5000,44400.00
2020-03-27,9.99,9.99,7.00,9.99,7000,60070.00
2020-03-30,8.50,8.86,8.50,8.86,300,2622.00
2020-04-01,7.70,7.88,7.70,7.70,4100,31768.00
2020-04-02,7.80,8.44,7.80,8.43,300,2467.00
2020-04-03,8.88,8.88,8.88,8.88,2000,17760.00
2020-04-07,7.90,7.90,7.50,7.50,3100,23450.00
2020-04-08,8.88,8.88,8.00,8.00,6100,48888.00
2020-04-10,8.00,8.00,8.00,8.00,500,4000.00
2020-04-13,8.88,8.88,8.88,8.88,500,4440.00
2020-04-14,8.88,10.06,8.88,10.06,4300,40367.00
2020-04-16,10.30,10.30,10.30,10.30,200,2060.00
2020-04-17,10.30,10.60,10.30,10.60,300,3150.00
2020-04-20,10.90,11.11,10.90,11.11,900,9894.00
2020-04-27,15.00,15.00,15.00,15.00,600,9000.00
2020-04-28,15.00,15.00,15.00,15.00,1000,15000.00
2020-04-29,15.00,15.00,15.00,15.00,800,12000.00
2020-04-30,15.00,15.00,15.00,15.00,300,4500.00
2020-05-06,15.00,15.00,15.00,15.00,200,3000.00
2020-05-11,15.00,15.00,15.00,15.00,2200,33000.00
2020-05-12,15.00,15.00,15.00,15.00,3000,45000.00
2020-05-15,15.00,15.00,15.00,15.00,700,10500.00
2020-06-03,10.60,12.00,10.60,12.00,5000,55840.00
2020-06-04,12.00,12.00,12.00,12.00,1000,12000.00
2020-06-08,13.00,13.00,13.00,13.00,400,5200.00
2020-06-23,13.00,13.00,13.00,13.00,4200,54600.00
2020-07-07,9.99,9.99,9.99,9.99,200,2797.20
2020-07-08,12.00,12.00,12.00,12.00,200,3360.00
2020-07-09,6.10,11.01,6.10,11.01,412600,2576742.50
2020-07-10,9.80,12.00,9.80,12.00,62000,608550.00
2020-07-13,12.00,12.00,12.00,12.00,50000,600000.00
2020-07-16,13.03,13.04,13.03,13.04,800,10425.00
2020-07-17,13.00,13.00,13.00,13.00,300,3900.00
2020-07-28,6.88,6.88,6.88,6.88,100,688.00
2021-01-12,3.56,5.50,3.55,4.41,15258500,61048416.00
2021-01-13,4.28,4.98,4.28,4.91,3626400,16612146.00
2021-01-14,5.10,5.29,4.90,5.22,1585000,8065237.50
2021-01-15,5.23,5.30,4.65,4.77,2460100,12042092.00
2021-01-18,4.77,5.18,4.65,5.15,1363600,6776610.00
2021-01-19,5.10,5.47,5.10,5.33,977400,5198598.50
2021-01-20,5.33,6.08,5.33,5.86,1615100,9339257.00
2021-01-21,6.00,6.85,5.82,6.79,1170100,7431945.00
2021-01-22,6.90,8.65,6.90,8.60,2129400,16481523.00
2021-01-25,8.98,10.58,8.08,8.55,1982600,17754136.00
2021-01-26,8.70,9.17,8.50,8.80,873700,7768389.00
2021-01-27,8.61,9.19,7.30,7.78,1184500,9726807.00
2021-01-28,7.50,7.68,6.68,6.75,1033100,7319053.00
2021-01-29,6.90,7.09,6.40,6.60,705700,4764715.50
2021-02-01,6.48,6.94,6.07,6.53,1095400,7073115.00
2021-02-02,6.60,6.64,6.28,6.55,463800,2973702.50
2021-02-03,6.48,6.94,6.48,6.92,559900,3793912.25
2021-02-04,7.00,7.50,7.00,7.44,645400,4685162.50
2021-02-05,7.30,7.72,7.26,7.41,484900,3633571.50
2021-02-08,7.40,7.48,5.91,6.19,949900,6111342.00
2021-02-09,6.04,6.25,5.72,6.20,598900,3593482.00
2021-02-10,6.06,6.59,6.06,6.27,510800,3203435.25
2021-02-18,6.17,6.30,5.99,6.06,730100,4457767.50
2021-02-19,6.18,6.18,5.84,6.08,495300,2984441.75
2021-02-22,6.00,6.12,5.92,6.11,569200,3419196.00
2021-02-23,6.02,6.11,5.96,5.99,206900,1242459.13
2021-02-24,5.88,6.10,5.88,6.04,525900,3171052.75
2021-02-25,5.95,6.05,5.92,5.98,119700,715793.00
2021-02-26,6.00,6.04,5.92,5.94,198200,1182721.63
2021-03-01,6.16,6.16,5.92,5.99,265700,1592726.25
2021-03-02,6.00,6.03,5.94,5.96,285600,1710802.50
2021-03-03,5.94,6.06,5.86,6.05,406000,2427217.25
2021-03-04,6.05,6.44,5.98,6.31,447900,2807468.00
2021-03-05,6.26,6.39,6.18,6.29,309600,1943380.00
2021-03-08,6.19,6.28,5.90,5.91,401000,2416792.00
2021-03-09,5.93,5.99,5.91,5.93,58800,349686.19
2021-03-10,5.94,6.02,5.90,5.92,72600,431636.59
2021-03-11,5.87,5.99,5.87,5.98,38400,229023.38
2021-03-12,5.93,6.00,5.91,5.96,72800,434466.56
2021-03-15,5.96,5.96,5.70,5.87,297300,1738861.50
2021-03-16,5.92,5.92,5.71,5.88,360500,2094214.63
2021-03-17,5.95,5.95,5.78,5.86,73500,428143.56
2021-03-18,5.86,5.86,5.76,5.84,151400,879877.94
2021-03-19,5.90,5.90,5.77,5.85,167100,972397.75
2021-03-22,5.83,5.99,5.74,5.97,356200,2083728.25
2021-03-23,5.97,6.10,5.89,6.04,223900,1344665.13
2021-03-24,5.99,6.09,5.96,6.02,121900,735841.50
2021-03-25,5.97,6.04,5.92,6.01,46100,276646.56
2021-03-26,6.04,6.07,5.95,6.00,181200,1087043.00
2021-03-29,5.86,6.01,5.86,6.01,255000,1510415.75
2021-03-30,6.00,6.00,5.91,5.98,163200,976878.69
2021-03-31,6.04,6.12,5.93,6.06,161100,975740.75
2021-04-01,6.00,6.07,5.96,6.00,151600,907817.25
2021-04-02,6.00,6.03,5.90,6.03,183500,1090668.50
2021-04-06,5.97,6.03,5.95,6.00,127000,758288.00
2021-04-07,6.15,6.15,5.98,6.11,117100,714235.56
2021-04-08,6.15,6.22,6.03,6.19,212700,1305841.25
2021-04-09,6.17,6.86,6.17,6.58,763200,5004324.00
2021-04-12,6.58,6.79,6.50,6.70,531200,3496652.50
2021-04-13,6.80,6.88,6.65,6.70,395700,2665245.75
2021-04-14,6.66,7.59,6.65,7.20,595200,4318286.50
2021-04-15,7.27,7.58,7.22,7.29,376300,2797657.25
2021-04-16,7.26,7.42,7.04,7.24,246100,1770549.00
2021-04-19,7.20,7.23,6.96,6.97,500600,3540994.50
2021-04-20,6.93,7.08,6.92,7.02,139800,980730.31
2021-04-21,6.99,7.17,6.99,7.17,132600,940700.00
2021-04-22,7.08,7.19,7.07,7.19,101000,720387.25
2021-04-23,7.23,7.50,7.17,7.27,233700,1716676.00
2021-04-26,7.25,7.25,7.11,7.19,99300,709698.63
2021-04-27,7.35,7.35,6.55,6.79,278400,1928050.75
2021-04-28,6.82,6.82,6.10,6.30,730700,4580567.50
2021-04-29,6.27,6.30,6.06,6.30,279100,1723072.00
2021-04-30,6.19,6.52,6.19,6.39,245500,1569349.00
2021-05-06,6.38,6.38,6.19,6.25,151500,946461.63
2021-05-07,6.37,6.38,6.10,6.10,98100,606563.38
2021-05-10,6.11,6.27,6.06,6.19,201800,1234749.88
2021-05-11,6.23,6.24,6.09,6.18,66000,404353.25
2021-05-12,6.17,6.19,6.07,6.19,149400,913136.69
2021-05-13,6.15,6.25,6.11,6.23,21200,131993.03
2021-05-14,6.30,6.33,6.20,6.33,72200,454138.53
2021-05-17,6.34,6.51,6.18,6.38,42900,271262.81
2021-05-18,6.47,6.47,6.23,6.39,53000,336701.41
2021-05-19,6.44,6.88,6.44,6.72,522800,3510355.50
2021-05-20,6.70,6.88,6.63,6.88,383300,2588404.25
2021-05-21,6.96,6.96,6.72,6.90,159600,1089967.50
2021-05-24,6.77,6.87,6.60,6.79,121400,814348.56
2021-05-25,6.66,6.85,6.66,6.80,77800,523385.16
2021-05-26,6.82,6.82,6.55,6.76,115200,765956.44
2021-05-27,6.72,6.83,6.52,6.71,72400,481710.84
2021-05-28,6.70,6.70,6.21,6.45,126400,822937.31
2021-05-31,6.47,6.56,6.30,6.50,261400,1674151.63
2021-06-01,6.35,6.58,6.35,6.50,69500,446654.16
2021-06-02,6.37,6.45,6.36,6.37,22300,142605.56
2021-06-03,6.32,6.48,6.21,6.32,168800,1059992.25
2021-06-04,6.28,6.45,6.26,6.38,25400,161328.13
2021-06-07,6.38,6.45,6.30,6.40,179000,1143791.13
2021-06-08,6.40,6.47,6.38,6.44,84600,541954.25
2021-06-09,6.40,6.45,6.30,6.45,304400,1940970.00
2021-06-10,6.45,6.63,6.30,6.41,385100,2481225.00
2021-06-11,6.42,6.46,6.38,6.42,70900,455671.97
2021-06-15,6.45,6.50,6.35,6.44,219100,1408977.63
2021-06-16,6.40,6.48,6.28,6.37,261500,1659352.00
2021-06-17,6.37,6.41,6.35,6.39,125400,799161.50
2021-06-18,6.35,6.48,6.32,6.39,123800,795965.25
2021-06-21,6.35,6.39,6.30,6.35,227200,1434502.25
2021-06-22,6.26,6.34,6.11,6.20,183900,1146382.63
2021-06-23,6.20,6.24,6.15,6.18,123100,763438.25
2021-06-24,6.23,6.48,6.22,6.33,599400,3814169.00
2021-06-25,6.35,6.40,6.25,6.30,490300,3095495.75
2021-06-28,6.26,6.48,6.26,6.31,426800,2718344.75
2021-06-29,6.31,6.37,6.24,6.31,272400,1712373.75
2021-06-30,6.20,6.31,6.20,6.28,233300,1459942.88
2021-07-01,6.23,6.24,6.15,6.20,339700,2100991.75
2021-07-02,6.20,6.20,6.06,6.09,278100,1692487.13
2021-07-05,6.20,6.20,6.01,6.02,255300,1540918.50
2021-07-06,6.03,6.07,6.01,6.01,135900,819297.88
2021-07-07,6.01,6.01,5.90,5.96,280400,1675177.25
2021-07-08,5.98,5.98,5.84,5.88,226800,1340489.25
2021-07-09,5.90,6.03,5.80,6.03,164000,964396.94
2021-07-12,5.99,6.08,5.93,5.99,489100,2941632.50
2021-07-13,5.96,5.99,5.92,5.94,180000,1071153.00
2021-07-14,5.94,6.03,5.91,6.02,234300,1394759.25
2021-07-15,6.01,6.02,5.70,5.97,92300,543128.50
2021-07-16,5.89,6.00,5.87,6.00,138900,826771.63
2021-07-19,6.05,6.19,6.04,6.10,472700,2899350.00
2021-07-20,6.15,6.21,6.05,6.15,112300,691374.69
2021-07-21,6.15,6.19,6.10,6.15,103300,635876.50
2021-07-22,6.11,6.20,5.91,6.00,207000,1245122.25
2021-07-23,6.08,6.08,5.99,6.04,91100,548088.69
2021-07-26,6.00,6.03,5.95,6.01,41200,246957.59
2021-07-27,5.99,6.00,5.73,5.82,307800,1802527.25
2021-07-28,5.79,5.80,5.61,5.62,274900,1567816.38
2021-07-29,5.73,5.75,5.63,5.75,152900,866269.81
2021-07-30,5.68,5.74,5.66,5.74,63400,360146.63
2021-08-02,5.70,5.71,5.50,5.61,124200,695824.81
2021-08-03,5.38,5.58,5.38,5.44,121800,663314.19
2021-08-04,5.45,5.50,5.36,5.50,43700,238110.86
2021-08-05,5.49,5.52,5.42,5.52,88600,484928.28
2021-08-06,5.50,5.85,5.45,5.85,303100,1735103.88
2021-08-09,5.81,5.97,5.72,5.82,292600,1716322.88
2021-08-10,5.82,5.82,5.72,5.80,61300,353123.94
2021-08-11,5.78,5.86,5.78,5.84,106100,618133.19
2021-08-12,5.86,5.94,5.77,5.87,155400,915119.31
2021-08-13,5.87,5.87,5.75,5.79,155300,899204.69
2021-08-16,5.79,5.95,5.70,5.74,246300,1428265.00
2021-08-17,5.74,5.85,5.73,5.77,221300,1280143.63
2021-08-18,5.76,5.76,5.73,5.76,99300,570571.00
2021-08-19,5.74,5.79,5.73,5.79,131900,758938.38
2021-08-20,5.78,5.83,5.75,5.83,82300,476184.94
2021-08-23,5.83,5.83,5.65,5.66,196200,1115318.13
2021-08-24,5.68,5.68,5.55,5.56,174000,972756.81
2021-08-25,5.55,5.55,5.42,5.50,138300,756271.31
2021-08-26,5.46,5.58,5.37,5.39,111300,603833.13
2021-08-27,5.39,5.45,5.36,5.41,93900,506044.81
2021-08-30,5.41,5.55,5.32,5.54,312500,1694751.50
2021-08-31,5.34,5.85,5.34,5.70,256500,1461975.75
2021-09-01,5.70,5.80,5.68,5.74,177600,1013352.88
2021-09-02,5.76,5.89,5.76,5.85,63500,369322.56
2021-09-03,6.80,6.80,5.90,6.20,1652300,10285900.00
2021-09-06,6.47,8.03,6.46,7.20,3241100,23667666.00
2021-09-07,7.39,7.75,7.11,7.11,1303600,9684732.00
2021-09-08,7.12,7.75,7.10,7.60,1278100,9537553.00
2021-09-09,7.69,8.94,7.69,8.86,1869600,15618765.00
2021-09-10,9.00,9.30,8.57,9.02,1804300,16318567.00
2021-09-13,9.19,9.82,8.60,8.89,1809600,16574303.00
2021-09-14,8.89,9.00,8.52,8.69,1173800,10238820.00
2021-09-15,8.71,8.71,7.87,8.05,1186500,9750456.00
2021-09-16,8.00,8.14,7.31,7.53,939900,7137931.00
2021-09-17,7.55,8.00,7.50,7.95,703400,5491390.00
2021-09-22,8.79,9.09,8.50,8.93,1532400,13471359.00
2021-09-23,8.90,9.10,8.70,8.85,492300,4365993.00
2021-09-24,8.91,9.17,8.83,9.07,1046000,9467719.00
2021-09-27,9.13,9.14,8.67,8.80,651600,5771541.50
2021-09-28,8.80,8.93,8.68,8.88,383900,3386002.75
2021-09-29,8.75,8.89,8.72,8.88,276200,2431257.75
2021-09-30,8.88,9.56,8.84,9.19,1166100,10635969.00
2021-10-08,9.44,9.44,8.79,8.98,718600,6395420.00
2021-10-11,8.98,9.00,8.82,8.89,327100,2911556.75
2021-10-12,8.89,8.92,8.41,8.57,1143900,9853769.00
2021-10-13,8.60,8.72,8.50,8.72,958900,8235668.00
2021-10-14,8.75,8.80,8.65,8.74,196500,1713344.50
2021-10-15,8.67,8.79,8.67,8.77,232500,2030612.75
2021-10-18,8.80,8.80,8.60,8.75,136400,1187763.75
2021-10-19,8.75,8.80,8.67,8.77,154400,1354758.25
2021-10-20,8.80,9.02,8.68,8.83,525900,4661168.50
2021-10-21,8.80,8.91,8.72,8.83,303600,2672990.75
2021-10-22,8.77,8.90,8.77,8.90,254100,2246900.25
2021-10-25,8.96,8.98,8.80,8.87,240100,2127417.00
2021-10-26,8.80,8.85,8.42,8.46,398100,3428518.25
2021-10-27,8.30,8.48,7.75,7.98,273200,2193694.00
2021-10-28,7.68,8.22,7.55,7.75,286900,2199396.25
2021-10-29,7.69,7.97,7.69,7.92,303000,2378340.75
2021-11-01,9.77,10.29,9.20,10.29,2902200,28959948.00
2021-11-02,11.26,12.30,10.70,11.84,3681100,43278172.00
2021-11-03,11.90,12.03,11.38,11.94,1493400,17474766.00
2021-11-04,11.88,14.57,11.88,13.98,2361800,32432268.00
2021-11-05,14.50,15.12,13.69,15.10,1960300,28322236.00
2021-11-08,15.10,19.27,14.88,15.49,3218700,54283472.00
2021-11-09,15.58,17.36,15.19,17.36,2285900,37340912.00
2021-11-10,17.20,19.05,17.00,19.01,1854900,33564308.00
2021-11-11,19.50,20.42,15.70,16.68,3913500,68992080.00
2021-11-12,16.50,16.66,15.22,15.73,3155500,50137796.00
2021-11-15,15.95,15.95,13.68,14.20,3548300,52110288.00
2021-11-16,14.00,14.88,13.32,13.60,2350800,32805660.00
2021-11-17,13.99,13.99,12.79,13.18,2208900,29166206.00
2021-11-18,13.18,13.39,12.70,13.30,1479900,19226144.00
2021-11-19,13.50,14.75,13.36,14.28,3201500,45073276.00
2021-11-22,14.02,14.47,13.81,14.15,1871500,26234414.00
2021-11-23,14.03,14.57,13.89,14.52,2190700,31207058.00
2021-11-24,14.35,14.62,13.87,14.09,1498200,21153884.00
2021-11-25,14.00,14.00,13.50,13.67,1455900,20024190.00
2021-11-26,13.50,13.68,13.14,13.25,1045700,13955114.00
2021-11-29,13.08,13.09,12.81,12.89,853700,11013972.00
2021-11-30,12.99,13.19,12.58,12.67,629400,8085687.00
2021-12-01,12.61,12.66,12.16,12.49,686200,8494174.00
2021-12-02,12.55,12.79,12.33,12.40,669600,8389249.00
2021-12-03,12.48,12.48,11.55,11.69,1370700,16239221.00
2021-12-06,11.70,11.70,10.91,11.00,1068200,11939209.00
2021-12-07,11.17,11.17,10.52,10.80,887000,9544792.00
2021-12-08,10.87,11.45,10.74,11.30,1450500,16180854.00
2021-12-09,11.32,11.32,10.86,11.16,912600,10114002.00
2021-12-10,11.20,11.20,10.98,11.12,334400,3704098.75
2021-12-13,11.13,11.95,11.10,11.79,1641000,18871728.00
2021-12-14,11.79,12.81,11.79,12.52,2460100,30334480.00
2021-12-15,12.54,12.54,11.95,12.15,945600,11422365.00
2021-12-16,12.10,12.19,11.66,11.88,774300,9227171.00
2021-12-17,11.72,11.79,11.35,11.40,707200,8153969.00
2021-12-20,11.50,11.50,10.93,11.00,718100,7968636.00
2021-12-21,11.09,11.37,11.02,11.09,413600,4641338.00
2021-12-22,11.10,11.58,10.88,11.49,1036400,11781211.00
2021-12-23,11.57,11.99,11.55,11.60,934200,10987540.00
2021-12-24,11.46,12.20,11.21,12.18,1603300,19120838.00
2021-12-27,12.23,13.06,12.03,13.00,2092300,26552052.00
2021-12-28,13.01,14.39,13.01,14.17,3264000,45113324.00
2021-12-29,14.18,14.50,13.42,13.55,2547400,34951208.00
2021-12-30,13.98,14.40,13.57,13.87,1894800,26344854.00
2021-12-31,14.00,15.80,13.80,14.65,2971000,43596156.00
2022-01-04,14.65,14.88,13.77,14.44,1859300,26405622.00
2022-01-05,14.50,15.74,13.82,13.90,2649300,39107148.00
2022-01-06,13.56,13.60,12.72,12.91,1953700,25499166.00
2022-01-07,12.75,13.50,12.75,13.31,1226000,16169523.00
2022-01-10,13.43,13.47,12.90,13.30,902386,11926362.00
2022-01-11,13.47,13.47,12.91,12.97,809368,10734850.00
2022-01-12,12.98,16.86,12.97,16.86,5493526,84068520.00
2022-01-13,18.88,21.00,18.00,19.57,10001147,193224288.00
2022-01-14,19.88,20.80,17.10,18.00,10180071,196260048.00
2022-01-17,17.11,19.49,16.80,19.00,7827341,142499056.00
2022-01-18,18.30,18.40,14.66,15.02,6959582,115184304.00
2022-01-19,15.17,16.38,14.91,16.00,4740584,74438192.00
2022-01-20,15.99,17.49,15.79,16.50,5374443,89746168.00
2022-01-21,15.98,15.98,14.81,15.33,3656836,55986712.00
2022-01-24,15.58,15.85,14.88,15.48,2594313,39975432.00
2022-01-25,15.30,15.32,14.06,14.25,2355083,34984912.00
2022-01-26,14.11,14.50,13.16,13.46,2419337,33112826.00
2022-01-27,13.46,13.73,12.85,12.90,1628357,21462388.00
2022-01-28,13.16,14.18,12.90,13.65,2383206,32498414.00
2022-02-07,14.20,14.57,13.70,13.82,1816094,25557762.00
2022-02-08,13.62,14.44,13.62,14.35,1601116,22604264.00
2022-02-09,14.22,14.77,14.18,14.37,1767292,25522864.00
2022-02-10,14.24,14.24,13.72,13.80,1309108,18195558.00
2022-02-11,13.81,13.85,12.60,12.81,2220207,28879058.00
2022-02-14,12.66,12.89,12.43,12.80,911416,11565440.00
2022-02-15,12.81,13.14,12.65,12.72,959725,12306510.00
2022-02-16,12.65,13.05,12.65,12.70,883468,11376096.00
2022-02-17,12.85,13.50,12.72,13.10,1747011,22971300.00
2022-02-18,12.91,13.28,12.86,13.09,805062,10528140.00
2022-02-21,13.00,13.08,12.55,12.80,1628555,20686410.00
2022-02-22,12.68,12.68,12.10,12.27,1274743,15724217.00
2022-02-23,12.49,12.67,12.31,12.46,936176,11658031.00
2022-02-24,12.33,12.44,11.72,11.81,1101210,13251436.00
2022-02-25,12.00,12.14,11.92,11.97,680989,8179880.50
2022-02-28,12.00,12.08,11.75,11.99,554613,6589065.00
2022-03-01,12.13,12.63,11.93,12.45,846943,10472190.00
2022-03-02,12.32,12.62,12.21,12.44,531441,6604537.50
2022-03-03,12.48,14.88,12.45,14.30,3590059,49552436.00
2022-03-04,13.50,14.00,13.16,13.25,1713550,23157866.00
2022-03-07,13.39,13.39,12.63,12.70,763735,9788194.00
2022-03-08,12.73,13.80,12.63,13.29,1888309,25196100.00
2022-03-09,13.33,14.10,12.90,13.20,1316283,17719686.00
2022-03-10,13.69,13.78,13.02,13.23,1115292,14850031.00
2022-03-11,13.01,13.99,12.86,13.65,2233462,30290826.00
2022-03-14,13.70,14.80,13.49,14.08,3688581,51914192.00
2022-03-15,13.94,14.04,12.80,13.08,2205911,29404152.00
2022-03-16,13.28,13.47,12.72,13.21,1535051,20091294.00
2022-03-17,13.45,14.39,13.21,13.79,2449058,33913956.00
2022-03-18,13.55,13.93,13.22,13.32,1184029,15887091.00
2022-03-21,13.46,15.18,13.30,14.13,2970885,42513232.00
2022-03-22,13.96,13.99,13.50,13.99,1701185,23264460.00
2022-03-23,13.97,14.70,13.70,14.16,1295392,18506736.00
2022-03-24,14.27,14.27,13.75,13.89,1000572,13938882.00
2022-03-25,14.00,14.35,13.70,14.20,1358689,19217022.00
2022-03-28,14.20,15.28,13.88,14.43,2009714,29347268.00
2022-03-29,14.34,15.14,14.34,14.76,1994628,29313600.00
2022-03-30,14.71,14.85,14.39,14.70,1575369,22917544.00
2022-03-31,14.65,14.80,14.00,14.15,1227500,17620112.00
2022-04-01,14.33,14.33,13.70,14.18,1122689,15669276.00
2022-04-06,14.17,14.26,13.88,14.09,606175,8520873.00
2022-04-07,14.01,14.01,12.95,13.14,1415738,18971498.00
2022-04-08,13.17,13.30,12.19,12.39,1651942,20650384.00
2022-04-11,12.39,13.50,11.82,12.57,1317633,16933240.00
2022-04-12,12.25,12.78,12.00,12.26,950518,11652109.00
2022-04-13,12.33,12.63,11.95,12.26,867542,10698441.00
2022-04-14,12.17,12.64,12.16,12.42,806024,9971168.00
2022-04-15,12.29,12.82,12.29,12.43,814654,10241823.00
2022-04-18,12.47,12.74,12.11,12.52,681163,8499988.00
2022-04-19,12.30,12.86,12.30,12.63,759242,9576267.00
2022-04-20,12.56,14.03,12.31,13.01,2171451,28550102.00
2022-04-21,12.50,12.74,12.41,12.50,1415838,17705848.00
2022-04-22,12.22,12.33,11.45,11.85,1055368,12590446.00
2022-04-25,11.78,11.78,10.63,10.75,941364,10557373.00
2022-04-26,10.99,11.20,10.38,10.64,477965,5168552.50
2022-04-27,10.62,10.62,9.80,10.55,719910,7443751.00
2022-04-28,10.52,10.87,10.22,10.44,471364,4948988.50
2022-04-29,10.46,10.70,10.40,10.63,666466,7043885.00
2022-05-05,10.23,10.23,8.48,9.38,2085936,19678690.00
2022-05-06,9.31,9.78,9.00,9.28,727636,6831836.00
2022-05-09,9.30,9.66,9.29,9.50,523071,4973134.50
2022-05-10,9.50,9.67,9.48,9.59,323791,3096866.75
2022-05-11,9.69,9.90,9.50,9.70,538911,5253267.50
2022-05-12,9.78,9.80,9.33,9.42,327514,3114545.25
2022-05-13,9.52,9.70,9.23,9.49,527052,4998552.00
2022-05-16,9.49,10.39,9.49,10.19,964938,9696360.00
2022-05-17,10.21,10.43,9.93,10.16,453656,4574330.50
2022-05-18,10.20,10.28,9.78,9.86,400646,3988685.75
2022-05-19,9.69,9.96,9.69,9.72,371576,3630401.75
2022-05-20,9.60,10.20,9.60,9.92,264298,2623551.25
2022-05-23,9.86,10.09,9.86,9.94,226970,2258564.50
2022-05-24,9.80,9.89,9.49,9.61,386170,3739729.50
2022-05-25,9.71,9.71,9.35,9.48,189291,1796226.00
2022-05-26,9.61,9.61,9.33,9.37,205141,1930149.38
2022-05-27,9.54,9.54,9.20,9.30,159824,1488683.88
2022-05-30,9.34,9.51,9.23,9.38,232602,2176309.50
2022-05-31,9.48,9.97,9.40,9.70,641856,6257512.00
2022-06-01,9.57,9.93,9.48,9.62,342399,3282131.00
2022-06-02,9.62,9.62,9.28,9.32,405463,3798813.50
2022-06-06,9.50,9.52,9.24,9.31,545335,5095844.00
2022-06-07,9.40,9.40,9.28,9.31,215969,2013150.75
2022-06-08,9.42,9.68,9.27,9.53,562622,5302880.00
2022-06-09,9.42,9.59,9.30,9.39,267966,2520560.50
2022-06-10,9.40,9.48,9.26,9.30,472887,4402236.50
2022-06-13,9.20,9.33,9.15,9.17,234847,2169145.75
2022-06-14,9.25,9.25,8.80,8.98,263646,2369869.25
2022-06-15,8.81,9.26,8.81,9.20,370612,3361456.50
2022-06-16,9.27,9.27,9.01,9.04,241186,2214009.00
2022-06-17,9.16,9.23,9.03,9.16,141356,1292271.13
2022-06-20,9.23,9.25,9.10,9.19,193369,1768572.00
2022-06-21,9.10,9.24,9.03,9.15,120670,1098290.00
2022-06-22,9.19,9.19,8.80,9.18,270032,2427500.25
2022-06-23,9.05,9.13,8.95,9.12,103004,930793.44
2022-06-24,9.16,9.16,9.06,9.13,124461,1134251.13
2022-06-27,9.19,9.61,9.11,9.40,488543,4599980.00
2022-06-28,9.46,10.34,9.41,10.12,916558,9118684.00
2022-06-29,10.01,11.00,9.95,10.25,902395,9422104.00
2022-06-30,10.44,11.67,10.42,11.40,1796498,19957430.00
2022-07-01,11.00,11.27,10.25,10.63,1028655,10944311.00
2022-07-04,10.50,10.67,10.35,10.40,300013,3136212.00
2022-07-05,10.39,10.50,10.10,10.23,237704,2424596.50
2022-07-06,10.10,10.41,10.06,10.23,253664,2576004.00
2022-07-07,10.20,10.23,10.08,10.18,120907,1229304.75
2022-07-08,10.18,10.28,10.04,10.18,158064,1603936.50
2022-07-11,10.19,10.19,10.01,10.13,225113,2265092.00
2022-07-12,10.10,10.16,10.00,10.15,94631,953410.13
2022-07-13,10.15,10.28,10.05,10.22,95986,978504.38
2022-07-14,10.00,10.26,10.00,10.24,164928,1669588.50
2022-07-15,10.24,10.24,10.05,10.05,122574,1242638.88
2022-07-18,10.25,10.29,10.05,10.17,112690,1150056.63
2022-07-19,10.26,10.28,10.12,10.25,123661,1265161.38
2022-07-20,10.24,10.49,10.24,10.43,178973,1856812.25
2022-07-21,10.51,11.12,10.51,11.00,592784,6483830.00
2022-07-22,11.14,11.14,10.64,10.85,206881,2238784.00
2022-07-25,10.64,10.92,10.58,10.88,102066,1093934.13
2022-07-26,10.89,10.96,10.75,10.95,136976,1488704.38
2022-07-27,10.95,11.02,10.86,10.90,132880,1453642.63
2022-07-28,10.76,11.09,10.76,10.96,110746,1207307.38
2022-07-29,10.80,11.18,10.80,11.08,320584,3550821.50
2022-08-01,11.03,11.29,11.00,11.24,268639,2987781.25
2022-08-02,11.12,11.22,10.64,10.74,347508,3835059.50
2022-08-03,11.08,11.08,10.65,10.87,71551,768684.63
2022-08-04,10.67,10.84,10.67,10.83,31059,333482.19
2022-08-05,10.87,10.87,10.70,10.86,59619,640529.75
2022-08-08,10.71,10.89,10.68,10.69,72634,779453.63
2022-08-09,10.69,10.78,10.56,10.58,78583,835123.75
2022-08-10,10.68,10.68,10.12,10.26,202053,2088504.38
2022-08-11,10.12,10.48,10.11,10.46,170460,1753648.75
2022-08-12,10.25,10.46,10.25,10.46,128136,1325345.25
2022-08-15,10.43,10.48,10.28,10.45,47287,491085.41
2022-08-16,10.44,10.57,10.29,10.42,38344,397994.13
2022-08-17,10.58,10.58,10.25,10.30,44308,457557.97
2022-08-18,10.25,10.43,10.12,10.29,68409,698635.19
2022-08-19,10.18,10.46,10.18,10.37,125824,1299929.88
2022-08-22,10.22,10.34,10.21,10.34,62743,642665.06
2022-08-23,10.55,10.57,10.35,10.41,89309,934435.38
2022-08-24,10.40,10.40,10.02,10.19,99872,1015153.50
2022-08-25,10.30,10.30,10.07,10.23,78329,795096.88
2022-08-26,10.45,10.45,10.10,10.25,86010,879849.81
2022-08-29,10.30,10.74,10.10,10.58,239240,2506726.75
2022-08-30,10.52,10.65,10.36,10.55,68126,714573.69
2022-08-31,10.50,10.67,10.31,10.60,143194,1514197.25
2022-09-01,10.88,10.88,10.53,10.70,307511,3302091.00
2022-09-02,10.84,10.84,10.47,10.56,131808,1391036.13
2022-09-05,10.57,10.80,10.46,10.55,52577,554152.25
2022-09-06,10.62,10.62,10.45,10.57,14879,156406.69
2022-09-07,10.67,10.67,10.47,10.56,61153,643166.19
2022-09-08,10.44,10.60,10.44,10.48,54278,568278.88
2022-09-09,10.50,10.50,10.25,10.42,66840,692877.75
2022-09-13,10.50,10.65,10.40,10.58,129908,1371093.13
2022-09-14,10.25,10.57,10.25,10.50,83151,866285.06
2022-09-15,10.58,10.58,10.18,10.39,110647,1139894.25
2022-09-16,10.13,10.60,10.10,10.44,279769,2927054.75
2022-09-19,10.42,10.42,10.00,10.02,197672,1999738.00
2022-09-20,7.85,10.14,7.85,10.01,125210,1233539.38
2022-09-21,9.95,10.62,9.88,10.53,411354,4272562.00
2022-09-22,10.55,10.98,10.40,10.40,326825,3514802.75
2022-09-23,10.37,10.37,9.70,9.91,383635,3810970.25
2022-09-26,9.80,9.83,9.10,9.19,318205,2949370.00
2022-09-27,9.26,9.50,9.04,9.28,148471,1375880.13
2022-09-28,9.25,9.46,9.08,9.28,89117,826780.00
2022-09-29,9.25,9.40,9.10,9.21,59981,548669.63
2022-09-30,9.19,9.26,9.06,9.22,19448,178282.98
2022-10-10,9.12,9.28,8.89,8.89,111097,1005789.56
2022-10-11,8.80,8.80,8.50,8.56,137042,1172031.88
2022-10-12,8.32,8.70,8.18,8.70,197118,1639349.63
2022-10-13,8.60,8.90,8.60,8.82,127069,1118868.25
2022-10-14,8.82,9.06,8.66,8.85,179652,1578650.13
2022-10-17,8.85,8.85,8.72,8.82,92085,805437.31
2022-10-18,8.87,8.87,8.65,8.80,116702,1019643.69
2022-10-19,8.68,8.78,8.62,8.77,57580,501589.84
2022-10-20,8.77,8.77,8.58,8.67,188203,1628179.75
2022-10-21,8.70,8.76,8.58,8.74,64792,563050.06
2022-10-24,8.67,8.77,8.48,8.55,58230,501767.06
2022-10-25,8.40,8.57,8.20,8.39,73353,614305.25
2022-10-26,8.41,8.65,8.30,8.30,174256,1466974.63
2022-10-27,8.39,8.42,8.01,8.01,93218,770833.63
2022-10-28,8.08,8.28,7.54,7.60,268587,2130788.50
2022-10-31,7.79,7.94,7.56,7.65,194139,1485641.00
2022-11-01,7.70,7.91,7.66,7.85,106783,834259.75
2022-11-02,7.88,8.26,7.80,8.13,269095,2137310.00
2022-11-03,8.13,8.13,7.92,7.92,191246,1531612.00
2022-11-04,8.15,8.30,8.00,8.28,305918,2514274.50
2022-11-07,8.30,8.48,8.13,8.41,317916,2651293.25
2022-11-08,8.47,8.47,8.28,8.35,139643,1165269.00
2022-11-09,8.28,8.40,8.20,8.27,252722,2088522.25
2022-11-10,8.34,8.37,8.23,8.31,130130,1076468.25
2022-11-11,8.36,8.47,8.31,8.42,274043,2300351.50
2022-11-14,8.48,9.50,8.48,9.08,853170,7710468.50
2022-11-15,9.07,9.09,8.83,9.06,432268,3872144.00
2022-11-16,8.99,9.07,8.76,8.89,474789,4187038.25
2022-11-17,8.86,8.87,8.72,8.80,144092,1264406.50
2022-11-18,8.80,8.95,8.57,8.58,378701,3285315.00
2022-11-21,8.80,9.03,8.66,8.79,753478,6707861.00
2022-11-22,8.69,8.85,8.52,8.70,336663,2930984.75
2022-11-23,8.78,9.10,8.78,8.98,611132,5486695.50
2022-11-24,8.90,9.10,8.90,9.02,258768,2321402.50
2022-11-25,8.90,9.00,8.86,8.96,141445,1264181.75
2022-11-28,8.95,9.06,8.84,9.02,176373,1584015.50
2022-11-29,9.04,9.49,8.98,9.43,485603,4491256.00
2022-11-30,9.35,9.50,9.20,9.39,283837,2667902.00
2022-12-01,9.58,10.29,9.58,9.96,949411,9507743.00
2022-12-02,9.83,10.10,9.51,9.61,705995,6887682.50
2022-12-05,9.81,9.83,9.60,9.69,185989,1801581.00
2022-12-06,9.77,10.00,9.53,9.80,242699,2389991.00
2022-12-07,9.80,9.80,9.49,9.55,224552,2154189.50
2022-12-08,9.64,9.64,9.50,9.57,101231,965223.88
2022-12-09,9.56,9.56,9.36,9.45,102770,968403.44
2022-12-12,9.49,9.87,9.49,9.56,190320,1825686.00
2022-12-13,9.56,10.23,9.55,9.99,583742,5785539.50
2022-12-14,9.80,10.00,9.70,9.88,309318,3040819.00
2022-12-15,9.88,9.90,9.74,9.81,140327,1376080.88
2022-12-16,9.88,9.88,9.66,9.68,106612,1038406.31
2022-12-19,9.73,9.99,9.58,9.74,221830,2177716.75
2022-12-20,9.72,9.72,9.52,9.53,262692,2515279.75
2022-12-21,9.36,10.09,9.36,9.75,470314,4624432.50
2022-12-22,9.90,9.90,9.50,9.50,258882,2494374.25
2022-12-23,9.73,9.73,9.46,9.47,234609,2241103.50
2022-12-26,9.45,9.79,9.39,9.58,240141,2308935.00
2022-12-27,9.55,9.73,9.48,9.50,163823,1561851.38
2022-12-28,9.60,9.60,9.36,9.47,86324,820011.06
2022-12-29,9.57,9.57,9.24,9.30,318664,2973767.75
2022-12-30,9.45,9.45,9.23,9.26,142811,1326463.38
2023-01-03,9.40,9.40,9.21,9.35,175593,1632912.88
2023-01-04,9.35,9.51,9.25,9.37,201511,1885963.00
2023-01-05,9.49,9.49,9.27,9.45,249394,2333927.25
2023-01-06,9.42,9.47,9.24,9.41,143365,1341988.25
2023-01-09,9.45,9.45,9.36,9.42,98023,923306.63
2023-01-10,9.44,9.44,9.27,9.36,215387,2009539.00
2023-01-11,9.49,9.49,9.28,9.39,157889,1480722.88
2023-01-12,9.47,9.47,9.31,9.38,66483,622367.50
2023-01-13,9.38,9.45,9.32,9.43,119368,1123607.88
2023-01-16,9.47,9.54,9.40,9.41,82196,777628.25
2023-01-17,9.50,9.53,9.36,9.45,87057,821015.38
2023-01-18,9.45,9.49,9.24,9.39,101173,945349.88
2023-01-19,9.22,9.35,9.16,9.22,67220,621012.63
2023-01-20,9.33,9.37,9.18,9.29,134470,1243143.25
2023-01-30,9.18,9.35,9.01,9.21,758022,6937650.00
2023-01-31,9.15,9.55,9.07,9.48,664088,6238999.50
2023-02-01,9.54,9.69,9.44,9.65,460979,4428432.00
2023-02-02,9.66,9.91,9.52,9.60,288165,2788429.00
2023-02-03,9.53,9.66,9.43,9.46,183108,1749003.38
2023-02-06,9.44,9.48,9.30,9.46,147610,1389292.38
2023-02-07,9.47,9.57,9.40,9.55,131590,1252495.38
2023-02-08,9.56,9.56,9.37,9.43,86082,820634.19
2023-02-09,9.42,9.55,9.41,9.52,73286,696918.88
2023-02-10,9.43,9.53,9.39,9.51,103310,974487.38
2023-02-13,9.51,9.60,9.40,9.57,128819,1227659.75
2023-02-14,9.61,9.61,9.51,9.60,160180,1531412.13
2023-02-15,9.50,9.78,9.50,9.63,235713,2284656.75
2023-02-16,9.57,9.75,9.40,9.63,197416,1894660.88
2023-02-17,9.58,9.63,9.50,9.60,141462,1353992.38
2023-02-20,9.60,9.62,9.45,9.59,186236,1774065.50
2023-02-21,9.53,9.60,9.43,9.53,95851,908591.44
2023-02-22,9.50,9.54,9.45,9.47,32178,305276.22
2023-02-23,9.46,9.60,9.33,9.43,173388,1635932.38
2023-02-24,9.37,9.53,9.35,9.47,96344,905979.25
2023-02-27,9.24,9.42,9.23,9.23,101397,942531.00
2023-02-28,9.21,9.28,9.15,9.26,45705,420815.28
2023-03-01,9.27,9.27,9.11,9.26,98718,904146.31
2023-03-02,9.26,9.28,9.16,9.28,52768,486543.59
2023-03-03,9.29,9.29,9.08,9.16,224454,2044923.63
2023-03-06,9.18,9.18,8.95,9.13,75280,681049.06
2023-03-07,9.03,9.08,8.90,9.08,144769,1295905.88
2023-03-08,9.05,9.07,8.77,8.95,126374,1125113.50
2023-03-09,8.78,8.94,8.76,8.94,65648,580566.00
2023-03-10,8.87,8.93,8.42,8.85,143719,1242355.88
2023-03-13,8.82,8.82,8.55,8.65,230273,1986321.38
2023-03-14,8.65,8.67,8.49,8.55,111065,947603.25
2023-03-15,8.46,8.56,8.44,8.55,79685,675787.31
2023-03-16,8.45,8.45,8.24,8.40,151546,1263581.00
2023-03-17,8.40,8.40,8.26,8.38,25237,210124.53
2023-03-20,8.31,8.36,8.01,8.12,72614,593788.63
2023-03-21,8.10,8.15,8.02,8.15,49772,400394.91
2023-03-22,8.16,8.21,8.11,8.21,43685,356362.22
2023-03-23,8.17,8.30,8.16,8.25,70204,577567.69
2023-03-24,8.18,8.30,8.17,8.30,106560,880739.31
2023-03-27,8.21,8.30,8.21,8.29,21941,180684.89
2023-03-28,8.29,8.29,8.02,8.26,78631,641446.88
2023-03-29,8.22,8.28,8.09,8.09,34315,279049.25
2023-03-30,8.13,8.31,8.02,8.29,84382,692420.25
2023-03-31,8.18,8.25,8.15,8.25,37852,310942.09
2023-04-03,8.29,8.41,8.18,8.36,63184,525673.31
2023-04-04,8.38,8.38,8.18,8.29,53652,444724.31
2023-04-06,8.29,8.35,8.22,8.30,23653,195722.83
2023-04-07,8.30,8.30,8.21,8.30,25516,210524.80
2023-04-10,8.33,8.43,8.27,8.35,314301,2612006.75
2023-04-11,8.41,8.41,8.29,8.35,324139,2693881.75
2023-04-12,8.25,8.38,8.20,8.29,44920,371152.56
2023-04-13,8.32,8.32,8.21,8.25,32277,265894.06
2023-04-14,8.20,8.30,8.20,8.20,32097,264989.19
2023-04-17,8.30,8.30,8.16,8.25,48936,402967.81
2023-04-18,8.33,8.34,8.17,8.24,42157,348634.50
2023-04-19,8.34,8.34,8.15,8.23,112492,921134.25
2023-04-20,8.06,8.25,8.06,8.14,39268,321599.28
2023-04-21,8.10,8.14,7.58,7.82,586689,4560217.00
2023-04-24,7.79,7.79,7.34,7.63,338567,2543149.25
2023-04-25,7.70,7.70,7.00,7.23,389621,2812033.50
2023-04-26,7.12,7.31,7.07,7.23,83630,601002.94
2023-04-27,7.33,7.33,7.12,7.19,54922,393728.53
2023-04-28,7.23,7.26,7.10,7.26,80037,573700.38
2023-05-04,7.20,7.36,7.10,7.36,109598,785090.06
2023-05-05,7.34,7.43,7.28,7.43,44814,328901.28
2023-05-08,7.43,7.84,7.40,7.75,282791,2163796.25
2023-05-09,7.80,7.80,7.67,7.70,62223,479804.09
2023-05-10,7.77,7.77,7.50,7.66,58073,439240.63
2023-05-11,7.65,7.66,7.30,7.58,87410,651189.56
2023-05-12,7.57,7.57,7.39,7.42,26833,201075.36
2023-05-15,7.50,7.50,7.34,7.46,54988,404869.34
2023-05-16,7.46,7.46,7.35,7.42,30585,225482.75
2023-05-17,7.42,7.42,7.18,7.35,52758,385413.13
2023-05-18,7.22,7.32,7.22,7.32,37225,271414.25
2023-05-19,7.22,7.32,7.22,7.24,25301,183616.55
2023-05-22,7.32,7.50,7.30,7.50,91721,682406.38
2023-05-23,7.50,7.59,7.36,7.57,58246,437792.38
2023-05-24,7.57,7.58,7.38,7.56,36595,273982.59
2023-05-25,7.56,7.59,7.42,7.58,93375,702497.75
2023-05-26,7.57,7.68,7.45,7.63,39992,303418.53
2023-05-29,7.60,7.63,7.32,7.40,143164,1069780.63
2023-05-30,7.34,7.40,7.18,7.37,67060,489586.88
2023-05-31,7.36,7.41,7.23,7.35,58895,431915.97
2023-06-01,7.22,7.39,7.22,7.37,50565,369923.56
2023-06-02,7.31,7.38,7.31,7.37,20559,150813.72
2023-06-05,7.29,7.37,7.24,7.36,23203,168811.70
2023-06-06,7.36,7.36,7.16,7.36,37578,272478.31
2023-06-07,7.30,7.30,7.16,7.20,226548,1631739.25
2023-06-08,7.20,7.26,7.00,7.15,201641,1423912.38
2023-06-09,7.15,7.15,6.85,6.92,291099,2018537.75
2023-06-12,6.86,7.20,6.79,7.20,96355,668285.69
2023-06-13,5.89,6.07,5.46,5.70,324329,1857741.38
2023-06-14,5.70,5.83,5.63,5.75,144927,829001.25
2023-06-15,5.74,5.74,5.55,5.67,134367,756672.00
2023-06-16,5.67,5.75,5.60,5.69,177181,1005614.56
2023-06-19,5.65,5.81,5.64,5.75,189390,1091930.38
2023-06-20,5.67,5.79,5.62,5.62,117507,665981.94
2023-06-21,5.68,6.20,5.67,6.14,582719,3483340.50
2023-06-26,6.14,6.14,5.86,5.99,311699,1853253.63
2023-06-27,5.90,6.05,5.78,5.99,161625,948961.88
2023-06-28,5.99,6.07,5.90,6.04,90933,546057.19
2023-06-29,6.06,6.13,6.05,6.13,85782,522135.13
2023-06-30,6.13,6.19,5.80,6.18,149906,915832.06
2023-07-03,6.18,6.19,6.11,6.19,34720,213572.00
2023-07-04,6.24,6.36,6.15,6.34,183514,1150885.00
2023-07-05,6.34,6.38,6.22,6.36,90044,570571.88
2023-07-06,6.36,6.40,6.26,6.35,95649,607838.94
2023-07-07,6.39,6.39,6.00,6.32,186778,1167732.13
2023-07-10,6.30,6.33,6.20,6.27,178122,1112557.00
2023-07-11,6.28,6.28,6.08,6.19,133493,819597.38
2023-07-12,6.12,6.12,6.03,6.04,49583,300921.97
2023-07-13,6.02,6.20,6.02,6.10,50611,310230.16
2023-07-14,6.18,6.18,6.05,6.15,62725,383955.88
2023-07-17,6.14,6.15,6.03,6.13,70423,429485.41
2023-07-18,6.15,6.15,6.04,6.13,57461,350848.88
2023-07-19,6.14,6.16,6.04,6.12,68378,417664.88
2023-07-20,6.14,6.14,6.05,6.12,119143,722713.94
2023-07-21,6.05,6.14,5.90,6.12,47769,290279.72
2023-07-24,6.00,6.10,5.97,6.08,98749,595287.31
2023-07-25,6.06,6.17,5.98,6.14,63520,388719.31
2023-07-26,6.06,6.15,6.04,6.14,90794,553273.44
2023-07-27,6.13,6.17,6.04,6.09,53233,323686.47
2023-07-28,6.05,6.13,5.90,6.01,153312,921993.13
2023-07-31,5.93,6.05,5.86,6.01,372924,2227629.75
2023-08-01,6.05,6.77,6.02,6.31,699077,4425479.00
2023-08-02,6.23,6.30,6.00,6.14,447106,2723586.00
2023-08-03,6.07,7.28,6.04,7.05,2719424,18771904.00
2023-08-04,6.85,6.98,6.38,6.63,1637392,10849598.00
2023-08-07,6.51,6.66,6.41,6.56,974803,6328928.00
2023-08-08,6.56,6.85,6.51,6.60,980917,6511229.00
2023-08-09,6.54,6.58,6.31,6.33,659959,4211451.50
2023-08-10,6.37,6.68,6.32,6.49,600102,3895720.75
2023-08-11,6.41,6.48,6.31,6.34,333223,2129045.75
2023-08-14,6.28,6.36,6.12,6.29,288355,1801844.38
2023-08-15,6.28,6.29,6.13,6.26,153467,948969.69
2023-08-16,6.08,6.30,6.07,6.10,212737,1316846.75
2023-08-17,6.10,6.21,6.01,6.18,179367,1092991.38
2023-08-18,6.18,6.19,6.00,6.10,231251,1402903.75
2023-08-21,6.03,6.12,5.97,6.08,82597,499803.06
2023-08-22,6.06,6.10,6.00,6.08,151621,916223.56
2023-08-23,6.08,6.08,6.00,6.06,112184,677657.94
2023-08-24,6.06,6.14,5.95,6.13,227869,1382497.88
2023-08-25,6.13,6.65,6.02,6.26,643206,4081235.75
2023-08-28,6.48,6.60,6.02,6.19,465399,2927683.50
2023-08-29,6.15,6.17,6.00,6.15,282468,1716056.88
2023-08-30,6.15,6.37,6.03,6.28,477445,2932793.75
2023-08-31,6.18,6.35,6.14,6.29,334189,2099025.50
2023-09-01,6.32,6.90,6.28,6.57,1191016,7893526.00
2023-09-04,6.60,7.20,6.50,6.73,1594334,10819627.00
2023-09-05,6.68,6.68,6.42,6.60,835474,5469305.00
2023-09-06,6.52,6.52,6.34,6.42,432521,2773975.75
2023-09-07,6.35,6.41,6.18,6.28,503370,3142039.25
2023-09-08,6.28,6.28,6.05,6.12,525871,3208811.75
2023-09-11,6.18,6.18,6.08,6.14,120108,735075.44
2023-09-12,6.15,6.17,6.06,6.11,117033,714959.50
2023-09-13,6.15,6.15,6.06,6.09,104777,637127.06
2023-09-14,6.07,6.08,6.02,6.06,127686,772980.75
2023-09-15,6.10,6.11,6.00,6.00,327430,1970248.00
2023-09-18,5.99,6.08,5.98,6.01,192704,1157345.25
2023-09-19,6.01,6.01,5.95,5.98,62632,373926.97
2023-09-20,6.05,6.05,5.95,6.00,96481,579269.38
2023-09-21,6.04,6.04,5.98,5.98,30297,181552.47
2023-09-22,6.00,6.06,5.95,6.04,96752,580985.06
2023-09-25,6.06,6.06,5.91,5.95,181774,1085057.75
2023-09-26,5.95,5.96,5.80,5.86,193815,1137650.00
2023-09-27,5.72,5.82,5.67,5.67,339971,1943519.38
2023-09-28,5.68,5.73,5.66,5.73,126740,720325.13
2023-10-09,5.73,5.73,5.53,5.60,270679,1513547.75
2023-10-10,5.60,5.60,5.51,5.54,122590,680665.25
2023-10-11,5.54,5.55,5.45,5.54,191231,1051409.25
2023-10-12,5.54,5.54,5.43,5.43,93874,512347.69
2023-10-13,5.36,5.36,5.10,5.17,351087,1833762.63
2023-10-16,5.15,5.17,5.07,5.16,58627,299872.41
2023-10-17,5.12,5.12,4.98,5.06,150672,760918.00
2023-10-18,5.06,5.06,4.95,5.05,131558,657158.38
2023-10-19,4.87,5.03,4.86,4.94,50356,249132.56
2023-10-20,4.94,4.98,4.88,4.97,41523,204726.41
2023-10-23,4.95,4.95,4.74,4.82,126583,614024.69
2023-10-24,4.82,4.90,4.74,4.81,86432,416751.03
2023-10-25,4.89,4.97,4.80,4.88,170633,828424.50
2023-10-26,4.90,5.05,4.83,5.00,158260,781276.94
2023-10-27,5.02,5.32,4.96,5.23,408543,2117704.75
2023-10-30,5.25,5.31,5.16,5.25,180893,947807.06
2023-10-31,5.28,5.44,5.21,5.42,461555,2469899.75
2023-11-01,5.43,5.49,5.35,5.43,203434,1102103.38
2023-11-02,5.47,5.47,5.23,5.34,243842,1295513.38
2023-11-03,5.39,5.40,5.25,5.37,155594,832339.50
2023-11-06,5.36,5.48,5.31,5.41,168075,906891.56
2023-11-07,5.44,5.65,5.40,5.65,330396,1827968.25
2023-11-08,5.62,5.83,5.56,5.67,384474,2202323.00
2023-11-09,5.62,5.75,5.62,5.62,202172,1153157.00
2023-11-10,5.61,5.74,5.60,5.69,188382,1072028.13
2023-11-13,5.73,5.74,5.59,5.60,207366,1172473.50
2023-11-14,5.61,5.66,5.53,5.62,608431,3281023.25
2023-11-15,5.65,5.74,5.58,5.74,208190,1174770.63
2023-11-16,5.61,5.71,5.61,5.66,17635,99731.39
2023-11-17,5.61,5.70,5.59,5.69,48549,273850.56
2023-11-20,5.62,5.88,5.62,5.87,257703,1489474.50
2023-11-21,5.85,6.48,5.85,6.10,1387567,8567630.00
2023-11-22,6.10,6.69,6.00,6.65,2360725,15197748.00
2023-11-23,6.75,7.05,6.33,6.36,2547406,17118840.00
2023-11-24,6.44,8.26,6.32,8.26,12417122,95606264.00
2023-11-27,8.51,10.73,8.51,10.73,19505339,189601824.00
2023-11-28,9.35,10.48,8.82,9.25,12974735,125357040.00
2023-11-29,9.25,11.81,8.95,10.45,18513221,189908496.00
2023-11-30,9.01,11.92,8.84,10.46,17611483,181496832.00
2023-12-01,10.09,11.50,9.42,9.72,16440885,175991040.00
2023-12-04,8.60,9.40,8.02,8.63,15079989,129904032.00
2023-12-05,8.26,11.21,8.20,11.21,21638665,220645344.00
2023-12-06,10.62,14.00,10.54,11.10,23905967,279991328.00
2023-12-07,10.30,11.98,10.20,11.57,17562755,195874496.00
2023-12-08,11.11,12.20,10.75,10.86,14685926,168908128.00
2023-12-11,10.11,10.85,9.97,10.02,10001022,102850816.00
2023-12-12,10.15,10.88,10.07,10.59,10233245,107947464.00
2023-12-13,10.60,10.96,10.20,10.90,10855836,116174504.00
2023-12-14,10.81,11.32,10.52,10.69,11420222,124772936.00
2023-12-15,10.42,10.90,10.26,10.32,7166514,75442152.00
2023-12-18,10.45,10.60,10.16,10.60,6449434,67137976.00
2023-12-19,10.78,11.92,10.78,11.60,15998257,181257472.00
2023-12-20,11.22,11.98,11.15,11.86,11190679,128741464.00
2023-12-21,11.65,12.26,9.33,10.13,12050417,134430752.00
2023-12-22,9.80,10.39,9.30,9.94,8845044,86768048.00
2023-12-25,9.75,10.93,9.75,10.64,10227994,106054288.00
2023-12-26,10.56,10.87,9.88,10.38,8102976,84218872.00
2023-12-27,10.47,11.36,10.11,11.05,13355048,144947744.00
2023-12-28,10.95,11.49,10.56,11.09,12611313,139536464.00
2023-12-29,10.70,11.09,10.58,10.98,9515376,103545936.00
2024-01-02,11.20,11.81,10.96,11.54,13090417,148628720.00
2024-01-03,11.33,11.50,10.95,11.46,8544811,96183680.00
2024-01-04,11.45,11.80,10.96,11.54,9254880,105139320.00
2024-01-05,11.65,12.26,11.51,12.17,17001543,202719344.00
2024-01-08,11.90,12.15,10.90,10.90,10358350,119918688.00
2024-01-09,10.68,11.52,10.21,11.31,9906133,108937504.00
2024-01-10,11.03,13.70,10.82,12.79,20539664,253881200.00
2024-01-11,12.55,13.49,12.20,12.40,15644495,198576240.00
2024-01-12,12.38,12.86,10.89,10.89,14318820,170023472.00
2024-01-15,10.20,11.29,10.11,10.31,9653700,102678280.00
2024-01-16,10.27,11.26,9.73,11.10,14053396,148298336.00
2024-01-17,10.85,11.50,10.60,10.67,11551962,127054440.00
2024-01-18,10.51,10.92,10.32,10.75,8142519,86587416.00
2024-01-19,10.69,11.16,10.61,10.95,8244611,90334168.00
2024-01-22,10.97,10.97,9.53,9.86,8294570,85242624.00
2024-01-23,9.70,10.25,9.62,10.00,4603278,45757904.00
2024-01-24,10.29,10.70,9.99,10.25,8797937,90996544.00
2024-01-25,10.01,10.14,9.39,9.67,8668389,84629672.00
2024-01-26,9.47,9.88,9.19,9.22,5283127,50539616.00
2024-01-29,9.35,9.40,7.86,8.00,6249256,53315152.00
2024-01-30,8.03,8.28,7.83,8.10,4191997,33806260.00
2024-01-31,8.21,8.55,8.10,8.25,5221270,43429768.00
2024-02-01,8.33,8.40,7.61,7.69,4652204,37367268.00
2024-02-02,7.71,8.50,7.55,8.02,8862035,71861944.00
2024-02-05,7.80,7.90,6.87,7.18,6223730,45971512.00
2024-02-06,7.02,7.77,6.95,7.74,5414549,40870528.00
2024-02-07,7.90,8.17,7.38,7.47,5790031,45336984.00
2024-02-08,7.30,7.71,6.88,7.44,4481376,32878232.00
2024-02-19,7.47,7.67,7.25,7.63,3879892,29098648.00
2024-02-20,7.64,8.00,7.58,8.00,5508905,43242588.00
2024-02-21,8.15,8.53,8.00,8.05,5453678,44953052.00
2024-02-22,8.00,8.38,7.91,8.35,5505110,44939152.00
2024-02-23,8.29,8.36,8.00,8.13,5194730,42309832.00
2024-02-26,8.00,8.12,7.81,7.90,3335880,26566288.00
2024-02-27,7.91,8.29,7.85,8.29,5489227,44953196.00
2024-02-28,8.49,8.92,7.90,7.93,6815156,57772192.00
2024-02-29,7.98,8.19,7.85,8.19,4924037,39411720.00
2024-03-01,8.17,8.48,8.06,8.33,5372072,44730212.00
2024-03-04,8.46,8.46,7.85,8.09,3495626,28424370.00
2024-03-05,8.14,8.14,7.50,7.65,3650980,28403224.00
2024-03-06,7.64,7.88,7.60,7.73,1818373,14094554.00
2024-03-07,7.79,7.90,7.59,7.61,3148835,24309632.00
2024-03-08,7.61,7.69,7.40,7.45,2102586,15786655.00
2024-03-11,7.55,7.77,7.52,7.67,2161671,16513799.00
2024-03-12,7.57,7.96,7.52,7.90,4270855,33365730.00
2024-03-13,7.72,7.84,7.58,7.64,2716907,20858704.00
2024-03-14,7.66,7.76,7.42,7.49,1559760,11856045.00
2024-03-15,7.55,7.88,7.48,7.78,3215094,24809010.00
2024-03-18,7.64,7.80,7.57,7.71,2668627,20480638.00
2024-03-19,7.78,7.78,7.65,7.71,1926147,14860693.00
2024-03-20,7.64,7.82,7.57,7.72,2226644,17175768.00
2024-03-21,7.72,7.72,7.55,7.56,1963356,14953947.00
2024-03-22,7.85,8.91,7.85,8.15,12759948,106819360.00
2024-03-25,7.85,7.97,7.40,7.93,7987035,62457644.00
2024-03-26,7.79,7.97,7.50,7.65,4162197,31969100.00
2024-03-27,7.69,9.10,7.60,8.26,12436587,105644816.00
2024-03-28,7.79,8.39,7.72,8.38,8616013,68530096.00
2024-03-29,8.19,8.88,8.12,8.40,7295617,61964284.00
2024-04-01,8.60,8.76,8.22,8.58,5175951,44057320.00
2024-04-02,8.50,8.65,8.06,8.09,4934760,40872752.00
2024-04-03,8.08,8.58,7.90,8.40,5928203,49220592.00
2024-04-08,8.30,8.96,8.05,8.88,10075146,86768608.00
2024-04-09,8.65,9.19,8.50,8.81,8179282,72481320.00
2024-04-10,8.65,9.45,8.60,9.18,9529705,87055816.00
2024-04-11,9.07,9.50,8.89,8.94,6312637,57608764.00
2024-04-12,8.80,8.95,8.49,8.49,5454954,47460488.00
2024-04-15,8.38,8.53,7.79,7.82,5160208,41739868.00
2024-04-16,7.71,7.83,6.79,6.92,4902335,35275692.00
2024-04-17,7.14,7.50,7.10,7.39,3224259,23607994.00
2024-04-18,7.37,7.75,7.25,7.38,3587168,26801948.00
2024-04-19,7.27,7.40,7.21,7.26,1918502,13991746.00
2024-04-22,7.29,7.85,7.26,7.40,2703459,20284244.00
2024-04-23,7.34,7.65,7.33,7.58,1977572,14862896.00
2024-04-24,7.58,7.64,7.46,7.51,1659913,12487700.00
2024-04-25,7.56,7.56,7.31,7.31,1821658,13480331.00
2024-04-26,7.31,7.38,7.05,7.25,3616123,25970874.00
2024-04-29,7.33,7.45,7.25,7.42,2719577,19982154.00
2024-04-30,7.42,7.64,7.42,7.49,2395496,18026896.00
2024-05-06,7.63,7.70,7.48,7.66,2604974,19763264.00
2024-05-07,7.62,7.65,7.50,7.55,2150223,16209473.00
2024-05-08,7.51,7.70,7.50,7.56,1812156,13760891.00
2024-05-09,7.52,7.62,7.48,7.57,1430788,10817871.00
2024-05-10,7.57,8.16,7.55,7.79,5802372,45570852.00
2024-05-13,7.60,7.72,7.51,7.52,3256855,24724022.00
2024-05-14,7.55,7.60,7.41,7.48,2097404,15702313.00
2024-05-15,7.53,7.54,7.25,7.26,1830497,13418417.00
2024-05-16,7.26,7.33,7.19,7.26,1312578,9517176.00
2024-05-17,7.30,7.35,7.08,7.17,1866358,13385984.00
2024-05-20,7.23,7.32,7.10,7.24,945157,6836565.50
2024-05-21,7.25,7.35,7.16,7.27,1112410,8075579.50
2024-05-22,7.29,7.29,7.05,7.11,2509832,17934012.00
2024-05-23,7.15,7.46,6.95,7.27,4936212,35868920.00
2024-05-24,7.22,7.63,7.20,7.25,3304348,24392528.00
2024-05-27,7.17,7.24,6.97,7.07,2340759,16528884.00
2024-05-28,7.23,7.28,7.05,7.05,1871785,13382772.00
2024-05-29,7.01,7.14,6.98,7.02,1309227,9210089.00
2024-05-30,7.04,7.04,6.87,6.87,931505,6464457.50
2024-05-31,6.91,6.96,6.77,6.78,974883,6663234.50
2024-06-03,6.77,6.88,6.51,6.51,1500907,10030801.00
2024-06-04,6.63,6.63,6.43,6.51,852123,5552292.00
2024-06-05,6.56,6.71,6.51,6.55,997973,6594400.50
2024-06-06,6.59,6.60,6.33,6.34,1200547,7753522.00
2024-06-07,6.43,6.56,6.39,6.41,984511,6357421.50
2024-06-11,6.48,6.50,6.31,6.46,815128,5230455.50
2024-06-12,6.48,6.60,6.42,6.52,789210,5172040.50
2024-06-13,5.32,5.39,5.24,5.25,885643,4691114.00
2024-06-14,5.28,5.33,5.19,5.21,911519,4776540.00
2024-06-17,5.21,5.24,5.00,5.09,1259633,6445832.50
2024-06-18,5.08,5.14,5.02,5.09,1075255,5461602.00
2024-06-19,5.03,5.38,5.03,5.22,2628039,13773212.00
2024-06-20,5.21,5.26,5.09,5.11,863497,4449514.50
2024-06-21,5.13,5.26,5.12,5.20,1681168,8767642.00
2024-06-24,5.19,5.20,4.82,4.88,1645614,8209675.50
2024-06-25,4.91,4.98,4.85,4.88,1023616,5031603.50
2024-06-26,4.89,4.98,4.85,4.94,906122,4448080.00
2024-06-27,4.93,4.96,4.80,4.80,1232999,6008394.50
2024-06-28,4.85,4.85,4.79,4.82,1042155,5016837.00
2024-07-01,4.86,4.86,4.76,4.80,685503,3286539.00
2024-07-02,4.78,4.84,4.76,4.76,647408,3104195.50
2024-07-03,4.81,5.19,4.73,5.00,4308652,21630480.00
2024-07-04,4.90,5.04,4.79,4.80,2133617,10410662.00
2024-07-05,4.81,4.82,4.68,4.76,1322670,6287190.50
2024-07-08,4.70,4.74,4.43,4.43,1804549,8228677.00
2024-07-09,4.43,4.51,4.30,4.47,1387977,6128395.50
2024-07-10,4.49,4.65,4.41,4.54,1848993,8343812.50
2024-07-11,4.56,4.80,4.56,4.69,2050726,9563839.00
2024-07-12,4.69,4.77,4.63,4.64,1128110,5281937.50
2024-07-15,4.68,4.70,4.50,4.54,1079663,4928306.50
2024-07-16,4.50,4.77,4.46,4.74,2231242,10365147.00
2024-07-17,4.74,6.07,4.71,5.77,11324070,61574928.00
2024-07-18,5.50,5.70,5.31,5.38,6973383,38238132.00
2024-07-19,5.40,5.56,5.22,5.24,4163538,22286164.00
2024-07-22,5.15,5.20,5.00,5.05,2653249,13441694.00
2024-07-23,5.05,5.10,4.92,4.95,1712540,8564040.00
2024-07-24,5.00,5.22,4.90,5.00,2740276,13830041.00
2024-07-25,5.00,5.15,4.90,5.06,2041555,10336487.00
2024-07-26,5.05,5.12,4.99,5.04,1905148,9616715.00
2024-07-29,5.05,5.05,4.94,4.94,1351483,6709067.00
2024-07-30,5.00,5.15,4.93,5.12,2077402,10514857.00
2024-07-31,5.09,5.32,5.05,5.26,2368213,12352011.00
2024-08-01,5.22,5.29,5.14,5.17,1825352,9474127.00
2024-08-02,5.16,5.24,5.04,5.05,1242894,6376876.50
2024-08-05,5.13,5.69,5.12,5.32,6712083,36304928.00
2024-08-06,5.32,5.66,5.18,5.66,6719935,36549796.00
2024-08-07,5.66,5.66,5.30,5.32,4622277,25049814.00
2024-08-08,5.28,6.10,5.22,5.77,10657978,61005284.00
2024-08-09,5.55,5.70,5.40,5.48,7062838,39094356.00
2024-08-12,5.48,5.63,5.30,5.49,4454684,24242004.00
2024-08-13,5.40,5.49,5.30,5.41,2973323,15926374.00
2024-08-14,5.39,5.41,5.16,5.18,3168863,16650126.00
2024-08-15,5.18,5.22,5.09,5.13,2382579,12265533.00
2024-08-16,5.10,5.16,5.02,5.03,1804359,9180895.00
2024-08-19,5.08,5.32,5.03,5.19,2964544,15308641.00
2024-08-20,5.09,5.26,5.08,5.12,2318791,11974020.00
2024-08-21,5.14,5.15,4.97,4.99,1915322,9636151.00
2024-08-22,5.01,5.05,4.89,4.92,1340152,6632056.00
2024-08-23,4.85,4.94,4.84,4.88,922912,4508998.50
2024-08-26,4.90,4.97,4.85,4.92,1263232,6204940.50
2024-08-27,4.91,5.09,4.87,5.00,1960932,9775961.00
2024-08-28,4.95,5.12,4.95,5.03,1271133,6391654.50
2024-08-29,5.03,5.06,4.97,5.04,959388,4821947.50
2024-08-30,5.04,5.44,5.03,5.24,3510770,18478566.00
2024-09-02,5.20,5.27,5.07,5.07,2211129,11385470.00
2024-09-03,5.05,5.17,5.05,5.13,921862,4717849.50
2024-09-04,5.12,5.15,5.08,5.09,798869,4076205.75
2024-09-05,5.12,5.23,5.08,5.12,897295,4621433.50
2024-09-06,5.10,5.24,5.06,5.07,958722,4892323.00
2024-09-09,5.08,5.19,5.05,5.11,1366619,6985235.00
2024-09-10,5.11,5.15,5.06,5.08,1169148,5946310.00
2024-09-11,5.09,5.11,5.00,5.00,818123,4136826.25
2024-09-12,5.06,5.07,4.88,4.88,1113470,5518715.00
2024-09-13,4.92,5.08,4.83,4.96,1415936,7028841.50
2024-09-18,4.90,5.00,4.85,4.93,680375,3340281.50
2024-09-19,4.94,6.00,4.92,5.44,11313000,63442728.00
2024-09-20,5.22,5.32,5.15,5.20,8094198,42139104.00
2024-09-23,5.15,5.21,5.08,5.10,3439488,17632140.00
2024-09-24,5.20,5.48,5.12,5.40,6945250,36765068.00
2024-09-25,5.36,5.55,5.31,5.37,5982110,32430678.00
2024-09-26,5.39,6.10,5.23,5.96,11544461,66223008.00
2024-09-27,6.38,6.98,6.04,6.56,14143591,91428856.00
2024-09-30,7.00,8.32,6.70,8.18,15619085,117752432.00
2024-10-08,10.00,10.08,8.36,9.50,17824397,164852256.00
2024-10-09,8.55,8.63,7.51,7.83,12279999,100831432.00
2024-10-10,7.90,8.28,7.37,7.69,8603185,67656272.00
2024-10-11,7.68,8.20,6.99,7.09,8503694,64437808.00
2024-10-14,7.01,7.38,6.81,7.38,6096548,43405616.00
2024-10-15,7.34,7.68,7.12,7.14,6574660,48412384.00
2024-10-16,6.93,7.22,6.91,7.14,4467599,31704014.00
2024-10-17,7.22,7.88,7.18,7.49,8870405,66237624.00
2024-10-18,8.02,8.14,7.64,7.75,10294588,81314088.00
2024-10-21,7.98,9.23,7.85,8.90,16059287,135884304.00
2024-10-22,8.64,10.00,8.19,9.15,19664907,181970928.00
2024-10-23,9.04,9.95,8.90,9.26,16066290,151095376.00
2024-10-24,8.90,9.60,8.77,9.10,12530114,115278904.00
2024-10-25,9.01,9.65,8.90,8.97,15443562,143332096.00
2024-10-28,9.03,9.88,8.92,9.86,16082674,153554128.00
2024-10-29,10.10,10.19,9.30,9.59,16290874,157206032.00
2024-10-30,9.48,10.31,9.37,10.31,17632212,173527152.00
2024-10-31,10.11,10.27,8.94,9.31,14394403,136924144.00
2024-11-01,9.12,11.87,8.82,10.10,26687887,281849536.00
2024-11-04,9.60,12.57,9.51,11.52,27563775,293836992.00
2024-11-05,11.00,12.17,10.87,11.90,24410432,281602240.00
2024-11-06,11.60,12.65,11.45,11.85,24810175,298293408.00
2024-11-07,11.61,15.40,11.55,15.40,21252643,305563072.00
2024-11-08,17.00,18.47,14.06,14.49,34769100,574712384.00
2024-11-11,13.30,13.55,12.48,13.10,21112304,274145344.00
2024-11-12,13.19,13.98,13.05,13.28,17474925,236369936.00
2024-11-13,13.00,13.42,12.55,13.23,10821275,139794704.00
2024-11-14,13.09,13.88,13.01,13.45,13398225,180548480.00
2024-11-15,13.26,13.90,12.88,13.58,13089904,176144064.00
2024-11-18,13.55,13.79,12.05,12.05,12107367,154907632.00
2024-11-19,12.06,12.39,10.93,12.22,10700841,124694728.00
2024-11-20,12.08,12.96,11.90,12.66,10453921,130523608.00
2024-11-21,12.62,13.80,12.25,13.28,13897632,181656416.00
2024-11-22,13.01,13.60,12.62,12.64,11262721,147746176.00
2024-11-25,12.28,12.98,12.10,12.84,7428118,93646984.00
2024-11-26,12.79,14.49,12.78,13.68,20381451,280918752.00
2024-11-27,13.48,14.60,12.51,14.09,18642179,252902192.00
2024-11-28,14.10,16.49,13.81,15.81,23839569,360666368.00
2024-11-29,16.13,17.98,14.78,14.82,28417908,468330336.00
2024-12-02,14.27,16.50,14.02,15.51,24117630,360058016.00
2024-12-03,15.51,15.51,15.51,15.51,0,0.00
#数据来源:通达信
