836942 恒立钻具 日线 不复权
      日期	    开盘	    最高	    最低	    收盘	    成交量	    成交额
2017-03-06,3.50,3.50,3.50,3.50,1000,3500.00
2017-03-08,3.60,3.60,3.60,3.60,24000,86400.00
2017-03-13,4.00,4.00,4.00,4.00,37000,148000.00
2017-03-15,4.00,4.50,4.00,4.50,33000,133500.00
2017-03-23,5.00,5.00,5.00,5.00,16000,80000.00
2017-03-27,5.50,5.50,5.50,5.50,20000,110000.00
2017-03-28,5.30,5.30,5.30,5.30,50000,265000.00
2017-03-29,6.00,6.00,6.00,6.00,40000,240000.00
2017-03-30,6.20,6.60,6.20,6.36,5000,31800.00
2018-01-15,5.98,5.98,5.98,5.98,1000,5980.00
2018-01-16,11.25,11.25,11.25,11.25,1000,11250.00
2018-03-14,15.50,15.50,15.50,15.50,4000,62000.00
2020-04-02,12.03,12.03,12.03,12.03,2000,24060.00
2020-04-03,12.00,12.00,12.00,12.00,1700,20400.00
2020-04-14,12.00,12.00,12.00,12.00,800,9600.00
2020-04-17,12.00,12.00,12.00,12.00,200,2400.00
2020-04-20,12.00,12.00,12.00,12.00,100,1200.00
2020-04-21,12.00,12.00,12.00,12.00,300,3600.00
2020-04-22,12.00,12.00,12.00,12.00,100,1200.00
2020-04-24,12.00,12.00,12.00,12.00,200,2400.00
2020-04-28,12.00,12.00,12.00,12.00,100,1200.00
2020-05-13,12.88,12.88,12.88,12.88,1000,12880.00
2020-06-03,12.66,12.66,12.66,12.66,2000,25320.00
2020-06-22,12.88,12.88,12.88,12.88,20000,257600.00
2020-06-24,13.28,13.28,13.28,13.28,200,2656.00
2020-06-30,13.58,13.58,13.58,13.58,200,2716.00
2020-07-02,13.60,13.60,13.00,13.00,5000,66800.00
2020-07-03,12.80,12.80,12.80,12.80,1000,12800.00
2020-07-06,14.00,14.00,12.98,12.99,6000,78940.00
2020-07-07,12.98,12.98,12.98,12.98,2000,25960.00
2020-07-10,12.90,12.90,12.90,12.90,3000,38700.00
2020-07-15,10.00,13.00,10.00,13.00,300,3389.00
2020-07-17,12.88,12.88,12.88,12.88,100,1288.00
2020-07-20,13.00,13.00,13.00,13.00,20000,260000.00
2020-07-22,13.00,13.00,13.00,13.00,8600,111800.00
2020-07-27,13.00,13.00,13.00,13.00,2100,27300.00
2020-08-03,15.00,15.00,15.00,15.00,1000,15000.00
2020-08-17,15.50,15.50,15.50,15.50,100,1550.00
2020-08-20,13.01,13.01,13.00,13.00,3900,50729.00
2020-09-01,13.00,13.50,13.00,13.50,8100,106350.00
2020-09-02,13.50,13.80,13.50,13.50,22000,297300.00
2020-09-04,15.00,15.00,15.00,15.00,1700,25500.00
2020-09-09,13.99,13.99,13.96,13.96,1300,18151.00
2020-09-14,14.30,14.30,13.50,13.50,9700,131530.00
2020-09-15,13.50,13.50,13.50,13.50,3000,40500.00
2020-09-16,14.00,14.00,14.00,14.00,3000,42000.00
2020-09-21,13.80,13.80,13.80,13.80,300,4140.00
2020-09-23,13.60,13.80,13.60,13.80,1400,19100.00
2020-09-24,13.80,13.80,13.80,13.80,1300,17940.00
2020-09-25,13.60,13.60,13.60,13.60,10000,136000.00
2020-09-28,13.60,13.60,13.50,13.50,6000,81400.00
2020-10-09,13.50,13.52,13.50,13.52,3700,49984.00
2020-10-12,13.52,13.52,13.52,13.52,5000,67600.00
2020-10-14,13.00,13.15,13.00,13.00,21600,282718.94
2020-10-15,13.50,13.50,13.00,13.00,500,6589.00
2020-10-16,13.00,13.00,13.00,13.00,7100,92937.00
2020-10-19,13.48,13.48,12.36,12.36,200,2584.00
2020-10-20,13.50,13.50,13.50,13.50,100,1350.00
2020-10-22,12.40,13.50,12.40,13.50,40300,499830.00
2020-10-28,13.50,13.50,13.47,13.47,4300,58001.00
2020-10-29,13.47,13.47,13.47,13.47,1000,13470.00
2020-10-30,14.00,14.00,14.00,14.00,2400,33600.00
2020-11-04,14.00,14.00,14.00,14.00,500,7000.00
2020-11-09,13.00,14.00,13.00,14.00,2500,33006.00
2020-11-19,13.85,13.85,13.85,13.85,1300,18005.00
2020-11-25,13.30,13.30,13.30,13.30,2000,26600.00
2020-11-30,13.30,13.30,13.30,13.30,3900,51870.00
2020-12-04,13.30,13.35,13.30,13.35,1300,17315.00
2020-12-07,13.50,13.50,13.50,13.50,7500,101250.00
2020-12-09,15.00,15.00,15.00,15.00,8000,120000.00
2020-12-10,15.00,15.00,14.99,14.99,2100,31496.00
2020-12-15,14.98,14.98,14.98,14.98,10000,149800.00
2020-12-16,14.98,14.98,14.98,14.98,1600,23968.00
2020-12-17,14.98,14.98,14.98,14.98,1300,19474.00
2020-12-18,14.98,14.98,14.98,14.98,1000,14980.00
2020-12-21,15.00,15.00,15.00,15.00,500,7500.00
2021-01-06,11.17,14.00,11.17,14.00,8800,117547.43
2021-01-14,12.25,12.25,12.25,12.25,600,7337.75
2021-01-20,13.50,13.50,13.50,13.50,8100,109336.50
2021-01-21,13.50,13.50,13.50,13.50,3200,43200.00
2021-01-26,13.50,13.50,13.50,13.50,5900,79650.00
2021-02-04,13.50,13.50,13.50,13.50,900,12150.00
2021-02-05,13.50,13.50,13.50,13.50,1500,20250.00
2021-02-08,13.50,13.50,13.50,13.50,1500,20250.00
2021-02-18,13.50,13.50,13.50,13.50,8000,108000.00
2021-02-19,13.50,14.00,13.50,14.00,8500,118500.00
2021-02-22,14.00,14.00,14.00,14.00,10100,141400.00
2021-02-23,14.00,14.00,14.00,14.00,100,1400.00
2021-02-25,14.00,14.00,14.00,14.00,1900,26600.00
2021-02-26,14.00,14.00,14.00,14.00,6000,84000.00
2021-03-05,14.00,14.00,14.00,14.00,100,1400.00
2021-03-09,13.00,13.00,13.00,13.00,100,1300.00
2021-03-10,14.00,14.00,14.00,14.00,1800,25200.00
2021-03-15,13.88,14.50,13.88,14.50,1600,22580.00
2021-03-16,13.50,13.50,13.50,13.50,1000,13500.00
2021-03-18,13.33,13.50,13.33,13.50,5900,78885.00
2021-03-19,13.50,13.90,13.50,13.80,3200,43590.00
2021-03-22,13.90,13.90,13.50,13.50,7700,104479.80
2021-03-23,13.80,13.80,13.80,13.80,400,5520.00
2021-03-24,13.80,13.80,13.80,13.80,1000,13800.00
2021-03-25,13.80,14.00,13.80,14.00,2500,34800.00
2021-04-06,13.51,13.51,13.51,13.51,2000,27020.00
2021-04-07,13.40,13.40,13.38,13.40,15000,200900.00
2021-04-08,12.82,13.67,12.82,13.67,1100,14964.82
2021-04-09,13.50,13.50,13.50,13.50,1000,13500.00
2021-04-12,13.50,13.50,13.50,13.50,800,10800.00
2021-04-13,13.06,13.06,13.06,13.06,100,1306.00
2021-04-16,13.50,13.50,13.50,13.50,3000,40500.00
2021-04-23,14.00,14.00,14.00,14.00,2000,28000.00
2021-04-27,14.00,14.00,14.00,14.00,1500,21000.00
2021-04-29,13.50,13.50,13.50,13.50,2000,27000.00
2021-04-30,13.97,13.99,13.97,13.99,4100,57301.01
2021-05-11,13.52,13.52,13.52,13.52,1000,13520.00
2021-05-14,13.80,13.80,13.80,13.80,1000,13786.20
2021-05-17,14.00,14.00,14.00,14.00,4200,58814.00
2021-05-24,16.00,16.00,16.00,16.00,100,1600.00
2021-05-27,14.00,14.00,14.00,14.00,1000,13986.00
2021-05-28,13.89,13.89,13.89,13.89,500,6958.89
2021-05-31,14.00,14.00,14.00,14.00,600,8400.00
2021-06-01,13.88,13.88,13.88,13.88,1000,13880.00
2021-06-03,13.88,13.88,13.88,13.88,2100,29134.12
2021-06-04,13.70,13.70,13.70,13.70,900,12330.00
2021-06-15,13.69,13.69,13.69,13.69,2000,27380.00
2021-06-17,13.67,13.67,13.67,13.67,8200,112722.82
2021-06-24,13.11,13.11,13.11,13.11,12600,165251.55
2021-06-25,13.00,13.00,13.00,13.00,8900,115674.00
2021-07-08,8.39,8.55,8.39,8.47,7600,64569.00
2021-07-09,8.47,8.47,8.47,8.47,900,7623.00
2021-07-13,8.50,8.50,8.50,8.50,2600,22100.00
2021-07-14,8.60,8.60,8.60,8.60,1700,14620.00
2021-07-15,8.77,8.89,8.77,8.89,10400,92671.00
2021-07-16,9.50,9.50,9.50,9.50,1000,9500.00
2021-07-19,8.70,9.60,8.70,9.60,1700,15516.00
2021-07-20,9.80,10.00,9.80,10.00,3900,38900.20
2021-07-21,10.18,10.18,10.18,10.18,500,5090.00
2021-08-03,8.41,8.88,8.41,8.88,4000,34261.00
2021-08-04,8.71,9.05,8.71,9.05,7600,67009.95
2021-08-05,8.62,8.89,8.60,8.80,9200,80420.11
2021-08-06,8.80,8.80,8.64,8.74,2100,18031.65
2021-08-09,8.55,8.55,8.55,8.55,1500,12825.00
2021-08-10,8.39,8.60,8.39,8.50,8200,69856.00
2021-08-11,8.50,8.84,8.50,8.84,11900,101490.00
2021-08-12,8.50,8.80,8.50,8.68,8700,75201.50
2021-08-13,8.68,8.68,8.50,8.50,11200,95510.48
2021-08-16,8.39,8.39,8.39,8.39,6000,49980.00
2021-08-19,8.46,8.46,8.46,8.46,6500,54990.00
2021-08-20,8.39,8.39,8.39,8.39,1000,8400.00
2021-08-23,8.41,8.41,8.41,8.41,800,6728.00
2021-08-24,8.88,9.28,8.79,9.18,14000,125460.50
2021-08-25,9.18,9.89,9.18,9.28,23300,224760.00
2021-08-26,9.28,10.18,9.28,10.18,7000,67830.00
2021-08-27,10.18,10.18,9.47,9.89,18200,180043.00
2021-08-30,10.01,10.45,10.01,10.45,19200,197092.00
2021-08-31,10.49,11.00,10.49,10.95,5200,56885.00
2021-09-01,11.88,11.88,11.88,11.88,600,7139.88
2021-09-03,11.49,11.49,11.49,11.49,2400,27346.20
2021-09-06,12.01,14.88,12.01,14.80,4500,64074.00
2021-09-07,13.00,13.00,13.00,13.00,8300,107900.00
2021-09-08,14.80,14.80,14.68,14.68,1200,17702.00
2021-09-09,15.15,15.50,15.15,15.17,38600,588698.00
2021-09-10,16.00,16.00,15.60,15.98,44300,706726.13
2021-09-13,16.50,16.50,15.99,15.99,24000,393545.13
2021-09-14,16.00,16.49,16.00,16.45,38400,629859.31
2021-09-15,15.78,16.48,15.78,16.00,5200,83325.60
2021-09-22,16.90,16.90,15.40,16.18,25800,420026.75
2021-09-23,16.00,16.00,15.40,15.50,7900,124880.40
2021-09-24,15.60,16.39,15.60,16.37,1600,26135.00
2021-09-27,16.37,16.37,16.35,16.35,23200,380025.50
2021-09-28,16.20,16.29,15.60,16.00,18200,288498.00
2021-09-29,16.29,16.29,16.27,16.28,13700,223198.48
2021-09-30,15.42,16.19,15.42,15.43,40300,629911.69
2021-10-08,15.30,15.38,15.30,15.35,10500,161889.13
2021-10-11,15.38,15.38,15.38,15.38,2800,43140.90
2021-10-13,15.88,16.59,15.88,16.37,5800,94788.00
2021-10-14,16.20,16.20,16.16,16.16,2600,42100.00
2021-10-18,15.50,15.50,15.00,15.00,9400,142195.00
2021-10-19,15.00,15.09,15.00,15.09,1500,23329.00
2021-10-22,14.10,15.26,14.10,15.26,2200,33788.00
2021-10-25,15.00,15.12,15.00,15.12,2400,36141.00
2021-10-26,15.01,15.01,15.01,15.01,2500,37525.00
2021-10-27,14.40,14.40,14.40,14.40,1000,14400.00
2021-10-28,14.60,14.60,14.50,14.50,300,5070.50
2021-11-02,14.85,15.01,14.85,15.00,5900,88794.35
2021-11-03,15.00,15.00,15.00,15.00,2900,43500.00
2021-11-04,15.00,15.00,15.00,15.00,5000,75000.00
2021-11-05,15.89,15.89,15.79,15.79,11000,174269.41
2021-11-08,15.80,16.58,15.80,15.88,15100,243311.44
2021-11-09,16.57,16.57,15.88,16.00,2200,35110.00
2021-11-10,16.37,16.37,16.28,16.28,300,5385.40
2021-11-11,16.00,16.35,16.00,16.00,7700,122847.00
2021-11-12,16.06,16.08,16.02,16.08,10600,170288.00
2021-11-15,16.83,16.83,16.40,16.48,18700,309028.00
2021-11-16,16.98,16.98,16.95,16.98,37900,642663.00
2021-11-17,16.87,16.87,16.77,16.77,13300,224394.00
2021-11-18,17.78,17.78,16.77,16.78,11700,199675.00
2021-11-19,18.49,18.49,17.00,17.79,4900,88183.20
2021-11-22,18.00,18.00,17.20,17.20,7800,135076.00
2021-11-23,17.29,17.29,17.20,17.20,7900,135970.50
2021-11-24,17.00,17.40,16.90,17.25,11500,196645.00
2021-11-25,17.20,17.20,16.70,17.06,2600,43855.28
2021-11-26,17.28,17.39,17.28,17.29,42900,743204.69
2021-11-29,17.68,17.68,17.04,17.04,4700,80609.80
2021-11-30,20.02,20.02,17.09,17.87,13600,242225.20
2021-12-01,17.50,17.50,17.50,17.50,800,14332.50
2021-12-02,17.40,17.40,17.35,17.37,3000,51827.00
2021-12-03,17.79,17.79,17.01,17.01,1300,23051.00
2021-12-06,17.01,17.01,17.00,17.00,3000,51292.16
2021-12-08,16.90,16.90,16.90,16.90,1000,16900.00
2021-12-10,14.91,16.90,14.91,16.90,4000,60343.12
2021-12-14,15.88,16.00,15.88,16.00,8400,134328.00
2021-12-15,16.06,16.06,16.04,16.04,10700,171784.00
2021-12-16,15.17,16.06,15.17,16.06,300,4640.00
2021-12-17,16.00,16.14,16.00,16.14,1800,29038.00
2021-12-20,16.99,17.18,15.98,16.00,3700,59437.00
2021-12-21,15.11,15.80,15.11,15.20,12400,191899.94
2021-12-22,15.20,15.20,15.19,15.19,600,9117.00
2021-12-27,15.95,15.99,15.00,15.00,2400,37410.00
2021-12-28,15.28,16.36,15.28,16.36,1100,17626.88
2021-12-30,16.29,16.29,16.29,16.29,300,4890.00
2021-12-31,16.79,16.79,15.23,15.48,12500,191512.41
2022-01-04,15.49,15.60,15.49,15.52,4700,73656.20
2022-01-10,17.00,17.00,16.00,16.00,1100,17800.00
2022-01-11,15.94,15.94,15.94,15.94,800,13485.24
2022-01-12,15.97,15.97,15.97,15.97,100,1597.00
2022-01-13,15.87,15.87,15.87,15.87,1200,19044.00
2022-01-14,15.87,15.87,15.30,15.30,6100,94042.00
2022-01-17,15.23,15.23,15.20,15.20,4200,64021.38
2022-01-18,15.20,15.20,14.46,14.88,16800,244911.95
2022-01-19,12.42,14.77,12.42,14.77,1300,18669.64
2022-01-20,14.86,14.86,14.84,14.84,4100,61460.40
2022-01-21,14.99,14.99,14.99,14.99,400,5996.00
2022-01-26,15.05,15.25,14.99,14.99,1300,19531.00
2022-02-07,15.05,15.30,15.05,15.30,600,9080.00
2022-02-08,15.05,15.30,14.70,15.09,2700,39543.50
2022-02-10,15.09,15.09,15.05,15.05,3800,57250.82
2022-02-11,15.10,15.10,14.90,14.90,1800,27727.80
2022-02-14,16.93,16.93,15.19,15.58,15900,247715.25
2022-02-15,15.33,15.53,15.11,15.11,12600,191636.69
2022-02-16,15.50,15.50,15.43,15.45,9200,142719.28
2022-02-17,15.50,15.50,15.47,15.47,8200,126647.53
2022-02-18,16.40,16.40,15.50,15.70,21700,336460.19
2022-02-21,15.50,15.64,15.50,15.50,8200,126852.50
2022-02-22,15.20,15.20,15.20,15.20,1200,18088.00
2022-02-23,15.98,15.98,15.50,15.51,5000,78224.65
2022-02-24,15.25,15.40,15.23,15.23,4900,74832.00
2022-02-25,15.30,15.30,15.30,15.30,100,1530.00
2022-02-28,15.30,15.42,15.30,15.35,3700,56831.73
2022-03-01,15.11,15.35,15.11,15.34,1400,21325.62
2022-03-02,15.20,15.20,15.13,15.13,2700,41482.07
2022-03-03,15.30,15.30,15.30,15.30,1800,27310.50
2022-03-04,15.30,15.30,15.30,15.30,1500,22950.00
2022-03-07,15.30,15.30,15.30,15.30,2200,33889.50
2022-03-09,15.30,15.30,15.00,15.00,800,11580.00
2022-03-10,15.05,15.05,15.00,15.00,1400,21305.00
2022-03-14,14.55,14.55,14.55,14.55,300,4365.00
2022-03-15,14.50,14.50,13.50,13.50,1800,24800.00
2022-03-16,13.50,13.98,13.50,13.98,700,9738.00
2022-03-18,14.80,14.80,14.00,14.00,3700,51708.40
2022-03-22,14.00,14.00,13.79,13.79,9000,125486.39
2022-03-23,14.66,14.66,14.66,14.66,100,1466.00
2022-03-25,12.56,14.18,12.56,14.18,500,6427.82
2022-03-28,13.50,13.88,13.50,13.88,2500,34191.44
2022-03-29,15.00,15.00,13.99,14.76,5700,81250.40
2022-03-30,14.70,14.70,14.70,14.70,4600,67620.00
2022-03-31,14.69,14.96,14.40,14.96,10000,144122.41
2022-04-01,14.45,14.94,14.45,14.94,5300,76786.65
2022-04-06,14.46,14.77,14.46,14.77,11100,161072.56
2022-04-07,14.50,14.70,14.50,14.70,5000,72638.50
2022-04-08,14.49,14.49,14.49,14.49,100,1449.00
2022-04-11,14.49,14.58,14.48,14.48,26000,376730.72
2022-04-12,14.48,14.99,14.46,14.46,12800,186362.00
2022-04-13,14.47,14.47,14.47,14.47,1200,17364.00
2022-04-14,15.00,15.00,14.47,14.50,47400,687647.50
2022-04-15,14.50,15.00,14.50,14.50,16500,239450.00
2022-04-18,14.50,14.90,14.50,14.90,10600,153940.00
2022-04-21,14.60,14.60,14.60,14.60,600,8760.00
2022-04-25,14.50,14.58,14.50,14.50,13900,201711.00
2022-04-26,14.50,14.50,14.50,14.50,4100,59450.00
2022-04-27,14.50,14.51,14.50,14.50,7800,112907.00
2022-04-29,14.50,15.50,14.50,14.50,7400,107700.00
2022-05-05,14.00,14.00,14.00,14.00,10000,140000.00
2022-05-10,14.00,14.00,14.00,14.00,5900,82810.00
2022-05-11,14.00,14.00,14.00,14.00,6800,95144.00
2022-05-12,14.00,14.00,14.00,14.00,3000,42014.00
2022-05-13,14.00,14.78,14.00,14.78,11100,156161.20
2022-05-16,14.89,15.43,14.49,14.49,1600,23835.00
2022-05-17,15.00,15.27,14.51,15.27,3200,47681.50
2022-05-18,15.21,15.21,15.21,15.21,200,3042.00
2022-05-19,15.00,15.40,15.00,15.19,19300,289124.00
2022-05-20,15.47,15.47,15.47,15.47,100,1547.00
2022-05-25,14.90,15.47,14.60,15.47,500,7417.00
2022-05-26,14.49,15.47,14.49,15.47,300,4543.00
2022-06-01,15.40,15.40,15.40,15.40,100,1540.00
2022-06-06,14.50,15.15,14.50,15.15,300,4415.00
2022-06-09,14.50,15.10,14.50,15.10,1100,16010.00
2022-06-13,14.50,14.56,14.50,14.56,5100,73562.88
2022-06-14,14.48,14.48,14.48,14.48,21300,308699.13
2022-06-15,14.98,14.98,14.98,14.98,400,5992.00
2022-06-16,15.18,15.18,15.10,15.13,8200,123917.99
2022-06-17,15.20,15.20,15.20,15.20,6100,92720.00
2022-06-20,15.20,15.60,14.49,15.60,12300,186501.92
2022-06-21,15.70,15.70,15.70,15.70,100,1570.00
2022-12-08,12.70,12.99,12.23,12.38,4585898,57384684.00
2022-12-09,12.34,12.34,11.85,11.86,1261072,15031527.00
2022-12-12,11.80,12.09,11.63,11.88,458105,5386464.00
2022-12-13,11.94,12.07,11.75,11.92,308420,3665652.75
2022-12-14,11.87,11.89,11.71,11.71,215362,2536573.25
2022-12-15,11.87,11.87,11.60,11.70,162318,1902323.50
2022-12-16,11.60,11.69,11.50,11.54,271566,3142778.25
2022-12-19,11.69,11.69,11.25,11.25,232064,2636740.25
2022-12-20,11.35,11.35,11.18,11.34,152214,1709723.63
2022-12-21,11.33,11.33,11.17,11.19,94307,1055952.75
2022-12-22,11.21,11.31,10.88,10.91,222249,2464618.00
2022-12-23,10.91,11.00,10.79,10.79,122010,1320591.88
2022-12-26,10.78,10.81,10.65,10.71,102571,1097246.25
2022-12-27,10.72,10.73,10.66,10.72,61028,652879.94
2022-12-28,10.71,10.71,10.66,10.67,54778,584743.31
2022-12-29,10.67,10.77,10.59,10.60,107069,1139038.50
2022-12-30,10.74,10.74,10.55,10.59,65407,692034.13
2023-01-03,10.70,10.70,10.54,10.61,49964,529654.44
2023-01-04,10.69,10.82,10.61,10.79,113343,1221402.13
2023-01-05,10.82,10.82,10.60,10.70,203987,2172982.00
2023-01-06,10.74,10.74,10.60,10.67,56554,602954.56
2023-01-09,10.60,10.76,10.60,10.66,62824,669102.38
2023-01-10,10.70,10.70,10.60,10.61,69460,738561.19
2023-01-11,10.64,10.64,10.58,10.59,45557,483028.63
2023-01-12,10.67,10.67,10.55,10.58,49507,522698.94
2023-01-13,10.63,10.63,10.56,10.60,20176,213734.81
2023-01-16,10.60,10.68,10.57,10.62,60732,645394.94
2023-01-17,10.62,10.70,10.62,10.64,24908,265104.09
2023-01-18,10.73,10.73,10.61,10.67,65394,696845.00
2023-01-19,10.67,10.71,10.62,10.68,55511,592611.44
2023-01-20,10.70,10.76,10.70,10.75,86923,933382.38
2023-01-30,10.80,10.83,10.76,10.77,60528,653413.75
2023-01-31,10.80,11.24,10.80,11.19,464748,5149662.50
2023-02-01,11.20,11.25,11.03,11.17,339927,3782685.00
2023-02-02,11.17,11.17,11.10,11.11,109336,1216296.38
2023-02-03,11.08,11.15,11.04,11.07,68530,758130.94
2023-02-06,11.07,11.17,10.88,10.90,98431,1086072.50
2023-02-07,10.90,11.13,10.90,10.97,59421,653564.38
2023-02-08,11.12,11.12,10.95,11.03,41135,454866.16
2023-02-09,11.16,11.18,11.00,11.10,88093,976162.88
2023-02-10,11.18,11.19,11.04,11.11,48709,540534.81
2023-02-13,11.12,11.17,11.12,11.16,111861,1246858.88
2023-02-14,11.15,11.17,11.08,11.14,66174,736740.56
2023-02-15,11.11,11.19,11.11,11.14,26044,289676.53
2023-02-16,11.16,11.21,10.96,11.04,167370,1865519.13
2023-02-17,11.20,11.20,10.95,10.97,88780,977398.88
2023-02-20,11.00,11.27,10.96,11.07,92274,1018709.06
2023-02-21,11.00,11.08,10.96,11.00,61771,679828.25
2023-02-22,10.99,11.08,10.99,11.05,73343,808997.56
2023-02-23,10.98,11.10,10.98,11.02,46181,509904.41
2023-02-24,11.00,11.01,10.96,10.98,26770,294124.25
2023-02-27,11.05,11.05,10.91,10.95,40241,440018.91
2023-02-28,10.92,10.93,10.89,10.93,50259,548316.81
2023-03-01,10.88,10.97,10.88,10.93,56208,613961.69
2023-03-02,10.88,11.00,10.88,10.91,51415,562395.63
2023-03-03,10.91,10.95,10.90,10.90,39748,433698.88
2023-03-06,10.97,10.98,10.93,10.93,64764,709485.69
2023-03-07,11.01,11.01,10.86,10.90,60390,658893.19
2023-03-08,10.89,10.90,10.85,10.87,60537,657932.25
2023-03-09,10.96,10.96,10.87,10.87,29959,326990.38
2023-03-10,10.90,10.90,10.83,10.84,39934,433960.19
2023-03-13,10.84,10.90,10.78,10.85,61748,668532.31
2023-03-14,10.85,10.89,10.77,10.83,77658,841666.25
2023-03-15,10.80,10.86,10.80,10.82,48955,529875.50
2023-03-16,10.76,10.83,10.69,10.69,84250,903407.38
2023-03-17,10.68,10.86,10.66,10.75,116042,1248737.13
2023-03-20,10.73,10.83,10.68,10.72,61352,661041.31
2023-03-21,10.67,10.72,10.67,10.72,25200,269559.00
2023-03-22,10.79,10.79,10.66,10.72,51800,553674.06
2023-03-23,10.66,10.68,10.65,10.68,25741,274591.66
2023-03-24,10.65,10.68,10.62,10.68,89100,947805.00
2023-03-27,10.62,10.68,10.60,10.61,77200,820628.13
2023-03-28,10.63,10.67,10.61,10.62,44137,469573.50
2023-03-29,10.61,10.67,10.59,10.61,43218,458741.09
2023-03-30,10.60,10.62,10.57,10.59,36800,389492.69
2023-03-31,10.57,10.59,10.48,10.51,91689,965866.31
2023-04-03,10.48,10.50,10.44,10.48,45234,473638.09
2023-04-04,10.48,10.54,10.39,10.44,67145,701065.38
2023-04-06,10.41,10.41,10.33,10.39,99249,1027906.75
2023-04-07,10.40,10.43,10.38,10.43,33489,348042.97
2023-04-10,10.44,10.44,10.31,10.33,36936,382367.53
2023-04-11,10.32,10.32,10.28,10.29,45851,472097.03
2023-04-12,10.27,10.35,10.27,10.28,24500,251813.61
2023-04-13,10.28,10.29,10.25,10.26,43768,449093.53
2023-04-14,10.23,10.27,10.23,10.25,19698,201894.98
2023-04-17,10.22,10.23,10.21,10.22,54282,555043.69
2023-04-18,10.21,10.22,10.17,10.22,71173,725438.31
2023-04-19,10.22,10.22,10.19,10.20,26547,270686.41
2023-04-20,10.16,10.27,10.12,10.12,45653,462920.75
2023-04-21,10.11,10.15,10.07,10.10,48100,485381.00
2023-04-24,10.08,10.08,9.92,9.93,82470,823869.63
2023-04-25,9.93,9.93,9.56,9.62,136725,1323854.25
2023-04-26,9.62,9.70,9.55,9.63,84075,806395.75
2023-04-27,9.60,9.60,9.48,9.49,129169,1232891.75
2023-04-28,9.50,9.60,9.49,9.59,64072,610301.88
2023-05-04,9.55,9.64,9.50,9.62,69418,664220.44
2023-05-05,9.65,9.77,9.63,9.76,85384,828791.50
2023-05-08,9.84,9.97,9.81,9.97,84359,835275.56
2023-05-09,9.92,9.97,9.88,9.91,59680,592685.94
2023-05-10,9.86,9.91,9.80,9.84,14900,146464.88
2023-05-11,9.80,9.87,9.77,9.87,42911,420359.47
2023-05-12,9.92,9.92,9.76,9.89,21100,208524.69
2023-05-15,9.95,9.95,9.86,9.92,12165,120507.45
2023-05-16,9.78,9.99,9.78,9.97,59665,591665.31
2023-05-17,10.00,10.00,9.84,9.88,45099,446292.94
2023-05-18,9.98,9.98,9.81,9.87,21833,215515.38
2023-05-19,9.82,9.87,9.78,9.84,35979,353192.75
2023-05-22,9.73,9.88,9.73,9.86,36295,358152.34
2023-05-23,9.86,9.93,9.86,9.87,16416,162330.84
2023-05-24,9.94,9.94,9.76,9.86,14000,137079.23
2023-05-25,9.76,9.90,9.76,9.86,24912,245390.97
2023-05-26,9.82,9.92,9.82,9.88,70419,697504.25
2023-05-29,9.80,9.92,9.79,9.81,24400,239274.00
2023-05-30,9.73,9.87,9.73,9.78,28365,277041.31
2023-05-31,9.73,9.81,9.73,9.80,4700,45902.00
2023-06-01,9.71,9.80,9.71,9.77,22026,214766.23
2023-06-02,9.84,9.84,9.71,9.77,41494,404806.38
2023-06-05,9.77,9.78,9.72,9.76,21412,208544.09
2023-06-06,9.72,9.73,9.68,9.68,45980,446773.81
2023-06-07,9.67,9.68,9.61,9.68,95988,924329.44
2023-06-08,9.72,9.78,9.60,9.66,48060,462612.84
2023-06-09,9.72,9.72,9.60,9.67,10690,102872.18
2023-06-12,9.73,9.73,9.59,9.65,17800,171388.13
2023-06-13,9.57,9.69,9.55,9.56,70899,678134.94
2023-06-14,9.66,9.66,9.50,9.53,28330,269590.63
2023-06-15,9.53,9.53,9.50,9.52,28666,272598.38
2023-06-16,9.59,9.59,9.45,9.49,55520,525536.56
2023-06-19,9.45,9.47,9.42,9.46,50708,478549.88
2023-06-20,9.40,9.44,9.30,9.34,175928,1645578.88
2023-06-21,9.30,9.33,9.23,9.30,60433,559848.75
2023-06-26,9.30,9.38,9.30,9.35,58210,543663.06
2023-06-27,9.34,9.34,9.02,9.27,48740,449502.50
2023-06-28,9.32,9.33,9.22,9.27,33836,313345.13
2023-06-29,9.14,9.27,9.13,9.22,23664,217335.55
2023-06-30,9.22,9.29,9.22,9.26,37580,347572.78
2023-07-03,9.28,9.28,9.19,9.28,102601,949448.50
2023-07-04,9.28,9.30,9.23,9.27,42022,388986.63
2023-07-05,9.30,9.32,9.22,9.31,134955,1254058.13
2023-07-06,9.33,9.34,9.28,9.32,92939,866477.88
2023-07-07,9.27,9.33,9.25,9.31,31754,295740.75
2023-07-10,9.36,9.36,9.25,9.32,38403,356009.44
2023-07-11,9.32,9.32,9.25,9.30,19478,180882.50
2023-07-12,9.32,9.32,9.22,9.22,24300,224775.00
2023-07-13,9.31,9.31,9.17,9.26,10461,96451.59
2023-07-14,9.18,9.24,9.18,9.21,23053,212162.56
2023-07-17,9.16,9.24,9.16,9.22,29875,273757.97
2023-07-18,9.16,9.22,9.16,9.22,17682,162595.36
2023-07-19,9.17,9.26,9.17,9.20,11400,104800.00
2023-07-20,9.28,9.28,9.14,9.17,15301,141125.17
2023-07-21,9.20,9.21,9.15,9.21,21121,194053.20
2023-07-24,9.21,9.24,9.19,9.22,12647,116642.63
2023-07-25,9.23,9.25,9.00,9.22,75723,691335.88
2023-07-26,9.20,9.23,9.15,9.20,44404,408789.81
2023-07-27,9.16,9.24,9.16,9.20,20900,191985.00
2023-07-28,9.15,9.21,9.15,9.21,41700,382911.81
2023-07-31,9.25,9.25,9.21,9.23,31283,288366.00
2023-08-01,9.23,9.23,9.21,9.23,43937,405085.59
2023-08-02,9.23,9.27,9.22,9.24,37335,345089.00
2023-08-03,9.24,9.24,9.22,9.23,16970,156650.80
2023-08-04,9.19,9.27,9.19,9.23,29206,269304.50
2023-08-07,9.21,9.24,9.15,9.21,24544,225457.02
2023-08-08,9.17,9.20,9.17,9.20,23500,215986.00
2023-08-09,9.17,9.20,9.15,9.20,52814,484302.81
2023-08-10,9.12,9.22,9.12,9.19,63459,582663.81
2023-08-11,9.16,9.24,9.12,9.17,41501,380297.06
2023-08-14,9.16,9.20,9.11,9.17,39380,359194.59
2023-08-15,9.18,9.18,9.15,9.17,14600,133748.70
2023-08-16,9.17,9.20,9.12,9.15,12390,113481.50
2023-08-17,9.18,9.18,9.04,9.14,32750,298478.50
2023-08-18,9.14,9.14,9.05,9.13,29289,265822.88
2023-08-21,9.12,9.13,9.05,9.10,14578,132453.03
2023-08-22,9.17,9.17,9.02,9.11,30995,280626.22
2023-08-23,9.02,9.11,9.00,9.08,48281,435732.91
2023-08-24,9.01,9.07,8.98,9.07,29341,264199.91
2023-08-25,8.97,9.13,8.92,9.01,15606,139879.63
2023-08-28,9.13,9.17,9.05,9.05,36125,329212.16
2023-08-29,9.12,9.12,9.01,9.09,24512,221897.63
2023-08-30,9.12,9.13,9.03,9.10,89320,813072.63
2023-08-31,9.14,9.14,9.05,9.13,107464,977170.94
2023-09-01,9.14,9.16,9.08,9.15,145167,1325603.75
2023-09-04,9.18,9.51,9.18,9.42,508581,4767666.50
2023-09-05,9.40,9.40,9.19,9.28,182763,1689469.25
2023-09-06,9.23,9.35,9.22,9.32,53649,496925.75
2023-09-07,9.30,9.38,9.20,9.28,76013,703447.50
2023-09-08,9.28,9.28,9.12,9.18,87054,798503.69
2023-09-11,9.14,9.24,9.13,9.22,47531,437862.13
2023-09-12,9.28,9.28,9.17,9.25,62679,578048.56
2023-09-13,9.34,9.34,9.20,9.26,28972,267235.63
2023-09-14,9.28,9.28,9.20,9.27,58571,540260.19
2023-09-15,9.33,9.33,9.19,9.25,59008,543130.81
2023-09-18,9.27,9.27,9.18,9.25,52900,486606.00
2023-09-19,9.25,9.27,9.19,9.25,73847,680304.19
2023-09-20,9.20,9.23,9.17,9.22,23601,216965.48
2023-09-21,9.17,9.25,9.11,9.24,39300,359922.00
2023-09-22,9.15,9.39,9.15,9.32,68869,638297.69
2023-09-25,9.26,9.34,9.20,9.32,33813,313295.66
2023-09-26,9.24,9.32,9.21,9.28,11086,102384.08
2023-09-27,9.30,9.30,9.22,9.28,10974,101614.87
2023-09-28,9.29,9.32,9.22,9.28,19580,181111.47
2023-10-09,9.22,9.28,9.16,9.27,59000,543249.25
2023-10-10,9.26,9.26,9.17,9.26,11800,108476.93
2023-10-11,9.19,9.25,9.18,9.18,18511,170200.41
2023-10-12,9.16,9.25,9.15,9.23,10085,92502.18
2023-10-13,9.15,9.22,9.13,9.20,52800,482779.78
2023-10-16,9.13,9.22,9.12,9.18,7800,71225.00
2023-10-17,9.13,9.24,9.13,9.18,21015,192260.61
2023-10-18,9.14,9.20,9.11,9.17,26292,240004.88
2023-10-19,9.16,9.26,9.12,9.19,31392,288486.88
2023-10-20,9.18,9.18,9.12,9.17,16147,147624.52
2023-10-23,9.15,9.25,9.08,9.08,57393,522445.09
2023-10-24,9.08,9.16,9.08,9.16,45300,412675.00
2023-10-25,9.24,9.24,9.10,9.17,82153,749768.00
2023-10-26,9.17,9.17,9.12,9.15,45500,415490.00
2023-10-27,9.21,9.21,8.98,9.03,209164,1891138.25
2023-10-30,9.03,9.09,8.92,9.00,78682,705694.88
2023-10-31,9.00,9.06,8.93,9.04,29794,267311.41
2023-11-01,9.00,9.02,8.96,9.01,30800,276703.00
2023-11-02,9.00,9.01,8.97,9.01,49000,440720.31
2023-11-03,9.00,9.05,8.98,9.04,38259,344487.88
2023-11-06,9.02,9.06,8.99,9.03,107757,971452.19
2023-11-07,9.05,9.05,8.94,8.99,92549,829024.06
2023-11-08,8.96,9.05,8.96,9.05,112025,1010683.44
2023-11-09,9.05,9.07,9.02,9.03,72344,654148.44
2023-11-10,9.06,9.13,9.00,9.10,146585,1326564.50
2023-11-13,9.10,9.13,9.07,9.09,53113,483789.09
2023-11-14,9.13,9.13,9.00,9.09,57375,519833.00
2023-11-15,9.03,9.15,9.03,9.14,163989,1494610.75
2023-11-16,9.14,9.15,9.09,9.14,37330,339914.44
2023-11-17,9.12,9.14,9.07,9.14,33473,304613.47
2023-11-20,9.08,9.27,9.08,9.27,363526,3347438.50
2023-11-21,9.27,10.24,9.27,9.74,1716383,16650852.00
2023-11-22,9.71,10.41,9.53,10.41,1957226,19619192.00
2023-11-23,10.42,10.86,9.94,9.99,1704363,17704706.00
2023-11-24,10.06,10.91,9.82,10.80,2449200,25867552.00
2023-11-27,11.11,12.34,11.11,12.32,4092429,48039452.00
2023-11-28,11.70,12.27,11.11,11.63,2575835,30370588.00
2023-11-29,11.74,11.99,10.91,11.05,1694312,19390136.00
2023-11-30,10.88,11.11,10.40,10.64,964109,10324364.00
2023-12-01,10.64,10.78,10.20,10.22,729548,7583564.50
2023-12-04,10.20,10.50,10.04,10.18,420149,4313691.50
2023-12-05,10.18,11.20,10.18,11.00,1367068,14704320.00
2023-12-06,11.00,11.38,10.80,11.01,934201,10350838.00
2023-12-07,11.12,11.37,11.01,11.34,974612,10941770.00
2023-12-08,11.35,11.65,11.26,11.51,897064,10285571.00
2023-12-11,12.00,12.33,11.18,11.18,1171377,13776649.00
2023-12-12,11.03,11.36,10.82,11.22,776481,8597383.00
2023-12-13,11.24,11.57,11.23,11.53,951840,10903909.00
2023-12-14,11.62,11.98,11.53,11.80,1487404,17531062.00
2023-12-15,11.80,12.29,11.61,12.14,1263563,15024796.00
2023-12-18,12.18,12.46,12.10,12.36,1285811,15799451.00
2023-12-19,12.36,12.43,11.98,12.19,1108341,13453396.00
2023-12-20,12.24,12.77,12.19,12.72,1696209,21302152.00
2023-12-21,12.89,13.40,11.60,12.04,2598989,32410226.00
2023-12-22,12.55,12.99,11.66,12.22,2570905,31639876.00
2023-12-25,12.12,13.25,11.73,13.25,3298121,41420716.00
2023-12-26,13.15,13.66,12.48,12.97,2509431,32530122.00
2023-12-27,12.75,12.91,12.50,12.79,1608564,20417052.00
2023-12-28,12.94,13.07,12.66,12.81,1346229,17364882.00
2023-12-29,12.84,13.10,12.74,13.01,1264809,16382538.00
2024-01-02,13.00,13.75,13.00,13.64,2080302,27867372.00
2024-01-03,13.48,13.71,13.27,13.45,1095006,14706185.00
2024-01-04,13.45,14.00,13.37,13.71,1333846,18245554.00
2024-01-05,13.72,13.87,12.77,13.07,1550871,20597340.00
2024-01-08,12.95,13.39,12.30,12.30,882936,11368699.00
2024-01-09,12.38,12.42,11.41,11.74,955441,11407423.00
2024-01-10,11.80,11.96,11.49,11.94,796030,9385745.00
2024-01-11,11.88,12.00,11.76,11.88,543298,6460566.00
2024-01-12,11.92,11.92,10.85,10.85,1405647,15806279.00
2024-01-15,10.80,10.92,10.28,10.28,1130363,11929159.00
2024-01-16,10.38,10.97,10.08,10.97,1114799,11753743.00
2024-01-17,10.81,11.20,10.65,10.65,897803,9846417.00
2024-01-18,10.66,11.08,10.46,11.08,700675,7574455.50
2024-01-19,11.10,11.55,11.00,11.51,1071695,12205033.00
2024-01-22,11.47,11.53,10.76,10.93,826159,9298120.00
2024-01-23,10.80,11.03,10.66,10.91,545027,5942356.50
2024-01-24,10.95,11.00,10.44,10.86,507376,5441870.00
2024-01-25,10.86,11.20,10.60,10.95,709615,7749776.50
2024-01-26,10.88,11.10,10.72,10.73,350605,3830497.50
2024-01-29,10.66,10.73,9.98,10.07,610909,6265503.50
2024-01-30,10.15,10.16,9.77,9.90,559395,5568908.50
2024-01-31,9.84,10.15,9.84,10.03,561897,5621764.00
2024-02-01,9.98,10.05,9.74,9.81,393382,3880266.25
2024-02-02,9.81,9.90,9.17,9.35,472110,4488320.50
2024-02-05,9.19,9.19,8.59,8.97,735876,6579608.00
2024-02-06,8.88,9.95,8.76,9.94,1386301,13001768.00
2024-02-07,9.86,10.60,9.63,9.64,1027146,10383085.00
2024-02-08,9.64,9.64,9.03,9.53,818560,7609703.50
2024-02-19,9.59,9.68,9.43,9.62,560568,5356591.00
2024-02-20,9.65,9.79,9.54,9.75,639562,6205037.50
2024-02-21,9.71,10.07,9.63,9.77,642088,6362587.50
2024-02-22,9.70,9.91,9.68,9.77,487136,4764069.00
2024-02-23,9.73,9.81,9.57,9.65,466864,4517931.00
2024-02-26,9.70,10.27,9.61,9.89,574556,5686576.50
2024-02-27,10.26,11.25,10.18,10.91,1602367,17279148.00
2024-02-28,10.90,10.97,10.28,10.30,1348699,14468860.00
2024-02-29,10.40,10.69,10.29,10.57,653130,6816069.50
2024-03-01,10.60,10.88,10.50,10.73,514736,5500424.50
2024-03-04,10.68,10.76,10.34,10.44,371582,3892718.50
2024-03-05,10.31,10.40,10.10,10.10,285546,2913030.75
2024-03-06,10.20,10.39,10.14,10.22,223526,2292346.75
2024-03-07,10.31,10.40,10.00,10.24,188948,1941372.50
2024-03-08,10.24,10.35,10.06,10.21,186255,1896325.00
2024-03-11,10.25,10.54,10.08,10.45,507662,5207337.00
2024-03-12,10.42,10.45,10.28,10.30,433735,4479735.00
2024-03-13,10.26,10.35,10.17,10.17,416182,4250624.00
2024-03-14,10.20,10.25,10.00,10.10,305416,3091645.75
2024-03-15,10.10,10.57,10.06,10.55,824420,8560876.00
2024-03-18,10.53,10.53,10.34,10.50,453624,4731657.00
2024-03-19,10.50,10.60,10.22,10.30,413128,4267862.50
2024-03-20,10.25,10.36,10.20,10.33,183870,1890153.38
2024-03-21,10.32,10.35,10.20,10.26,231896,2380561.00
2024-03-22,10.21,10.23,10.03,10.05,373133,3774994.50
2024-03-25,10.05,10.16,9.92,9.92,233942,2343716.25
2024-03-26,9.91,10.01,9.71,9.86,288386,2837464.00
2024-03-27,9.82,10.14,9.82,9.88,324716,3253323.50
2024-03-28,9.81,9.97,9.81,9.85,181290,1792430.25
2024-03-29,9.92,9.92,9.76,9.87,173382,1701612.00
2024-04-01,9.90,9.94,9.84,9.92,131404,1298279.63
2024-04-02,9.86,9.95,9.85,9.90,142993,1410789.50
2024-04-03,9.84,9.90,9.80,9.88,167999,1649511.25
2024-04-08,9.92,9.92,9.73,9.77,164970,1613951.00
2024-04-09,9.85,9.86,9.73,9.81,69232,676670.13
2024-04-10,9.77,10.18,9.77,10.06,604084,6075090.50
2024-04-11,9.97,10.66,9.87,10.29,1029444,10561450.00
2024-04-12,10.38,10.57,10.01,10.09,714129,7307183.00
2024-04-15,10.02,10.04,9.54,9.62,602989,5896059.50
2024-04-16,9.55,9.55,8.85,8.85,500365,4517286.00
2024-04-17,8.96,9.28,8.96,9.26,325557,2985580.50
2024-04-18,9.23,9.43,9.12,9.16,288773,2689267.00
2024-04-19,9.20,9.23,9.04,9.05,199948,1823730.38
2024-04-22,9.03,9.25,9.03,9.10,130249,1189432.75
2024-04-23,9.10,9.23,9.07,9.22,209419,1920215.88
2024-04-24,9.18,9.23,9.11,9.23,263275,2412078.00
2024-04-25,9.14,9.20,9.09,9.10,379625,3475750.00
2024-04-26,9.06,9.14,9.05,9.10,285231,2597451.50
2024-04-29,8.99,9.02,8.74,8.95,683045,6101562.00
2024-04-30,8.99,9.18,8.94,8.94,290286,2609477.50
2024-05-06,9.04,9.07,8.98,9.07,331337,2988951.75
2024-05-07,9.07,9.10,8.99,9.07,238806,2158296.50
2024-05-08,9.00,9.10,8.97,8.99,210130,1898000.00
2024-05-09,8.98,9.09,8.98,9.03,208608,1882722.25
2024-05-10,9.08,9.08,8.88,8.96,222248,1985624.25
2024-05-13,8.96,8.96,8.84,8.88,226402,2012500.25
2024-05-14,8.81,8.94,8.80,8.81,197497,1746926.50
2024-05-15,8.81,8.89,8.74,8.75,176072,1547285.63
2024-05-16,8.80,8.81,8.70,8.75,147445,1288800.38
2024-05-17,8.74,8.77,8.67,8.76,121579,1060336.25
2024-05-20,8.74,8.82,8.74,8.80,119197,1047125.75
2024-05-21,8.73,8.84,8.64,8.77,196328,1713711.63
2024-05-22,8.71,8.96,8.71,8.90,241833,2142046.25
2024-05-23,8.97,9.29,8.75,9.09,827097,7533555.50
2024-05-24,9.01,9.07,8.80,8.80,368748,3294494.25
2024-05-27,8.81,8.86,8.67,8.77,257032,2244752.25
2024-05-28,8.72,8.89,8.67,8.72,191899,1690193.13
2024-05-29,8.79,8.79,8.70,8.73,85155,742696.94
2024-05-30,8.70,8.72,8.60,8.61,120161,1037106.88
2024-05-31,8.66,8.66,8.58,8.60,77886,670949.63
2024-06-03,8.60,8.64,8.28,8.36,227260,1916558.00
2024-06-04,8.36,8.42,8.22,8.32,139209,1154819.00
2024-06-05,8.28,8.34,8.19,8.19,139405,1149243.88
2024-06-06,8.15,8.24,7.89,7.90,190749,1523995.13
2024-06-07,7.96,8.06,7.96,8.05,79483,637939.56
2024-06-11,8.02,8.11,7.97,8.03,44556,358302.94
2024-06-12,8.10,8.10,8.02,8.04,57220,461896.31
2024-06-13,8.10,8.22,8.01,8.09,116867,947405.50
2024-06-14,8.16,8.16,8.01,8.11,37156,300130.47
2024-06-17,8.08,8.09,7.99,8.04,33295,267213.88
2024-06-18,8.06,8.13,8.01,8.13,25618,207486.06
2024-06-19,8.10,8.40,8.10,8.25,144827,1197847.38
2024-06-20,8.18,8.27,8.07,8.17,72534,589394.75
2024-06-21,8.11,8.44,8.10,8.31,169320,1409234.00
2024-06-24,8.28,8.35,8.00,8.05,127423,1029423.06
2024-06-25,8.13,8.43,8.05,8.16,158052,1294285.38
2024-06-26,8.12,8.60,8.07,8.47,395418,3335115.50
2024-06-27,8.48,8.50,8.20,8.28,209622,1747464.25
2024-06-28,8.34,8.34,8.27,8.30,110928,920733.31
2024-07-01,8.22,8.37,8.22,8.30,71019,587094.88
2024-07-02,8.29,8.31,8.15,8.21,110425,907184.31
2024-07-03,8.26,8.26,8.14,8.18,26600,217464.47
2024-07-04,8.15,8.25,8.08,8.10,62203,506058.91
2024-07-05,8.05,8.15,8.03,8.12,70147,567622.00
2024-07-08,8.04,8.04,7.62,7.65,174424,1361132.00
2024-07-09,7.71,7.79,7.51,7.75,109677,835433.00
2024-07-10,7.72,7.84,7.61,7.62,124192,957996.44
2024-07-11,7.69,7.83,7.67,7.78,96559,751017.56
2024-07-12,7.84,7.85,7.73,7.84,86007,670106.25
2024-07-15,7.77,7.77,7.64,7.68,62251,477497.94
2024-07-16,7.70,7.98,7.66,7.98,296509,2327251.25
2024-07-17,8.05,8.66,8.05,8.51,696636,5900061.50
2024-07-18,8.60,8.73,8.09,8.37,473797,3962757.75
2024-07-19,8.37,8.50,8.20,8.25,181055,1504983.38
2024-07-22,8.23,8.23,8.03,8.15,174873,1420853.63
2024-07-23,8.15,8.20,8.05,8.12,114003,924686.81
2024-07-24,8.13,8.14,7.91,7.92,106995,855777.69
2024-07-25,7.90,8.07,7.88,7.99,91864,734837.75
2024-07-26,8.06,8.27,8.02,8.27,115517,942963.50
2024-07-29,8.32,8.33,8.15,8.28,126905,1048901.38
2024-07-30,8.25,8.33,8.16,8.23,105324,867334.94
2024-07-31,8.31,8.36,8.21,8.32,86754,721939.44
2024-08-01,8.28,8.38,8.23,8.24,120675,1002689.63
2024-08-02,8.30,8.30,8.08,8.13,68461,561357.13
2024-08-05,8.18,8.18,7.90,7.97,91270,732419.31
2024-08-06,7.90,8.11,7.90,8.03,73733,589683.94
2024-08-07,7.97,8.05,7.97,8.02,61586,493340.09
2024-08-08,7.94,8.02,7.89,7.97,71293,567140.25
2024-08-09,8.04,8.04,7.94,7.99,40703,325625.63
2024-08-12,7.95,8.08,7.95,8.00,66513,533668.31
2024-08-13,7.96,8.77,7.96,8.30,447169,3752338.00
2024-08-14,8.36,10.79,8.36,9.65,3914044,38695552.00
2024-08-15,9.01,9.36,8.79,9.06,3056145,27712332.00
2024-08-16,8.75,8.80,8.45,8.54,1959240,16831440.00
2024-08-19,8.46,8.49,8.27,8.41,956106,7986391.00
2024-08-20,8.40,8.56,8.28,8.36,946360,7972576.50
2024-08-21,8.39,8.52,8.30,8.52,843535,7087529.00
2024-08-22,8.46,8.46,8.00,8.01,961999,7877455.00
2024-08-23,7.96,8.14,7.83,8.10,509082,4046101.75
2024-08-26,8.17,8.17,8.06,8.07,344387,2789113.75
2024-08-27,8.06,8.06,7.91,7.98,269423,2147293.25
2024-08-28,7.98,8.22,7.98,8.07,363261,2937367.75
2024-08-29,7.93,8.15,7.93,8.08,308617,2495131.00
2024-08-30,8.08,8.31,8.04,8.22,563652,4632597.00
2024-09-02,8.15,8.29,8.03,8.04,309568,2519598.50
2024-09-03,7.97,8.10,7.97,8.08,193662,1557218.88
2024-09-04,8.01,8.10,7.97,7.98,185936,1494751.38
2024-09-05,7.99,8.08,7.98,8.06,197268,1585093.50
2024-09-06,8.04,8.20,7.99,8.01,256781,2076218.50
2024-09-09,7.96,7.98,7.86,7.89,157760,1248315.38
2024-09-10,7.85,7.86,7.68,7.81,255911,1984787.75
2024-09-11,7.77,7.89,7.66,7.83,140589,1096595.13
2024-09-12,7.82,7.87,7.74,7.74,71281,554337.56
2024-09-13,7.74,7.96,7.59,7.84,454248,3512321.50
2024-09-18,7.78,7.86,7.58,7.69,240722,1856358.25
2024-09-19,7.73,7.94,7.71,7.82,175163,1371941.88
2024-09-20,7.84,7.89,7.75,7.81,72049,562879.63
2024-09-23,7.78,7.94,7.75,7.77,110802,868410.94
2024-09-24,7.77,8.07,7.77,8.04,350131,2794027.00
2024-09-25,8.10,8.32,8.08,8.11,433584,3544028.25
2024-09-26,8.08,8.25,8.08,8.25,379329,3088548.75
2024-09-27,8.34,8.93,8.30,8.79,1119156,9705861.00
2024-09-30,9.10,10.42,9.10,10.27,2275767,22184610.00
2024-10-08,12.27,12.94,10.83,12.08,2911866,34561656.00
2024-10-09,9.02,11.79,9.02,10.21,2211905,24240344.00
2024-10-10,10.31,10.80,9.92,10.31,1193076,12358494.00
2024-10-11,10.25,10.38,9.50,9.55,749709,7317436.50
2024-10-14,9.78,10.12,9.47,9.96,738088,7222849.00
2024-10-15,9.85,10.28,9.70,9.88,829955,8312577.00
2024-10-16,9.72,11.27,9.52,11.27,2641826,28403708.00
2024-10-17,11.03,12.19,10.78,11.22,3491842,39687040.00
2024-10-18,11.00,11.95,10.84,11.45,2300946,26305296.00
2024-10-21,11.89,12.68,11.70,12.45,3726371,45458260.00
2024-10-22,12.50,12.50,11.40,11.44,2505705,29833476.00
2024-10-23,11.40,11.98,11.40,11.69,1315813,15455933.00
2024-10-24,11.72,12.60,11.60,12.25,1905644,23243984.00
2024-10-25,12.44,13.19,12.20,12.32,3026181,38648456.00
2024-10-28,12.99,14.18,12.80,14.08,4318174,58914428.00
2024-10-29,14.19,14.98,13.63,14.65,4390643,63101352.00
2024-10-30,14.49,15.15,13.50,14.33,3127546,44829820.00
2024-10-31,14.13,14.36,13.05,13.39,2487014,33904684.00
2024-11-01,13.26,13.79,12.90,12.93,1700434,22520764.00
2024-11-04,12.90,13.74,12.88,13.73,1646370,22112866.00
2024-11-05,13.86,14.68,13.86,14.56,2632992,37943076.00
2024-11-06,14.71,16.22,14.70,15.53,5347087,82793760.00
2024-11-07,15.68,17.37,15.21,16.66,5054591,82581856.00
2024-11-08,16.80,16.82,15.35,15.49,3159236,50377432.00
2024-11-11,15.26,15.80,14.66,15.56,2034297,31016168.00
2024-11-12,15.71,16.20,15.00,15.26,1680491,26200836.00
2024-11-13,15.20,15.45,14.43,15.45,1674169,25074886.00
2024-11-14,15.50,15.79,15.27,15.40,1281210,19931482.00
2024-11-15,15.30,15.80,14.73,15.53,1261032,19329570.00
2024-11-18,15.67,16.43,15.25,15.60,2364365,37764780.00
2024-11-19,15.31,15.53,13.90,14.61,2228023,32460742.00
2024-11-20,14.51,15.61,14.51,15.27,1850205,27764540.00
2024-11-21,15.50,17.95,15.30,17.24,4846863,80392480.00
2024-11-22,17.02,18.80,16.50,16.50,4014174,69893376.00
2024-11-25,16.69,17.30,15.91,17.06,2355662,38989424.00
2024-11-26,17.16,17.95,16.15,16.15,2559232,43770316.00
2024-11-27,16.16,18.09,14.90,18.00,3879372,64822932.00
2024-11-28,18.00,19.20,17.60,17.99,4422889,81343328.00
2024-11-29,17.77,18.49,17.30,17.89,3002003,53482216.00
2024-12-02,17.90,18.59,17.78,18.54,2566935,46910384.00
2024-12-03,18.54,18.54,18.54,18.54,0,0.00
#数据来源:通达信
