837344 三元基因 日线 不复权
      日期	    开盘	    最高	    最低	    收盘	    成交量	    成交额
2017-02-27,3.80,3.80,3.80,3.80,340000,1292000.00
2017-06-09,1.90,1.90,1.90,1.90,1000,1900.00
2017-06-12,3.80,3.80,3.80,3.80,1000,3800.00
2017-12-13,3.90,3.90,3.90,3.90,1300000,5070000.00
2017-12-19,3.90,3.90,3.90,3.90,480000,1872000.00
2020-01-15,12.89,15.01,12.89,15.01,4000,57920.00
2020-01-16,15.32,15.48,15.00,15.48,34000,516430.00
2020-01-17,15.12,15.20,15.12,15.12,621000,5701520.00
2020-01-20,15.12,15.12,15.05,15.05,127000,1912100.00
2020-01-21,14.78,15.10,14.78,15.00,661000,6191060.00
2020-01-22,15.00,15.05,15.00,15.05,224000,3362750.00
2020-01-23,15.05,15.05,15.00,15.00,207500,3115780.00
2020-02-03,15.00,15.52,15.00,15.52,479000,3739580.00
2020-02-04,15.00,15.00,14.98,14.99,26000,389610.00
2020-02-05,15.00,15.00,15.00,15.00,12000,180000.00
2020-02-06,15.00,15.15,15.00,15.15,37000,556800.00
2020-02-07,15.09,15.15,15.09,15.15,29000,439170.00
2020-02-10,15.28,15.31,15.27,15.31,37000,565400.00
2020-02-11,15.36,15.50,15.36,15.50,21000,324040.00
2020-02-12,15.50,16.33,15.50,16.33,40000,623320.00
2020-02-13,15.89,16.40,15.89,16.40,39000,637510.00
2020-02-14,16.67,16.79,16.67,16.79,54000,904210.00
2020-02-17,16.80,16.86,16.79,16.79,100000,1679840.00
2020-02-18,16.79,16.79,16.33,16.33,16000,263580.00
2020-02-19,16.33,16.33,16.25,16.25,27000,440200.00
2020-02-20,16.17,16.17,16.17,16.17,1000,16170.00
2020-02-21,15.60,15.90,15.60,15.90,17000,269880.00
2020-02-24,16.36,16.85,16.36,16.85,79000,1296130.00
2020-02-25,17.51,18.66,17.51,18.60,29000,520990.00
2020-02-26,20.02,23.50,20.02,23.29,104000,2394740.00
2020-02-27,24.90,24.90,24.80,24.80,74000,1839840.00
2020-02-28,24.50,24.50,23.70,23.70,49000,1169580.00
2020-03-02,23.50,23.50,23.30,23.30,28000,655800.00
2020-03-03,24.40,24.40,23.96,23.96,11000,267080.00
2020-03-05,25.28,25.28,24.80,24.90,11000,275840.00
2020-03-06,24.90,24.90,24.90,24.90,1000,24900.00
2020-03-09,24.80,24.80,24.29,24.49,12000,293810.00
2020-03-10,24.55,25.65,24.55,25.65,5000,124950.00
2020-03-11,24.50,24.50,24.29,24.30,37000,902560.00
2020-03-12,24.27,24.30,24.27,24.30,37000,898800.00
2020-03-13,24.20,24.20,24.10,24.10,20000,482650.00
2020-03-16,24.09,24.09,23.99,24.00,37000,888880.00
2020-03-17,24.30,24.30,23.90,23.90,42000,1012600.00
2020-03-18,24.20,24.20,23.99,24.00,44000,1058790.00
2020-03-19,23.90,23.90,23.80,23.80,29000,690400.00
2020-03-20,24.44,24.44,24.44,24.44,5000,122200.00
2020-03-23,24.40,24.40,23.70,23.70,18000,437100.00
2020-03-24,24.01,24.01,24.00,24.00,30000,720050.00
2020-03-25,24.00,24.01,24.00,24.00,37000,888060.00
2020-03-26,24.00,24.00,24.00,24.00,40000,960000.00
2020-03-27,23.70,23.70,23.70,23.70,11000,260700.00
2020-03-30,23.40,23.40,23.30,23.30,6200,144480.00
2020-03-31,23.10,23.10,21.00,21.00,27800,597357.13
2020-04-01,22.00,22.00,20.97,21.20,24000,508143.00
2020-04-02,21.88,21.88,21.68,21.68,5200,113076.00
2020-04-03,21.86,21.86,21.77,21.86,17300,377881.00
2020-04-07,22.22,22.35,22.22,22.28,34500,769125.00
2020-04-08,22.25,22.25,22.25,22.25,24500,545347.50
2020-04-09,22.23,22.23,21.36,21.38,30500,655582.00
2020-04-10,21.38,21.38,21.11,21.36,12700,268822.00
2020-04-13,21.50,21.50,21.50,21.50,19000,408500.00
2020-04-14,21.58,21.58,21.58,21.58,51800,1117844.00
2020-04-15,21.57,21.57,21.49,21.49,4200,90418.00
2020-04-16,21.48,21.48,20.35,20.50,64800,1326333.63
2020-04-17,20.50,20.50,20.45,20.45,99900,2045794.00
2020-04-20,20.46,20.86,20.46,20.86,79000,1620736.63
2020-04-21,21.66,21.66,20.80,20.80,4300,89835.00
2020-04-22,20.90,20.92,20.90,20.92,51200,1071256.00
2020-04-23,20.00,20.73,20.00,20.73,70000,1440889.13
2020-04-24,21.40,22.22,21.30,22.22,41800,896372.00
2020-04-27,22.17,22.33,22.17,22.33,143800,3198566.00
2020-04-28,22.68,23.15,22.68,23.15,157000,3569637.00
2020-04-29,23.58,24.52,23.58,24.52,108700,2637528.00
2020-04-30,24.68,25.40,24.68,24.98,86300,2160692.00
2020-05-06,31.99,31.99,26.48,26.48,46400,1285923.63
2020-05-07,26.48,26.50,25.20,25.20,20800,544292.81
2020-05-08,25.95,25.95,25.26,25.40,25000,636089.31
2020-05-11,26.19,26.19,25.70,25.73,26600,692518.94
2020-05-12,26.60,26.70,26.50,26.70,25100,669454.50
2020-05-13,27.00,27.00,26.45,26.50,56600,1499227.00
2020-05-14,27.40,27.40,26.46,26.50,60800,1635962.00
2020-05-15,25.90,25.90,25.68,25.68,116200,2990404.75
2020-05-18,25.38,25.38,24.96,24.99,62800,1580251.75
2020-05-19,24.99,25.00,24.96,24.99,22000,550143.88
2020-05-20,24.51,24.85,24.51,24.85,37800,938110.69
2020-05-21,24.56,24.56,24.56,24.56,9000,221040.00
2020-05-22,24.18,24.43,24.18,24.43,15000,363836.00
2020-05-25,25.50,25.75,25.00,25.10,90000,2274635.25
2020-05-26,25.80,26.20,25.19,26.15,104200,2681638.50
2020-05-27,26.20,27.35,26.10,27.32,143500,3831734.25
2020-05-28,27.40,28.00,27.40,27.83,61400,1694333.00
2020-05-29,28.30,28.30,27.69,27.72,126000,2674941.50
2020-06-01,26.50,28.00,26.50,27.88,108300,2333464.25
2020-06-02,30.99,30.99,28.00,28.80,212100,4705580.00
2020-06-03,28.82,29.00,28.31,28.98,271500,6098015.00
2020-06-04,29.99,32.82,29.99,32.82,203500,5287315.50
2020-06-05,30.66,33.00,30.66,32.70,61900,2026816.38
2020-06-08,33.00,33.03,32.80,33.03,66300,2187780.00
2020-06-09,33.03,34.00,33.03,33.85,191100,5350377.50
2020-06-10,34.00,34.00,33.50,33.79,138600,4683264.00
2020-06-11,34.00,34.00,33.50,33.50,218400,6352313.50
2020-06-12,33.80,33.80,33.00,33.01,40200,1351266.63
2020-06-15,33.00,33.01,30.25,30.50,53700,1669133.25
2020-06-16,30.04,30.48,30.04,30.10,88900,2676547.25
2020-06-17,30.10,31.87,30.05,30.10,90700,2737684.00
2020-06-18,30.47,30.47,30.00,30.10,62500,1878310.00
2020-06-19,30.00,30.01,29.98,30.00,86800,2604717.00
2020-06-22,30.03,30.03,29.88,29.88,68800,2067065.13
2020-06-23,30.10,30.10,29.78,30.00,54900,1645615.75
2020-06-24,30.00,30.30,29.98,30.10,205200,5264379.00
2020-06-29,30.60,30.60,30.40,30.60,226000,6900322.00
2020-06-30,30.73,30.73,30.38,30.60,201300,6153938.50
2020-07-01,30.60,30.70,29.80,29.80,155800,4722808.00
2020-07-02,30.00,32.88,30.00,31.94,120400,3762683.50
2020-07-03,31.95,34.58,31.95,33.36,115400,3829533.50
2020-07-06,34.70,39.00,34.70,38.82,296900,10891030.00
2020-07-07,39.80,40.52,39.00,39.29,91600,3675237.00
2020-07-08,40.00,40.00,38.18,38.18,50700,1995900.25
2020-07-09,39.31,42.22,39.00,42.22,97800,3976007.25
2020-07-10,43.49,43.58,42.80,43.58,95900,4165573.50
2020-07-13,44.99,45.00,43.87,44.85,76900,3427597.00
2020-07-14,45.10,46.00,44.08,44.08,66500,3013660.75
2020-07-15,44.18,44.18,41.99,42.88,72800,3111832.00
2020-07-16,44.58,45.38,44.58,45.00,277200,9468884.00
2020-07-17,45.88,49.00,45.68,46.36,261200,9177623.00
2020-07-20,48.50,48.71,46.61,47.02,43200,2051961.50
2020-07-21,47.88,48.99,47.05,47.20,18500,887764.44
2020-07-22,49.39,49.39,48.00,48.30,60500,2944951.75
2020-07-23,49.35,49.35,45.60,48.66,72300,2833368.00
2020-07-24,46.00,47.41,46.00,47.00,53100,2120952.25
2020-07-27,46.97,46.97,33.50,34.20,183000,6496204.50
2020-07-28,34.77,34.77,32.78,32.90,108300,3587052.50
2020-07-29,33.11,36.56,33.11,36.31,166300,4630434.50
2020-07-30,36.60,36.81,35.73,35.73,44800,1634219.25
2020-07-31,35.80,35.80,34.05,34.23,75900,2245468.75
2020-08-03,35.94,35.94,34.38,34.38,45100,1567567.13
2020-08-04,35.35,35.41,34.60,34.60,103200,2932420.00
2020-08-05,35.30,35.38,33.80,33.80,149700,4594768.50
2020-08-06,34.38,34.38,32.79,32.79,34800,1159891.38
2020-08-07,32.76,32.76,29.93,30.00,83800,2569002.00
2020-08-10,30.00,31.90,30.00,31.90,247300,6046292.00
2020-08-11,31.22,32.98,31.22,32.33,62600,2027538.00
2020-08-12,32.03,32.70,31.50,32.00,104700,3341000.50
2020-08-13,32.20,32.50,32.19,32.50,13400,434348.19
2020-08-14,32.73,34.80,32.73,33.90,24100,817910.25
2020-08-17,33.33,33.33,32.58,32.58,53500,1747663.75
2020-08-18,32.88,32.88,32.08,32.11,64800,2081804.50
2020-08-19,31.00,32.11,31.00,31.33,183900,5764698.00
2020-08-20,32.01,32.11,31.69,31.69,20500,652236.81
2020-08-21,31.81,31.81,31.30,31.31,81600,2563635.75
2020-08-24,30.99,30.99,30.00,30.30,46900,1419253.75
2020-08-25,30.22,30.73,29.50,29.50,44700,1348229.75
2020-08-26,29.53,30.20,29.53,29.75,65000,1946590.00
2020-08-27,29.75,29.75,29.40,29.40,69500,2058516.63
2020-08-28,25.91,25.91,19.90,19.90,353500,8014236.00
2020-08-31,21.07,21.10,20.30,20.90,281000,5173813.00
2020-09-01,20.98,22.99,20.98,22.27,36900,815213.63
2020-09-02,22.23,23.01,20.38,21.71,68700,1457321.75
2020-09-03,21.67,21.95,21.67,21.70,21200,464221.78
2020-09-04,20.82,21.48,20.80,21.48,18100,383107.19
2020-09-07,21.30,21.32,21.30,21.32,35500,756054.75
2020-09-08,21.90,22.45,21.90,22.45,17100,376186.72
2020-09-09,22.45,22.64,22.45,22.54,36800,831463.13
2020-09-10,22.89,22.89,22.55,22.55,89200,2021301.63
2020-09-11,22.55,22.55,21.39,21.95,102400,2243206.25
2021-01-08,25.05,25.10,22.88,22.99,3844400,91712192.00
2021-01-11,23.00,23.00,21.50,22.15,1303900,28795034.00
2021-01-12,22.30,23.00,22.10,22.50,589900,12607543.00
2021-01-13,23.00,23.78,22.50,23.69,813300,17148150.00
2021-01-14,23.74,24.98,23.30,24.22,429700,10241791.00
2021-01-15,24.10,24.80,23.75,24.33,522700,12734522.00
2021-01-18,23.99,24.94,23.99,24.84,427800,10563784.00
2021-01-19,24.60,24.95,24.00,24.12,458700,11205937.00
2021-01-20,24.12,24.26,23.96,24.03,219900,5293856.50
2021-01-21,24.05,24.30,23.86,24.04,348000,8359261.50
2021-01-22,23.94,24.72,23.94,24.71,372700,9060025.00
2021-01-25,24.68,24.88,24.45,24.52,331100,8164468.00
2021-01-26,24.52,24.52,24.05,24.17,177900,4330885.00
2021-01-27,24.10,24.36,23.82,23.88,163600,3947846.25
2021-01-28,23.81,24.10,23.78,23.78,115100,2757532.00
2021-01-29,23.71,23.96,23.50,23.69,94900,2254685.25
2021-02-01,23.20,23.54,23.20,23.48,105800,2472520.25
2021-02-02,23.30,23.49,23.00,23.25,79600,1848633.63
2021-02-03,23.30,23.36,22.29,22.43,143200,3265379.25
2021-02-04,22.41,22.41,21.44,21.66,197000,4300282.00
2021-02-05,21.57,21.91,21.50,21.80,81300,1770089.75
2021-02-08,21.76,21.99,21.23,21.30,92800,1993951.75
2021-02-09,21.31,21.63,21.20,21.49,78900,1689602.38
2021-02-10,21.70,21.95,21.36,21.77,91600,1977072.25
2021-02-18,22.11,22.17,21.60,21.95,79700,1743439.13
2021-02-19,21.81,21.89,21.65,21.89,49800,1083331.13
2021-02-22,21.89,22.10,21.74,21.81,67900,1485754.75
2021-02-23,21.81,21.95,21.77,21.77,45400,990988.00
2021-02-24,21.73,21.78,21.27,21.57,100800,2181658.50
2021-02-25,21.60,21.91,21.51,21.79,52400,1138339.50
2021-02-26,21.90,21.91,21.57,21.74,40800,889247.19
2021-03-01,21.90,21.91,20.51,20.68,552600,11611886.00
2021-03-02,20.72,20.72,19.91,20.00,376600,7578748.50
2021-03-03,20.07,20.30,19.73,20.30,351900,7038521.50
2021-03-04,20.21,20.66,20.21,20.54,164200,3373172.75
2021-03-05,20.40,20.98,20.39,20.80,152200,3165306.00
2021-03-08,20.69,20.94,20.50,20.55,70600,1463876.00
2021-03-09,20.55,20.82,20.37,20.38,42900,877549.50
2021-03-10,20.42,20.52,20.17,20.36,45900,932645.56
2021-03-11,20.36,20.37,20.20,20.26,32100,650441.50
2021-03-12,20.21,20.32,20.08,20.26,63000,1271917.88
2021-03-15,20.30,20.39,20.20,20.30,61700,1252316.00
2021-03-16,20.21,20.34,20.20,20.28,46900,948578.00
2021-03-17,20.30,20.30,20.15,20.29,44000,891472.63
2021-03-18,20.18,20.30,20.15,20.23,106800,2157229.25
2021-03-19,20.27,20.28,20.17,20.24,134000,2711764.25
2021-03-22,20.28,20.35,20.25,20.35,167400,3395406.25
2021-03-23,20.35,20.75,20.35,20.67,60700,1250040.00
2021-03-24,20.55,20.60,20.38,20.48,59100,1211330.50
2021-03-25,20.30,20.36,20.15,20.15,78300,1580971.88
2021-03-26,20.19,20.44,20.17,20.25,46800,948519.25
2021-03-29,20.21,20.41,20.16,20.18,152300,3077332.25
2021-03-30,20.37,20.38,20.16,20.18,32200,649792.81
2021-03-31,20.10,20.18,20.03,20.04,112100,2249733.25
2021-04-01,20.04,20.11,19.99,20.11,36200,725247.44
2021-04-02,20.05,20.11,19.90,20.04,91500,1827788.25
2021-04-06,20.01,20.49,20.00,20.21,96800,1964080.88
2021-04-07,20.32,20.47,20.22,20.47,50700,1034521.69
2021-04-08,20.89,20.89,20.45,20.66,71600,1474980.25
2021-04-09,20.67,20.73,20.52,20.58,37700,779309.06
2021-04-12,20.79,20.85,20.50,20.60,87000,1798606.13
2021-04-13,20.69,20.77,20.56,20.56,51900,1070750.50
2021-04-14,20.40,20.65,20.23,20.60,17800,365953.41
2021-04-15,20.61,20.62,20.40,20.42,57200,1169210.50
2021-04-16,20.41,20.64,20.41,20.51,57300,1175305.13
2021-04-19,20.45,20.68,20.32,20.53,32300,660214.25
2021-04-20,20.55,20.78,20.55,20.70,60500,1250149.63
2021-04-21,20.80,20.80,20.11,20.38,81400,1661315.63
2021-04-22,20.51,20.69,20.42,20.43,30100,615831.06
2021-04-23,20.40,20.65,20.36,20.59,34000,697234.56
2021-04-26,20.55,20.75,20.55,20.68,81500,1682519.25
2021-04-27,20.75,20.75,20.56,20.62,41300,850334.56
2021-04-28,20.69,20.70,20.50,20.70,32300,664007.25
2021-04-29,20.54,20.80,20.45,20.45,93500,1929740.38
2021-04-30,20.41,20.61,20.39,20.53,61600,1261609.75
2021-05-06,19.84,20.16,19.51,20.16,170300,3381430.50
2021-05-07,20.01,20.25,19.85,20.25,52000,1040338.44
2021-05-10,20.10,20.32,19.95,20.20,21100,422514.91
2021-05-11,19.82,20.24,19.82,20.19,37600,752266.75
2021-05-12,20.05,20.19,19.93,20.19,205000,4102386.00
2021-05-13,20.10,20.25,19.99,20.12,11300,226704.55
2021-05-14,20.10,20.13,19.83,20.10,88500,1768678.38
2021-05-17,19.99,20.15,19.85,20.08,61900,1235915.50
2021-05-18,20.05,20.08,19.90,20.06,17000,340107.53
2021-05-19,20.00,20.07,19.85,20.05,36800,736209.13
2021-05-20,20.07,20.07,19.86,20.00,34100,679481.38
2021-05-21,19.98,20.06,19.90,20.02,54000,1077361.25
2021-05-24,19.90,19.90,19.75,19.80,25500,505680.69
2021-05-25,19.91,19.92,19.80,19.89,122200,1828174.88
2021-05-26,19.91,19.96,19.90,19.91,41200,819417.00
2021-05-27,20.00,20.03,19.91,20.00,127200,1936766.13
2021-05-28,20.01,20.18,19.85,19.99,51200,1027596.38
2021-05-31,20.00,20.08,19.99,20.07,40300,807133.31
2021-06-01,20.12,20.12,19.95,19.98,32800,657020.75
2021-06-02,20.06,20.06,19.96,20.00,28400,567487.50
2021-06-03,20.00,20.00,19.88,19.92,69700,1389368.75
2021-06-04,19.88,20.16,19.85,19.99,75300,1498268.50
2021-06-07,20.03,20.26,19.92,20.21,76300,1539025.50
2021-06-08,20.31,20.99,20.15,20.20,37500,760942.06
2021-06-09,20.37,20.85,20.19,20.80,112900,2335698.50
2021-06-10,20.92,21.49,20.91,21.19,210300,4471178.50
2021-06-11,20.78,21.68,20.77,21.50,93200,1996681.63
2021-06-15,20.80,21.82,20.80,21.51,111100,2398094.75
2021-06-16,21.48,21.48,21.23,21.26,55000,1173233.00
2021-06-17,21.42,21.68,20.91,21.29,14800,315128.16
2021-06-18,21.29,21.30,20.80,20.96,73500,1544301.88
2021-06-21,20.90,20.90,20.50,20.58,52200,1078925.38
2021-06-22,20.75,20.89,20.58,20.87,72100,1493010.25
2021-06-23,20.63,21.00,20.63,21.00,89700,1876544.25
2021-06-24,21.06,21.81,20.88,21.71,184700,4003187.50
2021-06-25,21.55,22.11,21.55,21.90,131500,2890958.50
2021-06-28,22.15,22.40,22.04,22.33,103200,2294980.00
2021-06-29,22.33,22.84,22.33,22.41,168400,3801452.25
2021-06-30,22.38,22.75,22.11,22.28,81400,1818954.50
2021-07-01,22.12,22.34,22.04,22.24,77800,1724976.00
2021-07-02,22.24,22.35,22.10,22.22,40600,901875.38
2021-07-05,22.22,22.50,22.11,22.28,38800,866441.56
2021-07-06,22.28,22.40,22.17,22.27,49500,1102140.50
2021-07-07,22.11,22.41,22.11,22.40,88800,1983180.25
2021-07-08,22.24,22.43,22.24,22.42,69100,1543970.50
2021-07-09,22.30,22.44,22.26,22.44,34200,765147.50
2021-07-12,22.64,22.97,22.30,22.96,169900,3863995.50
2021-07-13,22.96,23.95,22.96,23.75,179500,4251489.00
2021-07-14,24.08,24.09,23.69,23.98,180700,4333792.00
2021-07-15,23.98,24.06,23.80,23.95,57300,1371664.13
2021-07-16,23.81,23.99,23.61,23.95,98200,2331948.75
2021-07-19,23.90,23.90,21.01,22.40,401000,9118553.00
2021-07-20,22.32,22.59,22.00,22.30,78300,1742228.75
2021-07-21,21.38,22.45,21.38,21.97,101300,2241228.25
2021-07-22,21.93,22.35,21.47,21.60,69300,1515628.00
2021-07-23,21.50,21.70,21.20,21.48,97200,2084317.63
2021-07-26,21.50,21.65,21.28,21.48,20100,428756.88
2021-07-27,21.57,21.90,21.39,21.45,33700,730076.38
2021-07-28,21.39,21.78,21.30,21.42,26500,566126.69
2021-07-29,21.50,21.53,21.35,21.45,19900,426821.25
2021-07-30,21.40,21.60,21.22,21.48,32700,700709.44
2021-08-02,21.60,21.60,21.32,21.50,23100,494257.31
2021-08-03,21.32,21.68,21.31,21.57,21400,456119.16
2021-08-04,21.56,21.56,21.31,21.52,27700,591687.44
2021-08-05,21.36,21.80,21.19,21.23,145300,3085096.00
2021-08-06,21.20,21.22,20.95,21.22,226300,3588236.00
2021-08-09,21.38,21.38,21.03,21.25,123800,1927225.00
2021-08-10,21.03,21.59,21.03,21.40,13700,294215.63
2021-08-11,21.37,21.37,21.14,21.28,17900,378645.22
2021-08-12,21.48,21.88,21.47,21.63,65600,1412880.25
2021-08-13,21.56,21.68,21.33,21.68,61200,1315371.00
2021-08-16,21.78,21.78,21.42,21.73,43600,942985.69
2021-08-17,21.72,21.72,21.45,21.46,38800,836446.69
2021-08-18,21.77,21.77,21.01,21.48,55400,1174583.25
2021-08-19,21.51,21.51,21.18,21.38,11900,253602.00
2021-08-20,21.40,21.57,21.25,21.49,33900,726459.69
2021-08-23,21.18,21.72,21.18,21.46,57600,1227309.00
2021-08-24,21.26,21.47,21.23,21.46,24100,513706.75
2021-08-25,21.40,21.40,21.15,21.31,64900,1381003.13
2021-08-26,20.83,21.20,20.55,20.57,112500,2338207.00
2021-08-27,20.57,20.83,20.56,20.74,62900,1303185.88
2021-08-30,20.92,21.45,20.58,21.16,88700,1887026.63
2021-08-31,21.02,21.40,20.87,21.32,457000,11203759.00
2021-09-01,21.05,21.41,21.04,21.10,96800,2049599.13
2021-09-02,21.28,21.93,21.18,21.93,172000,3711480.50
2021-09-03,24.00,24.30,22.33,22.90,529800,12280188.00
2021-09-06,23.20,27.23,23.20,25.00,1641900,41417236.00
2021-09-07,24.33,25.43,24.13,24.21,541300,13280301.00
2021-09-08,24.50,24.50,23.87,24.30,187500,4536234.50
2021-09-09,24.33,25.09,24.26,25.00,756700,18765828.00
2021-09-10,25.00,25.75,24.08,24.65,445800,11156738.00
2021-09-13,25.10,25.12,23.80,23.99,368900,8984494.00
2021-09-14,24.18,24.34,23.52,23.60,145700,3499284.00
2021-09-15,23.56,23.72,23.10,23.28,118200,2779183.00
2021-09-16,23.28,23.69,23.01,23.01,126200,2925616.00
2021-09-17,23.27,23.49,23.00,23.49,163500,3823220.75
2021-09-22,24.07,24.75,24.07,24.43,364100,8866905.00
2021-09-23,24.22,24.85,24.21,24.80,226000,5577245.00
2021-09-24,24.79,24.80,24.16,24.34,469000,11470525.00
2021-09-27,24.45,24.45,23.15,23.48,530800,12631696.00
2021-09-28,23.48,23.69,23.13,23.60,183900,4312662.00
2021-09-29,23.60,23.60,23.19,23.34,76100,1773880.38
2021-09-30,23.58,24.40,23.34,24.18,141000,3371077.00
2021-10-08,24.25,24.39,23.36,24.09,109300,2618479.00
2021-10-11,24.49,24.49,23.70,23.84,95100,2274544.50
2021-10-12,23.83,23.83,23.30,23.57,56200,1324213.00
2021-10-13,24.05,24.10,23.57,24.04,134800,3231612.50
2021-10-14,24.42,24.42,23.98,24.14,67300,1621751.13
2021-10-15,23.88,23.90,23.76,23.80,69700,1658814.13
2021-10-18,24.00,24.00,23.26,23.30,98500,2309869.00
2021-10-19,23.30,24.00,23.30,23.35,85100,2016804.13
2021-10-20,23.75,23.82,23.52,23.78,30100,713475.19
2021-10-21,23.41,24.30,23.41,24.18,169900,4097123.75
2021-10-22,23.51,24.30,23.51,24.09,79900,1907578.25
2021-10-25,23.62,24.10,23.60,23.75,97000,2306010.00
2021-10-26,23.54,23.69,23.00,23.27,143200,3346244.50
2021-10-27,23.03,23.54,22.85,23.28,61500,1418225.25
2021-10-28,23.03,23.35,21.98,22.06,187300,4150392.00
2021-10-29,22.60,22.70,22.10,22.61,41700,939952.88
2021-11-01,22.61,23.74,22.61,23.43,178200,4148196.25
2021-11-02,23.57,23.66,23.18,23.19,90400,2118333.25
2021-11-03,22.84,23.70,22.84,23.45,75000,1747284.88
2021-11-04,23.62,24.78,23.42,24.51,287800,6973671.00
2021-11-05,24.78,24.78,24.06,24.29,193900,4749961.50
2021-11-08,25.00,25.30,24.69,25.08,416300,10424052.00
2021-11-09,25.61,25.61,25.00,25.22,206200,5201633.00
2021-11-10,25.22,25.56,25.20,25.45,166700,4232831.00
2021-11-11,25.54,26.00,25.30,25.82,378800,9721672.00
2021-11-12,25.88,26.66,25.79,26.55,516900,13573408.00
2021-11-15,27.70,31.72,26.07,26.95,3063800,86865760.00
2021-11-16,26.90,26.90,25.00,25.70,1021600,26346156.00
2021-11-17,25.35,26.50,25.35,25.96,552900,14270667.00
2021-11-18,25.81,26.28,25.12,25.31,458400,11739949.00
2021-11-19,25.63,25.90,24.81,25.15,369500,9281812.00
2021-11-22,25.17,25.19,24.66,25.00,304900,7596597.50
2021-11-23,24.82,25.50,24.82,25.40,509000,12923391.00
2021-11-24,25.30,25.49,23.90,24.70,395500,9841690.00
2021-11-25,24.60,24.79,24.19,24.44,279700,6832787.50
2021-11-26,24.38,24.38,24.05,24.18,252300,6096988.00
2021-11-29,24.28,24.38,23.95,24.09,255300,6166922.50
2021-11-30,24.36,24.36,23.55,23.61,373300,8875666.00
2021-12-01,23.56,23.58,22.98,23.35,348800,8073716.50
2021-12-02,23.35,24.30,23.19,24.13,251600,5987114.00
2021-12-03,24.01,24.15,23.49,23.79,189200,4545577.50
2021-12-06,23.77,24.28,22.83,22.83,229800,5336260.50
2021-12-07,23.39,23.39,22.71,22.97,141400,3231964.00
2021-12-08,23.00,23.05,22.82,22.97,124100,2853367.00
2021-12-09,23.02,23.36,22.81,23.14,125800,2903884.25
2021-12-10,22.92,23.26,22.51,23.09,119900,2753632.25
2021-12-13,23.85,23.85,22.79,23.48,401100,9357170.00
2021-12-14,23.60,24.90,23.60,24.36,564100,13754065.00
2021-12-15,24.36,24.77,23.54,23.73,302000,7226166.50
2021-12-16,23.99,23.99,23.50,23.70,93000,2200061.50
2021-12-17,23.75,23.75,23.43,23.50,115200,2710710.75
2021-12-20,23.37,25.67,23.37,25.19,975100,24186514.00
2021-12-21,25.23,26.98,24.80,25.02,803000,20809484.00
2021-12-22,24.45,25.48,23.88,24.56,573900,14001399.00
2021-12-23,24.48,24.49,23.85,23.92,403900,9724715.00
2021-12-24,24.00,24.96,24.00,24.78,616500,15163166.00
2021-12-27,24.30,25.25,24.24,25.16,455400,11321604.00
2021-12-28,25.35,25.48,24.71,25.09,454300,11387462.00
2021-12-29,25.20,25.39,24.72,24.80,291500,7291491.50
2021-12-30,24.88,27.34,24.83,27.18,1713100,45200372.00
2021-12-31,26.66,28.00,26.06,27.38,1541100,41882884.00
2022-01-04,27.67,27.88,26.33,26.50,727200,19500694.00
2022-01-05,27.34,27.34,25.31,25.51,586100,15208487.00
2022-01-06,25.42,25.80,24.90,25.75,383000,9697230.00
2022-01-07,25.61,25.94,25.19,25.19,291700,7454890.00
2022-01-10,25.95,26.60,25.33,25.56,346106,9002113.00
2022-01-11,25.86,25.87,24.74,24.80,567246,14217418.00
2022-01-12,24.83,25.48,24.56,25.03,239772,6007072.50
2022-01-13,25.28,26.37,25.21,25.52,336925,8711081.00
2022-01-14,25.55,26.44,24.94,26.44,813183,21052690.00
2022-01-17,26.29,27.50,26.20,26.83,722151,19427772.00
2022-01-18,27.26,27.28,25.76,26.06,402801,10543162.00
2022-01-19,25.75,26.48,25.52,25.79,277938,7157284.50
2022-01-20,25.43,26.55,25.40,26.30,501764,13130395.00
2022-01-21,26.84,32.45,26.84,27.81,1973330,57192760.00
2022-01-24,26.60,27.30,25.00,25.57,1127937,29021588.00
2022-01-25,25.50,25.90,24.82,24.91,634573,15949619.00
2022-01-26,24.65,25.40,24.64,24.98,266022,6636646.50
2022-01-27,24.84,25.17,24.66,24.69,189848,4722156.00
2022-01-28,24.99,25.40,24.70,25.40,207082,5186329.50
2022-02-07,25.65,25.90,25.01,25.02,149359,3798756.25
2022-02-08,25.09,25.44,24.71,24.82,217061,5415983.00
2022-02-09,24.81,25.28,24.80,25.04,101199,2528628.25
2022-02-10,24.82,25.12,24.70,24.84,165955,4132891.75
2022-02-11,24.81,24.85,24.10,24.16,293363,7161433.00
2022-02-14,24.06,24.67,24.01,24.30,147620,3571373.00
2022-02-15,24.30,24.53,24.00,24.35,163025,3925485.50
2022-02-16,24.61,24.61,24.02,24.31,111235,2690880.50
2022-02-17,24.03,24.13,23.15,23.58,542052,12911701.00
2022-02-18,23.40,23.90,23.37,23.79,63808,1510998.25
2022-02-21,23.70,23.70,23.18,23.44,305152,6570722.00
2022-02-22,23.20,23.20,22.24,22.45,214891,4866315.00
2022-02-23,22.59,22.95,22.43,22.95,85686,1946753.38
2022-02-24,22.84,23.21,22.00,22.08,165916,3731083.25
2022-02-25,22.65,22.88,22.24,22.58,98487,2223601.75
2022-02-28,22.11,22.44,22.03,22.25,115240,2559838.75
2022-03-01,22.18,22.68,22.18,22.60,83862,1883146.00
2022-03-02,23.15,23.15,22.00,22.48,70459,1575913.50
2022-03-03,22.77,22.77,22.33,22.45,43090,967683.25
2022-03-04,22.22,22.64,22.12,22.38,90711,2021899.25
2022-03-07,22.58,22.60,22.26,22.48,134707,3019343.00
2022-03-08,22.44,22.48,22.07,22.08,108145,2394509.25
2022-03-09,22.55,22.55,21.01,21.15,181190,3910212.75
2022-03-10,21.66,21.67,21.22,21.29,164217,3499139.00
2022-03-11,20.71,21.75,20.71,21.35,298202,6284735.50
2022-03-14,21.65,22.01,21.03,21.22,156402,3381935.50
2022-03-15,21.29,21.29,19.80,19.93,219712,4460967.50
2022-03-16,20.27,20.27,18.59,19.48,332022,6379824.00
2022-03-17,19.48,20.89,19.36,19.69,339943,6779077.00
2022-03-18,19.80,19.80,19.40,19.60,227442,4445043.50
2022-03-21,19.50,19.73,19.21,19.55,299955,5870548.50
2022-03-22,19.65,19.73,19.37,19.54,108784,2131318.25
2022-03-23,19.55,19.85,19.50,19.77,148023,2910010.00
2022-03-24,19.77,19.82,19.30,19.48,140583,2740916.25
2022-03-25,19.57,19.99,19.45,19.71,176645,3484485.25
2022-03-28,20.20,20.20,19.58,19.75,164974,3268711.75
2022-03-29,19.75,19.78,18.73,18.73,205756,3956852.50
2022-03-30,19.77,19.77,18.89,19.12,71383,1358881.75
2022-03-31,19.30,19.68,18.90,19.10,157875,3019663.00
2022-04-01,19.30,19.30,18.52,18.84,282030,5317952.50
2022-04-06,18.89,18.89,18.67,18.84,400916,7392276.50
2022-04-07,18.87,18.95,18.11,18.44,117429,2175782.75
2022-04-08,18.13,18.80,17.40,17.58,429556,7621955.00
2022-04-11,17.48,17.85,17.06,17.11,138388,2396661.25
2022-04-12,17.03,17.47,16.95,17.04,172852,2946170.50
2022-04-13,17.00,17.32,16.21,16.30,385839,6396220.50
2022-04-14,16.21,16.21,15.30,15.77,556372,8672776.00
2022-04-15,15.32,15.88,15.32,15.87,79715,1254032.88
2022-04-18,16.00,16.95,15.54,16.58,275335,4584958.50
2022-04-19,16.24,16.82,16.24,16.40,89900,1493943.25
2022-04-20,16.29,16.43,16.15,16.17,83801,1359077.13
2022-04-21,15.88,16.50,15.24,15.32,153088,2385612.50
2022-04-22,15.32,15.94,15.32,15.71,63325,980918.56
2022-04-25,15.88,15.88,15.11,15.40,94420,1472480.38
2022-04-26,15.35,16.29,15.22,15.25,94189,1474044.50
2022-04-27,15.25,16.08,15.25,15.78,66024,1030617.19
2022-04-28,15.89,15.94,15.49,15.62,120969,1893788.13
2022-04-29,15.45,18.48,15.45,17.50,527872,9036113.00
2022-05-05,17.24,19.68,16.73,19.03,851693,15791177.00
2022-05-06,18.08,19.05,17.70,18.20,535092,9823881.00
2022-05-09,17.92,18.90,17.92,18.38,423347,7856876.00
2022-05-10,18.07,18.43,17.90,18.15,364581,6627735.00
2022-05-11,18.30,19.49,18.20,18.43,380498,7139359.50
2022-05-12,18.30,18.48,17.80,18.16,276210,4990734.00
2022-05-13,18.09,18.61,17.81,18.30,160977,2914567.50
2022-05-16,18.91,20.49,18.91,20.03,991462,19732070.00
2022-05-17,19.63,20.20,19.15,19.39,501604,9751953.00
2022-05-18,19.24,19.99,19.24,19.46,307692,6041194.50
2022-05-19,19.24,19.66,19.02,19.20,214972,4130409.50
2022-05-20,19.57,19.57,18.80,18.84,295351,5604016.50
2022-05-23,18.68,18.70,17.73,18.27,277172,5065827.00
2022-05-24,18.21,19.18,18.00,18.16,226995,4241541.00
2022-05-25,18.47,18.47,18.06,18.20,149459,2713123.00
2022-05-26,18.20,18.45,17.79,18.08,148840,2678070.00
2022-05-27,18.11,18.41,17.50,17.59,196033,3511166.25
2022-05-30,17.96,17.96,17.03,17.24,130794,2261166.75
2022-05-31,17.27,17.36,17.00,17.34,91762,1579178.25
2022-06-01,17.38,17.77,17.28,17.48,121982,2136902.00
2022-06-02,17.80,17.80,17.05,17.39,232756,4018684.50
2022-06-06,17.58,17.85,17.17,17.76,278862,4871283.00
2022-06-07,17.80,18.65,17.77,18.46,209967,3818348.25
2022-06-08,18.65,18.70,17.88,18.21,156558,2845210.75
2022-06-09,18.40,18.40,17.00,17.62,88739,1569584.13
2022-06-10,17.80,17.85,17.26,17.53,116858,2052243.50
2022-06-13,17.65,17.76,17.22,17.51,82465,1443810.25
2022-06-14,17.74,17.74,17.00,17.36,177135,3036488.50
2022-06-15,17.51,17.51,17.10,17.31,237640,4016086.75
2022-06-16,17.15,17.41,17.07,17.23,121591,2088139.25
2022-06-17,17.00,17.49,16.87,17.23,213497,3633540.75
2022-06-20,16.92,17.39,16.92,17.11,70264,1206829.13
2022-06-21,16.94,17.28,16.94,17.07,129739,2216735.50
2022-06-22,16.92,17.32,16.92,17.04,110377,1887360.13
2022-06-23,17.27,17.27,16.98,17.21,133093,2272507.75
2022-06-24,17.10,17.29,16.99,17.19,202872,3460202.50
2022-06-27,17.38,17.38,17.07,17.34,251854,4265095.00
2022-06-28,17.50,17.50,17.12,17.50,364293,6232015.50
2022-06-29,17.60,17.70,17.20,17.28,207267,3617792.50
2022-06-30,17.55,17.55,17.05,17.12,127793,2199762.50
2022-07-01,17.33,17.33,16.74,16.89,240337,4070135.25
2022-07-04,16.98,17.03,16.73,17.03,125377,2126006.50
2022-07-05,16.88,17.27,16.88,17.07,80156,1360843.88
2022-07-06,16.93,17.22,16.93,17.22,58907,1004433.19
2022-07-07,17.44,17.48,17.27,17.48,244309,4158241.75
2022-07-08,17.60,17.60,17.06,17.34,135921,2374169.00
2022-07-11,17.47,17.47,17.21,17.34,110575,1922825.50
2022-07-12,17.50,17.50,16.50,16.69,155280,2613852.00
2022-07-13,16.59,16.95,16.50,16.80,123595,2057045.63
2022-07-14,16.66,16.88,16.60,16.83,25321,423740.69
2022-07-15,16.65,16.95,16.52,16.83,58794,985564.69
2022-07-18,17.18,17.18,16.66,16.94,42585,717464.56
2022-07-19,17.10,17.15,16.88,17.01,19024,322304.84
2022-07-20,16.83,17.11,16.83,16.97,51843,874509.13
2022-07-21,17.03,17.16,16.80,16.88,105730,1784592.63
2022-07-22,16.79,17.00,16.76,16.89,95980,1617881.63
2022-07-25,16.98,16.98,16.66,16.89,49929,839681.94
2022-07-26,16.88,16.97,16.70,16.95,71166,1193421.25
2022-07-27,16.74,16.99,16.74,16.88,80830,1365760.88
2022-07-28,16.83,16.95,16.80,16.91,57750,972367.63
2022-07-29,17.25,17.25,16.84,16.96,12765,216428.38
2022-08-01,16.72,16.97,16.71,16.97,30832,518405.84
2022-08-02,16.75,17.14,16.24,16.53,105855,1750705.25
2022-08-03,16.70,16.70,16.26,16.43,102773,1691673.25
2022-08-04,16.57,16.57,16.11,16.26,46499,757074.94
2022-08-05,16.22,16.37,16.12,16.35,57039,926429.88
2022-08-08,16.40,16.55,16.29,16.36,35500,582116.00
2022-08-09,16.21,16.63,16.21,16.43,43173,711227.63
2022-08-10,16.31,16.55,16.31,16.43,58012,953420.06
2022-08-11,16.44,16.76,16.44,16.76,65774,1099217.88
2022-08-12,16.34,17.28,16.34,17.10,338438,5740006.00
2022-08-15,17.10,17.12,16.61,16.83,198422,3341629.25
2022-08-16,17.30,17.30,16.73,16.83,189742,3145274.50
2022-08-17,16.83,16.83,15.80,16.45,627427,10103086.00
2022-08-18,16.39,16.39,15.95,16.23,124506,2001626.25
2022-08-19,15.91,16.50,15.91,16.20,61788,993991.31
2022-08-22,16.48,16.48,16.01,16.20,28176,455049.22
2022-08-23,16.09,16.18,15.89,16.11,78228,1249057.63
2022-08-24,15.92,16.31,15.60,15.80,122800,1935766.13
2022-08-25,15.94,15.96,15.72,15.82,32666,517107.81
2022-08-26,15.81,15.98,15.80,15.94,21569,341672.25
2022-08-29,16.00,16.00,15.39,15.87,96568,1514068.25
2022-08-30,15.78,15.82,15.56,15.81,81620,1274844.63
2022-08-31,15.56,16.01,15.50,15.75,54131,841434.69
2022-09-01,15.63,15.92,15.50,15.86,24310,380359.22
2022-09-02,15.62,15.88,15.61,15.86,15932,251317.31
2022-09-05,15.61,15.93,15.61,15.84,42438,666789.75
2022-09-06,15.52,15.84,15.52,15.80,15057,236702.42
2022-09-07,16.10,16.10,15.65,15.80,29606,466256.75
2022-09-08,15.68,15.95,15.60,15.82,60564,952136.75
2022-09-09,15.71,15.80,15.40,15.77,6287,98203.22
2022-09-13,15.80,15.80,15.60,15.80,58629,917847.31
2022-09-14,15.68,15.79,15.30,15.77,18500,286875.16
2022-09-15,15.77,15.77,15.30,15.54,59097,909532.50
2022-09-16,15.65,15.89,15.40,15.62,73370,1148685.00
2022-09-19,15.66,15.84,15.17,15.43,63190,978187.56
2022-09-20,15.23,15.55,15.23,15.42,44901,689721.19
2022-09-21,15.59,16.50,15.16,15.95,156059,2494754.00
2022-09-22,15.81,16.28,15.72,15.78,80905,1290202.13
2022-09-23,15.65,15.65,15.13,15.14,135209,2067001.38
2022-09-26,15.15,15.20,14.70,14.98,90949,1366344.25
2022-09-27,14.82,15.09,14.72,15.06,61743,922025.06
2022-09-28,15.17,15.17,14.81,15.11,23168,346476.16
2022-09-29,14.86,15.10,14.68,14.91,33365,493509.19
2022-09-30,14.88,14.88,14.60,14.78,37694,555185.25
2022-10-10,15.00,15.00,14.26,14.73,8749,127857.69
2022-10-11,15.18,15.18,14.28,14.64,21639,312697.38
2022-10-12,14.63,14.63,14.35,14.60,64819,937620.38
2022-10-13,14.36,14.78,14.30,14.72,45430,662063.88
2022-10-14,14.81,15.10,14.64,15.07,67744,1012797.00
2022-10-17,14.81,15.08,14.81,15.01,30061,448202.44
2022-10-18,15.06,16.00,15.06,15.58,166631,2615035.75
2022-10-19,15.10,15.78,15.10,15.20,66826,1021164.00
2022-10-20,15.53,15.53,15.00,15.23,42990,656101.75
2022-10-21,15.08,15.23,15.02,15.23,37050,558413.50
2022-10-24,15.55,15.55,14.69,15.29,49963,759316.88
2022-10-25,14.73,15.21,14.73,15.06,28011,423315.00
2022-10-26,14.63,15.29,14.63,15.20,54542,826127.13
2022-10-27,14.70,15.45,14.70,15.16,29751,445633.13
2022-10-28,15.16,15.39,14.62,14.99,33217,495884.53
2022-10-31,14.63,15.00,14.28,14.69,67481,990349.38
2022-11-01,14.52,14.93,14.52,14.76,75029,1103306.25
2022-11-02,14.71,15.96,14.71,15.50,316538,4903966.00
2022-11-03,15.21,15.68,15.06,15.32,86081,1323085.00
2022-11-04,15.47,15.50,15.17,15.50,60090,924533.00
2022-11-07,15.97,15.97,15.46,15.70,268425,4226245.00
2022-11-08,15.66,15.67,15.42,15.53,55598,864977.13
2022-11-09,15.28,16.46,15.23,16.17,307821,4933004.00
2022-11-10,16.59,19.12,16.51,19.00,1751228,31646006.00
2022-11-11,18.80,20.45,17.85,17.85,1592610,30306028.00
2022-11-14,17.17,18.47,17.17,17.80,820881,14537612.00
2022-11-15,17.89,17.90,17.20,17.48,625622,10940063.00
2022-11-16,17.48,17.55,17.01,17.26,362887,6249137.00
2022-11-17,17.24,17.48,17.07,17.07,267343,4597595.00
2022-11-18,17.06,18.28,17.06,17.68,368907,6500067.00
2022-11-21,17.70,19.50,17.65,18.59,744036,13724120.00
2022-11-22,18.28,19.10,17.74,18.00,332364,6017741.00
2022-11-23,18.16,18.85,17.88,18.11,317371,5770618.50
2022-11-24,17.90,18.50,17.90,18.35,286959,5247706.50
2022-11-25,18.92,19.10,18.20,19.05,671578,12561223.00
2022-11-28,19.00,19.77,18.82,19.19,646356,12288176.00
2022-11-29,19.24,19.40,18.88,19.04,569140,10866528.00
2022-11-30,18.93,19.17,18.50,18.84,381374,7153443.50
2022-12-01,18.92,19.05,18.25,18.56,382728,7077306.00
2022-12-02,18.31,18.77,18.25,18.65,124825,2300401.75
2022-12-05,18.68,18.75,18.27,18.46,224243,4134734.00
2022-12-06,18.59,18.59,17.59,18.01,283133,5134019.00
2022-12-07,18.01,18.01,17.58,17.79,224356,3978428.50
2022-12-08,17.88,17.99,17.50,17.94,152532,2695757.75
2022-12-09,17.68,18.29,17.68,18.14,132935,2393656.25
2022-12-12,18.04,18.45,18.04,18.21,134096,2440025.25
2022-12-13,18.04,18.30,17.60,17.94,208664,3710655.50
2022-12-14,17.67,17.86,17.54,17.70,141942,2503229.50
2022-12-15,17.69,17.88,17.57,17.74,56989,1007014.63
2022-12-16,17.96,18.96,17.58,18.95,535884,9907714.00
2022-12-19,18.95,18.95,18.00,18.44,347892,6408410.00
2022-12-20,17.60,18.58,17.60,18.22,160009,2922871.75
2022-12-21,18.38,18.65,17.93,18.13,122942,2237020.75
2022-12-22,17.80,18.49,17.67,17.82,146518,2608525.50
2022-12-23,17.97,17.97,17.30,17.37,204031,3552506.75
2022-12-26,17.19,17.28,16.64,17.15,198757,3358108.00
2022-12-27,17.50,17.50,16.70,16.87,182293,3067592.75
2022-12-28,17.07,17.07,16.80,16.99,36294,613524.69
2022-12-29,17.03,17.34,16.76,17.12,52086,885702.69
2022-12-30,17.27,17.27,16.82,17.02,78553,1330721.00
2023-01-03,17.03,17.23,16.83,17.08,123066,2088177.50
2023-01-04,17.28,17.28,16.70,17.08,180034,3027079.00
2023-01-05,17.18,17.26,16.85,17.12,95938,1632230.00
2023-01-06,17.13,17.28,16.94,17.23,114633,1967140.88
2023-01-09,17.04,17.45,16.91,17.41,80341,1378289.25
2023-01-10,17.47,17.47,17.16,17.44,109369,1893577.75
2023-01-11,17.48,17.48,16.76,17.33,165166,2839328.25
2023-01-12,17.46,17.46,16.99,16.99,50999,873861.69
2023-01-13,16.85,17.29,16.85,17.18,81385,1381530.25
2023-01-16,17.18,17.47,16.96,17.32,50197,866093.31
2023-01-17,17.16,17.35,17.01,17.15,44777,769926.25
2023-01-18,17.07,17.25,17.00,17.14,78820,1343677.50
2023-01-19,16.89,17.33,16.89,17.20,91718,1570832.75
2023-01-20,17.19,17.32,17.16,17.19,91924,1587998.88
2023-01-30,17.25,17.38,17.00,17.04,78430,1345511.13
2023-01-31,17.08,17.34,16.89,17.29,1056913,13979312.00
2023-02-01,17.27,17.53,17.20,17.35,170132,2945293.75
2023-02-02,17.22,17.45,17.18,17.36,1068880,13685221.00
2023-02-03,17.39,17.44,17.26,17.38,969326,12428314.00
2023-02-06,17.22,17.43,17.00,17.33,85869,1478889.25
2023-02-07,17.38,17.38,17.06,17.29,75787,1301591.13
2023-02-08,17.23,17.31,17.10,17.20,30136,518344.84
2023-02-09,17.08,17.33,17.08,17.18,55126,946710.00
2023-02-10,17.34,17.34,17.10,17.21,25787,443023.97
2023-02-13,17.35,17.43,17.26,17.33,62654,1086112.00
2023-02-14,17.47,17.47,17.17,17.32,46278,803260.63
2023-02-15,17.32,17.32,16.47,16.95,1365472,16993420.00
2023-02-16,17.05,17.09,16.50,16.70,109977,1843955.13
2023-02-17,16.53,16.70,16.51,16.52,74134,1227889.88
2023-02-20,16.58,17.36,16.50,16.93,36651,618071.44
2023-02-21,16.87,17.01,16.87,16.99,37328,633352.69
2023-02-22,16.80,17.01,16.80,16.94,13455,227233.20
2023-02-23,16.88,17.05,16.80,16.86,38364,646728.75
2023-02-24,16.88,16.88,16.53,16.77,26769,448366.59
2023-02-27,16.70,16.70,16.18,16.45,124386,2033257.00
2023-02-28,16.14,16.72,16.14,16.52,54977,905337.56
2023-03-01,16.21,16.55,16.21,16.41,42121,692988.81
2023-03-02,16.41,16.94,16.40,16.40,68841,1139106.50
2023-03-03,16.43,16.56,16.30,16.47,18289,299721.16
2023-03-06,16.63,16.64,16.29,16.35,26222,429846.13
2023-03-07,16.24,16.48,16.06,16.06,43959,710770.19
2023-03-08,16.01,16.01,15.90,15.90,61255,977182.00
2023-03-09,15.90,15.90,15.61,15.73,66720,1047715.63
2023-03-10,15.64,16.14,15.62,15.81,32368,508263.66
2023-03-13,15.82,15.82,15.06,15.68,48529,752694.69
2023-03-14,16.10,16.10,15.31,15.65,23022,356223.31
2023-03-15,15.36,15.87,15.30,15.58,62246,961107.50
2023-03-16,15.58,15.58,15.39,15.51,11693,180747.17
2023-03-17,15.40,15.51,15.35,15.51,39269,605135.50
2023-03-20,15.34,15.66,15.34,15.51,47130,728630.13
2023-03-21,15.25,15.56,15.25,15.51,45167,698571.75
2023-03-22,15.37,15.67,15.35,15.50,96166,1481592.38
2023-03-23,15.42,15.61,15.36,15.38,387194,4599985.50
2023-03-24,15.34,15.52,15.20,15.31,116973,1784873.50
2023-03-27,15.32,15.52,15.27,15.35,18350,281321.66
2023-03-28,15.55,15.55,15.25,15.27,30404,467064.75
2023-03-29,15.28,15.48,15.15,15.31,29539,451685.66
2023-03-30,15.10,15.22,15.00,15.18,78698,1188471.63
2023-03-31,15.04,15.27,15.04,15.20,18420,279709.63
2023-04-03,15.05,15.23,15.05,15.20,37458,567627.69
2023-04-04,15.30,15.36,15.10,15.14,38384,583633.13
2023-04-06,15.08,15.32,15.05,15.08,27607,417122.50
2023-04-07,15.25,15.30,15.10,15.30,38976,594267.31
2023-04-10,15.32,15.38,15.11,15.29,30468,466542.31
2023-04-11,15.06,15.28,15.04,15.17,34253,518838.41
2023-04-12,15.20,15.20,15.06,15.12,44258,669155.25
2023-04-13,15.10,15.18,15.05,15.14,70414,1062888.38
2023-04-14,15.24,15.27,15.15,15.23,638707,6925589.00
2023-04-17,15.22,15.38,15.16,15.26,55203,840969.50
2023-04-18,15.24,15.50,15.12,15.19,50967,775947.44
2023-04-19,15.13,15.18,14.55,15.09,80194,1204134.63
2023-04-20,15.09,15.23,15.00,15.06,38854,584991.13
2023-04-21,14.85,15.21,14.85,15.18,47312,706504.13
2023-04-24,15.05,15.33,15.02,15.07,43625,659453.06
2023-04-25,14.85,15.15,14.85,15.05,22103,331253.53
2023-04-26,15.09,15.09,14.94,14.99,85270,1278853.25
2023-04-27,14.99,15.07,14.80,14.93,74186,1102957.75
2023-04-28,14.89,15.09,14.85,14.98,116784,1315989.50
2023-05-04,14.99,15.10,14.97,15.06,59669,894669.88
2023-05-05,14.97,15.70,14.97,15.51,159531,2451685.00
2023-05-08,15.50,17.48,15.50,17.29,728983,12242469.00
2023-05-09,17.40,17.63,16.71,17.00,232755,3968169.75
2023-05-10,17.52,17.52,16.11,16.27,184990,3029473.50
2023-05-11,16.07,16.59,16.07,16.51,41900,689303.63
2023-05-12,16.16,16.68,16.16,16.50,127734,2110048.75
2023-05-15,16.67,16.68,16.24,16.56,53565,882028.25
2023-05-16,16.68,16.69,16.38,16.60,44295,733281.56
2023-05-17,16.41,16.65,16.36,16.60,22149,366942.44
2023-05-18,16.36,16.43,16.27,16.40,41620,680953.75
2023-05-19,16.06,16.58,16.06,16.25,49747,815597.06
2023-05-22,16.40,16.66,16.30,16.60,75648,1248595.38
2023-05-23,16.38,16.67,16.38,16.57,44741,740252.88
2023-05-24,16.60,16.60,16.35,16.53,46400,764076.06
2023-05-25,16.30,16.66,16.29,16.57,65052,1073809.13
2023-05-26,16.65,16.69,16.49,16.61,52531,873101.75
2023-05-29,16.50,16.67,16.42,16.61,44767,739956.31
2023-05-30,16.65,16.65,16.44,16.47,40823,675378.06
2023-05-31,16.37,16.57,16.20,16.53,123581,2036626.00
2023-06-01,16.49,16.50,16.36,16.36,60678,994257.81
2023-06-02,16.21,16.44,16.21,16.44,63304,1037395.00
2023-06-05,16.30,16.45,16.29,16.39,37771,620062.44
2023-06-06,16.10,16.49,16.10,16.30,40165,655991.44
2023-06-07,16.30,16.37,15.70,16.18,35906,577023.25
2023-06-08,16.12,16.20,15.69,15.99,54836,868719.63
2023-06-09,15.90,15.90,15.51,15.69,149721,2336996.25
2023-06-12,16.22,16.22,15.30,15.42,58869,913611.38
2023-06-13,15.95,15.95,15.30,15.53,47016,727766.75
2023-06-14,15.55,15.55,15.36,15.44,50546,782900.31
2023-06-15,15.60,17.03,15.59,16.16,208866,3453095.50
2023-06-16,16.43,16.43,16.02,16.19,73470,1187137.88
2023-06-19,16.02,16.36,15.71,16.09,119122,1902942.50
2023-06-20,16.08,16.08,15.70,15.73,41131,651940.50
2023-06-21,15.79,16.12,15.79,16.00,60075,955933.13
2023-06-26,15.91,15.91,15.61,15.75,48712,763706.63
2023-06-27,16.37,16.37,15.90,16.09,22908,371771.81
2023-06-28,15.92,16.13,15.89,16.07,61837,992799.69
2023-06-29,16.10,16.16,15.97,16.13,33207,533715.31
2023-06-30,16.22,16.22,16.05,16.16,18678,301278.28
2023-07-03,15.81,16.19,15.81,16.12,16991,271920.31
2023-07-04,16.03,16.15,16.03,16.15,22592,363294.97
2023-07-05,16.36,16.37,16.03,16.03,26831,432104.50
2023-07-06,15.68,16.25,15.68,16.06,25960,414684.25
2023-07-07,16.06,16.08,16.00,16.07,13740,220343.45
2023-07-10,16.05,16.16,16.05,16.10,35350,568708.13
2023-07-11,16.09,16.10,15.90,15.93,25770,410936.34
2023-07-12,15.87,16.00,15.80,15.85,33846,538068.88
2023-07-13,15.90,15.90,15.75,15.89,24290,385342.09
2023-07-14,15.75,15.90,15.68,15.80,20172,317807.13
2023-07-17,15.71,15.89,15.60,15.77,22128,347196.88
2023-07-18,15.70,15.96,15.62,15.79,15720,247242.38
2023-07-19,15.62,15.88,15.59,15.61,25890,404619.38
2023-07-20,15.87,15.87,15.57,15.70,12507,195602.27
2023-07-21,15.52,15.80,15.50,15.55,8576,133675.52
2023-07-24,15.78,15.78,15.41,15.54,29901,463766.75
2023-07-25,15.57,16.05,15.57,15.77,16915,265205.56
2023-07-26,15.99,15.99,15.02,15.79,25563,402235.47
2023-07-27,15.25,15.89,15.24,15.70,12588,196327.66
2023-07-28,15.89,15.89,15.51,15.68,15001,234346.56
2023-07-31,15.69,15.99,15.60,15.85,22756,361432.34
2023-08-01,15.73,15.96,15.70,15.80,31428,496141.81
2023-08-02,15.86,15.90,15.70,15.80,9950,157472.38
2023-08-03,15.38,15.92,15.38,15.79,5390,85190.11
2023-08-04,15.97,15.97,15.58,15.75,15089,237409.89
2023-08-07,15.70,15.79,15.60,15.76,8815,138634.63
2023-08-08,15.59,15.83,15.58,15.72,21207,332039.38
2023-08-09,15.71,15.77,15.52,15.60,25743,401172.53
2023-08-10,15.48,15.95,15.48,15.76,19434,304064.22
2023-08-11,15.84,15.84,15.55,15.70,40237,632795.75
2023-08-14,15.75,15.78,15.53,15.63,21713,340357.44
2023-08-15,15.51,15.62,15.06,15.58,30587,468231.88
2023-08-16,15.38,15.58,15.38,15.40,30056,463353.88
2023-08-17,15.67,15.67,15.33,15.55,36362,562982.69
2023-08-18,15.66,15.66,15.34,15.50,12731,196139.91
2023-08-21,15.33,15.53,15.09,15.27,23288,356326.63
2023-08-22,15.30,15.51,15.12,15.34,14487,220575.30
2023-08-23,15.33,15.39,15.10,15.12,31534,481363.28
2023-08-24,15.46,15.46,14.91,15.16,17517,263642.53
2023-08-25,15.36,15.36,14.91,15.18,18561,280165.59
2023-08-28,15.99,15.99,15.10,15.43,56753,879209.44
2023-08-29,15.15,15.49,15.13,15.44,44554,684517.31
2023-08-30,15.36,15.42,15.25,15.41,18413,282824.31
2023-08-31,15.30,15.48,15.30,15.41,24003,368975.03
2023-09-01,15.31,15.57,15.30,15.55,36633,568399.63
2023-09-04,15.71,15.93,15.71,15.86,149428,2371706.25
2023-09-05,15.95,15.95,15.59,15.75,73375,1154967.13
2023-09-06,15.62,15.69,15.40,15.50,80430,1246991.38
2023-09-07,15.28,15.59,15.20,15.35,72621,1111936.13
2023-09-08,15.25,15.43,15.15,15.35,71210,1084185.75
2023-09-11,15.45,15.45,15.26,15.42,27986,429534.13
2023-09-12,15.30,15.47,15.30,15.36,129441,1993639.75
2023-09-13,15.43,15.47,15.32,15.44,40305,620739.81
2023-09-14,15.40,15.45,15.33,15.36,16058,247592.81
2023-09-15,15.42,15.63,15.36,15.52,51727,800220.88
2023-09-18,15.46,15.59,15.31,15.54,65342,1013096.75
2023-09-19,15.53,15.60,15.41,15.57,58698,912017.50
2023-09-20,15.45,15.59,15.39,15.51,34420,532680.31
2023-09-21,15.40,15.50,15.36,15.48,31200,481926.41
2023-09-22,15.36,15.49,15.36,15.47,27275,420732.78
2023-09-25,15.49,15.49,15.37,15.39,32033,493530.38
2023-09-26,15.30,15.42,15.30,15.34,20154,308719.34
2023-09-27,15.32,15.43,15.30,15.40,15991,245579.41
2023-09-28,15.35,15.49,15.32,15.44,16519,254625.38
2023-10-09,15.31,15.45,15.25,15.40,5800,89131.94
2023-10-10,15.28,15.42,15.28,15.38,29242,447259.72
2023-10-11,15.28,15.43,15.28,15.43,25121,385960.22
2023-10-12,15.52,15.52,15.19,15.35,59967,918444.25
2023-10-13,15.35,15.35,15.19,15.30,18087,276175.50
2023-10-16,15.43,15.43,15.17,15.31,3676,56146.94
2023-10-17,15.15,15.30,15.15,15.23,26448,401471.78
2023-10-18,15.47,15.47,15.08,15.12,31073,471441.63
2023-10-19,15.22,15.22,14.97,15.00,34856,524542.25
2023-10-20,14.89,15.09,14.88,15.02,22138,330314.50
2023-10-23,14.87,15.08,14.75,14.89,22135,329198.44
2023-10-24,14.76,14.94,14.75,14.93,36277,538462.38
2023-10-25,14.86,15.07,14.86,15.01,24370,363407.03
2023-10-26,14.90,15.00,14.60,14.96,29904,443352.22
2023-10-27,15.09,15.23,14.60,15.22,48050,722622.13
2023-10-30,15.21,15.22,15.01,15.22,38383,581743.75
2023-10-31,15.08,15.26,15.08,15.22,17660,268659.66
2023-11-01,15.14,15.36,15.14,15.34,45923,700967.50
2023-11-02,15.21,15.42,15.20,15.30,34063,522411.94
2023-11-03,15.45,15.47,15.29,15.42,49710,763881.00
2023-11-06,15.46,15.56,15.33,15.54,35917,555039.00
2023-11-07,15.43,15.55,15.35,15.51,59924,927624.44
2023-11-08,15.65,15.98,15.55,15.60,198959,2609521.75
2023-11-09,15.60,15.75,15.28,15.63,173579,2243709.25
2023-11-10,15.49,15.52,15.33,15.52,137412,1617148.00
2023-11-13,15.62,15.62,15.41,15.50,21222,329053.25
2023-11-14,15.43,15.56,15.35,15.54,413556,4755735.50
2023-11-15,15.65,15.67,15.57,15.65,335947,3816483.00
2023-11-16,15.75,15.78,15.44,15.55,235774,2805065.50
2023-11-17,15.58,15.65,15.45,15.65,52297,813973.31
2023-11-20,15.74,15.91,15.48,15.88,150532,2363561.75
2023-11-21,15.88,19.74,15.87,18.01,2096134,38269568.00
2023-11-22,17.00,20.00,16.53,19.77,4156525,77345400.00
2023-11-23,19.60,20.88,18.18,18.44,3331832,65546632.00
2023-11-24,18.50,20.68,18.10,20.51,3261691,63700684.00
2023-11-27,21.00,22.98,19.82,22.50,5437515,119333192.00
2023-11-28,21.10,24.30,20.37,21.94,4238551,93637056.00
2023-11-29,21.08,22.00,20.12,20.20,2418256,51291072.00
2023-11-30,20.09,21.03,19.48,19.60,1416930,28392348.00
2023-12-01,19.80,20.65,19.00,19.15,1235458,24597642.00
2023-12-04,19.00,19.60,18.10,19.20,955009,18142510.00
2023-12-05,18.80,20.68,18.80,20.45,1744823,35221376.00
2023-12-06,20.26,20.80,19.68,19.83,1176471,23719358.00
2023-12-07,19.86,20.50,19.66,20.45,1178447,23944256.00
2023-12-08,20.20,21.90,20.03,21.58,2100712,44573364.00
2023-12-11,20.26,21.38,19.76,19.99,1431378,28946720.00
2023-12-12,19.66,20.38,19.63,19.99,841844,16769765.00
2023-12-13,20.19,21.20,20.00,20.84,1578501,32804240.00
2023-12-14,20.49,21.34,20.23,20.56,1594492,33319834.00
2023-12-15,20.22,20.90,19.80,20.30,841534,17031970.00
2023-12-18,20.30,20.90,20.22,20.84,1088918,22441474.00
2023-12-19,20.82,20.89,19.89,20.32,660129,13455888.00
2023-12-20,20.45,21.34,20.16,21.19,1476546,30939788.00
2023-12-21,21.20,21.75,18.50,19.53,1904244,39352704.00
2023-12-22,19.35,19.90,18.86,19.33,876236,16828776.00
2023-12-25,19.48,20.39,19.38,20.02,836757,16696654.00
2023-12-26,20.17,20.89,19.65,20.89,1468699,29819932.00
2023-12-27,20.70,22.21,20.53,21.78,2124412,46012172.00
2023-12-28,21.78,21.99,20.88,21.86,1361987,29099450.00
2023-12-29,21.72,22.18,21.51,21.84,1171051,25600574.00
2024-01-02,21.77,22.14,21.00,22.14,1469632,31879188.00
2024-01-03,21.96,23.50,21.96,22.38,1913298,43467332.00
2024-01-04,22.38,22.59,21.29,21.68,1077068,23398258.00
2024-01-05,21.68,21.89,20.84,21.06,946646,20185774.00
2024-01-08,20.99,21.38,20.26,20.26,798869,16716684.00
2024-01-09,20.45,20.67,19.30,19.70,664904,13333590.00
2024-01-10,19.56,20.59,19.56,20.24,447629,9030301.00
2024-01-11,20.41,20.68,20.06,20.40,359635,7361952.50
2024-01-12,20.23,20.61,18.82,19.10,527699,10390396.00
2024-01-15,19.30,19.40,18.04,18.05,440909,8192145.00
2024-01-16,18.23,18.85,17.11,18.77,1002682,18163698.00
2024-01-17,18.30,18.84,18.21,18.21,447835,8275733.50
2024-01-18,18.19,18.59,17.70,18.43,385447,6959822.00
2024-01-19,18.45,18.93,18.43,18.80,535925,10041449.00
2024-01-22,18.65,18.94,17.56,17.58,297810,5416472.00
2024-01-23,17.73,18.18,17.62,17.82,260122,4650709.50
2024-01-24,17.98,18.15,17.51,18.08,264791,4712674.50
2024-01-25,18.23,19.89,18.18,19.48,887185,17164658.00
2024-01-26,18.93,19.10,18.10,18.84,546222,10272799.00
2024-01-29,19.00,19.00,17.68,17.68,424481,7690615.50
2024-01-30,17.51,17.93,16.96,17.12,206860,3618225.00
2024-01-31,17.00,17.39,16.94,17.10,255986,4383962.50
2024-02-01,17.25,17.27,16.75,16.79,246606,4185229.50
2024-02-02,16.84,16.96,15.81,16.29,404417,6559058.00
2024-02-05,16.28,16.28,14.86,15.56,384877,5934948.50
2024-02-06,15.41,16.74,15.11,16.64,479367,7847944.00
2024-02-07,16.79,17.52,16.49,16.90,490477,8399816.00
2024-02-08,17.00,17.53,16.08,17.22,351441,5935398.00
2024-02-19,17.22,17.94,16.86,17.76,438344,7633634.00
2024-02-20,17.59,18.39,17.00,18.16,559924,10108971.00
2024-02-21,18.28,18.29,17.61,18.14,470313,8493695.00
2024-02-22,17.96,18.65,17.80,18.02,326006,5926552.00
2024-02-23,18.17,18.20,17.65,17.80,189127,3372958.25
2024-02-26,17.73,17.93,17.27,17.36,332727,5799440.50
2024-02-27,17.21,18.07,17.20,18.07,469853,8300242.00
2024-02-28,18.68,22.59,18.50,19.00,2144848,43674552.00
2024-02-29,18.58,19.46,18.54,19.31,1206486,22951876.00
2024-03-01,19.24,19.49,18.70,19.19,974605,18448516.00
2024-03-04,19.19,19.28,18.69,18.99,609145,11488912.00
2024-03-05,18.97,18.97,18.36,18.42,728479,13479942.00
2024-03-06,18.57,18.80,18.32,18.60,394980,7297715.50
2024-03-07,18.48,18.71,17.87,17.88,402658,7324945.50
2024-03-08,17.88,18.00,17.65,17.71,250627,4457561.50
2024-03-11,17.88,18.43,17.58,18.28,347017,6219564.50
2024-03-12,18.27,18.87,18.10,18.46,425982,7915614.50
2024-03-13,18.45,18.45,18.03,18.23,246205,4473348.50
2024-03-14,18.70,19.20,18.25,18.51,622070,11623078.00
2024-03-15,18.38,19.19,18.03,19.16,813677,15274242.00
2024-03-18,19.00,19.20,18.74,19.18,522478,9905178.00
2024-03-19,19.09,19.50,18.71,18.80,480196,9145012.00
2024-03-20,18.80,19.10,18.46,19.10,536449,10085003.00
2024-03-21,19.00,19.89,18.07,19.19,704857,13265351.00
2024-03-22,19.21,19.30,18.70,18.85,216927,4108573.50
2024-03-25,18.85,19.17,18.60,18.73,297886,5620059.00
2024-03-26,18.88,18.99,18.59,18.99,372364,6999844.50
2024-03-27,18.82,19.61,18.61,19.00,436213,8386785.00
2024-03-28,18.85,19.16,18.81,19.03,343423,6510340.00
2024-03-29,18.84,19.00,18.62,18.95,229810,4306976.50
2024-04-01,19.13,19.15,18.70,18.82,214848,4041530.00
2024-04-02,18.70,18.81,18.21,18.53,275342,5100640.50
2024-04-03,18.47,18.87,17.88,18.67,347226,6373945.00
2024-04-08,18.80,18.80,17.90,18.43,186633,3393515.25
2024-04-09,18.39,18.44,17.89,18.41,264215,4811021.50
2024-04-10,18.46,18.94,18.08,18.64,478270,8885722.00
2024-04-11,18.57,18.59,18.17,18.36,215282,3937218.00
2024-04-12,18.47,18.47,17.51,18.12,246200,4442777.50
2024-04-15,18.20,18.20,17.68,18.04,223754,4016170.25
2024-04-16,17.90,18.00,16.80,17.54,436164,7558387.50
2024-04-17,17.58,18.12,17.55,18.03,382506,6817105.50
2024-04-18,18.14,18.37,17.80,18.26,307322,5561697.00
2024-04-19,18.08,18.25,17.68,17.99,231690,4152422.50
2024-04-22,18.18,18.38,17.77,18.00,155204,2792984.75
2024-04-23,18.00,18.04,17.77,17.86,176368,3157464.50
2024-04-24,17.99,17.99,17.70,17.92,206684,3687855.00
2024-04-25,17.94,17.94,17.31,17.39,114895,2028353.38
2024-04-26,17.32,17.94,17.32,17.74,172257,3053911.50
2024-04-29,17.73,18.21,17.36,17.79,353383,6217628.50
2024-04-30,17.93,17.93,17.53,17.62,186706,3307111.50
2024-05-06,17.78,17.82,17.21,17.67,220108,3877608.00
2024-05-07,17.76,17.81,17.54,17.59,169829,2999380.75
2024-05-08,17.74,21.80,17.74,20.06,1943720,38537512.00
2024-05-09,18.80,19.47,18.76,19.28,1380900,26394956.00
2024-05-10,18.95,19.37,18.38,18.45,712935,13429382.00
2024-05-13,18.23,18.46,17.76,17.79,595720,10705616.00
2024-05-14,17.69,18.18,17.69,17.90,349203,6239982.00
2024-05-15,17.74,17.90,17.50,17.50,252925,4465050.00
2024-05-16,17.66,17.75,17.36,17.36,189043,3319347.00
2024-05-17,17.40,17.44,17.30,17.33,164904,2859704.00
2024-05-20,17.38,17.48,17.29,17.41,164666,2858802.50
2024-05-21,17.30,17.45,17.26,17.30,138338,2399026.50
2024-05-22,17.27,17.50,17.27,17.38,132426,2302115.25
2024-05-23,17.35,18.15,17.24,17.72,410090,7278783.50
2024-05-24,18.10,18.38,17.50,17.53,339760,6094571.50
2024-05-27,17.44,17.69,17.30,17.40,230631,4022545.75
2024-05-28,17.35,17.57,17.32,17.36,126991,2212233.75
2024-05-29,17.47,17.47,17.26,17.30,112148,1943590.50
2024-05-30,17.16,17.44,17.10,17.10,114398,1968390.25
2024-05-31,17.05,17.36,17.03,17.14,62699,1075594.25
2024-06-03,17.05,17.18,16.82,16.84,118465,2009963.88
2024-06-04,16.85,17.01,16.38,16.41,170543,2838529.25
2024-06-05,16.38,16.56,15.80,16.08,293293,4724429.00
2024-06-06,16.12,16.19,15.50,15.56,224576,3521363.50
2024-06-07,15.71,16.09,15.61,16.09,278568,4402999.50
2024-06-11,16.05,16.10,15.72,16.10,274924,4356468.00
2024-06-12,15.96,16.13,15.59,15.98,295597,4650707.00
2024-06-13,15.83,15.84,15.43,15.65,326285,5078467.50
2024-06-14,15.51,15.60,14.74,15.04,1011651,15144135.00
2024-06-17,14.94,14.94,14.22,14.30,594380,8610110.00
2024-06-18,14.30,14.54,14.17,14.37,170568,2445596.75
2024-06-19,14.28,14.67,14.13,14.61,267972,3875371.25
2024-06-20,14.61,14.88,14.40,14.55,276013,4050667.00
2024-06-21,14.49,14.84,14.41,14.83,232593,3421458.75
2024-06-24,14.69,14.69,14.23,14.24,201566,2909433.25
2024-06-25,14.24,14.40,14.13,14.17,185364,2634941.50
2024-06-26,14.29,14.65,14.07,14.65,140467,2016628.88
2024-06-27,14.69,14.69,14.35,14.43,54985,795899.56
2024-06-28,14.47,14.97,14.41,14.60,218950,3197369.50
2024-07-01,14.60,14.77,14.39,14.50,102148,1479883.50
2024-07-02,14.62,14.62,14.41,14.41,74267,1076228.88
2024-07-03,14.56,14.56,14.20,14.51,174001,2499679.25
2024-07-04,14.52,14.54,14.10,14.35,95218,1362372.00
2024-07-05,14.21,14.46,13.88,14.46,217888,3083141.75
2024-07-08,14.53,14.53,13.90,14.00,106953,1507064.00
2024-07-09,14.07,14.10,13.80,13.99,98039,1366703.63
2024-07-10,13.88,14.12,13.67,14.04,124177,1733018.13
2024-07-11,14.11,14.47,14.03,14.30,128256,1829853.13
2024-07-12,14.42,14.42,14.01,14.15,122169,1725653.13
2024-07-15,14.24,14.24,13.88,13.99,155055,2168385.50
2024-07-16,14.00,14.30,13.83,14.30,128246,1813273.50
2024-07-17,14.42,15.51,14.29,15.30,651039,9768704.00
2024-07-18,15.07,15.07,14.60,14.66,363280,5378911.00
2024-07-19,14.52,14.77,14.39,14.44,203080,2943907.00
2024-07-22,14.39,14.42,14.06,14.23,109805,1565523.50
2024-07-23,14.29,14.58,14.01,14.04,149447,2125380.50
2024-07-24,14.00,14.28,13.89,14.00,126136,1772722.75
2024-07-25,13.95,14.48,13.95,14.31,220843,3126039.75
2024-07-26,14.32,14.43,14.18,14.32,81031,1158050.63
2024-07-29,14.43,14.43,14.16,14.23,57325,815286.13
2024-07-30,14.09,14.42,14.09,14.32,117138,1673478.25
2024-07-31,14.35,14.65,14.23,14.61,197067,2852483.50
2024-08-01,14.72,14.86,14.58,14.58,189330,2790150.50
2024-08-02,14.56,15.22,14.56,14.73,746278,9176588.00
2024-08-05,14.88,14.88,14.13,14.27,181333,2639024.75
2024-08-06,14.41,14.79,14.10,14.51,226833,3289783.25
2024-08-07,14.64,14.72,14.48,14.56,84328,1230737.88
2024-08-08,14.58,14.98,14.45,14.85,296228,4390042.50
2024-08-09,14.80,14.80,14.61,14.65,155154,2281411.25
2024-08-12,14.70,15.48,14.69,15.35,727884,11073108.00
2024-08-13,15.30,15.34,14.86,15.07,347478,5212243.50
2024-08-14,14.98,14.98,14.70,14.71,173484,2567467.75
2024-08-15,14.74,14.96,14.55,14.72,241443,3544588.25
2024-08-16,14.81,14.81,14.50,14.69,131320,1923405.75
2024-08-19,14.83,14.83,14.55,14.64,59003,864400.44
2024-08-20,14.64,14.74,14.46,14.49,76914,1121919.75
2024-08-21,14.63,14.64,14.26,14.39,76495,1098593.25
2024-08-22,14.32,14.33,14.05,14.06,76069,1078519.75
2024-08-23,14.07,14.13,14.00,14.09,87523,1229043.25
2024-08-26,13.96,14.10,13.95,14.10,51568,722827.44
2024-08-27,14.23,14.23,14.02,14.16,63209,892612.44
2024-08-28,14.02,14.24,14.02,14.14,57881,818099.50
2024-08-29,14.04,14.22,13.96,14.22,91234,1289371.88
2024-08-30,14.18,14.55,14.12,14.43,137572,1982750.88
2024-09-02,14.50,14.79,14.38,14.39,154390,2246438.25
2024-09-03,14.30,14.39,14.15,14.21,133703,1900692.63
2024-09-04,14.08,14.25,14.08,14.16,97338,1380906.38
2024-09-05,14.10,14.20,14.09,14.16,42188,596396.69
2024-09-06,14.30,14.30,14.00,14.08,61481,866364.75
2024-09-09,14.40,15.99,14.40,15.13,1038318,15858783.00
2024-09-10,15.14,15.49,14.31,14.49,728393,10643890.00
2024-09-11,14.33,14.46,14.11,14.18,291267,4137437.00
2024-09-12,14.09,14.50,14.09,14.13,185109,2633432.75
2024-09-13,14.07,14.38,14.05,14.26,257194,3654479.75
2024-09-18,14.15,14.24,13.75,13.80,227922,3179880.75
2024-09-19,13.89,14.01,13.76,13.97,111625,1552437.25
2024-09-20,13.95,14.06,13.84,14.03,181088,2521525.00
2024-09-23,14.05,14.05,13.67,13.87,145080,2011696.88
2024-09-24,13.97,14.32,13.77,14.29,383272,5399491.00
2024-09-25,14.43,14.61,14.25,14.32,312405,4513972.00
2024-09-26,14.35,14.54,14.20,14.48,209063,2999701.75
2024-09-27,14.63,15.64,14.52,15.49,944040,14354839.00
2024-09-30,15.96,18.36,15.75,18.01,1839855,31432746.00
2024-10-08,22.00,22.66,18.87,20.89,2935802,60137140.00
2024-10-09,19.88,20.05,18.22,18.22,1369911,26346064.00
2024-10-10,18.46,19.29,18.30,18.32,763910,14293121.00
2024-10-11,18.04,18.21,16.00,16.86,673194,11520345.00
2024-10-14,16.96,17.37,16.72,17.32,413014,7075273.50
2024-10-15,17.46,17.81,17.10,17.20,540816,9446549.00
2024-10-16,17.21,17.31,16.61,17.10,308751,5249693.50
2024-10-17,17.24,18.39,17.19,17.62,935640,16681098.00
2024-10-18,17.62,18.79,17.54,18.59,1174085,21555098.00
2024-10-21,18.74,20.58,18.61,20.10,2186923,43210868.00
2024-10-22,20.11,21.72,19.00,19.74,1936560,39323812.00
2024-10-23,19.77,20.19,19.39,19.69,958875,18878144.00
2024-10-24,20.20,25.44,20.20,25.37,7284568,176488816.00
2024-10-25,23.50,26.64,23.00,24.07,6965361,173549040.00
2024-10-28,23.29,23.93,22.58,23.64,3487526,81079808.00
2024-10-29,24.72,25.79,23.51,23.83,3192076,78120360.00
2024-10-30,23.60,24.07,22.01,22.78,2318571,53186712.00
2024-10-31,22.81,23.20,21.45,22.02,2243937,49646420.00
2024-11-01,22.14,24.47,21.35,23.20,3035475,69553032.00
2024-11-04,23.06,24.99,21.87,24.36,3339551,80925064.00
2024-11-05,24.50,25.36,23.80,25.32,3779398,93543416.00
2024-11-06,25.89,26.29,24.83,25.28,3700427,94226200.00
2024-11-07,24.73,26.40,24.52,25.92,3246343,83389352.00
2024-11-08,26.72,27.29,24.12,24.25,2803348,71167056.00
2024-11-11,23.88,24.49,23.08,23.47,1629032,38366016.00
2024-11-12,23.54,25.68,23.45,24.43,2781395,68728600.00
2024-11-13,23.80,24.17,23.00,23.86,1773812,41616804.00
2024-11-14,23.80,24.00,23.05,23.30,939058,22163340.00
2024-11-15,23.53,24.18,23.14,23.77,1379871,32720772.00
2024-11-18,23.75,23.93,22.02,22.28,1128109,25860870.00
2024-11-19,22.34,22.91,20.26,21.57,1484314,31577848.00
2024-11-20,21.01,22.50,20.80,21.92,1043425,22808656.00
2024-11-21,22.15,23.30,21.71,22.82,1251806,28299220.00
2024-11-22,22.77,23.31,21.90,21.99,1023464,23062530.00
2024-11-25,21.84,22.22,21.26,21.91,536194,11689787.00
2024-11-26,22.00,22.80,21.70,22.00,877626,19612448.00
2024-11-27,21.79,22.17,20.71,22.01,932819,19899936.00
2024-11-28,22.01,22.88,21.56,22.57,1376892,31088436.00
2024-11-29,22.47,23.22,22.16,23.06,1212606,27670742.00
2024-12-02,22.58,23.13,22.22,22.98,1629144,37138828.00
2024-12-03,22.98,22.98,22.98,22.98,0,0.00
#数据来源:通达信
