837403 康农种业 日线 不复权
      日期	    开盘	    最高	    最低	    收盘	    成交量	    成交额
2024-01-18,19.62,20.79,17.89,17.97,13609214,258424896.00
2024-01-19,17.16,17.72,16.54,16.79,8716414,146952288.00
2024-01-22,16.78,16.78,15.33,15.48,5400961,87044328.00
2024-01-23,15.39,15.79,15.18,15.34,3532744,54460960.00
2024-01-24,15.46,15.58,14.52,15.15,3759479,56766928.00
2024-01-25,15.16,15.19,14.50,14.82,3554857,52981968.00
2024-01-26,14.67,15.54,14.60,15.30,4381281,66396368.00
2024-01-29,15.16,15.80,14.60,15.07,4519612,68645648.00
2024-01-30,14.97,16.16,14.70,15.43,5775651,89921648.00
2024-01-31,15.04,15.30,14.60,14.73,4711735,70149408.00
2024-02-01,14.51,14.94,13.11,13.21,3935792,55212176.00
2024-02-02,13.29,13.39,11.42,11.73,3666092,45216124.00
2024-02-05,12.09,14.23,11.75,12.38,6983136,91381256.00
2024-02-06,11.50,13.28,10.97,13.19,6098492,74103080.00
2024-02-07,13.00,13.95,11.78,12.18,4985203,64558668.00
2024-02-08,12.27,12.27,11.30,12.12,3442512,40820540.00
2024-02-19,12.33,12.35,12.01,12.33,2541866,31034916.00
2024-02-20,12.35,12.86,12.26,12.82,3186121,40001816.00
2024-02-21,12.58,13.22,12.48,12.80,3236392,41584520.00
2024-02-22,12.70,13.49,12.70,13.04,3567134,46717800.00
2024-02-23,12.90,13.03,12.44,12.72,2886204,36807076.00
2024-02-26,12.65,13.08,12.48,13.00,2806820,35952176.00
2024-02-27,12.94,14.05,12.82,13.81,4553044,62085304.00
2024-02-28,13.79,14.60,13.34,14.44,7112473,99830280.00
2024-02-29,14.37,15.50,14.00,15.01,7219329,106071096.00
2024-03-01,14.74,14.96,14.56,14.60,4275261,62929824.00
2024-03-04,14.57,14.70,13.98,14.16,3416274,48950448.00
2024-03-05,14.05,14.16,13.41,13.65,2586879,35557720.00
2024-03-06,13.52,14.20,13.50,13.98,2417206,33419790.00
2024-03-07,13.85,14.16,13.48,13.52,1918962,26568656.00
2024-03-08,13.44,13.77,13.38,13.56,1168259,15830576.00
2024-03-11,13.53,13.78,13.38,13.65,1525519,20670264.00
2024-03-12,13.69,13.98,13.50,13.95,2000592,27594950.00
2024-03-13,14.39,14.83,13.81,13.81,3137511,44853976.00
2024-03-14,13.70,13.80,13.12,13.15,2206899,29703146.00
2024-03-15,13.19,13.75,13.12,13.51,2004182,27053750.00
2024-03-18,13.55,13.65,13.32,13.50,1617107,21758916.00
2024-03-19,13.51,13.69,13.41,13.50,1149604,15582671.00
2024-03-20,13.64,14.19,13.55,13.96,2528235,35112240.00
2024-03-21,13.84,13.96,13.61,13.70,1681366,23137966.00
2024-03-22,13.64,13.80,13.19,13.26,1927424,25767350.00
2024-03-25,13.30,13.34,12.81,12.86,1068225,13919108.00
2024-03-26,12.90,13.08,12.64,12.82,955638,12238799.00
2024-03-27,12.92,13.35,12.90,13.15,1560569,20481260.00
2024-03-28,13.05,13.31,12.91,13.18,1007827,13239657.00
2024-03-29,13.18,13.30,13.10,13.17,1041196,13723787.00
2024-04-01,13.53,13.71,13.18,13.23,1561991,20896534.00
2024-04-02,13.27,13.27,12.90,12.99,1297265,16892438.00
2024-04-03,13.01,13.09,12.86,13.06,772440,10038349.00
2024-04-08,13.01,13.10,12.65,12.65,814725,10487300.00
2024-04-09,12.80,12.95,12.65,12.89,691941,8836330.00
2024-04-10,12.92,13.30,12.80,13.08,1681157,22120144.00
2024-04-11,13.00,13.27,12.90,13.27,1280792,16778506.00
2024-04-12,13.24,13.67,13.24,13.45,1552812,20945982.00
2024-04-15,13.41,13.50,13.15,13.23,1014597,13508772.00
2024-04-16,13.21,13.35,12.56,12.56,1359595,17390256.00
2024-04-17,12.64,13.17,12.64,13.07,1570105,20350622.00
2024-04-18,13.08,13.26,12.85,13.06,1003923,13096764.00
2024-04-19,13.02,14.19,12.87,13.82,3666973,50103200.00
2024-04-22,13.57,13.70,13.31,13.63,2024342,27412296.00
2024-04-23,13.65,13.93,13.56,13.72,1185373,16254168.00
2024-04-24,13.65,13.73,13.40,13.54,1085874,14723150.00
2024-04-25,13.54,13.54,13.38,13.44,858055,11562217.00
2024-04-26,13.37,13.61,13.37,13.56,898848,12132315.00
2024-04-29,13.51,13.89,13.45,13.83,1716387,23507932.00
2024-04-30,13.74,13.96,13.66,13.78,1071834,14767734.00
2024-05-06,13.79,14.49,13.79,14.25,1780632,25202742.00
2024-05-07,14.16,14.35,13.90,14.02,1247287,17530650.00
2024-05-08,13.95,14.40,13.77,14.39,1233201,17334108.00
2024-05-09,14.27,14.53,14.16,14.32,1696707,24342806.00
2024-05-10,10.76,10.98,10.53,10.56,1981755,21285444.00
2024-05-13,10.50,10.50,10.22,10.26,1390319,14369018.00
2024-05-14,10.23,10.35,10.19,10.26,836811,8594118.00
2024-05-15,10.29,10.32,10.05,10.08,911696,9286233.00
2024-05-16,10.05,10.16,9.95,9.97,677047,6809766.00
2024-05-17,9.97,10.02,9.89,9.98,630973,6276364.00
2024-05-20,9.99,10.08,9.91,10.03,469078,4691969.00
2024-05-21,10.05,10.05,9.78,9.82,558959,5538456.50
2024-05-22,9.90,10.02,9.82,10.00,628893,6237822.50
2024-05-23,10.00,10.52,9.87,10.32,1962496,20247566.00
2024-05-24,10.49,10.93,10.35,10.35,2965412,31679392.00
2024-05-27,10.16,10.28,9.93,10.04,1647077,16562582.00
2024-05-28,10.09,10.19,9.95,9.97,707361,7108532.00
2024-05-29,9.94,10.03,9.86,9.91,659721,6551460.50
2024-05-30,9.87,9.97,9.72,9.75,647207,6345876.00
2024-05-31,9.76,9.83,9.72,9.76,388741,3796142.75
2024-06-03,9.75,9.90,9.70,9.85,569867,5581396.50
2024-06-04,9.80,10.26,9.80,10.04,835873,8380409.50
2024-06-05,10.02,10.07,9.75,9.77,672491,6627743.50
2024-06-06,9.72,9.81,9.29,9.32,1162851,10964829.00
2024-06-07,9.49,9.49,9.32,9.42,369996,3481705.50
2024-06-11,9.48,9.56,9.33,9.46,275967,2595883.00
2024-06-12,9.49,9.49,9.41,9.46,399716,3780100.75
2024-06-13,9.45,9.47,9.32,9.38,368733,3458279.25
2024-06-14,9.41,9.53,9.35,9.46,526424,4968595.50
2024-06-17,9.46,9.46,9.20,9.34,292091,2727025.50
2024-06-18,9.36,9.43,9.32,9.36,233201,2181569.50
2024-06-19,9.41,9.63,9.33,9.45,916519,8692384.00
2024-06-20,9.45,9.45,9.25,9.30,464778,4331697.50
2024-06-21,9.34,9.60,9.27,9.49,994095,9425491.00
2024-06-24,9.40,9.51,9.16,9.20,593988,5519547.50
2024-06-25,9.28,9.28,9.10,9.15,391593,3600632.00
2024-06-26,9.25,9.28,9.13,9.25,352010,3242604.75
2024-06-27,9.21,9.26,9.13,9.16,372086,3416021.50
2024-06-28,9.19,9.29,9.16,9.22,402251,3707202.25
2024-07-01,9.25,9.69,9.20,9.48,1066817,10096190.00
2024-07-02,9.48,9.57,9.28,9.39,791035,7434780.50
2024-07-03,9.45,9.59,9.31,9.31,563868,5327763.00
2024-07-04,9.29,9.38,9.01,9.03,691679,6338363.00
2024-07-05,9.12,9.12,8.90,9.05,250677,2253273.00
2024-07-08,9.02,9.04,8.75,8.85,458104,4072413.75
2024-07-09,8.81,8.94,8.75,8.92,227375,2012840.25
2024-07-10,8.95,8.95,8.81,8.87,100942,895930.00
2024-07-11,8.99,9.12,8.90,9.07,401568,3628306.75
2024-07-12,9.06,9.12,9.00,9.05,178695,1618887.25
2024-07-15,9.06,9.06,8.75,8.82,364709,3227149.00
2024-07-16,8.83,9.11,8.77,9.11,553630,4975821.00
2024-07-17,9.11,9.87,9.10,9.81,2043266,19659722.00
2024-07-18,9.80,9.87,9.46,9.64,1214155,11741664.00
2024-07-19,9.56,9.64,9.29,9.34,948948,8927338.00
2024-07-22,9.36,9.36,9.15,9.20,347758,3206354.25
2024-07-23,9.29,9.36,9.14,9.18,428319,3962576.75
2024-07-24,9.18,9.25,8.95,9.00,348396,3156063.75
2024-07-25,8.88,9.18,8.88,9.02,696664,6317811.50
2024-07-26,9.13,9.13,8.96,9.07,603111,5455100.50
2024-07-29,9.10,9.12,9.00,9.07,340461,3082890.75
2024-07-30,9.09,9.30,9.08,9.20,686249,6303439.00
2024-07-31,9.20,9.40,9.15,9.35,897986,8321935.50
2024-08-01,9.32,9.40,9.19,9.21,484023,4482627.50
2024-08-02,9.10,9.30,9.05,9.09,680638,6248950.00
2024-08-05,9.08,9.15,8.77,8.82,741994,6645118.00
2024-08-06,9.15,9.65,9.15,9.20,2650265,24479920.00
2024-08-07,9.02,9.07,8.85,8.93,1865068,16687225.00
2024-08-08,8.91,9.80,8.87,9.51,3374464,31708432.00
2024-08-09,9.21,9.50,9.21,9.29,2211700,20602272.00
2024-08-12,9.28,9.28,9.00,9.22,907129,8300715.00
2024-08-13,9.23,9.29,9.08,9.15,575493,5255527.00
2024-08-14,9.21,9.21,9.02,9.07,564138,5117824.00
2024-08-15,9.12,9.15,8.95,9.06,768422,6937294.00
2024-08-16,9.10,9.10,9.00,9.03,413860,3735033.25
2024-08-19,9.03,9.33,8.97,9.10,1312923,11995429.00
2024-08-20,9.00,9.17,8.96,9.03,932248,8416344.00
2024-08-21,8.98,9.01,8.90,8.91,649058,5796356.00
2024-08-22,8.96,8.96,8.77,8.78,511666,4518676.50
2024-08-23,8.77,8.83,8.72,8.79,287762,2521491.75
2024-08-26,8.76,8.99,8.76,8.92,490041,4365770.00
2024-08-27,8.88,8.93,8.80,8.83,401716,3554258.00
2024-08-28,8.80,8.82,8.65,8.69,479407,4184244.25
2024-08-29,8.30,8.30,8.11,8.22,1333148,10936441.00
2024-08-30,8.22,8.30,8.15,8.27,1648265,13455865.00
2024-09-02,8.26,8.31,8.05,8.06,765792,6267214.50
2024-09-03,8.03,8.13,7.98,8.05,376132,3027343.75
2024-09-04,8.03,8.19,8.00,8.11,678961,5491698.00
2024-09-05,8.06,8.12,8.05,8.08,403092,3258438.25
2024-09-06,8.06,8.12,8.00,8.02,385347,3110945.00
2024-09-09,8.01,8.03,7.96,8.02,182143,1456206.13
2024-09-10,8.02,8.05,7.96,8.05,209998,1681339.13
2024-09-11,8.03,8.05,8.01,8.05,209443,1684394.00
2024-09-12,8.05,8.10,8.02,8.05,193237,1556231.88
2024-09-13,8.05,8.19,8.01,8.15,345345,2802162.00
2024-09-18,8.19,8.19,8.00,8.03,470982,3785127.25
2024-09-19,8.03,8.30,8.03,8.15,647017,5308721.50
2024-09-20,8.14,8.15,8.07,8.09,615603,4988825.50
2024-09-23,8.10,8.12,8.03,8.04,247532,1996778.38
2024-09-24,8.09,8.18,8.03,8.17,720505,5852084.50
2024-09-25,8.28,8.38,8.18,8.23,936146,7760232.00
2024-09-26,8.25,8.36,8.20,8.34,585764,4861237.00
2024-09-27,8.38,9.02,8.38,8.92,2454524,21454144.00
2024-09-30,9.16,10.59,9.00,10.31,4953951,48870572.00
2024-10-08,12.40,12.88,10.60,11.87,5902365,68686232.00
2024-10-09,11.13,11.35,9.90,9.90,3493982,36909836.00
2024-10-10,10.01,10.75,9.80,10.16,3506311,36421908.00
2024-10-11,9.95,9.96,9.15,9.21,2047077,19526052.00
2024-10-14,9.25,9.78,9.11,9.77,2221110,21160210.00
2024-10-15,9.69,10.08,9.53,9.58,1886900,18558036.00
2024-10-16,9.40,9.80,9.35,9.58,1638611,15718577.00
2024-10-17,9.65,10.42,9.60,9.98,2978320,29684872.00
2024-10-18,9.73,10.74,9.73,10.43,3644872,37500792.00
2024-10-21,10.60,11.48,10.52,11.27,5033654,55475984.00
2024-10-22,11.13,13.58,10.75,12.28,10463626,128405264.00
2024-10-23,11.65,12.99,11.26,12.64,8421784,100821944.00
2024-10-24,12.57,13.20,12.13,12.55,5621066,70830336.00
2024-10-25,12.53,13.50,12.20,12.26,6660698,85474016.00
2024-10-28,12.97,15.59,12.52,15.59,11514059,164060128.00
2024-10-29,14.70,16.50,13.91,14.88,10695586,160787184.00
2024-10-30,14.37,15.00,13.88,14.00,6038836,86763896.00
2024-10-31,14.22,14.34,13.10,13.47,4850158,66301244.00
2024-11-01,13.34,14.32,13.28,13.33,5258616,72845088.00
2024-11-04,13.10,13.95,12.68,13.78,3500186,46989136.00
2024-11-05,13.60,14.90,13.41,14.66,5318153,76506128.00
2024-11-06,15.33,19.05,14.83,19.05,10630812,190810976.00
2024-11-07,20.58,24.76,20.29,21.76,16219937,375084832.00
2024-11-08,20.40,22.60,19.31,19.92,10594075,218505840.00
2024-11-11,18.99,19.89,17.75,18.44,7283325,134254160.00
2024-11-12,18.55,19.79,18.00,18.92,5918516,112022512.00
2024-11-13,19.73,22.00,19.04,19.99,7354218,148364432.00
2024-11-14,19.01,20.80,18.82,19.80,5275402,103780000.00
2024-11-15,19.40,19.68,18.73,19.00,4056173,77629856.00
2024-11-18,18.85,19.00,16.86,17.27,3738301,66756832.00
2024-11-19,17.12,17.99,16.21,17.09,3723463,63263112.00
2024-11-20,17.50,18.40,17.11,18.20,4184198,74562320.00
2024-11-21,18.00,21.09,17.85,19.67,6504684,126062640.00
2024-11-22,19.20,21.62,18.83,19.99,7605878,154639776.00
2024-11-25,19.22,21.49,19.21,21.12,6957192,142911280.00
2024-11-26,21.99,25.46,20.20,20.54,8513799,195259424.00
2024-11-27,19.60,22.09,18.68,21.85,6967203,140649424.00
2024-11-28,21.26,24.50,20.96,23.64,7711481,177031344.00
2024-11-29,23.12,25.38,22.28,24.73,7702295,183065312.00
2024-12-02,25.50,27.85,23.30,25.05,8703977,223163584.00
2024-12-03,25.05,25.05,25.05,25.05,0,0.00
#数据来源:通达信
