838171 邦德股份 日线 不复权
      日期	    开盘	    最高	    最低	    收盘	    成交量	    成交额
2018-12-04,1.16,1.16,1.16,1.16,1000,1170.00
2018-12-05,1.16,1.16,1.16,1.16,100000,100000.00
2018-12-06,1.16,1.16,1.16,1.16,900000,900000.00
2018-12-11,1.16,1.16,1.16,1.16,2299000,2299000.00
2018-12-12,2.33,2.33,2.33,2.33,1000,2340.00
2019-05-10,4.67,4.67,4.67,4.67,1000,4670.00
2019-05-14,4.67,4.67,4.67,4.67,1000,4670.00
2020-03-12,6.01,6.64,6.01,6.64,2000,12650.00
2020-03-13,7.00,7.00,7.00,7.00,1000,7000.00
2020-03-24,10.00,10.00,9.80,9.80,48000,472000.00
2020-03-26,10.00,10.00,10.00,10.00,7000,70000.00
2020-03-27,10.00,10.00,10.00,10.00,5000,50000.00
2020-03-30,10.00,10.00,10.00,10.00,300,3000.00
2020-04-02,10.00,10.00,10.00,10.00,200,2000.00
2020-04-03,10.00,10.00,10.00,10.00,600,6000.00
2020-04-07,10.00,10.00,10.00,10.00,500,5000.00
2020-04-08,10.00,10.00,10.00,10.00,100,1000.00
2020-04-10,10.00,10.00,10.00,10.00,300,3000.00
2020-04-13,10.00,10.00,10.00,10.00,500,5000.00
2020-04-14,10.00,10.00,10.00,10.00,500,5000.00
2020-06-24,10.00,10.00,10.00,10.00,4000,40000.00
2020-06-29,7.50,7.50,7.50,7.50,4000,30000.00
2020-07-14,10.00,10.00,10.00,10.00,100,1000.00
2020-07-16,7.71,7.71,7.71,7.71,300,2313.00
2020-07-17,7.71,7.71,7.71,7.71,1200,9252.00
2020-07-21,7.77,7.77,7.77,7.77,500,3885.00
2020-07-22,7.63,7.63,7.63,7.63,100,763.00
2020-07-24,7.63,7.63,7.63,7.63,700,5341.00
2020-10-09,3.90,3.90,3.90,3.90,600,2340.00
2020-10-13,5.55,5.55,5.55,5.55,300,1665.00
2020-10-16,4.92,5.38,4.92,5.38,600,3088.07
2020-10-20,5.38,5.38,5.37,5.37,1600,8606.39
2020-10-22,7.60,7.60,7.60,7.60,200,1520.00
2020-10-26,7.60,7.60,7.60,7.60,900,6840.00
2020-11-09,5.40,5.40,5.40,5.40,1100,5940.00
2021-04-30,10.00,10.00,10.00,10.00,2000,20000.00
2021-05-12,10.00,10.00,10.00,10.00,31000,310000.00
2021-05-19,10.01,10.01,10.01,10.01,100,1001.00
2021-05-27,9.71,9.71,9.71,9.71,100,971.00
2021-06-28,9.71,9.71,9.71,9.71,200,1942.00
2021-07-02,9.71,9.71,9.71,9.71,2500,24284.71
2021-07-06,9.71,9.71,9.71,9.71,400,3874.29
2021-09-09,9.71,9.71,9.71,9.71,200,1942.00
2021-09-24,12.00,12.00,12.00,12.00,100,1200.00
2021-10-21,10.02,10.02,10.02,10.02,1000,10020.00
2021-10-25,10.40,10.40,10.30,10.30,100,1050.30
2021-11-02,5.56,5.56,5.56,5.56,0,5.56
2021-11-09,10.12,10.12,10.12,10.12,0,10.12
2021-11-19,15.00,15.00,15.00,15.00,200,3000.00
2021-11-23,16.00,16.00,16.00,16.00,500,8000.00
2021-12-15,17.87,17.87,17.87,17.87,100,1788.00
2021-12-20,17.02,17.02,17.02,17.02,200,3404.00
2021-12-27,18.18,20.00,18.18,20.00,1000,18382.00
2021-12-28,22.00,30.00,22.00,28.91,1100,28813.00
2022-06-02,8.00,10.00,8.00,8.95,15432285,135810240.00
2022-06-06,7.90,7.97,6.95,7.26,8512666,62469132.00
2022-06-07,7.11,7.19,6.97,7.01,4229664,29741180.00
2022-06-08,7.08,7.08,6.70,6.99,3438008,23639512.00
2022-06-09,6.92,7.03,6.85,6.98,2511698,17489576.00
2022-06-10,6.93,7.01,6.90,7.00,2028626,14139033.00
2022-06-13,6.96,7.00,6.90,6.92,1409935,9793531.00
2022-06-14,6.90,6.96,6.61,6.73,1535639,10375491.00
2022-06-15,6.79,6.79,6.68,6.72,973220,6538445.50
2022-06-16,6.73,6.74,6.63,6.66,1040914,6927371.00
2022-06-17,6.66,6.66,6.53,6.56,784424,5157123.00
2022-06-20,6.60,6.76,6.55,6.67,844401,5627041.50
2022-06-21,6.67,6.68,6.55,6.60,452453,2996296.75
2022-06-22,6.59,6.61,6.40,6.42,807579,5249592.00
2022-06-23,6.42,6.48,6.37,6.39,728044,4667977.00
2022-06-24,6.50,6.66,6.41,6.42,505716,3267848.75
2022-06-27,6.47,6.48,6.35,6.48,703750,4530294.00
2022-06-28,6.49,6.89,6.46,6.82,1998496,13538479.00
2022-06-29,6.90,6.91,6.71,6.71,1473494,10056300.00
2022-06-30,6.68,6.77,6.59,6.67,991527,6616653.00
2022-07-01,6.58,6.69,6.58,6.60,408171,2697458.00
2022-07-04,6.65,6.65,6.60,6.62,583397,3859306.25
2022-07-05,6.61,6.78,6.59,6.66,629211,4200880.50
2022-07-06,6.66,6.73,6.62,6.66,431254,2868750.00
2022-07-07,6.66,6.66,6.47,6.55,624312,4085112.25
2022-07-08,6.57,6.58,6.51,6.53,308069,2012696.50
2022-07-11,6.55,6.55,6.40,6.46,355024,2288694.75
2022-07-12,6.40,6.50,6.38,6.42,199583,1283548.25
2022-07-13,6.42,6.43,6.35,6.41,197273,1260204.00
2022-07-14,6.41,6.41,6.33,6.35,267795,1699955.88
2022-07-15,6.33,6.36,6.26,6.26,232938,1471593.88
2022-07-18,6.55,6.68,6.39,6.46,453946,2958619.00
2022-07-19,6.45,6.45,6.32,6.40,347692,2224648.00
2022-07-20,6.40,6.62,6.40,6.58,585320,3813467.25
2022-07-21,6.51,6.58,6.46,6.56,359097,2339936.75
2022-07-22,6.56,6.58,6.41,6.51,216484,1401657.25
2022-07-25,6.43,6.51,6.42,6.44,204729,1321083.88
2022-07-26,6.40,6.70,6.39,6.70,984773,6498662.50
2022-07-27,6.67,7.11,6.67,7.02,3214003,22371376.00
2022-07-28,6.97,7.50,6.91,7.38,3835860,28082426.00
2022-07-29,7.25,7.59,7.10,7.12,2733910,19980932.00
2022-08-01,7.15,7.23,6.94,7.12,1189872,8416708.00
2022-08-02,7.08,7.08,6.52,6.66,1669341,11290790.00
2022-08-03,6.67,6.80,6.66,6.75,1107868,7443597.50
2022-08-04,6.69,6.96,6.69,6.81,715830,4869869.50
2022-08-05,6.75,6.84,6.66,6.79,712659,4792982.00
2022-08-08,6.77,6.84,6.71,6.77,513447,3484816.75
2022-08-09,6.82,6.82,6.70,6.75,405672,2729274.00
2022-08-10,6.76,7.45,6.60,7.37,2886531,20516198.00
2022-08-11,7.41,9.30,7.39,8.84,5839715,48890056.00
2022-08-12,8.60,8.60,7.88,7.95,2675727,21822066.00
2022-08-15,7.96,8.30,7.71,7.99,1956044,15679348.00
2022-08-16,8.03,8.35,7.88,8.00,1319519,10636922.00
2022-08-17,7.92,7.99,7.44,7.63,1468793,11337265.00
2022-08-18,7.66,7.68,7.44,7.57,1004030,7580627.00
2022-08-19,7.65,7.65,7.45,7.56,957177,7197402.00
2022-08-22,7.56,7.56,7.38,7.55,583569,4354268.00
2022-08-23,7.60,7.80,7.46,7.63,539292,4121225.75
2022-08-24,7.62,7.78,7.20,7.50,409729,3059719.75
2022-08-25,7.55,7.62,7.33,7.46,426382,3163236.50
2022-08-26,7.45,7.59,7.42,7.54,326726,2459371.75
2022-08-29,7.55,7.55,7.36,7.45,187437,1398903.50
2022-08-30,7.43,7.54,7.34,7.44,163535,1213717.13
2022-08-31,7.47,7.47,7.22,7.28,276647,2022329.25
2022-09-01,7.40,7.42,7.13,7.24,273866,1986419.38
2022-09-02,7.25,7.35,7.16,7.26,158446,1151411.50
2022-09-05,7.32,7.38,7.26,7.33,153698,1123942.13
2022-09-06,7.35,7.35,7.27,7.30,197179,1440788.00
2022-09-07,7.26,7.48,7.26,7.39,298841,2201515.00
2022-09-08,7.32,7.39,7.30,7.31,150934,1106287.88
2022-09-09,7.24,7.36,7.15,7.25,271641,1964441.75
2022-09-13,7.16,7.32,7.16,7.26,125522,904589.81
2022-09-14,7.21,7.87,7.15,7.79,1249564,9419439.00
2022-09-15,7.81,8.26,7.50,8.05,2799207,22292678.00
2022-09-16,8.19,10.46,8.16,10.46,6378610,63272140.00
2022-09-19,12.17,13.59,10.60,13.59,9483922,114350864.00
2022-09-20,11.50,13.72,11.41,13.72,5271592,66923652.00
2022-09-21,14.20,17.20,12.70,13.17,7436963,112151608.00
2022-09-22,12.99,14.37,12.16,12.40,5929679,78596488.00
2022-09-23,12.26,13.23,11.42,13.23,5454207,67488200.00
2022-09-26,12.50,15.50,12.50,15.00,6068830,86039952.00
2022-09-27,14.50,15.94,13.48,13.55,4743954,68221272.00
2022-09-28,13.12,14.18,12.34,13.40,4364749,57969900.00
2022-09-29,13.00,13.52,11.10,11.15,4781835,58663488.00
2022-09-30,10.70,11.29,9.31,9.50,4456558,44685912.00
2022-10-10,9.60,9.60,8.82,8.86,2721326,24745400.00
2022-10-11,9.00,11.00,8.67,11.00,4773183,46917016.00
2022-10-12,10.92,11.57,10.33,10.81,3962852,43413868.00
2022-10-13,10.55,11.35,10.03,10.35,2890344,31153264.00
2022-10-14,10.55,11.08,10.05,10.05,3515964,36725572.00
2022-10-17,10.45,10.68,10.09,10.27,2189641,22519270.00
2022-10-18,10.20,12.70,10.15,11.73,4631838,51695220.00
2022-10-19,11.43,12.30,11.10,11.68,3340768,39119944.00
2022-10-20,11.50,12.49,11.50,12.27,3409177,41141484.00
2022-10-21,12.30,12.88,12.03,12.42,3003542,37469640.00
2022-10-24,12.99,12.99,11.66,11.70,2865911,35404788.00
2022-10-25,11.69,11.77,10.96,11.50,2313225,26139360.00
2022-10-26,11.58,11.90,11.37,11.50,1749429,20224650.00
2022-10-27,11.69,11.69,11.11,11.31,1694379,19314474.00
2022-10-28,11.31,11.59,10.62,10.76,1487978,16688633.00
2022-10-31,10.75,10.81,10.16,10.16,1898384,19805780.00
2022-11-01,10.11,10.39,10.11,10.30,1091578,11205659.00
2022-11-02,10.35,11.50,10.10,11.50,2956656,31794438.00
2022-11-03,11.10,11.50,11.05,11.19,1338013,15090028.00
2022-11-04,11.05,12.11,11.05,11.65,2688633,31457480.00
2022-11-07,11.22,11.65,11.22,11.35,1497107,17069974.00
2022-11-08,11.57,11.87,11.28,11.40,1242733,14375706.00
2022-11-09,11.23,11.50,10.80,10.87,1429668,15873361.00
2022-11-10,10.99,10.99,10.60,10.62,735440,7900657.50
2022-11-11,11.05,11.05,10.50,10.65,991477,10669333.00
2022-11-14,10.64,10.70,10.21,10.24,773827,8030290.00
2022-11-15,10.35,10.62,10.10,10.54,1120577,11696598.00
2022-11-16,10.55,10.91,10.33,10.40,959663,10185417.00
2022-11-17,10.39,10.39,10.10,10.22,1025283,10433394.00
2022-11-18,10.40,10.90,10.14,10.70,1636183,17346726.00
2022-11-21,10.90,11.09,10.68,10.81,1094438,11873220.00
2022-11-22,10.65,10.73,10.25,10.31,750138,7819370.50
2022-11-23,10.32,10.65,10.21,10.40,569785,5954798.50
2022-11-24,10.59,10.59,10.22,10.26,490303,5084468.00
2022-11-25,10.28,10.28,9.60,9.91,678891,6874247.50
2022-11-28,9.78,10.10,9.60,9.93,290353,2867474.75
2022-11-29,9.76,10.09,9.76,9.94,606219,5999010.00
2022-11-30,10.07,10.46,9.84,10.36,1159459,11881092.00
2022-12-01,10.38,10.75,10.00,10.15,1152372,11862414.00
2022-12-02,10.15,10.25,9.90,9.99,658312,6584613.00
2022-12-05,9.99,10.04,9.85,9.98,512225,5087765.00
2022-12-06,9.75,9.90,9.66,9.70,450779,4412636.50
2022-12-07,9.89,9.89,9.22,9.35,894151,8499072.00
2022-12-08,9.21,9.38,9.15,9.19,473021,4363354.00
2022-12-09,9.25,9.25,8.93,9.00,524833,4739846.50
2022-12-12,9.00,9.40,8.58,9.32,1315998,11806793.00
2022-12-13,9.08,9.36,9.08,9.10,473280,4340216.00
2022-12-14,9.11,9.28,8.99,9.06,487851,4429719.00
2022-12-15,8.98,9.16,8.93,9.07,326957,2948477.50
2022-12-16,9.10,9.10,8.70,8.92,362990,3226803.50
2022-12-19,8.76,9.07,8.52,8.66,455085,3952556.25
2022-12-20,8.49,8.78,8.49,8.70,263577,2292271.75
2022-12-21,8.50,8.79,8.50,8.61,219055,1880468.50
2022-12-22,8.62,8.71,8.05,8.43,313433,2588373.50
2022-12-23,8.48,8.48,8.00,8.19,860295,7002665.50
2022-12-26,8.13,8.25,8.00,8.12,630507,5079790.50
2022-12-27,8.15,8.15,8.01,8.09,280221,2264560.50
2022-12-28,8.14,8.19,8.03,8.13,428212,3466847.50
2022-12-29,8.02,8.19,8.01,8.11,321192,2591797.50
2022-12-30,8.03,8.15,8.00,8.09,755537,6075221.00
2023-01-03,7.81,8.09,7.81,8.08,556137,4420629.50
2023-01-04,8.23,9.20,8.15,9.05,1911637,17060546.00
2023-01-05,9.20,9.20,8.75,8.96,990901,8771536.00
2023-01-06,9.00,9.00,8.68,8.68,590704,5190034.00
2023-01-09,8.68,9.02,8.68,8.80,535560,4726076.50
2023-01-10,8.90,8.90,8.61,8.70,241649,2103765.75
2023-01-11,8.85,9.49,8.80,9.32,2000123,18533458.00
2023-01-12,9.20,9.36,9.03,9.30,953649,8721227.00
2023-01-13,9.47,9.47,9.10,9.24,350033,3223965.25
2023-01-16,9.19,9.19,8.81,9.13,1221645,10952106.00
2023-01-17,9.08,9.08,8.85,9.05,474114,4250788.50
2023-01-18,9.14,9.14,8.88,9.04,859302,7685874.00
2023-01-19,9.06,9.06,8.91,8.96,308365,2771154.25
2023-01-20,9.10,9.49,8.88,9.37,1149433,10513701.00
2023-01-30,9.65,9.66,9.38,9.58,1012953,9655516.00
2023-01-31,9.60,10.50,9.43,10.31,1957032,19701646.00
2023-02-01,10.35,10.63,10.02,10.32,1373207,14111281.00
2023-02-02,10.31,10.31,9.85,10.00,1235465,12465074.00
2023-02-03,10.38,10.38,10.08,10.19,814802,8339187.00
2023-02-06,9.88,10.18,9.85,9.91,357742,3550915.00
2023-02-07,9.99,9.99,9.40,9.80,704579,6861972.00
2023-02-08,9.86,9.86,9.56,9.67,329092,3168778.50
2023-02-09,9.72,9.96,9.60,9.93,1075740,10477544.00
2023-02-10,9.89,9.93,9.70,9.79,367947,3601444.00
2023-02-13,9.79,9.99,9.58,9.98,1042642,10179006.00
2023-02-14,9.85,9.90,9.70,9.85,387096,3795779.25
2023-02-15,9.85,10.18,9.70,10.06,1143630,11379046.00
2023-02-16,9.97,10.57,9.97,10.23,1785531,18354986.00
2023-02-17,10.40,10.40,10.00,10.18,824132,8329322.00
2023-02-20,10.23,10.23,9.97,10.08,493284,4942388.00
2023-02-21,10.13,10.25,9.97,10.19,835328,8430930.00
2023-02-22,10.18,10.19,9.98,10.10,478101,4812591.50
2023-02-23,10.14,10.14,9.94,9.98,310229,3109319.50
2023-02-24,9.96,9.99,9.50,9.83,827779,8075067.00
2023-02-27,9.84,9.85,9.50,9.59,531449,5120262.00
2023-02-28,9.70,9.71,9.50,9.65,461836,4440596.50
2023-03-01,9.52,9.77,9.52,9.77,455239,4394085.00
2023-03-02,9.79,9.89,9.63,9.80,319116,3120206.50
2023-03-03,9.84,9.84,9.61,9.64,231510,2238271.00
2023-03-06,9.76,9.76,9.56,9.62,264349,2540293.50
2023-03-07,9.71,9.71,9.32,9.32,369288,3493329.75
2023-03-08,9.38,9.38,9.16,9.34,194461,1806604.88
2023-03-09,9.46,9.46,9.20,9.32,151416,1411534.88
2023-03-10,9.35,9.38,9.19,9.32,263242,2438894.75
2023-03-13,9.49,9.49,9.24,9.37,277913,2599219.50
2023-03-14,9.40,9.43,9.05,9.21,373733,3428350.50
2023-03-15,9.40,9.40,9.08,9.17,146663,1349995.63
2023-03-16,9.18,9.20,8.73,8.75,460367,4111062.50
2023-03-17,8.91,8.91,8.57,8.75,409113,3541370.00
2023-03-20,8.71,8.78,8.60,8.60,316804,2746479.75
2023-03-21,8.69,8.75,8.57,8.75,225112,1950228.00
2023-03-22,8.97,8.97,8.74,8.79,246681,2173066.25
2023-03-23,8.79,8.83,8.63,8.83,425754,3715215.00
2023-03-24,8.83,9.50,8.71,9.20,749382,6847958.00
2023-03-27,9.20,9.31,8.86,9.22,478103,4388724.00
2023-03-28,9.07,9.24,9.02,9.19,271648,2483343.00
2023-03-29,9.18,9.20,9.04,9.07,148555,1351854.00
2023-03-30,9.17,9.17,9.01,9.07,60839,550013.88
2023-03-31,8.91,9.19,8.91,9.03,103574,931237.88
2023-04-03,8.94,9.11,8.90,9.01,166943,1496018.75
2023-04-04,9.10,9.10,8.85,8.87,202013,1794946.00
2023-04-06,8.94,8.94,8.73,8.74,201122,1770110.63
2023-04-07,8.85,8.85,8.63,8.65,328831,2861385.75
2023-04-10,8.57,8.80,8.57,8.76,247625,2159246.00
2023-04-11,8.96,8.96,8.69,8.80,118472,1036261.44
2023-04-12,8.86,8.87,8.65,8.68,190496,1659474.00
2023-04-13,8.80,8.80,8.60,8.69,81657,705438.13
2023-04-14,8.82,8.82,8.63,8.69,35541,308130.09
2023-04-17,8.75,8.75,8.29,8.43,264811,2247744.50
2023-04-18,8.50,8.53,8.36,8.46,204782,1732655.88
2023-04-19,8.36,8.52,8.36,8.36,60600,511358.88
2023-04-20,8.52,8.52,8.23,8.25,176933,1462171.25
2023-04-21,8.37,8.37,8.07,8.20,134584,1099378.25
2023-04-24,8.35,8.35,8.14,8.26,56479,463614.56
2023-04-25,8.43,8.43,8.00,8.22,175148,1415090.63
2023-04-26,8.33,8.33,8.09,8.31,149289,1235419.88
2023-04-27,8.44,9.50,8.38,8.80,813164,7279073.50
2023-04-28,8.87,8.87,8.18,8.61,569024,4869648.00
2023-05-04,8.68,8.98,8.31,8.83,502988,4367942.00
2023-05-05,8.90,9.28,8.74,9.23,828364,7584515.00
2023-05-08,9.48,10.26,9.29,9.87,1516490,14874933.00
2023-05-09,10.60,10.60,9.63,9.74,903740,9049428.00
2023-05-10,9.78,9.78,9.07,9.40,594322,5574795.50
2023-05-11,9.44,9.46,9.10,9.41,437451,4064182.25
2023-05-12,9.45,9.45,9.14,9.29,173802,1609569.25
2023-05-15,9.29,9.38,9.16,9.33,174730,1624171.13
2023-05-16,9.48,9.48,9.27,9.28,205269,1911514.00
2023-05-17,9.45,9.45,9.12,9.27,80176,741602.25
2023-05-18,9.25,9.46,9.22,9.38,281683,2635502.75
2023-05-19,9.39,9.39,9.12,9.23,146397,1346866.38
2023-05-22,9.30,9.32,9.11,9.30,114386,1059817.00
2023-05-23,9.34,9.34,9.20,9.30,260570,2416674.75
2023-05-24,9.18,9.30,9.18,9.29,289358,2671919.75
2023-05-25,9.38,9.38,9.02,9.13,329449,3000123.25
2023-05-26,9.18,9.18,8.90,8.92,309353,2775861.50
2023-05-29,8.92,8.99,8.71,8.71,185372,1626933.50
2023-05-30,8.83,8.83,8.63,8.73,123552,1082897.25
2023-05-31,8.70,8.81,8.60,8.71,155907,1349810.13
2023-06-01,8.49,8.82,8.41,8.79,199503,1734699.75
2023-06-02,8.88,8.99,8.72,8.90,184906,1652077.50
2023-06-05,9.03,9.03,8.80,8.90,29239,260999.36
2023-06-06,9.00,9.04,8.70,8.94,83071,743297.44
2023-06-07,9.04,9.04,8.84,8.93,112832,1001996.94
2023-06-08,9.10,9.10,8.76,8.85,106797,941837.50
2023-06-09,9.00,9.10,8.61,8.90,305133,2711062.75
2023-06-12,8.93,8.96,8.64,8.89,489179,4342978.50
2023-06-13,8.99,9.67,8.90,9.11,1075676,9874249.00
2023-06-14,9.15,9.15,8.80,8.93,577139,5128079.00
2023-06-15,8.94,8.94,8.65,8.75,411570,3588442.00
2023-06-16,8.79,8.84,8.64,8.69,187303,1634700.75
2023-06-19,8.65,8.74,8.42,8.42,408085,3500452.00
2023-06-20,8.43,8.52,8.39,8.44,191846,1619062.75
2023-06-21,8.54,9.38,8.41,8.93,758421,6780330.00
2023-06-26,9.00,9.30,8.55,8.82,740816,6656664.00
2023-06-27,8.80,8.80,8.57,8.69,432542,3750465.00
2023-06-28,8.99,8.99,8.55,8.81,358468,3115353.75
2023-06-29,8.86,9.25,8.70,9.13,785300,7139105.50
2023-06-30,9.20,9.25,8.90,9.03,456599,4147101.50
2023-07-03,9.17,9.20,8.93,9.08,410397,3722503.00
2023-07-04,9.10,10.06,8.98,9.80,1887485,18141460.00
2023-07-05,9.80,10.20,9.61,9.86,1134747,11190019.00
2023-07-06,9.87,9.99,9.60,9.65,754658,7323299.50
2023-07-07,9.89,10.08,9.69,9.85,874006,8616435.00
2023-07-10,9.72,10.00,9.51,9.55,608592,5886075.50
2023-07-11,9.50,9.67,9.45,9.53,457684,4365736.00
2023-07-12,9.68,9.68,9.15,9.34,458419,4285285.00
2023-07-13,9.40,9.49,9.24,9.36,222332,2074862.63
2023-07-14,9.38,9.50,9.22,9.47,304643,2869522.25
2023-07-17,9.47,9.47,9.32,9.40,269311,2517067.75
2023-07-18,9.43,9.43,9.23,9.23,156678,1452484.50
2023-07-19,9.11,9.28,9.08,9.16,117179,1076211.88
2023-07-20,9.29,9.36,9.16,9.18,234546,2161608.50
2023-07-21,9.24,9.24,9.04,9.07,136552,1243340.38
2023-07-24,9.01,9.15,9.00,9.08,72347,656413.88
2023-07-25,9.19,9.24,9.08,9.13,200365,1832127.00
2023-07-26,9.18,9.18,9.06,9.16,171454,1562529.38
2023-07-27,9.18,9.60,9.18,9.32,390709,3660102.50
2023-07-28,9.39,9.55,9.21,9.40,416715,3899510.00
2023-07-31,9.40,9.59,9.38,9.41,377491,3566279.00
2023-08-01,9.50,9.50,9.22,9.29,258928,2403326.00
2023-08-02,9.24,9.42,9.21,9.29,140444,1302994.00
2023-08-03,9.28,9.39,9.09,9.22,89850,827036.00
2023-08-04,9.18,9.34,9.15,9.19,183114,1688037.50
2023-08-07,9.18,9.28,9.15,9.25,104684,962701.56
2023-08-08,9.17,9.34,9.10,9.15,86091,791183.31
2023-08-09,9.07,9.22,9.00,9.09,68551,620991.06
2023-08-10,9.19,9.19,9.05,9.08,103069,936013.44
2023-08-11,9.23,9.23,9.03,9.13,100518,913509.19
2023-08-14,9.02,9.16,9.00,9.08,108438,979612.56
2023-08-15,9.11,9.11,8.95,9.02,65620,590385.00
2023-08-16,8.89,9.06,8.89,9.06,80338,722464.13
2023-08-17,9.04,9.16,8.97,9.14,153631,1395737.63
2023-08-18,9.29,9.30,9.02,9.12,184049,1677260.75
2023-08-21,9.02,9.09,8.69,8.75,339896,3001978.50
2023-08-22,8.57,8.77,8.55,8.61,284277,2443854.50
2023-08-23,8.56,8.77,8.56,8.60,207569,1788444.25
2023-08-24,8.47,8.74,8.46,8.60,101945,872848.25
2023-08-25,8.72,8.72,8.35,8.43,205134,1748105.13
2023-08-28,8.86,8.87,8.38,8.54,184329,1572727.63
2023-08-29,8.50,8.77,8.40,8.71,256726,2224123.75
2023-08-30,8.70,8.93,8.57,8.76,227682,1988106.88
2023-08-31,8.55,8.81,8.55,8.76,102399,892442.81
2023-09-01,8.69,9.19,8.69,9.02,789725,7101365.00
2023-09-04,9.96,11.50,9.52,10.43,4087784,43333032.00
2023-09-05,10.20,10.55,10.00,10.55,2317611,23773366.00
2023-09-06,10.78,11.30,10.55,10.76,2493162,27143398.00
2023-09-07,10.55,10.68,10.10,10.17,1925893,19910010.00
2023-09-08,10.15,10.15,9.71,9.79,1232605,11886259.00
2023-09-11,9.79,9.94,9.53,9.86,873516,8538973.00
2023-09-12,9.85,10.10,9.73,9.86,1188679,11793176.00
2023-09-13,9.86,9.99,9.61,9.86,556231,5436265.00
2023-09-14,9.93,10.21,9.80,9.96,728728,7298138.50
2023-09-15,10.10,10.10,9.68,9.86,357568,3503150.25
2023-09-18,9.80,9.95,9.68,9.80,426064,4182434.25
2023-09-19,9.73,9.80,9.57,9.64,554542,5365912.00
2023-09-20,9.56,9.74,9.53,9.62,322911,3105079.00
2023-09-21,9.55,9.62,9.46,9.50,165316,1577339.13
2023-09-22,9.57,9.62,9.42,9.54,414509,3935488.75
2023-09-25,9.58,9.58,9.41,9.54,228430,2168976.25
2023-09-26,9.42,9.66,9.40,9.50,252720,2391971.50
2023-09-27,9.54,9.54,9.40,9.40,250027,2358310.50
2023-09-28,9.52,9.52,9.31,9.48,250133,2353166.25
2023-10-09,9.49,9.59,9.39,9.43,182269,1726424.88
2023-10-10,9.52,9.52,9.03,9.16,449963,4134997.75
2023-10-11,9.19,9.19,9.08,9.17,154265,1410947.75
2023-10-12,9.15,9.28,9.15,9.27,219402,2023138.00
2023-10-13,9.36,9.36,9.07,9.19,156860,1437737.50
2023-10-16,9.14,9.17,9.04,9.14,200860,1822887.63
2023-10-17,9.13,9.49,9.13,9.25,254955,2376951.50
2023-10-18,9.25,9.48,9.15,9.38,307715,2881661.25
2023-10-19,9.27,9.46,9.26,9.39,127980,1196307.63
2023-10-20,9.32,9.48,9.30,9.40,152289,1429133.13
2023-10-23,9.30,9.49,9.20,9.39,350186,3279917.50
2023-10-24,9.30,9.95,9.30,9.60,226907,2171052.00
2023-10-25,9.73,9.98,9.51,9.95,817173,8022902.00
2023-10-26,10.05,10.05,9.81,9.91,268980,2669375.50
2023-10-27,9.97,10.28,9.78,10.19,495736,4984403.00
2023-10-30,10.10,10.27,9.94,10.03,216793,2189177.25
2023-10-31,9.82,9.84,9.50,9.66,642172,6191642.50
2023-11-01,9.77,9.77,9.42,9.50,202529,1921741.88
2023-11-02,9.57,9.79,9.45,9.54,159662,1524740.63
2023-11-03,9.63,9.65,9.50,9.64,183196,1752099.13
2023-11-06,9.61,10.24,9.61,9.84,389195,3848620.25
2023-11-07,9.84,10.10,9.84,10.01,348709,3473647.00
2023-11-08,9.89,10.73,9.86,10.41,1463412,15016479.00
2023-11-09,10.42,10.60,10.20,10.35,759381,7915726.50
2023-11-10,10.22,10.47,10.22,10.40,745427,7750240.00
2023-11-13,10.40,10.59,10.21,10.49,513087,5338627.00
2023-11-14,10.40,10.73,10.28,10.62,609344,6404071.00
2023-11-15,10.75,10.88,10.52,10.65,405550,4333567.00
2023-11-16,10.73,10.73,10.20,10.32,537179,5551195.50
2023-11-17,10.22,10.41,10.14,10.36,192365,1980131.63
2023-11-20,10.29,10.93,10.29,10.82,1138997,12209290.00
2023-11-21,10.83,12.53,10.83,11.20,3188777,36511880.00
2023-11-22,11.32,12.19,10.85,12.11,4273498,49792120.00
2023-11-23,12.25,12.97,11.31,11.51,3689343,44515316.00
2023-11-24,11.37,12.80,11.37,12.37,4222957,51318960.00
2023-11-27,12.75,16.08,12.71,16.08,6476697,92703288.00
2023-11-28,16.24,20.86,15.03,20.85,9279311,174718416.00
2023-11-29,19.49,21.47,17.07,17.60,7181848,135986368.00
2023-11-30,17.00,18.00,15.55,16.40,4875691,81157760.00
2023-12-01,16.64,16.94,14.91,14.95,3406506,52845332.00
2023-12-04,14.80,15.55,14.04,14.59,2413715,35434052.00
2023-12-05,14.80,18.96,14.59,18.96,7566674,127300544.00
2023-12-06,18.48,19.88,16.70,16.97,5373182,98561912.00
2023-12-07,17.00,18.75,16.96,17.64,4408056,78841728.00
2023-12-08,18.00,18.21,17.08,17.38,3208368,56226264.00
2023-12-11,17.05,17.35,15.88,16.19,2592590,42582136.00
2023-12-12,16.42,17.10,16.19,16.99,2625393,43999084.00
2023-12-13,17.16,18.67,16.91,17.75,3968969,71090032.00
2023-12-14,17.67,18.90,17.10,17.43,4028739,72612232.00
2023-12-15,17.20,17.72,16.60,17.02,2015093,34439032.00
2023-12-18,17.29,18.55,17.01,18.26,3647858,65310564.00
2023-12-19,18.80,18.80,17.42,18.02,2663586,47747056.00
2023-12-20,17.90,19.20,17.78,18.75,3186114,59298588.00
2023-12-21,19.00,19.50,14.11,16.20,4757986,84521384.00
2023-12-22,15.90,16.97,15.52,16.45,2224448,35914572.00
2023-12-25,16.45,17.80,16.41,17.40,2786461,47367284.00
2023-12-26,17.62,18.30,16.50,17.55,3039948,53332824.00
2023-12-27,17.40,17.40,16.43,17.16,2233392,37712576.00
2023-12-28,16.80,17.29,16.72,16.96,1893391,32235892.00
2023-12-29,17.10,17.93,16.81,17.64,2446497,42816356.00
2024-01-02,17.48,18.31,17.22,18.30,3715047,66758732.00
2024-01-03,18.93,19.15,17.99,18.13,3886398,72113880.00
2024-01-04,18.29,18.29,17.51,17.95,2247756,40080104.00
2024-01-05,18.10,18.10,16.15,16.66,2365223,40582968.00
2024-01-08,16.33,16.87,15.58,15.70,1561090,25120216.00
2024-01-09,15.81,16.20,14.25,15.11,1809658,27610062.00
2024-01-10,15.02,15.50,14.50,15.32,1044535,15836582.00
2024-01-11,15.36,15.52,14.54,15.21,1048136,15979014.00
2024-01-12,15.08,15.47,13.80,13.80,1787042,25873258.00
2024-01-15,13.90,13.90,13.06,13.23,1106128,14848158.00
2024-01-16,13.22,15.05,12.60,14.61,2290132,32134718.00
2024-01-17,14.42,15.03,14.33,14.37,1449608,21307066.00
2024-01-18,14.37,14.70,13.69,14.67,1342996,19241714.00
2024-01-19,14.88,15.48,14.60,15.36,2104632,31943406.00
2024-01-22,15.19,15.19,14.15,14.15,1590654,23414374.00
2024-01-23,14.20,14.41,13.88,14.14,1196121,16872226.00
2024-01-24,14.28,14.33,13.22,13.85,1491902,20313362.00
2024-01-25,13.71,14.16,13.33,13.61,1199528,16442367.00
2024-01-26,13.61,14.21,13.39,13.39,1131455,15617252.00
2024-01-29,13.30,13.40,12.05,12.24,899773,11432464.00
2024-01-30,12.42,12.53,11.51,11.96,1156672,13833807.00
2024-01-31,11.99,12.45,11.81,12.00,1350315,16356913.00
2024-02-01,12.10,12.12,11.45,11.45,914253,10683406.00
2024-02-02,11.48,11.77,10.18,10.90,1153219,12678742.00
2024-02-05,10.89,11.61,9.74,10.85,1693820,17925154.00
2024-02-06,10.76,13.99,10.51,13.70,3559355,44191608.00
2024-02-07,13.49,14.32,12.50,12.76,3945479,52918748.00
2024-02-08,12.79,12.79,11.18,11.90,2192552,26500376.00
2024-02-19,12.30,12.56,12.04,12.44,1145790,14073099.00
2024-02-20,12.19,13.00,12.19,12.72,1662254,21114432.00
2024-02-21,12.70,13.98,12.33,13.17,2301998,30869496.00
2024-02-22,13.17,13.36,12.78,13.03,1552915,20236294.00
2024-02-23,13.17,13.48,12.80,13.11,1444665,18875874.00
2024-02-26,13.24,13.50,13.00,13.31,1441912,19166534.00
2024-02-27,13.56,14.50,13.35,14.34,3862211,54457300.00
2024-02-28,14.34,14.39,13.30,13.30,3573732,49833944.00
2024-02-29,13.29,13.80,13.05,13.61,1846720,24892174.00
2024-03-01,13.81,13.81,13.38,13.42,1235243,16699576.00
2024-03-04,13.57,13.57,12.97,13.03,1050914,13812039.00
2024-03-05,13.18,13.23,12.71,12.75,820991,10609820.00
2024-03-06,12.86,13.13,12.73,12.92,830427,10790038.00
2024-03-07,13.10,13.10,12.27,12.35,988901,12530253.00
2024-03-08,12.36,12.58,12.12,12.37,593934,7334009.50
2024-03-11,12.30,12.56,12.20,12.44,729661,9005452.00
2024-03-12,12.44,12.54,12.30,12.32,516727,6407013.00
2024-03-13,12.40,12.50,12.17,12.17,511706,6305288.00
2024-03-14,12.17,12.30,11.80,12.01,574910,6949553.00
2024-03-15,12.06,13.12,11.69,12.57,1723184,21703844.00
2024-03-18,12.66,13.23,12.36,13.09,1696188,21774238.00
2024-03-19,13.20,13.22,12.63,12.76,1002113,12925846.00
2024-03-20,12.60,12.89,12.60,12.62,679958,8624097.00
2024-03-21,12.59,12.73,12.33,12.36,651023,8104719.50
2024-03-22,12.51,12.56,12.01,12.01,756102,9237834.00
2024-03-25,12.00,12.07,11.41,11.49,851921,10029260.00
2024-03-26,11.45,11.66,11.07,11.25,1128855,12669964.00
2024-03-27,11.25,11.70,11.13,11.32,920573,10530936.00
2024-03-28,11.46,11.88,11.30,11.60,819958,9498157.00
2024-03-29,11.68,11.85,11.37,11.62,685718,7937084.50
2024-04-01,11.77,11.78,11.11,11.61,530987,6170775.50
2024-04-02,11.69,12.18,11.32,11.73,799718,9399804.00
2024-04-03,11.81,12.03,11.60,11.70,601601,7061466.50
2024-04-08,11.62,11.68,11.16,11.16,496692,5642574.00
2024-04-09,11.18,11.36,11.18,11.29,263103,2969858.00
2024-04-10,11.29,12.16,11.29,11.59,1153058,13609834.00
2024-04-11,11.51,11.77,11.39,11.62,476529,5507254.50
2024-04-12,11.55,11.72,11.45,11.62,396120,4586191.00
2024-04-15,11.77,12.25,11.51,11.86,1096892,13069350.00
2024-04-16,11.89,12.00,10.77,11.08,931496,10371179.00
2024-04-17,11.24,11.80,11.22,11.61,752066,8708555.00
2024-04-18,11.75,12.52,11.68,11.94,1320818,15992484.00
2024-04-19,12.20,12.24,11.55,11.76,802841,9449413.00
2024-04-22,11.60,11.81,11.55,11.60,376117,4381817.50
2024-04-23,11.60,11.93,11.60,11.80,538473,6342601.00
2024-04-24,11.80,11.88,11.62,11.69,544594,6391593.50
2024-04-25,11.79,11.98,11.66,11.68,490908,5789091.50
2024-04-26,11.80,11.83,11.60,11.76,843388,9883851.00
2024-04-29,11.70,12.04,11.70,11.83,641633,7618221.50
2024-04-30,11.88,12.10,11.82,11.93,697355,8336686.00
2024-05-06,12.10,12.21,11.91,12.05,749538,9042665.00
2024-05-07,11.99,12.24,11.94,12.01,566491,6834141.00
2024-05-08,12.00,12.11,11.88,11.88,500242,5997951.50
2024-05-09,11.77,12.10,11.77,11.98,355905,4270115.00
2024-05-10,12.09,12.09,11.77,11.78,479834,5693908.50
2024-05-13,11.73,11.80,11.32,11.33,574759,6593580.00
2024-05-14,11.47,11.50,11.31,11.37,334342,3802101.50
2024-05-15,11.45,11.45,11.08,11.13,430710,4826619.00
2024-05-16,11.26,11.27,11.10,11.12,183028,2045990.13
2024-05-17,11.15,11.36,11.13,11.28,222598,2501380.75
2024-05-20,11.49,11.62,11.27,11.47,326290,3743607.75
2024-05-21,11.25,11.25,10.99,11.07,224934,2497196.25
2024-05-22,11.11,11.18,11.06,11.12,192660,2143106.25
2024-05-23,11.22,11.98,10.90,11.53,1396870,16051023.00
2024-05-24,11.44,11.53,11.16,11.16,456056,5172181.50
2024-05-27,11.15,11.15,10.95,11.12,285859,3159013.00
2024-05-28,11.12,11.40,10.99,11.09,321602,3592642.75
2024-05-29,11.10,11.21,11.04,11.13,158592,1762603.50
2024-05-30,11.24,11.24,10.89,11.00,224266,2465162.00
2024-05-31,10.90,11.11,10.72,10.72,260255,2834711.75
2024-06-03,10.68,10.72,10.11,10.25,679379,7000913.50
2024-06-04,10.34,10.37,10.14,10.35,268828,2752331.50
2024-06-05,10.41,10.88,10.20,10.20,361506,3801339.00
2024-06-06,10.24,10.33,9.61,9.62,623830,6157723.00
2024-06-07,9.82,9.93,9.65,9.78,206387,2018178.50
2024-06-11,9.90,10.10,9.53,10.00,208161,2063758.88
2024-06-12,10.01,10.09,9.79,9.86,216946,2166593.75
2024-06-13,9.87,9.99,9.62,9.73,296790,2894002.75
2024-06-14,9.79,9.79,9.63,9.73,180397,1751079.00
2024-06-17,9.82,9.82,9.50,9.52,309018,2962720.75
2024-06-18,9.63,9.79,9.42,9.60,313245,2997664.50
2024-06-19,9.50,10.09,9.48,9.78,595866,5862431.00
2024-06-20,9.90,9.91,9.45,9.52,372461,3556882.00
2024-06-21,9.55,9.79,9.43,9.68,409139,3966660.25
2024-06-24,9.81,9.81,9.43,9.46,296799,2838033.75
2024-06-25,9.34,10.55,9.33,9.93,1906910,19224660.00
2024-06-26,9.73,10.06,9.71,10.00,914858,9009940.00
2024-06-27,10.07,10.12,9.64,9.64,476622,4704309.00
2024-06-28,9.63,9.87,9.63,9.68,440360,4298039.50
2024-07-01,9.76,9.88,9.53,9.75,426125,4140682.25
2024-07-02,10.01,10.75,10.01,10.19,1505399,15650455.00
2024-07-03,10.04,10.16,9.83,9.83,637969,6339995.50
2024-07-04,9.88,10.11,9.70,9.81,465430,4610907.50
2024-07-05,9.76,9.86,9.60,9.82,416608,4041488.25
2024-07-08,9.78,9.78,9.27,9.42,309130,2954639.25
2024-07-09,9.51,9.84,9.17,9.57,395841,3770567.25
2024-07-10,9.57,9.65,9.30,9.30,322974,3044888.00
2024-07-11,9.50,9.80,9.37,9.60,726599,7000350.00
2024-07-12,9.73,9.84,9.54,9.70,498251,4839170.50
2024-07-15,9.75,9.78,9.55,9.75,295923,2853655.25
2024-07-16,10.10,10.50,9.88,10.26,1549471,15759138.00
2024-07-17,9.96,11.45,9.96,11.11,3051751,33224956.00
2024-07-18,10.95,10.95,10.38,10.38,1492607,15858304.00
2024-07-19,10.40,10.78,10.31,10.31,965711,10166318.00
2024-07-22,10.31,10.42,10.01,10.11,530175,5380814.00
2024-07-23,10.23,10.35,10.07,10.07,403017,4101143.50
2024-07-24,10.08,10.22,9.91,9.97,418948,4200650.00
2024-07-25,10.00,10.33,9.88,10.21,712300,7253268.00
2024-07-26,10.34,10.36,10.12,10.17,466226,4768626.50
2024-07-29,10.16,10.28,9.95,9.98,316092,3169394.25
2024-07-30,9.94,10.18,9.90,10.07,345145,3465801.75
2024-07-31,10.03,10.40,9.97,10.29,601335,6169426.00
2024-08-01,10.31,10.38,10.18,10.19,404389,4148241.00
2024-08-02,10.11,10.22,9.98,10.00,424956,4274884.50
2024-08-05,9.88,10.17,9.71,9.74,395157,3909531.25
2024-08-06,9.74,9.92,9.58,9.76,447752,4362874.50
2024-08-07,9.70,9.87,9.68,9.75,232055,2265680.50
2024-08-08,9.79,9.79,9.59,9.67,308008,2973454.75
2024-08-09,9.67,9.92,9.65,9.65,273369,2660487.25
2024-08-12,9.67,9.85,9.53,9.69,169184,1641092.75
2024-08-13,9.65,9.75,9.61,9.74,131684,1274742.63
2024-08-14,9.75,9.76,9.63,9.63,135402,1311082.13
2024-08-15,9.65,9.78,9.60,9.70,213814,2071127.50
2024-08-16,9.71,9.75,9.61,9.68,201511,1950079.38
2024-08-19,9.82,9.82,9.55,9.63,259482,2497888.00
2024-08-20,9.62,9.75,9.58,9.59,332422,3214281.00
2024-08-21,9.54,9.59,9.33,9.40,195236,1848405.88
2024-08-22,9.40,9.52,9.34,9.42,167509,1572170.13
2024-08-23,9.48,9.54,9.32,9.38,174571,1644838.63
2024-08-26,9.38,9.57,9.35,9.54,176754,1677179.13
2024-08-27,9.55,9.56,9.38,9.38,101930,960923.56
2024-08-28,9.39,9.49,9.29,9.40,282166,2643382.75
2024-08-29,9.44,9.58,9.30,9.45,236487,2237533.75
2024-08-30,9.53,9.78,9.53,9.62,274566,2653321.50
2024-09-02,9.64,9.68,9.34,9.46,252009,2386258.75
2024-09-03,9.49,9.59,9.37,9.46,244474,2319373.75
2024-09-04,9.53,9.53,9.37,9.47,191128,1804921.13
2024-09-05,9.48,9.56,9.41,9.53,217952,2064312.88
2024-09-06,9.55,9.72,9.40,9.51,250258,2400351.00
2024-09-09,9.51,9.99,9.44,9.67,466201,4525956.50
2024-09-10,9.68,10.19,9.61,10.07,983125,9788342.00
2024-09-11,9.97,10.30,9.90,10.01,445754,4498653.00
2024-09-12,10.15,10.15,9.77,9.79,319873,3162847.50
2024-09-13,9.66,10.17,9.66,10.00,472335,4693250.50
2024-09-18,10.00,10.36,9.87,9.97,553372,5581888.50
2024-09-19,9.96,10.17,9.87,9.96,337489,3368317.75
2024-09-20,9.96,10.03,9.81,9.82,171991,1699604.75
2024-09-23,9.90,9.92,9.75,9.82,127882,1257158.50
2024-09-24,9.91,10.19,9.80,10.09,443634,4438130.00
2024-09-25,10.30,10.47,10.08,10.14,557661,5731851.00
2024-09-26,10.13,10.32,10.06,10.29,553352,5643445.00
2024-09-27,10.45,11.40,10.33,11.15,1378288,15069248.00
2024-09-30,12.00,13.69,11.38,13.13,3436612,43166172.00
2024-10-08,16.55,16.55,13.75,15.56,3580158,54783652.00
2024-10-09,14.86,14.86,12.88,13.02,2354709,32728318.00
2024-10-10,13.33,13.63,12.70,12.88,1782172,23518932.00
2024-10-11,12.53,12.91,11.42,11.68,1583303,19130722.00
2024-10-14,11.72,12.25,11.31,12.18,1223150,14619797.00
2024-10-15,12.30,12.44,11.70,11.70,1231073,14941747.00
2024-10-16,11.56,11.98,11.40,11.87,1090117,12783033.00
2024-10-17,12.02,13.05,12.02,12.47,2788504,34859572.00
2024-10-18,12.33,13.52,12.33,13.27,2866352,37406756.00
2024-10-21,13.68,14.85,13.50,14.56,3961076,56285884.00
2024-10-22,15.00,15.00,13.39,13.84,3090450,43076304.00
2024-10-23,13.64,14.79,13.60,14.28,2822145,40504832.00
2024-10-24,14.47,15.40,14.35,14.93,3710164,54967588.00
2024-10-25,15.40,16.89,14.60,14.66,5326949,84108000.00
2024-10-28,14.66,15.47,13.79,15.47,3595868,53047288.00
2024-10-29,15.85,16.68,15.31,16.63,4521281,73001400.00
2024-10-30,16.60,18.88,15.90,17.63,3999322,67643776.00
2024-10-31,16.91,17.57,15.49,16.26,3731655,61562400.00
2024-11-01,16.00,16.38,14.62,14.71,2622632,40026736.00
2024-11-04,14.67,16.50,14.67,16.36,2675134,41816932.00
2024-11-05,16.12,17.80,16.00,17.40,3532356,60357096.00
2024-11-06,17.98,19.58,16.61,18.40,5298561,96415680.00
2024-11-07,18.60,20.15,17.70,19.75,4997054,97054152.00
2024-11-08,19.87,20.45,18.54,18.60,3229622,61367524.00
2024-11-11,18.38,18.80,17.58,18.31,1993035,36351996.00
2024-11-12,18.35,19.13,17.93,18.48,1553934,28870640.00
2024-11-13,18.65,18.95,17.52,18.22,1404234,25452742.00
2024-11-14,18.20,18.50,17.16,17.50,1324538,23585624.00
2024-11-15,17.52,18.15,16.80,17.59,1672456,29330444.00
2024-11-18,17.87,18.62,17.50,17.81,2173865,39324020.00
2024-11-19,17.55,18.05,15.58,16.82,2111828,35386360.00
2024-11-20,16.70,17.58,16.20,17.53,1544267,26462242.00
2024-11-21,17.78,19.19,17.49,18.72,3178115,58460000.00
2024-11-22,18.55,18.93,17.71,17.73,2189506,40288220.00
2024-11-25,18.00,18.00,16.60,17.47,1240221,21414752.00
2024-11-26,17.55,17.68,16.59,16.59,1464194,24851530.00
2024-11-27,16.64,16.76,15.50,16.76,1145787,18433706.00
2024-11-28,16.76,17.49,16.76,17.08,1763626,30311128.00
2024-11-29,16.85,17.68,16.36,17.39,1604352,27548040.00
2024-12-02,17.64,18.57,17.12,18.46,2317010,41752996.00
2024-12-03,18.46,18.46,18.46,18.46,0,0.00
#数据来源:通达信
