838275 驱动力 日线 不复权
      日期	    开盘	    最高	    最低	    收盘	    成交量	    成交额
2019-04-09,5.00,5.00,5.00,5.00,1219000,6095000.00
2020-01-07,5.00,5.00,5.00,5.00,4000,20000.00
2020-01-08,5.00,5.00,5.00,5.00,4000,20000.00
2020-01-09,5.00,5.00,5.00,5.00,2000,10000.00
2020-01-10,5.00,5.00,5.00,5.00,1000,5000.00
2020-01-13,5.00,5.00,5.00,5.00,5000,25000.00
2020-01-14,5.00,5.00,5.00,5.00,5000,25000.00
2020-01-15,5.00,5.00,5.00,5.00,4000,20000.00
2020-01-16,5.00,5.00,5.00,5.00,3000,15000.00
2020-01-17,5.00,5.00,5.00,5.00,2000,10000.00
2020-01-20,5.00,5.00,5.00,5.00,3000,15000.00
2020-01-21,5.00,5.00,5.00,5.00,2000,10000.00
2020-01-22,5.00,5.00,5.00,5.00,1000,5000.00
2020-02-05,5.20,5.20,5.20,5.20,1000,5200.00
2020-02-06,5.20,5.20,5.20,5.20,1000,5200.00
2020-02-19,5.00,5.00,5.00,5.00,1000,5000.00
2020-02-20,5.00,5.00,5.00,5.00,1000,5000.00
2020-03-12,5.00,5.00,5.00,5.00,1000,5000.00
2020-03-30,5.00,5.00,5.00,5.00,900,4500.00
2020-04-01,5.00,5.00,5.00,5.00,900,4500.00
2020-04-03,5.10,5.10,5.10,5.10,900,4590.00
2020-04-20,5.00,5.00,5.00,5.00,1800,9000.00
2020-04-21,5.00,5.00,5.00,5.00,500,2500.00
2020-04-22,5.00,5.00,5.00,5.00,1300,6500.00
2020-04-28,5.01,5.01,5.01,5.01,1000,5010.00
2020-05-15,5.00,5.00,5.00,5.00,900,4500.00
2020-05-18,5.00,5.05,5.00,5.05,5500,27505.00
2020-05-19,5.29,6.05,5.29,6.05,2900,16861.00
2020-05-20,8.20,8.20,8.20,8.20,800,7363.60
2020-05-25,5.50,5.50,5.50,5.50,0,11.00
2020-05-26,5.50,5.51,5.50,5.51,2800,15427.00
2020-05-27,5.85,5.85,5.85,5.85,800,4680.00
2020-06-03,8.68,8.68,5.70,6.00,48800,293007.59
2020-06-04,5.50,5.50,5.50,5.50,51300,282150.00
2021-01-25,6.80,8.38,6.64,7.58,4862100,37030324.00
2021-01-26,7.50,7.80,7.18,7.37,1822100,13504036.00
2021-01-27,7.25,7.25,6.26,6.54,2049200,13575467.00
2021-01-28,6.32,6.50,6.08,6.46,470900,2955406.50
2021-01-29,6.50,6.51,6.10,6.45,463700,2944021.75
2021-02-01,6.31,6.41,6.11,6.17,762600,4752169.00
2021-02-02,6.16,6.20,5.94,5.99,1183100,7125128.00
2021-02-03,5.96,6.20,5.96,6.10,359800,2199208.50
2021-02-04,6.19,6.19,5.88,6.01,272700,1624336.88
2021-02-05,5.97,6.05,5.78,5.82,566800,3327292.50
2021-02-08,6.01,6.30,5.92,6.25,754500,4584725.00
2021-02-09,6.10,6.18,6.00,6.15,296700,1801867.88
2021-02-10,6.05,6.16,5.87,6.14,401600,2429379.75
2021-02-18,6.18,6.22,6.10,6.16,189000,1167189.88
2021-02-19,6.15,6.22,6.10,6.15,178800,1103228.50
2021-02-22,6.16,6.16,5.90,5.93,428700,2557521.25
2021-02-23,5.93,6.06,5.86,5.91,185400,1095162.38
2021-02-24,5.91,6.02,5.85,5.86,144100,848094.75
2021-02-25,5.88,5.95,5.85,5.94,106700,628416.75
2021-02-26,5.94,5.98,5.92,5.92,86200,512834.97
2021-03-01,6.01,6.08,6.01,6.08,196000,1185119.75
2021-03-02,6.03,6.10,5.99,6.06,145400,877900.56
2021-03-03,6.05,6.25,6.01,6.25,235000,1446044.38
2021-03-04,6.36,6.99,6.36,6.86,1276500,8623487.00
2021-03-05,6.85,7.30,6.85,6.90,813600,5789628.00
2021-03-08,7.00,7.09,6.36,6.54,497000,3249762.50
2021-03-09,6.33,6.50,6.21,6.28,169300,1068824.63
2021-03-10,6.30,6.42,6.22,6.29,66900,422834.88
2021-03-11,6.38,6.39,6.30,6.38,62100,395345.66
2021-03-12,6.29,6.46,6.29,6.39,47300,301480.97
2021-03-15,6.39,6.43,6.30,6.36,31100,197032.77
2021-03-16,6.30,6.40,6.26,6.35,37700,237174.14
2021-03-17,6.32,6.33,6.16,6.24,146200,914620.94
2021-03-18,6.34,6.45,6.18,6.42,139500,878864.88
2021-03-19,6.29,6.43,6.29,6.40,119700,761677.31
2021-03-22,6.57,6.57,6.38,6.54,345900,2256231.25
2021-03-23,6.60,7.05,6.48,6.87,471300,3197504.00
2021-03-24,7.00,7.10,6.71,6.84,100600,697180.44
2021-03-25,6.78,6.98,6.78,6.85,90500,626176.44
2021-03-26,6.80,7.08,6.80,6.89,105400,736196.69
2021-03-29,7.35,7.50,7.12,7.12,608500,4445112.50
2021-03-30,7.30,7.44,7.13,7.16,101300,735081.81
2021-03-31,7.11,7.28,7.06,7.23,95900,691305.44
2021-04-01,7.13,7.36,7.09,7.24,70700,508003.28
2021-04-02,7.08,7.32,7.03,7.21,139800,997921.69
2021-04-06,7.12,7.26,7.12,7.26,103200,743787.13
2021-04-07,7.16,7.29,7.16,7.28,77300,559127.50
2021-04-08,7.33,7.69,7.33,7.60,207500,1564497.88
2021-04-09,7.64,7.98,7.50,7.85,138800,1084235.13
2021-04-12,8.00,8.11,7.86,8.01,213000,1708430.88
2021-04-13,7.90,8.12,7.89,7.90,169600,1355850.88
2021-04-14,7.86,7.89,7.57,7.73,231200,1787973.00
2021-04-15,7.68,7.76,7.63,7.70,50600,389329.00
2021-04-16,7.68,7.72,7.51,7.70,190500,1451264.38
2021-04-19,7.69,7.87,7.66,7.83,126500,988341.94
2021-04-20,7.82,7.99,7.81,7.86,154400,1220527.25
2021-04-21,7.84,7.93,7.78,7.80,69400,543326.50
2021-04-22,7.88,7.88,7.75,7.82,51700,402231.88
2021-04-23,7.82,7.82,7.70,7.77,123100,952127.63
2021-04-26,7.70,7.89,7.70,7.80,142200,1102558.25
2021-04-27,7.70,8.02,7.35,7.71,409200,3137544.50
2021-04-28,7.80,7.80,7.51,7.65,144800,1108025.75
2021-04-29,7.85,7.86,7.66,7.70,27100,209738.78
2021-04-30,7.61,7.80,7.61,7.70,43100,332997.97
2021-05-06,7.71,7.80,7.70,7.71,25800,198695.45
2021-05-07,7.63,7.72,7.63,7.66,29200,223474.91
2021-05-10,7.62,7.88,7.62,7.66,37600,288407.16
2021-05-11,7.60,7.60,7.13,7.45,79400,587557.13
2021-05-12,5.22,5.35,5.07,5.13,54200,280496.50
2021-05-13,5.11,5.18,5.07,5.15,34000,175548.38
2021-05-14,5.20,5.31,5.15,5.30,56000,294033.88
2021-05-17,5.35,5.60,5.30,5.47,242600,1331412.38
2021-05-18,5.60,5.60,5.43,5.52,36600,201502.06
2021-05-19,5.58,5.58,5.42,5.52,48200,263933.75
2021-05-20,5.50,5.55,5.42,5.50,49000,268687.38
2021-05-21,5.50,5.52,5.33,5.35,75000,405185.69
2021-05-24,5.33,5.40,5.07,5.23,157800,815931.88
2021-05-25,5.13,5.13,4.79,4.79,652800,3190372.25
2021-05-26,4.81,4.85,4.75,4.76,268600,1288480.88
2021-05-27,4.83,4.83,4.76,4.80,72700,348041.97
2021-05-28,4.89,4.89,4.77,4.80,81900,391421.75
2021-05-31,4.79,4.84,4.74,4.84,104200,496354.94
2021-06-01,4.88,4.88,4.76,4.83,16300,78482.47
2021-06-02,4.85,4.85,4.74,4.81,457000,2032177.38
2021-06-03,4.71,4.72,4.46,4.52,1505100,6528816.50
2021-06-04,4.45,4.45,4.10,4.20,1321800,5596496.50
2021-06-07,4.15,4.36,4.15,4.34,726200,3075541.50
2021-06-08,4.44,4.44,4.10,4.22,961400,4070511.75
2021-06-09,4.24,4.26,4.16,4.22,566900,2382727.75
2021-06-10,4.24,4.55,4.21,4.52,1067500,4672187.00
2021-06-11,4.55,4.73,4.36,4.58,2866100,12316262.00
2021-06-15,4.66,4.78,4.60,4.60,206900,973057.81
2021-06-16,4.59,4.66,4.52,4.62,194400,891233.94
2021-06-17,4.55,4.68,4.55,4.66,113800,525620.31
2021-06-18,4.61,4.68,4.59,4.60,205400,953649.88
2021-06-21,4.60,4.60,4.35,4.44,444400,1964422.63
2021-06-22,4.43,4.49,4.42,4.48,86100,383735.59
2021-06-23,4.48,4.51,4.38,4.45,132500,587705.81
2021-06-24,4.49,4.58,4.45,4.57,218600,985019.00
2021-06-25,4.55,4.84,4.55,4.73,778000,3683655.50
2021-06-28,4.80,4.80,4.66,4.71,267900,1265333.00
2021-06-29,4.78,4.78,4.63,4.72,97400,458083.28
2021-06-30,4.73,4.78,4.71,4.72,70000,331161.00
2021-07-01,4.66,4.78,4.66,4.68,72300,340231.97
2021-07-02,4.77,4.77,4.62,4.71,72400,341288.88
2021-07-05,4.76,4.76,4.62,4.69,146300,682695.94
2021-07-06,4.58,4.69,4.54,4.59,101200,465072.16
2021-07-07,4.71,4.71,4.60,4.62,74100,343671.63
2021-07-08,4.71,4.71,4.58,4.60,189500,877930.38
2021-07-09,4.63,4.69,4.56,4.66,281400,1292864.63
2021-07-12,4.69,4.76,4.66,4.70,424300,1791852.75
2021-07-13,4.71,4.71,4.61,4.62,360500,1816834.88
2021-07-14,4.69,4.82,4.60,4.68,178000,828520.56
2021-07-15,4.66,4.66,4.57,4.63,439600,2019921.88
2021-07-16,4.63,4.67,4.58,4.65,114500,530289.06
2021-07-19,4.77,4.80,4.67,4.71,269800,1283100.50
2021-07-20,4.63,4.68,4.53,4.66,292600,1347372.25
2021-07-21,4.70,4.72,4.60,4.64,77100,358030.28
2021-07-22,4.69,4.72,4.51,4.59,110000,505713.44
2021-07-23,4.55,4.62,4.55,4.60,97500,445967.88
2021-07-26,4.56,4.60,4.47,4.57,180600,814079.88
2021-07-27,4.44,4.60,4.39,4.43,367700,1644063.75
2021-07-28,4.43,4.49,4.30,4.40,241500,1053486.88
2021-07-29,4.40,4.48,4.36,4.43,75900,335898.16
2021-07-30,4.48,4.48,4.29,4.44,4600,20277.27
2021-08-02,4.32,4.49,4.27,4.40,224400,968887.63
2021-08-03,4.27,4.43,4.27,4.36,42100,181819.73
2021-08-04,4.54,4.54,4.24,4.36,163300,839991.13
2021-08-05,4.40,4.40,4.35,4.39,278500,1215168.38
2021-08-06,4.38,4.64,4.26,4.64,454400,2237568.00
2021-08-09,4.62,4.73,4.60,4.63,283100,1325301.00
2021-08-10,4.73,4.74,4.63,4.68,118600,555897.38
2021-08-11,4.62,4.75,4.62,4.71,308000,1457597.25
2021-08-12,4.74,4.85,4.72,4.81,438900,1852573.75
2021-08-13,4.71,4.80,4.71,4.73,217000,1026799.69
2021-08-16,4.74,4.84,4.68,4.82,1089600,5343022.00
2021-08-17,4.83,4.83,4.68,4.69,361200,1723897.88
2021-08-18,4.80,4.80,4.64,4.65,295500,1146930.75
2021-08-19,4.65,4.72,4.60,4.66,144000,672393.44
2021-08-20,4.63,4.67,4.61,4.66,151300,701471.13
2021-08-23,4.67,4.67,4.54,4.63,322400,1478179.00
2021-08-24,4.64,4.64,4.57,4.59,254700,1154911.63
2021-08-25,4.52,4.60,4.51,4.56,252500,926487.94
2021-08-26,4.53,4.53,4.36,4.41,186800,828193.19
2021-08-27,4.52,4.52,4.37,4.44,96600,426615.13
2021-08-30,4.51,4.51,4.32,4.43,218700,955989.94
2021-08-31,4.30,4.44,4.30,4.43,246500,1071934.38
2021-09-01,4.41,4.55,4.30,4.54,380100,1690698.00
2021-09-02,4.54,4.68,4.39,4.67,283100,1296966.75
2021-09-03,5.30,5.60,4.80,5.19,2225500,11366964.00
2021-09-06,5.33,6.74,5.33,6.36,2972700,18876752.00
2021-09-07,6.28,6.74,6.21,6.24,1529700,9923929.00
2021-09-08,6.48,6.48,6.09,6.41,1181900,7437308.00
2021-09-09,6.56,7.31,6.36,7.27,1936900,13307209.00
2021-09-10,7.51,7.66,6.90,7.20,1720500,12483312.00
2021-09-13,7.20,7.25,6.20,6.51,1207800,8084620.50
2021-09-14,6.90,6.90,6.25,6.45,720600,4801478.00
2021-09-15,6.48,6.53,6.11,6.20,792200,4996989.50
2021-09-16,6.19,6.25,6.01,6.02,474500,2901001.00
2021-09-17,6.15,6.47,6.00,6.40,509400,3203616.25
2021-09-22,7.06,7.35,6.69,7.21,1298000,9055324.00
2021-09-23,7.11,7.89,7.11,7.27,1478300,11095047.00
2021-09-24,7.46,7.50,7.01,7.29,677300,4882929.50
2021-09-27,7.38,7.38,6.60,6.96,944400,6548552.50
2021-09-28,6.95,7.08,6.90,6.98,158700,1103477.63
2021-09-29,6.96,6.97,6.79,6.88,309800,2139158.75
2021-09-30,6.88,7.39,6.88,7.11,749200,5353610.00
2021-10-08,7.15,7.25,7.00,7.07,350200,2473119.75
2021-10-11,7.25,7.25,7.04,7.16,396100,2839903.75
2021-10-12,7.17,7.19,6.89,7.02,144300,1020483.50
2021-10-13,7.15,7.15,6.97,7.10,105000,739989.81
2021-10-14,6.98,7.13,6.98,7.11,152900,1073536.13
2021-10-15,7.14,7.14,6.92,7.01,214100,1494940.25
2021-10-18,7.01,7.04,6.76,6.93,288300,1966546.13
2021-10-19,6.97,7.00,6.83,7.00,107100,743670.50
2021-10-20,7.00,7.06,6.88,6.96,228500,1589072.63
2021-10-21,6.90,7.17,6.90,7.14,387000,2752802.00
2021-10-22,7.08,7.17,7.00,7.13,204900,1447409.25
2021-10-25,7.14,7.14,6.94,7.04,138600,970072.63
2021-10-26,7.10,7.10,6.58,6.60,263000,1802777.13
2021-10-27,6.70,6.70,6.15,6.29,471400,3055706.75
2021-10-28,6.27,6.36,5.80,5.93,354400,2110326.00
2021-10-29,6.05,6.37,6.03,6.36,236100,1458597.63
2021-11-01,6.73,7.43,6.73,7.05,807100,5695395.00
2021-11-02,7.12,7.16,6.87,7.03,484100,3409051.75
2021-11-03,7.03,7.23,6.99,7.22,206500,1473270.25
2021-11-04,7.22,7.85,7.22,7.79,1010600,7788831.00
2021-11-05,7.77,7.96,7.60,7.61,838900,6492506.50
2021-11-08,7.85,8.80,7.65,8.18,1418100,11618426.00
2021-11-09,8.02,8.23,7.67,7.92,723800,5689830.00
2021-11-10,7.90,7.97,7.65,7.95,651900,5124030.50
2021-11-11,8.15,8.35,8.01,8.35,1137500,9292987.00
2021-11-12,8.54,8.80,8.26,8.33,2040900,17491714.00
2021-11-15,8.50,8.68,7.26,7.31,3938600,30875206.00
2021-11-16,7.39,7.56,7.02,7.25,2129400,15542287.00
2021-11-17,7.35,7.90,7.28,7.82,3097600,23982230.00
2021-11-18,7.82,7.90,7.39,7.50,1430600,10743536.00
2021-11-19,7.39,7.60,7.19,7.33,1252800,9180514.00
2021-11-22,7.36,7.47,7.28,7.34,675300,4960996.50
2021-11-23,7.30,7.53,7.21,7.39,961000,7096462.00
2021-11-24,7.45,7.45,7.13,7.18,850000,6131501.50
2021-11-25,7.18,7.23,7.00,7.06,622600,4416436.00
2021-11-26,7.01,7.11,6.83,6.85,648900,4482627.00
2021-11-29,6.86,7.00,6.51,6.67,1109200,7429570.00
2021-11-30,6.68,6.74,6.57,6.65,500200,3318043.25
2021-12-01,6.56,6.67,6.50,6.60,514400,3371408.00
2021-12-02,6.46,6.66,6.46,6.58,361200,2376852.00
2021-12-03,6.53,6.65,6.49,6.56,361700,2360532.75
2021-12-06,6.59,6.59,6.31,6.39,499400,3196715.50
2021-12-07,6.44,6.45,6.24,6.35,300300,1899186.50
2021-12-08,6.37,6.48,6.31,6.36,402800,2571067.75
2021-12-09,6.45,6.45,6.36,6.40,244400,1565509.13
2021-12-10,6.42,6.44,6.40,6.44,137800,885506.06
2021-12-13,6.45,6.49,6.29,6.48,588200,3751074.50
2021-12-14,6.48,6.78,6.46,6.71,986100,6600517.50
2021-12-15,6.71,6.76,6.49,6.51,419300,2749143.50
2021-12-16,6.59,6.59,6.46,6.51,247900,1611286.50
2021-12-17,6.51,6.55,6.39,6.43,376000,2421660.75
2021-12-20,6.50,6.50,6.33,6.37,154800,984732.75
2021-12-21,6.46,6.46,6.32,6.36,360300,2286271.25
2021-12-22,6.32,6.43,6.32,6.36,201600,1284420.38
2021-12-23,6.38,6.39,6.28,6.29,182700,1155760.00
2021-12-24,6.28,6.37,6.16,6.25,290600,1809865.75
2021-12-27,6.34,6.55,6.27,6.29,211300,1345456.13
2021-12-28,6.40,6.60,6.37,6.60,1041900,6776390.50
2021-12-29,6.66,6.96,6.60,6.88,1089800,7433375.00
2021-12-30,6.92,7.07,6.76,7.00,1396800,9738281.00
2021-12-31,7.08,7.50,6.93,7.27,2934600,21397716.00
2022-01-04,7.10,7.34,6.60,6.90,1382600,9623857.00
2022-01-05,6.93,7.18,6.71,7.05,1191000,8312319.00
2022-01-06,7.02,7.10,6.87,6.94,772300,5347014.00
2022-01-07,7.00,7.06,6.76,6.90,748600,5179056.00
2022-01-10,6.88,6.88,6.73,6.80,648798,4406042.50
2022-01-11,6.90,6.90,6.61,6.63,616280,4123079.00
2022-01-12,6.58,6.70,6.55,6.68,570091,3761593.00
2022-01-13,6.59,6.72,6.57,6.60,477837,3178090.00
2022-01-14,6.68,6.68,6.50,6.53,502110,3294568.25
2022-01-17,6.46,6.64,6.40,6.60,512445,3353270.50
2022-01-18,6.66,6.66,6.53,6.58,567243,3735289.75
2022-01-19,6.60,6.63,6.55,6.57,345037,2268727.00
2022-01-20,6.60,6.87,6.55,6.74,1850344,12412956.00
2022-01-21,6.70,6.81,6.60,6.62,788831,5281172.50
2022-01-24,6.56,6.63,6.29,6.36,832301,5320093.50
2022-01-25,6.35,6.35,5.91,6.00,1004339,6064795.00
2022-01-26,6.08,6.08,5.91,6.02,216383,1296943.00
2022-01-27,6.08,6.08,5.81,5.82,322431,1905710.25
2022-01-28,5.98,6.04,5.82,5.93,161702,956976.69
2022-02-07,5.87,6.02,5.85,6.02,301937,1781198.13
2022-02-08,6.08,6.08,5.96,6.02,193930,1164195.00
2022-02-09,6.05,6.15,6.00,6.07,197305,1199866.75
2022-02-10,6.06,6.12,6.00,6.05,203374,1234875.25
2022-02-11,6.06,6.06,5.85,5.85,430040,2539019.00
2022-02-14,5.83,5.95,5.80,5.85,149414,877117.56
2022-02-15,5.73,5.90,5.73,5.83,182949,1067050.38
2022-02-16,5.92,5.92,5.81,5.86,210964,1232510.25
2022-02-17,5.88,5.88,5.78,5.79,311816,1813632.75
2022-02-18,5.78,5.83,5.75,5.79,79768,460779.63
2022-02-21,5.79,5.85,5.74,5.80,243113,1404131.38
2022-02-22,5.81,5.81,5.60,5.65,334001,1888653.50
2022-02-23,5.58,5.73,5.58,5.66,239363,1351422.00
2022-02-24,5.66,5.71,5.21,5.55,393004,2173223.75
2022-02-25,5.48,5.61,5.48,5.55,248612,1378032.00
2022-02-28,5.52,5.63,5.38,5.41,310448,1694078.75
2022-03-01,5.48,5.48,5.40,5.41,145249,788551.19
2022-03-02,5.46,5.46,5.42,5.43,64212,349189.28
2022-03-03,5.38,5.49,5.38,5.48,120685,660168.31
2022-03-04,5.44,5.51,5.43,5.49,101464,555067.81
2022-03-07,5.52,5.52,5.43,5.44,74460,406173.34
2022-03-08,5.47,5.55,5.36,5.40,207246,1127574.50
2022-03-09,5.36,5.46,5.05,5.30,203151,1066079.63
2022-03-10,5.31,5.54,5.22,5.22,139273,741066.25
2022-03-11,5.22,5.28,5.03,5.27,165562,849669.50
2022-03-14,5.08,5.32,5.08,5.20,173369,889436.69
2022-03-15,5.15,5.17,4.75,4.94,216072,1085642.75
2022-03-16,5.08,5.12,4.67,5.00,334717,1611577.00
2022-03-17,5.08,5.48,5.00,5.20,399366,2096366.13
2022-03-18,5.08,5.30,5.08,5.22,161525,838962.75
2022-03-21,5.22,5.30,5.16,5.25,119739,626145.50
2022-03-22,5.25,5.28,5.17,5.18,124573,652995.63
2022-03-23,5.27,5.27,5.06,5.15,156484,805255.31
2022-03-24,5.15,5.17,5.08,5.14,56500,289348.13
2022-03-25,5.07,5.18,5.07,5.10,178923,913114.81
2022-03-28,5.30,5.30,5.07,5.09,72840,370989.41
2022-03-29,5.21,5.21,5.06,5.06,75170,384293.47
2022-03-30,5.06,5.21,5.06,5.16,179045,922885.19
2022-03-31,5.07,5.28,5.01,5.11,203811,1036656.06
2022-04-01,5.10,5.24,5.05,5.17,148321,770394.50
2022-04-06,5.20,5.27,5.12,5.17,104061,539842.75
2022-04-07,5.39,5.39,5.14,5.14,211669,1109572.50
2022-04-08,5.30,5.30,5.09,5.15,108800,558732.63
2022-04-11,5.07,5.18,4.90,5.00,166295,831253.25
2022-04-12,5.02,5.02,4.91,5.01,84981,424177.03
2022-04-13,5.01,5.08,4.94,4.96,62521,310445.50
2022-04-14,4.93,5.04,4.93,4.99,52639,261183.66
2022-04-15,4.94,4.98,4.91,4.96,96294,473663.47
2022-04-18,5.05,5.05,4.54,4.92,43602,210735.84
2022-04-19,4.90,4.98,4.90,4.96,35521,175503.06
2022-04-20,4.95,5.18,4.92,4.92,61728,310374.22
2022-04-21,4.83,4.89,4.71,4.71,62908,301991.47
2022-04-22,4.74,4.98,4.70,4.85,88641,422808.78
2022-04-25,4.73,4.74,4.35,4.57,237788,1099472.38
2022-04-26,4.58,4.58,4.31,4.43,139923,620061.50
2022-04-27,4.52,4.52,4.35,4.50,186737,831492.88
2022-04-28,4.61,4.62,4.38,4.48,130199,579324.69
2022-04-29,4.40,4.48,4.31,4.46,471104,2072075.00
2022-05-05,4.39,4.49,4.36,4.47,200354,889464.38
2022-05-06,4.38,4.55,4.38,4.46,218713,967553.75
2022-05-09,4.37,4.50,4.37,4.47,75038,334009.66
2022-05-10,4.59,4.59,4.42,4.51,161902,725189.19
2022-05-11,4.57,4.58,4.50,4.52,90704,411978.03
2022-05-12,4.30,4.42,4.16,4.32,166871,713216.00
2022-05-13,4.25,4.55,4.25,4.44,263009,1155348.63
2022-05-16,4.42,4.52,4.42,4.44,69128,307919.47
2022-05-17,4.50,4.50,4.39,4.43,102433,452941.09
2022-05-18,4.41,4.51,4.41,4.43,51503,229207.34
2022-05-19,4.42,4.46,4.35,4.39,72767,320095.97
2022-05-20,4.40,4.41,4.37,4.37,84647,371520.25
2022-05-23,4.55,4.55,4.37,4.42,76099,334955.16
2022-05-24,4.46,4.46,4.20,4.33,80547,351010.84
2022-05-25,4.44,4.44,4.31,4.38,12383,53626.37
2022-05-26,4.40,4.40,4.34,4.38,14200,62008.00
2022-05-27,4.41,4.42,4.36,4.39,66273,291081.94
2022-05-30,4.41,4.41,4.35,4.39,58432,255235.78
2022-05-31,4.40,4.40,4.31,4.36,55734,242834.77
2022-06-01,4.34,4.39,4.34,4.35,76242,332158.78
2022-06-02,4.35,4.38,4.34,4.37,68402,297992.34
2022-06-06,4.39,4.39,4.34,4.38,112900,491122.13
2022-06-07,4.40,4.40,4.22,4.31,235170,1015554.56
2022-06-08,4.24,4.34,4.22,4.27,169786,724379.63
2022-06-09,4.27,4.27,4.11,4.20,159195,669596.31
2022-06-10,4.27,4.27,4.18,4.25,93380,392226.25
2022-06-13,4.24,4.24,4.12,4.22,153148,638003.06
2022-06-14,4.14,4.19,4.08,4.16,110896,455413.50
2022-06-15,4.18,4.23,4.13,4.19,181025,758716.56
2022-06-16,4.21,4.21,4.16,4.16,45436,189704.91
2022-06-17,4.20,4.21,4.15,4.17,98263,410593.50
2022-06-20,4.17,4.21,4.16,4.18,127500,531711.00
2022-06-21,4.15,4.19,4.15,4.18,143602,599884.31
2022-06-22,4.18,4.18,4.10,4.12,84011,346785.72
2022-06-23,4.10,4.14,4.07,4.12,244744,1003243.19
2022-06-24,4.12,4.12,4.08,4.08,81010,331677.25
2022-06-27,4.15,4.15,4.06,4.12,52696,215892.09
2022-06-28,4.18,4.21,4.13,4.19,575240,2402378.50
2022-06-29,4.25,4.25,4.15,4.16,90520,378782.69
2022-06-30,4.14,4.22,4.14,4.15,104149,432365.13
2022-07-01,4.14,4.15,4.10,4.15,101641,418852.94
2022-07-04,4.16,4.17,4.11,4.17,74804,309706.56
2022-07-05,4.18,4.22,4.13,4.17,177106,742346.75
2022-07-06,4.17,4.17,4.09,4.14,112323,462479.00
2022-07-07,4.14,4.14,4.07,4.07,86495,354347.03
2022-07-08,4.05,4.11,4.05,4.06,119444,487298.34
2022-07-11,4.16,4.16,4.06,4.08,229405,934407.50
2022-07-12,4.07,4.12,4.04,4.10,149091,600248.44
2022-07-13,4.08,4.08,4.04,4.08,111907,454228.06
2022-07-14,4.08,4.08,3.98,4.04,260753,1046752.50
2022-07-15,4.03,4.12,3.91,3.97,439009,1758610.00
2022-07-18,3.94,3.96,3.87,3.90,488076,1927894.75
2022-07-19,3.88,3.90,3.85,3.85,168203,650965.50
2022-07-20,3.85,3.85,3.80,3.81,887988,3388085.75
2022-07-21,3.82,3.82,3.73,3.74,396825,1493398.38
2022-07-22,3.74,3.75,3.68,3.71,733920,2721798.75
2022-07-25,3.69,3.71,3.64,3.67,202198,739087.06
2022-07-26,3.65,3.70,3.62,3.70,307948,1126959.75
2022-07-27,3.68,3.75,3.68,3.73,173673,647356.75
2022-07-28,3.77,3.77,3.73,3.74,96871,362703.91
2022-07-29,3.75,3.75,3.66,3.67,99701,368533.00
2022-08-01,3.70,3.73,3.68,3.69,55750,206190.27
2022-08-02,3.68,3.68,3.41,3.50,317177,1100010.38
2022-08-03,3.50,3.55,3.47,3.47,105324,368502.31
2022-08-04,3.47,3.55,3.45,3.54,84859,296969.03
2022-08-05,3.86,3.86,3.55,3.60,155752,559239.69
2022-08-08,3.62,3.63,3.52,3.57,53250,189375.17
2022-08-09,3.56,3.65,3.56,3.61,136094,490445.34
2022-08-10,3.56,3.62,3.55,3.57,67914,242928.14
2022-08-11,3.59,3.67,3.59,3.65,192866,702946.75
2022-08-12,3.64,3.67,3.62,3.64,110748,402968.13
2022-08-15,3.61,3.67,3.61,3.63,42609,154545.63
2022-08-16,3.64,3.70,3.63,3.67,476468,1741485.50
2022-08-17,3.63,3.72,3.63,3.67,112102,413173.38
2022-08-18,3.71,3.71,3.67,3.67,30547,112361.16
2022-08-19,3.65,3.66,3.63,3.65,385349,1243900.13
2022-08-22,3.61,3.69,3.61,3.66,15221,55649.32
2022-08-23,3.67,3.67,3.62,3.62,49613,180632.88
2022-08-24,3.60,3.60,3.49,3.49,207341,729696.06
2022-08-25,3.49,3.54,3.47,3.49,39143,137138.88
2022-08-26,3.47,3.57,3.46,3.46,71046,248258.31
2022-08-29,3.43,3.49,3.43,3.45,37059,127841.02
2022-08-30,3.55,3.55,3.47,3.50,96385,336665.00
2022-08-31,3.50,3.59,3.50,3.52,161159,564714.13
2022-09-01,3.50,3.53,3.46,3.53,51446,179082.66
2022-09-02,3.55,3.56,3.46,3.48,32374,113640.72
2022-09-05,3.54,3.54,3.46,3.50,116533,407350.13
2022-09-06,3.56,3.56,3.46,3.49,23310,81137.32
2022-09-07,3.53,3.53,3.42,3.48,107618,372247.63
2022-09-08,3.49,3.49,3.44,3.47,33279,114797.16
2022-09-09,3.44,3.48,3.43,3.45,41812,143945.13
2022-09-13,3.45,3.49,3.45,3.49,85497,297857.94
2022-09-14,3.44,3.48,3.43,3.47,44151,152042.33
2022-09-15,3.48,3.49,3.44,3.45,22042,76324.76
2022-09-16,3.44,3.60,3.43,3.56,628000,2215928.25
2022-09-19,3.58,3.60,3.47,3.50,200581,706029.63
2022-09-20,3.55,3.81,3.55,3.67,905931,3343147.00
2022-09-21,3.67,3.97,3.59,3.83,1340629,5169452.50
2022-09-22,3.83,4.08,3.78,3.89,1231974,4845413.50
2022-09-23,3.77,3.87,3.60,3.66,1130395,4137369.25
2022-09-26,3.62,3.62,3.46,3.46,430560,1524600.13
2022-09-27,3.46,3.55,3.45,3.51,279406,977629.38
2022-09-28,3.48,3.55,3.42,3.44,362654,1255052.63
2022-09-29,3.46,3.53,3.33,3.38,411234,1395233.63
2022-09-30,3.38,3.43,3.35,3.37,90241,306285.41
2022-10-10,3.43,3.43,3.33,3.36,172226,579641.31
2022-10-11,3.36,3.46,3.36,3.37,53000,181172.00
2022-10-12,3.37,3.37,3.29,3.37,208181,697741.75
2022-10-13,3.41,3.41,3.35,3.40,68180,230408.55
2022-10-14,3.43,3.46,3.40,3.46,149138,510910.94
2022-10-17,3.41,3.47,3.41,3.45,117616,404535.28
2022-10-18,3.45,3.47,3.45,3.45,68097,235493.86
2022-10-19,3.49,3.49,3.42,3.45,98161,337373.03
2022-10-20,3.45,3.47,3.42,3.43,68788,237189.03
2022-10-21,3.44,3.48,3.44,3.45,138799,480751.72
2022-10-24,3.46,3.48,3.38,3.39,146365,500921.31
2022-10-25,3.36,3.45,3.36,3.38,10699,36465.80
2022-10-26,3.42,3.47,3.40,3.44,90243,309449.16
2022-10-27,3.40,3.44,3.40,3.40,48733,165937.06
2022-10-28,3.38,3.38,3.30,3.31,88514,294317.16
2022-10-31,3.40,3.40,3.32,3.35,16726,56018.56
2022-11-01,3.38,3.39,3.37,3.39,70966,239754.22
2022-11-02,3.41,3.44,3.40,3.43,128882,441030.19
2022-11-03,3.45,3.45,3.36,3.40,123824,418572.50
2022-11-04,3.42,3.43,3.39,3.43,91173,310720.25
2022-11-07,3.44,3.49,3.43,3.48,127445,441968.22
2022-11-08,3.49,3.51,3.45,3.49,30288,105346.82
2022-11-09,3.46,3.48,3.41,3.48,108648,373513.94
2022-11-10,3.45,3.46,3.41,3.46,92334,317654.03
2022-11-11,3.50,3.50,3.46,3.48,167240,580879.19
2022-11-14,3.51,3.53,3.45,3.48,88028,307253.53
2022-11-15,3.50,3.50,3.43,3.49,101598,354056.59
2022-11-16,3.52,3.52,3.46,3.48,77539,269538.28
2022-11-17,3.48,3.48,3.44,3.48,38945,135058.63
2022-11-18,3.48,3.49,3.44,3.49,100737,349208.81
2022-11-21,3.50,3.72,3.50,3.59,513125,1844612.88
2022-11-22,3.54,3.59,3.50,3.58,365926,1298566.00
2022-11-23,3.57,3.57,3.53,3.56,112930,400002.75
2022-11-24,3.58,3.59,3.54,3.55,91765,327370.75
2022-11-25,3.58,3.58,3.52,3.55,90649,321048.78
2022-11-28,3.57,3.57,3.53,3.54,113564,402615.22
2022-11-29,3.54,3.56,3.54,3.55,79633,282735.81
2022-11-30,3.54,3.56,3.46,3.48,52591,184252.33
2022-12-01,3.48,3.54,3.48,3.49,130027,455116.66
2022-12-02,3.50,3.53,3.48,3.50,56257,197195.70
2022-12-05,3.50,3.53,3.48,3.51,100497,351794.56
2022-12-06,3.50,3.53,3.49,3.51,41031,143490.45
2022-12-07,3.50,3.55,3.49,3.49,211795,745272.88
2022-12-08,3.49,3.49,3.44,3.44,123663,428324.97
2022-12-09,3.44,3.46,3.42,3.46,111675,384152.91
2022-12-12,3.48,3.48,3.41,3.47,64705,221637.19
2022-12-13,3.42,3.44,3.41,3.44,16048,54889.48
2022-12-14,3.41,3.46,3.40,3.44,63000,215999.63
2022-12-15,3.45,3.48,3.37,3.45,59699,204588.94
2022-12-16,3.45,3.45,3.40,3.44,6955,23707.55
2022-12-19,3.35,3.39,3.33,3.34,85800,287261.38
2022-12-20,3.30,3.38,3.30,3.31,27629,91577.40
2022-12-21,3.31,3.35,3.30,3.31,36230,120763.34
2022-12-22,3.30,3.36,3.30,3.30,26200,87248.02
2022-12-23,3.30,3.30,3.18,3.24,99714,324051.56
2022-12-26,3.21,3.39,3.21,3.28,38074,127258.11
2022-12-27,3.30,3.34,3.24,3.25,84603,276782.50
2022-12-28,3.24,3.34,3.21,3.21,113838,368314.19
2022-12-29,3.27,3.27,3.21,3.22,18141,58931.07
2022-12-30,3.22,3.26,3.22,3.26,9489,30582.14
2023-01-03,3.23,3.28,3.23,3.28,64610,211131.13
2023-01-04,3.28,3.28,3.27,3.27,20066,65779.63
2023-01-05,3.27,3.29,3.27,3.29,46813,153433.38
2023-01-06,3.28,3.29,3.25,3.26,122615,400095.09
2023-01-09,3.30,3.30,3.25,3.26,44220,144247.00
2023-01-10,3.25,3.26,3.24,3.24,33682,109713.32
2023-01-11,3.27,3.27,3.23,3.24,56308,183228.31
2023-01-12,3.24,3.25,3.23,3.24,32200,104198.00
2023-01-13,3.25,3.26,3.23,3.23,12626,40986.16
2023-01-16,3.26,3.30,3.26,3.28,33461,109530.08
2023-01-17,3.27,3.28,3.26,3.27,8408,27477.16
2023-01-18,3.28,3.28,3.26,3.27,57285,187481.36
2023-01-19,3.30,3.35,3.29,3.33,109861,363478.22
2023-01-20,3.35,3.35,3.28,3.34,53213,175968.20
2023-01-30,3.39,3.39,3.30,3.35,317160,1055008.25
2023-01-31,3.36,3.54,3.31,3.52,551951,1907278.13
2023-02-01,3.50,3.56,3.49,3.55,690856,2432557.00
2023-02-02,3.54,3.54,3.43,3.43,390927,1347844.63
2023-02-03,3.46,3.46,3.39,3.43,157544,538424.31
2023-02-06,3.46,3.46,3.39,3.40,159280,541520.38
2023-02-07,3.38,3.41,3.38,3.41,70601,239568.81
2023-02-08,3.37,3.45,3.37,3.38,25914,87988.06
2023-02-09,3.37,3.45,3.36,3.44,86216,293305.78
2023-02-10,3.45,3.45,3.40,3.44,144275,495739.81
2023-02-13,3.45,3.49,3.44,3.48,89983,311792.97
2023-02-14,3.49,3.49,3.44,3.46,35382,122715.82
2023-02-15,3.45,3.45,3.40,3.43,181198,620013.25
2023-02-16,3.47,3.47,3.41,3.41,168026,580485.69
2023-02-17,3.48,3.50,3.41,3.45,233504,807340.50
2023-02-20,3.44,3.47,3.40,3.43,103125,351869.06
2023-02-21,3.43,3.44,3.41,3.42,47295,161818.09
2023-02-22,3.41,3.46,3.37,3.44,223284,760073.19
2023-02-23,3.45,3.45,3.39,3.44,75407,258857.16
2023-02-24,3.40,3.44,3.37,3.44,93962,318960.78
2023-02-27,3.35,3.42,3.34,3.36,101889,342165.69
2023-02-28,3.41,3.44,3.34,3.40,227083,767222.63
2023-03-01,3.42,3.42,3.35,3.39,177207,595397.69
2023-03-02,3.36,3.39,3.35,3.36,84796,285129.13
2023-03-03,3.38,3.38,3.31,3.34,264471,882659.94
2023-03-06,3.32,3.34,3.31,3.33,207172,688331.00
2023-03-07,3.31,3.33,3.28,3.29,104054,343823.72
2023-03-08,3.27,3.32,3.27,3.31,79906,263540.81
2023-03-09,3.30,3.32,3.30,3.30,33179,109658.69
2023-03-10,3.29,3.30,3.27,3.30,85842,281418.22
2023-03-13,3.26,3.30,3.26,3.28,30921,101218.01
2023-03-14,3.28,3.30,3.26,3.26,66472,217237.02
2023-03-15,3.24,3.30,3.24,3.28,46655,152325.94
2023-03-16,3.25,3.29,3.22,3.27,105298,341343.56
2023-03-17,3.23,3.29,3.23,3.24,44876,145819.28
2023-03-20,3.23,3.29,3.18,3.24,323423,1033861.06
2023-03-21,3.21,3.25,3.19,3.25,131823,422267.88
2023-03-22,3.25,3.25,3.23,3.25,20803,67372.75
2023-03-23,3.21,3.25,3.21,3.25,40893,131854.45
2023-03-24,3.26,3.27,3.22,3.25,78468,255460.33
2023-03-27,3.25,3.26,3.21,3.23,69427,224216.94
2023-03-28,3.25,3.25,3.23,3.23,32679,105877.75
2023-03-29,3.23,3.26,3.21,3.25,29886,96322.33
2023-03-30,3.22,3.24,3.22,3.24,38961,125886.93
2023-03-31,3.24,3.25,3.21,3.23,51297,166172.39
2023-04-03,3.21,3.25,3.21,3.23,57623,185945.94
2023-04-04,3.25,3.25,3.19,3.19,106897,343047.16
2023-04-06,3.20,3.22,3.18,3.18,102307,327463.06
2023-04-07,3.20,3.22,3.20,3.20,40440,129942.00
2023-04-10,3.20,3.23,3.18,3.20,555287,1779546.75
2023-04-11,3.20,3.23,3.20,3.23,582452,1868866.88
2023-04-12,3.23,3.24,3.20,3.20,49648,159410.73
2023-04-13,3.20,3.22,3.18,3.20,72755,232862.09
2023-04-14,3.20,3.21,3.18,3.20,25019,79912.56
2023-04-17,3.15,3.23,3.15,3.21,30854,98354.71
2023-04-18,3.19,3.21,3.18,3.20,53830,171649.00
2023-04-19,3.16,3.21,3.16,3.19,37853,120800.61
2023-04-20,3.18,3.18,3.06,3.17,194865,608916.81
2023-04-21,3.16,3.16,3.06,3.09,166100,511863.19
2023-04-24,3.03,3.08,2.90,3.00,231917,703128.44
2023-04-25,3.00,3.05,2.93,3.03,46659,140234.73
2023-04-26,3.03,3.07,3.03,3.06,30652,93700.36
2023-04-27,3.09,3.09,3.00,3.06,54543,165572.94
2023-04-28,3.00,3.08,3.00,3.07,78204,237322.36
2023-05-04,3.06,3.07,3.00,3.05,105329,320251.50
2023-05-05,3.06,3.06,3.01,3.04,210325,639291.94
2023-05-08,3.05,3.12,3.02,3.12,354675,1096022.50
2023-05-09,3.15,3.16,3.03,3.03,190214,590594.31
2023-05-10,3.09,3.09,3.04,3.08,52397,161282.36
2023-05-11,3.04,3.13,3.04,3.12,27589,85907.70
2023-05-12,3.16,3.18,3.10,3.15,148159,468601.16
2023-05-15,3.17,3.19,3.08,3.17,114767,362739.66
2023-05-16,3.18,3.18,3.08,3.15,67489,209698.20
2023-05-17,3.15,3.15,3.06,3.15,32811,101857.02
2023-05-18,3.08,3.15,3.08,3.10,45697,142188.91
2023-05-19,3.10,3.11,3.08,3.11,10852,33633.16
2023-05-22,3.10,3.18,3.08,3.14,85395,268653.31
2023-05-23,3.09,3.15,3.06,3.14,117975,365797.53
2023-05-24,3.08,3.12,3.08,3.12,13753,42823.18
2023-05-25,3.15,3.15,3.08,3.13,22060,68706.57
2023-05-26,3.13,3.16,3.09,3.12,20402,63866.25
2023-05-29,3.12,3.12,3.06,3.10,39088,120923.17
2023-05-30,3.06,3.12,3.06,3.10,36650,113232.40
2023-05-31,3.09,3.09,3.00,3.03,90648,274826.19
2023-06-01,3.01,3.05,3.00,3.05,110419,333534.31
2023-06-02,3.01,3.05,3.01,3.04,22415,68055.78
2023-06-05,3.02,3.05,3.02,3.04,15250,46323.50
2023-06-06,3.01,3.02,2.91,2.98,55375,164532.41
2023-06-07,2.92,2.99,2.92,2.99,15098,44966.47
2023-06-08,2.96,3.00,2.92,2.98,33921,100574.66
2023-06-09,2.93,2.98,2.93,2.98,52385,153969.38
2023-06-12,2.99,2.99,2.96,2.99,24414,72594.86
2023-06-13,2.92,2.99,2.92,2.97,54099,160813.50
2023-06-14,3.00,3.00,2.93,2.96,48637,142957.27
2023-06-15,3.00,3.00,2.92,2.97,43271,127640.51
2023-06-16,2.93,2.98,2.86,2.96,25920,75384.20
2023-06-19,2.88,2.97,2.88,2.96,7320,21671.80
2023-06-20,2.93,2.96,2.92,2.95,36738,107365.16
2023-06-21,2.95,2.95,2.89,2.93,90870,263875.31
2023-06-26,2.89,2.97,2.88,2.93,67914,198446.73
2023-06-27,2.93,2.93,2.88,2.93,33120,95865.51
2023-06-28,2.88,2.92,2.88,2.89,55252,159695.73
2023-06-29,2.90,2.97,2.90,2.96,227271,665899.75
2023-06-30,2.96,2.98,2.92,2.97,84550,248962.36
2023-07-03,2.98,2.99,2.95,2.99,31140,92694.41
2023-07-04,2.97,3.00,2.96,3.00,97895,290996.31
2023-07-05,3.00,3.02,2.97,3.00,59217,177192.80
2023-07-06,3.00,3.03,2.98,3.02,70127,210856.80
2023-07-07,2.95,3.00,2.95,2.98,38809,115359.61
2023-07-10,2.98,3.00,2.95,2.99,74396,221042.16
2023-07-11,2.93,2.98,2.93,2.98,36737,108782.16
2023-07-12,2.97,2.97,2.94,2.95,16345,48088.13
2023-07-13,2.94,2.95,2.92,2.95,55677,163278.06
2023-07-14,2.95,3.10,2.95,2.99,203424,613121.94
2023-07-17,2.98,3.02,2.94,3.01,52400,156402.13
2023-07-18,3.09,3.09,2.99,3.04,66359,201971.41
2023-07-19,3.04,3.04,2.99,3.04,25133,75697.52
2023-07-20,2.99,3.02,2.99,3.02,17415,52180.62
2023-07-21,3.02,3.02,2.98,3.02,24329,73385.50
2023-07-24,3.09,3.09,2.98,3.05,41298,125732.10
2023-07-25,3.07,3.07,3.00,3.05,63812,195181.61
2023-07-26,3.05,3.07,2.98,3.02,165376,496594.22
2023-07-27,3.03,3.03,2.98,2.99,65800,197018.00
2023-07-28,3.03,3.04,2.99,3.01,134763,404945.22
2023-07-31,3.00,3.05,3.00,3.05,68755,208879.30
2023-08-01,3.03,3.08,3.03,3.08,81391,248862.44
2023-08-02,3.03,3.08,3.02,3.08,97133,296235.69
2023-08-03,3.08,3.08,3.03,3.08,82555,252688.00
2023-08-04,3.05,3.08,3.02,3.05,104349,317491.97
2023-08-07,3.02,3.05,3.00,3.04,112849,339738.06
2023-08-08,3.02,3.05,3.01,3.04,39400,119326.69
2023-08-09,3.07,3.07,3.02,3.04,20964,63386.95
2023-08-10,3.03,3.05,3.02,3.04,20144,61237.10
2023-08-11,3.02,3.06,3.00,3.00,49411,149066.92
2023-08-14,2.99,2.99,2.96,2.99,43153,128597.04
2023-08-15,3.00,3.05,2.95,2.97,48662,144862.58
2023-08-16,2.95,2.98,2.95,2.97,7027,20862.54
2023-08-17,3.00,3.00,2.95,3.00,55254,164309.80
2023-08-18,3.00,3.00,2.96,2.99,33249,98937.65
2023-08-21,2.98,2.99,2.96,2.97,17672,52604.20
2023-08-22,2.98,2.99,2.92,2.99,52461,153906.34
2023-08-23,2.90,2.98,2.88,2.93,99553,289163.44
2023-08-24,2.90,2.96,2.90,2.96,44037,129985.52
2023-08-25,2.92,2.95,2.88,2.94,90033,262608.28
2023-08-28,2.99,2.99,2.80,2.90,398327,1153907.88
2023-08-29,2.81,2.90,2.80,2.90,151847,437396.38
2023-08-30,2.90,2.94,2.87,2.89,50130,144683.70
2023-08-31,2.86,2.88,2.81,2.88,77211,220093.70
2023-09-01,2.88,2.90,2.85,2.90,73771,211909.91
2023-09-04,2.94,3.08,2.94,3.00,715382,2156282.25
2023-09-05,2.98,3.02,2.94,2.98,188416,557204.50
2023-09-06,2.98,2.98,2.94,2.96,84849,250663.05
2023-09-07,2.95,2.96,2.91,2.92,45311,133003.13
2023-09-08,2.91,2.95,2.91,2.92,44789,131013.22
2023-09-11,2.91,2.96,2.90,2.95,27801,81167.91
2023-09-12,2.95,2.95,2.91,2.95,45642,133628.91
2023-09-13,2.89,2.94,2.89,2.92,59052,171630.88
2023-09-14,2.91,2.93,2.88,2.90,66631,192585.59
2023-09-15,2.90,2.95,2.86,2.91,32851,95026.69
2023-09-18,2.89,2.92,2.88,2.92,21397,61843.33
2023-09-19,2.92,2.92,2.89,2.90,7144,20733.04
2023-09-20,2.88,2.89,2.88,2.89,60570,174653.30
2023-09-21,2.86,2.89,2.82,2.88,121539,346586.72
2023-09-22,2.86,2.89,2.86,2.89,60261,173720.06
2023-09-25,2.90,2.93,2.90,2.92,41520,121129.76
2023-09-26,2.93,2.93,2.90,2.90,36306,105998.12
2023-09-27,2.90,2.90,2.85,2.87,78621,225341.94
2023-09-28,2.88,2.89,2.84,2.87,29082,83445.83
2023-10-09,2.87,2.89,2.85,2.85,58900,168956.00
2023-10-10,2.84,2.85,2.80,2.84,126069,355339.44
2023-10-11,2.83,2.83,2.76,2.79,79581,222671.52
2023-10-12,2.80,2.81,2.74,2.79,119123,329233.00
2023-10-13,2.77,2.78,2.73,2.78,42024,115267.57
2023-10-16,2.76,2.76,2.73,2.74,52714,144881.53
2023-10-17,2.71,2.76,2.71,2.76,54847,149694.92
2023-10-18,2.76,2.76,2.71,2.72,51249,139613.98
2023-10-19,2.70,2.74,2.65,2.72,69748,188413.52
2023-10-20,2.70,2.72,2.67,2.69,52296,140899.23
2023-10-23,2.68,2.70,2.61,2.65,125859,335730.84
2023-10-24,2.70,2.70,2.63,2.65,138014,365917.13
2023-10-25,2.70,2.70,2.62,2.67,52100,138219.08
2023-10-26,2.63,2.65,2.63,2.65,63247,166476.23
2023-10-27,2.69,2.77,2.66,2.75,228518,622720.00
2023-10-30,2.76,2.81,2.70,2.77,155904,431517.66
2023-10-31,2.71,2.76,2.70,2.75,204777,558800.31
2023-11-01,2.71,2.76,2.71,2.75,99821,272994.78
2023-11-02,2.71,2.74,2.64,2.72,220003,592546.19
2023-11-03,2.79,2.79,2.67,2.68,193747,522802.28
2023-11-06,2.70,2.70,2.64,2.69,278161,744472.38
2023-11-07,2.66,2.72,2.66,2.70,85694,231208.34
2023-11-08,2.70,2.82,2.69,2.74,925891,2551397.50
2023-11-09,2.74,2.78,2.73,2.76,994789,2734804.25
2023-11-10,2.76,2.76,2.72,2.75,150220,412314.31
2023-11-13,2.75,2.75,2.71,2.74,176444,482536.03
2023-11-14,2.75,2.79,2.73,2.75,152175,419135.31
2023-11-15,2.77,2.79,2.74,2.77,333674,923278.31
2023-11-16,2.79,2.79,2.75,2.77,82391,228106.56
2023-11-17,2.71,2.77,2.71,2.76,229558,634073.81
2023-11-20,2.80,2.88,2.75,2.87,1000953,2829789.00
2023-11-21,2.89,3.35,2.89,3.10,3800417,11894162.00
2023-11-22,3.03,3.86,3.01,3.77,7084823,24098300.00
2023-11-23,3.78,4.10,3.33,3.65,7481182,28657098.00
2023-11-24,3.58,4.08,3.41,3.96,7857170,30225710.00
2023-11-27,4.07,4.93,4.07,4.85,11161541,49897000.00
2023-11-28,4.54,4.79,4.24,4.55,7722586,34953648.00
2023-11-29,4.51,4.69,3.79,3.93,5312773,22321722.00
2023-11-30,3.97,4.09,3.72,3.82,3201954,12397358.00
2023-12-01,3.80,3.88,3.53,3.55,3802525,13910270.00
2023-12-04,3.53,3.70,3.43,3.59,2284234,8172622.00
2023-12-05,3.60,4.17,3.53,4.12,6335371,24875014.00
2023-12-06,4.05,4.19,3.92,3.99,4280033,17303804.00
2023-12-07,3.96,4.38,3.94,4.19,5872082,24454108.00
2023-12-08,4.19,4.39,4.08,4.32,4950999,20997452.00
2023-12-11,4.33,4.38,4.05,4.11,3182189,13383218.00
2023-12-12,4.12,4.23,4.07,4.16,1980799,8221854.00
2023-12-13,4.16,4.32,4.16,4.25,3545283,15021784.00
2023-12-14,4.25,4.56,4.17,4.48,7142624,31725944.00
2023-12-15,4.51,4.69,4.41,4.60,6935838,31525002.00
2023-12-18,4.61,4.89,4.52,4.83,8164863,38645252.00
2023-12-19,4.83,4.88,4.55,4.68,5228845,24487546.00
2023-12-20,4.62,4.86,4.62,4.79,5592375,26631602.00
2023-12-21,4.85,4.89,4.16,4.22,8314642,37889300.00
2023-12-22,4.19,4.48,4.07,4.45,3868878,16634025.00
2023-12-25,4.45,4.66,4.41,4.66,4664463,21116708.00
2023-12-26,4.67,4.75,4.36,4.68,5678602,26113804.00
2023-12-27,4.65,4.65,4.46,4.56,2511329,11437052.00
2023-12-28,4.59,4.72,4.52,4.67,5615382,26163752.00
2023-12-29,4.64,5.10,4.57,5.01,7181396,34764092.00
2024-01-02,5.00,5.21,4.88,5.14,7009635,35216968.00
2024-01-03,5.13,5.18,4.95,5.09,6105235,30928530.00
2024-01-04,5.07,5.13,4.87,4.98,3216585,16091043.00
2024-01-05,4.99,5.02,4.70,4.84,5473062,26640834.00
2024-01-08,4.73,5.00,4.73,5.00,5852794,28709190.00
2024-01-09,5.29,5.30,4.37,4.56,9488316,45782940.00
2024-01-10,4.25,4.55,4.18,4.51,5067687,22129328.00
2024-01-11,4.76,4.76,4.44,4.51,3444918,15788486.00
2024-01-12,4.40,4.51,4.00,4.00,3501167,14852472.00
2024-01-15,3.96,4.07,3.85,3.95,2587045,10220181.00
2024-01-16,3.99,4.18,3.79,4.15,4288352,17267446.00
2024-01-17,4.12,4.21,4.00,4.00,2997475,12348290.00
2024-01-18,4.00,4.19,3.90,4.19,3804306,15278656.00
2024-01-19,4.20,4.40,4.11,4.38,4754981,20213678.00
2024-01-22,4.33,4.33,4.01,4.11,2763359,11541801.00
2024-01-23,4.11,4.24,4.01,4.18,2098035,8660904.00
2024-01-24,4.19,4.30,4.05,4.30,2724164,11436416.00
2024-01-25,4.27,4.31,4.14,4.18,1740572,7325865.00
2024-01-26,4.14,4.30,4.11,4.19,2088373,8775491.00
2024-01-29,4.20,4.20,3.83,4.00,1856937,7410960.50
2024-01-30,3.86,4.02,3.84,3.95,1832967,7200594.00
2024-01-31,3.88,4.14,3.87,4.06,1486081,5987049.50
2024-02-01,4.08,4.08,3.91,3.97,694235,2756908.75
2024-02-02,3.98,4.00,3.51,3.80,963061,3685213.25
2024-02-05,3.64,3.78,3.31,3.72,1330567,4762455.50
2024-02-06,3.59,4.52,3.59,4.30,2757490,11316463.00
2024-02-07,4.21,4.59,4.05,4.24,2264002,9781552.00
2024-02-08,4.22,4.48,3.93,4.48,2089444,8934819.00
2024-02-19,4.50,4.68,4.29,4.48,1887948,8344585.00
2024-02-20,4.44,4.53,4.17,4.50,1881740,8294121.50
2024-02-21,4.46,4.52,4.30,4.51,3615557,16121613.00
2024-02-22,4.38,4.48,4.32,4.37,2433625,10623600.00
2024-02-23,4.36,4.36,4.14,4.26,2119582,9023290.00
2024-02-26,4.20,4.27,4.15,4.21,1201890,5071800.00
2024-02-27,4.17,4.38,4.17,4.30,2176464,9356895.00
2024-02-28,4.35,4.39,4.10,4.22,3143975,13350645.00
2024-02-29,4.13,4.21,4.08,4.19,3023343,12482814.00
2024-03-01,4.14,4.18,4.06,4.12,2623064,10770262.00
2024-03-04,4.06,4.11,3.92,4.03,1664486,6652096.50
2024-03-05,4.02,4.02,3.85,3.85,1098255,4292545.00
2024-03-06,3.85,3.92,3.82,3.88,661586,2560232.25
2024-03-07,3.90,3.90,3.80,3.86,900020,3457580.50
2024-03-08,3.84,4.05,3.81,3.96,2199577,8629420.00
2024-03-11,3.95,3.96,3.90,3.93,598876,2349917.75
2024-03-12,3.95,3.95,3.86,3.90,813478,3166727.25
2024-03-13,3.89,3.90,3.85,3.88,380363,1472430.13
2024-03-14,3.88,3.89,3.83,3.86,702220,2706604.00
2024-03-15,3.84,4.12,3.84,4.02,1695335,6765427.50
2024-03-18,4.01,4.05,3.94,3.98,1326349,5249367.00
2024-03-19,3.94,3.97,3.91,3.92,496568,1956761.13
2024-03-20,3.92,3.96,3.88,3.93,784476,3069749.75
2024-03-21,3.93,4.15,3.86,4.10,2961156,11927646.00
2024-03-22,4.06,4.45,3.97,4.31,4938301,20972118.00
2024-03-25,4.22,4.34,4.13,4.19,1194567,5025801.50
2024-03-26,4.18,4.24,4.07,4.18,827453,3430989.50
2024-03-27,4.11,4.34,4.06,4.20,1884734,7901367.00
2024-03-28,4.24,4.25,4.10,4.21,1134285,4751479.00
2024-03-29,4.20,4.45,4.14,4.40,2991016,12945714.00
2024-04-01,4.39,4.40,4.27,4.29,1286559,5541623.00
2024-04-02,4.29,4.34,4.12,4.12,1157734,4850029.50
2024-04-03,4.15,4.15,3.97,4.08,2077369,8322253.50
2024-04-08,4.05,4.06,3.92,4.02,587843,2344911.00
2024-04-09,4.01,4.02,3.95,3.99,529115,2108690.25
2024-04-10,3.99,4.10,3.92,4.01,1918210,7763748.00
2024-04-11,3.96,4.02,3.90,4.01,1476492,5815471.00
2024-04-12,4.00,4.00,3.91,3.99,778531,3074347.75
2024-04-15,3.97,3.99,3.81,3.90,1480589,5764810.00
2024-04-16,3.80,3.81,3.62,3.80,766930,2860302.50
2024-04-17,3.80,3.97,3.76,3.93,527656,2055518.75
2024-04-18,3.94,3.94,3.81,3.84,1344911,5196746.00
2024-04-19,3.79,3.85,3.73,3.82,759475,2873824.25
2024-04-22,3.73,3.89,3.71,3.86,531874,2016835.25
2024-04-23,3.86,3.86,3.77,3.85,328197,1248279.75
2024-04-24,3.83,3.83,3.74,3.79,450035,1697724.25
2024-04-25,3.80,3.80,3.70,3.76,342230,1280458.25
2024-04-26,3.75,3.75,3.71,3.74,213003,795850.44
2024-04-29,3.68,3.75,3.67,3.75,378487,1411400.75
2024-04-30,3.77,3.86,3.74,3.84,643757,2455847.00
2024-05-06,3.87,3.94,3.81,3.89,751812,2898124.00
2024-05-07,3.88,3.91,3.80,3.81,572153,2197442.75
2024-05-08,3.77,3.79,3.68,3.74,1049414,3896901.00
2024-05-09,3.70,3.75,3.68,3.73,532452,1977857.25
2024-05-10,3.73,3.73,3.55,3.60,1055507,3819923.00
2024-05-13,3.57,3.61,3.54,3.60,418097,1495480.50
2024-05-14,3.59,3.59,3.50,3.50,726751,2572114.50
2024-05-15,3.52,3.54,3.44,3.44,321536,1117169.13
2024-05-16,3.49,3.49,3.36,3.40,521573,1780163.88
2024-05-17,3.41,3.43,3.37,3.42,194203,659575.13
2024-05-20,3.42,3.44,3.38,3.43,568617,1935761.00
2024-05-21,3.43,3.45,3.38,3.42,316620,1079160.88
2024-05-22,3.39,3.43,3.39,3.40,167751,570234.94
2024-05-23,3.39,3.58,3.37,3.49,1555610,5429137.00
2024-05-24,3.46,3.57,3.44,3.49,868208,3029188.25
2024-05-27,3.49,3.50,3.43,3.46,651884,2247494.25
2024-05-28,3.48,3.50,3.42,3.46,389365,1346244.88
2024-05-29,3.46,3.55,3.45,3.52,948250,3319903.50
2024-05-30,3.52,3.57,3.49,3.49,902053,3183291.50
2024-05-31,3.52,3.63,3.48,3.61,1404286,5005097.00
2024-06-03,3.61,3.79,3.60,3.78,2515684,9308066.00
2024-06-04,3.99,4.10,3.76,3.87,6863896,26738986.00
2024-06-05,3.88,3.88,3.48,3.61,4242130,15403107.00
2024-06-06,3.58,3.59,3.39,3.42,1756797,6069845.50
2024-06-07,3.43,3.50,3.36,3.41,1676068,5724842.00
2024-06-11,3.47,3.47,3.33,3.39,1019396,3422273.75
2024-06-12,3.40,3.40,3.36,3.39,218529,737427.38
2024-06-13,3.39,3.39,3.10,3.17,2106570,6753712.50
2024-06-14,3.13,3.20,3.12,3.17,683085,2145048.75
2024-06-17,3.16,3.16,2.98,3.00,1493921,4529009.00
2024-06-18,3.00,3.05,2.99,3.01,597711,1800907.38
2024-06-19,2.98,3.07,2.97,3.04,1089872,3298156.75
2024-06-20,3.03,3.03,2.95,3.01,857494,2557708.50
2024-06-21,3.02,3.07,2.96,3.05,1025579,3114149.00
2024-06-24,3.03,3.04,2.96,2.99,715816,2150592.50
2024-06-25,2.98,3.02,2.97,2.99,748781,2238123.50
2024-06-26,3.00,3.00,2.95,2.99,1131092,3358431.25
2024-06-27,2.98,2.98,2.87,2.89,1781148,5206602.00
2024-06-28,2.88,2.91,2.85,2.87,781240,2250406.25
2024-07-01,2.88,2.89,2.85,2.87,375450,1074398.00
2024-07-02,2.84,2.87,2.83,2.87,617085,1759866.38
2024-07-03,2.87,2.87,2.82,2.86,393999,1119133.75
2024-07-04,2.86,2.88,2.84,2.86,496963,1421481.00
2024-07-05,2.84,2.89,2.83,2.89,805217,2304555.75
2024-07-08,2.85,2.87,2.79,2.84,980542,2771621.75
2024-07-09,2.80,2.84,2.72,2.84,615071,1724159.13
2024-07-10,2.83,2.85,2.77,2.78,509189,1433067.50
2024-07-11,2.82,2.96,2.80,2.92,1350710,3905417.75
2024-07-12,2.93,3.44,2.93,3.20,5101938,16656897.00
2024-07-15,3.08,3.17,3.01,3.03,2279282,6974537.00
2024-07-16,2.98,3.29,2.95,3.19,2412866,7537749.50
2024-07-17,3.19,3.46,3.13,3.46,4827381,16190491.00
2024-07-18,3.45,3.46,3.26,3.40,2999525,10033638.00
2024-07-19,3.38,3.66,3.31,3.41,2892561,10033360.00
2024-07-22,3.58,3.58,3.30,3.35,2157956,7331654.50
2024-07-23,3.34,3.36,3.22,3.27,1334989,4375329.50
2024-07-24,3.28,3.28,3.09,3.10,985078,3117634.25
2024-07-25,3.12,3.18,3.08,3.11,748025,2339339.50
2024-07-26,3.14,3.17,3.10,3.16,865615,2723178.75
2024-07-29,3.19,3.23,3.11,3.18,654669,2069000.63
2024-07-30,3.17,3.22,3.13,3.20,579702,1841082.88
2024-07-31,3.22,3.24,3.17,3.23,738538,2375039.75
2024-08-01,3.27,3.32,3.25,3.28,2459037,8103638.00
2024-08-02,3.26,3.28,3.17,3.22,870109,2819246.25
2024-08-05,3.19,3.28,3.14,3.22,1190744,3807903.50
2024-08-06,3.21,3.27,3.21,3.27,578558,1874282.63
2024-08-07,3.26,3.28,3.22,3.27,458201,1487164.63
2024-08-08,3.26,3.60,3.23,3.35,2336684,7809878.50
2024-08-09,3.44,3.44,3.27,3.29,1814413,6066001.00
2024-08-12,3.18,3.30,3.18,3.20,847790,2736181.25
2024-08-13,3.19,3.22,3.15,3.22,647227,2054154.50
2024-08-14,3.21,3.28,3.13,3.24,1673384,5348950.50
2024-08-15,3.24,3.28,3.19,3.26,724807,2346636.50
2024-08-16,3.26,3.28,3.19,3.23,811214,2605427.25
2024-08-19,3.23,3.23,3.15,3.16,551561,1757463.63
2024-08-20,3.15,3.20,3.12,3.18,631765,1992354.88
2024-08-21,3.16,3.16,3.11,3.16,414757,1300584.13
2024-08-22,3.18,3.18,3.08,3.12,410884,1280473.50
2024-08-23,3.12,3.12,3.01,3.12,229969,706120.56
2024-08-26,3.10,3.16,3.10,3.15,335749,1052080.00
2024-08-27,3.17,3.23,3.13,3.16,1069864,3403733.00
2024-08-28,3.17,3.20,3.13,3.18,292181,924700.31
2024-08-29,3.27,3.27,3.11,3.19,981102,3118116.00
2024-08-30,3.17,3.24,3.15,3.23,1365485,4369608.50
2024-09-02,3.22,3.22,3.15,3.15,549550,1740281.63
2024-09-03,3.17,3.17,3.10,3.14,397421,1242948.75
2024-09-04,3.09,3.13,3.08,3.12,443115,1372776.50
2024-09-05,3.12,3.13,3.08,3.13,214472,667049.13
2024-09-06,3.14,3.14,3.05,3.13,465025,1431062.50
2024-09-09,3.11,3.11,3.03,3.09,494256,1511427.88
2024-09-10,3.09,3.09,3.00,3.06,321947,977719.75
2024-09-11,3.05,3.05,3.01,3.04,189047,573133.81
2024-09-12,3.04,3.04,2.85,2.90,2437587,7106091.50
2024-09-13,2.89,2.95,2.78,2.90,4046707,11493694.00
2024-09-18,2.87,2.90,2.81,2.85,1072795,3049223.00
2024-09-19,2.88,2.91,2.80,2.88,958055,2747323.75
2024-09-20,2.88,2.89,2.84,2.88,281087,805173.25
2024-09-23,2.87,2.87,2.82,2.85,582144,1653734.25
2024-09-24,2.86,2.92,2.82,2.91,1522796,4386021.50
2024-09-25,2.95,3.01,2.92,2.96,1783963,5296553.50
2024-09-26,2.94,3.03,2.91,3.02,1772587,5253061.00
2024-09-27,3.06,3.31,3.04,3.25,4453307,14199778.00
2024-09-30,3.46,4.00,3.37,3.98,8105441,29920378.00
2024-10-08,4.84,5.08,4.32,5.05,13020009,62739124.00
2024-10-09,4.76,4.76,4.11,4.17,7046568,31236294.00
2024-10-10,4.21,4.57,4.10,4.15,4222270,18206780.00
2024-10-11,4.09,4.15,3.62,3.71,3412754,13233121.00
2024-10-14,3.69,4.17,3.69,4.05,4357477,17177846.00
2024-10-15,4.01,4.20,3.91,3.93,3366018,13631948.00
2024-10-16,3.83,4.40,3.82,4.16,4359530,17853666.00
2024-10-17,4.09,4.52,4.09,4.33,6174065,26703148.00
2024-10-18,4.32,4.64,4.22,4.50,6651253,29768542.00
2024-10-21,4.60,4.93,4.50,4.80,9805776,46598272.00
2024-10-22,4.85,4.92,4.45,4.60,7279942,34228524.00
2024-10-23,4.52,4.82,4.52,4.79,6115894,28854248.00
2024-10-24,4.80,5.18,4.70,5.04,9759889,48583472.00
2024-10-25,5.05,5.64,4.90,5.18,13513510,71618712.00
2024-10-28,5.11,6.29,5.01,6.13,11530162,63279180.00
2024-10-29,5.95,6.24,5.75,6.03,10836274,65297352.00
2024-10-30,6.00,6.93,6.00,6.41,11039450,70787712.00
2024-10-31,6.27,6.46,5.77,6.07,8570330,52222240.00
2024-11-01,6.06,6.08,5.52,5.58,5619981,32643320.00
2024-11-04,5.50,5.93,5.50,5.93,6530281,37476576.00
2024-11-05,5.96,7.15,5.96,7.15,12540281,83197128.00
2024-11-06,7.02,7.85,6.91,7.28,14195957,105049232.00
2024-11-07,7.38,8.37,7.04,7.95,12853967,100084080.00
2024-11-08,8.06,8.16,7.10,7.31,9505037,72237400.00
2024-11-11,7.41,7.43,6.71,7.07,6586966,45968648.00
2024-11-12,7.08,7.30,6.91,7.25,7007336,50021768.00
2024-11-13,7.28,7.30,6.79,7.03,4534793,31605994.00
2024-11-14,7.00,7.09,6.75,6.75,3808398,26526796.00
2024-11-15,6.72,6.88,6.49,6.65,4446881,29669020.00
2024-11-18,6.62,7.15,6.56,6.76,5282105,36115884.00
2024-11-19,6.75,6.82,6.00,6.47,5880231,37313928.00
2024-11-20,6.43,7.18,6.38,7.00,6573533,44979568.00
2024-11-21,6.96,7.50,6.93,7.41,7768050,56128488.00
2024-11-22,7.41,7.73,7.20,7.28,6834609,50620060.00
2024-11-25,7.28,7.36,7.01,7.27,3386156,24242818.00
2024-11-26,7.19,7.48,7.09,7.10,3943118,28803556.00
2024-11-27,7.19,7.24,6.50,7.22,4560661,31372824.00
2024-11-28,7.16,7.80,7.10,7.43,8674614,65042732.00
2024-11-29,7.23,8.77,7.23,8.74,19048922,152693232.00
2024-12-02,9.30,11.36,8.61,11.36,26919124,280211424.00
2024-12-03,11.36,11.36,11.36,11.36,0,0.00
#数据来源:通达信
