838262 太湖雪 日线 不复权
      日期	    开盘	    最高	    最低	    收盘	    成交量	    成交额
2020-08-04,4.54,4.54,4.54,4.54,1321500,6000000.50
2021-08-19,4.54,4.54,4.54,4.54,1000,4535.46
2021-08-23,4.65,4.65,4.65,4.65,1000,4645.35
2021-10-15,9.30,9.30,9.30,9.30,100,930.00
2021-10-18,11.00,11.00,11.00,11.00,100,1100.00
2021-10-19,12.15,12.15,12.15,12.15,100,1215.00
2021-10-20,14.00,14.00,14.00,14.00,100,1400.00
2021-10-21,15.00,15.00,15.00,15.00,200,2985.00
2021-10-22,18.00,18.01,18.00,18.01,200,3582.99
2021-10-25,18.00,18.00,18.00,18.00,100,1800.00
2021-10-26,18.10,18.10,18.10,18.10,300,5411.90
2021-10-27,18.04,18.04,18.04,18.04,100,1805.00
2021-10-29,18.04,18.04,18.04,18.04,100,1805.00
2021-11-01,18.10,18.10,18.10,18.10,200,3620.00
2021-11-02,18.04,18.04,18.04,18.04,100,1805.00
2021-12-30,18.10,18.26,18.10,18.26,800,14560.00
2022-01-13,18.00,18.04,18.00,18.04,2500,45025.00
2022-01-21,18.17,18.17,18.17,18.17,100,1817.00
2022-01-27,18.00,18.00,18.00,18.00,4300,77400.00
2022-02-07,25.00,25.00,25.00,25.00,400,10000.00
2022-02-08,28.12,50.00,20.01,20.01,300,11740.69
2022-02-09,19.87,19.87,19.87,19.87,700,13916.00
2022-02-15,25.00,25.00,25.00,25.00,100,2500.00
2022-02-16,22.00,22.00,22.00,22.00,100,2200.00
2022-02-17,19.90,19.90,19.90,19.90,0,39.80
2022-04-14,14.99,38.88,14.99,38.88,200,5387.00
2022-05-06,20.00,20.00,20.00,20.00,100,2000.00
2022-05-16,40.00,40.00,40.00,40.00,100,4000.00
2022-06-22,20.00,20.00,20.00,20.00,100,2000.00
2022-06-24,20.00,20.00,20.00,20.00,700,14000.00
2022-06-27,13.33,14.01,13.33,14.01,700,9656.99
2022-12-30,13.30,14.00,10.62,14.00,1563515,19488050.00
2023-01-03,14.20,15.17,13.08,14.31,713625,10208763.00
2023-01-04,13.78,14.28,13.59,13.65,180513,2484146.25
2023-01-05,13.00,13.61,13.00,13.19,170486,2253874.50
2023-01-06,13.48,13.48,13.11,13.39,139767,1856393.38
2023-01-09,13.65,14.02,13.42,14.02,184963,2538487.50
2023-01-10,14.17,14.58,14.01,14.58,200919,2872833.00
2023-01-11,14.65,14.65,14.27,14.59,180774,2620856.25
2023-01-12,14.58,15.04,14.36,15.03,299222,4463622.00
2023-01-13,14.85,14.99,14.20,14.70,164571,2377284.50
2023-01-16,14.57,14.65,14.01,14.59,88493,1283099.88
2023-01-17,14.70,14.89,14.41,14.73,95500,1403442.13
2023-01-18,14.87,14.87,14.66,14.74,52568,774873.19
2023-01-19,14.50,14.72,14.43,14.72,102200,1488597.88
2023-01-20,14.80,15.02,14.52,14.83,216597,3200920.50
2023-01-30,14.97,14.97,14.67,14.83,98842,1458336.25
2023-01-31,14.61,15.50,14.61,15.36,862937,13101112.00
2023-02-01,15.33,15.34,14.80,14.97,432900,6477092.00
2023-02-02,14.70,14.71,14.00,14.38,302901,4342564.00
2023-02-03,14.36,14.40,14.24,14.33,145581,2083786.13
2023-02-06,14.39,14.46,14.06,14.17,106123,1520583.25
2023-02-07,14.35,14.38,14.21,14.35,105313,1505178.13
2023-02-08,14.40,14.58,14.30,14.32,98260,1414118.00
2023-02-09,14.10,14.80,14.10,14.80,227033,3309970.25
2023-02-10,14.44,14.79,14.44,14.68,48350,707021.44
2023-02-13,14.50,14.73,14.40,14.66,92386,1350176.25
2023-02-14,14.69,15.05,14.05,15.05,336768,5024738.00
2023-02-15,15.07,15.09,14.55,14.70,221701,3266394.25
2023-02-16,14.71,14.71,14.50,14.68,177377,2591549.25
2023-02-17,14.68,14.69,14.48,14.56,137104,1994494.38
2023-02-20,14.75,15.09,14.51,14.96,797531,11943113.00
2023-02-21,14.96,15.03,14.68,14.75,184129,2715819.00
2023-02-22,14.77,15.05,14.77,14.90,395613,5896413.00
2023-02-23,14.98,15.16,14.80,15.04,683528,10231440.00
2023-02-24,15.13,15.48,14.95,15.08,318255,4813780.00
2023-02-27,15.10,15.23,14.95,15.06,284732,4285788.50
2023-02-28,15.07,15.38,14.80,15.05,241536,3622824.75
2023-03-01,15.06,15.28,14.81,15.01,136619,2051136.00
2023-03-02,15.02,15.18,14.80,14.98,348583,5203706.50
2023-03-03,15.00,15.00,14.69,14.86,290744,4313564.00
2023-03-06,14.88,15.00,14.85,14.98,422701,6308177.50
2023-03-07,14.98,15.16,14.80,15.00,412139,6169793.00
2023-03-08,15.08,15.10,14.80,14.99,425378,6359649.50
2023-03-09,15.04,15.13,14.76,14.94,417739,6220388.00
2023-03-10,14.97,15.04,14.77,14.84,235404,3501861.50
2023-03-13,14.85,14.99,14.66,14.92,162350,2415394.00
2023-03-14,14.92,14.98,14.66,14.91,296589,4397209.50
2023-03-15,14.94,15.05,14.50,14.87,421494,6245139.50
2023-03-16,14.87,15.02,14.70,14.85,389404,5775632.00
2023-03-17,14.89,15.01,14.78,15.01,437067,6502943.00
2023-03-20,15.08,15.08,14.76,14.88,191491,2849559.75
2023-03-21,14.88,14.94,14.80,14.90,271789,4046118.00
2023-03-22,14.92,15.03,14.80,14.92,295613,4399879.50
2023-03-23,14.96,14.96,14.75,14.88,204127,3028287.25
2023-03-24,14.91,15.14,14.85,15.03,493771,7404789.50
2023-03-27,15.05,15.08,14.80,14.94,220222,3283826.25
2023-03-28,14.95,15.02,14.80,14.94,359300,5355080.00
2023-03-29,14.96,14.97,14.70,14.82,327198,4860510.00
2023-03-30,14.84,14.88,14.60,14.86,254414,3742928.25
2023-03-31,14.86,14.90,14.60,14.72,93825,1384530.50
2023-04-03,14.79,14.84,14.55,14.58,70866,1034552.69
2023-04-04,14.37,14.70,14.36,14.51,91095,1324278.13
2023-04-06,14.42,14.58,14.28,14.56,158612,2288409.50
2023-04-07,14.70,14.70,14.40,14.56,67914,985394.63
2023-04-10,14.62,14.62,14.40,14.52,117201,1698485.13
2023-04-11,14.40,14.54,14.39,14.49,49984,720161.00
2023-04-12,14.31,14.48,14.19,14.30,55531,793635.00
2023-04-13,14.18,14.27,14.08,14.09,32406,458653.13
2023-04-14,14.05,14.17,14.05,14.15,30246,425639.91
2023-04-17,14.27,14.27,14.05,14.15,37233,524972.25
2023-04-18,14.06,14.12,13.73,13.79,70261,977153.25
2023-04-19,14.08,14.12,13.83,14.03,33318,465250.81
2023-04-20,14.00,14.17,13.78,13.80,24564,340326.78
2023-04-21,14.00,14.00,13.60,13.74,19837,272299.66
2023-04-24,14.00,14.00,13.50,13.76,12306,169630.94
2023-04-25,13.99,14.00,13.55,13.69,310620,4271150.50
2023-04-26,13.69,13.91,13.51,13.88,398643,5475918.50
2023-04-27,13.90,14.17,13.50,13.66,155173,2120576.75
2023-04-28,13.75,13.78,13.36,13.49,119305,1618114.25
2023-05-04,13.59,13.73,13.30,13.66,47850,650721.31
2023-05-05,13.84,14.04,13.48,13.85,112274,1548624.63
2023-05-08,13.75,14.37,13.72,14.10,139332,1955515.00
2023-05-09,14.05,14.34,13.80,13.85,95556,1333564.88
2023-05-10,13.72,13.98,13.51,13.56,69702,953648.25
2023-05-11,13.51,13.84,13.48,13.62,105660,1429332.25
2023-05-12,13.85,17.33,13.62,14.88,796769,12060781.00
2023-05-15,14.28,14.69,13.75,14.10,462681,6555126.50
2023-05-16,14.10,14.39,13.80,13.95,197478,2772499.75
2023-05-17,14.10,14.18,13.70,13.98,250680,3485554.50
2023-05-18,14.03,14.03,13.80,13.96,118803,1646960.25
2023-05-19,13.96,14.10,13.81,13.84,115044,1598028.63
2023-05-22,13.97,14.77,13.84,14.13,185225,2627384.00
2023-05-23,14.14,14.30,13.98,14.19,192822,2725780.25
2023-05-24,9.55,9.68,9.26,9.35,165771,1568412.63
2023-05-25,9.06,9.29,9.03,9.21,251896,2290996.25
2023-05-26,9.18,9.18,8.78,9.02,204333,1827998.88
2023-05-29,9.07,9.11,8.90,8.99,88368,793717.25
2023-05-30,8.98,9.04,8.83,8.96,111156,987638.56
2023-05-31,9.02,9.02,8.83,8.94,118332,1052025.00
2023-06-01,8.90,9.00,8.89,8.93,36961,330505.72
2023-06-02,9.01,9.01,8.88,8.95,77529,691773.25
2023-06-05,8.90,8.98,8.83,8.90,58428,518961.34
2023-06-06,8.80,8.95,8.79,8.85,110279,974533.69
2023-06-07,8.80,8.87,8.78,8.85,82344,724819.75
2023-06-08,8.80,8.82,8.70,8.71,46823,408427.50
2023-06-09,8.70,8.77,8.61,8.65,44512,385588.53
2023-06-12,8.61,8.70,8.61,8.67,43300,373775.25
2023-06-13,8.80,8.92,8.67,8.69,168963,1485089.13
2023-06-14,8.69,8.84,8.60,8.72,149494,1293027.50
2023-06-15,8.64,8.76,8.64,8.76,36154,314704.63
2023-06-16,8.83,8.83,8.65,8.81,61235,537737.00
2023-06-19,8.75,8.87,8.53,8.78,25750,224988.66
2023-06-20,8.86,8.86,8.70,8.79,20667,181220.16
2023-06-21,8.61,8.86,8.61,8.76,48040,422334.28
2023-06-26,8.90,8.90,8.62,8.70,47925,415938.41
2023-06-27,8.67,8.78,8.64,8.74,51533,447016.19
2023-06-28,8.75,8.75,8.54,8.68,63067,542818.63
2023-06-29,8.74,8.74,8.58,8.71,91695,795913.88
2023-06-30,8.64,8.74,8.60,8.70,52057,450622.78
2023-07-03,8.70,8.70,8.60,8.61,46459,400720.13
2023-07-04,8.67,8.70,8.62,8.65,34884,301772.41
2023-07-05,8.61,8.68,8.60,8.68,30005,259991.30
2023-07-06,8.70,8.70,8.62,8.67,6240,54003.60
2023-07-07,8.68,8.69,8.61,8.69,17480,151543.91
2023-07-10,8.66,8.75,8.61,8.68,27990,242914.59
2023-07-11,8.81,8.81,8.64,8.70,8606,74997.08
2023-07-12,8.62,8.77,8.59,8.59,138782,1193493.25
2023-07-13,8.66,8.66,8.55,8.63,30905,266184.09
2023-07-14,8.75,8.75,8.65,8.68,14716,128017.43
2023-07-17,8.58,8.72,8.58,8.64,5167,44617.74
2023-07-18,8.71,8.72,8.65,8.69,30021,260687.11
2023-07-19,8.69,8.74,8.66,8.71,51370,447749.84
2023-07-20,8.75,8.92,8.72,8.80,55759,493008.59
2023-07-21,8.96,8.98,8.82,8.85,27371,243124.48
2023-07-24,8.85,8.88,8.80,8.81,12860,113268.50
2023-07-25,8.82,8.90,8.82,8.86,21550,191214.41
2023-07-26,8.90,8.91,8.86,8.86,12092,107476.57
2023-07-27,8.70,8.93,8.70,8.87,19536,171031.25
2023-07-28,8.89,9.11,8.82,9.05,196912,1775552.13
2023-07-31,9.05,9.09,8.86,8.96,54653,492565.41
2023-08-01,8.90,8.98,8.89,8.96,20929,186538.31
2023-08-02,8.96,8.96,8.60,8.85,156228,1361270.13
2023-08-03,8.76,8.78,8.61,8.72,59199,516985.53
2023-08-04,8.72,8.83,8.66,8.76,37241,326832.75
2023-08-07,8.71,8.75,8.67,8.70,34530,300135.53
2023-08-08,8.66,8.76,8.63,8.75,16602,144340.20
2023-08-09,8.65,8.79,8.65,8.71,7083,61699.55
2023-08-10,8.68,8.74,8.65,8.66,20964,181755.42
2023-08-11,8.82,8.83,8.66,8.67,8168,71150.56
2023-08-14,8.64,8.66,8.54,8.60,36460,313479.81
2023-08-15,8.60,8.70,8.58,8.68,15623,134960.94
2023-08-16,8.88,8.88,8.68,8.77,50404,441111.56
2023-08-17,8.75,8.78,8.66,8.71,15142,131782.33
2023-08-18,8.71,8.76,8.69,8.69,6950,60474.50
2023-08-21,8.47,8.83,8.47,8.61,14035,121167.07
2023-08-22,8.58,8.96,8.58,8.86,187389,1663027.38
2023-08-23,8.77,8.94,8.77,8.84,38268,338957.94
2023-08-24,8.72,8.72,8.50,8.54,87974,754484.69
2023-08-25,8.52,8.63,8.50,8.50,29844,254194.58
2023-08-28,8.78,8.93,8.64,8.64,77864,687198.63
2023-08-29,8.70,8.80,8.70,8.80,24229,211941.80
2023-08-30,8.71,8.80,8.71,8.79,27072,237787.09
2023-08-31,8.66,8.79,8.66,8.77,9386,82073.78
2023-09-01,8.64,8.82,8.64,8.81,49336,433466.25
2023-09-04,9.15,9.26,8.89,9.11,265629,2418481.50
2023-09-05,9.00,9.11,8.80,8.90,90521,807847.63
2023-09-06,9.04,9.16,8.87,9.08,141094,1271314.00
2023-09-07,9.09,9.20,9.05,9.18,113780,1040379.44
2023-09-08,9.19,9.25,8.98,9.20,108507,990456.81
2023-09-11,9.12,9.21,9.10,9.18,24260,220918.50
2023-09-12,9.18,9.49,9.16,9.24,101510,937134.06
2023-09-13,9.22,9.35,9.06,9.28,171244,1585799.88
2023-09-14,9.21,9.21,9.10,9.20,29173,266612.16
2023-09-15,9.18,9.35,9.06,9.20,61847,569952.00
2023-09-18,9.13,9.24,9.00,9.13,63038,572337.13
2023-09-19,9.08,9.18,9.00,9.01,61676,559475.63
2023-09-20,9.02,9.18,9.02,9.16,24343,222684.06
2023-09-21,9.06,9.20,9.00,9.13,74725,685640.69
2023-09-22,9.01,9.27,9.01,9.18,34483,317825.13
2023-09-25,9.20,9.27,9.13,9.23,23518,216695.95
2023-09-26,9.25,9.30,9.17,9.28,57603,534244.38
2023-09-27,9.13,9.28,9.10,9.10,97473,891679.25
2023-09-28,9.08,9.25,9.05,9.10,64880,593106.38
2023-10-09,9.21,9.21,8.98,9.17,139123,1254639.75
2023-10-10,9.21,9.22,9.10,9.15,32543,298168.63
2023-10-11,9.08,9.19,9.03,9.05,43098,392419.09
2023-10-12,9.09,9.16,9.05,9.05,69964,637234.88
2023-10-13,9.08,9.13,9.00,9.07,69434,628867.19
2023-10-16,9.06,9.16,8.95,8.95,23005,207795.59
2023-10-17,8.90,8.99,8.90,8.91,14360,128322.22
2023-10-18,8.96,8.99,8.83,8.93,14660,130248.80
2023-10-19,8.88,8.95,8.78,8.89,9073,80413.47
2023-10-20,8.85,8.85,8.66,8.69,15450,135321.50
2023-10-23,8.69,8.74,8.51,8.56,14198,122372.72
2023-10-24,8.58,8.68,8.58,8.65,24438,210749.20
2023-10-25,8.70,8.75,8.66,8.70,20198,175656.59
2023-10-26,8.68,9.00,8.68,8.80,6695,58831.08
2023-10-27,8.91,8.91,8.82,8.87,23302,207151.77
2023-10-30,8.86,8.88,8.76,8.83,24577,216991.73
2023-10-31,8.80,8.87,8.75,8.84,23049,202560.92
2023-11-01,8.86,8.90,8.81,8.83,26469,234629.30
2023-11-02,8.83,8.88,8.75,8.87,14054,124265.87
2023-11-03,8.88,8.95,8.75,8.88,99064,878841.13
2023-11-06,8.93,8.95,8.84,8.87,285146,2532148.50
2023-11-07,8.89,8.98,8.83,8.85,29960,265573.19
2023-11-08,8.89,9.00,8.81,8.92,197313,1748719.13
2023-11-09,8.92,9.24,8.87,9.17,316271,2870575.00
2023-11-10,9.08,9.24,8.97,9.21,291752,2662240.00
2023-11-13,9.20,9.20,9.08,9.14,35684,325660.50
2023-11-14,9.15,9.54,9.12,9.42,321013,3001958.50
2023-11-15,9.35,9.65,9.31,9.53,360075,3415546.75
2023-11-16,9.52,9.59,9.32,9.51,205072,1938029.88
2023-11-17,9.49,9.67,9.44,9.53,173931,1661264.50
2023-11-20,9.59,9.83,9.45,9.70,232176,2240401.25
2023-11-21,9.75,10.52,9.65,10.11,1841557,18635238.00
2023-11-22,9.98,10.98,9.77,10.92,2124856,22117138.00
2023-11-23,10.95,11.60,10.00,10.34,1965028,21556732.00
2023-11-24,10.15,12.25,10.15,11.88,2282337,25537824.00
2023-11-27,12.66,14.50,11.88,14.48,3252721,42924604.00
2023-11-28,13.54,14.50,13.00,13.25,2084813,28744060.00
2023-11-29,13.25,13.51,11.43,11.49,1590283,19819636.00
2023-11-30,11.49,11.88,11.15,11.79,1050600,12153993.00
2023-12-01,11.66,12.28,11.39,11.75,1037579,12315210.00
2023-12-04,11.60,11.77,10.83,11.32,1078537,12141545.00
2023-12-05,11.22,12.89,11.22,12.50,1860466,22756054.00
2023-12-06,13.00,16.25,12.50,16.25,4302654,68223272.00
2023-12-07,17.99,21.12,16.80,17.16,6590522,121296104.00
2023-12-08,16.01,16.98,15.30,16.13,4352692,69799336.00
2023-12-11,15.69,15.98,14.75,14.85,2410043,36877140.00
2023-12-12,15.01,15.90,14.52,15.41,3172574,48164284.00
2023-12-13,15.40,18.28,15.10,17.30,5103184,84959016.00
2023-12-14,16.80,18.59,16.26,17.30,5396437,94329568.00
2023-12-15,17.20,17.85,16.36,17.28,3285615,56234780.00
2023-12-18,17.58,18.16,17.20,17.68,3463684,61138192.00
2023-12-19,17.67,17.70,16.50,16.97,2580468,43859136.00
2023-12-20,16.67,17.50,16.56,17.22,2529845,43179164.00
2023-12-21,17.32,18.69,14.51,16.29,4743675,82716696.00
2023-12-22,15.77,16.30,14.80,15.82,2848197,44226228.00
2023-12-25,15.51,16.27,15.42,16.26,2579638,41166276.00
2023-12-26,16.12,16.48,15.31,16.29,2987200,47826268.00
2023-12-27,16.46,16.86,15.97,16.40,2850314,46967232.00
2023-12-28,16.90,18.00,16.38,16.46,3059314,52312240.00
2023-12-29,15.90,16.82,15.71,16.47,2707352,44300044.00
2024-01-02,16.30,17.50,16.25,17.35,3261586,55331784.00
2024-01-03,17.26,19.44,16.81,18.47,3969832,71626392.00
2024-01-04,18.52,19.41,17.70,19.13,3351925,62259784.00
2024-01-05,18.90,19.12,17.23,17.40,2336253,42431764.00
2024-01-08,16.51,17.49,16.10,16.10,1511112,25251336.00
2024-01-09,16.60,17.88,15.82,17.43,3327845,56901712.00
2024-01-10,17.00,20.67,16.75,19.33,6006638,113147864.00
2024-01-11,18.80,18.99,17.00,18.31,4614907,82710088.00
2024-01-12,17.83,17.98,15.20,15.35,3851448,64246248.00
2024-01-15,14.88,15.98,14.20,14.20,2000318,29900962.00
2024-01-16,14.19,15.74,13.48,15.45,3153810,46295356.00
2024-01-17,15.00,17.89,14.88,16.51,4991408,81364376.00
2024-01-18,16.51,18.37,16.16,17.76,5047508,86718296.00
2024-01-19,17.23,22.00,17.00,19.50,6399978,121936480.00
2024-01-22,18.77,18.79,17.17,17.37,4471728,80650728.00
2024-01-23,16.91,17.39,16.18,17.17,2831913,47984460.00
2024-01-24,17.09,18.66,17.07,18.37,4412963,79921232.00
2024-01-25,18.00,18.01,16.48,16.67,3965467,68127624.00
2024-01-26,16.10,17.16,16.00,16.01,2351435,38769728.00
2024-01-29,15.98,16.04,14.70,14.83,2004640,30286520.00
2024-01-30,14.97,15.46,14.40,15.16,1427264,21274108.00
2024-01-31,15.37,16.03,15.05,15.90,1869128,29163508.00
2024-02-01,15.67,16.30,15.27,15.28,1722988,27488496.00
2024-02-02,15.00,15.43,13.01,13.69,1891314,26935594.00
2024-02-05,13.27,13.47,12.20,12.70,1356878,17440710.00
2024-02-06,12.69,14.01,12.50,14.01,1389001,18783694.00
2024-02-07,13.84,14.72,13.39,13.52,1528599,21648784.00
2024-02-08,13.55,13.98,12.36,13.15,1119928,14779763.00
2024-02-19,13.09,14.02,13.09,13.94,1304575,17681396.00
2024-02-20,13.92,14.43,13.53,14.28,1219514,17264758.00
2024-02-21,14.08,14.88,13.98,14.17,1468813,21194704.00
2024-02-22,14.28,14.49,13.93,14.11,1260350,17776662.00
2024-02-23,14.23,14.43,13.60,13.69,1092810,15239336.00
2024-02-26,13.51,13.82,13.25,13.73,1007293,13636834.00
2024-02-27,13.69,14.66,13.54,14.63,1834151,26158178.00
2024-02-28,14.64,15.10,14.10,14.50,1989238,29232362.00
2024-02-29,14.29,14.80,14.19,14.77,1256215,18317724.00
2024-03-01,14.78,14.87,14.35,14.87,1620841,23701660.00
2024-03-04,14.86,15.90,14.55,15.38,2467283,37766808.00
2024-03-05,15.16,15.28,14.28,14.41,1145504,16817258.00
2024-03-06,14.41,15.38,14.41,14.69,1059558,15809453.00
2024-03-07,14.88,14.88,13.30,13.85,1195794,16887484.00
2024-03-08,13.78,13.96,13.65,13.77,402173,5537735.50
2024-03-11,13.85,13.93,13.39,13.76,507815,6956452.00
2024-03-12,13.75,14.34,13.70,14.13,899584,12547875.00
2024-03-13,14.05,14.28,13.63,13.70,601662,8324429.00
2024-03-14,13.80,13.87,13.10,13.37,487729,6599729.50
2024-03-15,13.38,14.13,13.31,13.92,969697,13425800.00
2024-03-18,13.78,14.09,13.76,13.99,545943,7611348.00
2024-03-19,13.90,14.00,13.66,13.68,349268,4831138.00
2024-03-20,13.78,14.69,13.63,14.28,1155144,16552393.00
2024-03-21,14.17,14.34,13.66,13.76,760166,10540614.00
2024-03-22,13.69,13.92,13.40,13.43,521069,7078231.00
2024-03-25,13.45,13.53,13.06,13.06,470247,6246380.00
2024-03-26,13.19,13.26,12.44,12.77,488244,6212339.50
2024-03-27,12.88,13.48,12.61,12.78,568853,7445959.50
2024-03-28,12.70,12.99,12.57,12.77,456877,5812891.00
2024-03-29,12.75,12.86,12.50,12.55,324064,4091543.50
2024-04-01,12.55,12.66,12.50,12.60,202412,2544730.00
2024-04-02,12.55,12.60,12.30,12.45,310118,3857489.50
2024-04-03,12.38,12.42,12.10,12.19,307056,3747383.00
2024-04-08,12.19,12.39,11.90,11.99,245401,2980724.75
2024-04-09,12.01,12.19,11.89,12.08,163491,1968129.88
2024-04-10,12.05,12.95,11.99,12.48,816814,10285558.00
2024-04-11,12.20,12.38,12.10,12.26,467107,5707056.00
2024-04-12,12.25,12.80,12.25,12.46,429016,5387780.50
2024-04-15,12.45,13.60,12.40,13.40,1342482,17636462.00
2024-04-16,12.88,12.90,11.89,12.10,1171398,14445918.00
2024-04-17,12.23,12.74,12.11,12.54,677381,8464622.00
2024-04-18,12.40,12.98,12.29,12.45,685751,8684446.00
2024-04-19,12.31,12.54,12.10,12.21,472014,5791683.00
2024-04-22,12.32,12.32,11.92,11.96,315415,3796977.75
2024-04-23,12.00,12.16,11.88,12.06,168190,2029021.75
2024-04-24,12.01,12.25,12.01,12.13,178801,2175984.75
2024-04-25,12.10,12.28,12.05,12.08,232353,2826872.25
2024-04-26,12.08,12.32,12.07,12.28,338791,4136025.00
2024-04-29,12.28,12.52,12.22,12.37,312526,3877780.25
2024-04-30,12.37,12.75,12.31,12.60,460537,5786387.50
2024-05-06,12.70,12.89,12.50,12.56,586181,7376043.00
2024-05-07,12.58,12.65,12.18,12.30,455670,5638997.00
2024-05-08,12.42,12.42,12.13,12.15,214150,2616287.00
2024-05-09,12.18,12.28,12.15,12.15,334007,4066906.25
2024-05-10,12.15,12.26,11.97,12.00,254160,3059200.25
2024-05-13,11.97,12.08,11.78,12.06,271403,3252519.50
2024-05-14,12.35,12.35,12.03,12.13,277855,3376295.00
2024-05-15,12.16,12.69,11.85,12.29,786952,9708739.00
2024-05-16,12.12,12.39,11.96,12.00,530635,6415938.50
2024-05-17,12.20,12.60,12.12,12.27,670935,8267006.00
2024-05-20,12.22,12.38,11.95,11.99,505520,6113150.50
2024-05-21,12.00,12.10,11.88,11.88,384062,4583151.50
2024-05-22,11.78,12.05,11.78,11.87,196247,2333498.50
2024-05-23,11.88,12.46,11.66,12.17,1057571,12933830.00
2024-05-24,12.14,12.27,11.83,11.89,495871,5949656.00
2024-05-27,12.33,14.17,12.13,12.68,2150383,27743414.00
2024-05-28,12.21,12.74,12.00,12.25,1386767,16991162.00
2024-05-29,12.18,12.30,12.00,12.03,631954,7662776.00
2024-05-30,12.00,12.05,11.62,11.66,596462,7033268.00
2024-05-31,11.64,12.10,11.60,11.69,244965,2873669.75
2024-06-03,11.69,11.69,11.37,11.38,347547,3982013.00
2024-06-04,11.39,11.43,11.17,11.28,202582,2286443.25
2024-06-05,11.27,11.30,11.12,11.28,195845,2193051.50
2024-06-06,11.25,11.29,10.76,10.78,378659,4159106.25
2024-06-07,10.79,10.99,10.79,10.88,172633,1880270.50
2024-06-11,10.89,11.13,10.87,11.10,138102,1520364.13
2024-06-12,11.11,11.45,11.09,11.22,224551,2536490.25
2024-06-13,11.21,11.21,10.92,10.96,213379,2364957.00
2024-06-14,10.95,11.10,10.95,11.01,121002,1335159.13
2024-06-17,11.00,11.00,10.50,10.73,162524,1752019.25
2024-06-18,10.74,11.00,10.70,10.75,120789,1303383.13
2024-06-19,10.44,10.93,10.44,10.63,173245,1851380.00
2024-06-20,10.63,10.71,10.23,10.40,178091,1856166.88
2024-06-21,10.41,10.94,10.36,10.81,503810,5422311.00
2024-06-24,10.80,11.02,10.61,10.64,237988,2560225.50
2024-06-25,10.63,10.85,10.51,10.69,165390,1772087.00
2024-06-26,10.68,11.13,10.51,10.93,250218,2708686.25
2024-06-27,10.92,10.94,10.66,10.71,158659,1712361.38
2024-06-28,10.70,10.84,10.52,10.54,182973,1951614.00
2024-07-01,10.55,10.65,10.39,10.57,111530,1173473.50
2024-07-02,10.56,10.56,10.36,10.40,114640,1197721.25
2024-07-03,10.41,10.48,10.10,10.11,221905,2271102.25
2024-07-04,10.12,10.31,9.83,9.85,138413,1395496.25
2024-07-05,9.86,10.02,9.63,9.90,179697,1752897.50
2024-07-08,9.91,9.93,9.36,9.37,217867,2086828.88
2024-07-09,9.38,9.63,9.32,9.55,211335,2006266.50
2024-07-10,9.56,9.67,9.33,9.50,84453,801644.13
2024-07-11,9.59,9.78,9.52,9.70,120760,1169830.00
2024-07-12,9.71,9.87,9.59,9.77,146954,1434757.13
2024-07-15,9.83,10.03,9.66,9.66,130832,1290172.88
2024-07-16,9.55,10.25,9.45,10.11,494768,4904021.50
2024-07-17,10.12,11.37,10.01,10.95,1302841,14239102.00
2024-07-18,10.76,11.66,10.62,10.95,1180194,13119371.00
2024-07-19,10.60,11.26,10.48,10.54,699666,7564099.00
2024-07-22,10.49,10.49,10.20,10.22,432944,4460215.50
2024-07-23,10.22,10.42,10.03,10.03,284896,2910917.25
2024-07-24,9.99,10.02,9.73,9.80,201040,1981685.13
2024-07-25,9.77,10.28,9.66,10.04,224117,2245474.75
2024-07-26,10.03,10.28,10.03,10.22,200684,2040168.50
2024-07-29,10.25,10.25,9.47,10.08,191259,1913102.00
2024-07-30,10.13,10.38,9.85,10.18,217743,2208271.25
2024-07-31,10.22,10.48,10.14,10.36,237463,2440652.25
2024-08-01,10.36,10.37,10.20,10.20,211701,2176126.50
2024-08-02,10.08,10.30,10.05,10.07,223268,2260820.50
2024-08-05,10.17,10.17,9.83,9.83,235025,2347103.75
2024-08-06,9.87,10.06,9.82,9.94,152074,1508522.50
2024-08-07,9.95,10.03,9.80,9.90,131314,1300252.63
2024-08-08,9.87,10.10,9.60,10.04,283860,2786768.50
2024-08-09,10.01,10.35,9.94,9.95,225161,2276833.50
2024-08-12,10.00,10.24,9.83,10.10,201569,2025914.13
2024-08-13,10.07,10.14,9.88,10.09,107981,1078819.13
2024-08-14,10.05,10.11,9.95,10.09,94455,947821.06
2024-08-15,10.09,10.22,10.00,10.07,174462,1764326.88
2024-08-16,10.07,10.15,10.00,10.06,113811,1144156.25
2024-08-19,10.12,10.14,9.89,9.89,158133,1575241.88
2024-08-20,9.92,10.14,9.74,9.89,152102,1517216.75
2024-08-21,9.85,9.96,9.79,9.82,173777,1714668.50
2024-08-22,9.79,9.92,9.53,9.64,325854,3156160.75
2024-08-23,9.58,9.68,9.50,9.56,120497,1153289.25
2024-08-26,9.59,9.74,9.54,9.60,76010,733267.00
2024-08-27,9.38,9.48,9.09,9.20,400621,3681706.00
2024-08-28,9.17,9.46,9.00,9.19,224042,2054945.63
2024-08-29,9.17,9.29,9.12,9.24,124763,1148724.38
2024-08-30,9.27,9.49,9.22,9.42,289605,2719886.50
2024-09-02,9.39,9.49,9.16,9.21,124075,1159905.38
2024-09-03,9.24,9.33,9.09,9.18,98641,909389.75
2024-09-04,9.21,9.29,9.01,9.06,84185,768500.44
2024-09-05,9.01,9.24,9.01,9.15,169783,1544853.00
2024-09-06,9.15,9.22,8.90,8.90,162175,1468332.13
2024-09-09,8.93,8.94,8.80,8.80,149029,1319508.00
2024-09-10,8.83,8.89,8.63,8.81,177938,1557242.13
2024-09-11,8.81,8.83,8.69,8.79,81994,719404.19
2024-09-12,8.82,8.88,8.35,8.69,198493,1704813.13
2024-09-13,8.68,9.07,8.54,8.76,334821,2947780.50
2024-09-18,8.76,8.90,8.61,8.78,98483,862172.44
2024-09-19,8.80,9.10,8.73,8.85,337682,3016295.50
2024-09-20,8.82,8.99,8.73,8.86,220957,1952428.00
2024-09-23,8.83,8.86,8.75,8.75,114617,1007421.88
2024-09-24,8.78,9.08,8.64,9.02,240028,2140702.75
2024-09-25,9.06,9.37,9.02,9.05,266784,2438907.25
2024-09-26,9.05,9.21,8.97,9.19,188649,1719536.38
2024-09-27,9.30,11.94,9.30,11.94,4106217,46327888.00
2024-09-30,12.80,15.52,12.80,14.40,6192080,90324824.00
2024-10-08,17.26,18.02,14.44,17.35,7397278,121538904.00
2024-10-09,15.01,15.95,13.22,13.35,4563499,67061148.00
2024-10-10,13.52,13.90,12.63,12.82,2676445,35215532.00
2024-10-11,12.71,12.89,11.85,12.22,1709050,20914754.00
2024-10-14,12.29,12.95,11.96,12.85,1737589,21686172.00
2024-10-15,12.57,13.18,12.32,12.47,1662179,21405738.00
2024-10-16,12.28,12.87,12.08,12.87,1288811,16149961.00
2024-10-17,12.98,14.34,12.80,13.40,2805955,37732336.00
2024-10-18,13.30,14.43,13.02,14.10,2761382,38449240.00
2024-10-21,14.30,18.14,14.30,16.49,4589324,71130056.00
2024-10-22,16.52,16.56,14.26,14.60,2653305,40277980.00
2024-10-23,14.44,15.49,14.06,14.89,1496244,22337378.00
2024-10-24,14.81,15.66,14.31,15.50,2602859,39732908.00
2024-10-25,15.59,16.75,15.26,15.76,4089378,66026548.00
2024-10-28,15.68,16.49,15.01,16.48,2506404,40004904.00
2024-10-29,17.26,17.57,16.25,17.25,3350144,56848780.00
2024-10-30,17.30,18.02,15.88,17.52,3198230,54895612.00
2024-10-31,17.50,19.00,16.18,16.84,3093554,53931140.00
2024-11-01,16.42,18.00,15.21,16.18,3129930,51154664.00
2024-11-04,15.68,18.64,15.68,18.60,3563796,61646152.00
2024-11-05,18.60,19.97,18.03,19.07,4092242,77591088.00
2024-11-06,18.90,22.02,18.52,19.80,4617719,91453056.00
2024-11-07,19.61,23.02,19.24,20.95,4503132,93906552.00
2024-11-08,20.90,21.85,18.88,19.07,3437368,68629936.00
2024-11-11,18.71,19.34,17.60,18.47,2182009,39960168.00
2024-11-12,18.48,18.84,17.60,18.00,1448990,26365702.00
2024-11-13,18.18,18.51,17.05,18.51,1411506,25135432.00
2024-11-14,18.24,18.80,17.90,18.03,1229260,22434872.00
2024-11-15,18.33,18.78,17.60,18.16,1775698,32549716.00
2024-11-18,18.22,19.06,17.60,18.30,1922779,35521356.00
2024-11-19,18.43,18.65,15.67,16.95,2184052,37273204.00
2024-11-20,16.80,18.18,16.51,17.93,1827584,31730116.00
2024-11-21,17.74,23.30,17.59,23.30,7991178,173594672.00
2024-11-22,24.24,30.29,23.50,30.29,10435328,279821792.00
2024-11-25,28.77,37.70,27.32,35.00,10084915,313745440.00
2024-11-26,33.00,36.80,27.14,27.20,8852801,289239968.00
2024-11-27,26.00,29.98,25.11,27.14,6591682,183895376.00
2024-11-28,27.02,29.58,25.60,25.81,6477957,178279840.00
2024-11-29,25.89,27.79,25.00,26.63,5779709,153765808.00
2024-12-02,27.51,32.00,27.50,28.78,6708585,196661104.00
2024-12-03,28.78,28.78,28.78,28.78,0,0.00
#数据来源:通达信
