838701 豪声电子 日线 不复权
      日期	    开盘	    最高	    最低	    收盘	    成交量	    成交额
2017-12-26,5.00,5.00,5.00,5.00,2120000,10600000.00
2018-12-26,4.00,4.00,4.00,4.00,1400000,5600000.00
2019-01-18,4.00,4.00,4.00,4.00,400000,1600000.00
2019-06-28,4.00,4.00,4.00,4.00,1270000,8534400.00
2019-07-03,4.00,4.00,4.00,4.00,2230000,14985600.00
2019-10-09,4.00,4.00,4.00,4.00,1445000,5780000.00
2019-10-14,4.00,4.00,4.00,4.00,655000,2620000.00
2021-06-03,4.39,4.39,4.39,4.39,1000,4390.00
2021-07-05,4.39,4.39,4.39,4.39,583800,1798104.00
2021-07-08,4.39,4.39,4.39,4.39,2440200,7515816.00
2021-07-13,4.39,4.39,4.39,4.39,676000,2082080.00
2022-04-21,4.51,4.51,4.51,4.51,0,4.51
2022-08-31,4.36,4.36,4.36,4.36,558800,1709928.00
2022-09-06,4.36,4.36,4.36,4.36,1641200,5022072.00
2023-07-19,8.60,12.98,8.27,10.39,19583172,184793712.00
2023-07-20,9.61,10.25,9.38,9.96,11899292,116401472.00
2023-07-21,9.99,10.22,8.81,8.88,9636092,89409440.00
2023-07-24,8.44,8.70,7.82,8.10,6655511,54915572.00
2023-07-25,8.18,8.65,7.92,8.10,5249603,42769792.00
2023-07-26,7.95,7.98,7.51,7.53,5367615,41424172.00
2023-07-27,7.56,7.59,7.35,7.40,3179525,23726034.00
2023-07-28,7.42,7.42,7.09,7.25,2269268,16395919.00
2023-07-31,7.41,7.78,7.31,7.51,3274844,24892988.00
2023-08-01,7.53,7.53,7.23,7.29,2441583,17847712.00
2023-08-02,7.29,7.64,7.23,7.38,2216446,16499861.00
2023-08-03,7.35,7.35,7.23,7.28,1652451,12010351.00
2023-08-04,7.40,7.40,7.25,7.28,1134760,8266929.50
2023-08-07,7.31,7.31,7.14,7.15,1169684,8421462.00
2023-08-08,7.12,7.36,7.10,7.22,1316604,9504651.00
2023-08-09,7.20,7.27,7.16,7.23,800790,5775075.50
2023-08-10,7.28,7.69,7.21,7.52,3572161,26900272.00
2023-08-11,7.45,7.50,7.30,7.33,1906328,14035490.00
2023-08-14,7.29,7.29,7.09,7.13,1456850,10396200.00
2023-08-15,7.10,7.17,7.06,7.07,1128221,7991381.00
2023-08-16,7.07,7.19,7.03,7.06,901176,6396438.00
2023-08-17,7.08,7.08,6.98,7.01,602114,4226643.00
2023-08-18,6.97,7.14,6.97,6.99,998119,7042640.50
2023-08-21,7.05,7.05,6.90,6.95,766057,5342789.50
2023-08-22,6.97,6.98,6.68,6.69,1487246,10065253.00
2023-08-23,6.64,6.64,6.21,6.24,1474996,9526420.00
2023-08-24,6.24,6.24,6.05,6.09,1024189,6255370.00
2023-08-25,6.03,6.08,5.86,5.99,858789,5119130.50
2023-08-28,6.38,6.38,6.00,6.02,700399,4328068.50
2023-08-29,5.95,6.26,5.85,6.16,775061,4676721.00
2023-08-30,6.17,6.36,6.03,6.23,758214,4713744.50
2023-08-31,6.22,6.22,6.04,6.14,664048,4062460.25
2023-09-01,6.12,7.11,6.09,6.78,3723473,25167482.00
2023-09-04,7.00,7.89,6.87,7.65,5695185,42221892.00
2023-09-05,7.38,7.39,7.05,7.07,3333066,23934486.00
2023-09-06,7.10,8.13,7.02,7.72,5478103,42267528.00
2023-09-07,7.45,7.83,7.31,7.41,3043247,22570902.00
2023-09-08,7.10,7.37,7.07,7.15,2091436,14975443.00
2023-09-11,7.28,7.60,7.08,7.12,1149610,8236558.00
2023-09-12,7.09,7.10,6.78,6.79,1794607,12384981.00
2023-09-13,6.77,6.85,6.61,6.80,966097,6506526.00
2023-09-14,6.76,7.13,6.67,6.95,1107092,7736895.50
2023-09-15,6.93,7.15,6.93,6.99,1064405,7472541.00
2023-09-18,7.06,7.06,6.79,6.88,527774,3623544.00
2023-09-19,6.84,6.91,6.69,6.73,663304,4472793.50
2023-09-20,6.75,6.75,6.47,6.48,814934,5364578.50
2023-09-21,6.40,6.59,6.40,6.48,473813,3060145.25
2023-09-22,6.44,6.68,6.40,6.67,477950,3139769.25
2023-09-25,6.58,6.65,6.51,6.53,276753,1817410.00
2023-09-26,6.48,6.53,6.39,6.44,427175,2753014.25
2023-09-27,6.41,6.50,6.27,6.32,671590,4273689.00
2023-09-28,6.45,6.63,6.34,6.54,503503,3260042.75
2023-10-09,6.54,6.54,6.39,6.41,483771,3103845.00
2023-10-10,6.46,6.47,6.37,6.39,323080,2077414.25
2023-10-11,6.37,6.45,6.35,6.35,207176,1324228.88
2023-10-12,6.34,6.38,6.23,6.37,452498,2853534.75
2023-10-13,6.36,6.36,6.31,6.34,118381,750560.75
2023-10-16,6.44,6.44,6.24,6.30,123659,779765.81
2023-10-17,6.26,6.36,6.25,6.33,106438,672580.69
2023-10-18,6.34,6.36,6.20,6.20,285677,1793396.00
2023-10-19,6.21,6.25,6.15,6.24,167809,1042042.19
2023-10-20,6.19,6.28,6.18,6.24,222709,1392262.38
2023-10-23,6.29,6.46,6.29,6.32,542402,3469281.00
2023-10-24,6.20,6.44,6.20,6.35,336162,2132832.00
2023-10-25,6.38,6.45,6.21,6.30,634057,3977466.25
2023-10-26,6.30,6.30,6.10,6.17,380686,2341294.25
2023-10-27,6.18,6.40,6.07,6.34,794315,4972366.00
2023-10-30,6.19,6.63,6.19,6.57,988083,6391941.00
2023-10-31,6.50,6.53,6.30,6.40,685093,4378409.50
2023-11-01,6.48,6.48,6.34,6.35,266414,1699622.25
2023-11-02,6.35,6.40,6.30,6.34,276061,1750203.25
2023-11-03,6.29,6.54,6.29,6.44,457926,2960508.75
2023-11-06,6.52,6.58,6.43,6.48,647671,4218410.50
2023-11-07,6.53,6.57,6.43,6.55,382496,2492996.75
2023-11-08,6.49,6.98,6.48,6.91,1926767,13127281.00
2023-11-09,6.86,6.89,6.75,6.77,822533,5593731.00
2023-11-10,6.74,6.83,6.70,6.77,396094,2678776.25
2023-11-13,6.79,6.84,6.71,6.79,268969,1818144.13
2023-11-14,6.85,7.38,6.72,7.10,1904480,13424449.00
2023-11-15,7.07,7.18,6.95,7.00,1413136,9985490.00
2023-11-16,6.98,7.10,6.84,6.85,882112,6136028.50
2023-11-17,6.85,7.06,6.85,7.03,791761,5542234.50
2023-11-20,7.03,7.33,6.93,7.17,1383325,9876091.00
2023-11-21,7.25,8.28,7.21,7.66,6122464,47879508.00
2023-11-22,7.43,9.15,7.30,9.15,8354985,69920768.00
2023-11-23,9.15,10.57,8.60,10.00,10773655,102287880.00
2023-11-24,10.52,12.80,9.62,12.00,10679757,115671096.00
2023-11-27,11.50,14.00,11.20,13.91,12098986,152881968.00
2023-11-28,12.02,13.30,11.61,11.74,8080796,101357208.00
2023-11-29,11.52,12.04,9.98,10.10,6617998,71211832.00
2023-11-30,9.98,10.66,9.73,10.10,3839922,38903516.00
2023-12-01,10.30,10.33,9.25,9.32,3671347,35509704.00
2023-12-04,9.17,9.60,9.07,9.47,2577728,24112164.00
2023-12-05,9.45,10.65,9.33,10.40,5223890,52781308.00
2023-12-06,10.75,10.75,9.92,10.25,3900396,40158000.00
2023-12-07,10.23,11.13,10.04,11.00,4999386,53652472.00
2023-12-08,11.55,12.36,11.17,11.90,6903418,80963768.00
2023-12-11,12.11,12.25,10.91,11.17,4406995,50346356.00
2023-12-12,11.00,13.11,10.83,12.90,8185169,99130632.00
2023-12-13,12.47,13.50,12.06,12.96,7687005,98183528.00
2023-12-14,12.73,13.80,12.45,12.57,6675491,87469488.00
2023-12-15,12.28,13.67,12.00,13.00,5283189,67898288.00
2023-12-18,13.50,14.99,13.17,13.20,6098547,85141872.00
2023-12-19,13.21,13.90,12.45,13.90,5645194,74960576.00
2023-12-20,13.56,15.50,13.45,14.80,5953917,86908192.00
2023-12-21,14.65,15.05,12.03,12.05,6557114,87738744.00
2023-12-22,12.00,12.79,11.76,12.42,3697159,45244848.00
2023-12-25,12.48,13.70,12.30,13.39,4386978,57241856.00
2023-12-26,13.79,14.23,13.00,13.98,4769222,65601900.00
2023-12-27,13.55,17.99,13.32,16.50,10152312,159050448.00
2023-12-28,15.59,17.66,15.10,15.77,8537476,136872592.00
2023-12-29,15.58,17.25,15.21,17.13,8496131,140993664.00
2024-01-02,16.66,19.24,16.55,18.52,8444337,146058256.00
2024-01-03,17.77,19.98,17.40,18.30,6457013,121018960.00
2024-01-04,18.86,20.38,18.41,18.41,7024260,135422064.00
2024-01-05,19.10,19.50,16.61,17.90,6719011,120556344.00
2024-01-08,17.50,18.11,16.50,16.50,4540698,78198328.00
2024-01-09,16.60,17.04,13.82,15.28,5991400,92896232.00
2024-01-10,14.92,15.69,14.14,14.97,3043282,45448616.00
2024-01-11,15.08,15.39,14.60,14.95,3066411,46140288.00
2024-01-12,14.80,14.80,12.20,12.52,5016835,68026856.00
2024-01-15,12.21,12.65,11.61,11.70,2767429,33370396.00
2024-01-16,11.61,13.49,11.12,13.21,4992347,62204808.00
2024-01-17,13.00,14.19,12.81,12.95,5029118,67856456.00
2024-01-18,12.95,14.78,12.40,14.50,5359455,73461496.00
2024-01-19,14.23,15.18,14.05,14.87,5325147,78159920.00
2024-01-22,14.87,15.45,14.03,14.52,4081784,60872992.00
2024-01-23,14.13,15.50,14.03,15.33,3803713,56442424.00
2024-01-24,15.00,15.40,14.00,14.95,3911390,58001044.00
2024-01-25,14.56,14.85,13.47,13.50,3719271,52709768.00
2024-01-26,13.18,14.24,13.14,13.51,2619812,35951520.00
2024-01-29,13.66,13.66,12.07,12.10,2352051,29780488.00
2024-01-30,12.10,12.58,11.51,12.44,1996180,24349760.00
2024-01-31,12.35,13.67,12.35,12.88,2881071,37621060.00
2024-02-01,12.88,13.59,12.12,12.28,2541873,32423758.00
2024-02-02,12.30,12.60,10.58,11.40,3075141,35461008.00
2024-02-05,11.28,11.51,10.02,10.80,2082944,22685518.00
2024-02-06,10.79,11.90,10.52,11.84,2366902,27169132.00
2024-02-07,12.10,12.45,11.27,11.35,2628127,31581446.00
2024-02-08,11.43,11.53,10.40,11.09,2218193,24412704.00
2024-02-19,11.35,12.40,11.35,12.02,2546162,30206096.00
2024-02-20,11.88,13.80,11.69,13.20,4151428,54099824.00
2024-02-21,13.01,13.52,12.86,13.03,3648505,48055292.00
2024-02-22,12.93,13.28,12.70,13.21,2514130,32608730.00
2024-02-23,12.96,13.45,12.75,12.94,2383620,31117222.00
2024-02-26,12.86,13.80,12.41,13.57,3775064,49764612.00
2024-02-27,13.50,14.66,13.30,14.28,4019553,56398372.00
2024-02-28,14.16,14.66,13.20,13.20,3622278,50600708.00
2024-02-29,13.10,15.50,12.82,14.73,4608009,65305728.00
2024-03-01,15.30,19.14,14.80,15.87,9103981,156263744.00
2024-03-04,15.79,16.50,14.70,14.92,5796719,88228520.00
2024-03-05,14.50,16.30,14.39,15.35,5551804,85560256.00
2024-03-06,14.90,15.92,14.80,15.25,4071841,62659232.00
2024-03-07,14.92,15.50,14.18,14.30,3654246,53793940.00
2024-03-08,14.30,14.78,14.25,14.42,1834600,26553464.00
2024-03-11,14.42,14.42,13.79,14.14,1914357,26832386.00
2024-03-12,14.10,14.27,13.71,13.87,1919760,26759996.00
2024-03-13,13.75,13.98,13.08,13.10,2389005,32053370.00
2024-03-14,13.05,13.66,12.70,12.87,1862504,24381704.00
2024-03-15,12.69,13.55,12.38,13.42,5020313,65699000.00
2024-03-18,13.23,13.68,13.13,13.51,2978207,39819052.00
2024-03-19,13.50,14.45,13.50,14.38,5665666,79573560.00
2024-03-20,14.07,14.74,14.01,14.23,3503016,50191428.00
2024-03-21,14.09,14.32,13.41,13.41,3026041,41506320.00
2024-03-22,13.40,13.88,13.21,13.21,1954903,26488462.00
2024-03-25,13.19,13.31,12.44,12.54,2065764,26323550.00
2024-03-26,12.75,12.81,12.10,12.65,1693546,21082758.00
2024-03-27,12.65,13.37,12.38,12.44,1878797,24144548.00
2024-03-28,12.32,12.97,12.32,12.71,1490099,18879988.00
2024-03-29,12.61,12.90,12.33,12.56,1385314,17390896.00
2024-04-01,12.51,12.74,12.40,12.48,1358600,17056820.00
2024-04-02,12.73,13.08,12.44,12.51,1550656,19601962.00
2024-04-03,12.50,12.63,11.90,11.96,1875041,22805992.00
2024-04-08,11.97,12.00,11.11,11.12,1412188,16189506.00
2024-04-09,11.15,11.43,11.14,11.24,1014192,11436798.00
2024-04-10,11.35,12.12,11.16,11.66,2158520,25444268.00
2024-04-11,11.87,13.58,11.74,12.69,5553734,71589432.00
2024-04-12,12.30,12.96,12.12,12.92,3777920,47258440.00
2024-04-15,12.25,12.87,12.13,12.44,2004005,24866320.00
2024-04-16,12.98,13.87,12.16,13.42,4552646,59134788.00
2024-04-17,13.58,14.36,13.37,14.19,6056655,85225760.00
2024-04-18,13.82,14.47,13.40,13.75,4248814,58737448.00
2024-04-19,13.75,14.10,12.56,12.80,3782606,49939740.00
2024-04-22,12.88,12.88,12.27,12.67,2063547,25864130.00
2024-04-23,13.07,13.07,12.55,12.90,1839485,23677260.00
2024-04-24,12.75,12.95,12.50,12.80,1608372,20520042.00
2024-04-25,12.58,12.83,12.21,12.35,1811130,22634868.00
2024-04-26,12.32,12.88,12.23,12.82,1966581,24799756.00
2024-04-29,13.81,14.65,13.66,13.66,5501483,77211768.00
2024-04-30,13.56,14.18,13.55,14.02,3860275,54108100.00
2024-05-06,14.76,15.39,14.35,14.41,5112717,75767992.00
2024-05-07,14.36,14.60,14.16,14.52,2496587,34791056.00
2024-05-08,14.57,15.27,14.44,14.86,3515421,52327760.00
2024-05-09,15.00,15.13,14.52,14.75,2469435,36330892.00
2024-05-10,14.80,14.90,14.01,14.02,2621000,37317024.00
2024-05-13,14.50,14.50,13.98,14.03,1596757,22589590.00
2024-05-14,14.04,14.25,13.75,13.80,1619067,22514510.00
2024-05-15,13.73,14.62,13.60,14.39,3374900,47762876.00
2024-05-16,14.41,14.86,14.24,14.30,3387243,49338432.00
2024-05-17,14.80,14.90,14.26,14.58,2411798,35123420.00
2024-05-20,14.50,14.58,14.22,14.25,1856729,26581018.00
2024-05-21,14.30,14.43,14.01,14.10,1321510,18716200.00
2024-05-22,14.40,14.41,14.12,14.17,1434630,20431550.00
2024-05-23,14.13,15.31,13.80,14.84,5754537,84603048.00
2024-05-24,14.58,14.64,14.18,14.19,2720247,39200672.00
2024-05-27,14.28,14.28,14.03,14.19,1038992,14668761.00
2024-05-28,14.12,14.55,14.12,14.14,1373360,19610492.00
2024-05-29,14.22,14.22,13.88,13.92,1382389,19404888.00
2024-05-30,13.86,13.98,13.46,13.46,1690903,23017078.00
2024-05-31,13.42,13.96,13.41,13.65,1568451,21610256.00
2024-06-03,13.50,13.65,13.04,13.20,1578849,21008874.00
2024-06-04,13.18,13.45,13.12,13.43,867343,11550188.00
2024-06-05,13.30,13.43,13.11,13.14,810346,10718394.00
2024-06-06,13.24,13.28,12.51,12.52,1343815,17177282.00
2024-06-07,12.61,13.01,12.61,12.76,917840,11733406.00
2024-06-11,12.81,13.09,12.30,13.05,1150899,14652187.00
2024-06-12,12.97,13.58,12.90,13.40,1376397,18350532.00
2024-06-13,13.35,13.45,13.08,13.13,898575,11860490.00
2024-06-14,13.19,13.29,13.02,13.19,592419,7813615.50
2024-06-17,13.08,13.13,12.82,12.84,799231,10321027.00
2024-06-18,12.89,13.08,12.80,12.92,504842,6531493.50
2024-06-19,12.78,13.27,12.24,12.64,2641409,33382802.00
2024-06-20,12.49,12.49,11.88,11.98,1830451,22216006.00
2024-06-21,11.84,12.29,11.84,12.06,1045153,12691657.00
2024-06-24,12.00,12.01,11.39,11.43,1007622,11698628.00
2024-06-25,11.45,11.84,11.44,11.55,652043,7525551.50
2024-06-26,11.59,11.80,11.41,11.79,822519,9559380.00
2024-06-27,11.80,12.48,11.67,12.08,1909338,23130524.00
2024-06-28,12.00,13.06,11.98,12.65,2662066,33520322.00
2024-07-01,12.70,12.81,12.33,12.60,1455096,18171406.00
2024-07-02,12.50,12.66,12.36,12.44,802333,10004330.00
2024-07-03,12.45,12.49,12.11,12.13,656018,8027514.50
2024-07-04,12.28,12.64,12.20,12.28,1015091,12593361.00
2024-07-05,12.45,13.53,12.30,13.53,2983283,38428164.00
2024-07-08,13.61,14.51,12.92,12.95,3716939,51046032.00
2024-07-09,12.82,15.48,12.81,15.28,8594137,123170840.00
2024-07-10,14.50,14.79,14.17,14.45,5749963,82936256.00
2024-07-11,14.01,14.49,13.51,14.00,4489958,62832216.00
2024-07-12,13.78,14.07,13.28,13.52,4158098,56451448.00
2024-07-15,13.30,14.29,13.30,14.00,4273899,59120952.00
2024-07-16,13.83,14.93,13.64,14.73,6295432,90537896.00
2024-07-17,14.44,17.69,14.35,16.06,9712079,153551920.00
2024-07-18,16.00,16.00,14.33,14.38,6257152,94184080.00
2024-07-19,14.30,15.00,14.06,14.59,3710862,54301172.00
2024-07-22,14.56,14.56,13.90,14.00,3105066,44039996.00
2024-07-23,14.00,14.23,13.66,13.71,1949849,27145390.00
2024-07-24,13.71,14.33,13.58,13.86,2041604,28483218.00
2024-07-25,13.82,14.28,13.60,14.09,2154855,30299518.00
2024-07-26,14.09,14.37,13.93,14.15,1690523,23899032.00
2024-07-29,14.28,14.28,13.70,13.74,1600962,22218156.00
2024-07-30,13.77,13.95,13.38,13.64,1599099,21830288.00
2024-07-31,13.64,14.12,13.53,13.89,1685917,23357908.00
2024-08-01,14.00,14.20,13.65,13.74,1181886,16332736.00
2024-08-02,13.63,13.78,13.00,13.14,1920484,25645478.00
2024-08-05,13.14,13.31,12.35,12.35,1787342,22819988.00
2024-08-06,12.50,12.71,12.35,12.57,887347,11083622.00
2024-08-07,12.53,12.66,12.49,12.58,547273,6888956.50
2024-08-08,12.55,12.60,12.23,12.35,595657,7371098.50
2024-08-09,12.37,12.98,12.37,12.64,1154290,14664849.00
2024-08-12,12.60,13.19,12.60,13.03,1382740,17905746.00
2024-08-13,12.98,13.14,12.75,12.91,956866,12406140.00
2024-08-14,12.84,13.38,12.56,13.31,1833579,23760334.00
2024-08-15,13.13,13.63,13.08,13.35,1913928,25567672.00
2024-08-16,13.37,14.47,13.26,14.00,3944894,55249676.00
2024-08-19,13.88,14.04,13.38,13.50,2228044,30335352.00
2024-08-20,13.34,14.18,13.26,13.73,2040364,28142260.00
2024-08-21,13.71,13.74,13.37,13.43,1723906,23248570.00
2024-08-22,13.35,13.43,12.77,12.80,1654220,21522218.00
2024-08-23,12.77,13.57,12.41,13.49,1660209,21701398.00
2024-08-26,13.49,14.20,13.47,13.98,2269414,31485028.00
2024-08-27,13.75,14.36,13.45,13.65,2344166,32386326.00
2024-08-28,13.27,13.82,13.21,13.69,1563761,21257456.00
2024-08-29,13.70,14.19,13.45,14.07,3240754,45035056.00
2024-08-30,14.30,15.96,14.10,14.78,6936193,104209264.00
2024-09-02,14.50,14.79,14.00,14.01,3950437,56555448.00
2024-09-03,13.88,14.48,13.80,14.31,2507241,35751388.00
2024-09-04,14.04,14.30,13.57,13.69,2358769,32526826.00
2024-09-05,13.70,13.89,13.60,13.73,1231941,16885546.00
2024-09-06,13.75,13.75,13.13,13.40,1828350,24447964.00
2024-09-09,13.21,13.47,13.18,13.46,990015,13205449.00
2024-09-10,13.41,13.62,13.21,13.52,841101,11319333.00
2024-09-11,13.42,13.62,13.26,13.33,780106,10460205.00
2024-09-12,13.29,13.44,13.05,13.10,914590,12089394.00
2024-09-13,12.99,13.58,12.98,13.18,1459483,19286950.00
2024-09-18,13.21,13.21,12.79,12.90,982662,12709105.00
2024-09-19,13.03,13.26,12.89,13.11,844241,11060991.00
2024-09-20,13.57,13.57,13.17,13.38,1365894,18182236.00
2024-09-23,13.13,13.96,13.13,13.77,2113115,28964032.00
2024-09-24,13.78,14.17,13.48,14.00,2416527,33336368.00
2024-09-25,14.12,14.27,13.81,13.85,2865319,40281872.00
2024-09-26,13.85,14.22,13.62,14.18,2223774,30930114.00
2024-09-27,14.28,15.65,14.22,15.15,4684877,69929584.00
2024-09-30,16.20,19.50,15.60,19.08,7443852,129867904.00
2024-10-08,24.80,24.80,22.90,24.80,8836954,212712592.00
2024-10-09,24.80,31.92,22.90,26.88,9992373,275575872.00
2024-10-10,26.02,29.80,23.37,25.97,7345392,199614352.00
2024-10-11,26.01,26.64,23.23,24.00,4629083,113344344.00
2024-10-14,23.00,26.64,22.88,26.64,6230620,154120896.00
2024-10-15,25.86,31.39,25.22,26.60,7666761,216633424.00
2024-10-16,25.50,28.09,25.01,27.20,4516914,121477984.00
2024-10-17,27.44,34.40,27.44,29.37,8872258,268813664.00
2024-10-18,30.04,34.33,28.58,32.10,8492312,268676768.00
2024-10-21,32.87,40.59,32.87,40.53,9172093,340174912.00
2024-10-22,37.90,39.39,32.96,33.15,8240305,295536128.00
2024-10-23,33.18,35.84,32.00,34.05,4498797,154570800.00
2024-10-24,34.80,35.68,32.51,34.19,4795101,163440816.00
2024-10-25,34.51,36.68,32.50,32.51,6208107,217354256.00
2024-10-28,32.09,32.94,30.00,32.04,4173927,130795336.00
2024-10-29,32.70,34.98,31.71,34.49,5009636,169012208.00
2024-10-30,39.99,44.83,37.92,39.90,10459142,435707552.00
2024-10-31,36.01,38.38,35.15,36.76,7932097,289808224.00
2024-11-01,35.97,36.49,31.08,31.37,4707752,157099328.00
2024-11-04,32.67,33.30,32.01,33.14,2796940,91682328.00
2024-11-05,33.13,36.80,33.13,36.18,4934961,175606560.00
2024-11-06,37.41,38.38,35.50,36.50,5329178,197071168.00
2024-11-07,36.00,37.50,34.86,36.88,4549165,165854160.00
2024-11-08,37.25,39.53,37.19,37.85,5177865,197685408.00
2024-11-11,37.55,39.43,35.80,39.38,5015660,190415616.00
2024-11-12,39.93,41.35,38.00,39.88,4721694,186750400.00
2024-11-13,39.87,39.87,36.90,38.50,3647867,139020368.00
2024-11-14,37.93,38.47,36.07,36.18,2695403,100130880.00
2024-11-15,36.36,38.77,35.20,37.60,4608027,172224832.00
2024-11-18,38.14,38.61,35.02,35.20,3197800,116410080.00
2024-11-19,38.50,39.00,35.70,37.89,4565071,171843040.00
2024-11-20,36.40,38.46,36.00,38.18,4024745,150594224.00
2024-11-21,37.28,38.79,36.70,38.48,3604865,136928160.00
2024-11-22,38.92,38.94,36.66,36.76,2758939,104109312.00
2024-11-25,37.40,37.40,34.50,35.36,1961444,69420744.00
2024-11-26,35.45,35.59,33.30,33.30,2172270,74273400.00
2024-11-27,33.48,33.48,30.91,33.43,1954300,62735900.00
2024-11-28,33.47,34.44,33.02,33.02,1565123,52931660.00
2024-11-29,32.97,33.73,31.60,33.33,1999851,65523128.00
2024-12-02,33.10,34.43,33.02,34.16,1671158,56762352.00
2024-12-03,34.16,34.16,34.16,34.16,0,0.00
#数据来源:通达信
