838837 华原股份 日线 不复权
      日期	    开盘	    最高	    最低	    收盘	    成交量	    成交额
2022-06-06,3.28,3.28,3.28,3.28,100000,328000.00
2022-06-08,3.49,6.50,3.49,4.00,12200,50590.60
2022-06-09,3.63,3.71,3.63,3.71,800,2920.00
2022-06-10,3.49,3.49,3.32,3.33,13100,43593.00
2022-06-13,3.47,3.49,3.47,3.49,500,1741.00
2022-06-22,3.36,3.36,3.36,3.36,4900,16464.00
2022-06-29,3.36,3.36,3.36,3.36,11300,38129.28
2022-06-30,3.36,3.37,3.36,3.36,4000,13450.00
2022-07-01,3.38,3.38,3.38,3.38,4000,13520.00
2022-07-04,3.39,3.39,3.39,3.39,1000,3390.00
2022-07-05,3.28,3.39,3.28,3.39,4500,15253.48
2022-08-15,3.00,4.63,3.00,4.63,20600,65418.31
2022-08-16,3.80,3.80,3.55,3.55,26700,98555.70
2022-08-17,3.60,3.68,3.60,3.64,56900,207661.11
2022-08-18,3.50,3.64,3.50,3.60,4300,15474.00
2022-08-19,3.50,3.65,3.50,3.65,13200,47933.90
2022-08-22,3.65,3.70,3.65,3.70,2300,8435.00
2022-08-25,3.90,3.90,3.62,3.62,3000,11425.88
2022-09-06,4.05,4.05,4.05,4.05,700,2964.60
2022-09-08,4.16,4.16,4.12,4.12,7700,31664.80
2022-09-09,4.42,4.42,4.30,4.30,1200,5335.40
2022-09-13,4.40,4.50,4.40,4.50,500,2359.60
2022-09-14,4.69,4.69,4.69,4.69,100,470.00
2022-09-16,4.80,4.80,4.80,4.80,2800,13440.00
2023-05-15,4.56,8.50,4.56,5.42,15953293,99812384.00
2023-05-16,4.61,5.17,4.31,4.85,9198386,43386468.00
2023-05-17,4.41,4.68,4.37,4.45,7217235,32246738.00
2023-05-18,4.35,4.64,4.31,4.44,5560040,24895210.00
2023-05-19,4.37,4.45,4.31,4.33,4005596,17412150.00
2023-05-22,4.30,4.33,4.12,4.13,3437659,14353553.00
2023-05-23,4.13,4.38,4.13,4.31,3683506,15734306.00
2023-05-24,4.31,4.77,4.25,4.77,6906138,31337374.00
2023-05-25,4.74,4.74,4.41,4.42,4459865,20119272.00
2023-05-26,4.35,4.37,4.20,4.28,3348759,14316279.00
2023-05-29,4.28,4.34,4.16,4.17,1719048,7262497.00
2023-05-30,4.17,4.29,4.17,4.26,1082897,4587272.50
2023-05-31,4.21,4.21,4.16,4.19,1177724,4913699.00
2023-06-01,4.21,4.23,4.16,4.21,953367,4014264.75
2023-06-02,4.23,4.23,4.16,4.18,1372253,5740004.00
2023-06-05,4.16,4.21,4.14,4.16,861193,3584186.50
2023-06-06,4.16,4.16,4.07,4.08,1519565,6230519.50
2023-06-07,4.10,4.13,4.00,4.00,903627,3645811.00
2023-06-08,4.00,4.00,3.91,3.92,1378715,5428955.50
2023-06-09,3.92,3.96,3.88,3.95,676192,2649429.25
2023-06-12,3.90,3.96,3.88,3.93,812517,3188786.50
2023-06-13,3.97,3.97,3.90,3.93,1225205,4812211.00
2023-06-14,3.94,3.94,3.86,3.88,728877,2831681.25
2023-06-15,3.88,3.89,3.84,3.85,463405,1786511.25
2023-06-16,3.86,4.05,3.86,3.96,1066621,4236008.50
2023-06-19,3.97,3.97,3.89,3.92,528316,2072283.63
2023-06-20,3.95,3.95,3.80,3.84,314545,1213177.50
2023-06-21,3.86,3.92,3.80,3.90,549154,2123436.25
2023-06-26,3.83,3.93,3.82,3.85,441001,1710175.50
2023-06-27,3.81,3.85,3.81,3.84,483640,1849017.88
2023-06-28,3.82,3.84,3.77,3.81,281404,1066410.25
2023-06-29,3.80,4.17,3.80,4.03,2136281,8545512.00
2023-06-30,4.04,4.04,3.89,3.94,1140230,4487801.00
2023-07-03,3.94,4.16,3.94,4.11,2131729,8669265.00
2023-07-04,4.08,4.73,4.06,4.59,6683892,29766930.00
2023-07-05,4.48,5.50,4.46,5.43,9196619,47100380.00
2023-07-06,5.15,5.53,4.95,5.30,5979108,30792318.00
2023-07-07,5.33,5.98,5.05,5.40,7397285,40779912.00
2023-07-10,5.11,5.32,4.78,4.91,4687505,23361878.00
2023-07-11,4.75,4.95,4.68,4.82,2016610,9670429.00
2023-07-12,4.90,4.97,4.42,4.53,3175881,14683524.00
2023-07-13,4.53,4.63,4.36,4.62,2331741,10431375.00
2023-07-14,4.62,4.88,4.42,4.73,2764907,13094887.00
2023-07-17,4.65,4.75,4.49,4.60,1725394,7989647.00
2023-07-18,4.60,4.66,4.50,4.63,825216,3791518.00
2023-07-19,4.63,4.63,4.45,4.49,961489,4334654.00
2023-07-20,4.51,4.74,4.51,4.61,2090354,9705568.00
2023-07-21,4.55,4.70,4.54,4.67,1293446,6006259.00
2023-07-24,4.76,4.76,4.48,4.56,853519,3922392.75
2023-07-25,4.65,4.72,4.50,4.65,1111055,5130409.00
2023-07-26,4.69,4.75,4.62,4.63,684209,3197430.25
2023-07-27,4.65,4.87,4.64,4.81,3271478,15691974.00
2023-07-28,4.81,4.81,4.53,4.61,2067091,9567930.00
2023-07-31,4.55,4.66,4.50,4.51,1696374,7706715.00
2023-08-01,4.51,4.56,4.45,4.48,848325,3816191.75
2023-08-02,4.46,4.47,4.37,4.37,1200143,5291434.00
2023-08-03,4.37,4.44,4.36,4.38,488763,2145648.00
2023-08-04,4.39,4.43,4.34,4.35,630898,2751613.00
2023-08-07,4.38,4.38,4.30,4.32,451052,1946648.75
2023-08-08,4.27,4.35,4.27,4.31,194803,839149.56
2023-08-09,4.33,4.33,4.20,4.24,519540,2204728.75
2023-08-10,4.22,4.30,4.22,4.23,264153,1122167.25
2023-08-11,4.28,4.28,4.20,4.23,331773,1402741.75
2023-08-14,4.17,4.24,4.10,4.16,583629,2427300.25
2023-08-15,4.11,4.18,4.10,4.13,204690,843868.38
2023-08-16,4.11,4.18,4.09,4.11,189474,779790.50
2023-08-17,4.12,4.18,4.06,4.14,164146,676790.38
2023-08-18,4.18,4.24,4.11,4.19,349221,1458253.88
2023-08-21,4.19,4.42,4.19,4.21,184492,781371.88
2023-08-22,4.12,4.30,4.12,4.29,413466,1748220.38
2023-08-23,4.28,4.28,4.13,4.22,104829,439829.91
2023-08-24,4.14,4.28,4.10,4.18,426201,1770311.38
2023-08-25,4.07,4.18,4.07,4.08,226905,930414.81
2023-08-28,4.28,4.35,4.10,4.15,353759,1480597.25
2023-08-29,4.14,4.20,4.10,4.19,542834,2255391.25
2023-08-30,4.22,4.22,4.12,4.15,600936,2493865.00
2023-08-31,4.17,4.25,4.14,4.18,490014,2045612.50
2023-09-01,4.15,4.74,4.14,4.74,4725673,21263690.00
2023-09-04,5.05,5.32,4.76,4.78,5978814,29895556.00
2023-09-05,4.71,4.74,4.44,4.52,3010345,13765258.00
2023-09-06,4.54,4.58,4.41,4.44,1667551,7431215.00
2023-09-07,4.46,4.46,4.39,4.40,598950,2649388.75
2023-09-08,4.43,4.46,4.31,4.38,615187,2685036.50
2023-09-11,4.50,4.50,4.36,4.41,569540,2520887.75
2023-09-12,4.46,4.46,4.30,4.31,781884,3387305.25
2023-09-13,4.36,4.40,4.31,4.35,715355,3117184.00
2023-09-14,4.33,4.39,4.29,4.29,408448,1762691.50
2023-09-15,4.31,4.33,4.19,4.24,901347,3821383.75
2023-09-18,4.20,4.27,4.19,4.24,522613,2201709.00
2023-09-19,4.24,4.24,4.19,4.21,264387,1110866.88
2023-09-20,4.19,4.24,4.16,4.18,315083,1320499.13
2023-09-21,4.16,4.20,4.14,4.16,107225,446050.72
2023-09-22,4.15,4.20,4.15,4.20,361872,1507549.63
2023-09-25,4.20,4.22,4.11,4.14,322617,1338515.13
2023-09-26,4.12,4.16,4.11,4.13,284320,1177618.50
2023-09-27,4.13,4.15,4.10,4.10,209560,864909.38
2023-09-28,4.10,4.18,4.10,4.16,262947,1088081.88
2023-10-09,4.14,4.18,4.10,4.13,249501,1030247.25
2023-10-10,4.15,4.15,4.09,4.09,229822,943297.75
2023-10-11,4.13,4.13,4.05,4.05,207584,845644.81
2023-10-12,4.06,4.09,4.05,4.06,232715,944796.81
2023-10-13,4.03,4.06,3.96,3.98,396440,1582538.25
2023-10-16,4.00,4.00,3.90,3.91,304337,1192840.00
2023-10-17,3.88,3.94,3.83,3.94,293168,1139614.25
2023-10-18,3.97,3.97,3.86,3.93,153683,600727.13
2023-10-19,3.87,3.96,3.82,3.91,192474,740975.25
2023-10-20,3.93,3.93,3.83,3.91,160018,619037.31
2023-10-23,3.86,3.88,3.80,3.82,93995,360001.19
2023-10-24,3.89,3.89,3.77,3.86,134974,519804.81
2023-10-25,3.95,3.95,3.81,3.87,217358,837299.56
2023-10-26,3.87,3.87,3.81,3.85,232855,890596.19
2023-10-27,3.85,4.05,3.81,3.99,844772,3348690.50
2023-10-30,4.04,4.18,3.95,4.16,1038926,4289281.00
2023-10-31,4.18,4.23,4.05,4.07,424042,1741562.38
2023-11-01,4.03,4.11,3.99,4.06,314143,1268803.13
2023-11-02,4.07,4.11,4.05,4.07,283618,1159384.13
2023-11-03,4.07,4.16,4.04,4.11,388463,1603507.75
2023-11-06,4.07,4.23,4.07,4.20,492616,2045126.38
2023-11-07,4.12,4.33,4.12,4.17,379708,1590975.13
2023-11-08,4.22,4.28,4.14,4.26,1052387,4464136.50
2023-11-09,4.22,4.28,4.15,4.25,734807,3095878.25
2023-11-10,4.19,4.24,4.17,4.19,284106,1190554.13
2023-11-13,4.16,4.23,4.15,4.20,414000,1731617.38
2023-11-14,4.17,4.26,4.16,4.25,521063,2198177.25
2023-11-15,4.25,4.58,4.25,4.53,2412582,10594598.00
2023-11-16,4.53,4.53,4.28,4.29,1708028,7460817.00
2023-11-17,4.26,4.32,4.20,4.26,837557,3574230.75
2023-11-20,4.32,4.85,4.27,4.61,3994275,18197136.00
2023-11-21,4.60,5.68,4.54,4.96,8964869,45370740.00
2023-11-22,4.81,5.65,4.60,5.65,9357046,48580184.00
2023-11-23,5.58,6.67,5.21,6.13,11018794,65775916.00
2023-11-24,5.97,6.98,5.77,6.83,12367448,79150952.00
2023-11-27,7.10,8.00,6.91,7.91,12416953,91736040.00
2023-11-28,7.15,7.79,6.89,6.99,8035640,58784904.00
2023-11-29,6.86,7.33,6.00,6.20,7072343,46895324.00
2023-11-30,6.11,6.33,5.77,6.05,3842445,23104774.00
2023-12-01,6.06,6.19,5.56,5.60,3328135,19315974.00
2023-12-04,5.58,5.88,5.49,5.65,2505027,14220547.00
2023-12-05,5.63,6.97,5.63,6.82,10340878,65831936.00
2023-12-06,6.80,7.55,6.60,6.83,9489613,67307816.00
2023-12-07,6.68,7.40,6.35,7.30,8277310,57569868.00
2023-12-08,7.11,7.44,7.01,7.17,6129358,44081004.00
2023-12-11,7.44,7.75,6.85,7.17,5244684,37626492.00
2023-12-12,6.98,7.57,6.90,7.50,6404300,46268384.00
2023-12-13,8.00,9.75,8.00,9.75,15160095,138921568.00
2023-12-14,9.75,12.67,9.46,11.00,24544459,282813792.00
2023-12-15,10.28,10.75,9.81,9.88,15571650,158542064.00
2023-12-18,9.75,10.10,9.40,10.09,11226956,109958320.00
2023-12-19,9.90,9.96,9.53,9.82,8632113,83996632.00
2023-12-20,9.74,10.01,9.58,9.93,8761929,86503448.00
2023-12-21,9.78,9.98,8.05,8.05,10126890,91404976.00
2023-12-22,7.95,8.28,7.76,8.20,5973079,48230368.00
2023-12-25,8.22,8.78,8.20,8.78,6794043,57587580.00
2023-12-26,8.80,9.08,8.29,9.06,7394549,64892388.00
2023-12-27,8.90,8.96,8.62,8.82,3925997,34579932.00
2023-12-28,8.87,8.96,8.72,8.79,4191589,37117312.00
2023-12-29,8.83,9.21,8.62,9.08,6322851,56728320.00
2024-01-02,9.20,9.68,9.00,9.66,8083838,76298944.00
2024-01-03,9.63,9.88,9.22,9.78,6672157,63704728.00
2024-01-04,9.78,9.98,9.43,9.80,4669338,45437824.00
2024-01-05,9.88,9.95,9.00,9.15,5558072,52400628.00
2024-01-08,9.13,9.22,8.30,8.33,4013378,34974880.00
2024-01-09,8.33,8.51,7.17,7.68,4846444,38043432.00
2024-01-10,7.64,7.98,7.31,7.89,3403271,26216408.00
2024-01-11,7.78,7.99,7.68,7.84,2310985,18099138.00
2024-01-12,7.80,7.94,6.90,6.95,4435223,32264202.00
2024-01-15,6.82,6.96,6.47,6.48,2801305,18734442.00
2024-01-16,6.46,7.80,6.11,7.73,7424221,52307220.00
2024-01-17,7.40,8.18,7.32,7.64,6785682,53467740.00
2024-01-18,7.64,8.15,7.49,8.04,6361534,50210952.00
2024-01-19,7.91,8.55,7.85,8.52,6478361,53605852.00
2024-01-22,8.50,8.66,7.71,8.07,5803937,48081760.00
2024-01-23,8.00,8.36,7.85,8.28,4869192,39620432.00
2024-01-24,8.21,9.56,7.83,9.29,11155939,97041888.00
2024-01-25,9.00,9.78,8.78,8.99,11135328,102456480.00
2024-01-26,8.58,9.17,8.06,8.09,8680801,74925728.00
2024-01-29,7.95,8.18,6.80,6.91,6199316,46505160.00
2024-01-30,6.80,7.99,6.80,7.75,7574165,55298708.00
2024-01-31,7.75,8.19,7.60,7.86,6759898,53558216.00
2024-02-01,7.66,7.77,6.96,6.96,5213490,38221620.00
2024-02-02,7.01,7.22,6.48,7.12,5449875,37675416.00
2024-02-05,7.02,7.88,6.62,7.41,6458265,46905544.00
2024-02-06,7.08,8.25,7.08,8.19,7258996,57214672.00
2024-02-07,8.08,8.46,7.51,7.66,7498398,60124824.00
2024-02-08,7.70,7.88,6.93,7.29,4343017,31614574.00
2024-02-19,7.43,7.84,7.06,7.76,4202204,31315112.00
2024-02-20,7.64,8.19,7.55,8.07,5218035,41261888.00
2024-02-21,8.01,8.63,7.90,8.07,7229297,60213792.00
2024-02-22,7.92,8.19,7.88,7.97,4061577,32526238.00
2024-02-23,7.90,8.02,7.46,7.60,5445120,41961812.00
2024-02-26,7.63,7.73,7.50,7.51,2957094,22488536.00
2024-02-27,7.67,8.26,7.67,8.22,7587923,61306832.00
2024-02-28,8.22,8.42,7.77,7.84,6619947,53600216.00
2024-02-29,7.72,8.15,7.63,8.08,4351174,34574100.00
2024-03-01,8.10,8.31,8.02,8.06,3739711,30337494.00
2024-03-04,7.95,8.07,7.68,7.79,3030753,23633664.00
2024-03-05,7.71,7.93,7.39,7.71,3357781,25478498.00
2024-03-06,7.76,7.92,7.70,7.73,1994673,15527716.00
2024-03-07,7.74,7.76,7.20,7.28,2429102,18196358.00
2024-03-08,7.28,7.40,7.07,7.19,1615079,11647837.00
2024-03-11,7.23,7.43,7.12,7.31,1556583,11290509.00
2024-03-12,7.26,7.34,7.19,7.27,1455271,10538580.00
2024-03-13,7.38,7.38,7.03,7.08,1859612,13363266.00
2024-03-14,7.16,7.20,6.91,6.96,1249759,8828914.00
2024-03-15,7.10,7.48,7.01,7.28,2996863,21899916.00
2024-03-18,7.39,7.39,7.22,7.34,1439449,10503368.00
2024-03-19,7.35,7.39,7.16,7.22,1452435,10555431.00
2024-03-20,7.18,7.29,7.10,7.23,1261732,9062433.00
2024-03-21,7.23,7.25,7.03,7.03,1227047,8688638.00
2024-03-22,7.02,7.10,6.87,6.96,994421,6932154.50
2024-03-25,6.81,6.95,6.59,6.63,1446718,9731527.00
2024-03-26,6.64,6.68,6.32,6.40,1624712,10519376.00
2024-03-27,6.38,6.71,6.38,6.40,1521993,9999955.00
2024-03-28,6.40,6.57,6.30,6.45,1232072,7938074.50
2024-03-29,6.52,6.53,6.40,6.45,730047,4713039.00
2024-04-01,6.44,6.56,6.41,6.51,1047084,6781539.00
2024-04-02,6.54,6.54,6.33,6.34,1359238,8704306.00
2024-04-03,6.37,6.37,6.06,6.14,1380476,8497666.00
2024-04-08,6.17,6.23,5.71,5.74,1597727,9432883.00
2024-04-09,5.75,5.83,5.70,5.75,762054,4379744.50
2024-04-10,5.81,6.15,5.73,5.91,2424325,14532843.00
2024-04-11,5.85,5.95,5.80,5.83,1076735,6291942.00
2024-04-12,5.87,5.87,5.67,5.69,1003945,5778694.00
2024-04-15,5.74,5.76,5.20,5.57,1235718,6840074.00
2024-04-16,5.57,5.57,5.20,5.20,1558557,8224677.00
2024-04-17,5.32,5.75,5.32,5.66,2428170,13368621.00
2024-04-18,5.66,5.98,5.66,5.68,2326187,13477972.00
2024-04-19,5.61,5.74,5.51,5.57,1271711,7110211.50
2024-04-22,5.60,5.68,5.47,5.56,623526,3459971.25
2024-04-23,5.51,5.86,5.51,5.75,1275229,7284854.50
2024-04-24,5.80,5.80,5.70,5.71,1041368,5982407.50
2024-04-25,5.71,5.78,5.66,5.68,773588,4419720.50
2024-04-26,5.67,5.76,5.53,5.72,879093,4976545.50
2024-04-29,5.74,5.99,5.74,5.91,1644958,9668265.00
2024-04-30,5.94,6.16,5.89,6.09,1848811,11181966.00
2024-05-06,6.13,6.26,6.06,6.22,1600969,9815849.00
2024-05-07,6.17,6.17,6.03,6.05,1251162,7622219.50
2024-05-08,6.09,6.09,5.90,5.91,1096240,6570393.00
2024-05-09,5.99,6.00,5.90,5.92,615752,3669572.75
2024-05-10,5.92,5.97,5.74,5.76,788300,4597438.50
2024-05-13,5.80,5.80,5.63,5.64,654332,3721151.50
2024-05-14,5.64,5.71,5.62,5.71,608144,3441895.25
2024-05-15,5.69,5.74,5.66,5.71,515268,2937669.25
2024-05-16,5.71,5.71,5.52,5.58,717426,4016133.50
2024-05-17,5.58,5.60,5.48,5.56,657989,3642089.00
2024-05-20,5.55,5.60,5.52,5.52,466046,2586356.00
2024-05-21,5.53,5.53,5.46,5.49,490176,2687174.50
2024-05-22,5.49,5.59,5.49,5.58,472539,2614884.25
2024-05-23,5.58,6.03,5.42,5.94,3011940,17600334.00
2024-05-24,5.90,6.05,5.79,5.86,1550836,9161782.00
2024-05-27,5.82,5.89,5.76,5.86,660508,3856821.25
2024-05-28,5.85,6.04,5.80,5.85,1324104,7828709.00
2024-05-29,5.81,5.98,5.73,5.90,689713,4052021.00
2024-05-30,5.95,5.95,5.72,5.74,636840,3696115.50
2024-05-31,5.77,5.79,5.65,5.69,534053,3041114.75
2024-06-03,5.67,5.67,5.50,5.66,847541,4731525.00
2024-06-04,5.64,5.76,5.60,5.67,332731,1884710.75
2024-06-05,5.64,5.68,5.40,5.46,593245,3286102.00
2024-06-06,5.52,5.53,5.26,5.36,830902,4442350.00
2024-06-07,5.38,5.52,5.38,5.42,358936,1952321.75
2024-06-11,5.48,5.52,5.39,5.49,368453,2015125.25
2024-06-12,5.53,5.65,5.47,5.60,764126,4264616.50
2024-06-13,5.62,5.65,5.53,5.60,430132,2410582.75
2024-06-14,5.60,5.84,5.60,5.65,587917,3358230.50
2024-06-17,5.47,5.49,5.31,5.36,355332,1916186.25
2024-06-18,5.41,5.48,5.38,5.40,490320,2665896.00
2024-06-19,5.45,5.69,5.44,5.52,968211,5395612.00
2024-06-20,5.52,5.59,5.41,5.44,703590,3851508.25
2024-06-21,5.42,5.62,5.42,5.51,621981,3443375.00
2024-06-24,5.49,5.51,5.23,5.36,470704,2542902.75
2024-06-25,5.41,5.66,5.37,5.49,1083380,5970836.50
2024-06-26,5.44,5.65,5.40,5.63,1176102,6537845.00
2024-06-27,5.63,5.67,5.48,5.50,608888,3379314.75
2024-06-28,5.47,5.55,5.42,5.45,481843,2647371.75
2024-07-01,5.49,5.49,5.40,5.42,482304,2616683.50
2024-07-02,5.35,5.43,5.27,5.33,811830,4331529.50
2024-07-03,5.32,5.32,5.16,5.24,458541,2402407.25
2024-07-04,5.22,5.35,5.15,5.16,370793,1938565.63
2024-07-05,5.20,5.20,5.10,5.16,376880,1943568.00
2024-07-08,5.16,5.16,4.94,4.95,681183,3419091.25
2024-07-09,4.93,5.00,4.72,4.95,972570,4732616.00
2024-07-10,4.95,4.99,4.86,4.86,254201,1252191.75
2024-07-11,4.94,5.47,4.90,5.30,2467493,12931660.00
2024-07-12,5.28,5.34,5.18,5.19,1411429,7373577.00
2024-07-15,5.25,5.25,5.03,5.03,642105,3265663.75
2024-07-16,5.10,5.60,5.01,5.52,3882875,20991520.00
2024-07-17,5.45,6.58,5.41,6.44,7874291,48402136.00
2024-07-18,6.45,6.45,5.90,6.00,5253770,32144286.00
2024-07-19,6.00,6.19,5.82,5.89,2496370,14994438.00
2024-07-22,5.85,5.96,5.70,5.73,1381626,7971908.50
2024-07-23,5.71,5.82,5.59,5.63,1243914,7055440.00
2024-07-24,5.63,5.65,5.37,5.51,1353921,7416921.00
2024-07-25,5.41,5.66,5.38,5.61,1127478,6280193.50
2024-07-26,5.68,5.96,5.62,5.71,1071568,6154146.50
2024-07-29,5.76,5.76,5.56,5.58,717044,4029090.25
2024-07-30,5.52,5.69,5.47,5.67,1183485,6640498.50
2024-07-31,5.61,5.83,5.61,5.79,1067946,6150767.50
2024-08-01,5.77,5.83,5.65,5.69,984020,5623908.50
2024-08-02,5.66,5.68,5.50,5.53,603596,3361808.25
2024-08-05,5.48,5.57,5.18,5.23,1108633,5944535.00
2024-08-06,5.25,5.38,5.25,5.32,401659,2127072.00
2024-08-07,5.28,5.32,5.21,5.21,537970,2823812.25
2024-08-08,5.16,5.24,5.10,5.21,567097,2927431.75
2024-08-09,5.21,5.29,5.16,5.20,507239,2655224.50
2024-08-12,5.17,5.26,5.15,5.20,293992,1528956.75
2024-08-13,5.17,5.25,5.15,5.22,221569,1149978.38
2024-08-14,5.21,5.23,5.17,5.19,216851,1128953.38
2024-08-15,5.17,5.25,5.16,5.22,292563,1526064.38
2024-08-16,5.23,5.24,5.15,5.17,399438,2072337.75
2024-08-19,5.17,5.21,5.11,5.16,227550,1171188.88
2024-08-20,5.16,5.37,5.14,5.18,691020,3634633.75
2024-08-21,5.19,5.19,5.08,5.16,407541,2087964.25
2024-08-22,5.10,5.14,4.90,4.94,781114,3903410.50
2024-08-23,4.95,4.99,4.87,4.99,416807,2054752.13
2024-08-26,4.91,5.17,4.90,5.03,275868,1387520.13
2024-08-27,4.99,5.06,4.94,5.04,221816,1107111.75
2024-08-28,5.09,5.19,4.97,5.06,441885,2245365.00
2024-08-29,5.06,5.13,5.03,5.09,315092,1601499.13
2024-08-30,5.09,5.24,5.09,5.15,563384,2921569.25
2024-09-02,5.13,5.18,5.03,5.03,240794,1227573.75
2024-09-03,5.03,5.12,5.02,5.03,395115,1997588.25
2024-09-04,5.04,5.05,4.97,4.98,548448,2740853.50
2024-09-05,4.98,5.05,4.98,5.02,313177,1569556.38
2024-09-06,5.03,5.05,4.92,4.93,392955,1945686.25
2024-09-09,4.90,4.95,4.88,4.94,289224,1424662.00
2024-09-10,4.94,5.00,4.92,4.96,199623,987120.38
2024-09-11,4.94,4.99,4.92,4.95,150128,742021.63
2024-09-12,4.96,5.00,4.92,4.92,75561,374216.31
2024-09-13,4.90,5.27,4.90,5.12,1220403,6239263.50
2024-09-18,5.09,5.17,4.95,5.07,860809,4344358.50
2024-09-19,5.08,5.19,5.02,5.15,782436,4001589.75
2024-09-20,5.16,5.19,5.10,5.13,440587,2259986.00
2024-09-23,5.11,5.17,5.06,5.11,213233,1085661.50
2024-09-24,5.11,5.23,5.05,5.21,996022,5134928.50
2024-09-25,5.25,5.37,5.20,5.25,1379559,7300692.50
2024-09-26,5.25,5.39,5.19,5.37,1094692,5811448.00
2024-09-27,5.44,5.98,5.44,5.88,2890433,16606296.00
2024-09-30,6.33,7.16,6.09,7.10,4891650,32311112.00
2024-10-08,8.65,9.08,7.66,8.44,6744985,56624320.00
2024-10-09,7.91,8.30,6.88,6.90,4181835,31620142.00
2024-10-10,7.16,7.97,6.61,7.23,4509655,32995264.00
2024-10-11,7.15,7.15,6.34,6.55,2635582,17631446.00
2024-10-14,6.61,6.95,6.42,6.84,2246849,15095434.00
2024-10-15,6.70,7.04,6.60,6.61,2260227,15457833.00
2024-10-16,6.55,6.85,6.35,6.82,2847170,19061546.00
2024-10-17,6.90,7.38,6.88,7.00,4482617,31867102.00
2024-10-18,6.87,7.53,6.87,7.38,4963587,36204760.00
2024-10-21,7.51,8.18,7.51,8.04,7614268,59952972.00
2024-10-22,8.14,8.14,7.47,7.87,6397949,50169304.00
2024-10-23,7.98,9.08,7.83,8.40,8131052,69410664.00
2024-10-24,8.58,8.90,8.40,8.75,7929026,68930704.00
2024-10-25,8.75,9.48,8.35,8.35,8965754,80759088.00
2024-10-28,8.50,9.08,8.11,9.08,7453457,64256684.00
2024-10-29,9.18,9.88,9.01,9.75,9700037,92268728.00
2024-10-30,10.06,12.25,10.06,10.30,13082353,141232512.00
2024-10-31,10.30,11.50,9.64,10.88,13377568,140418928.00
2024-11-01,10.42,12.99,10.40,12.00,17777712,213457408.00
2024-11-04,11.43,12.98,11.43,12.60,13064121,156430864.00
2024-11-05,13.33,16.38,13.33,16.38,20198440,313843840.00
2024-11-06,17.00,21.29,16.70,21.29,23702250,448948032.00
2024-11-07,19.16,20.88,17.66,17.88,20784150,389269312.00
2024-11-08,17.53,18.12,15.81,16.06,14151106,237175008.00
2024-11-11,15.70,15.70,14.80,15.62,8900078,136080128.00
2024-11-12,15.80,16.54,15.57,16.02,7815409,125491064.00
2024-11-13,16.00,16.10,14.80,15.56,5791348,88656832.00
2024-11-14,15.59,16.07,15.12,15.66,5027197,78835032.00
2024-11-15,15.85,16.03,14.96,15.27,5162921,79648816.00
2024-11-18,15.50,15.64,13.87,14.12,4730073,69225888.00
2024-11-19,14.12,15.15,13.45,15.09,5934820,84695792.00
2024-11-20,14.86,15.35,14.66,15.19,5168957,77600048.00
2024-11-21,15.05,15.77,15.01,15.62,5418601,83698160.00
2024-11-22,15.55,16.15,14.66,14.66,4965087,77510880.00
2024-11-25,14.20,14.66,13.54,13.90,4373299,60905540.00
2024-11-26,13.90,14.10,13.29,13.29,2822160,38715060.00
2024-11-27,13.30,13.90,12.75,13.90,3262629,43456756.00
2024-11-28,13.92,14.47,13.71,13.88,3435241,48653280.00
2024-11-29,13.88,14.41,13.62,14.09,2851090,40211968.00
2024-12-02,14.47,14.85,14.16,14.84,3909394,56995372.00
2024-12-03,14.84,14.84,14.84,14.84,0,0.00
#数据来源:通达信
