838924 广脉科技 日线 不复权
      日期	    开盘	    最高	    最低	    收盘	    成交量	    成交额
2017-04-10,5.00,5.00,5.00,5.00,10000,50000.00
2017-04-13,8.88,8.88,8.88,8.88,1000,8880.00
2017-05-02,8.98,8.98,8.98,8.98,10000,89800.00
2017-09-25,8.98,8.98,8.98,8.98,10000,89800.00
2018-01-03,10.00,10.00,10.00,10.00,1000,10000.00
2018-01-04,10.00,10.00,10.00,10.00,16000,160000.00
2018-01-05,10.00,10.00,10.00,10.00,5000,50000.00
2018-01-08,10.00,10.00,10.00,10.00,6000,60000.00
2018-01-09,10.00,10.00,10.00,10.00,5000,50000.00
2018-01-10,10.00,10.00,10.00,10.00,2000,20000.00
2018-01-11,10.00,10.00,10.00,10.00,2000,20000.00
2018-01-15,10.00,10.00,10.00,10.00,1000,10000.00
2018-01-16,5.10,5.10,5.10,5.10,20000,102000.00
2018-02-12,5.00,5.00,5.00,5.00,1084000,5420000.00
2018-03-28,4.00,4.00,4.00,4.00,300000,1200000.00
2018-05-07,3.85,3.85,3.85,3.85,1000,3850.00
2018-05-16,3.88,3.88,3.88,3.88,1000,3880.00
2018-05-17,3.86,3.86,3.79,3.79,201000,761860.00
2018-05-21,3.87,3.87,3.87,3.87,1000,3870.00
2018-06-26,3.79,3.79,3.79,3.79,301000,1113790.00
2018-09-18,2.98,2.98,2.98,2.98,1000,2980.00
2018-10-12,3.00,3.00,3.00,3.00,400000,1200000.00
2018-11-07,3.00,3.00,3.00,3.00,1000,3000.00
2018-11-20,3.00,3.00,3.00,3.00,250000,750000.00
2018-11-26,3.00,3.00,3.00,3.00,75000,225000.00
2018-12-07,3.00,3.00,3.00,3.00,147900,221859.00
2018-12-11,3.00,3.00,3.00,3.00,147900,223338.06
2018-12-24,3.00,3.00,3.00,3.00,2000,6000.00
2019-01-15,3.00,3.00,3.00,3.00,10000,30000.00
2019-01-29,3.00,3.00,3.00,3.00,30000,90000.00
2019-01-30,3.00,3.00,3.00,3.00,30000,90000.00
2019-01-31,3.00,3.00,3.00,3.00,70000,210000.00
2019-02-18,3.00,3.00,3.00,3.00,81000,243000.00
2019-03-04,6.00,6.00,6.00,6.00,1000,6000.00
2019-03-05,12.00,12.00,12.00,12.00,1000,12000.00
2019-04-10,12.00,12.00,12.00,12.00,1000,12000.00
2019-07-31,12.00,12.00,12.00,12.00,100000,600000.00
2019-08-01,12.00,12.00,12.00,12.00,100000,600000.00
2019-08-02,12.00,12.00,12.00,12.00,100000,600000.00
2019-08-07,6.00,6.00,6.00,6.00,1000,6000.00
2019-08-08,6.00,6.00,6.00,6.00,1190000,3570279.00
2019-08-09,6.00,6.00,6.00,6.00,100000,400000.00
2019-08-12,3.05,6.00,3.05,6.00,2000,9050.00
2019-08-13,12.00,12.00,12.00,12.00,1000,12000.00
2019-09-05,6.00,6.00,6.00,6.00,1000,6000.00
2019-09-11,12.00,12.00,12.00,12.00,1000,12000.00
2019-10-29,12.00,12.00,12.00,12.00,2000,24000.00
2019-11-19,6.00,6.00,6.00,6.00,1000,6000.00
2019-12-25,12.00,12.00,12.00,12.00,1000,12000.00
2020-04-30,6.00,6.00,6.00,6.00,100,600.00
2020-05-06,5.50,5.50,5.50,5.50,6900,37983.00
2020-05-07,5.50,5.51,5.50,5.51,1100,6051.00
2020-05-08,5.50,5.50,5.50,5.50,10000,55000.00
2020-05-14,5.50,5.50,5.50,5.50,20000,110000.00
2020-05-25,11.00,11.00,11.00,11.00,1000,11000.00
2020-06-03,6.00,6.00,6.00,6.00,1000,6000.00
2020-06-11,6.18,6.18,6.18,6.18,3000,18540.00
2020-06-17,6.00,6.00,6.00,6.00,10000,60000.00
2020-06-18,6.00,6.00,6.00,6.00,2500,15000.00
2020-06-22,6.51,6.51,5.50,6.51,9800,58748.00
2020-06-23,6.00,6.00,6.00,6.00,500,3000.00
2020-06-24,6.18,6.18,6.18,6.18,800,4944.00
2020-06-29,6.00,6.00,6.00,6.00,2900,17436.00
2020-06-30,6.18,6.18,6.18,6.18,7500,46350.00
2020-07-02,6.18,6.18,6.18,6.18,500,3090.00
2020-07-03,6.18,6.18,6.18,6.18,6000,37080.00
2020-07-06,6.18,6.18,6.00,6.18,81600,503437.44
2020-07-07,6.28,6.28,6.28,6.28,9300,58404.00
2020-07-08,6.38,6.38,6.38,6.38,36800,234784.00
2020-07-10,6.20,6.38,6.20,6.38,1300,8276.00
2020-07-13,6.38,6.38,6.20,6.38,94100,600378.25
2020-07-14,6.58,6.58,6.58,6.58,11400,75012.00
2020-07-15,6.68,6.68,6.68,6.68,62000,414160.00
2020-07-16,6.88,6.88,6.80,6.87,57300,394215.00
2020-07-17,12.99,12.99,6.98,6.98,21600,156778.00
2020-07-20,7.00,7.18,7.00,7.18,50400,353097.00
2020-07-21,7.88,7.88,7.85,7.85,1400,10993.00
2020-07-22,7.57,7.58,7.57,7.58,5500,41640.00
2020-07-23,7.88,7.88,7.50,7.50,5200,39204.00
2020-07-24,7.88,7.88,7.80,7.80,4800,37587.00
2020-07-27,6.00,6.03,6.00,6.03,4900,29457.00
2020-07-28,7.18,7.18,7.18,7.18,100,718.00
2020-07-31,6.00,6.87,5.99,6.02,32300,194850.31
2020-08-03,6.03,6.96,6.03,6.96,4900,30230.94
2020-08-04,6.05,6.05,6.05,6.05,100,605.00
2020-08-07,5.52,6.70,5.52,6.70,700,3982.00
2020-08-10,6.69,6.69,6.69,6.69,3800,25422.00
2020-08-11,5.54,6.50,5.54,6.50,2600,14500.00
2020-08-14,5.50,6.60,5.50,6.60,10100,55660.00
2020-08-17,6.30,6.45,5.50,6.45,13900,77806.20
2020-08-18,6.30,6.30,5.71,6.20,21900,133797.00
2020-08-19,11.20,11.20,11.20,11.20,100,1120.00
2020-08-24,6.45,6.45,6.45,6.45,100,645.00
2020-08-26,6.00,6.00,6.00,6.00,15200,91200.00
2020-08-28,7.99,7.99,5.80,5.80,19400,112739.00
2020-08-31,5.95,6.50,5.95,6.34,17400,108546.65
2020-09-01,6.35,6.35,5.86,6.35,1400,8400.00
2020-09-02,6.35,6.35,6.35,6.35,4200,26670.00
2020-09-04,6.35,6.35,6.35,6.35,4900,31115.00
2020-09-07,6.35,6.35,5.90,5.90,8700,53895.00
2020-09-08,6.35,6.35,6.35,6.35,11900,75545.95
2020-09-09,6.35,6.35,6.35,6.35,1500,9525.00
2020-09-11,6.44,6.44,6.44,6.44,1000,6440.00
2020-09-14,7.50,7.50,7.50,7.50,100,750.00
2020-09-16,6.13,6.60,6.13,6.60,2600,16879.20
2020-09-17,6.55,6.60,6.55,6.60,3000,19700.00
2020-09-18,6.50,6.80,6.50,6.80,6000,39620.00
2020-09-22,6.66,6.80,6.66,6.80,5200,34660.00
2020-09-23,6.60,6.60,6.60,6.60,2000,13200.00
2020-09-24,6.50,6.60,6.50,6.60,8400,55463.40
2020-09-28,6.80,6.80,6.80,6.80,2000,13600.00
2020-09-29,6.80,6.80,6.80,6.80,2000,13600.00
2020-09-30,7.49,7.49,7.49,7.49,2000,14980.00
2020-10-09,7.80,7.80,7.80,7.80,100,780.00
2020-10-12,7.80,7.80,7.80,7.80,5000,39000.00
2020-10-13,7.80,7.80,7.70,7.79,8200,63159.00
2020-10-15,7.60,7.60,7.60,7.60,3000,22800.00
2020-10-20,7.80,7.80,7.79,7.79,18100,141063.00
2020-10-21,7.51,7.51,7.51,7.51,6000,45060.00
2020-10-22,7.40,7.40,7.38,7.38,8000,59138.00
2020-10-30,6.45,7.08,6.45,7.00,6000,38918.00
2020-11-02,6.99,7.01,6.99,7.01,300,2101.00
2020-11-03,7.49,7.49,7.49,7.49,100,749.00
2020-11-06,7.80,7.80,7.80,7.80,100,780.00
2020-11-11,6.90,6.90,6.90,6.90,100,690.00
2020-11-12,7.20,7.20,6.30,6.70,13200,86790.00
2020-11-13,7.18,7.18,7.18,7.18,100,718.00
2020-11-17,7.50,7.50,7.50,7.50,100,750.00
2020-11-18,7.10,7.10,7.10,7.10,100,710.00
2020-11-23,6.30,6.30,6.30,6.30,2500,15750.00
2020-11-24,6.95,6.95,6.94,6.94,1100,7635.00
2020-11-25,7.02,7.02,7.02,7.02,100,702.00
2020-11-26,7.20,7.80,6.18,7.80,13700,84930.00
2020-11-27,6.00,7.40,6.00,7.40,6500,39152.00
2020-11-30,6.08,7.30,6.08,7.30,10100,61530.00
2020-12-02,5.88,7.19,5.88,7.19,10100,59519.00
2020-12-04,7.50,7.50,6.00,7.40,1300,8230.00
2020-12-07,7.81,7.81,6.18,7.49,1200,7710.00
2020-12-08,7.79,7.79,7.79,7.79,100,779.00
2020-12-09,8.08,8.60,8.05,8.60,26200,225238.80
2021-11-03,10.01,11.89,9.60,10.89,8794400,90776344.00
2021-11-04,10.69,12.50,10.32,11.74,4392200,50229348.00
2021-11-05,11.80,12.01,11.45,11.94,2573900,30097458.00
2021-11-08,12.20,14.73,12.20,13.84,3016300,40649512.00
2021-11-09,13.78,15.00,13.36,14.08,2524900,35691212.00
2021-11-10,14.25,14.48,13.20,14.03,1910200,26493738.00
2021-11-11,14.65,14.83,13.50,14.00,2211000,31360912.00
2021-11-12,14.13,14.18,13.40,13.83,2080800,28767526.00
2021-11-15,14.18,14.55,12.61,12.88,4631000,62906488.00
2021-11-16,12.80,12.80,11.58,11.70,2487900,30027074.00
2021-11-17,11.87,11.97,10.90,11.48,2112700,23980600.00
2021-11-18,11.28,11.55,10.92,10.95,1053900,11751225.00
2021-11-19,11.12,11.34,10.94,11.31,1219800,13598380.00
2021-11-22,11.31,11.80,11.29,11.60,1122200,12921197.00
2021-11-23,11.66,12.02,11.30,11.81,1426800,16770120.00
2021-11-24,11.79,11.79,11.33,11.33,1028500,11845048.00
2021-11-25,11.34,11.34,10.96,10.99,898700,10000540.00
2021-11-26,10.99,11.14,10.91,11.04,503500,5551519.50
2021-11-29,10.95,10.95,10.54,10.68,814800,8727881.00
2021-11-30,10.59,10.84,10.16,10.21,845500,8801640.00
2021-12-01,10.21,10.26,10.00,10.03,660700,6653620.00
2021-12-02,10.12,10.48,10.07,10.24,705900,7282379.50
2021-12-03,10.15,10.32,9.95,10.05,336500,3386481.25
2021-12-06,10.05,10.05,9.46,9.57,908600,8784441.00
2021-12-07,9.71,9.71,9.40,9.44,309700,2939096.75
2021-12-08,9.49,9.69,9.48,9.59,359400,3447369.25
2021-12-09,9.65,9.65,9.18,9.49,282400,2651253.00
2021-12-10,9.55,9.66,9.36,9.63,339000,3239844.50
2021-12-13,9.74,9.98,9.61,9.91,665800,6212400.00
2021-12-14,9.88,10.37,9.80,10.33,991400,10093013.00
2021-12-15,10.25,10.38,9.98,10.10,528600,5300056.50
2021-12-16,10.15,10.15,9.89,9.97,320900,3195317.75
2021-12-17,9.93,9.93,9.72,9.72,485700,4745414.50
2021-12-20,9.69,10.17,9.69,10.02,781000,7813349.50
2021-12-21,10.00,10.80,9.92,10.48,1457900,14813549.00
2021-12-22,10.36,11.56,10.30,11.45,2574700,28581796.00
2021-12-23,11.53,11.67,10.71,10.88,1302300,14523309.00
2021-12-24,10.88,11.60,10.55,10.83,1520700,16995424.00
2021-12-27,10.83,11.38,10.67,10.78,929900,10272823.00
2021-12-28,10.85,11.07,10.45,10.91,1195000,12843139.00
2021-12-29,11.01,11.08,10.80,11.04,994900,10833364.00
2021-12-30,10.92,11.51,10.83,11.25,1335900,14980176.00
2021-12-31,11.48,12.34,11.30,12.26,2906700,34820564.00
2022-01-04,12.26,12.26,11.73,12.08,1498500,17872284.00
2022-01-05,12.00,12.78,11.91,12.12,2031100,25145518.00
2022-01-06,11.98,11.99,10.53,11.29,1550200,17576304.00
2022-01-07,11.15,11.49,10.90,10.90,918600,10140657.00
2022-01-10,10.91,10.99,10.80,10.96,432905,4707881.00
2022-01-11,11.02,11.03,10.63,10.69,558504,6020145.00
2022-01-12,10.64,10.78,10.53,10.70,626923,6672403.50
2022-01-13,10.87,11.29,10.83,11.03,1140454,12697892.00
2022-01-14,10.90,11.08,10.70,10.80,615300,6667079.00
2022-01-17,10.80,12.26,10.80,11.88,2042234,24018498.00
2022-01-18,11.80,12.09,11.36,11.41,1208703,14000326.00
2022-01-19,11.35,11.92,11.35,11.92,1387687,16301791.00
2022-01-20,11.90,13.22,11.82,12.35,4279330,54105740.00
2022-01-21,12.14,13.07,12.06,12.18,2024959,25236748.00
2022-01-24,12.22,12.22,11.29,11.37,1551753,17908090.00
2022-01-25,11.27,11.44,10.60,10.60,994091,10874219.00
2022-01-26,10.84,10.84,10.51,10.57,584881,6218642.50
2022-01-27,10.50,10.70,9.90,9.97,1004424,10156224.00
2022-01-28,10.01,10.38,10.01,10.21,447191,4570413.00
2022-02-07,10.41,10.48,10.28,10.43,469081,4870651.00
2022-02-08,10.46,10.59,10.25,10.58,331840,3465586.00
2022-02-09,10.65,11.62,10.47,11.27,1352118,14988320.00
2022-02-10,11.07,11.20,10.66,10.86,946034,10200948.00
2022-02-11,10.81,10.81,10.20,10.28,748469,7766573.50
2022-02-14,10.20,10.40,10.08,10.34,180952,1853125.63
2022-02-15,10.34,10.48,10.18,10.41,210848,2187253.75
2022-02-16,10.52,10.61,10.33,10.52,301183,3152451.00
2022-02-17,10.60,10.60,10.16,10.17,451369,4633089.50
2022-02-18,10.30,10.61,10.28,10.35,370773,3862977.00
2022-02-21,10.40,11.37,10.36,10.85,996347,10749941.00
2022-02-22,10.61,10.75,10.26,10.35,646893,6735647.00
2022-02-23,10.37,10.46,10.30,10.43,337899,3504593.75
2022-02-24,10.38,10.45,9.97,10.06,784075,7952147.50
2022-02-25,10.22,10.28,10.02,10.15,269999,2745450.25
2022-02-28,10.30,10.30,9.74,9.80,746415,7343782.00
2022-03-01,9.81,9.98,9.65,9.73,355611,3472215.00
2022-03-02,9.63,9.75,9.60,9.70,234110,2265788.25
2022-03-03,9.78,9.90,9.62,9.74,305937,2980847.75
2022-03-04,9.65,9.70,9.42,9.58,342428,3272580.00
2022-03-07,9.59,9.59,9.41,9.49,229505,2175315.75
2022-03-08,9.50,9.53,9.20,9.48,320427,3009064.75
2022-03-09,9.48,9.54,9.10,9.34,254829,2370511.75
2022-03-10,9.39,9.71,9.39,9.48,203986,1944588.13
2022-03-11,9.48,9.48,9.03,9.47,322885,3013210.25
2022-03-14,9.34,9.42,9.00,9.12,203926,1868382.88
2022-03-15,8.89,9.12,8.72,8.78,191533,1711953.63
2022-03-16,9.07,9.08,8.52,8.89,289328,2543022.50
2022-03-17,9.02,9.51,8.93,9.20,580408,5379365.00
2022-03-18,9.39,9.39,9.08,9.22,263187,2415892.50
2022-03-21,9.22,9.24,8.99,9.08,311194,2828882.50
2022-03-22,8.96,9.13,8.95,9.04,101132,909503.25
2022-03-23,8.94,9.10,8.94,9.08,159621,1444160.38
2022-03-24,8.95,9.07,8.81,8.97,217464,1942215.75
2022-03-25,8.71,8.98,8.71,8.87,97384,863390.06
2022-03-28,8.69,8.79,8.68,8.73,104789,913378.56
2022-03-29,8.88,8.88,8.60,8.77,115736,1010942.25
2022-03-30,8.30,8.85,8.30,8.79,116220,1018085.38
2022-03-31,8.77,8.77,8.60,8.73,98535,853810.94
2022-04-01,8.70,9.00,8.70,8.82,222753,1981764.00
2022-04-06,8.96,8.96,8.71,8.74,181730,1609685.25
2022-04-07,8.78,8.78,8.63,8.74,85575,744796.13
2022-04-08,8.60,8.77,8.40,8.61,202950,1735348.25
2022-04-11,8.44,8.68,8.17,8.28,118638,998822.94
2022-04-12,8.17,8.39,8.17,8.38,82564,683808.00
2022-04-13,8.38,8.42,8.20,8.33,41014,339324.75
2022-04-14,8.20,8.44,8.08,8.31,242011,1989473.00
2022-04-15,8.21,8.38,7.89,8.06,284474,2284241.25
2022-04-18,8.06,8.06,7.66,7.88,106009,831255.13
2022-04-19,7.62,8.12,7.62,7.90,220424,1767080.13
2022-04-20,8.00,8.00,7.70,7.87,72031,563148.88
2022-04-21,7.68,7.99,7.18,7.33,326595,2498227.00
2022-04-22,7.35,7.60,7.31,7.43,96281,711512.63
2022-04-25,7.26,7.36,6.55,6.67,228799,1583017.00
2022-04-26,6.97,6.97,6.01,6.24,303105,1942753.13
2022-04-27,6.25,6.31,5.96,6.30,207361,1267187.75
2022-04-28,6.17,6.30,5.91,6.00,209868,1266829.13
2022-04-29,6.22,6.52,6.06,6.26,289778,1830201.00
2022-05-05,6.30,6.42,6.25,6.37,162963,1030908.38
2022-05-06,6.34,6.34,6.19,6.25,36648,229541.95
2022-05-09,6.34,6.41,6.26,6.40,60877,387552.41
2022-05-10,6.39,6.50,6.29,6.45,102562,657038.19
2022-05-11,6.48,6.56,6.32,6.46,161085,1043198.00
2022-05-12,6.36,6.48,6.36,6.48,51054,327154.09
2022-05-13,6.48,6.80,6.48,6.79,177833,1195557.50
2022-05-16,6.82,6.89,6.81,6.89,90245,617665.06
2022-05-17,6.80,6.92,6.59,6.78,98269,656330.63
2022-05-18,6.67,6.88,6.66,6.88,85405,579801.00
2022-05-19,6.65,6.90,6.63,6.84,105273,709097.13
2022-05-20,6.77,6.92,6.77,6.85,61575,421756.50
2022-05-23,6.81,6.92,6.73,6.88,64594,441784.41
2022-05-24,6.91,6.91,6.50,6.72,213610,1438304.75
2022-05-25,6.58,6.88,6.58,6.88,192966,1316537.25
2022-05-26,6.87,6.87,6.68,6.72,124616,838737.56
2022-05-27,6.72,6.80,6.62,6.74,303251,2032887.25
2022-05-30,6.60,6.74,6.55,6.55,282658,1865807.13
2022-05-31,6.46,6.65,6.45,6.59,146939,957209.44
2022-06-01,6.74,6.75,6.59,6.72,134771,901206.38
2022-06-02,6.67,6.84,6.64,6.84,69185,466275.69
2022-06-06,6.86,6.91,6.68,6.88,142725,980354.00
2022-06-07,6.78,6.95,6.78,6.88,99789,684680.88
2022-06-08,6.95,7.11,6.95,7.02,134680,946456.06
2022-06-09,7.06,7.06,6.87,6.95,102278,707495.19
2022-06-10,7.08,7.08,6.89,6.99,62438,432814.88
2022-06-13,6.82,6.88,6.80,6.81,54827,374585.22
2022-06-14,6.77,6.85,6.68,6.78,107940,725172.44
2022-06-15,6.41,6.79,6.41,6.76,64040,431183.44
2022-06-16,6.79,6.88,6.71,6.77,117367,795381.63
2022-06-17,6.70,6.85,6.69,6.84,57899,389392.47
2022-06-20,6.73,6.77,6.69,6.73,106167,715009.19
2022-06-21,6.78,6.78,6.70,6.70,32290,216936.66
2022-06-22,6.71,6.77,6.56,6.72,84152,559934.19
2022-06-23,6.65,6.75,6.63,6.70,32437,216992.83
2022-06-24,6.68,6.79,6.63,6.74,76268,510684.63
2022-06-27,6.70,6.77,6.69,6.76,82023,553183.19
2022-06-28,6.65,7.07,6.64,6.97,121495,842354.38
2022-06-29,6.96,7.05,6.76,6.78,94016,650181.19
2022-06-30,6.91,6.91,6.75,6.87,42299,289632.88
2022-07-01,6.75,6.92,6.68,6.86,56050,377089.75
2022-07-04,6.86,6.87,6.77,6.84,35515,241629.22
2022-07-05,6.81,6.85,6.60,6.63,135761,905020.06
2022-07-06,6.61,6.80,6.56,6.59,97514,648041.94
2022-07-07,6.56,7.02,6.52,6.75,152954,1040919.00
2022-07-08,6.96,6.96,6.71,6.81,52014,353697.56
2022-07-11,6.71,6.81,6.60,6.75,60400,402086.31
2022-07-12,6.78,6.78,6.65,6.73,21728,145549.69
2022-07-13,6.58,6.74,6.51,6.68,139429,913120.00
2022-07-14,6.74,6.74,6.40,6.59,165017,1066465.38
2022-07-15,6.46,6.66,6.41,6.49,53878,348135.72
2022-07-18,6.49,6.65,6.38,6.41,79099,509492.31
2022-07-19,6.41,6.43,6.28,6.41,151636,960658.00
2022-07-20,6.40,6.50,6.38,6.41,66627,428699.75
2022-07-21,6.35,6.42,6.33,6.39,30783,195816.66
2022-07-22,6.29,6.39,6.26,6.38,44100,277487.75
2022-07-25,6.36,6.36,6.26,6.35,8487,53659.36
2022-07-26,6.41,6.41,6.20,6.30,112436,700261.25
2022-07-27,6.21,6.34,6.21,6.34,83812,524217.91
2022-07-28,6.28,6.37,6.23,6.32,104885,659282.50
2022-07-29,6.25,6.44,6.20,6.37,86915,554124.25
2022-08-01,6.33,6.35,6.24,6.34,57815,365667.25
2022-08-02,6.32,6.33,5.96,6.19,187885,1167118.50
2022-08-03,6.21,6.35,6.19,6.19,44064,277345.56
2022-08-04,6.26,6.27,6.14,6.23,3500,21811.00
2022-08-05,6.08,6.30,6.08,6.26,41528,257619.28
2022-08-08,6.25,6.38,6.24,6.38,59200,374737.00
2022-08-09,6.35,6.36,6.27,6.36,16181,101999.16
2022-08-10,6.15,6.36,6.15,6.20,26637,166102.84
2022-08-11,6.26,6.58,6.21,6.50,335822,2136483.50
2022-08-12,6.47,6.50,6.34,6.42,76012,484984.91
2022-08-15,6.37,6.42,6.27,6.31,53700,338034.31
2022-08-16,6.30,6.40,6.22,6.25,65362,409184.75
2022-08-17,6.22,6.28,6.08,6.26,195353,1203399.75
2022-08-18,6.14,6.22,6.06,6.15,110623,675080.38
2022-08-19,6.07,6.23,6.07,6.11,45634,278780.63
2022-08-22,6.06,6.11,6.00,6.02,126629,762358.13
2022-08-23,5.97,6.05,5.97,6.02,142300,851541.00
2022-08-24,6.04,6.04,5.86,5.86,78462,464736.84
2022-08-25,5.86,5.90,5.78,5.84,99821,581174.31
2022-08-26,5.79,5.85,5.76,5.76,104299,603119.56
2022-08-29,5.71,5.78,5.71,5.78,24814,142701.58
2022-08-30,5.74,5.80,5.71,5.80,23490,134672.14
2022-08-31,5.85,5.85,5.71,5.79,5546,31785.66
2022-09-01,5.85,5.85,5.63,5.74,51205,291293.34
2022-09-02,5.63,5.78,5.62,5.74,36800,208997.00
2022-09-05,5.82,5.90,5.75,5.84,41512,241614.34
2022-09-06,5.81,5.88,5.70,5.84,77384,444682.19
2022-09-07,5.72,5.84,5.72,5.79,48713,282141.97
2022-09-08,5.70,5.80,5.66,5.80,44112,254236.86
2022-09-09,5.68,5.81,4.11,5.81,47600,268689.00
2022-09-13,5.80,5.92,5.60,5.81,55928,322956.84
2022-09-14,5.70,5.83,5.70,5.81,34322,197114.05
2022-09-15,5.80,5.80,5.50,5.67,98963,556438.06
2022-09-16,5.51,5.90,5.51,5.71,146805,852145.38
2022-09-19,5.76,5.89,5.66,5.81,78608,454293.69
2022-09-20,5.86,6.10,5.79,6.06,137940,822996.63
2022-09-21,6.09,6.69,6.03,6.50,690694,4478138.50
2022-09-22,6.47,6.57,6.23,6.47,182862,1181844.63
2022-09-23,6.41,6.41,6.14,6.25,216348,1349647.88
2022-09-26,6.14,6.20,5.99,5.99,42412,258603.72
2022-09-27,5.86,6.21,5.86,6.13,45963,275588.69
2022-09-28,6.19,6.19,6.00,6.04,8870,54091.05
2022-09-29,5.94,6.16,5.90,6.00,40873,243609.36
2022-09-30,6.11,6.11,5.83,5.86,17764,104555.28
2022-10-10,5.63,6.02,5.63,5.70,78213,443862.78
2022-10-11,5.63,5.79,5.61,5.74,11320,64322.00
2022-10-12,5.74,5.74,5.65,5.70,46654,264883.59
2022-10-13,5.63,5.88,5.63,5.80,34377,199760.30
2022-10-14,5.80,5.88,5.65,5.83,73574,428833.38
2022-10-17,5.89,5.89,5.70,5.88,14743,86572.76
2022-10-18,5.92,5.92,5.79,5.85,147738,861837.50
2022-10-19,5.81,5.85,5.76,5.84,42400,245350.00
2022-10-20,5.88,5.88,5.63,5.77,16520,94397.34
2022-10-21,5.83,5.83,5.67,5.80,14599,83137.30
2022-10-24,5.79,5.92,5.71,5.77,37362,214685.66
2022-10-25,5.89,5.89,5.66,5.77,12300,70098.03
2022-10-26,5.84,5.84,5.67,5.80,6692,38683.05
2022-10-27,5.90,5.90,5.67,5.78,43286,247945.14
2022-10-28,5.85,5.89,5.63,5.76,61200,350627.31
2022-10-31,5.63,5.82,5.58,5.80,55820,319237.25
2022-11-01,5.79,5.82,5.75,5.82,45921,266886.91
2022-11-02,5.80,5.90,5.72,5.90,119204,697017.94
2022-11-03,5.88,5.97,5.82,5.97,87905,518843.09
2022-11-04,5.97,6.08,5.89,6.08,54215,324932.38
2022-11-07,6.06,6.28,6.06,6.25,176636,1096168.50
2022-11-08,6.29,6.29,6.07,6.19,115417,707176.25
2022-11-09,6.19,6.19,6.04,6.14,39972,243353.59
2022-11-10,6.03,6.12,6.03,6.12,36000,218708.83
2022-11-11,6.18,6.18,6.04,6.13,59240,362845.31
2022-11-14,6.10,6.15,5.95,6.07,64885,391959.94
2022-11-15,5.98,6.11,5.98,6.10,84812,513230.94
2022-11-16,6.01,6.10,5.94,6.10,49506,297496.97
2022-11-17,5.96,6.09,5.96,6.05,70089,419040.72
2022-11-18,6.04,6.04,5.92,6.00,43647,261037.25
2022-11-21,6.12,6.15,6.06,6.08,52874,323279.75
2022-11-22,5.94,6.10,5.94,6.10,42384,253005.77
2022-11-23,5.96,6.06,5.95,6.06,5100,30623.00
2022-11-24,5.96,6.10,5.95,5.95,11612,69560.64
2022-11-25,5.93,6.00,5.92,5.95,13418,79697.01
2022-11-28,5.99,6.12,5.87,6.01,68894,414037.63
2022-11-29,5.84,6.05,5.84,6.04,45934,276104.00
2022-11-30,5.92,6.07,5.92,6.07,15733,94955.98
2022-12-01,6.00,6.07,6.00,6.06,36887,222206.45
2022-12-02,5.97,6.07,5.95,6.05,52068,314468.06
2022-12-05,6.05,6.12,5.96,6.07,35455,214510.34
2022-12-06,6.02,6.06,6.00,6.06,34113,204774.11
2022-12-07,6.11,6.11,6.01,6.05,38121,230137.06
2022-12-08,6.02,6.02,5.95,6.00,103129,620056.69
2022-12-09,5.97,6.04,5.97,6.04,48720,292310.41
2022-12-12,6.06,6.06,5.93,6.04,19061,113798.92
2022-12-13,5.86,6.02,5.86,6.01,8917,52719.00
2022-12-14,6.00,6.00,5.93,6.00,13622,80848.90
2022-12-15,5.89,5.96,5.89,5.96,10806,63708.76
2022-12-16,5.86,6.00,5.83,5.92,60500,354101.00
2022-12-19,5.79,5.91,5.66,5.81,41730,243685.09
2022-12-20,5.80,5.80,5.70,5.80,2568,14852.40
2022-12-21,5.68,6.00,5.68,5.93,73987,438507.44
2022-12-22,5.77,5.93,5.75,5.75,47471,278533.91
2022-12-23,5.63,5.69,5.54,5.65,29470,166945.88
2022-12-26,5.58,5.75,5.58,5.68,8133,46462.43
2022-12-27,5.66,5.78,5.66,5.74,16600,95473.00
2022-12-28,5.78,5.78,5.72,5.77,2600,14977.00
2022-12-29,5.55,5.71,5.55,5.70,19539,109018.71
2022-12-30,5.60,5.74,5.56,5.71,17092,95533.79
2023-01-03,5.58,7.40,5.58,6.11,437539,2772531.75
2023-01-04,6.10,6.30,6.02,6.28,270583,1670207.38
2023-01-05,6.11,6.28,6.10,6.20,65300,404566.56
2023-01-06,6.11,6.26,5.82,5.99,213755,1278897.38
2023-01-09,5.88,6.00,5.84,5.94,87159,512768.25
2023-01-10,5.86,5.94,5.84,5.92,24729,144759.36
2023-01-11,5.86,5.91,5.85,5.90,13435,79023.73
2023-01-12,5.88,5.88,5.83,5.86,168948,714326.00
2023-01-13,5.88,5.88,5.72,5.80,226488,1055406.38
2023-01-16,5.36,5.96,5.36,5.90,76999,438988.66
2023-01-17,5.88,5.93,5.74,5.84,26871,155752.23
2023-01-18,5.84,5.93,5.81,5.90,36124,212342.38
2023-01-19,5.93,5.97,5.79,5.91,56860,336104.19
2023-01-20,5.77,5.92,5.77,5.92,53770,312287.78
2023-01-30,5.92,6.18,5.92,6.00,97057,584517.56
2023-01-31,5.96,6.35,5.96,6.32,373636,2325856.25
2023-02-01,6.38,6.46,6.26,6.33,254770,1614892.50
2023-02-02,6.33,6.39,6.17,6.31,170701,1076709.88
2023-02-03,6.16,6.35,6.15,6.15,127087,786213.81
2023-02-06,6.21,6.21,5.98,6.12,131973,799095.19
2023-02-07,6.13,6.13,6.04,6.11,45691,277194.56
2023-02-08,6.05,6.12,6.05,6.10,10680,65052.70
2023-02-09,6.10,6.18,6.02,6.11,64979,396738.84
2023-02-10,6.20,6.20,6.05,6.12,39396,240775.36
2023-02-13,6.16,6.19,6.02,6.14,40662,250389.78
2023-02-14,6.14,6.18,6.09,6.16,61976,379141.34
2023-02-15,6.16,6.17,6.05,6.14,64370,392963.44
2023-02-16,6.04,6.13,6.02,6.05,103714,627536.19
2023-02-17,6.05,6.12,5.96,6.03,58298,349846.31
2023-02-20,5.98,6.06,5.96,6.03,44700,268007.38
2023-02-21,5.94,6.07,5.94,6.03,29140,175265.83
2023-02-22,6.00,6.05,5.96,6.05,29159,174707.19
2023-02-23,6.01,6.05,5.96,5.99,25700,154206.05
2023-02-24,6.05,6.05,5.94,6.02,10531,62904.59
2023-02-27,5.93,5.99,5.81,5.91,97446,572445.13
2023-02-28,5.80,5.99,5.80,5.90,32690,191857.58
2023-03-01,5.89,5.98,5.89,5.93,75901,450846.59
2023-03-02,5.85,5.96,5.83,5.94,15388,90950.04
2023-03-03,5.87,5.92,5.82,5.89,42248,247179.59
2023-03-06,5.92,5.92,5.79,5.85,94377,549140.88
2023-03-07,5.86,5.87,5.78,5.80,15834,92132.84
2023-03-08,5.84,5.84,5.75,5.80,46334,267366.47
2023-03-09,5.80,5.80,5.73,5.79,57144,329678.97
2023-03-10,5.74,5.79,5.70,5.72,48142,275379.63
2023-03-13,5.85,5.85,5.66,5.75,65524,373416.31
2023-03-14,5.76,5.76,5.60,5.70,83283,470634.09
2023-03-15,5.66,5.74,5.65,5.73,43706,247400.83
2023-03-16,5.66,5.73,5.54,5.67,84297,471229.38
2023-03-17,5.58,5.70,5.55,5.66,53724,302249.63
2023-03-20,5.61,5.69,5.61,5.68,10700,60400.00
2023-03-21,5.60,5.67,5.60,5.67,30518,171559.23
2023-03-22,5.69,5.72,5.64,5.68,44956,255312.92
2023-03-23,5.68,5.72,5.54,5.71,96718,542065.31
2023-03-24,5.57,6.00,5.57,5.91,332910,1949187.63
2023-03-27,5.90,6.02,5.73,5.93,179003,1057672.13
2023-03-28,5.90,5.95,5.76,5.91,76699,446285.34
2023-03-29,5.75,6.22,5.75,6.07,336348,2026406.25
2023-03-30,6.18,6.18,5.85,5.87,168650,1002610.94
2023-03-31,5.84,5.98,5.84,5.87,62202,365565.22
2023-04-03,5.75,5.96,5.73,5.93,148481,860872.25
2023-04-04,5.92,5.92,5.80,5.89,57756,339037.81
2023-04-06,5.77,5.89,5.73,5.82,91183,524120.00
2023-04-07,5.82,5.83,5.76,5.76,25932,149792.00
2023-04-10,5.76,5.80,5.72,5.77,57532,330209.34
2023-04-11,5.77,5.80,5.70,5.77,40222,230898.42
2023-04-12,5.76,5.79,5.74,5.79,68726,396054.53
2023-04-13,5.74,5.77,5.70,5.77,102784,587673.81
2023-04-14,5.70,5.80,5.70,5.80,30393,174074.69
2023-04-17,5.70,5.78,5.70,5.78,46565,266070.50
2023-04-18,5.78,5.78,5.69,5.75,55445,317108.81
2023-04-19,5.70,5.75,5.70,5.75,56793,324426.13
2023-04-20,5.70,5.70,5.60,5.70,134767,761193.44
2023-04-21,5.60,5.69,5.60,5.69,101370,573982.44
2023-04-24,5.61,5.68,5.42,5.63,74530,415585.50
2023-04-25,5.56,5.69,5.53,5.69,101322,567796.88
2023-04-26,5.55,5.66,5.43,5.66,187973,1039571.56
2023-04-27,5.62,5.70,5.62,5.70,64098,363443.84
2023-04-28,5.55,5.86,5.55,5.85,109763,633835.69
2023-05-04,5.84,5.91,5.64,5.87,142055,828101.81
2023-05-05,5.75,6.34,5.75,6.18,593032,3597985.75
2023-05-08,6.21,6.81,6.13,6.53,983803,6375565.50
2023-05-09,6.44,6.54,6.07,6.11,506302,3161137.25
2023-05-10,6.04,6.19,6.00,6.11,266959,1625978.63
2023-05-11,6.15,6.54,6.04,6.31,407637,2555743.75
2023-05-12,6.32,7.50,6.31,6.89,1962550,13896868.00
2023-05-15,6.78,6.88,6.49,6.77,810626,5349954.50
2023-05-16,6.65,7.22,6.58,6.66,757321,5206661.50
2023-05-17,6.71,6.88,6.45,6.59,409879,2699123.75
2023-05-18,6.62,6.72,6.46,6.62,482417,3170752.00
2023-05-19,6.60,6.64,6.46,6.48,416406,2720471.75
2023-05-22,6.45,6.50,6.35,6.43,247341,1591479.25
2023-05-23,6.49,6.52,6.33,6.40,244070,1568348.00
2023-05-24,6.47,6.55,6.40,6.48,181748,1175901.75
2023-05-25,6.43,6.50,6.20,6.30,189751,1204441.88
2023-05-26,6.24,6.37,6.11,6.23,207881,1284265.00
2023-05-29,6.25,6.25,6.07,6.07,163195,1002309.75
2023-05-30,6.08,6.20,6.07,6.18,119619,735668.19
2023-05-31,6.15,6.24,6.00,6.13,188896,1151217.75
2023-06-01,6.09,6.15,5.97,6.13,173559,1050707.25
2023-06-02,6.05,6.28,6.05,6.27,206746,1285582.63
2023-06-05,6.20,6.35,6.15,6.34,120057,754525.88
2023-06-06,6.38,6.38,6.14,6.23,66006,411133.59
2023-06-07,6.24,6.30,6.12,6.30,173250,1074656.13
2023-06-08,6.21,6.29,6.03,6.25,124264,762434.25
2023-06-09,6.22,6.27,6.13,6.19,113156,700707.00
2023-06-12,6.07,6.17,6.07,6.17,79425,485588.47
2023-06-13,6.13,6.18,6.06,6.10,117554,717132.88
2023-06-14,6.09,6.16,6.03,6.04,126617,768789.00
2023-06-15,6.01,6.15,6.01,6.10,79805,486617.31
2023-06-16,6.16,6.16,6.06,6.13,69844,426856.19
2023-06-19,6.04,6.16,6.04,6.16,83820,513687.41
2023-06-20,6.12,6.17,6.05,6.09,108889,661766.19
2023-06-21,6.10,6.16,6.05,6.15,68595,419288.16
2023-06-26,6.08,6.13,6.01,6.03,104936,639024.19
2023-06-27,6.00,6.04,5.95,6.01,96389,577482.88
2023-06-28,5.93,5.99,5.90,5.98,109653,650487.38
2023-06-29,6.05,6.15,5.97,6.15,189436,1153967.75
2023-06-30,6.16,6.33,6.14,6.18,132383,821591.31
2023-07-03,6.15,6.27,6.11,6.15,45400,278930.41
2023-07-04,6.15,6.21,6.11,6.18,106292,654755.63
2023-07-05,6.20,6.27,6.13,6.19,189879,1173696.38
2023-07-06,6.25,6.25,6.13,6.15,108498,668096.19
2023-07-07,6.05,6.15,6.05,6.12,45387,275537.44
2023-07-10,6.18,6.30,6.17,6.22,256017,1595685.88
2023-07-11,6.29,6.30,6.15,6.24,103807,641668.06
2023-07-12,6.27,6.27,6.05,6.15,129800,791536.50
2023-07-13,6.20,6.20,6.10,6.13,50615,310298.69
2023-07-14,6.06,6.17,6.04,6.15,179777,1097772.50
2023-07-17,6.15,6.15,6.03,6.12,108462,659269.50
2023-07-18,6.16,6.16,6.07,6.12,72772,444454.63
2023-07-19,6.04,6.15,6.04,6.06,37814,229385.80
2023-07-20,6.05,6.10,5.98,6.05,116671,703921.38
2023-07-21,5.80,6.50,5.80,6.50,798190,4973539.00
2023-07-24,6.34,6.65,6.16,6.24,694119,4378931.50
2023-07-25,6.14,6.31,6.14,6.19,317109,1964692.50
2023-07-26,6.18,6.23,6.14,6.21,93737,579118.25
2023-07-27,6.16,6.23,6.16,6.16,58969,364198.31
2023-07-28,6.13,6.25,6.06,6.16,186675,1140702.88
2023-07-31,6.18,6.22,6.13,6.20,76291,471311.38
2023-08-01,6.20,6.20,6.14,6.15,73500,452887.00
2023-08-02,6.19,6.19,6.09,6.16,55484,339632.88
2023-08-03,6.10,6.16,6.04,6.15,71582,437150.03
2023-08-04,6.08,6.17,6.08,6.15,81148,496258.38
2023-08-07,6.17,6.17,6.07,6.07,57876,352138.59
2023-08-08,6.10,6.12,6.06,6.08,40888,248613.14
2023-08-09,6.12,6.12,6.04,6.08,86139,522325.59
2023-08-10,6.08,6.08,5.86,6.03,127564,768989.00
2023-08-11,5.95,6.08,5.95,6.00,22090,132731.67
2023-08-14,5.93,6.01,5.87,5.99,125061,738579.81
2023-08-15,5.88,5.99,5.88,5.95,34683,206024.33
2023-08-16,5.95,5.95,5.81,5.89,92086,539384.88
2023-08-17,5.74,5.90,5.74,5.86,115579,674039.31
2023-08-18,5.80,5.86,5.57,5.79,184408,1062892.13
2023-08-21,5.78,5.82,5.74,5.79,52551,303712.19
2023-08-22,5.74,5.83,5.74,5.83,46880,271201.47
2023-08-23,5.75,5.84,5.74,5.78,53824,309732.22
2023-08-24,5.80,5.80,5.74,5.79,41264,237849.22
2023-08-25,5.79,5.79,5.65,5.66,80106,456857.31
2023-08-28,5.86,5.99,5.73,5.78,151990,884777.44
2023-08-29,5.64,5.95,5.64,5.89,131720,769150.25
2023-08-30,5.83,5.92,5.81,5.91,77855,457790.31
2023-08-31,5.91,5.91,5.70,5.78,246677,1414763.25
2023-09-01,5.74,5.90,5.74,5.89,120984,705330.25
2023-09-04,6.04,6.30,6.04,6.24,631454,3915607.00
2023-09-05,6.25,7.18,6.24,6.68,3200211,21550088.00
2023-09-06,6.51,6.56,6.32,6.43,1171924,7519969.50
2023-09-07,6.33,6.46,6.20,6.24,519824,3272283.25
2023-09-08,6.30,6.48,6.20,6.44,567257,3618146.25
2023-09-11,6.33,6.48,6.33,6.40,223006,1419648.00
2023-09-12,6.35,6.51,6.31,6.47,248708,1601222.00
2023-09-13,6.37,6.41,6.23,6.25,117101,737883.88
2023-09-14,6.20,7.30,6.20,6.74,1344580,9139171.00
2023-09-15,6.71,6.71,6.40,6.56,712787,4678824.00
2023-09-18,6.46,6.52,6.26,6.45,122771,785276.19
2023-09-19,6.45,6.45,6.30,6.35,72615,460054.06
2023-09-20,6.27,6.41,6.27,6.40,55881,354560.13
2023-09-21,6.41,6.43,6.31,6.33,106944,680456.19
2023-09-22,6.27,6.46,6.27,6.46,228977,1460323.38
2023-09-25,6.46,6.46,6.28,6.40,132515,842972.25
2023-09-26,6.29,6.39,6.21,6.29,83678,526669.94
2023-09-27,6.25,6.31,6.15,6.16,229256,1425448.88
2023-09-28,6.24,6.25,6.15,6.21,140966,870934.06
2023-10-09,6.09,6.20,6.09,6.19,82293,506875.56
2023-10-10,6.14,6.22,6.03,6.09,189394,1150448.50
2023-10-11,6.03,6.10,6.01,6.10,67499,409879.66
2023-10-12,6.10,6.10,6.04,6.10,33828,205899.20
2023-10-13,6.10,6.10,6.03,6.07,20642,125307.12
2023-10-16,6.18,6.18,6.00,6.05,75720,457524.97
2023-10-17,6.10,6.10,6.01,6.06,12824,77502.48
2023-10-18,5.97,6.08,5.83,5.95,153836,912474.81
2023-10-19,5.97,5.97,5.82,5.91,37749,221902.55
2023-10-20,5.89,5.91,5.79,5.84,55407,322584.91
2023-10-23,5.90,5.90,5.68,5.75,78353,452077.78
2023-10-24,5.85,5.85,5.75,5.82,32959,190972.55
2023-10-25,5.70,5.90,5.70,5.88,71429,420324.94
2023-10-26,5.92,5.92,5.80,5.91,55064,320932.09
2023-10-27,5.92,6.10,5.85,6.09,154253,928342.25
2023-10-30,5.97,6.11,5.96,6.07,89957,543491.81
2023-10-31,6.11,6.11,5.94,6.01,93289,557016.06
2023-11-01,6.08,6.08,5.95,6.05,15279,91890.99
2023-11-02,5.97,6.05,5.95,5.98,17142,102421.13
2023-11-03,6.01,6.15,6.01,6.12,162142,988749.94
2023-11-06,6.15,6.15,6.07,6.15,43005,263311.75
2023-11-07,6.17,6.18,6.13,6.18,113974,702468.13
2023-11-08,6.18,6.97,6.17,6.51,1132957,7533922.50
2023-11-09,6.47,6.71,6.31,6.52,507668,3317358.00
2023-11-10,6.56,6.56,6.26,6.37,376733,2390229.50
2023-11-13,6.41,6.47,6.33,6.36,135329,864678.06
2023-11-14,6.42,6.65,6.19,6.57,392589,2530357.25
2023-11-15,6.59,6.67,6.48,6.59,286302,1882200.00
2023-11-16,6.62,6.62,6.38,6.51,123660,804053.25
2023-11-17,6.41,6.56,6.41,6.56,117816,761391.31
2023-11-20,6.62,6.96,6.60,6.92,656460,4483337.00
2023-11-21,6.90,7.99,6.83,7.31,2451657,18426106.00
2023-11-22,7.22,9.50,7.22,9.50,5602034,48229764.00
2023-11-23,9.60,11.78,8.89,10.25,6310941,64324552.00
2023-11-24,9.90,11.52,9.90,11.23,5571677,59981360.00
2023-11-27,11.05,12.99,10.78,12.45,8307577,98835112.00
2023-11-28,11.50,12.08,10.20,11.05,5720485,64499548.00
2023-11-29,11.20,11.28,9.37,9.68,3584796,36563756.00
2023-11-30,9.78,10.06,9.33,9.44,1880620,17240276.00
2023-12-01,9.60,9.70,8.69,8.92,1773041,16129000.00
2023-12-04,8.92,9.15,8.51,8.97,1213052,10840048.00
2023-12-05,9.11,10.12,8.97,9.95,3098058,28416216.00
2023-12-06,9.93,10.16,9.50,9.54,1816966,17756906.00
2023-12-07,9.62,10.99,9.51,10.71,3865100,40484624.00
2023-12-08,10.43,11.42,10.41,11.08,3804690,41742420.00
2023-12-11,11.07,11.10,9.80,10.26,2681175,27764294.00
2023-12-12,10.39,10.71,10.05,10.56,1666480,17435762.00
2023-12-13,10.75,10.97,10.35,10.91,2468595,26671228.00
2023-12-14,10.88,11.48,10.74,10.93,3509119,39099196.00
2023-12-15,10.92,11.10,10.40,10.90,2563011,26553230.00
2023-12-18,10.99,11.50,10.86,11.44,2611136,29406336.00
2023-12-19,11.40,12.06,11.20,12.00,4571518,52390888.00
2023-12-20,11.70,12.20,11.64,12.12,4377496,52410812.00
2023-12-21,12.15,12.57,9.58,10.08,4819154,53855008.00
2023-12-22,9.88,10.24,9.60,10.12,2637958,25710162.00
2023-12-25,9.95,10.69,9.95,10.64,2497139,26136926.00
2023-12-26,10.56,10.86,10.20,10.76,2340488,24798366.00
2023-12-27,10.56,11.39,10.56,11.21,3081487,33912740.00
2023-12-28,11.05,11.88,10.99,11.46,3535435,40401208.00
2023-12-29,11.27,12.10,11.22,11.94,3041923,35526860.00
2024-01-02,12.10,12.88,11.85,12.45,4220384,52000028.00
2024-01-03,12.33,12.69,12.03,12.39,2529765,31297914.00
2024-01-04,12.91,13.14,11.95,12.29,2483164,30871680.00
2024-01-05,12.13,12.39,11.35,11.46,2737382,32366262.00
2024-01-08,11.58,11.81,11.06,11.06,1735396,19917806.00
2024-01-09,11.11,11.31,9.90,10.38,2508093,26488912.00
2024-01-10,10.30,10.65,10.13,10.51,1635658,15614397.00
2024-01-11,10.56,10.72,10.39,10.50,1435706,14506022.00
2024-01-12,10.50,10.59,9.26,9.39,1862166,18243614.00
2024-01-15,9.30,9.50,8.83,8.94,1022953,9363007.00
2024-01-16,9.18,10.60,9.04,10.25,3776030,37657952.00
2024-01-17,9.91,10.56,9.80,10.03,2967785,29945548.00
2024-01-18,9.85,10.60,9.69,10.53,1900809,19250206.00
2024-01-19,10.52,11.52,10.49,11.04,3134568,34649248.00
2024-01-22,10.95,11.15,9.92,10.39,2032609,21525622.00
2024-01-23,10.21,10.64,10.03,10.47,1357869,14059743.00
2024-01-24,10.49,10.60,9.90,10.37,1383428,14207749.00
2024-01-25,10.21,10.36,9.77,9.98,1822433,18251504.00
2024-01-26,9.97,10.15,9.76,9.76,1082208,10795856.00
2024-01-29,9.76,9.76,8.70,8.70,1053007,9664793.00
2024-01-30,8.56,8.80,8.35,8.61,862161,7370503.00
2024-01-31,8.52,9.06,8.52,8.77,780493,6892573.00
2024-02-01,8.70,8.98,8.08,8.36,629436,5375990.00
2024-02-02,8.43,8.70,7.56,7.99,726352,5938513.50
2024-02-05,7.99,8.00,7.25,7.65,1219355,9202653.00
2024-02-06,7.59,8.50,7.30,8.46,1030372,8420041.00
2024-02-07,8.59,9.19,8.18,8.43,998325,8706659.00
2024-02-08,8.50,8.68,7.83,8.60,818810,6870204.00
2024-02-19,8.68,9.25,8.55,9.02,832987,7435452.50
2024-02-20,8.98,9.47,8.75,9.47,1311586,12178905.00
2024-02-21,9.40,9.68,9.19,9.25,948715,8926721.00
2024-02-22,9.28,9.65,9.17,9.55,885760,8340643.50
2024-02-23,9.46,9.87,9.40,9.83,1404260,13543043.00
2024-02-26,9.64,9.76,9.30,9.42,1082115,10234824.00
2024-02-27,9.34,10.39,9.34,10.01,1478220,14602637.00
2024-02-28,9.91,10.34,9.36,9.36,1406627,13960035.00
2024-02-29,9.71,11.69,9.71,10.91,4075991,44452756.00
2024-03-01,10.40,10.86,10.30,10.41,2748244,28832104.00
2024-03-04,10.41,10.46,9.77,9.98,1556676,15619961.00
2024-03-05,11.40,12.97,11.30,12.97,11818530,147246304.00
2024-03-06,12.99,16.10,12.80,13.70,14488133,200560400.00
2024-03-07,13.14,13.35,11.96,12.25,10027265,127753320.00
2024-03-08,12.52,14.38,12.32,12.93,10454828,135230000.00
2024-03-11,12.16,12.53,11.91,12.48,7485206,90917816.00
2024-03-12,12.55,12.55,11.76,11.97,4926315,59162936.00
2024-03-13,12.05,12.09,11.28,11.35,4490188,51903212.00
2024-03-14,11.35,11.46,10.93,11.07,3419560,38047260.00
2024-03-15,11.25,12.18,11.13,11.97,5950472,70134600.00
2024-03-18,12.05,12.27,11.51,11.94,4111901,48849248.00
2024-03-19,11.70,12.11,11.70,12.00,2952413,35197988.00
2024-03-20,12.00,12.08,11.57,11.79,2776144,32757086.00
2024-03-21,11.85,11.90,11.27,11.28,2130345,24474232.00
2024-03-22,11.28,11.58,11.00,11.23,1943923,21968040.00
2024-03-25,11.32,12.20,11.04,11.54,4076259,47827708.00
2024-03-26,11.40,11.55,10.94,11.02,2510565,28038240.00
2024-03-27,11.00,11.66,10.70,10.77,2185131,24585748.00
2024-03-28,10.62,12.10,10.62,11.74,4022594,46561220.00
2024-03-29,11.80,12.73,11.16,12.60,6494186,78040472.00
2024-04-01,12.03,12.77,12.00,12.12,4731658,58258852.00
2024-04-02,11.91,12.09,11.39,11.51,3146556,36718492.00
2024-04-03,11.60,11.90,11.30,11.31,2096738,24287594.00
2024-04-08,11.35,11.36,10.62,10.62,2187232,23804076.00
2024-04-09,10.63,10.90,10.63,10.78,1188115,12796455.00
2024-04-10,10.80,11.43,10.63,11.13,2213408,24723028.00
2024-04-11,11.03,11.22,10.84,10.95,949033,10453248.00
2024-04-12,11.04,11.35,10.95,11.20,1179661,13149106.00
2024-04-15,11.01,11.89,10.80,11.50,2711824,30952460.00
2024-04-16,11.53,12.31,11.12,11.96,3856711,45680776.00
2024-04-17,12.29,13.29,12.00,12.77,5315451,67069648.00
2024-04-18,12.39,12.89,11.88,12.00,4053323,50133092.00
2024-04-19,11.80,12.32,11.65,12.32,2710417,32523478.00
2024-04-22,12.40,12.97,12.10,12.87,3170472,39881340.00
2024-04-23,13.00,13.25,12.18,12.23,2607093,33165008.00
2024-04-24,12.26,12.52,12.03,12.27,1892948,23193704.00
2024-04-25,12.48,12.86,12.05,12.05,1975452,24453354.00
2024-04-26,11.98,12.89,11.89,12.89,3532751,44028468.00
2024-04-29,12.92,13.28,12.61,12.75,3240717,41680700.00
2024-04-30,12.68,13.52,12.51,13.40,3978150,52252856.00
2024-05-06,13.41,13.83,13.10,13.34,2813605,37702008.00
2024-05-07,13.21,13.32,12.72,12.87,2920125,37716452.00
2024-05-08,12.76,12.93,12.16,12.28,2301723,28773284.00
2024-05-09,12.32,12.41,12.20,12.39,1320561,16254381.00
2024-05-10,12.34,12.45,11.70,11.70,1821337,21726680.00
2024-05-13,11.57,11.67,11.38,11.53,994416,11422953.00
2024-05-14,11.62,11.75,11.53,11.64,769992,8956136.00
2024-05-15,11.64,11.64,11.14,11.20,1207595,13647775.00
2024-05-16,11.27,11.43,11.13,11.22,736198,8294555.00
2024-05-17,11.27,11.36,11.19,11.33,401325,4522773.50
2024-05-20,11.35,11.40,11.04,11.05,796587,8910406.00
2024-05-21,11.03,11.18,10.91,11.03,672481,7397325.50
2024-05-22,10.95,11.21,10.91,11.20,574805,6377075.00
2024-05-23,11.20,11.88,11.03,11.57,2117429,24591550.00
2024-05-24,11.66,11.66,11.13,11.21,1065067,12084471.00
2024-05-27,11.21,11.22,11.00,11.10,598745,6619126.50
2024-05-28,11.15,11.29,11.05,11.06,379873,4249342.50
2024-05-29,11.02,11.16,11.02,11.13,401570,4450693.00
2024-05-30,11.15,11.32,10.96,11.15,532556,5933051.00
2024-05-31,11.19,11.22,11.06,11.16,370099,4124694.75
2024-06-03,8.60,8.64,8.25,8.38,637332,5397689.00
2024-06-04,8.46,8.50,8.31,8.41,405754,3407030.75
2024-06-05,8.36,8.43,8.16,8.17,320489,2647932.25
2024-06-06,8.15,8.29,7.60,7.64,1401326,10921860.00
2024-06-07,7.71,7.82,7.39,7.53,706478,5364321.50
2024-06-11,7.55,7.75,7.31,7.67,419191,3167283.50
2024-06-12,7.71,7.92,7.63,7.70,372052,2888842.75
2024-06-13,7.78,7.78,7.58,7.67,354741,2714980.00
2024-06-14,7.67,7.76,7.60,7.70,497202,3818356.75
2024-06-17,7.64,7.70,7.46,7.51,340847,2573460.25
2024-06-18,7.55,7.55,7.35,7.41,618082,4600600.00
2024-06-19,7.45,7.96,7.38,7.68,1525170,11691345.00
2024-06-20,7.64,8.38,7.51,8.01,2483694,19572968.00
2024-06-21,8.03,8.50,7.93,8.33,2282395,18788742.00
2024-06-24,8.12,8.13,7.66,7.66,1270393,10101611.00
2024-06-25,7.64,7.84,7.48,7.65,1021888,7848929.00
2024-06-26,7.67,7.77,7.50,7.77,974434,7429441.00
2024-06-27,7.75,7.76,7.30,7.32,980476,7364633.00
2024-06-28,7.35,7.46,7.20,7.36,617636,4554956.50
2024-07-01,7.40,7.52,7.31,7.39,411436,3042534.25
2024-07-02,7.40,7.50,7.30,7.32,586663,4328793.00
2024-07-03,7.27,7.29,7.01,7.03,993078,7050934.50
2024-07-04,7.10,7.18,6.95,6.95,645363,4554870.50
2024-07-05,6.89,7.12,6.85,7.11,540165,3759471.75
2024-07-08,7.12,7.12,6.82,6.82,336967,2337114.75
2024-07-09,6.86,7.07,6.82,7.01,581659,4039991.50
2024-07-10,6.99,7.15,6.99,7.01,382084,2691326.25
2024-07-11,7.11,7.25,7.07,7.23,705061,5067589.00
2024-07-12,7.25,7.33,7.18,7.27,566506,4111295.00
2024-07-15,7.24,7.30,7.06,7.19,434979,3117046.75
2024-07-16,7.12,7.68,7.05,7.64,1732360,12827504.00
2024-07-17,7.64,8.40,7.64,8.27,3534389,28739610.00
2024-07-18,8.19,8.20,7.70,7.96,1701916,13537900.00
2024-07-19,8.02,8.18,7.94,8.07,1044387,8400530.00
2024-07-22,8.35,8.68,8.20,8.27,2829009,23974280.00
2024-07-23,8.19,8.21,7.82,7.89,1441893,11536447.00
2024-07-24,7.89,7.89,7.50,7.51,877950,6711860.50
2024-07-25,7.46,7.72,7.45,7.59,566917,4315893.50
2024-07-26,7.65,7.75,7.52,7.61,781698,5947387.00
2024-07-29,7.65,7.65,7.45,7.49,347072,2604095.25
2024-07-30,7.50,7.78,7.42,7.53,604995,4588810.00
2024-07-31,7.59,7.89,7.52,7.77,987113,7638888.00
2024-08-01,7.79,8.13,7.72,7.90,1451098,11542548.00
2024-08-02,7.69,7.97,7.64,7.75,877638,6822991.50
2024-08-05,7.68,7.76,7.27,7.35,977941,7340837.00
2024-08-06,7.41,7.47,7.26,7.41,639569,4691986.00
2024-08-07,7.39,7.64,7.37,7.55,624945,4691326.50
2024-08-08,7.76,8.43,7.73,7.74,2134011,16912262.00
2024-08-09,7.84,7.88,7.55,7.59,1516927,11647674.00
2024-08-12,7.56,7.63,7.33,7.40,731607,5442496.00
2024-08-13,7.37,7.43,7.33,7.42,289281,2135016.00
2024-08-14,7.45,7.58,7.32,7.49,436936,3243158.00
2024-08-15,7.49,7.62,7.40,7.55,711682,5347985.00
2024-08-16,7.60,7.65,7.43,7.50,611605,4620732.50
2024-08-19,7.52,7.58,7.43,7.50,488550,3664815.50
2024-08-20,7.52,8.00,7.36,7.98,2154529,16723117.00
2024-08-21,7.90,8.14,7.68,7.80,1248762,9847594.00
2024-08-22,7.92,7.92,7.51,7.60,1069706,8200585.00
2024-08-23,7.60,7.98,7.60,7.85,1246265,9638678.00
2024-08-26,7.91,8.09,7.82,7.95,1062227,8455845.00
2024-08-27,7.94,7.94,7.70,7.76,671377,5207593.50
2024-08-28,7.70,7.86,7.62,7.72,606228,4689525.00
2024-08-29,7.71,7.72,7.44,7.67,792102,6015687.50
2024-08-30,7.64,8.66,7.64,8.18,2841495,23219362.00
2024-09-02,8.02,8.17,7.83,8.00,1737707,13840823.00
2024-09-03,7.93,8.07,7.83,7.93,998224,7918389.50
2024-09-04,7.86,8.10,7.80,8.04,1076864,8596782.00
2024-09-05,8.08,8.08,7.92,8.02,394235,3158076.50
2024-09-06,8.10,8.27,7.96,8.00,766792,6219331.00
2024-09-09,8.05,8.05,7.81,7.90,545641,4316616.00
2024-09-10,7.91,7.99,7.70,7.95,591887,4636052.00
2024-09-11,7.89,7.98,7.80,7.88,321011,2531343.00
2024-09-12,7.95,8.05,7.82,7.88,380561,3018584.50
2024-09-13,7.88,8.05,7.76,7.95,751525,5951164.00
2024-09-18,7.90,7.90,7.67,7.82,642339,4988409.50
2024-09-19,7.87,8.01,7.77,7.88,471091,3722025.00
2024-09-20,7.90,8.10,7.87,8.01,1064391,8524113.00
2024-09-23,8.05,8.46,7.95,8.26,2243204,18523322.00
2024-09-24,8.20,8.43,8.10,8.37,1994730,16516426.00
2024-09-25,8.40,8.55,8.17,8.20,1844219,15403341.00
2024-09-26,8.18,8.29,8.02,8.29,1349274,11036206.00
2024-09-27,8.51,9.20,8.45,8.89,3318951,29153334.00
2024-09-30,9.40,10.83,9.12,10.70,8069845,80954128.00
2024-10-08,13.70,13.70,11.39,13.49,8417442,106324168.00
2024-10-09,12.55,12.60,11.11,11.24,6160334,73454624.00
2024-10-10,11.47,11.65,10.68,10.90,3669457,41085544.00
2024-10-11,11.06,11.06,9.82,10.03,3107580,31673598.00
2024-10-14,10.11,10.67,9.92,10.47,2696803,27741774.00
2024-10-15,10.58,11.35,10.32,10.68,3957225,43307904.00
2024-10-16,10.41,11.08,10.30,10.88,2591774,27910930.00
2024-10-17,11.60,12.50,11.18,11.25,6707548,80076704.00
2024-10-18,11.03,12.38,11.02,11.93,7398981,87888840.00
2024-10-21,12.50,14.20,12.50,13.85,10522600,140655776.00
2024-10-22,14.56,14.56,12.01,12.36,8513059,110945480.00
2024-10-23,12.39,13.73,12.22,13.31,6778492,88904744.00
2024-10-24,13.31,16.70,13.10,16.55,14440433,220435664.00
2024-10-25,16.40,18.20,15.10,15.28,14913524,246315392.00
2024-10-28,15.50,15.98,14.45,15.90,7177016,108535088.00
2024-10-29,16.15,17.65,15.91,16.07,8290731,138217584.00
2024-10-30,15.95,17.29,15.83,17.11,8510466,141338128.00
2024-10-31,16.76,17.16,15.21,15.86,7206273,115614720.00
2024-11-01,16.76,16.76,14.51,14.70,6011917,94671104.00
2024-11-04,14.70,15.98,14.60,15.72,4332031,66659716.00
2024-11-05,15.90,19.50,15.71,17.77,9584488,165607504.00
2024-11-06,18.70,19.50,17.39,17.83,9732457,179454144.00
2024-11-07,17.06,19.00,17.06,18.55,7976299,144605312.00
2024-11-08,18.64,21.20,18.13,19.35,8923359,175784576.00
2024-11-11,19.35,19.40,17.80,18.70,6664745,123214800.00
2024-11-12,18.54,18.99,17.00,17.49,5717674,102498648.00
2024-11-13,17.39,19.55,17.30,19.55,8314954,153519616.00
2024-11-14,20.18,20.50,18.10,18.32,6692136,129210336.00
2024-11-15,18.36,23.81,18.03,23.81,18851694,416183840.00
2024-11-18,24.10,24.60,20.50,20.80,16711285,376371424.00
2024-11-19,20.00,20.39,17.55,19.40,11596306,219080528.00
2024-11-20,19.00,20.97,18.66,20.03,9616965,191967152.00
2024-11-21,20.50,21.50,19.75,20.82,10487136,215425248.00
2024-11-22,20.99,21.50,19.50,19.52,8752069,181160384.00
2024-11-25,19.16,19.53,17.74,19.51,7139769,133257352.00
2024-11-26,21.50,24.69,19.48,19.59,13098862,287813792.00
2024-11-27,18.10,20.07,18.00,19.96,9325827,174573424.00
2024-11-28,20.38,20.59,19.01,19.10,7538602,148912672.00
2024-11-29,18.99,19.69,18.36,19.05,5800580,110162304.00
2024-12-02,19.06,19.56,18.60,19.35,5483227,105126080.00
2024-12-03,19.35,19.35,19.35,19.35,0,0.00
#数据来源:通达信
