839680 广道数字 日线 不复权
      日期	    开盘	    最高	    最低	    收盘	    成交量	    成交额
2018-11-29,10.00,10.00,10.00,10.00,1000,10000.00
2019-01-08,10.00,10.00,10.00,10.00,353000,2824000.00
2019-01-11,10.00,10.00,10.00,10.00,897000,7176000.00
2019-09-25,15.00,15.00,15.00,15.00,1000,15000.00
2020-01-17,8.68,8.68,8.68,8.68,1000,8680.00
2020-01-20,5.55,5.55,5.55,5.55,269000,1492950.00
2020-01-22,11.01,11.01,11.01,11.01,1000,11010.00
2020-02-13,15.00,15.00,15.00,15.00,1000,15000.00
2020-04-22,10.00,25.00,10.00,25.00,2600,44000.00
2020-04-23,25.00,25.00,20.00,20.00,2000,46500.00
2020-04-28,20.00,20.00,20.00,20.00,200,4000.00
2020-04-29,20.00,25.00,20.00,25.00,300,6500.00
2020-05-08,26.00,26.00,26.00,26.00,100,2600.00
2020-05-29,26.00,26.00,26.00,26.00,100,2600.00
2020-10-28,18.00,18.00,18.00,18.00,1000,18000.00
2020-10-29,18.00,18.00,18.00,18.00,100000,1600000.00
2020-11-02,18.00,18.00,18.00,18.00,100,1800.00
2020-11-20,15.00,15.00,15.00,15.00,814500,12300889.00
2021-11-15,25.00,40.88,25.00,28.75,16654700,497527296.00
2021-11-16,26.90,28.10,25.88,26.00,7362700,191496048.00
2021-11-17,25.61,25.99,23.34,23.92,4458300,108597768.00
2021-11-18,24.33,24.52,22.89,23.18,2276800,54111816.00
2021-11-19,23.48,23.74,22.54,22.79,1782300,40677740.00
2021-11-22,22.96,23.65,22.23,22.99,1810200,41740208.00
2021-11-23,23.01,24.50,22.79,23.91,2581900,61580272.00
2021-11-24,23.91,23.91,23.10,23.20,1358100,31724016.00
2021-11-25,23.32,23.43,22.85,22.85,974700,22507708.00
2021-11-26,22.81,23.15,22.30,22.50,1082700,24395038.00
2021-11-29,22.07,22.07,21.25,21.31,1571000,34070528.00
2021-11-30,21.55,21.75,20.68,20.74,930700,19584266.00
2021-12-01,20.80,20.95,20.47,20.64,614100,12676937.00
2021-12-02,20.50,21.50,20.50,21.02,980300,20842946.00
2021-12-03,21.11,21.30,20.61,20.68,536400,11171272.00
2021-12-06,20.69,20.83,20.00,20.01,800800,16157390.00
2021-12-07,20.01,20.33,19.62,19.72,479600,9489779.00
2021-12-08,19.88,19.88,19.67,19.87,286000,5660168.50
2021-12-09,19.85,19.97,19.66,19.83,367600,7263543.50
2021-12-10,19.89,19.91,19.73,19.79,284000,5628082.00
2021-12-13,19.97,20.48,19.85,20.26,592300,12000171.00
2021-12-14,20.55,21.30,20.21,20.81,825300,17302582.00
2021-12-15,20.80,20.82,20.34,20.40,311900,6411590.50
2021-12-16,20.58,20.68,20.28,20.40,256400,5241044.50
2021-12-17,20.56,20.56,19.77,19.84,522300,10440065.00
2021-12-20,19.85,19.89,19.22,19.38,404300,7874032.50
2021-12-21,19.38,19.64,19.09,19.25,405200,7788004.50
2021-12-22,19.30,19.67,19.28,19.36,437800,8509586.00
2021-12-23,19.50,19.56,18.59,18.61,762900,14334417.00
2021-12-24,18.74,18.78,17.94,18.01,580800,10590063.00
2021-12-27,18.20,18.38,18.07,18.18,241000,4390451.00
2021-12-28,18.28,18.58,18.12,18.55,305700,5595998.00
2021-12-29,18.52,19.39,18.43,19.25,663400,12709327.00
2021-12-30,19.28,19.72,19.00,19.59,527100,10270017.00
2021-12-31,19.66,21.00,19.66,20.94,1501000,30903176.00
2022-01-04,21.08,21.12,20.00,20.32,716600,14570695.00
2022-01-05,20.43,20.99,20.11,20.60,704300,14573450.00
2022-01-06,20.61,20.65,19.85,19.99,614700,12320778.00
2022-01-07,19.98,20.14,19.49,19.63,496800,9824399.00
2022-01-10,19.63,19.63,19.28,19.37,395314,7669304.00
2022-01-11,19.37,19.68,19.21,19.34,316229,6154561.00
2022-01-12,19.34,19.36,19.15,19.29,286828,5517858.00
2022-01-13,19.40,19.94,19.35,19.39,540757,10660958.00
2022-01-14,19.50,19.50,19.10,19.20,436050,8361042.50
2022-01-17,19.30,20.48,19.19,20.36,1176835,23695384.00
2022-01-18,20.34,20.42,19.80,19.98,715725,14344114.00
2022-01-19,19.80,21.00,19.77,20.83,1280060,26419950.00
2022-01-20,21.00,24.59,20.98,24.29,5388912,124869656.00
2022-01-21,23.51,25.00,22.17,23.35,2943143,69827744.00
2022-01-24,22.85,23.92,21.12,21.22,2241346,50151480.00
2022-01-25,21.24,21.33,20.03,20.10,1382227,28283044.00
2022-01-26,20.23,21.85,20.19,20.70,1930631,38390076.00
2022-01-27,20.70,20.71,19.08,19.12,1518396,29745010.00
2022-01-28,19.48,19.75,18.83,19.29,757547,13731751.00
2022-02-07,19.60,19.65,19.01,19.30,527981,10176566.00
2022-02-08,19.65,19.95,19.20,19.61,691338,13460655.00
2022-02-09,19.68,20.25,19.40,20.22,880986,17590294.00
2022-02-10,20.30,20.31,19.40,19.55,818297,16113926.00
2022-02-11,19.41,19.50,17.98,18.50,976489,18364488.00
2022-02-14,18.48,18.75,18.02,18.10,400225,7300956.50
2022-02-15,18.27,18.46,18.12,18.34,406888,6408817.50
2022-02-16,18.50,18.55,18.18,18.28,394988,7230585.50
2022-02-17,18.21,18.27,18.00,18.00,391129,7079826.00
2022-02-18,18.17,18.30,18.10,18.17,331300,6025657.50
2022-02-21,18.15,19.30,18.15,18.74,733620,13802930.00
2022-02-22,18.51,18.58,18.17,18.22,456681,8347606.50
2022-02-23,18.18,18.60,18.18,18.60,367902,6771556.00
2022-02-24,18.59,18.59,17.88,17.94,564482,10247714.00
2022-02-25,17.95,18.36,17.95,18.10,210399,3811135.75
2022-02-28,18.10,18.10,17.60,17.72,444302,7890193.00
2022-03-01,17.85,17.85,17.32,17.62,360655,6327141.50
2022-03-02,17.56,17.63,17.38,17.56,123810,2169444.00
2022-03-03,17.66,17.68,17.28,17.32,348786,6065223.50
2022-03-04,17.48,17.48,17.02,17.15,235548,4052896.25
2022-03-07,17.18,17.22,16.63,16.68,293167,4950834.00
2022-03-08,16.75,16.76,15.99,16.00,395044,6424330.50
2022-03-09,16.20,16.20,14.98,15.33,548954,8482147.00
2022-03-10,15.60,15.88,15.14,15.26,497001,7696523.00
2022-03-11,15.04,15.24,14.55,15.05,502951,7478520.00
2022-03-14,15.02,15.11,14.51,14.52,271380,4008282.50
2022-03-15,14.52,14.52,13.81,13.93,424792,5974395.00
2022-03-16,14.27,14.30,13.80,14.26,569297,6738523.00
2022-03-17,14.49,16.33,14.49,15.42,1042906,16271474.00
2022-03-18,15.28,15.65,15.20,15.48,315487,4847329.50
2022-03-21,15.65,15.65,15.06,15.20,225317,3447009.75
2022-03-22,15.19,15.28,15.05,15.12,98209,1483105.00
2022-03-23,15.04,15.28,15.02,15.13,104168,1577017.00
2022-03-24,15.03,15.20,14.70,14.78,102965,1525193.75
2022-03-25,14.68,14.96,14.40,14.40,271286,3949773.75
2022-03-28,14.32,14.45,14.00,14.25,154788,2192558.50
2022-03-29,14.20,14.96,14.02,14.27,250040,3641672.50
2022-03-30,14.28,14.58,14.27,14.56,174679,2523687.25
2022-03-31,14.37,14.65,14.36,14.61,202342,2935579.50
2022-04-01,14.80,15.31,14.51,15.12,375511,5656651.00
2022-04-06,15.12,15.40,14.96,15.12,189868,2868102.50
2022-04-07,15.01,15.33,14.87,14.88,149865,2257050.25
2022-04-08,14.70,14.99,14.70,14.74,76987,1137260.75
2022-04-11,14.88,14.88,14.00,14.13,230796,3294318.75
2022-04-12,14.27,14.29,13.97,14.21,155902,2196824.75
2022-04-13,14.21,14.21,13.82,13.99,146968,2057961.38
2022-04-14,14.14,14.14,13.92,14.02,106301,1490852.25
2022-04-15,13.81,14.13,13.70,13.77,141440,1951879.88
2022-04-18,13.83,13.87,13.65,13.82,53171,731792.25
2022-04-19,14.00,14.16,13.78,13.87,79641,1103445.00
2022-04-20,14.04,14.15,13.87,13.91,181146,2535927.25
2022-04-21,13.60,13.65,12.97,13.00,441337,5830750.00
2022-04-22,12.86,13.09,12.80,12.94,111683,1440227.25
2022-04-25,12.76,12.78,11.90,11.93,298259,3659583.25
2022-04-26,11.90,12.23,11.61,11.86,130340,1550976.38
2022-04-27,11.86,12.25,11.58,12.08,374910,4423772.50
2022-04-28,11.14,11.14,9.30,9.59,1681660,16559264.00
2022-04-29,9.80,9.82,9.44,9.58,471249,4523844.50
2022-05-05,9.73,10.25,9.73,9.97,397654,3963382.50
2022-05-06,9.92,10.01,9.66,9.83,223478,2186948.50
2022-05-09,9.81,10.07,9.75,9.89,116881,1160152.38
2022-05-10,9.82,10.02,9.81,9.95,95615,951760.88
2022-05-11,9.95,10.25,9.91,10.11,214272,2163961.00
2022-05-12,9.98,10.12,9.92,9.97,231633,2312302.75
2022-05-13,10.00,10.33,9.92,10.19,378946,3849764.00
2022-05-16,10.28,10.45,10.23,10.24,203797,2113695.50
2022-05-17,10.24,10.31,10.06,10.17,187240,1895228.38
2022-05-18,10.30,10.32,10.11,10.22,112883,1154518.00
2022-05-19,10.08,10.11,9.93,10.00,188386,1880253.50
2022-05-20,10.11,10.11,9.96,10.08,113251,1137082.75
2022-05-23,10.01,10.07,9.94,9.98,246963,2469361.50
2022-05-24,10.07,10.07,9.67,9.69,229204,2256156.00
2022-05-25,9.79,9.80,9.59,9.68,152753,1474436.63
2022-05-26,9.66,9.80,9.57,9.73,162270,1568832.88
2022-05-27,9.75,9.80,9.62,9.74,102655,998855.75
2022-05-30,9.89,9.90,9.50,9.63,119485,1156307.13
2022-05-31,9.73,9.86,9.63,9.78,115201,1126891.88
2022-06-01,9.69,10.67,9.66,10.33,662143,6813532.00
2022-06-02,10.33,10.48,10.17,10.20,121474,1248276.00
2022-06-06,10.35,10.80,10.20,10.60,277592,2923392.75
2022-06-07,10.72,10.72,10.32,10.57,142929,1507941.75
2022-06-08,10.42,10.78,10.42,10.59,173551,1836451.38
2022-06-09,10.68,10.68,10.47,10.55,71287,751780.06
2022-06-10,10.50,10.63,10.42,10.55,86600,911049.94
2022-06-13,10.42,10.46,10.27,10.38,434242,5130766.00
2022-06-14,10.38,10.45,10.23,10.38,62725,649533.31
2022-06-15,10.52,10.52,10.32,10.38,121350,1257135.00
2022-06-16,10.23,10.41,10.23,10.32,168251,1731614.75
2022-06-17,10.26,10.37,10.22,10.30,54161,556147.75
2022-06-20,10.17,10.30,10.16,10.26,82987,848943.94
2022-06-21,10.31,10.31,10.14,10.19,108510,1109046.75
2022-06-22,10.23,10.23,10.10,10.14,52102,528713.13
2022-06-23,10.12,10.20,10.06,10.17,99219,1005104.44
2022-06-24,10.12,10.32,10.12,10.18,128443,1308986.63
2022-06-27,10.32,10.33,10.18,10.27,139284,1426197.13
2022-06-28,10.29,10.84,10.18,10.64,342921,3638411.00
2022-06-29,10.75,11.48,10.66,10.90,715393,7968340.50
2022-06-30,10.82,11.32,10.81,10.88,152108,1671754.13
2022-07-01,10.85,10.92,10.60,10.64,96322,1032657.63
2022-07-04,10.60,10.69,10.50,10.64,91714,970367.19
2022-07-05,10.77,10.86,10.61,10.68,138137,1477526.13
2022-07-06,10.67,10.76,10.56,10.63,120376,1276817.25
2022-07-07,10.55,10.71,10.48,10.60,155026,1640904.75
2022-07-08,10.67,10.77,10.48,10.56,108342,1139843.88
2022-07-11,10.56,10.56,10.39,10.50,49946,521364.06
2022-07-12,10.40,10.40,10.15,10.20,161301,1655342.88
2022-07-13,10.21,10.28,10.12,10.19,63716,647370.44
2022-07-14,10.25,10.25,10.15,10.18,75504,769370.06
2022-07-15,10.16,10.20,10.00,10.03,80014,809979.50
2022-07-18,10.05,10.15,10.00,10.14,126282,1272881.25
2022-07-19,10.10,10.20,10.01,10.14,142118,1437376.00
2022-07-20,10.17,10.18,10.08,10.09,108846,1102803.00
2022-07-21,10.09,10.14,9.99,10.00,159819,1602557.50
2022-07-22,9.98,10.05,9.91,9.98,438636,4571683.00
2022-07-25,9.96,10.02,9.88,9.90,58757,582769.75
2022-07-26,9.90,10.04,9.83,9.93,134680,1337446.88
2022-07-27,9.90,10.02,9.90,9.99,62945,628166.75
2022-07-28,10.01,10.18,9.95,10.05,102102,1024048.38
2022-07-29,10.02,10.05,9.90,9.91,98752,985618.06
2022-08-01,9.83,10.00,9.83,9.95,61405,607076.00
2022-08-02,9.82,9.83,9.48,9.50,188606,1809906.00
2022-08-03,9.50,9.67,9.49,9.52,84938,810008.19
2022-08-04,9.50,9.57,9.50,9.55,37602,358187.44
2022-08-05,9.43,9.76,9.43,9.65,86704,833034.56
2022-08-08,9.69,9.69,9.53,9.66,52541,506691.06
2022-08-09,9.74,9.74,9.60,9.67,73300,705960.00
2022-08-10,9.60,9.71,9.59,9.65,52262,503562.34
2022-08-11,9.70,9.97,9.70,9.84,131863,1301368.50
2022-08-12,9.79,9.90,9.79,9.82,54141,532491.13
2022-08-15,9.74,9.85,9.72,9.80,42442,414149.09
2022-08-16,9.90,9.90,9.62,9.74,100446,975520.69
2022-08-17,9.70,9.74,9.65,9.73,24683,239760.59
2022-08-18,9.76,9.76,9.63,9.65,76953,744293.44
2022-08-19,9.62,9.80,9.60,9.60,52866,509424.69
2022-08-22,9.59,9.60,9.38,9.60,91372,871239.44
2022-08-23,9.74,9.74,9.51,9.60,31659,302814.44
2022-08-24,9.52,9.56,9.20,9.42,166945,1568117.00
2022-08-25,9.60,9.86,9.52,9.62,309138,2981120.75
2022-08-26,9.69,9.81,9.58,9.68,148216,1439508.50
2022-08-29,9.61,9.77,9.55,9.71,107679,1039343.56
2022-08-30,9.82,9.82,9.66,9.76,45601,443398.66
2022-08-31,9.84,10.00,9.74,9.90,201076,1991834.38
2022-09-01,9.92,9.97,9.80,9.91,104575,1034008.38
2022-09-02,9.92,9.95,9.75,9.92,85571,847441.00
2022-09-05,10.10,10.58,10.02,10.39,544394,5651264.50
2022-09-06,10.23,10.50,10.23,10.26,253628,2634439.75
2022-09-07,10.31,10.51,10.26,10.48,263768,2747216.50
2022-09-08,10.40,10.58,10.29,10.48,260253,2715247.00
2022-09-09,10.55,10.55,10.33,10.40,120954,1257253.00
2022-09-13,10.48,10.48,10.32,10.33,98052,1018289.50
2022-09-14,10.27,10.33,10.11,10.17,231324,2366223.75
2022-09-15,10.19,10.19,9.88,9.96,279292,2782783.00
2022-09-16,9.91,10.62,9.91,10.61,922980,9627433.00
2022-09-19,10.73,11.99,10.73,11.00,1022542,11487911.00
2022-09-20,11.10,11.35,10.68,11.33,555146,6164673.00
2022-09-21,11.11,12.17,11.11,11.87,1000577,11806541.00
2022-09-22,11.87,12.38,11.25,11.31,947689,11136254.00
2022-09-23,11.30,11.45,10.75,10.93,621997,6823492.00
2022-09-26,10.90,11.03,10.20,10.30,305074,3245015.75
2022-09-27,10.35,10.58,10.18,10.33,447975,4620706.00
2022-09-28,10.35,10.49,10.29,10.36,126465,1308321.50
2022-09-29,10.40,10.40,10.04,10.09,189771,1940843.25
2022-09-30,10.18,10.18,9.88,10.02,232596,2329703.25
2022-10-10,10.02,10.08,9.90,9.91,73354,734262.19
2022-10-11,9.94,10.05,9.81,9.83,198356,1965490.25
2022-10-12,9.95,10.05,9.83,10.02,129266,1284744.13
2022-10-13,10.02,10.89,10.02,10.59,506065,5322181.50
2022-10-14,10.60,10.85,10.41,10.73,304084,3243350.00
2022-10-17,10.70,10.94,10.58,10.87,204247,2197995.50
2022-10-18,10.76,11.50,10.76,11.33,540319,6077645.50
2022-10-19,11.41,11.41,10.73,10.93,346578,3817329.50
2022-10-20,11.00,11.04,10.75,10.92,90176,984208.06
2022-10-21,10.85,11.33,10.85,11.15,253175,2816749.00
2022-10-24,11.36,11.36,10.75,10.76,270772,2960838.50
2022-10-25,10.76,10.81,10.60,10.63,112247,1199415.88
2022-10-26,10.63,10.97,10.63,10.86,155671,1689158.75
2022-10-27,10.78,10.95,10.78,10.93,107690,1168962.50
2022-10-28,11.23,12.82,11.13,12.02,1843556,22350410.00
2022-10-31,12.30,15.62,11.98,15.62,5285939,75617520.00
2022-11-01,15.00,15.43,14.00,14.14,3557454,51103276.00
2022-11-02,14.14,15.53,14.14,14.30,3235565,47715588.00
2022-11-03,14.09,14.10,13.10,13.10,2703244,35788068.00
2022-11-04,13.17,13.25,12.88,13.00,1516488,19747438.00
2022-11-07,13.40,13.99,13.28,13.69,2093008,28721614.00
2022-11-08,13.40,13.86,13.00,13.46,1246057,16693982.00
2022-11-09,13.46,13.58,13.09,13.13,829097,10963230.00
2022-11-10,13.00,13.25,12.80,13.13,722918,9461368.00
2022-11-11,13.23,13.47,13.01,13.03,704754,9273603.00
2022-11-14,13.04,13.27,13.02,13.08,389262,5094067.00
2022-11-15,13.08,14.22,12.99,13.89,1060640,14506816.00
2022-11-16,14.05,14.05,13.32,13.60,500414,6812287.00
2022-11-17,13.70,14.24,13.62,14.05,805180,11292985.00
2022-11-18,14.20,14.20,13.66,13.70,448591,6187922.50
2022-11-21,13.99,14.40,13.75,13.90,551929,7770051.00
2022-11-22,13.82,13.97,13.34,13.42,486467,6615803.00
2022-11-23,13.58,13.59,13.10,13.10,314919,4162247.00
2022-11-24,13.30,13.93,13.30,13.39,454093,6199844.50
2022-11-25,13.35,13.84,13.26,13.35,425970,5745445.00
2022-11-28,13.20,13.65,13.20,13.36,276561,3718881.25
2022-11-29,13.50,13.59,13.30,13.32,300417,4028555.75
2022-11-30,13.32,13.44,13.19,13.28,248963,3312037.00
2022-12-01,13.27,13.48,13.23,13.40,316174,4228674.00
2022-12-02,13.35,13.63,13.18,13.44,257425,3448889.00
2022-12-05,13.27,13.47,13.27,13.37,244905,3266543.75
2022-12-06,13.32,13.39,13.16,13.19,296052,3926019.75
2022-12-07,13.19,13.19,12.68,12.74,407814,5242596.00
2022-12-08,12.75,12.76,12.35,12.35,285533,3567507.50
2022-12-09,12.36,12.57,12.20,12.52,178986,2209288.00
2022-12-12,12.52,12.52,12.22,12.33,85407,1051225.38
2022-12-13,12.29,12.34,12.12,12.20,114246,1396769.38
2022-12-14,12.44,12.44,12.16,12.33,84134,1036275.38
2022-12-15,12.42,12.42,12.18,12.32,84272,1034277.81
2022-12-16,12.29,12.39,12.21,12.33,74221,910677.13
2022-12-19,12.15,12.30,12.07,12.20,62648,763135.94
2022-12-20,12.33,13.00,12.33,12.59,337752,4310452.00
2022-12-21,12.51,12.76,12.35,12.40,138027,1714421.75
2022-12-22,12.30,12.66,12.22,12.39,122342,1505829.25
2022-12-23,12.25,12.58,12.22,12.34,105896,1312181.63
2022-12-26,12.30,12.77,12.30,12.32,70576,875009.75
2022-12-27,12.33,12.44,12.21,12.40,73023,900547.38
2022-12-28,12.25,12.49,12.25,12.27,59348,729785.31
2022-12-29,12.23,12.33,12.15,12.18,107963,1320242.75
2022-12-30,12.42,12.42,12.18,12.33,80183,984196.63
2023-01-03,12.43,12.65,12.25,12.50,268915,3373089.75
2023-01-04,12.60,12.66,12.40,12.53,260079,3254959.50
2023-01-05,12.50,12.51,12.31,12.41,170706,2117416.75
2023-01-06,12.41,12.49,12.21,12.38,123424,1523265.00
2023-01-09,12.53,12.53,12.30,12.36,125549,1554959.38
2023-01-10,12.44,12.46,12.32,12.37,106488,1318121.00
2023-01-11,12.35,12.50,12.35,12.44,92014,1145094.88
2023-01-12,12.40,12.51,12.32,12.32,51539,637532.69
2023-01-13,12.27,12.37,12.24,12.24,49461,607310.63
2023-01-16,12.40,12.60,12.40,12.42,125952,1572538.75
2023-01-17,12.41,12.56,12.41,12.48,109647,1369965.25
2023-01-18,12.48,12.59,12.48,12.56,123332,1548383.13
2023-01-19,12.52,12.78,12.51,12.71,223530,2830856.50
2023-01-20,12.68,12.93,12.68,12.91,180206,2315884.75
2023-01-30,13.00,13.57,13.00,13.24,260340,3461894.75
2023-01-31,13.18,14.22,13.06,14.00,1079499,14976082.00
2023-02-01,14.11,14.36,13.76,14.05,1094786,15479498.00
2023-02-02,13.90,14.26,13.71,13.75,605533,8397641.00
2023-02-03,13.76,14.89,13.76,14.50,1128920,16388383.00
2023-02-06,14.31,14.51,14.14,14.25,474280,6769001.50
2023-02-07,14.36,14.53,14.10,14.24,279880,3976594.50
2023-02-08,14.50,14.50,13.92,13.97,223551,3153822.50
2023-02-09,14.12,14.19,13.92,14.04,254433,3572542.75
2023-02-10,14.10,14.10,13.83,13.91,265599,3704973.25
2023-02-13,13.95,14.50,13.95,14.00,512964,7283437.50
2023-02-14,14.01,14.28,14.01,14.14,216458,3054986.25
2023-02-15,14.25,14.37,14.02,14.26,200436,2835700.25
2023-02-16,14.16,14.83,14.12,14.21,648364,9433733.00
2023-02-17,14.21,14.46,13.86,13.92,379262,5336991.50
2023-02-20,13.92,14.30,13.81,14.10,193392,2709933.25
2023-02-21,14.08,14.17,13.93,14.07,206641,2894204.50
2023-02-22,13.91,14.04,13.91,14.00,62353,870212.50
2023-02-23,14.08,14.10,13.71,13.71,188453,2612214.00
2023-02-24,13.71,13.90,13.40,13.49,394443,5369588.50
2023-02-27,13.50,13.66,13.30,13.32,199435,2673084.75
2023-02-28,13.74,14.50,13.68,13.98,799171,11235454.00
2023-03-01,13.72,13.93,13.55,13.88,450247,6197023.50
2023-03-02,13.94,13.94,13.43,13.52,460313,6260839.00
2023-03-03,13.40,13.66,13.36,13.46,150951,2028966.13
2023-03-06,13.50,13.50,13.33,13.37,89031,1192052.25
2023-03-07,13.36,13.49,13.22,13.27,99659,1328613.75
2023-03-08,13.31,13.47,13.31,13.41,109839,1470703.88
2023-03-09,13.53,13.53,13.33,13.35,141436,1891630.25
2023-03-10,13.27,13.44,13.23,13.33,111806,1490292.50
2023-03-13,13.39,13.45,13.33,13.43,108570,1453982.50
2023-03-14,13.35,13.45,13.16,13.27,129913,1729805.38
2023-03-15,13.22,13.42,13.22,13.29,92659,1236492.75
2023-03-16,13.20,13.41,13.16,13.17,119452,1586017.88
2023-03-17,13.18,13.46,13.18,13.40,216810,2905715.50
2023-03-20,13.27,13.48,13.27,13.38,123412,1655121.88
2023-03-21,13.40,13.56,13.34,13.45,136829,1842294.63
2023-03-22,13.40,13.66,13.40,13.58,253716,3449035.25
2023-03-23,13.63,13.67,13.49,13.51,157139,2128829.00
2023-03-24,13.63,15.55,13.52,14.97,2939049,43565360.00
2023-03-27,15.00,15.25,14.38,14.81,2226445,33129984.00
2023-03-28,14.58,14.80,14.22,14.28,863585,12433150.00
2023-03-29,14.15,15.15,14.15,14.63,1303170,19335620.00
2023-03-30,14.65,14.78,14.00,14.15,821187,11687035.00
2023-03-31,14.20,14.29,14.01,14.19,511903,7252466.00
2023-04-03,14.20,14.84,14.18,14.62,662005,9607744.00
2023-04-04,14.65,14.99,14.50,14.78,796903,11774743.00
2023-04-06,14.61,14.61,14.22,14.26,679088,9758436.00
2023-04-07,14.20,14.44,14.16,14.36,356191,5097044.50
2023-04-10,14.39,14.39,13.85,13.98,443539,6240853.50
2023-04-11,13.90,14.17,13.83,14.01,207383,2904938.00
2023-04-12,14.01,14.28,14.00,14.23,281522,3987393.50
2023-04-13,14.07,14.48,14.07,14.32,299540,4276603.50
2023-04-14,14.35,14.39,13.98,14.06,323563,4559627.50
2023-04-17,14.03,14.18,13.94,13.98,188837,2643982.50
2023-04-18,13.94,14.13,13.87,13.94,132409,1846905.63
2023-04-19,13.91,14.62,13.91,14.42,837281,12067014.00
2023-04-20,14.37,14.54,14.14,14.49,391737,5615797.50
2023-04-21,14.31,14.56,13.80,14.04,325274,4626507.50
2023-04-24,14.00,14.76,14.00,14.60,972634,14137020.00
2023-04-25,14.65,14.68,14.23,14.50,464282,6688253.00
2023-04-26,14.50,14.50,13.87,14.20,713774,10090126.00
2023-04-27,14.29,14.29,13.92,13.95,453649,6380093.00
2023-04-28,13.89,13.89,12.50,13.20,1211068,16066342.00
2023-05-04,13.30,13.30,12.82,12.96,482487,6256588.00
2023-05-05,12.97,15.16,12.94,14.80,2826830,40684300.00
2023-05-08,14.81,15.10,14.27,14.99,3037541,45153400.00
2023-05-09,15.12,15.29,14.19,14.20,1734347,25216084.00
2023-05-10,13.91,14.08,13.50,13.55,955955,13106111.00
2023-05-11,13.60,14.62,13.53,14.17,1099122,15603715.00
2023-05-12,14.00,14.99,13.87,14.18,1154260,16659700.00
2023-05-15,14.02,14.45,13.61,14.17,765956,10676909.00
2023-05-16,13.97,14.37,13.82,13.87,465185,6541113.00
2023-05-17,13.87,14.65,13.79,14.48,1001617,14401954.00
2023-05-18,14.51,15.02,14.30,14.96,1752876,25931348.00
2023-05-19,14.94,16.74,14.61,15.94,3263623,51422892.00
2023-05-22,15.85,16.57,15.46,15.90,1876572,29918014.00
2023-05-23,15.66,15.88,15.33,15.66,1055837,16416020.00
2023-05-24,15.76,16.24,15.13,15.19,1520494,23728024.00
2023-05-25,15.04,15.57,14.91,15.20,834853,12692624.00
2023-05-26,15.18,15.66,14.70,15.44,1256961,19080402.00
2023-05-29,15.44,15.44,15.05,15.11,767171,11670410.00
2023-05-30,15.07,15.32,14.85,15.22,506094,7666077.00
2023-05-31,15.13,15.18,14.78,14.78,663385,9891542.00
2023-06-01,14.74,15.08,14.71,14.80,478137,7110606.50
2023-06-02,14.95,14.95,14.53,14.92,349510,5179327.50
2023-06-05,14.91,15.40,14.91,15.18,388049,5863232.50
2023-06-06,15.09,15.56,15.08,15.15,482563,7387227.00
2023-06-07,15.07,15.28,14.96,15.22,303589,4602920.50
2023-06-08,15.23,15.40,14.91,15.05,462752,6980044.50
2023-06-09,14.92,15.03,14.53,14.84,612024,9017927.00
2023-06-12,14.60,14.80,14.51,14.69,266242,3895604.00
2023-06-13,14.59,14.76,14.21,14.49,445013,6432815.00
2023-06-14,14.54,14.67,14.42,14.50,331343,4830602.50
2023-06-15,14.52,14.65,14.31,14.50,267589,3876406.00
2023-06-16,14.56,14.77,14.40,14.69,345860,5050632.00
2023-06-19,14.47,14.67,14.38,14.50,334013,4844837.50
2023-06-20,14.48,14.58,14.42,14.55,253887,3681949.25
2023-06-21,14.61,14.62,14.11,14.30,635664,9088640.00
2023-06-26,14.15,14.15,13.35,13.44,795756,10984616.00
2023-06-27,13.45,13.82,13.45,13.65,294684,4027017.75
2023-06-28,13.64,13.73,13.10,13.31,412790,5474084.50
2023-06-29,13.46,13.63,13.22,13.52,270303,3629327.75
2023-06-30,13.40,13.80,13.34,13.77,280188,3823346.25
2023-07-03,13.80,13.83,13.64,13.70,114070,1562250.75
2023-07-04,13.65,13.77,13.50,13.70,243313,3306588.00
2023-07-05,13.85,13.85,13.66,13.83,227613,3135231.25
2023-07-06,13.71,13.85,13.61,13.84,287047,3937388.00
2023-07-07,13.82,13.84,13.58,13.74,156289,2137260.25
2023-07-10,13.50,13.70,13.50,13.56,88679,1205905.63
2023-07-11,13.56,13.65,13.46,13.61,98992,1338927.50
2023-07-12,13.49,13.60,13.41,13.49,98137,1321726.88
2023-07-13,13.48,13.65,13.44,13.59,96729,1313422.50
2023-07-14,13.63,14.07,13.63,13.93,321882,4478299.50
2023-07-17,14.00,14.28,13.88,13.88,295253,4154372.50
2023-07-18,13.98,14.00,13.72,13.85,164429,2271074.25
2023-07-19,13.68,13.89,13.43,13.58,221528,3018137.00
2023-07-20,13.61,13.70,13.42,13.59,117551,1591480.88
2023-07-21,13.40,13.59,13.36,13.47,148934,2001405.88
2023-07-24,13.41,13.58,13.38,13.48,104446,1406285.50
2023-07-25,13.54,13.65,13.48,13.63,115890,1569398.38
2023-07-26,13.50,13.66,13.42,13.45,89526,1206550.25
2023-07-27,13.45,13.64,13.36,13.45,87942,1178431.50
2023-07-28,13.39,13.70,13.31,13.50,140442,1899254.00
2023-07-31,13.68,13.80,13.55,13.67,208167,2843729.50
2023-08-01,13.59,13.70,13.50,13.60,147458,1998784.88
2023-08-02,13.50,13.60,13.50,13.57,94454,1278602.63
2023-08-03,13.37,13.59,13.37,13.53,69455,936190.31
2023-08-04,13.46,13.80,13.46,13.68,216425,2958091.00
2023-08-07,13.52,13.74,13.51,13.65,155567,2114831.00
2023-08-08,13.52,13.67,13.46,13.56,125792,1700531.25
2023-08-09,13.56,13.62,13.45,13.45,130923,1767987.25
2023-08-10,13.58,13.64,13.43,13.56,132958,1798145.38
2023-08-11,13.61,13.61,13.15,13.28,144955,1931490.25
2023-08-14,13.37,13.37,13.18,13.28,67204,889781.38
2023-08-15,13.12,13.33,13.03,13.17,87792,1152273.88
2023-08-16,13.17,13.22,13.03,13.05,81409,1067203.38
2023-08-17,13.13,13.26,12.95,13.14,138731,1813479.38
2023-08-18,13.07,13.10,12.84,12.90,181540,2348631.75
2023-08-21,12.92,12.99,12.63,12.65,98605,1261375.75
2023-08-22,12.65,14.50,12.65,14.10,1795561,24665182.00
2023-08-23,14.24,14.24,13.22,13.24,1297794,17830016.00
2023-08-24,13.24,14.14,13.11,13.37,1049672,14379053.00
2023-08-25,12.68,12.68,11.59,11.59,1398052,16843922.00
2023-08-28,12.17,12.26,11.60,11.60,451495,5338392.00
2023-08-29,11.61,12.02,11.50,11.95,624450,7410382.00
2023-08-30,11.82,12.18,11.60,12.05,595823,7133248.00
2023-08-31,12.10,12.18,11.91,12.06,266957,3208655.25
2023-09-01,11.96,12.37,11.91,12.08,456259,5538661.50
2023-09-04,12.44,13.43,12.44,12.94,1875897,24308876.00
2023-09-05,12.80,12.95,12.36,12.60,919029,11588113.00
2023-09-06,12.31,12.53,12.26,12.44,666238,8232845.00
2023-09-07,12.56,12.57,12.11,12.28,390519,4833673.50
2023-09-08,12.32,12.39,12.10,12.29,306890,3748449.50
2023-09-11,12.25,12.36,12.16,12.32,142496,1747439.38
2023-09-12,12.20,12.36,12.16,12.26,191061,2344625.75
2023-09-13,12.18,12.23,11.95,11.99,280657,3379488.75
2023-09-14,12.01,12.16,11.96,12.08,153036,1846260.50
2023-09-15,12.08,12.17,12.00,12.14,164061,1990170.63
2023-09-18,11.93,12.18,11.93,12.10,104431,1256187.50
2023-09-19,11.97,12.08,11.90,12.00,116383,1390913.00
2023-09-20,11.91,12.00,11.87,11.94,75720,902219.88
2023-09-21,11.89,11.96,11.75,11.75,72647,858695.25
2023-09-22,11.70,11.93,11.60,11.90,136993,1618051.25
2023-09-25,11.94,11.94,11.76,11.86,170751,2015175.13
2023-09-26,11.80,11.89,11.63,11.77,163311,1911773.50
2023-09-27,11.79,11.86,11.66,11.84,88449,1039748.19
2023-09-28,11.76,12.06,11.76,12.05,153950,1838201.63
2023-10-09,12.20,12.20,11.88,11.93,107073,1286505.88
2023-10-10,11.99,12.18,11.95,12.02,88190,1063640.00
2023-10-11,12.14,12.14,11.85,11.97,114980,1371914.38
2023-10-12,12.00,12.00,11.82,11.86,81436,965809.50
2023-10-13,11.78,11.89,11.53,11.80,152012,1772372.13
2023-10-16,11.68,11.76,11.50,11.73,79918,925123.94
2023-10-17,11.73,11.73,11.41,11.67,129665,1495999.63
2023-10-18,11.55,11.55,11.20,11.42,219312,2482537.50
2023-10-19,11.22,11.45,11.12,11.13,116018,1301293.75
2023-10-20,11.07,11.10,10.70,10.78,195474,2123450.50
2023-10-23,10.78,10.91,10.36,10.53,157646,1668977.63
2023-10-24,10.62,10.79,10.30,10.48,119426,1258562.00
2023-10-25,10.67,11.46,10.46,10.90,202529,2152619.50
2023-10-26,10.80,11.18,10.49,10.99,163659,1783155.00
2023-10-27,10.80,11.20,10.77,11.14,173276,1923764.13
2023-10-30,11.54,12.28,11.50,11.99,939328,11237448.00
2023-10-31,11.90,12.04,11.73,11.88,353482,4202171.50
2023-11-01,11.85,12.09,11.81,11.88,172077,2051970.50
2023-11-02,11.83,11.97,11.76,11.85,189345,2239917.00
2023-11-03,11.76,12.00,11.75,11.95,195283,2331364.50
2023-11-06,11.86,12.18,11.86,12.09,427234,5142300.00
2023-11-07,12.16,12.38,12.01,12.28,359616,4385781.50
2023-11-08,12.36,13.14,12.36,12.67,1173551,15038846.00
2023-11-09,12.61,12.90,12.40,12.69,486191,6152524.50
2023-11-10,12.67,12.76,12.45,12.52,421226,5313710.50
2023-11-13,12.54,12.97,12.53,12.80,341743,4363235.50
2023-11-14,12.88,13.99,12.81,13.55,1688340,22726760.00
2023-11-15,13.77,14.26,13.60,13.85,1753679,24578838.00
2023-11-16,13.65,14.16,13.39,13.73,981252,13513577.00
2023-11-17,13.65,13.97,13.58,13.87,644312,8879400.00
2023-11-20,13.99,14.99,13.98,14.83,1649230,24183706.00
2023-11-21,15.20,17.48,14.95,15.88,5401630,87880824.00
2023-11-22,16.40,20.64,16.06,20.64,11301430,216561392.00
2023-11-23,21.00,24.89,20.10,22.00,14826363,331907264.00
2023-11-24,22.20,24.90,20.65,23.24,12264414,280981696.00
2023-11-27,24.38,28.00,23.99,26.39,14239592,366883328.00
2023-11-28,23.00,25.66,22.36,23.15,11025696,263835536.00
2023-11-29,22.98,24.62,21.33,21.69,7669913,178929392.00
2023-11-30,22.18,24.38,21.11,22.85,6743084,155123040.00
2023-12-01,22.50,25.18,22.01,24.00,8677780,207237904.00
2023-12-04,23.80,24.96,22.30,23.32,7077707,168188496.00
2023-12-05,22.77,26.80,22.02,25.30,10445431,257928608.00
2023-12-06,24.70,26.20,23.66,24.19,6915108,169837856.00
2023-12-07,24.30,27.61,23.85,25.86,9297683,240513712.00
2023-12-08,26.70,27.15,25.10,26.05,6955049,180679456.00
2023-12-11,26.18,26.70,24.02,24.80,5627261,142065872.00
2023-12-12,24.61,26.08,24.10,25.10,4453514,112260184.00
2023-12-13,25.36,25.60,24.61,25.27,6155598,154944032.00
2023-12-14,24.84,25.70,23.70,23.91,7472789,185442992.00
2023-12-15,23.69,23.95,22.52,22.88,4963212,114549376.00
2023-12-18,23.51,25.88,23.41,24.70,7597176,188277536.00
2023-12-19,24.30,24.87,23.42,24.07,4414830,105586472.00
2023-12-20,24.02,25.30,23.66,24.95,5779732,143715584.00
2023-12-21,25.43,25.43,19.50,21.80,7158033,166030736.00
2023-12-22,21.35,22.13,20.41,21.50,3918483,83389552.00
2023-12-25,21.60,22.16,21.20,22.16,3502877,76301688.00
2023-12-26,22.16,22.46,20.80,21.82,3346141,73094496.00
2023-12-27,21.59,23.51,21.51,22.48,4282454,97164776.00
2023-12-28,21.99,22.98,21.81,22.50,3543331,79297296.00
2023-12-29,22.77,24.30,22.34,23.96,4420019,104134432.00
2024-01-02,24.04,25.87,23.63,24.76,5493899,136676816.00
2024-01-03,24.97,24.97,24.00,24.45,3276830,79688080.00
2024-01-04,24.50,25.48,24.00,24.88,3823194,94843208.00
2024-01-05,26.71,28.35,24.22,24.47,7913655,209390192.00
2024-01-08,23.42,24.09,22.38,22.95,5071806,117454824.00
2024-01-09,22.80,23.26,21.22,21.52,3364437,74598016.00
2024-01-10,21.44,21.87,21.05,21.60,1760911,37831560.00
2024-01-11,21.63,22.53,21.52,22.24,1974214,43654612.00
2024-01-12,22.07,22.45,19.99,19.99,3282824,68937776.00
2024-01-15,19.77,20.48,19.31,19.46,1877739,37334640.00
2024-01-16,19.78,20.80,18.30,20.57,3528207,69518752.00
2024-01-17,20.09,21.08,19.81,20.00,2735038,56189032.00
2024-01-18,19.62,20.93,19.62,20.72,2576678,52525592.00
2024-01-19,20.88,21.58,20.58,21.36,2685577,56952184.00
2024-01-22,21.31,21.70,20.07,20.53,2648436,55660024.00
2024-01-23,20.30,20.96,20.08,20.84,1825922,37616924.00
2024-01-24,20.84,21.10,19.65,20.59,1852387,37634348.00
2024-01-25,20.47,20.69,19.68,19.89,2379455,48032988.00
2024-01-26,20.00,20.42,19.50,19.57,1602061,32047316.00
2024-01-29,19.18,19.42,17.47,17.47,2541933,46575016.00
2024-01-30,17.20,17.89,16.70,17.09,1645244,28225062.00
2024-01-31,17.01,17.70,16.77,17.00,1878246,32375388.00
2024-02-01,17.14,17.14,16.16,16.26,1625631,27128280.00
2024-02-02,16.50,16.66,13.78,14.88,2715189,41461180.00
2024-02-05,14.51,15.15,13.41,14.19,2067392,29563282.00
2024-02-06,14.20,15.99,14.00,15.93,2883871,43798920.00
2024-02-07,16.00,17.33,15.85,16.29,3828781,63663992.00
2024-02-08,16.30,17.28,15.41,17.00,2751192,44958252.00
2024-02-19,17.78,19.84,17.78,19.13,4416123,83202056.00
2024-02-20,19.10,19.30,18.50,19.18,3001876,57040672.00
2024-02-21,18.83,19.45,18.60,18.61,2735576,52153824.00
2024-02-22,19.00,20.16,18.81,19.24,3186270,62150428.00
2024-02-23,19.56,19.66,18.60,18.75,2587000,49031568.00
2024-02-26,18.33,18.84,18.00,18.46,2017055,37234996.00
2024-02-27,18.75,19.88,18.75,19.81,3084229,59795256.00
2024-02-28,19.80,20.58,18.76,18.87,3424990,67579256.00
2024-02-29,18.41,19.38,18.39,19.34,2423351,46035072.00
2024-03-01,19.00,19.19,18.77,18.98,2930560,55565484.00
2024-03-04,18.97,19.00,17.68,18.10,2963863,53819548.00
2024-03-05,17.85,17.97,17.12,17.16,2500487,43576348.00
2024-03-06,17.39,17.88,17.20,17.51,1876231,32844562.00
2024-03-07,17.69,17.70,16.61,16.72,1881471,32169214.00
2024-03-08,16.72,16.99,16.31,16.64,1338909,22266676.00
2024-03-11,16.64,16.88,16.37,16.87,1634017,27126502.00
2024-03-12,17.00,17.43,16.85,17.22,1666193,28538408.00
2024-03-13,17.17,17.45,16.64,16.70,1246073,21187728.00
2024-03-14,16.84,17.00,16.04,16.22,1179721,19411476.00
2024-03-15,16.33,17.38,16.18,17.18,2578057,43784872.00
2024-03-18,17.21,17.43,16.81,17.36,1794363,30855022.00
2024-03-19,17.50,17.77,17.04,17.04,1420208,24768856.00
2024-03-20,17.04,17.27,16.90,17.21,1256958,21494040.00
2024-03-21,17.22,17.29,16.80,16.83,1266458,21459744.00
2024-03-22,16.93,17.08,16.56,16.78,904516,15199199.00
2024-03-25,16.90,17.29,16.55,16.59,1322012,22475840.00
2024-03-26,16.40,16.56,15.83,16.02,1073508,17346038.00
2024-03-27,15.95,16.60,15.72,15.72,1300471,21131672.00
2024-03-28,15.66,16.33,15.55,15.85,1007309,16007457.00
2024-03-29,15.68,16.05,15.68,15.87,593318,9408777.00
2024-04-01,16.07,16.10,15.90,16.03,692815,11092177.00
2024-04-02,16.08,16.10,15.61,15.67,693632,10973787.00
2024-04-03,15.86,15.86,15.18,15.21,765151,11769777.00
2024-04-08,15.00,15.13,14.36,14.46,854702,12545547.00
2024-04-09,14.64,14.74,14.43,14.59,530622,7714392.50
2024-04-10,14.52,15.50,14.35,14.99,1633111,24638326.00
2024-04-11,14.86,14.89,14.61,14.61,778454,11447328.00
2024-04-12,14.79,14.79,14.40,14.41,444820,6475047.50
2024-04-15,14.43,14.56,13.50,13.85,811644,11332666.00
2024-04-16,13.92,13.92,12.85,12.95,1018597,13407025.00
2024-04-17,13.18,14.08,13.18,14.08,1161489,15961121.00
2024-04-18,14.00,14.36,13.71,13.97,1057648,14880101.00
2024-04-19,13.90,13.97,13.48,13.56,694816,9498844.00
2024-04-22,14.80,15.66,14.50,14.56,2713199,40590500.00
2024-04-23,14.12,14.96,14.12,14.65,1809031,26246348.00
2024-04-24,15.08,16.20,15.08,15.62,2804632,44221752.00
2024-04-25,15.09,15.60,14.85,14.98,2072488,31410612.00
2024-04-26,14.50,14.69,13.91,14.60,3373280,48205400.00
2024-04-29,14.39,14.48,14.03,14.23,2548719,36306652.00
2024-04-30,14.55,14.61,13.98,14.00,1547810,22065244.00
2024-05-06,14.14,14.25,13.73,13.79,1426393,19797570.00
2024-05-07,13.84,13.95,13.75,13.92,1071771,14851528.00
2024-05-08,13.90,13.94,13.52,13.59,1033875,14151876.00
2024-05-09,13.50,13.80,13.45,13.60,784878,10669951.00
2024-05-10,13.61,13.69,13.31,13.33,750036,10062080.00
2024-05-13,13.25,13.37,12.92,13.03,568299,7462159.00
2024-05-14,13.00,13.19,13.00,13.12,421087,5512030.00
2024-05-15,13.30,13.80,13.20,13.30,1242417,16768085.00
2024-05-16,13.60,13.60,13.09,13.18,691961,9209784.00
2024-05-17,13.27,13.27,13.01,13.16,522018,6842435.00
2024-05-20,13.01,13.18,13.01,13.12,511227,6691503.00
2024-05-21,13.30,13.30,12.97,13.01,528657,6908937.00
2024-05-22,12.95,13.40,12.95,13.26,747713,9854213.00
2024-05-23,13.26,14.26,13.04,13.78,2367993,32583932.00
2024-05-24,13.03,13.68,12.96,13.02,1754643,23158734.00
2024-05-27,13.06,13.06,12.80,12.88,765906,9866074.00
2024-05-28,13.03,13.28,12.80,12.88,872590,11364909.00
2024-05-29,12.99,13.00,12.33,12.56,1059875,13497418.00
2024-05-30,12.56,12.63,12.08,12.13,1057357,12958588.00
2024-05-31,12.07,12.25,12.07,12.18,441594,5367790.00
2024-06-03,12.07,12.17,11.45,11.58,1579902,18411514.00
2024-06-04,11.60,11.64,11.35,11.46,645166,7408577.50
2024-06-05,11.24,11.43,10.95,11.09,1352698,15007686.00
2024-06-06,11.13,11.14,10.61,10.66,965628,10434557.00
2024-06-07,10.95,11.13,10.68,10.78,628464,6857228.50
2024-06-11,10.92,11.30,10.75,11.30,994144,10982973.00
2024-06-12,11.45,11.64,11.17,11.31,1308411,14829287.00
2024-06-13,11.25,11.33,11.08,11.21,714159,7988030.00
2024-06-14,11.29,11.48,11.16,11.37,726242,8244964.00
2024-06-17,11.15,11.29,10.94,11.04,531310,5880998.00
2024-06-18,10.94,11.29,10.94,11.26,471945,5256271.50
2024-06-19,11.35,12.68,11.22,11.90,2552002,30632582.00
2024-06-20,12.00,12.07,11.60,11.78,1344791,15835568.00
2024-06-21,11.60,12.50,11.60,12.23,1923768,23378762.00
2024-06-24,12.07,12.07,11.51,11.54,1039611,12268381.00
2024-06-25,11.54,12.24,11.33,11.70,1095732,12884527.00
2024-06-26,11.65,12.88,11.65,12.50,2299946,28573454.00
2024-06-27,12.31,12.44,12.11,12.21,1399097,17112926.00
2024-06-28,12.35,12.35,12.01,12.06,869013,10584580.00
2024-07-01,11.95,12.26,11.89,12.06,562179,6760887.00
2024-07-02,12.10,12.66,11.97,12.25,1253933,15523115.00
2024-07-03,12.08,12.38,11.80,11.90,933161,11181226.00
2024-07-04,11.92,12.21,11.50,11.50,725165,8612689.00
2024-07-05,11.45,11.50,11.09,11.22,1059970,11890867.00
2024-07-08,11.16,11.27,10.45,10.52,1118571,12005335.00
2024-07-09,10.65,10.95,10.33,10.92,808623,8648574.00
2024-07-10,10.84,11.00,10.63,10.63,721437,7841568.50
2024-07-11,10.94,11.14,10.78,11.07,875682,9617195.00
2024-07-12,11.12,11.22,10.95,11.03,726452,8032875.00
2024-07-15,11.06,11.06,10.74,10.95,507482,5510701.00
2024-07-16,10.80,11.76,10.80,11.67,1649510,18819186.00
2024-07-17,11.51,13.05,11.51,12.89,4237706,53229272.00
2024-07-18,12.51,13.90,12.51,12.69,4298255,56403876.00
2024-07-19,12.89,13.48,12.55,13.20,3405138,44418308.00
2024-07-22,13.58,13.99,13.04,13.20,3255829,44080072.00
2024-07-23,13.00,13.15,12.27,12.40,2302364,29254210.00
2024-07-24,12.48,12.68,11.70,11.81,1544534,18655798.00
2024-07-25,11.81,12.13,11.79,11.79,1199369,14290602.00
2024-07-26,11.90,12.05,11.60,12.05,1301155,15446006.00
2024-07-29,12.00,12.15,11.76,11.86,935923,11124530.00
2024-07-30,11.72,12.58,11.68,12.35,1814846,22123438.00
2024-07-31,12.36,12.93,12.12,12.70,1909090,23953992.00
2024-08-01,12.79,12.90,12.30,12.45,1571145,19713250.00
2024-08-02,12.12,12.56,12.08,12.08,1067477,13120351.00
2024-08-05,11.96,12.23,11.32,11.32,1197927,14106410.00
2024-08-06,11.60,11.63,11.31,11.52,638192,7314688.00
2024-08-07,11.55,11.76,11.38,11.48,589583,6823963.00
2024-08-08,11.44,11.48,11.16,11.20,731635,8257982.50
2024-08-09,11.31,11.43,11.15,11.22,488696,5513754.50
2024-08-12,11.18,11.37,11.06,11.13,389175,4361724.00
2024-08-13,11.20,11.35,11.06,11.25,308175,3462712.75
2024-08-14,11.23,11.43,11.20,11.27,377393,4264691.50
2024-08-15,11.22,11.66,11.21,11.54,822196,9407347.00
2024-08-16,11.44,11.66,11.43,11.56,652445,7530962.00
2024-08-19,11.66,11.66,11.31,11.51,587219,6726335.50
2024-08-20,11.47,11.88,11.30,11.61,960459,11159834.00
2024-08-21,11.56,11.76,11.50,11.66,506767,5899206.00
2024-08-22,11.55,11.75,11.10,11.11,1011942,11427400.00
2024-08-23,11.11,11.48,10.99,11.38,692625,7769701.50
2024-08-26,11.45,11.61,11.24,11.24,474413,5417482.50
2024-08-27,11.15,11.30,10.66,10.72,1116509,12138778.00
2024-08-28,10.61,11.05,10.61,10.84,764816,8285000.50
2024-08-29,10.74,10.98,10.63,10.76,481414,5200399.50
2024-08-30,10.78,11.17,10.71,11.08,840839,9255980.00
2024-09-02,11.07,11.23,10.65,10.69,658124,7160037.50
2024-09-03,10.83,10.88,10.67,10.77,357890,3856943.75
2024-09-04,10.68,10.75,10.40,10.46,553416,5860003.00
2024-09-05,10.70,10.85,10.45,10.59,669297,7113808.50
2024-09-06,10.50,10.74,10.44,10.46,710760,7489055.50
2024-09-09,10.44,10.60,10.24,10.42,636604,6651398.00
2024-09-10,10.43,10.54,10.21,10.41,776564,8042112.00
2024-09-11,10.34,10.45,10.24,10.31,541673,5599327.00
2024-09-12,10.33,10.43,10.05,10.13,1091320,11229791.00
2024-09-13,10.14,10.38,9.78,10.04,1741032,17496544.00
2024-09-18,10.01,10.01,9.72,9.80,924511,9088724.00
2024-09-19,9.92,10.05,9.80,9.97,672167,6683745.50
2024-09-20,9.98,10.28,9.94,10.08,1022910,10345522.00
2024-09-23,10.02,10.20,9.93,10.04,624046,6288792.50
2024-09-24,10.05,10.40,9.98,10.39,1063572,10883789.00
2024-09-25,10.44,10.75,10.40,10.48,1189745,12573026.00
2024-09-26,10.42,10.68,10.34,10.65,1194039,12613159.00
2024-09-27,10.75,13.14,10.74,12.46,4594117,55083444.00
2024-09-30,13.14,16.19,13.14,16.19,8733386,130220456.00
2024-10-08,20.98,21.04,18.79,21.04,10719711,216952064.00
2024-10-09,18.00,22.92,18.00,18.38,9352329,188336640.00
2024-10-10,20.52,22.50,18.38,18.48,8192546,165648304.00
2024-10-11,16.80,17.30,15.18,16.08,6162031,101028616.00
2024-10-14,16.40,17.99,15.51,17.81,5252252,88326376.00
2024-10-15,17.60,18.71,16.86,17.30,5418567,97257080.00
2024-10-16,16.58,17.72,16.14,17.40,3289066,56636536.00
2024-10-17,18.49,22.62,18.20,22.62,14885211,322564480.00
2024-10-18,24.00,29.00,21.87,27.90,19320785,482790656.00
2024-10-21,26.88,35.98,25.81,34.68,17035699,527644352.00
2024-10-22,33.00,33.00,26.00,26.31,14066250,411142816.00
2024-10-23,25.90,27.60,24.20,26.40,8601450,226145312.00
2024-10-24,25.46,28.51,25.00,27.05,8401027,223797552.00
2024-10-25,29.03,31.50,26.02,26.06,11524019,335407008.00
2024-10-28,25.00,26.49,24.10,25.96,6686434,169135456.00
2024-10-29,25.98,28.68,25.98,27.61,9069698,248198416.00
2024-10-30,26.20,27.36,24.88,26.56,7693553,199271520.00
2024-10-31,26.10,27.30,24.80,25.03,5974411,152449216.00
2024-11-01,25.17,25.79,20.60,21.07,6555280,148595088.00
2024-11-04,21.50,22.44,21.07,21.95,3368620,73252736.00
2024-11-05,22.00,25.00,22.00,24.62,6825238,163591824.00
2024-11-06,26.00,26.50,25.00,25.39,7980459,204988192.00
2024-11-07,24.73,27.90,24.00,27.77,8113741,211963488.00
2024-11-08,29.00,30.77,26.62,26.87,8565339,246526256.00
2024-11-11,25.55,28.25,25.55,27.85,5554508,151362576.00
2024-11-12,28.18,28.58,25.39,27.48,5252723,140397536.00
2024-11-13,27.20,27.55,25.67,27.39,3712374,99245440.00
2024-11-14,27.39,27.97,26.07,26.39,3060152,82816224.00
2024-11-15,26.39,28.70,26.39,27.58,7800276,216073504.00
2024-11-18,27.92,28.66,24.79,25.86,5376504,141936112.00
2024-11-19,24.80,25.89,22.71,25.25,4817943,117443280.00
2024-11-20,24.68,28.28,24.68,26.88,5955885,158973328.00
2024-11-21,26.77,29.99,25.87,29.32,10977204,315084448.00
2024-11-22,29.30,32.17,26.61,27.13,12012217,361316288.00
2024-11-25,26.30,28.30,25.51,28.22,7339793,197853984.00
2024-11-26,27.43,27.86,25.70,25.80,5035418,136042688.00
2024-11-27,25.13,26.55,24.02,26.47,4156289,104719032.00
2024-11-28,27.20,28.59,26.88,27.40,6356389,176322000.00
2024-11-29,29.03,32.58,27.71,29.86,12262426,368731488.00
2024-12-02,28.55,29.77,28.31,29.22,7879256,228050592.00
2024-12-03,29.22,29.22,29.22,29.22,0,0.00
#数据来源:通达信
