839946 华阳变速 日线 不复权
      日期	    开盘	    最高	    最低	    收盘	    成交量	    成交额
2016-11-25,10.00,10.00,10.00,10.00,1000,10000.00
2016-12-01,2.50,2.50,2.50,2.50,1000,2500.00
2016-12-05,1.50,2.00,1.50,1.75,2000,3500.00
2016-12-06,2.60,2.60,2.60,2.60,1000,2600.00
2017-11-02,3.88,3.88,3.88,3.88,1000,3880.00
2017-11-24,4.88,4.88,4.88,4.88,2000,9760.00
2018-01-10,5.00,5.00,5.00,5.00,10000,50000.00
2018-01-11,5.00,5.00,5.00,5.00,10000,50000.00
2018-01-12,5.00,5.00,5.00,5.00,10000,50000.00
2018-01-19,5.00,5.00,5.00,5.00,1000,5000.00
2018-01-23,5.00,5.00,5.00,5.00,9000,45000.00
2018-01-24,4.00,4.00,4.00,4.00,12000,48000.00
2018-01-25,5.00,5.00,5.00,5.00,3000,15000.00
2018-04-18,3.80,3.80,3.80,3.80,3000,11400.00
2018-09-06,3.80,3.80,3.80,3.80,1000,3800.00
2018-09-07,3.80,3.80,3.80,3.80,49000,186200.00
2019-01-25,3.80,3.80,3.80,3.80,5000,19000.00
2019-02-26,4.00,4.00,4.00,4.00,10000,40000.00
2019-02-27,4.00,4.00,4.00,4.00,1000,4000.00
2019-02-28,3.99,3.99,3.99,3.99,1000,3990.00
2019-03-12,3.80,3.80,3.80,3.80,6000,22800.00
2019-03-13,4.00,4.00,4.00,4.00,4000,16000.00
2019-03-14,4.00,4.00,4.00,4.00,1000,4000.00
2019-03-21,4.00,4.00,4.00,4.00,2000,8000.00
2019-03-25,4.00,4.00,4.00,4.00,1000,4000.00
2019-04-03,4.00,4.00,4.00,4.00,1000,4000.00
2019-04-11,3.00,3.00,3.00,3.00,10000,30000.00
2019-04-12,3.79,3.79,3.79,3.79,1000,3790.00
2019-05-08,3.00,3.00,3.00,3.00,1300,3900.00
2019-05-14,4.00,4.00,4.00,4.00,4000,16000.00
2019-05-15,4.00,4.00,4.00,4.00,900,3600.00
2019-05-29,4.00,4.00,4.00,4.00,1300,5200.00
2019-06-14,4.00,4.00,4.00,4.00,1300,5200.00
2019-07-05,4.00,4.00,4.00,4.00,1700000,6800000.00
2019-07-10,3.00,3.00,3.00,3.00,1669700,6667100.00
2019-07-11,3.80,3.80,3.80,3.80,15000,57000.00
2019-07-12,3.80,3.80,3.80,3.80,173000,692000.00
2019-07-15,4.00,4.00,4.00,4.00,13000,52000.00
2019-07-23,5.00,5.00,5.00,5.00,1000,5000.00
2019-11-28,6.00,6.00,6.00,6.00,1000,6000.00
2019-12-18,5.00,5.00,5.00,5.00,10000,50000.00
2019-12-19,5.00,5.00,5.00,5.00,1000,5000.00
2019-12-24,5.00,6.98,5.00,6.98,13000,66980.00
2020-01-09,6.98,6.98,5.15,5.15,4000,26090.00
2020-01-10,5.15,5.18,5.15,5.15,6000,30950.00
2020-01-13,5.15,5.15,5.15,5.15,2000,10300.00
2020-01-14,5.15,5.15,5.15,5.15,5000,25750.00
2020-01-16,5.15,5.15,5.10,5.10,9000,46100.00
2020-01-17,5.07,5.07,5.07,5.07,1000,5070.00
2020-01-21,5.95,6.00,5.95,6.00,4000,23950.00
2020-01-22,6.00,6.00,6.00,6.00,10000,60000.00
2020-02-12,5.00,5.00,5.00,5.00,3000,15000.00
2020-02-19,6.85,6.85,6.85,6.85,1000,6850.00
2020-03-09,6.89,6.89,6.85,6.85,4000,27520.00
2020-03-11,7.00,7.05,7.00,7.05,18000,126350.00
2020-03-12,7.25,7.25,7.25,7.25,6000,43500.00
2020-03-16,7.25,7.25,7.25,7.25,1000,7250.00
2020-03-18,5.25,5.25,5.25,5.25,10000,52500.00
2020-03-19,5.51,6.00,5.51,6.00,7000,39710.00
2020-03-20,6.00,6.00,5.97,5.97,7000,41940.00
2020-03-23,6.10,6.10,6.00,6.00,16000,97100.00
2020-03-24,5.89,5.89,5.89,5.89,2000,11780.00
2020-03-25,5.25,5.29,5.25,5.29,9000,47350.00
2020-03-26,5.77,5.77,5.77,5.77,13000,75010.00
2020-03-27,5.68,5.68,5.68,5.68,1000,5680.00
2020-03-30,5.80,5.80,5.68,5.68,2900,16768.00
2020-03-31,5.68,5.68,5.66,5.66,5800,32924.00
2020-04-01,5.65,5.68,5.65,5.68,9500,53923.60
2020-04-02,5.68,6.01,5.68,6.01,49100,290072.41
2020-04-03,6.20,6.20,6.20,6.20,20000,124000.00
2020-04-07,6.30,6.32,6.30,6.32,55000,347000.00
2020-04-08,6.30,6.30,6.12,6.12,227400,1420820.00
2020-04-09,6.10,6.20,6.05,6.20,20100,122370.00
2020-04-10,6.18,6.38,6.18,6.18,70200,437466.00
2020-04-13,6.50,6.58,6.50,6.53,36300,236890.00
2020-04-14,6.80,6.80,6.60,6.60,67100,448270.00
2020-04-15,6.60,6.60,6.60,6.60,14000,92400.00
2020-04-16,6.40,6.45,6.40,6.45,22300,142835.00
2020-04-17,6.40,6.45,6.10,6.30,32600,204820.00
2020-04-20,6.37,6.58,6.37,6.58,109000,700205.75
2020-04-21,6.80,6.95,6.66,6.95,83500,568405.69
2020-04-22,6.71,6.95,6.71,6.90,19200,132390.00
2020-04-23,6.90,6.90,6.88,6.88,13900,95890.00
2020-04-24,6.88,6.88,6.80,6.80,4000,27360.00
2020-04-27,6.80,6.80,6.25,6.56,84900,557968.00
2020-04-28,6.34,6.50,6.34,6.48,42800,276641.00
2020-04-29,6.31,6.31,6.00,6.00,143800,879456.00
2020-04-30,5.90,5.96,5.80,5.85,119600,705085.00
2020-05-06,5.75,5.75,5.20,5.20,34900,189081.30
2020-05-07,5.00,5.57,5.00,5.56,18400,100068.00
2020-05-08,5.77,5.77,5.28,5.77,13500,77944.00
2020-05-11,5.31,5.88,5.31,5.87,8100,47431.00
2020-05-12,5.90,5.90,5.90,5.90,8000,47200.00
2020-05-13,5.62,5.90,5.62,5.66,2200,12406.00
2020-05-14,5.30,5.88,5.30,5.88,5000,28874.00
2020-05-15,5.89,5.89,5.37,5.89,1400,7959.00
2020-05-18,5.88,5.88,5.88,5.88,1000,5880.00
2020-05-19,5.95,5.95,5.68,5.88,14000,82410.00
2020-05-20,5.85,5.85,5.60,5.80,18200,105120.00
2020-05-21,5.80,5.80,5.61,5.61,11700,66898.20
2020-05-22,5.89,5.89,5.35,5.79,7800,45870.20
2020-05-25,5.79,5.79,5.79,5.79,15000,86850.00
2020-05-26,5.55,5.60,5.55,5.55,13400,74523.56
2020-05-27,5.60,5.60,5.49,5.54,7500,41835.00
2020-05-28,5.52,5.52,5.49,5.49,15000,82570.00
2020-05-29,5.85,5.85,5.60,5.60,1600,9010.00
2020-06-01,5.80,5.80,5.65,5.65,17700,101224.35
2020-06-02,5.48,5.68,5.48,5.68,10500,59390.00
2020-06-03,5.71,5.71,5.71,5.71,1900,10849.00
2020-06-04,5.75,5.75,5.75,5.75,2800,16100.00
2020-06-05,5.69,5.86,5.69,5.80,18400,106507.00
2020-06-08,5.88,5.93,5.88,5.93,46400,273173.09
2020-06-09,5.95,5.97,5.95,5.97,3100,18470.88
2020-06-10,5.96,5.96,5.96,5.96,300,1788.00
2020-06-11,5.96,5.96,5.96,5.96,2900,17284.00
2020-06-15,5.96,5.96,5.96,5.96,200,1192.00
2020-06-17,5.89,5.89,5.89,5.89,3000,17670.00
2020-06-18,5.89,5.89,5.89,5.89,2000,11780.00
2020-06-19,5.89,5.89,5.89,5.89,1000,5890.00
2020-06-23,5.89,5.89,5.88,5.88,8800,51763.00
2020-06-24,5.93,5.93,5.81,5.88,6700,39858.24
2020-06-29,6.00,6.00,5.93,5.93,4300,25534.00
2020-06-30,5.93,6.87,5.93,6.87,413800,2570578.00
2021-07-20,5.01,5.19,4.74,4.84,14226000,70075968.00
2021-07-21,4.87,4.87,4.71,4.81,3421600,16374451.00
2021-07-22,4.78,4.96,4.77,4.87,2025600,9866946.00
2021-07-23,4.89,4.97,4.87,4.90,1051800,5157927.50
2021-07-26,4.88,4.92,4.74,4.80,1101900,5312465.50
2021-07-27,4.83,4.83,4.73,4.74,420200,2005140.75
2021-07-28,4.73,4.73,4.40,4.44,1908100,8651509.00
2021-07-29,4.48,4.51,4.39,4.44,1509500,6686691.00
2021-07-30,4.44,4.44,4.33,4.36,767500,3359794.75
2021-08-02,4.36,4.41,4.33,4.35,430400,1874899.13
2021-08-03,4.36,4.38,4.30,4.32,305400,1319984.25
2021-08-04,4.34,4.46,4.33,4.40,547400,2406704.25
2021-08-05,4.40,4.40,4.33,4.35,325800,1415966.00
2021-08-06,4.32,4.37,4.29,4.31,509900,2196453.00
2021-08-09,4.29,4.32,4.19,4.23,1008600,4273062.00
2021-08-10,4.25,4.27,4.22,4.27,290500,1231468.25
2021-08-11,4.31,4.38,4.31,4.37,655200,2851198.50
2021-08-12,4.39,4.42,4.35,4.41,625600,2751900.00
2021-08-13,4.40,4.51,4.40,4.43,1266400,5645919.00
2021-08-16,4.43,4.45,4.42,4.43,353200,1563682.88
2021-08-17,4.44,4.44,4.35,4.37,214000,942879.00
2021-08-18,4.36,4.42,4.33,4.37,245100,1067870.88
2021-08-19,4.41,4.42,4.35,4.38,487400,2140606.00
2021-08-20,4.40,4.41,4.32,4.36,390100,1702216.88
2021-08-23,4.38,4.39,4.31,4.34,332600,1443716.63
2021-08-24,4.34,4.36,4.32,4.34,270300,1173623.50
2021-08-25,4.34,4.35,4.25,4.25,552200,2367850.25
2021-08-26,4.25,4.25,4.16,4.20,553500,2328759.00
2021-08-27,4.18,4.19,4.11,4.17,579600,2400757.50
2021-08-30,4.12,4.18,4.11,4.12,157700,652284.38
2021-08-31,4.11,4.17,4.10,4.14,333000,1373986.75
2021-09-01,4.14,4.26,4.12,4.22,441500,1853134.25
2021-09-02,4.24,4.35,4.21,4.35,484600,2084352.63
2021-09-03,4.90,5.00,4.61,4.89,5543300,26742024.00
2021-09-06,5.15,6.35,5.01,6.18,6919500,41272976.00
2021-09-07,6.59,6.76,6.18,6.26,4965200,31969594.00
2021-09-08,6.27,6.75,6.09,6.58,2582100,16440280.00
2021-09-09,6.55,7.85,6.55,7.60,3771900,26894092.00
2021-09-10,7.84,8.37,7.40,7.97,3583700,28281922.00
2021-09-13,8.05,8.22,6.92,7.40,3519800,26262788.00
2021-09-14,7.30,7.50,6.89,7.00,1690900,12207905.00
2021-09-15,7.08,7.13,6.48,6.53,1591500,10743482.00
2021-09-16,6.48,6.73,6.41,6.44,969700,6328135.00
2021-09-17,6.52,7.03,6.44,7.01,1686900,11611733.00
2021-09-22,7.89,8.69,7.38,8.42,3929200,31680808.00
2021-09-23,8.51,8.79,7.80,8.04,2344600,19241508.00
2021-09-24,8.09,8.37,7.97,8.16,1268300,10344392.00
2021-09-27,8.20,8.23,7.60,7.62,1385200,10741943.00
2021-09-28,7.61,7.84,7.50,7.65,1014000,7748249.00
2021-09-29,7.62,7.70,7.36,7.50,1099600,8257857.00
2021-09-30,7.50,7.99,7.49,7.98,896600,6998023.50
2021-10-08,8.18,8.18,7.58,7.71,715900,5512614.00
2021-10-11,7.72,7.75,7.59,7.67,263700,2018713.63
2021-10-12,7.70,7.70,7.41,7.54,517100,3924963.25
2021-10-13,7.58,7.74,7.57,7.65,480600,3678768.75
2021-10-14,7.71,7.71,7.57,7.64,322200,2450796.75
2021-10-15,7.68,7.68,7.40,7.59,442500,3357962.50
2021-10-18,7.55,7.55,6.96,7.05,1551600,11039552.00
2021-10-19,7.03,7.05,6.82,6.93,710800,4901045.00
2021-10-20,6.95,7.08,6.95,7.05,326200,2298242.25
2021-10-21,7.05,7.05,6.79,6.94,548000,3780107.50
2021-10-22,6.87,7.00,6.86,6.99,489700,3390777.75
2021-10-25,6.96,7.05,6.76,6.77,522800,3575910.50
2021-10-26,6.82,6.82,6.20,6.29,939400,6075887.00
2021-10-27,6.36,6.40,6.20,6.22,303800,1902728.50
2021-10-28,6.10,6.23,5.56,5.70,980300,5752162.00
2021-10-29,5.40,5.80,5.33,5.75,1454900,8232474.00
2021-11-01,6.26,6.59,6.26,6.47,1726300,11050507.00
2021-11-02,6.54,6.59,6.21,6.34,784100,4992446.50
2021-11-03,6.05,6.39,6.05,6.36,723600,4566902.00
2021-11-04,6.36,7.00,6.36,6.98,1517000,10362050.00
2021-11-05,7.02,7.28,6.95,7.12,1244300,8864973.00
2021-11-08,7.31,7.80,7.15,7.66,1479400,11191272.00
2021-11-09,7.66,7.77,7.17,7.40,1647700,12088216.00
2021-11-10,7.31,7.44,7.25,7.39,754800,5536630.50
2021-11-11,7.50,7.64,7.32,7.56,1427400,10699410.00
2021-11-12,7.60,7.87,7.43,7.84,1892900,14565675.00
2021-11-15,7.94,8.98,7.40,7.51,7772800,62668268.00
2021-11-16,7.20,7.45,6.58,6.77,4102500,28082330.00
2021-11-17,6.80,7.32,6.80,7.18,3351400,23717304.00
2021-11-18,7.11,7.15,6.82,6.94,2543500,17812450.00
2021-11-19,6.99,7.13,6.74,6.94,1116100,7681949.50
2021-11-22,7.04,7.09,6.96,7.01,795000,5588534.50
2021-11-23,7.13,7.27,7.02,7.15,1518700,10866964.00
2021-11-24,7.15,7.20,6.90,6.99,1082000,7601634.00
2021-11-25,6.95,7.06,6.66,6.71,1626500,11008950.00
2021-11-26,6.59,6.71,6.40,6.47,913600,5961478.00
2021-11-29,6.12,6.47,6.12,6.32,583400,3699292.00
2021-11-30,6.55,6.55,6.31,6.32,403000,2557160.50
2021-12-01,6.32,6.40,6.22,6.38,389600,2476439.50
2021-12-02,6.38,6.39,6.27,6.36,474800,3009077.00
2021-12-03,6.35,6.38,6.12,6.14,784500,4879010.50
2021-12-06,6.14,6.18,5.80,5.88,1047900,6212977.00
2021-12-07,5.95,5.96,5.65,5.69,623300,3577418.00
2021-12-08,5.63,5.86,5.63,5.81,455600,2622480.00
2021-12-09,5.86,5.86,5.71,5.76,434600,2506633.50
2021-12-10,5.80,5.80,5.69,5.71,292000,1668571.88
2021-12-13,5.72,5.86,5.63,5.85,686400,3963757.50
2021-12-14,5.89,6.18,5.83,6.14,1149900,7012185.00
2021-12-15,6.14,6.28,6.06,6.14,633800,3897278.00
2021-12-16,6.08,6.18,6.01,6.11,357600,2186388.00
2021-12-17,6.02,6.11,5.97,6.02,271100,1631569.38
2021-12-20,6.07,6.07,5.79,5.90,562500,3310679.50
2021-12-21,5.71,6.00,5.71,5.93,556500,3293632.75
2021-12-22,5.94,6.02,5.84,5.96,488800,2915703.75
2021-12-23,5.87,5.96,5.77,5.88,261300,1520186.63
2021-12-24,5.89,5.92,5.70,5.81,575500,3324525.00
2021-12-27,5.81,5.87,5.75,5.81,395800,2301059.75
2021-12-28,5.85,6.08,5.79,5.91,583000,3448634.50
2021-12-29,6.05,6.05,5.86,5.95,638500,3793360.50
2021-12-30,5.99,6.29,5.90,6.29,2015500,12418455.00
2021-12-31,6.42,7.10,6.38,6.70,3162200,21525934.00
2022-01-04,6.62,6.91,6.35,6.49,1572700,10213258.00
2022-01-05,6.53,6.95,6.43,6.95,2014400,13385355.00
2022-01-06,6.95,6.95,6.66,6.77,1447000,9746562.00
2022-01-07,6.77,6.77,6.46,6.47,1012500,6655308.00
2022-01-10,6.43,6.55,6.40,6.47,449223,2903465.00
2022-01-11,6.43,6.58,6.39,6.42,450172,2897959.50
2022-01-12,6.48,6.48,6.37,6.46,306960,1976890.25
2022-01-13,6.55,6.55,6.31,6.37,631590,4049015.50
2022-01-14,6.43,6.44,6.31,6.35,396389,2521833.25
2022-01-17,6.32,6.52,6.31,6.51,895937,5723647.50
2022-01-18,6.48,6.48,6.36,6.43,465999,2992213.00
2022-01-19,6.36,6.46,6.36,6.40,315773,2020165.00
2022-01-20,6.42,6.62,6.37,6.53,957410,6222024.50
2022-01-21,6.48,6.64,6.45,6.50,767855,5020573.50
2022-01-24,6.49,6.49,6.30,6.31,422908,2689754.75
2022-01-25,6.28,6.28,5.60,5.78,1665447,9304197.00
2022-01-26,5.78,5.78,5.68,5.74,461355,2637117.25
2022-01-27,5.75,5.76,5.38,5.50,1341050,7056637.50
2022-01-28,5.50,5.60,5.45,5.52,801796,4405939.00
2022-02-07,5.53,5.66,5.46,5.59,377924,2095134.00
2022-02-08,5.63,5.64,5.54,5.62,591931,3150139.25
2022-02-09,5.65,5.66,5.56,5.62,1123766,6049179.00
2022-02-10,5.64,5.65,5.52,5.56,547469,2807845.50
2022-02-11,5.51,5.56,5.40,5.47,477042,2608877.25
2022-02-14,5.41,5.56,5.30,5.44,206398,1113884.50
2022-02-15,5.33,5.33,5.00,5.16,1389613,7104194.00
2022-02-16,5.17,5.17,5.09,5.16,855333,4374640.00
2022-02-17,5.15,5.17,5.08,5.12,310448,1589883.25
2022-02-18,5.12,5.16,5.08,5.14,256343,1312255.75
2022-02-21,5.09,5.18,5.08,5.14,329268,1693920.13
2022-02-22,5.14,5.16,5.04,5.13,742821,3782802.50
2022-02-23,5.15,5.16,5.07,5.13,503881,2572836.50
2022-02-24,5.13,5.14,4.81,4.90,735960,3664174.25
2022-02-25,4.91,5.04,4.91,4.98,487860,2438671.25
2022-02-28,4.92,4.98,4.87,4.90,264961,1300516.63
2022-03-01,4.89,5.01,4.80,4.90,360527,1751128.25
2022-03-02,4.85,4.96,4.80,4.90,336211,1630015.13
2022-03-03,4.85,4.94,4.83,4.86,292334,1427263.75
2022-03-04,4.83,4.93,4.78,4.84,223224,1076637.38
2022-03-07,4.76,4.89,4.62,4.74,424813,2018386.50
2022-03-08,4.78,4.78,4.55,4.58,275455,1270865.38
2022-03-09,4.55,4.63,4.46,4.59,302245,1376133.25
2022-03-10,4.63,4.77,4.60,4.62,201003,931147.31
2022-03-11,4.58,4.58,4.40,4.55,311148,1387944.75
2022-03-14,4.43,4.57,4.40,4.55,250764,1126750.50
2022-03-15,4.43,4.44,4.30,4.30,224430,984149.69
2022-03-16,4.32,4.32,4.00,4.30,1678030,8685050.00
2022-03-17,4.38,4.74,4.22,4.57,1506717,6769322.00
2022-03-18,4.53,4.65,4.39,4.55,783527,3535072.75
2022-03-21,4.57,4.57,4.45,4.52,296661,1332485.75
2022-03-22,4.52,4.63,4.48,4.52,289857,1311608.13
2022-03-23,4.45,4.57,4.42,4.47,1721567,7612747.00
2022-03-24,4.47,4.48,4.40,4.40,212761,941394.63
2022-03-25,4.43,4.43,4.39,4.42,92288,407474.81
2022-03-28,4.42,4.42,4.33,4.40,117619,515809.78
2022-03-29,4.45,4.48,4.40,4.43,500283,2216207.25
2022-03-30,4.45,4.53,4.38,4.45,193231,859013.56
2022-03-31,4.39,4.47,4.38,4.42,111565,490758.25
2022-04-01,4.40,4.51,4.36,4.48,290497,1297155.13
2022-04-06,4.50,4.50,4.40,4.48,205129,912020.00
2022-04-07,4.44,4.46,4.37,4.42,220945,975245.69
2022-04-08,4.44,4.44,4.34,4.40,125848,550759.56
2022-04-11,4.41,4.41,4.28,4.29,195154,841239.94
2022-04-12,4.33,4.37,4.20,4.37,186178,796379.00
2022-04-13,4.29,4.37,4.23,4.30,99135,426213.94
2022-04-14,4.22,4.36,4.22,4.32,117371,505249.94
2022-04-15,4.24,4.32,4.23,4.30,115323,492174.78
2022-04-18,4.35,4.35,4.19,4.30,106400,451876.69
2022-04-19,4.22,4.30,4.20,4.26,77096,325503.75
2022-04-20,4.27,4.28,4.20,4.24,89549,378452.19
2022-04-21,4.26,4.26,4.01,4.14,148615,610895.75
2022-04-22,4.10,4.17,4.00,4.13,235582,957065.44
2022-04-25,4.01,4.12,3.74,3.84,224102,873356.69
2022-04-26,3.85,3.92,3.62,3.70,217312,810692.81
2022-04-27,3.68,3.76,3.50,3.73,286412,1034703.50
2022-04-28,3.61,3.77,3.54,3.65,100137,361085.28
2022-04-29,3.61,3.83,3.61,3.82,477363,1782700.75
2022-05-05,3.76,3.83,3.68,3.80,295447,1098759.38
2022-05-06,3.66,3.74,3.66,3.69,60315,224133.14
2022-05-09,3.79,3.83,3.67,3.78,167158,625476.50
2022-05-10,3.74,3.80,3.72,3.78,309483,1158578.00
2022-05-11,3.72,3.83,3.62,3.81,375038,1421281.38
2022-05-12,3.76,3.84,3.74,3.77,172760,654739.06
2022-05-13,3.82,3.99,3.76,3.90,461736,1800048.38
2022-05-16,3.90,3.99,3.88,3.91,193841,760489.50
2022-05-17,3.91,3.94,3.84,3.89,113114,439018.00
2022-05-18,3.89,3.92,3.86,3.89,302643,1174637.75
2022-05-19,3.82,3.87,3.78,3.85,286598,1090868.13
2022-05-20,3.79,3.89,3.79,3.88,249584,961538.44
2022-05-23,3.82,3.91,3.82,3.89,75670,293907.09
2022-05-24,4.00,4.06,3.79,3.84,388348,1539204.88
2022-05-25,3.80,3.89,3.74,3.87,158684,606991.94
2022-05-26,3.87,3.88,3.83,3.84,151761,584063.94
2022-05-27,3.84,3.88,3.75,3.80,497797,1889270.88
2022-05-30,3.80,3.81,3.75,3.80,178126,674014.94
2022-05-31,3.79,3.80,3.73,3.80,102416,386520.84
2022-06-01,3.81,3.95,3.76,3.92,837703,3238489.25
2022-06-02,3.91,4.18,3.86,4.17,1325474,5318299.50
2022-06-06,4.18,4.19,4.00,4.05,883618,3595085.50
2022-06-07,4.05,4.05,3.97,4.03,490100,1671358.00
2022-06-08,4.05,4.06,3.96,4.01,317054,1263828.38
2022-06-09,4.01,4.01,3.93,3.97,213522,846020.81
2022-06-10,3.93,4.01,3.92,3.99,177272,701973.13
2022-06-13,3.93,3.98,3.81,3.96,130517,512581.09
2022-06-14,3.86,3.94,3.83,3.89,222831,860488.06
2022-06-15,3.92,3.94,3.90,3.93,141891,556012.06
2022-06-16,3.93,3.96,3.89,3.94,115706,453474.25
2022-06-17,3.93,3.94,3.88,3.92,230451,900157.50
2022-06-20,3.92,3.93,3.71,3.90,78672,306683.03
2022-06-21,3.92,3.93,3.90,3.91,155081,607571.50
2022-06-22,3.77,3.77,3.69,3.70,177943,663793.19
2022-06-23,3.72,3.76,3.67,3.70,403869,1494393.38
2022-06-24,3.68,3.76,3.68,3.72,249457,927374.25
2022-06-27,3.75,3.75,3.69,3.74,110125,408406.41
2022-06-28,3.72,3.93,3.72,3.88,1085486,4186997.00
2022-06-29,3.85,4.03,3.84,3.89,923637,3635267.50
2022-06-30,3.91,3.97,3.80,3.86,510333,1953502.50
2022-07-01,3.81,3.84,3.72,3.76,592155,2225558.00
2022-07-04,3.76,3.78,3.68,3.78,327458,1215812.00
2022-07-05,3.81,3.81,3.68,3.73,127773,473714.19
2022-07-06,3.69,3.73,3.68,3.68,165164,608238.88
2022-07-07,3.72,3.72,3.65,3.70,116255,428555.63
2022-07-08,3.74,3.74,3.66,3.69,79148,291209.09
2022-07-11,3.70,3.70,3.63,3.66,200868,731624.19
2022-07-12,3.63,3.70,3.57,3.63,223900,809100.63
2022-07-13,3.63,3.65,3.58,3.59,191299,688615.56
2022-07-14,3.68,3.68,3.54,3.61,129118,461763.53
2022-07-15,3.63,3.63,3.53,3.58,136808,485798.53
2022-07-18,3.58,3.60,3.55,3.55,145351,518666.78
2022-07-19,3.55,3.59,3.53,3.58,102346,363264.47
2022-07-20,3.58,3.63,3.57,3.60,58893,211446.23
2022-07-21,3.57,3.57,3.54,3.56,121716,432085.31
2022-07-22,3.55,3.56,3.53,3.56,75829,268373.69
2022-07-25,3.55,3.62,3.53,3.59,102221,365319.13
2022-07-26,3.54,3.63,3.54,3.61,209433,747794.56
2022-07-27,3.60,3.65,3.59,3.64,239668,871105.75
2022-07-28,3.65,3.65,3.60,3.64,409132,1480513.13
2022-07-29,3.65,3.65,3.59,3.62,212398,768234.25
2022-08-01,3.58,3.65,3.58,3.62,124980,451996.00
2022-08-02,3.58,3.59,3.42,3.47,229061,793590.00
2022-08-03,3.45,3.49,3.38,3.48,230449,797487.94
2022-08-04,3.47,3.48,3.45,3.47,58520,202514.36
2022-08-05,3.49,3.49,3.42,3.46,99495,343703.50
2022-08-08,3.44,3.49,3.44,3.48,116452,402863.06
2022-08-09,3.47,3.51,3.41,3.48,221660,765668.38
2022-08-10,3.49,3.51,3.45,3.51,138499,482326.72
2022-08-11,3.48,3.67,3.48,3.60,659332,2370777.25
2022-08-12,3.67,3.67,3.59,3.62,477595,1729182.00
2022-08-15,3.60,3.64,3.59,3.62,244838,881817.81
2022-08-16,3.60,3.64,3.59,3.63,168707,609019.81
2022-08-17,3.59,3.66,3.59,3.64,60566,219083.66
2022-08-18,3.64,3.66,3.58,3.63,225741,815508.19
2022-08-19,3.63,3.63,3.54,3.58,176001,627601.31
2022-08-22,3.58,3.58,3.49,3.55,66990,236077.59
2022-08-23,3.53,3.54,3.46,3.52,177667,619378.81
2022-08-24,3.54,3.54,3.44,3.45,189531,656121.13
2022-08-25,3.50,3.50,3.39,3.39,196131,668130.00
2022-08-26,3.40,3.43,3.33,3.37,190328,641280.63
2022-08-29,3.35,3.40,3.33,3.37,110310,371619.25
2022-08-30,3.46,3.46,3.31,3.37,126156,421972.63
2022-08-31,3.32,3.38,3.30,3.35,238325,791367.56
2022-09-01,3.38,3.38,3.29,3.34,157577,522974.31
2022-09-02,3.28,3.35,3.28,3.34,76288,252903.69
2022-09-05,3.35,3.42,3.32,3.37,148847,499527.25
2022-09-06,3.39,3.39,3.31,3.37,26145,87362.14
2022-09-07,3.34,3.36,3.34,3.36,104461,350143.47
2022-09-08,3.38,3.38,3.34,3.37,31091,104523.60
2022-09-09,3.30,3.37,3.30,3.37,41736,140132.88
2022-09-13,3.43,3.43,3.30,3.37,134184,447924.16
2022-09-14,3.33,3.37,3.29,3.36,186122,620882.88
2022-09-15,3.30,3.35,3.28,3.31,190217,626137.63
2022-09-16,3.33,3.54,3.30,3.42,913366,3136960.25
2022-09-19,3.48,3.48,3.36,3.43,200749,684217.69
2022-09-20,3.45,3.66,3.44,3.60,875270,3139126.50
2022-09-21,3.57,3.89,3.54,3.76,2399304,9080296.00
2022-09-22,3.78,3.83,3.65,3.71,931508,3481012.25
2022-09-23,3.66,3.73,3.48,3.53,546470,1950400.88
2022-09-26,3.49,3.49,3.22,3.26,794313,2649535.00
2022-09-27,3.28,3.30,3.15,3.28,427103,1372113.63
2022-09-28,3.24,3.28,3.18,3.23,230224,742929.94
2022-09-29,3.25,3.28,3.18,3.23,237518,766594.25
2022-09-30,3.25,3.25,3.16,3.23,138688,441336.59
2022-10-10,3.16,3.23,3.15,3.21,59858,189375.33
2022-10-11,3.19,3.27,3.14,3.25,103032,329664.66
2022-10-12,3.27,3.28,3.20,3.27,166805,543650.50
2022-10-13,3.27,3.29,3.23,3.28,92246,299065.44
2022-10-14,3.28,3.36,3.26,3.32,269179,885486.25
2022-10-17,3.32,3.33,3.26,3.33,141617,467756.72
2022-10-18,3.30,3.41,3.30,3.35,69719,233375.02
2022-10-19,3.36,3.36,3.21,3.32,77558,254705.63
2022-10-20,3.30,3.32,3.26,3.32,46783,153302.41
2022-10-21,3.26,3.33,3.26,3.33,53539,176685.55
2022-10-24,3.37,3.37,3.25,3.30,59336,194426.98
2022-10-25,3.33,3.33,3.24,3.32,18504,61011.28
2022-10-26,3.32,3.36,3.30,3.34,28442,94741.67
2022-10-27,3.36,3.36,3.28,3.34,23871,79772.12
2022-10-28,3.28,3.33,3.21,3.26,22700,73754.69
2022-10-31,3.19,3.27,3.16,3.20,73979,235764.23
2022-11-01,3.23,3.24,3.19,3.24,86194,277589.88
2022-11-02,3.24,3.29,3.23,3.28,153732,501969.03
2022-11-03,3.30,3.30,3.20,3.28,70076,227615.88
2022-11-04,3.28,3.29,3.23,3.29,155216,507149.22
2022-11-07,3.32,3.41,3.24,3.31,210796,696314.56
2022-11-08,3.27,3.35,3.26,3.32,103732,341222.50
2022-11-09,3.27,3.31,3.25,3.28,240012,784231.06
2022-11-10,3.25,3.28,3.21,3.26,274731,891320.56
2022-11-11,3.28,3.31,3.21,3.26,274702,891418.88
2022-11-14,3.24,3.30,3.24,3.26,92755,301752.91
2022-11-15,3.22,3.27,3.22,3.27,235565,764382.56
2022-11-16,3.23,3.27,3.23,3.25,109901,356246.34
2022-11-17,3.27,3.27,3.18,3.24,175706,563729.69
2022-11-18,3.24,3.25,3.22,3.24,75880,245069.77
2022-11-21,3.32,3.32,3.24,3.28,301854,988571.88
2022-11-22,3.30,3.30,3.25,3.26,156217,509934.91
2022-11-23,3.21,3.26,3.21,3.24,28081,90556.73
2022-11-24,3.28,3.28,3.21,3.26,83600,271259.63
2022-11-25,3.26,3.28,3.22,3.26,87428,283422.13
2022-11-28,3.26,3.27,3.16,3.25,37717,122446.70
2022-11-29,3.28,3.28,3.24,3.27,48962,159125.30
2022-11-30,3.23,3.27,3.23,3.27,69016,224722.09
2022-12-01,3.31,3.31,3.24,3.25,64327,209405.05
2022-12-02,3.22,3.26,3.22,3.26,32139,104385.80
2022-12-05,3.29,3.29,3.23,3.26,41083,133468.02
2022-12-06,3.26,3.26,3.22,3.23,58042,187586.38
2022-12-07,3.25,3.25,3.20,3.23,103825,334195.63
2022-12-08,3.24,3.25,3.20,3.23,110429,354734.88
2022-12-09,3.23,3.23,3.20,3.23,10685,34273.55
2022-12-12,3.20,3.20,3.17,3.20,95946,305827.38
2022-12-13,3.18,3.22,3.09,3.19,36500,115941.72
2022-12-14,3.15,3.22,3.15,3.17,61509,194761.44
2022-12-15,3.21,3.21,3.15,3.18,63311,199938.66
2022-12-16,3.15,3.20,3.14,3.18,92253,291050.41
2022-12-19,3.24,3.25,3.12,3.17,98438,308961.03
2022-12-20,3.16,3.16,3.04,3.14,112007,345658.09
2022-12-21,3.08,3.13,3.06,3.10,67069,206564.53
2022-12-22,3.12,3.13,3.04,3.10,26260,80574.40
2022-12-23,3.02,3.09,3.02,3.05,91675,278310.47
2022-12-26,3.02,3.14,3.02,3.05,88510,270178.31
2022-12-27,3.04,3.05,3.02,3.04,31093,94099.37
2022-12-28,3.03,3.06,3.00,3.02,40088,120820.00
2022-12-29,3.06,3.06,3.01,3.03,30370,91625.10
2022-12-30,3.06,3.06,2.92,3.01,58034,173999.95
2023-01-03,3.01,3.01,2.97,3.01,175689,525845.94
2023-01-04,2.96,3.00,2.96,3.00,44684,132990.72
2023-01-05,3.00,3.27,3.00,3.12,539828,1698797.75
2023-01-06,3.15,3.18,3.07,3.13,216141,672696.19
2023-01-09,3.07,3.15,3.06,3.12,71311,220147.55
2023-01-10,3.07,3.11,2.89,3.06,388200,1150751.13
2023-01-11,2.99,3.02,2.95,3.02,196389,585592.50
2023-01-12,3.05,3.05,2.96,3.01,21100,62485.00
2023-01-13,3.01,3.03,2.96,2.97,47491,141419.05
2023-01-16,2.98,3.05,2.98,3.02,28743,86788.64
2023-01-17,2.96,3.02,2.96,3.00,44900,133779.00
2023-01-18,3.03,3.09,3.00,3.04,50207,151648.70
2023-01-19,3.08,3.08,2.95,3.04,91355,271937.25
2023-01-20,3.02,3.04,2.99,3.04,60791,184102.09
2023-01-30,3.05,3.07,3.04,3.06,102695,313265.06
2023-01-31,3.11,3.35,3.04,3.24,945326,3020299.00
2023-02-01,3.30,3.34,3.21,3.27,457872,1500613.00
2023-02-02,3.21,3.28,3.10,3.17,563265,1782725.38
2023-02-03,3.15,3.23,3.13,3.19,248624,784577.44
2023-02-06,3.20,3.20,3.14,3.17,108767,342702.00
2023-02-07,3.13,3.18,3.13,3.16,84711,267011.22
2023-02-08,3.16,3.18,3.14,3.14,37432,117730.58
2023-02-09,3.17,3.17,3.11,3.14,52822,165089.33
2023-02-10,3.12,3.15,3.12,3.15,52407,163859.80
2023-02-13,3.16,3.20,3.16,3.18,161689,513175.69
2023-02-14,3.20,3.20,3.14,3.17,52756,167014.09
2023-02-15,3.11,3.18,3.11,3.16,111318,348901.88
2023-02-16,3.15,3.16,3.10,3.11,147935,461900.31
2023-02-17,3.12,3.14,3.09,3.11,92983,288728.13
2023-02-20,3.11,3.14,3.07,3.14,114378,353038.25
2023-02-21,3.14,3.14,3.09,3.14,52988,165419.20
2023-02-22,3.09,3.14,3.09,3.12,53607,165951.98
2023-02-23,3.07,3.12,3.07,3.11,66507,205436.63
2023-02-24,3.10,3.10,3.02,3.08,172405,526039.25
2023-02-27,3.04,3.08,2.98,3.03,249108,749818.44
2023-02-28,3.02,3.02,2.96,3.01,96800,288447.00
2023-03-01,3.00,3.02,2.99,3.02,69215,207692.69
2023-03-02,2.98,3.04,2.98,3.02,126900,381922.94
2023-03-03,2.98,3.01,2.97,3.01,151773,454057.28
2023-03-06,3.04,3.04,2.97,3.01,58505,174020.97
2023-03-07,2.99,3.03,2.93,2.98,120350,356178.69
2023-03-08,2.97,3.00,2.95,3.00,56361,167432.02
2023-03-09,3.00,3.00,2.94,2.97,68515,202534.45
2023-03-10,2.97,3.00,2.95,2.98,66032,196546.77
2023-03-13,2.90,2.98,2.90,2.98,55319,164044.19
2023-03-14,3.01,3.01,2.92,2.97,21220,62410.32
2023-03-15,2.99,2.99,2.92,2.97,120478,354355.88
2023-03-16,2.90,2.95,2.90,2.95,46324,135612.31
2023-03-17,2.91,2.94,2.89,2.92,192876,560178.06
2023-03-20,2.90,2.92,2.86,2.89,78358,225458.69
2023-03-21,2.91,2.94,2.87,2.93,132172,385639.25
2023-03-22,2.93,2.94,2.80,2.92,95049,272318.91
2023-03-23,2.89,2.91,2.86,2.90,75100,216588.20
2023-03-24,2.89,2.92,2.85,2.92,221774,642705.00
2023-03-27,2.91,2.93,2.86,2.90,55329,159663.66
2023-03-28,2.83,2.89,2.81,2.87,47755,135769.53
2023-03-29,2.89,2.89,2.81,2.84,45728,129326.52
2023-03-30,2.84,2.84,2.79,2.81,101959,285834.81
2023-03-31,2.78,2.81,2.78,2.81,34865,97510.65
2023-04-03,2.81,2.81,2.79,2.81,16830,47162.72
2023-04-04,2.78,2.85,2.76,2.82,47500,132303.59
2023-04-06,2.76,2.83,2.76,2.81,30464,84938.81
2023-04-07,2.81,2.81,2.78,2.81,58890,164241.05
2023-04-10,2.80,2.87,2.77,2.81,92652,258859.45
2023-04-11,2.76,2.81,2.76,2.80,39582,110781.95
2023-04-12,2.81,2.81,2.74,2.79,124713,344729.34
2023-04-13,2.76,2.79,2.73,2.77,59537,163789.30
2023-04-14,2.77,2.80,2.74,2.77,84900,233426.41
2023-04-17,2.76,2.76,2.73,2.76,79595,218684.64
2023-04-18,2.75,2.75,2.71,2.73,32209,87779.48
2023-04-19,2.75,2.75,2.67,2.73,510242,1381342.38
2023-04-20,2.67,2.67,2.59,2.60,499647,1307807.88
2023-04-21,2.60,2.60,2.52,2.58,317358,814540.63
2023-04-24,2.50,2.58,2.50,2.53,231545,584705.81
2023-04-25,2.61,2.61,2.43,2.47,258967,643084.06
2023-04-26,2.46,2.54,2.44,2.51,478976,1195616.38
2023-04-27,2.47,2.60,2.46,2.55,257089,644699.75
2023-04-28,2.50,2.56,2.45,2.56,325417,809731.50
2023-05-04,2.52,2.55,2.43,2.54,145495,360869.50
2023-05-05,2.48,2.64,2.48,2.62,299290,768374.56
2023-05-08,2.62,2.74,2.62,2.71,459162,1242414.00
2023-05-09,2.79,2.79,2.60,2.60,305510,805962.50
2023-05-10,2.53,2.60,2.50,2.56,331560,840669.31
2023-05-11,2.52,2.68,2.52,2.65,408901,1072041.88
2023-05-12,2.65,2.66,2.62,2.66,40543,106772.27
2023-05-15,2.63,2.69,2.63,2.65,64002,169121.92
2023-05-16,2.63,2.63,2.57,2.61,148567,384553.97
2023-05-17,2.62,2.63,2.61,2.63,4578,12000.14
2023-05-18,2.65,2.69,2.62,2.66,93735,248895.41
2023-05-19,2.66,2.67,2.63,2.67,77649,205723.34
2023-05-22,2.67,2.67,2.61,2.66,87810,230233.13
2023-05-23,2.66,2.69,2.61,2.64,129251,339173.91
2023-05-24,2.60,2.65,2.60,2.64,92817,243160.84
2023-05-25,2.63,2.63,2.59,2.60,81229,211555.02
2023-05-26,2.58,2.65,2.58,2.65,156810,411876.94
2023-05-29,2.65,2.67,2.61,2.64,94759,250306.47
2023-05-30,2.62,2.64,2.60,2.63,97756,256393.84
2023-05-31,2.65,2.65,2.58,2.62,5800,15207.00
2023-06-01,2.65,2.65,2.60,2.63,12641,33008.84
2023-06-02,2.64,2.64,2.60,2.63,34107,88705.27
2023-06-05,2.60,2.64,2.60,2.64,51838,136031.94
2023-06-06,2.58,2.63,2.52,2.61,26569,68296.45
2023-06-07,2.61,2.65,2.55,2.61,132383,339810.69
2023-06-08,2.60,2.60,2.55,2.58,176408,451396.47
2023-06-09,2.58,2.59,2.54,2.58,46365,118423.47
2023-06-12,2.57,2.58,2.52,2.57,53130,135447.20
2023-06-13,2.53,2.56,2.52,2.55,695539,1322311.63
2023-06-14,2.53,2.54,2.51,2.53,105451,266170.19
2023-06-15,2.52,2.53,2.50,2.53,52010,130763.26
2023-06-16,2.53,2.55,2.51,2.53,123010,310500.13
2023-06-19,2.51,2.54,2.48,2.52,507111,979980.44
2023-06-20,2.47,2.50,2.47,2.47,111173,275650.31
2023-06-21,2.48,2.54,2.47,2.51,154270,387097.53
2023-06-26,2.51,2.56,2.48,2.51,279452,711158.88
2023-06-27,2.47,2.52,2.44,2.51,280089,689410.75
2023-06-28,2.46,2.50,2.45,2.48,156105,385170.50
2023-06-29,2.48,2.88,2.48,2.72,2045524,5493446.00
2023-06-30,2.68,2.76,2.60,2.65,978940,2615597.50
2023-07-03,2.58,2.65,2.56,2.59,694178,1800702.63
2023-07-04,2.59,2.85,2.58,2.75,1955795,5372890.50
2023-07-05,2.71,2.74,2.66,2.70,1019899,2754143.50
2023-07-06,2.68,2.76,2.66,2.69,480707,1284036.75
2023-07-07,2.65,2.75,2.65,2.70,353810,956662.00
2023-07-10,2.66,2.69,2.62,2.63,360789,952778.00
2023-07-11,2.67,2.67,2.61,2.66,81915,216569.59
2023-07-12,2.62,2.68,2.60,2.62,151075,399147.88
2023-07-13,2.60,2.67,2.60,2.65,93777,245818.30
2023-07-14,2.62,2.65,2.61,2.64,119667,313495.13
2023-07-17,2.64,2.64,2.57,2.63,101226,263211.34
2023-07-18,2.60,2.63,2.59,2.62,79405,206603.19
2023-07-19,2.62,2.63,2.57,2.61,58972,152717.45
2023-07-20,2.57,2.62,2.57,2.60,61314,158754.83
2023-07-21,2.61,2.61,2.56,2.59,90550,233293.94
2023-07-24,2.58,2.63,2.55,2.58,81983,210354.56
2023-07-25,2.61,2.62,2.56,2.62,189413,493664.31
2023-07-26,2.60,2.67,2.57,2.64,247506,651321.75
2023-07-27,2.71,2.74,2.64,2.67,528106,1418059.88
2023-07-28,2.63,2.67,2.61,2.64,303891,799344.75
2023-07-31,2.63,2.69,2.63,2.65,236643,628909.19
2023-08-01,2.69,2.69,2.64,2.67,145293,387276.75
2023-08-02,2.68,2.68,2.60,2.64,262325,687528.25
2023-08-03,2.64,2.68,2.63,2.65,62044,163781.97
2023-08-04,2.67,2.72,2.64,2.66,295385,789026.38
2023-08-07,2.65,2.66,2.62,2.65,32403,85138.49
2023-08-08,2.62,2.66,2.51,2.60,325774,768285.94
2023-08-09,2.59,2.62,2.58,2.61,219707,453002.16
2023-08-10,2.59,2.63,2.56,2.60,456386,1012206.94
2023-08-11,2.59,2.60,2.55,2.59,172877,443497.38
2023-08-14,2.55,2.58,2.55,2.58,66589,170547.13
2023-08-15,2.58,2.58,2.53,2.57,180854,335309.50
2023-08-16,2.54,2.57,2.52,2.56,34682,88001.06
2023-08-17,2.52,2.55,2.50,2.54,373723,796297.13
2023-08-18,2.54,2.54,2.52,2.52,115992,293168.69
2023-08-21,2.52,2.52,2.49,2.50,138227,346470.53
2023-08-22,2.52,2.52,2.48,2.51,99586,248646.00
2023-08-23,2.50,2.52,2.47,2.48,53438,132579.48
2023-08-24,2.46,2.51,2.44,2.50,132688,325965.53
2023-08-25,2.50,2.50,2.44,2.48,53362,131577.30
2023-08-28,2.55,2.55,2.48,2.51,154154,389676.25
2023-08-29,2.51,2.55,2.46,2.54,266779,670057.06
2023-08-30,2.54,2.60,2.54,2.55,178014,455151.59
2023-08-31,2.53,2.54,2.51,2.54,152544,385763.00
2023-09-01,2.51,2.62,2.51,2.58,398681,1031272.19
2023-09-04,2.68,2.73,2.61,2.64,1490079,3958682.75
2023-09-05,2.64,2.64,2.57,2.59,563168,1463943.50
2023-09-06,2.60,2.60,2.55,2.58,240571,617017.06
2023-09-07,2.59,2.59,2.52,2.55,170733,435538.81
2023-09-08,2.56,2.56,2.52,2.56,144388,365290.25
2023-09-11,2.57,2.57,2.53,2.57,238059,606226.63
2023-09-12,2.57,2.57,2.53,2.54,221685,562558.25
2023-09-13,2.54,2.57,2.51,2.54,40582,102847.39
2023-09-14,2.54,2.55,2.52,2.52,116718,296565.09
2023-09-15,2.54,2.56,2.52,2.55,128807,327118.69
2023-09-18,2.54,2.57,2.53,2.55,105005,267431.28
2023-09-19,2.53,2.55,2.51,2.53,74014,186565.52
2023-09-20,2.54,2.55,2.51,2.51,62947,159252.78
2023-09-21,2.51,2.53,2.49,2.52,83735,209677.80
2023-09-22,2.53,2.55,2.49,2.54,166462,421947.81
2023-09-25,2.55,2.55,2.51,2.52,48980,123691.02
2023-09-26,2.54,2.54,2.48,2.52,82954,207472.20
2023-09-27,2.48,2.52,2.48,2.50,68053,169731.00
2023-09-28,2.51,2.52,2.49,2.52,90496,226633.70
2023-10-09,2.53,2.53,2.50,2.52,51291,128584.02
2023-10-10,2.54,2.55,2.46,2.52,61441,153188.06
2023-10-11,2.50,2.52,2.48,2.50,61850,154265.45
2023-10-12,2.48,2.52,2.42,2.49,133734,328546.91
2023-10-13,2.46,2.48,2.42,2.47,128681,314430.34
2023-10-16,2.42,2.47,2.42,2.44,57472,139684.83
2023-10-17,2.42,2.45,2.42,2.45,44077,106890.90
2023-10-18,2.46,2.46,2.40,2.43,73849,178342.34
2023-10-19,2.44,2.45,2.41,2.44,55992,136227.31
2023-10-20,2.46,2.46,2.41,2.44,91100,223236.28
2023-10-23,2.40,2.44,2.31,2.40,121972,287785.91
2023-10-24,2.43,2.43,2.38,2.40,73976,177440.45
2023-10-25,2.47,2.47,2.40,2.45,77442,188062.98
2023-10-26,2.45,2.48,2.40,2.48,283987,692884.19
2023-10-27,2.43,2.43,2.34,2.43,573788,1368390.63
2023-10-30,2.39,2.42,2.35,2.41,353486,841919.63
2023-10-31,2.37,2.39,2.35,2.38,141394,334447.59
2023-11-01,2.39,2.39,2.37,2.38,68721,163468.98
2023-11-02,2.39,2.44,2.37,2.40,57188,137100.55
2023-11-03,2.38,2.42,2.35,2.41,59793,142293.44
2023-11-06,2.41,2.43,2.38,2.40,140943,337744.69
2023-11-07,2.37,2.40,2.37,2.39,74020,176524.80
2023-11-08,2.40,2.47,2.40,2.45,740566,1807451.75
2023-11-09,2.45,2.65,2.43,2.55,1918565,4905073.00
2023-11-10,2.53,2.55,2.46,2.48,520719,1295161.63
2023-11-13,2.48,2.54,2.44,2.48,505823,1244418.88
2023-11-14,2.49,2.51,2.46,2.50,367272,909106.44
2023-11-15,2.54,2.54,2.42,2.49,480764,1198030.00
2023-11-16,2.46,2.51,2.45,2.48,229665,568038.81
2023-11-17,2.43,2.52,2.43,2.50,337535,841601.69
2023-11-20,2.52,3.25,2.50,3.25,8942435,27518324.00
2023-11-21,3.79,4.22,3.66,4.22,18287854,73100056.00
2023-11-22,4.46,5.48,3.99,5.48,25357272,121751968.00
2023-11-23,5.80,6.98,4.88,6.35,31127470,193925120.00
2023-11-24,5.85,6.96,5.33,6.55,29278519,186438464.00
2023-11-27,6.27,7.62,6.27,7.33,32011590,228396736.00
2023-11-28,6.01,7.15,5.91,6.34,22941331,148516624.00
2023-11-29,6.50,6.72,5.99,6.15,14895433,93885024.00
2023-11-30,6.15,6.28,5.43,5.53,13513909,77196792.00
2023-12-01,5.65,5.77,4.90,5.06,13684561,71559544.00
2023-12-04,4.82,5.04,4.71,4.98,9386967,45832908.00
2023-12-05,5.01,6.46,4.95,6.46,27306371,156936256.00
2023-12-06,6.05,6.64,5.87,5.87,19411142,119870056.00
2023-12-07,5.60,6.15,5.51,5.93,12048883,71224504.00
2023-12-08,6.13,6.15,5.73,5.84,9156170,54076264.00
2023-12-11,5.60,5.88,5.33,5.47,7830758,43533676.00
2023-12-12,5.40,5.97,5.39,5.81,9607981,55187516.00
2023-12-13,5.80,6.14,5.63,6.07,13759222,82077480.00
2023-12-14,5.91,6.58,5.85,6.13,16561203,103497576.00
2023-12-15,5.98,6.34,5.82,6.00,9649352,58049588.00
2023-12-18,5.90,6.50,5.90,6.35,13716675,85285200.00
2023-12-19,6.23,6.70,6.02,6.65,14816846,93890368.00
2023-12-20,6.52,7.28,6.50,6.81,19368283,133705936.00
2023-12-21,6.74,7.04,5.10,5.52,19104134,116976464.00
2023-12-22,5.39,5.75,5.30,5.60,9177844,50733716.00
2023-12-25,5.59,6.05,5.53,5.97,10778305,62627600.00
2023-12-26,5.98,6.40,5.81,6.16,13207921,80259520.00
2023-12-27,5.96,6.25,5.75,5.87,8648223,50967292.00
2023-12-28,5.97,6.09,5.75,5.78,7605014,44914984.00
2023-12-29,5.76,5.95,5.70,5.85,6961361,40715388.00
2024-01-02,5.89,6.26,5.71,6.16,11571151,69791264.00
2024-01-03,6.26,6.35,6.00,6.27,10199751,63483648.00
2024-01-04,6.28,6.28,6.03,6.16,7268947,44536088.00
2024-01-05,6.17,6.25,5.62,5.69,7734812,45755396.00
2024-01-08,5.63,5.76,5.50,5.61,3852649,21671954.00
2024-01-09,5.65,5.80,5.05,5.41,5145906,27916300.00
2024-01-10,5.40,5.52,5.15,5.36,3711844,19800990.00
2024-01-11,5.38,5.40,5.20,5.32,3920074,20766722.00
2024-01-12,5.35,5.36,4.63,4.63,7129578,34970060.00
2024-01-15,4.60,4.61,4.22,4.43,4764993,20935608.00
2024-01-16,4.52,4.94,4.29,4.86,7411162,34288116.00
2024-01-17,4.71,4.97,4.66,4.69,5807227,27973108.00
2024-01-18,4.72,4.95,4.65,4.90,6622514,32022748.00
2024-01-19,4.90,5.19,4.90,5.18,8883493,45123276.00
2024-01-22,5.20,5.20,4.63,4.77,5338559,26416854.00
2024-01-23,4.76,4.90,4.66,4.80,4148688,19819356.00
2024-01-24,4.85,4.90,4.59,4.77,4032523,19038748.00
2024-01-25,4.71,4.79,4.48,4.67,5003906,23298612.00
2024-01-26,4.67,5.48,4.53,5.12,12567054,63866704.00
2024-01-29,4.93,5.11,4.48,4.49,6229257,29548472.00
2024-01-30,4.49,4.62,4.08,4.31,5648360,24208410.00
2024-01-31,4.34,4.60,4.26,4.48,4966398,21856986.00
2024-02-01,4.44,4.48,4.18,4.18,3119418,13533844.00
2024-02-02,4.29,4.35,3.75,3.98,3870846,15462170.00
2024-02-05,4.00,4.88,3.34,4.24,8616077,35545008.00
2024-02-06,4.30,5.29,4.20,5.09,15774220,76759952.00
2024-02-07,4.70,5.17,4.41,4.51,12867137,62707668.00
2024-02-08,4.56,4.63,4.00,4.27,6602593,28356312.00
2024-02-19,4.36,4.44,4.25,4.40,4859141,20969020.00
2024-02-20,4.28,4.53,4.28,4.48,5902524,26152916.00
2024-02-21,4.51,5.82,4.50,5.82,27263803,152247088.00
2024-02-22,5.69,5.87,5.36,5.62,26234998,147023104.00
2024-02-23,5.32,6.13,5.15,5.85,25845828,143700000.00
2024-02-26,5.66,5.94,5.58,5.60,14587706,83078072.00
2024-02-27,5.51,6.16,5.45,5.78,20998200,122701848.00
2024-02-28,5.71,5.75,5.20,5.37,15363886,85144856.00
2024-02-29,5.36,5.54,5.21,5.51,8826364,47634108.00
2024-03-01,5.50,5.59,5.36,5.38,6524743,35323656.00
2024-03-04,5.31,5.38,5.00,5.17,6744286,34559612.00
2024-03-05,5.21,5.52,5.01,5.39,9139471,48173644.00
2024-03-06,5.30,5.58,5.19,5.35,7768354,41981112.00
2024-03-07,5.32,5.33,5.01,5.01,6484452,33275486.00
2024-03-08,5.06,5.09,4.81,4.92,4471143,22041326.00
2024-03-11,4.83,4.98,4.81,4.95,2735497,13427664.00
2024-03-12,4.94,5.13,4.92,5.06,4789279,24125174.00
2024-03-13,5.00,5.10,4.75,4.86,4362381,21482632.00
2024-03-14,4.87,4.98,4.62,4.69,3637892,17488556.00
2024-03-15,4.62,5.13,4.62,4.97,8295590,41376484.00
2024-03-18,4.90,5.22,4.90,5.06,6152227,31297366.00
2024-03-19,4.97,5.10,4.91,4.94,4267788,21241726.00
2024-03-20,5.00,5.00,4.91,4.93,2171098,10733442.00
2024-03-21,4.95,5.02,4.78,4.96,3996807,19650388.00
2024-03-22,4.96,4.96,4.74,4.79,2903902,14007233.00
2024-03-25,4.86,4.86,4.51,4.53,2495265,11627909.00
2024-03-26,4.58,4.75,4.53,4.62,2551822,11838390.00
2024-03-27,4.59,4.87,4.57,4.66,2837191,13431837.00
2024-03-28,4.68,4.70,4.54,4.58,3250458,14982471.00
2024-03-29,4.58,4.65,4.45,4.49,2818119,12756165.00
2024-04-01,4.49,4.52,4.42,4.44,2578730,11458518.00
2024-04-02,4.45,4.45,4.27,4.27,2244102,9707001.00
2024-04-03,4.35,4.48,4.21,4.23,2788325,12097655.00
2024-04-08,4.19,4.20,4.03,4.05,2437477,9949365.00
2024-04-09,4.02,4.12,4.02,4.05,1314364,5349451.00
2024-04-10,4.06,4.50,4.04,4.27,5030180,21769992.00
2024-04-11,4.21,4.35,4.08,4.11,2736357,11349198.00
2024-04-12,4.17,4.33,4.06,4.12,2892912,12181170.00
2024-04-15,4.09,4.17,3.61,3.80,2724893,10682544.00
2024-04-16,3.77,3.87,3.27,3.48,3358611,11928164.00
2024-04-17,3.62,4.10,3.54,3.95,5954795,23047494.00
2024-04-18,3.81,4.08,3.79,3.92,4784544,18827342.00
2024-04-19,3.90,3.90,3.73,3.79,3035877,11536114.00
2024-04-22,3.74,3.75,3.63,3.65,2050461,7548521.00
2024-04-23,3.65,3.74,3.62,3.69,1518674,5598215.00
2024-04-24,3.74,3.85,3.70,3.74,2010578,7545902.00
2024-04-25,3.74,3.80,3.63,3.64,2092747,7734165.00
2024-04-26,3.64,3.73,3.62,3.66,1785746,6521777.50
2024-04-29,3.72,3.76,3.67,3.70,2430025,8990157.00
2024-04-30,3.79,4.48,3.72,4.05,8663198,35380604.00
2024-05-06,4.00,4.15,3.94,3.99,4407141,17624760.00
2024-05-07,3.96,4.02,3.93,3.95,1896988,7528603.00
2024-05-08,4.02,4.13,3.95,4.05,3193919,12960212.00
2024-05-09,4.03,4.05,3.96,3.98,1886536,7536365.00
2024-05-10,3.98,4.00,3.82,3.84,1618411,6269145.00
2024-05-13,3.84,3.89,3.70,3.75,1198334,4505620.00
2024-05-14,3.80,3.84,3.75,3.77,1463419,5561049.00
2024-05-15,3.72,3.85,3.65,3.70,912153,3399357.00
2024-05-16,3.66,3.74,3.65,3.67,963230,3544660.00
2024-05-17,3.74,3.74,3.65,3.67,967855,3560633.00
2024-05-20,3.70,3.73,3.64,3.67,1091169,4004446.75
2024-05-21,3.74,3.74,3.62,3.66,958814,3527339.00
2024-05-22,3.63,3.72,3.61,3.70,968416,3558328.25
2024-05-23,3.72,4.06,3.63,3.85,6062829,23450300.00
2024-05-24,3.78,3.89,3.67,3.68,2524330,9533210.00
2024-05-27,3.68,3.74,3.60,3.67,1550928,5655957.00
2024-05-28,3.69,3.76,3.63,3.65,917623,3382264.50
2024-05-29,3.64,3.73,3.62,3.68,1098139,4028868.50
2024-05-30,3.68,3.74,3.63,3.64,1024687,3758634.00
2024-05-31,3.62,3.68,3.61,3.63,1182571,4299042.50
2024-06-03,3.63,3.67,3.58,3.62,981206,3561438.00
2024-06-04,3.61,3.63,3.33,3.42,2645750,9176406.00
2024-06-05,3.40,3.40,3.26,3.31,1825140,6069294.50
2024-06-06,3.35,3.35,3.03,3.03,2413073,7610542.00
2024-06-07,3.08,3.20,3.05,3.10,929443,2894922.75
2024-06-11,3.12,3.15,3.02,3.12,926100,2862918.00
2024-06-12,3.17,3.17,3.07,3.12,638222,1982377.75
2024-06-13,3.11,3.13,3.05,3.08,704789,2175253.50
2024-06-14,3.07,3.14,3.04,3.09,923544,2849021.50
2024-06-17,3.09,3.09,3.02,3.02,883819,2690951.00
2024-06-18,3.02,3.09,3.00,3.08,1083448,3301782.00
2024-06-19,3.07,3.28,3.07,3.15,3507274,11183901.00
2024-06-20,3.15,3.15,3.03,3.10,1870690,5764861.00
2024-06-21,3.09,3.25,3.06,3.16,1929880,6136465.50
2024-06-24,3.09,3.16,3.00,3.01,1756357,5340460.50
2024-06-25,3.03,3.17,3.00,3.04,2037084,6291461.00
2024-06-26,3.04,3.17,3.04,3.13,2114969,6584625.00
2024-06-27,3.13,3.16,3.03,3.08,2258482,6980327.50
2024-06-28,3.10,3.14,3.06,3.07,815633,2521213.75
2024-07-01,3.10,3.10,3.01,3.05,1127989,3426547.00
2024-07-02,3.09,3.09,3.01,3.04,1020688,3102340.25
2024-07-03,3.04,3.04,2.93,2.95,1692717,5020574.50
2024-07-04,2.93,3.00,2.88,2.89,1363188,3991946.25
2024-07-05,2.89,2.95,2.78,2.93,1728330,4916942.50
2024-07-08,2.90,2.91,2.79,2.80,1280227,3626282.00
2024-07-09,2.80,2.85,2.77,2.83,1000655,2827270.75
2024-07-10,2.83,2.91,2.78,2.83,1291830,3678262.00
2024-07-11,2.85,3.67,2.85,3.67,11591398,40124588.00
2024-07-12,4.05,4.46,3.98,4.20,23132664,97181544.00
2024-07-15,4.01,4.87,3.88,4.45,21948355,95499320.00
2024-07-16,4.30,5.78,4.21,5.78,31862417,164103072.00
2024-07-17,5.78,7.51,5.55,7.51,37034185,247175088.00
2024-07-18,7.75,8.00,6.55,6.85,40471733,293005920.00
2024-07-19,6.88,7.30,6.33,6.50,33595442,228403728.00
2024-07-22,6.00,6.25,5.57,5.66,28339110,166120880.00
2024-07-23,5.75,6.10,5.47,5.58,27521429,160226112.00
2024-07-24,5.58,6.96,5.39,6.59,34445078,203319424.00
2024-07-25,6.30,7.68,6.22,6.85,36136100,250236752.00
2024-07-26,6.70,6.84,5.92,5.92,29996843,189275696.00
2024-07-29,5.85,6.17,5.65,5.91,21435497,126976480.00
2024-07-30,6.00,6.80,5.90,6.06,25740545,162259280.00
2024-07-31,5.80,5.90,5.50,5.69,23641970,134405760.00
2024-08-01,5.68,5.73,5.37,5.44,16822533,92845032.00
2024-08-02,5.55,5.75,5.39,5.59,20852318,116630688.00
2024-08-05,5.42,5.48,4.92,4.99,16939127,87713616.00
2024-08-06,5.10,5.48,5.05,5.22,16441483,86421440.00
2024-08-07,5.30,5.30,5.08,5.10,11639481,60114564.00
2024-08-08,5.20,5.24,4.86,4.92,11280488,56443944.00
2024-08-09,4.98,5.05,4.85,5.03,10083651,50199172.00
2024-08-12,5.08,5.19,4.90,5.06,10432347,52789724.00
2024-08-13,4.99,5.13,4.79,4.90,10492992,51548840.00
2024-08-14,4.92,4.94,4.60,4.62,12673696,60065556.00
2024-08-15,4.65,4.70,4.47,4.70,11823867,54131620.00
2024-08-16,4.82,4.82,4.51,4.72,11750688,54792316.00
2024-08-19,4.65,4.67,4.50,4.52,7447064,34132356.00
2024-08-20,4.52,5.22,4.49,4.79,22181829,107908504.00
2024-08-21,4.66,4.71,4.51,4.56,11432666,52347964.00
2024-08-22,4.59,4.59,4.28,4.40,9891465,43529712.00
2024-08-23,4.36,4.40,4.20,4.28,6576057,28199588.00
2024-08-26,4.20,4.33,4.20,4.26,4368998,18613374.00
2024-08-27,4.27,4.27,4.04,4.07,5261207,21729250.00
2024-08-28,4.09,4.36,4.05,4.10,7845724,32955542.00
2024-08-29,4.04,4.23,3.96,4.10,6512203,26602740.00
2024-08-30,4.11,4.29,4.09,4.25,8014533,33813744.00
2024-09-02,4.25,4.46,4.23,4.24,9001727,38920276.00
2024-09-03,4.22,4.38,4.13,4.15,6938688,29361290.00
2024-09-04,4.13,4.45,3.97,4.44,13900252,58694136.00
2024-09-05,4.41,5.03,4.36,4.51,19730391,92646008.00
2024-09-06,4.45,4.97,4.45,4.83,20039517,94676944.00
2024-09-09,4.74,4.76,4.53,4.58,10626601,48917444.00
2024-09-10,4.59,4.60,4.26,4.39,9887597,43120096.00
2024-09-11,4.40,4.46,4.24,4.27,7307551,31681272.00
2024-09-12,4.30,4.35,4.15,4.17,5948960,25242152.00
2024-09-13,4.21,4.69,4.04,4.42,14791478,64202276.00
2024-09-18,4.25,4.41,4.17,4.26,7216983,30797666.00
2024-09-19,4.29,4.40,4.25,4.27,5815629,25062810.00
2024-09-20,4.28,4.35,4.12,4.13,6513561,27433412.00
2024-09-23,4.08,4.24,4.06,4.13,5015448,20722604.00
2024-09-24,4.15,4.28,4.10,4.24,7299006,30578524.00
2024-09-25,4.28,4.50,4.23,4.31,10111489,44254196.00
2024-09-26,4.37,4.65,4.32,4.57,13693695,61931652.00
2024-09-27,4.70,5.50,4.56,5.31,23427439,118586224.00
2024-09-30,5.93,6.88,5.31,6.82,25006212,152700832.00
2024-10-08,8.70,8.86,7.13,8.86,27752466,224011968.00
2024-10-09,7.40,8.34,6.66,6.78,19627400,150131712.00
2024-10-10,6.94,7.48,6.70,6.78,17016059,119896288.00
2024-10-11,6.80,6.80,5.82,5.99,14028171,86563000.00
2024-10-14,6.11,6.42,5.83,6.39,12343826,76106672.00
2024-10-15,6.41,6.76,6.16,6.20,13431455,87016400.00
2024-10-16,6.00,6.33,5.94,6.19,8307226,50964488.00
2024-10-17,6.27,6.95,6.27,6.44,17498208,114190208.00
2024-10-18,6.30,7.13,6.28,6.85,19541930,132026928.00
2024-10-21,6.89,7.84,6.89,7.78,22472437,167320880.00
2024-10-22,7.68,7.88,6.68,7.38,17489906,126885272.00
2024-10-23,7.39,8.85,7.24,7.69,23260045,189386960.00
2024-10-24,7.31,8.14,7.31,8.02,18044931,140910496.00
2024-10-25,8.12,8.80,7.62,7.64,23325988,190709248.00
2024-10-28,7.38,7.70,7.06,7.44,16655434,121965152.00
2024-10-29,7.56,9.67,7.44,9.67,38186412,333260000.00
2024-10-30,10.00,11.83,9.50,9.69,42201422,447718144.00
2024-10-31,8.81,11.50,8.38,10.46,34800824,327459104.00
2024-11-01,9.85,10.34,8.63,8.69,20712547,195623952.00
2024-11-04,8.41,9.68,8.41,9.22,14836577,135587232.00
2024-11-05,9.43,10.68,9.03,9.95,20963235,204250768.00
2024-11-06,10.00,11.44,9.63,10.56,25611514,268678848.00
2024-11-07,10.33,11.24,10.01,10.40,19386343,204180928.00
2024-11-08,10.64,10.98,9.90,10.05,14117281,145810256.00
2024-11-11,10.20,10.29,9.30,9.77,10020511,97350608.00
2024-11-12,9.77,9.97,9.31,9.50,8765676,84216144.00
2024-11-13,9.51,9.98,8.90,9.85,12297874,116662440.00
2024-11-14,9.78,9.95,9.16,9.22,7237122,69418544.00
2024-11-15,9.33,9.85,9.21,9.59,8354897,79602800.00
2024-11-18,9.80,11.39,9.40,10.55,21885733,227190192.00
2024-11-19,10.08,10.27,9.03,9.77,15591376,150620368.00
2024-11-20,9.70,10.10,9.50,9.99,12102249,118662688.00
2024-11-21,9.99,11.65,9.71,10.84,23450836,248493136.00
2024-11-22,10.59,11.40,10.26,10.50,19848950,213159216.00
2024-11-25,11.03,11.04,10.28,10.70,11396083,121060536.00
2024-11-26,10.60,10.71,9.55,9.64,11740792,118448368.00
2024-11-27,9.38,9.49,8.60,9.38,9745278,88976264.00
2024-11-28,9.45,9.69,9.10,9.10,8981127,84956696.00
2024-11-29,9.02,9.27,8.76,9.16,8468223,76547688.00
2024-12-02,9.34,9.80,9.12,9.75,11159950,106834680.00
2024-12-03,9.75,9.75,9.75,9.75,0,0.00
#数据来源:通达信
