870508 丰安股份 日线 不复权
      日期	    开盘	    最高	    最低	    收盘	    成交量	    成交额
2020-06-01,10.00,10.00,10.00,10.00,1000,10000.00
2020-06-02,10.00,10.00,10.00,10.00,1100,11000.00
2020-06-03,10.00,10.00,10.00,10.00,100,1000.00
2020-06-05,10.00,10.00,10.00,10.00,300,3000.00
2020-06-10,10.00,10.00,10.00,10.00,200,2000.00
2020-06-16,10.00,10.00,10.00,10.00,500,5000.00
2020-06-17,10.00,10.00,10.00,10.00,100,1000.00
2020-06-18,10.00,10.00,10.00,10.00,200,2000.00
2020-06-19,10.00,10.00,10.00,10.00,200,2000.00
2020-07-06,10.00,10.00,10.00,10.00,2000,20000.00
2020-07-15,10.00,10.00,10.00,10.00,100,1000.00
2020-07-17,10.00,10.00,10.00,10.00,100,1000.00
2020-07-20,10.00,10.00,10.00,10.00,300,3000.00
2020-07-21,10.00,10.00,10.00,10.00,200,2000.00
2020-09-03,10.00,10.00,10.00,10.00,200,2000.00
2020-09-29,10.00,10.00,10.00,10.00,1000,10000.00
2020-11-27,10.00,10.00,10.00,10.00,100,1000.00
2021-01-05,10.00,10.00,10.00,10.00,200,2000.00
2021-03-04,10.00,10.00,10.00,10.00,1000,10000.00
2021-03-15,10.00,10.00,10.00,10.00,100,1000.00
2021-03-16,10.00,10.00,10.00,10.00,1200,12000.00
2021-03-18,10.00,10.00,10.00,10.00,100,1000.00
2021-03-23,10.00,10.00,10.00,10.00,100,1000.00
2021-03-24,10.00,10.00,10.00,10.00,800,8000.00
2021-03-25,10.00,10.00,10.00,10.00,500,5000.00
2021-03-26,10.00,10.00,10.00,10.00,700,7000.00
2021-03-29,10.00,10.00,10.00,10.00,200,2000.00
2021-04-29,10.00,10.00,10.00,10.00,1000,10000.00
2021-04-30,10.00,10.00,10.00,10.00,1000,10000.00
2021-06-24,15.01,15.01,15.01,15.01,900,13509.00
2021-07-01,9.30,9.30,9.30,9.30,100,930.00
2021-09-06,12.00,12.00,12.00,12.00,100,1200.00
2021-09-28,21.01,21.01,21.00,21.00,100,2122.00
2021-10-11,22.00,35.00,12.00,35.00,400,10112.00
2021-10-18,36.00,36.00,35.00,35.00,600,21100.00
2021-11-09,30.00,30.00,30.00,30.00,200,6000.00
2021-11-15,30.01,30.01,30.01,30.01,300,9003.00
2021-12-02,24.00,24.00,15.99,15.99,1400,23187.00
2021-12-06,23.97,23.97,23.95,23.95,800,19172.00
2021-12-09,23.90,23.90,23.90,23.90,200,3585.00
2021-12-13,15.88,15.88,15.88,15.88,200,3176.00
2021-12-14,16.92,16.92,16.89,16.89,400,6762.00
2021-12-15,24.01,24.01,24.01,24.01,300,7203.00
2021-12-20,23.95,23.95,23.95,23.95,400,9580.00
2021-12-22,23.94,23.94,18.00,18.00,300,5094.00
2021-12-23,18.11,18.11,18.11,18.11,100,923.61
2021-12-28,18.67,24.87,18.67,19.04,600,11236.50
2021-12-29,18.94,19.00,18.94,19.00,200,3794.00
2021-12-30,19.02,19.02,19.00,19.01,500,9507.00
2022-01-04,19.28,24.98,19.28,24.98,1000,22130.00
2022-01-05,19.68,20.07,19.68,20.07,2800,55923.78
2022-01-07,20.18,20.18,20.16,20.16,1100,22185.98
2022-01-10,20.08,20.08,20.06,20.06,1300,26088.00
2022-01-11,20.18,23.88,20.18,23.88,4600,104668.00
2022-01-12,23.88,23.88,21.05,21.17,8000,175253.00
2022-01-13,20.50,20.50,20.50,20.50,400,8200.00
2022-01-14,19.00,19.00,19.00,19.00,2800,53200.00
2022-01-18,20.00,20.50,19.04,19.04,800,15720.00
2022-02-11,19.04,19.04,19.04,19.04,100,1905.00
2022-02-15,19.00,19.01,19.00,19.01,6000,114032.00
2022-02-16,18.79,18.79,18.79,18.79,1100,20680.00
2022-02-17,19.79,19.79,19.79,19.79,100,1980.00
2022-02-28,33.00,33.00,19.46,19.46,500,11094.00
2022-03-10,17.50,17.50,17.50,17.50,600,10482.50
2022-03-16,19.54,19.54,19.54,19.54,100,1955.00
2022-03-17,17.96,18.09,17.96,18.09,300,5409.00
2022-03-18,20.55,20.55,15.00,15.00,2700,41377.11
2022-03-21,11.11,15.99,11.11,15.99,2200,25429.95
2022-03-24,14.98,14.98,14.98,14.98,100,1527.96
2022-03-29,14.00,14.00,13.00,13.00,1100,14050.00
2022-03-30,12.97,12.97,12.05,12.05,1000,12076.01
2022-04-06,12.00,12.00,12.00,12.00,500,6000.00
2022-04-08,14.99,14.99,12.10,12.10,200,2709.00
2022-04-11,12.09,12.09,12.09,12.09,100,1209.00
2022-04-15,12.55,12.55,12.55,12.55,100,1255.00
2022-04-18,12.55,13.00,12.55,13.00,200,2555.00
2022-04-21,11.50,11.50,11.30,11.30,200,2268.50
2022-04-25,11.39,11.39,11.39,11.39,400,4544.61
2022-05-12,11.00,11.00,11.00,11.00,700,7700.00
2022-05-17,12.80,12.80,12.20,12.20,3400,42348.00
2022-12-16,9.00,9.02,8.80,8.87,2243020,19920992.00
2022-12-19,8.81,8.86,8.55,8.81,657172,5741322.50
2022-12-20,8.84,9.25,8.60,9.18,1005836,9021512.00
2022-12-21,9.00,9.45,8.90,9.35,809234,7503096.50
2022-12-22,9.22,9.51,9.10,9.30,562989,5273021.00
2022-12-23,9.20,9.20,8.75,8.80,261978,2348832.00
2022-12-26,8.82,8.98,8.76,8.78,75446,665745.13
2022-12-27,8.80,8.83,8.72,8.80,112706,988051.75
2022-12-28,8.73,8.73,8.70,8.71,72400,631057.69
2022-12-29,8.57,8.71,8.57,8.63,63152,545007.81
2022-12-30,8.62,8.79,8.62,8.73,59883,518376.88
2023-01-03,8.80,8.80,8.64,8.74,51398,447268.84
2023-01-04,8.72,8.72,8.62,8.63,151015,1307222.88
2023-01-05,8.64,8.69,8.62,8.66,90229,780196.06
2023-01-06,8.63,8.68,8.63,8.64,56986,492931.50
2023-01-09,8.63,8.68,8.63,8.64,54831,474306.13
2023-01-10,8.63,8.65,8.61,8.61,47301,407909.84
2023-01-11,8.68,8.68,8.60,8.60,51466,443289.88
2023-01-12,8.61,8.64,8.58,8.58,54421,468064.88
2023-01-13,8.51,8.61,8.51,8.56,40500,346831.75
2023-01-16,8.58,8.61,8.54,8.57,63475,543924.25
2023-01-17,8.57,8.60,8.55,8.60,35586,305254.47
2023-01-18,8.65,8.65,8.56,8.60,47801,410754.53
2023-01-19,8.62,8.67,8.59,8.66,62400,539773.81
2023-01-20,8.67,8.69,8.65,8.68,60595,525851.63
2023-01-30,8.70,8.72,8.68,8.72,106222,923591.50
2023-01-31,8.68,9.11,8.63,9.11,556773,4981065.00
2023-02-01,9.18,9.18,9.00,9.07,331807,3018102.75
2023-02-02,9.06,9.07,8.91,9.00,313223,2822745.50
2023-02-03,9.00,9.08,8.96,8.99,108098,970735.06
2023-02-06,8.92,9.07,8.92,8.98,57535,517822.81
2023-02-07,8.98,9.05,8.94,8.97,91017,818320.13
2023-02-08,9.05,9.08,9.00,9.01,54835,494894.19
2023-02-09,9.00,9.02,8.95,8.99,59329,533553.31
2023-02-10,8.98,9.01,8.95,9.01,81812,735293.63
2023-02-13,9.02,9.07,9.00,9.02,57518,519264.09
2023-02-14,9.03,9.03,8.98,9.00,47076,423797.47
2023-02-15,8.99,8.99,8.93,8.98,47680,427495.81
2023-02-16,8.95,9.00,8.92,8.92,84723,759215.56
2023-02-17,8.93,8.95,8.92,8.94,57619,514925.31
2023-02-20,8.92,8.98,8.91,8.92,75496,673600.13
2023-02-21,8.92,8.98,8.92,8.92,35990,321436.00
2023-02-22,8.93,8.94,8.90,8.93,73143,652488.00
2023-02-23,8.95,8.95,8.90,8.92,41796,372548.41
2023-02-24,8.97,8.97,8.90,8.90,35429,315622.09
2023-02-27,8.87,8.95,8.87,8.92,45065,401217.72
2023-02-28,8.88,8.91,8.88,8.91,50937,452657.94
2023-03-01,8.89,8.98,8.89,8.93,69700,620937.00
2023-03-02,8.98,8.98,8.90,8.91,34600,308159.00
2023-03-03,8.91,8.95,8.88,8.90,43083,383328.88
2023-03-06,8.90,8.92,8.88,8.91,69300,616421.13
2023-03-07,8.88,8.93,8.80,8.89,92535,820020.44
2023-03-08,8.86,8.93,8.86,8.88,42991,382225.34
2023-03-09,8.88,8.89,8.82,8.84,37023,327894.47
2023-03-10,8.82,8.88,8.76,8.83,60633,533781.31
2023-03-13,8.83,8.83,8.74,8.76,43473,380646.72
2023-03-14,8.75,8.75,8.60,8.60,105137,909767.81
2023-03-15,8.53,8.70,8.53,8.64,60572,521710.88
2023-03-16,8.56,8.60,8.55,8.59,48227,413206.00
2023-03-17,8.59,8.62,8.53,8.59,73617,630548.31
2023-03-20,8.59,8.59,8.52,8.52,43354,370139.47
2023-03-21,8.61,8.61,8.51,8.52,37940,323396.56
2023-03-22,8.57,8.57,8.53,8.53,31500,269066.00
2023-03-23,8.55,8.56,8.52,8.54,50211,428293.22
2023-03-24,8.54,8.56,8.52,8.55,51360,438213.38
2023-03-27,8.55,8.57,8.52,8.53,33450,285844.00
2023-03-28,8.56,8.56,8.51,8.54,32366,275751.66
2023-03-29,8.52,8.53,8.50,8.52,37092,315483.88
2023-03-30,8.52,8.55,8.41,8.51,38220,324273.88
2023-03-31,8.41,8.52,8.41,8.50,36387,308654.81
2023-04-03,8.44,8.53,8.25,8.32,190016,1590144.25
2023-04-04,8.28,8.35,8.23,8.28,117000,968256.44
2023-04-06,8.33,8.33,8.15,8.20,165072,1352246.25
2023-04-07,8.20,8.23,8.13,8.14,167902,1371055.75
2023-04-10,8.25,8.25,8.15,8.16,58631,480836.25
2023-04-11,8.15,8.20,8.15,8.18,38490,314259.19
2023-04-12,8.18,8.21,8.16,8.17,41600,339904.00
2023-04-13,8.16,8.18,8.14,8.15,53364,435519.97
2023-04-14,8.15,8.16,8.14,8.15,15963,130084.82
2023-04-17,8.13,8.16,8.11,8.12,24000,194987.30
2023-04-18,8.13,8.15,8.10,8.11,52336,424397.81
2023-04-19,8.11,8.15,8.10,8.11,20386,165461.05
2023-04-20,8.11,8.13,8.03,8.08,35330,285442.31
2023-04-21,8.10,8.10,7.90,7.91,80166,639898.19
2023-04-24,7.93,7.94,7.90,7.90,40432,319776.81
2023-04-25,7.91,7.91,7.71,7.77,37883,296247.13
2023-04-26,7.77,7.88,7.74,7.85,21014,164291.50
2023-04-27,7.82,7.86,7.81,7.84,10350,80996.50
2023-04-28,7.85,7.92,7.84,7.92,25652,202234.69
2023-05-04,7.87,7.93,7.87,7.92,26594,210321.42
2023-05-05,7.88,8.00,7.88,8.00,39799,316193.25
2023-05-08,8.08,8.15,8.03,8.14,131658,1068122.25
2023-05-09,8.15,8.15,8.01,8.03,54781,442497.50
2023-05-10,8.02,8.05,8.00,8.03,11249,90300.87
2023-05-11,8.03,8.06,8.00,8.05,16710,134331.59
2023-05-12,8.10,8.10,8.05,8.05,18585,149927.05
2023-05-15,8.02,8.05,8.02,8.04,19800,159022.00
2023-05-16,8.02,8.12,8.02,8.09,28946,234231.36
2023-05-17,8.13,8.13,7.95,7.99,66307,530956.50
2023-05-18,7.85,8.04,7.85,8.00,17300,137691.00
2023-05-19,8.00,8.00,7.95,7.99,28715,228975.70
2023-05-22,7.95,7.99,7.95,7.98,18371,146341.27
2023-05-23,8.06,8.08,7.98,8.00,31029,249594.09
2023-05-24,7.95,8.04,7.95,8.00,19842,158895.27
2023-05-25,8.00,8.10,7.98,7.98,20344,162860.78
2023-05-26,8.00,8.10,7.96,8.05,17509,140544.28
2023-05-29,8.13,8.13,8.01,8.02,33622,269797.59
2023-05-30,8.01,8.09,8.01,8.02,11314,90792.28
2023-05-31,7.96,8.02,7.96,7.98,8100,64618.00
2023-06-01,7.85,8.04,7.85,7.90,24019,190097.20
2023-06-02,8.14,8.14,7.88,7.96,17900,142430.09
2023-06-05,8.10,8.10,7.92,7.95,8165,65148.95
2023-06-06,7.88,8.05,7.88,7.89,31565,249227.05
2023-06-07,7.81,7.90,7.81,7.84,14400,113151.00
2023-06-08,7.84,7.86,7.81,7.81,26698,208699.28
2023-06-09,8.01,8.01,7.76,7.79,83625,650662.00
2023-06-12,7.81,7.81,7.70,7.75,28094,218419.70
2023-06-13,7.75,7.79,7.74,7.75,32026,248299.09
2023-06-14,7.71,7.75,7.70,7.70,61500,474464.06
2023-06-15,7.70,7.79,7.70,7.76,38986,302447.41
2023-06-16,7.83,7.87,7.77,7.86,100789,788907.75
2023-06-19,7.72,7.94,7.71,7.79,72786,567204.25
2023-06-20,7.78,7.79,7.70,7.71,87209,674808.13
2023-06-21,7.76,7.76,7.69,7.69,45171,347796.97
2023-06-26,7.79,7.79,7.62,7.65,20069,153956.11
2023-06-27,7.65,7.68,7.59,7.61,100602,768320.00
2023-06-28,7.60,7.70,7.60,7.64,33272,254076.08
2023-06-29,7.63,7.74,7.60,7.74,72762,560572.25
2023-06-30,7.75,7.84,7.71,7.72,69003,536561.06
2023-07-03,7.71,7.76,7.66,7.72,92256,709401.44
2023-07-04,7.80,7.81,7.71,7.81,39439,306754.03
2023-07-05,7.72,7.88,7.72,7.86,168581,1322201.50
2023-07-06,7.60,7.60,7.38,7.40,87628,650796.81
2023-07-07,7.37,7.50,7.36,7.47,162500,1211763.63
2023-07-10,7.47,7.58,7.47,7.47,149220,1112888.25
2023-07-11,7.47,7.50,7.45,7.50,49496,369902.38
2023-07-12,7.60,7.60,7.45,7.45,34298,256612.30
2023-07-13,7.57,7.57,7.44,7.48,43510,324535.63
2023-07-14,7.47,7.48,7.44,7.44,36701,273545.44
2023-07-17,7.44,7.49,7.38,7.40,38712,287024.44
2023-07-18,7.59,7.59,7.39,7.45,22175,166249.92
2023-07-19,7.55,7.55,7.44,7.48,17200,129199.00
2023-07-20,7.45,7.45,7.40,7.43,46508,344869.28
2023-07-21,7.36,7.42,7.32,7.36,37678,277866.84
2023-07-24,7.51,7.51,7.34,7.35,28000,206775.70
2023-07-25,7.52,7.52,7.34,7.37,45551,337765.09
2023-07-26,7.37,7.44,7.35,7.38,20600,152175.47
2023-07-27,7.31,7.43,7.31,7.36,16900,124557.53
2023-07-28,7.50,7.50,7.36,7.40,55968,415503.91
2023-07-31,7.40,7.45,7.40,7.44,48921,363345.88
2023-08-01,7.45,7.49,7.41,7.41,50681,378192.84
2023-08-02,7.41,7.46,7.37,7.38,43200,319322.34
2023-08-03,7.45,7.45,7.37,7.41,44639,331489.75
2023-08-04,7.37,7.46,7.37,7.41,18452,137084.41
2023-08-07,7.38,7.44,7.38,7.44,10680,78926.80
2023-08-08,7.41,7.47,7.41,7.43,18300,136128.00
2023-08-09,7.48,7.48,7.39,7.40,26300,195343.00
2023-08-10,7.38,7.44,7.37,7.44,61768,455657.50
2023-08-11,7.45,7.45,7.34,7.35,42756,314761.66
2023-08-14,7.32,7.32,7.30,7.31,69730,509481.13
2023-08-15,7.36,7.36,7.23,7.27,90351,656356.00
2023-08-16,7.25,7.25,7.21,7.24,29369,212269.16
2023-08-17,7.20,7.24,7.18,7.24,85700,616679.88
2023-08-18,7.26,7.27,7.20,7.24,27114,196572.44
2023-08-21,7.19,7.19,7.18,7.18,37584,270033.34
2023-08-22,7.20,7.20,7.00,7.04,197164,1388795.25
2023-08-23,6.99,7.00,6.93,6.93,60094,417960.88
2023-08-24,6.86,7.00,6.86,6.91,23706,163484.56
2023-08-25,6.86,6.98,6.86,6.90,15100,104330.00
2023-08-28,7.22,7.22,6.91,6.91,11882,83363.18
2023-08-29,6.91,6.99,6.91,6.99,15200,105820.00
2023-08-30,6.97,7.00,6.97,7.00,12700,88736.00
2023-08-31,7.08,7.09,6.99,7.05,13500,94771.50
2023-09-01,6.99,7.07,6.99,7.06,21293,149949.63
2023-09-04,7.18,7.29,7.13,7.25,198521,1435614.38
2023-09-05,7.29,7.29,7.15,7.20,28908,208442.69
2023-09-06,7.23,7.28,7.12,7.20,47528,340196.19
2023-09-07,7.25,7.25,7.07,7.13,46334,328872.69
2023-09-08,7.01,7.14,7.01,7.12,4691,33200.83
2023-09-11,7.04,7.17,7.04,7.11,21819,154761.77
2023-09-12,7.15,7.15,7.08,7.11,3200,22753.00
2023-09-13,7.06,7.14,7.05,7.11,15859,112196.95
2023-09-14,7.03,7.11,7.03,7.11,9100,64147.89
2023-09-15,7.04,7.08,7.04,7.04,6936,48976.16
2023-09-18,7.02,7.13,7.02,7.05,11750,82692.00
2023-09-19,7.03,7.10,7.01,7.09,15706,110715.08
2023-09-20,7.02,7.09,7.01,7.08,5464,38452.02
2023-09-21,7.08,7.08,7.01,7.02,10879,76548.37
2023-09-22,7.06,7.06,7.01,7.05,5078,35676.92
2023-09-25,7.03,7.03,7.03,7.03,13200,92796.00
2023-09-26,6.99,7.03,6.99,7.00,11633,81407.67
2023-09-27,7.00,7.02,7.00,7.01,17088,119781.00
2023-09-28,7.00,7.07,7.00,7.07,22071,155491.55
2023-10-09,7.03,7.09,7.03,7.09,21900,154703.00
2023-10-10,7.05,7.06,7.04,7.05,6382,44971.39
2023-10-11,7.03,7.08,7.03,7.05,8748,61605.82
2023-10-12,7.01,7.07,7.00,7.07,40265,282561.94
2023-10-13,7.07,7.07,6.95,7.02,23065,161461.00
2023-10-16,6.93,7.00,6.93,6.95,21576,149709.69
2023-10-17,6.95,6.96,6.92,6.94,20576,142761.92
2023-10-18,6.91,6.92,6.90,6.92,15878,109759.98
2023-10-19,6.89,6.92,6.87,6.87,24312,167386.91
2023-10-20,6.86,6.88,6.85,6.88,12000,82387.00
2023-10-23,6.83,6.87,6.60,6.72,35599,240920.64
2023-10-24,6.75,6.75,6.64,6.70,20756,138592.95
2023-10-25,6.86,6.86,6.68,6.75,27968,187998.19
2023-10-26,6.75,6.75,6.62,6.74,8700,58203.00
2023-10-27,6.82,6.82,6.64,6.80,20000,135474.00
2023-10-30,6.75,6.85,6.75,6.84,8385,56854.40
2023-10-31,6.81,6.86,6.80,6.85,22432,153152.56
2023-11-01,6.72,6.79,6.72,6.77,8250,55832.50
2023-11-02,6.77,6.83,6.74,6.82,23400,158686.00
2023-11-03,6.82,6.83,6.80,6.83,11957,81439.60
2023-11-06,6.92,6.96,6.78,6.90,12700,87675.00
2023-11-07,6.90,6.92,6.90,6.92,6000,41464.00
2023-11-08,6.94,6.98,6.94,6.97,66263,461279.19
2023-11-09,7.00,7.01,6.96,7.01,30332,211929.09
2023-11-10,7.05,7.05,6.99,7.00,14579,102118.95
2023-11-13,6.98,6.98,6.91,6.95,17389,121001.60
2023-11-14,7.03,7.03,6.95,7.01,17210,120183.30
2023-11-15,6.97,7.04,6.97,7.04,45594,320008.69
2023-11-16,7.04,7.14,7.02,7.02,27115,191153.61
2023-11-17,7.08,7.08,6.96,7.05,15919,111856.00
2023-11-20,7.06,8.12,7.05,7.55,1157657,8888511.00
2023-11-21,7.72,8.45,7.46,7.89,2181405,17316842.00
2023-11-22,7.81,8.61,7.61,8.43,2603828,21235214.00
2023-11-23,8.32,8.88,8.03,8.11,2056073,17422136.00
2023-11-24,8.12,9.15,8.12,9.10,2926836,25428782.00
2023-11-27,9.36,10.60,9.36,10.42,5361826,53305808.00
2023-11-28,9.81,10.41,9.42,9.70,3012729,29975254.00
2023-11-29,9.75,9.87,8.51,8.65,2086364,19156700.00
2023-11-30,8.78,9.08,8.40,8.45,1455102,12615676.00
2023-12-01,8.48,8.66,8.06,8.29,1308117,10913426.00
2023-12-04,8.26,8.58,8.06,8.39,845191,7011606.50
2023-12-05,8.41,9.29,8.39,9.18,1845829,16460799.00
2023-12-06,9.17,9.48,9.00,9.28,1648122,15230761.00
2023-12-07,9.27,9.65,9.10,9.54,1590071,15029540.00
2023-12-08,9.68,9.98,9.46,9.71,1742820,16885538.00
2023-12-11,9.73,9.95,9.11,9.50,1566365,14873155.00
2023-12-12,9.45,9.70,9.22,9.69,1245751,11817963.00
2023-12-13,9.57,10.00,9.57,9.80,1925205,18908672.00
2023-12-14,9.92,10.28,9.75,9.95,2319249,23270078.00
2023-12-15,10.00,11.48,9.88,10.80,4388249,46542496.00
2023-12-18,10.81,11.47,10.44,11.01,3661910,39719124.00
2023-12-19,11.00,11.50,10.65,11.28,2940040,32529272.00
2023-12-20,11.05,14.66,11.05,14.66,9639778,130212904.00
2023-12-21,14.71,15.15,12.00,12.18,8523167,116321344.00
2023-12-22,11.83,12.48,11.15,12.05,5167665,60584496.00
2023-12-25,11.88,12.58,11.63,12.49,4580208,55888440.00
2023-12-26,12.29,12.78,11.77,12.37,4087466,50353720.00
2023-12-27,12.34,12.90,12.12,12.74,3794192,47612116.00
2023-12-28,12.60,12.77,12.30,12.50,3260837,40901352.00
2023-12-29,12.55,12.57,12.26,12.55,2798144,34792420.00
2024-01-02,12.55,13.46,12.41,13.46,4253797,54915864.00
2024-01-03,13.28,13.87,13.00,13.63,2789285,37063788.00
2024-01-04,13.46,13.99,13.13,13.77,2217377,30235302.00
2024-01-05,13.75,13.79,12.48,12.53,2462036,32080206.00
2024-01-08,12.22,12.65,11.55,11.55,1342461,16254993.00
2024-01-09,11.68,11.73,10.42,10.85,1411512,15539731.00
2024-01-10,10.76,11.22,10.53,11.20,1113683,12226626.00
2024-01-11,11.31,11.36,10.94,11.35,820907,9156759.00
2024-01-12,11.25,11.38,9.93,9.98,1430750,15027480.00
2024-01-15,9.90,10.09,9.43,9.60,976411,9445091.00
2024-01-16,9.75,10.40,9.15,10.26,1605560,15792817.00
2024-01-17,10.23,10.84,10.02,10.19,1321010,13758798.00
2024-01-18,10.11,10.61,10.03,10.59,1139045,11829899.00
2024-01-19,10.80,11.17,10.55,11.14,1606986,17571172.00
2024-01-22,11.22,11.22,10.15,10.46,1105133,11904308.00
2024-01-23,10.45,10.72,10.28,10.66,691946,7270243.50
2024-01-24,10.70,10.81,10.07,10.57,783121,8173995.50
2024-01-25,10.49,10.65,10.10,10.40,699422,7279344.00
2024-01-26,10.40,10.61,10.10,10.11,707002,7367673.00
2024-01-29,10.29,10.29,8.85,9.10,938588,8802622.00
2024-01-30,9.17,9.46,8.70,9.27,1108847,10109274.00
2024-01-31,9.18,9.59,9.01,9.48,1199539,11232072.00
2024-02-01,9.35,9.98,9.07,9.56,1471501,14040334.00
2024-02-02,9.47,9.65,8.22,8.69,1400708,12558973.00
2024-02-05,8.59,8.72,7.88,8.26,936946,7802836.00
2024-02-06,8.18,8.97,7.90,8.97,1352353,11664807.00
2024-02-07,8.86,9.38,8.75,8.83,1245828,11382855.00
2024-02-08,9.04,9.05,8.33,8.85,749286,6533693.50
2024-02-19,8.86,9.08,8.78,9.02,803990,7171123.00
2024-02-20,8.95,9.36,8.89,9.26,695458,6398352.50
2024-02-21,9.25,9.57,9.15,9.28,946966,8883470.00
2024-02-22,9.25,9.40,9.00,9.16,794993,7297668.00
2024-02-23,9.15,9.16,8.78,8.86,750878,6715120.50
2024-02-26,8.86,9.10,8.83,8.97,745945,6688840.00
2024-02-27,8.89,9.50,8.62,9.47,1460348,13496575.00
2024-02-28,9.59,9.93,9.03,9.09,1464813,13922987.00
2024-02-29,9.05,9.40,8.98,9.40,686734,6309589.50
2024-03-01,9.50,9.50,9.20,9.28,962914,8946946.00
2024-03-04,9.26,9.36,9.01,9.13,714061,6562205.50
2024-03-05,9.02,9.02,8.42,8.61,787645,6863095.00
2024-03-06,8.61,8.87,8.53,8.76,466025,4057501.75
2024-03-07,8.80,9.23,8.77,8.86,883469,7905896.50
2024-03-08,8.71,8.80,8.53,8.72,491384,4252928.00
2024-03-11,8.69,8.88,8.61,8.84,323653,2844603.50
2024-03-12,8.87,8.97,8.79,8.85,412550,3662920.50
2024-03-13,8.88,8.92,8.61,8.61,286666,2506685.75
2024-03-14,8.66,8.79,8.41,8.53,318348,2743221.75
2024-03-15,8.51,9.06,8.31,8.88,906548,8000828.50
2024-03-18,8.91,9.03,8.83,8.96,528264,4718473.50
2024-03-19,9.10,9.16,8.91,8.95,698798,6325746.00
2024-03-20,9.06,9.06,8.80,8.88,510994,4537877.00
2024-03-21,8.82,8.96,8.65,8.69,494079,4313655.50
2024-03-22,8.67,8.74,8.45,8.45,546028,4683967.00
2024-03-25,8.41,8.67,8.29,8.30,488848,4146792.50
2024-03-26,8.30,8.42,8.12,8.25,297351,2449660.75
2024-03-27,8.24,8.64,8.23,8.25,398692,3354464.00
2024-03-28,8.26,8.39,8.18,8.30,306945,2547797.75
2024-03-29,8.40,8.40,8.22,8.30,239134,1979684.88
2024-04-01,8.27,8.52,8.20,8.50,401250,3372691.75
2024-04-02,8.48,8.49,8.30,8.30,244280,2053444.75
2024-04-03,8.27,8.36,8.27,8.31,155583,1290643.13
2024-04-08,8.31,8.31,7.97,8.02,241509,1960632.13
2024-04-09,8.13,8.13,8.00,8.09,168088,1352078.88
2024-04-10,8.11,8.48,7.95,8.31,540032,4516462.00
2024-04-11,8.35,8.46,8.17,8.29,307998,2548488.25
2024-04-12,8.35,8.75,8.21,8.47,799825,6834596.00
2024-04-15,8.40,8.44,7.95,8.12,498915,4069696.75
2024-04-16,7.89,7.93,7.10,7.32,900829,6673910.50
2024-04-17,7.40,7.75,7.37,7.72,389196,2968859.75
2024-04-18,7.60,7.84,7.60,7.68,312409,2408480.00
2024-04-19,7.43,8.18,7.43,8.02,1064733,8416229.00
2024-04-22,7.97,8.68,7.95,8.46,1491893,12570238.00
2024-04-23,8.68,8.68,8.20,8.30,533824,4470092.50
2024-04-24,8.28,8.47,8.09,8.26,492217,4080519.00
2024-04-25,8.20,8.68,8.20,8.68,683026,5778759.50
2024-04-26,8.47,8.95,8.47,8.95,796326,6991106.00
2024-04-29,8.93,9.30,8.72,8.84,634125,5691474.00
2024-04-30,8.83,8.94,8.69,8.92,339253,2999755.25
2024-05-06,9.33,9.33,8.85,8.89,611613,5468653.00
2024-05-07,9.04,9.04,8.72,8.76,276510,2430625.25
2024-05-08,8.73,8.82,8.62,8.65,335176,2917238.25
2024-05-09,8.69,8.70,8.57,8.60,754663,6510771.00
2024-05-10,8.65,8.80,8.49,8.62,560958,4816362.00
2024-05-13,8.60,8.60,8.39,8.50,313789,2660904.50
2024-05-14,8.45,8.59,8.45,8.51,153847,1305158.25
2024-05-15,8.51,8.54,8.43,8.45,206306,1747236.00
2024-05-16,8.44,8.53,8.40,8.47,175689,1486511.13
2024-05-17,8.42,8.53,8.41,8.46,279972,2364371.50
2024-05-20,8.44,8.95,8.44,8.91,1107890,9651198.00
2024-05-21,9.10,9.48,8.74,9.23,2159927,19565368.00
2024-05-22,9.20,9.57,9.07,9.53,1068422,10045241.00
2024-05-23,9.50,9.99,9.29,9.46,1675616,16135569.00
2024-05-24,9.35,9.55,8.70,8.96,1872766,16918070.00
2024-05-27,8.90,8.96,8.62,8.81,691279,6040180.50
2024-05-28,8.76,8.90,8.69,8.76,407059,3567219.50
2024-05-29,8.72,8.82,8.57,8.57,338778,2936067.75
2024-05-30,8.58,8.67,8.33,8.41,459246,3862187.00
2024-05-31,8.36,8.51,8.35,8.43,311518,2617824.25
2024-06-03,8.37,8.47,8.00,8.20,622534,5065558.00
2024-06-04,8.17,8.28,8.06,8.20,366287,2992050.25
2024-06-05,8.27,8.38,8.07,8.09,304694,2495059.00
2024-06-06,8.22,8.24,7.92,8.17,679254,5491497.50
2024-06-07,8.35,8.44,8.12,8.36,360672,2978827.00
2024-06-11,8.37,8.49,8.18,8.39,457329,3819760.50
2024-06-12,8.39,8.46,8.27,8.40,243090,2034819.63
2024-06-13,8.46,8.74,8.30,8.74,1374586,11778965.00
2024-06-14,8.60,8.89,8.56,8.84,873179,7653181.50
2024-06-17,8.66,8.77,8.52,8.55,229200,1978403.75
2024-06-18,8.58,8.60,8.40,8.41,263253,2220166.75
2024-06-19,8.46,8.70,8.34,8.63,474820,4066818.75
2024-06-20,8.60,8.60,8.36,8.45,252645,2130191.25
2024-06-21,8.40,8.86,8.40,8.85,733724,6378408.50
2024-06-24,8.75,8.90,8.45,8.90,614776,5334658.50
2024-06-25,8.83,8.96,8.69,8.80,638341,5627822.50
2024-06-26,8.74,8.82,8.61,8.79,211998,1852712.13
2024-06-27,8.78,8.78,8.55,8.62,343295,2957323.00
2024-06-28,8.58,8.97,8.41,8.97,744614,6577020.50
2024-07-01,8.90,9.47,8.77,9.45,1143316,10462421.00
2024-07-02,9.47,9.88,9.26,9.86,1600102,15331463.00
2024-07-03,9.77,10.20,9.50,10.15,1765462,17555392.00
2024-07-04,10.02,10.39,9.65,9.98,1367958,13661390.00
2024-07-05,9.95,10.20,9.02,9.07,5393391,53235172.00
2024-07-08,8.80,8.80,8.01,8.12,2109856,17518524.00
2024-07-09,7.88,8.12,7.60,7.98,1698069,13375602.00
2024-07-10,7.97,7.97,7.64,7.77,1253610,9755867.00
2024-07-11,7.81,7.90,7.79,7.88,889991,6981004.50
2024-07-12,7.81,7.88,7.75,7.83,573790,4478157.00
2024-07-15,7.78,7.87,7.53,7.56,821856,6279411.00
2024-07-16,7.53,7.89,7.49,7.89,1269133,9861065.00
2024-07-17,7.89,8.88,7.89,8.81,2461229,20824104.00
2024-07-18,8.75,8.75,8.14,8.35,1618095,13540281.00
2024-07-19,8.29,8.44,8.13,8.20,960276,7964274.00
2024-07-22,8.23,8.23,7.97,8.07,537732,4333573.50
2024-07-23,8.10,8.18,7.89,7.90,475255,3808122.00
2024-07-24,7.90,7.98,7.66,7.70,403617,3134418.00
2024-07-25,7.70,7.92,7.70,7.80,389295,3044502.50
2024-07-26,7.82,8.37,7.82,8.36,1404490,11490832.00
2024-07-29,8.37,8.37,8.03,8.04,772745,6269595.50
2024-07-30,8.05,8.26,7.97,8.07,371319,3007580.75
2024-07-31,8.07,8.27,8.07,8.20,536753,4397914.00
2024-08-01,8.25,8.26,8.10,8.10,290308,2372608.75
2024-08-02,8.14,8.18,7.90,7.96,390345,3133261.25
2024-08-05,7.89,8.03,7.69,7.69,357354,2792964.50
2024-08-06,7.83,7.93,7.73,7.85,331555,2598330.25
2024-08-07,7.77,7.97,7.77,7.91,233715,1836636.63
2024-08-08,7.85,7.94,7.82,7.91,238304,1878167.63
2024-08-09,7.98,8.02,7.85,7.85,250846,1990965.25
2024-08-12,7.76,7.90,7.76,7.82,189544,1483570.75
2024-08-13,7.86,7.86,7.77,7.85,133930,1048048.44
2024-08-14,7.80,7.95,7.80,7.92,208899,1647241.00
2024-08-15,7.90,8.03,7.85,7.94,184990,1471057.75
2024-08-16,7.92,7.99,7.88,7.93,106937,845792.38
2024-08-19,7.97,7.97,7.78,7.80,356665,2788327.75
2024-08-20,7.77,7.87,7.73,7.78,197070,1534274.25
2024-08-21,7.72,7.78,7.61,7.62,268387,2061858.25
2024-08-22,7.70,7.71,7.42,7.44,333062,2497515.00
2024-08-23,7.40,7.42,7.29,7.35,241012,1769166.75
2024-08-26,7.40,7.44,7.29,7.35,195804,1440424.38
2024-08-27,7.33,7.37,7.17,7.24,268793,1945723.38
2024-08-28,7.17,7.40,7.17,7.31,190216,1386701.38
2024-08-29,7.38,7.43,7.22,7.38,257091,1890974.63
2024-08-30,7.37,7.60,7.37,7.46,416798,3127248.75
2024-09-02,7.39,7.45,7.25,7.29,233227,1715660.88
2024-09-03,7.30,7.36,7.26,7.30,168906,1234896.38
2024-09-04,7.25,7.25,7.19,7.19,207888,1498198.88
2024-09-05,7.31,7.31,7.19,7.22,92240,665976.50
2024-09-06,7.30,7.30,7.13,7.13,129486,930628.25
2024-09-09,7.10,7.16,7.03,7.07,166179,1177364.63
2024-09-10,7.07,7.10,6.97,7.10,193942,1361689.88
2024-09-11,7.10,7.18,7.04,7.10,98134,695740.88
2024-09-12,7.12,7.14,7.04,7.08,120992,856128.00
2024-09-13,7.04,7.25,7.00,7.12,189470,1350788.63
2024-09-18,7.12,7.15,6.97,7.08,175269,1235601.25
2024-09-19,7.15,7.25,7.07,7.16,175113,1255131.13
2024-09-20,7.20,7.20,7.13,7.16,45680,327431.03
2024-09-23,7.14,7.17,7.00,7.08,133283,942835.75
2024-09-24,7.06,7.30,7.06,7.30,275117,1985550.75
2024-09-25,7.35,7.49,7.34,7.36,558243,4135949.00
2024-09-26,7.35,7.50,7.27,7.48,304058,2246802.75
2024-09-27,7.56,8.13,7.55,8.03,1195786,9366751.00
2024-09-30,8.27,9.65,8.20,9.29,2265549,20117292.00
2024-10-08,11.12,12.05,9.80,10.99,3473471,37303284.00
2024-10-09,10.65,10.65,9.50,9.51,1675942,16843418.00
2024-10-10,9.53,9.93,9.27,9.55,1088600,10444526.00
2024-10-11,9.40,9.41,8.79,9.17,1008923,9103759.00
2024-10-14,9.02,9.59,9.02,9.59,1085468,10135773.00
2024-10-15,9.59,9.80,9.35,9.35,890169,8556645.00
2024-10-16,9.24,9.57,9.10,9.53,978293,9213361.00
2024-10-17,9.69,10.20,9.60,9.72,1863812,18457018.00
2024-10-18,9.68,10.39,9.55,10.04,2115216,21258638.00
2024-10-21,10.04,10.94,10.04,10.88,2689539,28695946.00
2024-10-22,10.92,11.10,10.28,10.90,2654392,28414146.00
2024-10-23,10.90,11.50,10.60,11.20,2498600,27987070.00
2024-10-24,11.19,11.80,10.90,11.63,2384408,27308754.00
2024-10-25,11.82,12.58,11.45,11.65,4353394,52584124.00
2024-10-28,11.50,13.07,11.30,12.97,3788289,45879708.00
2024-10-29,12.88,13.60,12.55,13.31,3273218,43005808.00
2024-10-30,13.94,13.94,12.57,13.39,2881116,38446064.00
2024-10-31,13.21,13.45,12.08,12.59,1964565,24971052.00
2024-11-01,12.35,12.76,11.61,12.11,1522635,18596110.00
2024-11-04,12.12,13.10,12.12,13.10,1616328,20485512.00
2024-11-05,13.30,14.99,13.10,14.36,2971647,41429900.00
2024-11-06,14.78,15.89,14.30,15.07,3285137,49651172.00
2024-11-07,15.06,16.45,14.61,15.82,2640089,41456528.00
2024-11-08,15.82,16.30,14.48,14.57,2047442,30968076.00
2024-11-11,14.75,14.80,13.21,14.57,1396882,19753606.00
2024-11-12,14.48,15.27,14.13,14.59,1192554,17416004.00
2024-11-13,14.59,14.99,13.56,14.84,1140742,16385238.00
2024-11-14,14.83,15.25,14.33,14.87,1202418,17834178.00
2024-11-15,14.86,15.22,14.55,15.15,1574885,23526956.00
2024-11-18,15.59,15.80,14.66,14.96,1760279,26842480.00
2024-11-19,14.83,15.14,12.82,13.82,2475063,33932144.00
2024-11-20,13.77,14.44,13.56,14.39,1430292,20222484.00
2024-11-21,14.39,18.70,14.29,18.70,8377383,144697280.00
2024-11-22,18.90,19.88,16.71,16.98,7548111,136742160.00
2024-11-25,16.51,16.70,15.20,15.96,4309335,68650632.00
2024-11-26,16.02,18.48,16.02,16.29,5234197,89944792.00
2024-11-27,15.73,17.87,14.68,17.87,5208485,85564024.00
2024-11-28,17.33,21.00,17.17,18.38,6261080,116824920.00
2024-11-29,17.90,18.68,17.30,17.75,3639878,65315364.00
2024-12-02,17.88,18.65,17.43,18.53,3228963,58949368.00
2024-12-03,18.53,18.53,18.53,18.53,0,0.00
#数据来源:通达信
