871245 威博液压 日线 不复权
      日期	    开盘	    最高	    最低	    收盘	    成交量	    成交额
2020-07-29,5.01,5.01,5.01,5.01,2100,10521.00
2020-07-30,5.01,5.01,5.01,5.01,1800,9018.00
2020-07-31,5.01,5.01,5.01,5.01,2600,13026.00
2020-08-03,5.01,5.01,5.01,5.01,900,4509.00
2020-08-04,5.01,5.01,5.01,5.01,100,501.00
2020-08-07,5.01,5.01,5.01,5.01,600000,3000000.00
2020-10-14,5.01,5.01,5.01,5.01,100,501.00
2020-10-26,5.01,5.01,5.01,5.01,100,501.00
2021-01-07,5.01,5.01,5.01,5.01,100,501.00
2021-01-14,5.15,5.15,5.15,5.15,100,515.00
2021-01-28,5.16,5.16,5.16,5.16,100,516.00
2021-03-03,5.17,5.17,5.17,5.17,500,2585.00
2021-03-11,5.21,5.22,5.21,5.22,1000,5215.00
2021-03-12,5.31,5.31,5.31,5.31,600,3186.00
2021-03-15,5.32,5.34,5.32,5.34,300,1598.00
2021-03-16,5.36,5.36,5.36,5.36,100,536.00
2021-03-24,5.53,5.53,5.53,5.53,200,1100.47
2021-06-01,6.48,6.48,6.48,6.48,200,1412.64
2021-06-03,6.16,6.16,6.16,6.16,4500,27720.00
2021-06-07,5.85,5.85,5.85,5.85,1000,5850.00
2021-06-08,5.86,5.86,5.86,5.86,5100,29886.00
2021-06-09,5.75,5.75,5.52,5.52,289300,1637664.63
2021-06-10,8.00,8.00,8.00,8.00,100,800.00
2021-06-21,6.00,6.00,6.00,6.00,100,600.00
2021-06-22,6.00,6.80,6.00,6.80,8000,50451.60
2021-06-23,7.51,7.51,6.78,6.78,1400,9905.00
2021-06-24,6.81,6.81,6.80,6.80,1300,8841.00
2021-06-28,7.81,7.81,7.75,7.75,700,5458.30
2022-01-06,28.12,29.00,24.00,26.00,7074000,186528912.00
2022-01-07,24.70,24.80,21.50,21.80,4196200,96505080.00
2022-01-10,21.01,21.40,20.45,21.02,1613628,33590560.00
2022-01-11,20.80,21.29,20.68,20.80,1200351,25031150.00
2022-01-12,20.85,21.10,20.62,21.03,934402,19464116.00
2022-01-13,20.91,20.95,20.63,20.66,663756,13797609.00
2022-01-14,20.61,20.85,20.39,20.58,597603,12326839.00
2022-01-17,20.80,20.95,20.48,20.88,655601,13646386.00
2022-01-18,20.75,21.65,20.41,20.80,1064914,22362424.00
2022-01-19,20.61,20.78,20.40,20.52,652846,13389304.00
2022-01-20,20.42,26.47,20.42,25.43,4250227,98567536.00
2022-01-21,23.12,24.99,22.32,22.69,2316563,54208168.00
2022-01-24,22.00,22.00,20.69,20.94,1394638,29578378.00
2022-01-25,21.09,21.45,20.51,20.83,898332,18800012.00
2022-01-26,20.67,22.09,20.66,21.24,824444,17701502.00
2022-01-27,20.98,21.21,20.20,20.34,852574,17579106.00
2022-01-28,20.66,20.77,20.32,20.42,408228,8354122.50
2022-02-07,20.68,20.95,20.30,20.47,336702,6880936.50
2022-02-08,20.55,20.59,20.34,20.56,204954,4188394.25
2022-02-09,20.58,20.58,20.30,20.51,279921,5711171.00
2022-02-10,20.94,20.94,20.22,20.39,296500,6072918.50
2022-02-11,20.37,20.37,18.77,19.07,870798,16850946.00
2022-02-14,19.00,19.49,19.00,19.13,168143,3221911.75
2022-02-15,19.07,19.42,19.05,19.36,141489,2732391.50
2022-02-16,19.27,19.50,19.24,19.34,191923,3709872.50
2022-02-17,19.48,19.48,19.05,19.17,174691,3339589.00
2022-02-18,19.17,19.22,18.95,19.22,90644,1727207.50
2022-02-21,19.05,19.21,19.05,19.12,179775,3434064.00
2022-02-22,19.13,19.13,18.64,18.74,215135,4044764.00
2022-02-23,18.68,18.90,18.50,18.86,401585,7495920.50
2022-02-24,18.70,18.75,18.06,18.30,390571,7198336.00
2022-02-25,18.25,18.62,18.25,18.36,110625,2032277.75
2022-02-28,18.36,18.52,18.18,18.26,121886,2224188.00
2022-03-01,18.26,18.42,18.14,18.33,81002,1482037.63
2022-03-02,18.39,18.39,18.18,18.21,69628,1269382.13
2022-03-03,18.36,18.65,18.23,18.55,258011,4758929.00
2022-03-04,18.36,18.54,18.25,18.26,103287,1894722.38
2022-03-07,18.05,18.34,17.78,17.90,141204,2540924.75
2022-03-08,17.83,18.04,17.55,17.56,113318,2004794.88
2022-03-09,17.53,17.71,17.01,17.20,103550,1792491.75
2022-03-10,17.54,17.61,17.27,17.38,94814,1654688.00
2022-03-11,17.12,17.41,16.61,17.05,166697,2829648.75
2022-03-14,17.00,17.00,16.64,16.65,58064,970535.69
2022-03-15,16.56,16.70,15.98,15.98,107186,1759484.50
2022-03-16,15.70,16.08,15.00,15.87,283477,4410524.00
2022-03-17,15.88,17.46,15.85,16.61,363155,6004071.00
2022-03-18,16.59,16.80,16.36,16.46,73748,1218188.88
2022-03-21,16.76,16.76,16.20,16.49,86790,1418700.50
2022-03-22,16.16,16.55,16.16,16.29,33633,550608.25
2022-03-23,15.88,16.77,15.88,16.15,85375,1380365.25
2022-03-24,15.92,16.00,15.60,15.60,166824,2628869.50
2022-03-25,15.62,15.76,15.43,15.43,59064,920177.81
2022-03-28,15.40,15.40,15.09,15.22,63223,958266.56
2022-03-29,15.44,15.59,15.25,15.29,86111,1329779.63
2022-03-30,15.23,15.43,15.19,15.40,56516,865894.56
2022-03-31,15.49,15.49,15.24,15.33,59855,915628.75
2022-04-01,15.63,16.50,15.63,16.38,425423,6844835.50
2022-04-06,16.55,16.73,16.36,16.56,295112,4882493.50
2022-04-07,15.97,15.98,15.21,15.52,449056,6962673.50
2022-04-08,15.50,15.50,15.15,15.32,110843,1695428.00
2022-04-11,15.35,15.35,15.06,15.13,93990,1422253.63
2022-04-12,15.12,15.25,15.12,15.17,56186,854055.81
2022-04-13,15.05,15.26,15.05,15.13,23665,358174.19
2022-04-14,15.15,15.37,15.00,15.13,51870,785710.50
2022-04-15,15.19,15.19,14.75,14.84,74927,1118352.00
2022-04-18,14.79,15.00,14.79,14.88,39063,581811.13
2022-04-19,15.49,15.49,14.75,14.88,51053,766226.38
2022-04-20,14.82,15.14,14.80,14.94,17915,266670.47
2022-04-21,14.84,14.98,14.58,14.65,40775,603634.25
2022-04-22,14.55,14.74,14.48,14.67,59452,866238.06
2022-04-25,14.60,14.63,13.94,14.16,111417,1587619.75
2022-04-26,13.92,14.16,13.84,13.86,68091,947914.13
2022-04-27,13.82,13.99,13.41,13.90,59588,816368.06
2022-04-28,13.90,13.90,13.33,13.70,45338,615432.63
2022-04-29,13.90,13.90,13.46,13.80,159709,2186105.25
2022-05-05,13.54,13.78,13.54,13.64,76558,1041542.38
2022-05-06,13.40,13.51,13.13,13.27,111374,1481108.38
2022-05-09,13.13,13.43,13.13,13.20,39495,522460.81
2022-05-10,13.13,13.41,13.07,13.25,54651,718159.50
2022-05-11,13.38,13.73,13.13,13.53,141774,1919045.50
2022-05-12,13.32,13.69,13.10,13.24,40622,536490.38
2022-05-13,13.23,14.91,13.23,14.46,525622,7580231.00
2022-05-16,14.33,14.53,13.75,13.90,205723,2887924.00
2022-05-17,14.16,14.22,13.71,13.97,25308,351929.13
2022-05-18,13.80,14.17,13.80,13.88,9106,126680.04
2022-05-19,13.70,13.88,13.70,13.88,27406,377767.75
2022-05-20,13.98,14.25,13.82,13.95,44481,628628.19
2022-05-23,14.00,14.26,14.00,14.26,18945,266951.91
2022-05-24,14.22,14.22,13.71,13.98,67315,935634.06
2022-05-25,13.74,14.04,13.74,13.98,9565,133211.69
2022-05-26,13.68,14.03,13.62,13.87,35402,493775.28
2022-05-27,14.19,14.19,13.88,13.99,7257,100932.04
2022-05-30,13.88,14.00,13.77,13.82,50319,699831.75
2022-05-31,13.97,14.23,13.82,14.05,82997,1174787.50
2022-06-01,14.25,14.25,13.95,14.08,64967,910357.19
2022-06-02,14.10,14.21,13.86,14.06,36491,513942.47
2022-06-06,13.90,14.14,13.90,14.12,52841,743730.56
2022-06-07,14.12,14.28,14.00,14.09,45063,636678.19
2022-06-08,14.00,14.27,14.00,14.20,53660,761520.31
2022-06-09,14.25,14.25,13.92,14.11,48859,684886.63
2022-06-10,13.86,14.30,13.86,14.13,26298,368390.78
2022-06-13,14.05,14.05,13.83,13.95,23338,325231.28
2022-06-14,13.86,14.02,13.83,14.00,16771,233060.08
2022-06-15,14.20,14.20,13.84,13.94,116272,1616425.88
2022-06-16,13.88,14.15,13.81,13.83,85133,1181543.00
2022-06-17,13.93,13.93,13.75,13.92,32205,445905.19
2022-06-20,14.16,14.16,13.68,13.80,85699,1181590.88
2022-06-21,14.05,14.11,13.79,13.89,63913,894712.00
2022-06-22,14.04,14.06,13.69,13.79,49752,683297.00
2022-06-23,13.64,13.77,13.62,13.69,98878,1351415.25
2022-06-24,13.70,13.75,13.67,13.70,44715,612528.25
2022-06-27,13.82,13.82,13.58,13.75,48223,659599.19
2022-06-28,13.61,14.02,13.61,14.01,195833,2723261.00
2022-06-29,13.90,14.10,13.81,13.81,122380,1703476.50
2022-06-30,13.94,14.18,13.84,13.98,29982,416674.44
2022-07-01,14.04,14.04,13.71,13.86,30806,427278.63
2022-07-04,13.69,13.91,13.69,13.85,25888,355904.09
2022-07-05,13.68,13.99,13.68,13.82,24126,333024.53
2022-07-06,13.69,13.93,13.68,13.83,25204,345651.63
2022-07-07,13.84,13.84,13.72,13.81,19864,273038.78
2022-07-08,13.67,13.88,13.67,13.70,23713,325014.66
2022-07-11,13.65,13.84,13.65,13.68,12680,174166.84
2022-07-12,13.63,13.64,13.03,13.03,258000,3422183.50
2022-07-13,13.10,13.17,12.97,13.01,60277,785432.75
2022-07-14,13.00,13.00,12.90,12.90,75897,981686.44
2022-07-15,12.92,12.95,12.49,12.52,163660,2066646.13
2022-07-18,12.70,12.70,12.49,12.61,66834,837702.75
2022-07-19,12.51,12.65,12.40,12.46,87388,1089991.13
2022-07-20,12.51,12.51,12.46,12.47,165739,2069177.50
2022-07-21,12.47,12.68,12.41,12.49,87299,1089308.50
2022-07-22,12.50,12.55,12.34,12.45,37411,465020.63
2022-07-25,12.45,12.52,12.45,12.51,50546,630595.50
2022-07-26,12.42,12.55,12.42,12.52,170271,2132100.75
2022-07-27,12.66,12.66,12.52,12.55,81521,1024434.25
2022-07-28,12.52,12.84,12.49,12.57,199021,2510657.25
2022-07-29,12.44,12.67,12.42,12.53,59220,739829.88
2022-08-01,12.43,12.50,12.42,12.48,28190,350959.84
2022-08-02,12.36,12.36,12.07,12.18,124559,1508878.00
2022-08-03,12.20,12.20,12.08,12.18,50871,615800.88
2022-08-04,12.00,12.19,12.00,12.18,22411,271758.34
2022-08-05,12.07,12.29,12.06,12.17,28290,345752.16
2022-08-08,12.08,12.25,12.06,12.20,24105,292665.84
2022-08-09,12.20,12.31,12.08,12.20,14575,177189.95
2022-08-10,12.17,12.25,12.17,12.22,47812,584573.00
2022-08-11,12.29,12.63,12.29,12.59,227875,2839077.75
2022-08-12,12.40,12.69,12.40,12.61,83479,1044629.81
2022-08-15,12.75,12.75,12.48,12.60,40344,508492.25
2022-08-16,12.42,12.67,12.42,12.54,9600,120880.00
2022-08-17,12.30,12.65,12.30,12.53,28264,354664.63
2022-08-18,12.53,12.56,12.42,12.50,19304,241907.50
2022-08-19,12.51,12.52,12.32,12.52,43710,542375.31
2022-08-22,12.28,13.90,12.28,12.67,48275,611343.63
2022-08-23,12.32,12.79,12.32,12.70,15877,198892.13
2022-08-24,12.42,12.69,12.38,12.53,32425,406167.06
2022-08-25,12.63,12.63,12.37,12.57,25800,321905.13
2022-08-26,12.88,13.20,12.33,12.66,39638,502927.06
2022-08-29,12.38,12.72,12.38,12.72,32387,408972.81
2022-08-30,12.70,12.73,12.48,12.73,24300,305210.44
2022-08-31,12.69,12.69,12.42,12.63,30070,376047.84
2022-09-01,12.73,12.73,12.45,12.45,8195,102197.12
2022-09-02,12.44,12.59,12.44,12.50,4782,59640.30
2022-09-05,12.60,12.90,12.46,12.70,32716,419354.88
2022-09-06,12.67,12.70,12.45,12.70,38707,486741.97
2022-09-07,12.49,12.67,12.49,12.56,10801,135706.56
2022-09-08,12.46,12.51,12.46,12.48,16932,211604.44
2022-09-09,12.42,12.59,12.42,12.55,6500,81454.00
2022-09-13,12.93,12.93,12.45,12.63,18959,238059.38
2022-09-14,12.39,12.60,12.31,12.54,33819,422143.78
2022-09-15,12.00,12.55,12.00,12.43,12348,152874.23
2022-09-16,12.88,12.98,12.40,12.50,172447,2183411.00
2022-09-19,12.42,12.61,12.41,12.58,86804,1084190.38
2022-09-20,12.58,13.16,12.58,13.07,291825,3792989.00
2022-09-21,12.90,14.15,12.90,13.76,655656,8912486.00
2022-09-22,13.60,14.08,13.41,13.51,245234,3345568.00
2022-09-23,12.71,13.55,12.71,12.99,218684,2847891.50
2022-09-26,12.75,13.09,12.52,12.53,73382,929431.50
2022-09-27,12.36,12.59,12.15,12.39,178591,2196814.00
2022-09-28,12.12,12.39,12.05,12.07,107999,1310899.63
2022-09-29,12.08,12.25,11.50,11.85,59017,711556.63
2022-09-30,11.80,12.00,11.60,11.97,28069,333787.53
2022-10-10,12.46,12.46,11.64,12.05,6387,75591.56
2022-10-11,12.09,12.09,11.58,11.95,4403,52452.60
2022-10-12,11.91,12.19,11.58,12.11,29802,353269.56
2022-10-13,11.86,12.06,11.77,11.98,20643,244834.67
2022-10-14,12.03,12.16,11.90,12.00,69381,832171.88
2022-10-17,12.08,12.11,12.05,12.11,52356,632154.31
2022-10-18,12.13,12.13,11.92,12.11,29657,356818.50
2022-10-19,12.28,12.28,12.03,12.07,38603,468891.72
2022-10-20,12.11,12.17,12.00,12.12,9109,110303.87
2022-10-21,12.07,12.14,12.07,12.14,43026,519729.88
2022-10-24,12.11,12.12,12.00,12.09,28647,344912.44
2022-10-25,12.07,12.10,11.83,12.06,3355,40071.76
2022-10-26,11.60,12.18,11.60,12.12,27103,324253.50
2022-10-27,11.96,12.08,11.95,12.08,16971,202862.81
2022-10-28,11.88,11.96,11.72,11.96,36594,431547.44
2022-10-31,11.51,11.93,11.51,11.76,14009,165628.41
2022-11-01,11.82,11.90,11.61,11.90,6143,72567.83
2022-11-02,12.04,12.04,11.86,11.93,29974,358306.00
2022-11-03,11.80,12.01,11.80,11.95,3760,44521.60
2022-11-04,11.75,12.07,11.60,12.06,297835,3505373.25
2022-11-07,11.80,12.06,11.80,11.98,75467,904287.13
2022-11-08,12.04,12.44,11.89,12.14,35598,429983.38
2022-11-09,12.05,12.16,12.01,12.10,26784,323176.00
2022-11-10,11.80,12.08,11.77,11.95,20900,248748.45
2022-11-11,12.06,12.17,11.88,12.02,65179,781539.38
2022-11-14,11.96,12.06,11.80,11.87,83150,987525.13
2022-11-15,11.87,11.92,11.83,11.87,93099,1104812.13
2022-11-16,11.90,11.91,11.76,11.86,74032,876622.88
2022-11-17,11.73,11.82,11.73,11.80,27584,324600.41
2022-11-18,11.78,11.84,11.68,11.76,124448,1459991.25
2022-11-21,11.90,11.94,11.76,11.82,142057,1676407.75
2022-11-22,11.86,11.86,11.74,11.76,21895,257648.98
2022-11-23,11.72,11.72,11.62,11.72,39840,465226.06
2022-11-24,11.58,11.75,11.58,11.68,51983,604415.63
2022-11-25,11.61,11.72,11.60,11.70,18294,212898.50
2022-11-28,11.60,11.65,11.60,11.61,18500,214960.55
2022-11-29,11.57,11.75,11.57,11.71,33771,393790.47
2022-11-30,11.61,11.71,11.61,11.70,10485,122344.88
2022-12-01,11.68,11.70,11.63,11.65,34523,403345.84
2022-12-02,11.60,11.72,11.60,11.68,6405,74648.33
2022-12-05,11.62,11.71,11.62,11.70,18975,221335.50
2022-12-06,11.88,11.92,11.71,11.71,30259,356590.41
2022-12-07,11.67,11.78,11.66,11.67,10870,127328.00
2022-12-08,11.57,11.68,11.57,11.63,26382,306452.56
2022-12-09,11.62,11.75,11.55,11.69,16517,191855.98
2022-12-12,11.59,11.68,11.56,11.56,16515,191357.45
2022-12-13,11.56,11.70,11.51,11.51,44780,516803.41
2022-12-14,11.48,11.71,11.45,11.45,34586,397700.78
2022-12-15,11.40,11.54,11.34,11.45,37812,430904.22
2022-12-16,11.50,11.53,11.31,11.31,29572,337856.34
2022-12-19,11.31,11.49,11.21,11.24,12444,140074.52
2022-12-20,11.13,11.21,11.12,11.16,9314,103943.28
2022-12-21,11.08,11.34,11.07,11.07,8975,99770.30
2022-12-22,11.21,11.21,11.01,11.03,5765,63776.95
2022-12-23,11.05,11.05,10.86,11.02,26747,292939.25
2022-12-26,10.80,10.98,10.80,10.96,6761,73773.46
2022-12-27,10.99,10.99,10.80,10.94,3400,36958.00
2022-12-28,10.82,10.93,10.82,10.93,4717,51293.81
2022-12-29,10.96,10.96,10.82,10.82,7704,83436.28
2022-12-30,10.91,10.91,10.80,10.80,16700,180675.41
2023-01-03,10.80,10.82,10.71,10.80,31450,339674.00
2023-01-04,10.73,10.84,10.73,10.75,11450,123574.50
2023-01-05,10.85,10.86,10.76,10.83,11103,120295.35
2023-01-06,11.00,11.00,10.78,10.89,16709,181092.38
2023-01-09,10.90,10.90,10.88,10.89,11526,125465.88
2023-01-10,10.98,10.99,10.71,10.95,36322,394848.41
2023-01-11,10.87,10.88,10.87,10.88,10500,114235.00
2023-01-12,10.88,10.88,10.85,10.85,1700,18470.00
2023-01-13,10.58,11.16,10.58,10.93,16797,183105.86
2023-01-16,10.76,10.98,10.75,10.83,15272,165625.41
2023-01-17,10.73,10.89,10.73,10.74,20537,220657.53
2023-01-18,10.71,10.93,10.71,10.78,17793,192612.91
2023-01-19,10.88,10.88,10.74,10.74,8901,95875.19
2023-01-20,10.75,10.90,10.75,10.79,26565,287719.47
2023-01-30,10.99,10.99,10.83,10.90,10716,116410.67
2023-01-31,10.95,11.87,10.81,11.45,277679,3158203.25
2023-02-01,11.46,11.58,11.06,11.45,96487,1101069.50
2023-02-02,11.40,11.46,11.26,11.42,45492,519417.13
2023-02-03,11.43,11.43,11.31,11.33,25409,288755.94
2023-02-06,11.34,11.35,11.29,11.32,11003,124666.62
2023-02-07,11.36,11.46,11.21,11.33,27046,306106.66
2023-02-08,11.55,11.55,11.18,11.18,39417,444304.19
2023-02-09,11.12,11.38,11.12,11.32,39796,447908.97
2023-02-10,11.43,11.43,11.27,11.33,9630,108975.96
2023-02-13,11.39,11.64,11.26,11.51,85643,985882.00
2023-02-14,11.36,11.59,11.34,11.48,38771,442325.22
2023-02-15,11.48,11.50,11.31,11.34,18830,214546.20
2023-02-16,11.47,11.47,11.28,11.33,68836,780498.25
2023-02-17,11.25,11.26,11.01,11.10,75958,845926.63
2023-02-20,11.17,11.17,11.04,11.17,43661,484562.00
2023-02-21,11.38,11.44,11.12,11.15,48080,542021.06
2023-02-22,11.12,11.18,11.10,11.16,17218,191724.69
2023-02-23,11.12,11.23,11.11,11.18,14612,163488.50
2023-02-24,11.25,11.25,11.06,11.08,24296,270586.63
2023-02-27,11.01,11.06,10.80,10.80,91560,996889.69
2023-02-28,10.81,10.97,10.66,10.78,44871,483634.50
2023-03-01,10.68,10.90,10.38,10.60,161275,1709357.00
2023-03-02,10.55,10.63,10.55,10.60,27913,295565.38
2023-03-03,10.60,10.63,10.52,10.62,16431,173649.08
2023-03-06,10.46,10.68,10.46,10.59,16727,176895.94
2023-03-07,10.54,10.65,10.52,10.59,33115,349329.25
2023-03-08,10.51,10.60,10.50,10.60,16200,170174.00
2023-03-09,10.52,10.62,10.49,10.49,41900,440771.00
2023-03-10,10.56,10.56,9.70,10.39,111644,1145028.63
2023-03-13,10.20,10.20,10.01,10.04,141656,1424386.63
2023-03-14,9.96,10.09,9.58,9.81,206349,2028526.38
2023-03-15,9.82,9.82,9.72,9.81,68881,675739.25
2023-03-16,9.90,9.90,9.63,9.74,35204,340791.47
2023-03-17,10.15,10.15,9.60,9.63,106351,1032522.94
2023-03-20,9.89,9.89,9.64,9.69,6900,66735.00
2023-03-21,9.84,9.89,9.66,9.79,19572,190944.13
2023-03-22,9.79,9.89,9.79,9.86,10680,104961.80
2023-03-23,9.86,9.88,9.77,9.85,10161,99829.07
2023-03-24,9.87,9.94,9.73,9.88,59487,583757.94
2023-03-27,9.93,9.93,9.66,9.77,38121,370554.94
2023-03-28,9.79,9.79,9.67,9.74,15527,150482.09
2023-03-29,9.66,10.30,9.66,9.68,20695,200340.03
2023-03-30,9.74,9.83,9.67,9.67,41140,400346.78
2023-03-31,9.67,9.70,9.59,9.67,26288,253547.95
2023-04-03,9.92,9.92,9.63,9.73,8300,80579.00
2023-04-04,9.82,9.82,9.60,9.72,25558,246475.95
2023-04-06,9.68,9.77,9.62,9.64,23510,227122.30
2023-04-07,9.61,9.80,9.61,9.72,18100,175331.80
2023-04-10,9.77,9.77,9.60,9.60,34216,330677.03
2023-04-11,9.58,9.71,9.55,9.62,6062,58373.76
2023-04-12,9.72,9.73,9.60,9.67,7889,76230.63
2023-04-13,9.67,9.72,9.55,9.65,16001,153349.47
2023-04-14,9.77,9.77,9.60,9.68,39296,380434.19
2023-04-17,9.73,9.73,9.61,9.67,12342,119252.46
2023-04-18,9.63,9.75,9.63,9.64,8001,77263.63
2023-04-19,9.72,9.72,9.58,9.64,9500,91469.00
2023-04-20,9.67,9.69,9.51,9.53,27346,262295.78
2023-04-21,9.53,9.67,9.44,9.44,59937,570002.19
2023-04-24,9.43,9.47,9.20,9.20,45629,424449.69
2023-04-25,9.20,9.20,8.80,9.08,60227,544811.94
2023-04-26,9.11,9.12,8.90,9.09,6246,56851.52
2023-04-27,8.89,9.10,8.85,9.09,32544,290901.63
2023-04-28,8.51,8.84,8.46,8.68,205525,1768227.13
2023-05-04,8.59,8.68,8.46,8.57,74470,635393.56
2023-05-05,8.48,8.59,8.45,8.55,127400,1083735.88
2023-05-08,8.46,8.80,8.46,8.71,119461,1034318.00
2023-05-09,8.61,8.88,8.59,8.60,67788,591793.75
2023-05-10,8.52,8.71,8.52,8.68,4496,38919.64
2023-05-11,8.58,8.79,8.58,8.73,16124,140747.38
2023-05-12,8.73,8.73,8.45,8.64,57217,489983.28
2023-05-15,8.64,8.76,8.62,8.74,28135,245503.63
2023-05-16,8.77,8.78,8.66,8.76,8160,71326.19
2023-05-17,8.65,8.80,8.64,8.79,28653,250435.64
2023-05-18,8.76,8.76,8.50,8.72,21463,186413.91
2023-05-19,8.53,8.80,8.53,8.77,38597,335962.13
2023-05-22,8.81,8.81,8.60,8.75,14538,125968.70
2023-05-23,8.76,8.87,8.69,8.77,20760,181952.13
2023-05-24,8.78,8.81,8.67,8.81,9785,85547.00
2023-05-25,8.80,8.86,8.63,8.78,12673,111012.80
2023-05-26,8.80,8.80,8.68,8.69,5800,50633.00
2023-05-29,8.80,8.80,7.95,8.58,9703,82102.83
2023-05-30,8.68,8.69,8.48,8.57,62039,530500.44
2023-05-31,8.68,8.68,8.43,8.61,2499,21225.60
2023-06-01,8.62,8.70,8.50,8.70,5464,47095.08
2023-06-02,8.78,8.78,8.53,8.74,10381,90426.65
2023-06-05,8.58,8.76,8.58,8.73,7415,64360.35
2023-06-06,8.77,8.77,8.50,8.67,32503,279782.00
2023-06-07,8.66,8.66,8.48,8.54,10346,88117.92
2023-06-08,8.50,8.69,8.41,8.59,13107,111469.08
2023-06-09,8.56,8.64,8.48,8.50,4611,39301.58
2023-06-12,8.58,8.58,8.40,8.52,5900,49809.00
2023-06-13,8.33,8.58,8.31,8.57,9000,76123.13
2023-06-14,8.49,8.67,8.44,8.60,20424,172898.94
2023-06-15,8.60,8.60,8.45,8.55,11344,96405.52
2023-06-16,8.60,8.62,8.55,8.60,8700,74744.00
2023-06-19,8.55,8.79,8.55,8.64,4191,36274.96
2023-06-20,8.58,8.71,8.44,8.61,11428,97434.88
2023-06-21,8.61,8.63,8.46,8.62,7410,63597.00
2023-06-26,8.03,8.75,8.03,8.64,14226,120611.34
2023-06-27,8.57,8.60,8.44,8.48,42990,365166.50
2023-06-28,8.48,8.52,8.40,8.41,46575,392910.41
2023-06-29,8.46,8.56,8.39,8.50,71690,611596.31
2023-06-30,8.45,8.62,8.45,8.56,21579,185209.47
2023-07-03,8.52,8.63,8.52,8.59,62768,540042.81
2023-07-04,8.66,8.82,8.60,8.80,108278,948238.50
2023-07-05,8.73,8.99,8.73,8.92,142220,1268007.13
2023-07-06,8.88,8.92,8.78,8.78,35826,316921.38
2023-07-07,8.76,8.91,8.76,8.84,16726,148349.13
2023-07-10,8.78,8.79,8.68,8.77,31705,277050.31
2023-07-11,8.72,8.72,8.60,8.67,28588,246853.22
2023-07-12,8.61,8.69,8.40,8.54,23049,197736.14
2023-07-13,8.51,8.66,8.51,8.60,30213,260236.98
2023-07-14,8.55,8.76,8.55,8.66,25589,222630.69
2023-07-17,8.58,8.58,8.53,8.56,17858,152546.47
2023-07-18,8.64,8.64,8.56,8.56,7677,66115.12
2023-07-19,8.64,8.77,8.56,8.71,35279,305430.13
2023-07-20,8.63,8.67,8.58,8.58,13802,119032.73
2023-07-21,8.66,8.78,8.60,8.67,20018,172961.72
2023-07-24,8.59,8.88,8.59,8.65,17522,152443.06
2023-07-25,8.73,8.75,8.66,8.72,25313,220486.03
2023-07-26,8.78,8.78,8.67,8.69,10829,94106.10
2023-07-27,8.65,8.71,8.63,8.65,25102,217189.30
2023-07-28,8.70,8.76,8.63,8.73,34136,297085.34
2023-07-31,8.68,8.76,8.68,8.76,58228,507953.38
2023-08-01,8.76,8.76,8.69,8.71,41285,359842.25
2023-08-02,8.65,8.76,8.65,8.69,30135,262358.69
2023-08-03,8.67,8.72,8.67,8.67,9200,79850.00
2023-08-04,8.69,8.88,8.69,8.73,20199,176906.25
2023-08-07,8.69,8.69,8.69,8.69,2400,20856.00
2023-08-08,8.69,8.84,8.69,8.70,17159,149651.55
2023-08-09,8.76,8.86,8.69,8.69,7200,62785.40
2023-08-10,8.64,8.74,8.63,8.65,16995,147183.75
2023-08-11,8.63,8.65,8.63,8.63,10393,89799.99
2023-08-14,8.70,8.70,8.60,8.65,18862,162499.02
2023-08-15,8.61,8.70,8.60,8.67,22720,196604.53
2023-08-16,8.62,8.70,8.60,8.70,8012,69065.92
2023-08-17,8.59,8.75,8.59,8.60,19872,171489.30
2023-08-18,8.59,8.70,8.59,8.68,6117,52810.90
2023-08-21,8.60,8.76,8.59,8.71,47840,415406.44
2023-08-22,8.75,8.93,8.64,8.72,48695,424658.44
2023-08-23,8.78,8.80,8.69,8.75,3100,27212.00
2023-08-24,8.68,8.78,8.53,8.65,30826,265557.72
2023-08-25,8.61,8.67,8.55,8.55,50186,431686.31
2023-08-28,8.73,8.80,8.57,8.61,21749,189308.56
2023-08-29,8.60,8.70,8.60,8.70,63384,549812.88
2023-08-30,8.72,8.72,8.67,8.67,9573,83197.91
2023-08-31,8.61,8.69,8.61,8.69,16497,143331.94
2023-09-01,8.74,8.74,8.61,8.69,61176,530001.19
2023-09-04,8.77,9.10,8.77,9.05,262408,2352763.00
2023-09-05,8.96,9.07,8.88,8.98,111040,996574.63
2023-09-06,9.00,9.03,8.87,8.94,101394,908159.31
2023-09-07,8.90,8.91,8.72,8.83,27448,243090.28
2023-09-08,8.84,8.88,8.79,8.81,28596,252587.30
2023-09-11,8.82,8.84,8.81,8.81,12400,109370.00
2023-09-12,8.77,8.85,8.75,8.79,34872,306618.34
2023-09-13,8.86,8.86,8.77,8.79,20899,184255.33
2023-09-14,8.83,8.84,8.75,8.80,15333,134405.53
2023-09-15,8.75,8.81,8.75,8.80,8800,77240.00
2023-09-18,8.75,8.75,8.57,8.68,100439,867681.13
2023-09-19,8.68,8.75,8.68,8.71,18313,159465.91
2023-09-20,8.67,8.73,8.67,8.73,681,5932.13
2023-09-21,8.65,8.65,8.50,8.55,24211,207134.09
2023-09-22,8.51,8.68,8.51,8.68,10258,88108.56
2023-09-25,8.62,8.68,8.60,8.60,934,8060.08
2023-09-26,8.52,8.54,8.52,8.52,5900,50330.10
2023-09-27,8.59,8.73,8.49,8.68,9033,77454.59
2023-09-28,8.73,8.73,8.60,8.62,4200,36443.00
2023-10-09,8.57,8.57,8.52,8.52,13285,113446.55
2023-10-10,8.59,8.81,8.59,8.62,12920,112254.07
2023-10-11,8.55,8.60,8.52,8.52,17383,148558.20
2023-10-12,8.70,8.70,8.58,8.61,12375,106576.14
2023-10-13,8.65,8.65,8.54,8.54,27993,240661.09
2023-10-16,8.54,8.59,8.53,8.59,29160,249394.13
2023-10-17,8.55,8.61,8.55,8.61,300,2572.00
2023-10-18,8.61,8.61,8.55,8.55,5100,43820.74
2023-10-19,8.51,8.60,8.45,8.56,55920,476277.13
2023-10-20,8.50,8.53,8.25,8.34,32056,268620.69
2023-10-23,8.26,8.34,8.12,8.13,26124,213524.44
2023-10-24,8.06,8.21,8.06,8.10,35718,290170.13
2023-10-25,8.18,8.22,8.06,8.11,28984,235990.59
2023-10-26,8.10,8.11,8.06,8.11,2269,18394.33
2023-10-27,8.16,8.60,8.16,8.50,95089,810186.13
2023-10-30,8.42,8.42,8.28,8.37,51118,428137.03
2023-10-31,8.31,8.45,8.31,8.36,8448,70844.64
2023-11-01,8.44,8.58,8.32,8.34,20201,169061.36
2023-11-02,8.31,8.31,8.13,8.22,64847,533350.63
2023-11-03,8.27,8.27,8.03,8.10,131873,1073923.13
2023-11-06,8.04,8.18,7.87,8.18,106403,854323.38
2023-11-07,8.21,8.34,8.12,8.33,48010,395784.91
2023-11-08,8.37,8.50,8.25,8.37,67406,563384.38
2023-11-09,8.29,8.57,8.29,8.42,43052,362809.78
2023-11-10,8.48,8.49,8.10,8.42,19730,165500.94
2023-11-13,8.46,8.47,8.39,8.44,12524,105669.80
2023-11-14,8.47,8.49,8.41,8.47,32842,277887.22
2023-11-15,8.49,8.52,8.46,8.50,24411,207425.31
2023-11-16,8.55,8.59,8.24,8.39,66143,555295.75
2023-11-17,8.46,8.48,8.33,8.48,20900,176281.52
2023-11-20,8.41,8.75,8.41,8.70,172067,1484621.88
2023-11-21,8.78,9.99,8.72,9.26,1388852,13067243.00
2023-11-22,9.25,10.07,9.03,9.90,1461826,14230747.00
2023-11-23,9.95,10.66,9.79,10.08,1880490,19271554.00
2023-11-24,10.06,11.55,9.82,11.24,1963601,21198580.00
2023-11-27,11.40,12.88,11.36,12.84,3034956,37124476.00
2023-11-28,12.12,12.74,11.86,11.97,1686391,20610910.00
2023-11-29,12.11,12.34,10.82,10.99,1292627,15138977.00
2023-11-30,10.80,11.16,10.32,10.59,679328,7275206.00
2023-12-01,10.69,10.83,9.94,9.94,716242,7319575.00
2023-12-04,9.86,10.34,9.76,10.00,374641,3762847.25
2023-12-05,10.01,10.95,9.78,10.79,1031944,10944031.00
2023-12-06,10.62,11.28,10.60,10.90,837203,9198158.00
2023-12-07,10.96,11.49,10.70,11.31,881920,9844210.00
2023-12-08,11.40,11.73,11.39,11.59,999684,11562775.00
2023-12-11,11.63,12.13,11.13,11.27,899104,10366657.00
2023-12-12,11.33,11.51,11.26,11.50,288231,3277820.00
2023-12-13,11.41,11.99,11.40,11.83,502136,5882930.50
2023-12-14,11.93,12.55,11.75,12.30,1276893,15713684.00
2023-12-15,12.20,13.65,12.10,13.30,1400719,18062430.00
2023-12-18,13.11,13.49,12.81,13.33,931183,12274804.00
2023-12-19,13.35,13.44,12.65,13.18,735807,9502226.00
2023-12-20,13.02,13.80,12.96,13.76,1064766,14432062.00
2023-12-21,13.89,14.76,12.36,12.56,1535281,20831014.00
2023-12-22,12.37,12.85,12.00,12.65,709042,8782485.00
2023-12-25,12.67,13.68,12.65,13.39,880497,11589478.00
2023-12-26,13.50,13.85,12.82,13.73,695650,9400384.00
2023-12-27,13.33,13.70,13.31,13.59,459203,6195140.50
2023-12-28,13.59,13.96,13.35,13.81,567725,7779057.00
2023-12-29,13.81,14.28,13.60,14.21,718745,10138408.00
2024-01-02,14.21,14.80,14.21,14.80,971673,14164710.00
2024-01-03,14.80,15.16,14.45,14.82,732823,10886015.00
2024-01-04,14.84,15.30,14.48,14.80,575094,8517071.00
2024-01-05,14.80,15.23,13.56,14.00,794227,11368621.00
2024-01-08,13.86,14.26,13.43,13.48,433027,5979673.00
2024-01-09,13.60,13.60,12.11,12.70,590199,7598900.50
2024-01-10,12.60,13.03,12.17,12.92,456586,5811773.50
2024-01-11,12.96,13.42,12.84,13.06,266240,3515424.50
2024-01-12,13.19,13.31,11.56,11.81,616964,7578809.00
2024-01-15,11.81,11.81,11.15,11.18,605764,6942177.50
2024-01-16,11.15,11.99,10.74,11.90,476517,5400542.50
2024-01-17,11.86,12.35,11.73,11.95,416765,4997512.00
2024-01-18,11.85,14.62,11.62,13.51,2104953,27905964.00
2024-01-19,13.97,14.93,13.81,14.06,2582805,37064572.00
2024-01-22,14.26,14.28,12.65,13.06,1531349,20529486.00
2024-01-23,12.61,13.28,12.45,13.04,1052280,13553800.00
2024-01-24,12.99,12.99,12.18,12.60,912232,11393367.00
2024-01-25,12.55,12.66,11.90,12.22,611625,7510110.50
2024-01-26,12.15,12.53,11.97,12.00,439362,5367327.00
2024-01-29,11.98,12.09,10.88,10.88,611579,6905936.00
2024-01-30,10.76,11.08,10.41,10.55,451797,4822467.50
2024-01-31,10.62,11.42,10.52,11.09,809125,8868675.00
2024-02-01,11.00,11.09,10.28,10.32,510851,5471658.00
2024-02-02,10.40,10.52,9.25,9.56,406401,3993592.25
2024-02-05,9.50,9.74,8.70,9.33,376172,3444288.75
2024-02-06,9.38,10.61,9.18,10.22,395711,3952115.50
2024-02-07,10.28,11.00,10.12,10.12,640593,6757389.00
2024-02-08,10.22,10.38,9.40,10.25,307452,3056696.00
2024-02-19,10.20,11.09,10.19,10.52,307506,3237631.75
2024-02-20,10.59,10.88,10.44,10.74,333653,3547535.50
2024-02-21,10.80,11.23,10.64,10.80,607554,6640953.50
2024-02-22,10.77,10.90,10.56,10.70,348026,3732310.00
2024-02-23,10.61,10.81,10.43,10.48,313307,3302547.75
2024-02-26,10.58,10.97,10.58,10.75,528559,5690256.00
2024-02-27,10.72,11.80,10.66,11.60,794380,8957379.00
2024-02-28,11.55,11.94,10.98,10.98,636998,7306942.00
2024-02-29,10.99,11.34,10.60,11.34,356963,3962584.50
2024-03-01,11.34,11.45,11.20,11.37,348505,3932135.75
2024-03-04,11.39,11.44,11.00,11.03,298782,3320051.75
2024-03-05,11.01,11.06,10.74,10.74,283147,3076284.25
2024-03-06,10.84,11.97,10.68,11.75,871539,9832113.00
2024-03-07,12.08,12.10,11.10,11.10,893357,10311822.00
2024-03-08,11.04,11.19,10.51,10.72,749130,8065844.50
2024-03-11,10.46,10.75,10.45,10.70,466292,4943338.50
2024-03-12,10.81,10.86,10.67,10.70,235567,2535992.50
2024-03-13,10.67,10.67,10.51,10.52,223490,2370846.25
2024-03-14,10.47,10.67,10.30,10.36,156358,1635308.38
2024-03-15,10.38,10.96,10.22,10.84,368840,3955103.00
2024-03-18,10.94,10.99,10.77,10.91,205762,2236203.75
2024-03-19,10.87,10.94,10.70,10.75,237440,2571350.25
2024-03-20,10.71,10.85,10.71,10.77,113238,1221541.75
2024-03-21,10.79,10.81,10.59,10.67,104382,1112452.88
2024-03-22,10.58,10.74,10.57,10.60,81023,860880.69
2024-03-25,10.56,10.64,10.45,10.45,119421,1258535.50
2024-03-26,10.41,10.50,10.15,10.19,180161,1860814.63
2024-03-27,10.19,10.77,10.15,10.27,302692,3168289.25
2024-03-28,10.36,10.44,10.18,10.32,127550,1312885.38
2024-03-29,10.41,10.56,10.20,10.35,102774,1059268.13
2024-04-01,10.31,10.55,10.31,10.36,126149,1311205.75
2024-04-02,10.36,10.36,10.16,10.23,108174,1109072.38
2024-04-03,10.20,10.29,10.15,10.24,129704,1322934.75
2024-04-08,10.14,10.24,9.80,9.81,145811,1454583.63
2024-04-09,9.89,10.04,9.83,10.01,84749,844078.19
2024-04-10,9.95,12.01,9.95,11.01,1389308,15417588.00
2024-04-11,10.76,13.69,10.51,12.91,3234491,39920104.00
2024-04-12,13.30,14.10,11.88,12.06,2725852,35382004.00
2024-04-15,11.61,12.79,11.59,12.41,2235036,27302552.00
2024-04-16,11.81,12.00,10.56,10.77,1917877,21333298.00
2024-04-17,10.87,13.15,10.82,12.85,2476292,29483002.00
2024-04-18,12.47,13.25,12.12,13.07,2402198,30564744.00
2024-04-19,12.89,13.45,12.10,12.30,1662068,21193772.00
2024-04-22,12.26,12.51,11.56,11.58,1061347,12707740.00
2024-04-23,11.56,11.87,11.47,11.70,934437,10975303.00
2024-04-24,11.70,11.96,11.38,11.91,891849,10354857.00
2024-04-25,11.70,12.76,11.69,12.66,1384898,17093344.00
2024-04-26,13.00,13.30,11.97,12.00,2023257,25363330.00
2024-04-29,11.92,12.52,11.80,11.98,1194174,14411246.00
2024-04-30,12.04,12.18,11.78,11.88,915161,10942215.00
2024-05-06,11.91,12.27,11.79,12.04,920569,11087541.00
2024-05-07,11.97,12.14,11.80,11.84,588145,7002396.50
2024-05-08,11.79,11.84,11.25,11.31,811713,9322127.00
2024-05-09,11.40,11.65,11.32,11.38,424586,4863125.00
2024-05-10,11.38,11.44,11.10,11.25,343460,3862098.50
2024-05-13,11.17,11.38,11.06,11.35,279272,3135588.50
2024-05-14,11.40,11.44,11.10,11.23,276389,3107773.50
2024-05-15,11.17,11.18,10.91,10.97,256554,2834751.50
2024-05-16,10.91,11.06,10.91,10.95,113244,1245679.13
2024-05-17,10.88,11.04,10.83,10.96,159485,1739700.38
2024-05-20,10.87,10.98,10.80,10.89,127215,1384586.38
2024-05-21,10.80,10.90,10.80,10.89,130518,1417091.63
2024-05-22,10.96,11.23,10.86,11.10,272622,3010506.00
2024-05-23,11.20,11.70,10.94,11.56,895079,10262193.00
2024-05-24,11.51,11.53,11.08,11.08,436946,4962640.50
2024-05-27,11.17,11.17,10.91,11.05,286182,3154445.00
2024-05-28,11.08,11.54,11.01,11.06,274857,3084312.00
2024-05-29,11.13,11.23,10.92,11.04,214382,2367615.25
2024-05-30,11.08,11.08,10.77,10.77,235504,2556460.50
2024-05-31,10.77,10.90,10.77,10.81,131352,1421799.63
2024-06-03,10.79,10.86,10.58,10.58,211992,2270604.00
2024-06-04,10.59,10.66,10.52,10.61,104881,1109798.63
2024-06-05,10.52,10.62,10.16,10.19,281089,2917972.50
2024-06-06,10.23,10.28,9.87,9.99,256867,2575135.50
2024-06-07,10.00,10.24,10.00,10.13,103711,1048803.25
2024-06-11,10.20,10.54,9.89,10.45,303658,3111283.25
2024-06-12,10.51,10.53,10.32,10.51,118187,1235153.63
2024-06-13,10.33,10.36,10.22,10.31,44582,457616.34
2024-06-14,10.34,10.85,10.26,10.73,567066,6055495.50
2024-06-17,10.81,10.81,10.58,10.58,152226,1621200.63
2024-06-18,10.50,10.60,10.39,10.50,102522,1075150.88
2024-06-19,10.59,10.83,10.51,10.53,161610,1726622.00
2024-06-20,10.45,10.58,10.20,10.39,212848,2205387.00
2024-06-21,10.46,10.72,10.38,10.50,269735,2844051.25
2024-06-24,10.44,10.99,10.00,10.94,526213,5583682.50
2024-06-25,10.84,11.56,10.76,11.07,1332527,14883735.00
2024-06-26,11.00,11.10,10.63,10.95,779376,8436810.00
2024-06-27,10.88,11.04,10.62,10.87,334404,3584089.00
2024-06-28,10.95,10.95,10.70,10.86,190909,2061518.13
2024-07-01,10.87,10.92,10.62,10.65,217492,2329469.50
2024-07-02,10.68,10.85,10.37,10.55,168166,1777302.00
2024-07-03,10.55,10.65,10.43,10.50,165536,1735816.25
2024-07-04,10.56,10.82,10.35,10.58,165279,1746037.75
2024-07-05,10.48,10.80,10.34,10.52,157455,1646287.50
2024-07-08,10.43,10.43,10.01,10.25,341211,3477495.25
2024-07-09,10.35,10.49,10.10,10.40,281624,2895154.75
2024-07-10,10.52,11.12,10.28,11.12,1198689,12850452.00
2024-07-11,11.14,11.14,10.77,10.89,1039388,11311407.00
2024-07-12,10.82,10.94,10.64,10.65,456951,4916917.00
2024-07-15,10.72,10.72,10.29,10.32,275456,2877625.00
2024-07-16,10.28,10.78,10.15,10.73,606521,6362668.50
2024-07-17,10.73,11.87,10.67,11.70,1745734,19853210.00
2024-07-18,11.99,12.54,11.45,11.58,1934060,22976330.00
2024-07-19,11.65,11.82,11.03,11.16,1212011,13754747.00
2024-07-22,11.18,11.18,10.80,10.90,539641,5893120.50
2024-07-23,10.90,11.00,10.40,10.44,486083,5199635.00
2024-07-24,10.61,10.93,10.44,10.47,582805,6202271.00
2024-07-25,10.45,11.16,10.35,11.05,781128,8462719.00
2024-07-26,10.84,11.88,10.76,11.27,1572684,17897950.00
2024-07-29,10.99,11.61,10.91,11.15,1098205,12282725.00
2024-07-30,11.04,11.58,10.97,11.24,858873,9701543.00
2024-07-31,11.16,11.48,10.98,11.30,693638,7807461.00
2024-08-01,11.33,11.41,10.98,11.00,543968,6059779.00
2024-08-02,11.00,11.04,10.58,10.64,516205,5568707.00
2024-08-05,10.56,10.72,10.20,10.22,471559,4906646.00
2024-08-06,10.32,10.46,10.26,10.42,185257,1914185.75
2024-08-07,10.43,10.50,10.31,10.35,208733,2177534.75
2024-08-08,10.35,10.56,10.22,10.33,285543,2960407.00
2024-08-09,10.36,10.42,10.23,10.30,290832,2997841.00
2024-08-12,10.31,10.33,10.14,10.25,168077,1719218.75
2024-08-13,10.19,10.64,10.18,10.42,301001,3134598.50
2024-08-14,10.37,10.58,10.31,10.37,222389,2327652.00
2024-08-15,10.38,10.53,10.20,10.45,234703,2440726.25
2024-08-16,10.45,10.49,10.31,10.35,137246,1423027.88
2024-08-19,10.36,10.36,10.18,10.31,132555,1363438.75
2024-08-20,10.31,10.60,10.28,10.53,453023,4753401.00
2024-08-21,10.45,10.94,10.40,10.88,569455,6078087.50
2024-08-22,10.40,10.53,10.03,10.04,793744,8154101.50
2024-08-23,10.01,10.06,9.90,9.90,230096,2291611.00
2024-08-26,9.88,9.95,9.83,9.91,148304,1468284.50
2024-08-27,9.91,9.91,9.76,9.85,133871,1315907.00
2024-08-28,9.84,10.05,9.81,9.92,108993,1081813.75
2024-08-29,9.90,10.07,9.80,10.01,128200,1277073.13
2024-08-30,10.07,10.22,9.98,10.13,246444,2499839.00
2024-09-02,10.13,10.13,9.91,9.97,191480,1911975.13
2024-09-03,9.97,10.08,9.91,9.94,76307,764172.25
2024-09-04,9.91,9.96,9.82,9.89,53873,532416.31
2024-09-05,9.94,9.97,9.88,9.94,43696,433450.66
2024-09-06,9.91,9.92,9.78,9.81,48100,473297.63
2024-09-09,9.75,9.80,9.68,9.75,75172,732532.00
2024-09-10,9.80,9.80,9.56,9.66,80296,775298.00
2024-09-11,9.62,9.72,9.61,9.65,19107,184126.91
2024-09-12,9.64,9.79,9.50,9.52,95470,917280.13
2024-09-13,9.61,9.75,9.41,9.58,110872,1059602.75
2024-09-18,9.49,9.61,9.36,9.48,84717,800306.13
2024-09-19,9.45,9.68,9.44,9.56,47751,455926.13
2024-09-20,9.51,9.62,9.50,9.51,23665,225435.95
2024-09-23,9.51,9.55,9.44,9.46,39136,370542.00
2024-09-24,9.49,9.80,9.43,9.79,119196,1151226.88
2024-09-25,9.83,9.97,9.72,9.84,260278,2567903.75
2024-09-26,9.89,10.00,9.75,9.94,108930,1076838.75
2024-09-27,10.03,10.74,10.03,10.61,701545,7327310.50
2024-09-30,11.05,12.44,11.00,12.34,2046889,24079018.00
2024-10-08,14.97,15.67,12.75,15.66,2782462,39763944.00
2024-10-09,14.38,14.78,13.06,13.06,1612458,22445596.00
2024-10-10,13.19,13.53,12.50,12.69,827794,10842934.00
2024-10-11,12.69,12.69,11.56,11.69,611618,7337449.50
2024-10-14,11.80,12.26,11.54,12.18,427090,5132994.00
2024-10-15,12.29,12.70,12.00,12.08,588015,7309724.50
2024-10-16,12.08,13.50,11.96,13.48,1372941,17820870.00
2024-10-17,13.72,14.43,13.02,13.59,2164806,29657394.00
2024-10-18,13.63,14.32,13.22,13.96,2015035,28027752.00
2024-10-21,14.21,15.36,14.20,14.96,2674057,39516464.00
2024-10-22,15.00,15.00,13.61,13.81,1919492,27466182.00
2024-10-23,13.91,14.58,13.60,14.30,1354656,19311336.00
2024-10-24,14.48,15.19,14.03,14.77,1914148,28273476.00
2024-10-25,14.92,16.37,14.92,15.00,3084885,48095768.00
2024-10-28,15.20,17.68,14.51,17.20,3103429,49935288.00
2024-10-29,16.80,19.68,16.52,19.03,3541113,63248228.00
2024-10-30,18.90,19.30,17.10,17.93,2838057,51370172.00
2024-10-31,17.75,17.94,16.20,16.67,2111030,35547364.00
2024-11-01,16.65,16.65,15.53,15.84,1452502,23153568.00
2024-11-04,15.80,16.87,15.79,16.85,1211128,19839154.00
2024-11-05,16.86,18.29,16.86,18.27,2196825,38880040.00
2024-11-06,18.50,20.98,18.18,19.41,3547132,68337880.00
2024-11-07,18.70,22.38,18.60,21.12,4756950,97050272.00
2024-11-08,21.20,21.25,19.05,19.13,2997378,59852724.00
2024-11-11,18.90,19.34,17.82,18.52,1545326,28520782.00
2024-11-12,18.78,19.70,18.43,18.69,1666431,31852216.00
2024-11-13,18.46,19.21,17.71,19.16,1331237,24441074.00
2024-11-14,19.13,19.34,18.38,18.41,919958,17337950.00
2024-11-15,18.17,19.16,17.82,18.60,1307156,24161384.00
2024-11-18,18.60,20.67,18.26,19.26,2379766,46523156.00
2024-11-19,18.85,19.36,16.79,18.00,2055315,36884052.00
2024-11-20,17.53,19.48,17.52,19.31,1769991,32720636.00
2024-11-21,19.21,20.68,18.90,20.62,2990505,60092308.00
2024-11-22,21.00,26.80,20.10,26.80,9579700,235824640.00
2024-11-25,26.90,28.85,24.51,26.65,5607079,147539024.00
2024-11-26,25.36,27.27,23.80,26.35,3710792,95990336.00
2024-11-27,25.58,28.58,24.05,27.12,2881552,76014632.00
2024-11-28,27.68,31.10,25.80,29.67,4131528,115494848.00
2024-11-29,28.00,32.58,27.50,29.88,3684140,108229792.00
2024-12-02,29.79,29.79,27.91,28.02,2205182,63262164.00
2024-12-03,28.02,28.02,28.02,28.02,0,0.00
#数据来源:通达信
