871478 巨能股份 日线 不复权
      日期	    开盘	    最高	    最低	    收盘	    成交量	    成交额
2021-03-01,15.00,15.00,15.00,15.00,100,1500.00
2021-03-12,25.00,25.00,25.00,25.00,100,2500.00
2021-04-16,25.00,25.00,25.00,25.00,100,2500.00
2021-11-05,25.51,25.51,25.51,25.51,100,2551.00
2021-11-19,51.02,51.02,51.02,51.02,100,5102.00
2023-05-12,9.41,22.66,8.88,18.00,18915115,208255984.00
2023-05-15,12.83,15.73,12.81,13.00,11742689,162918352.00
2023-05-16,12.86,16.25,12.39,14.95,10564534,152674720.00
2023-05-17,14.10,15.49,13.30,15.36,8373808,118270992.00
2023-05-18,14.90,17.58,14.53,16.69,9327457,153479760.00
2023-05-19,16.74,17.30,15.70,15.88,7121851,116036176.00
2023-05-22,15.15,18.81,15.15,18.81,8361851,139325264.00
2023-05-23,18.00,22.95,17.72,20.80,9660595,196287488.00
2023-05-24,20.40,22.74,19.60,20.20,8135076,169441392.00
2023-05-25,19.50,20.74,16.70,17.15,8703247,162978640.00
2023-05-26,17.05,18.97,16.00,18.20,8675954,150946704.00
2023-05-29,17.76,18.73,17.46,18.31,5297154,96022008.00
2023-05-30,18.01,18.88,16.91,17.10,5073465,90519032.00
2023-05-31,17.00,18.10,16.16,17.45,5862429,100110768.00
2023-06-01,17.00,17.61,16.80,17.01,3849482,65931388.00
2023-06-02,17.29,20.39,17.17,20.00,8538719,163503840.00
2023-06-05,20.00,20.99,18.97,19.60,5575165,110111288.00
2023-06-06,19.01,20.19,18.97,19.64,4668708,92011752.00
2023-06-07,19.99,21.65,19.66,20.52,6151496,128281416.00
2023-06-08,20.00,20.70,19.02,19.14,5032780,98082136.00
2023-06-09,19.29,19.87,18.42,18.68,3399466,64409940.00
2023-06-12,18.20,18.80,17.70,18.23,3457545,62840872.00
2023-06-13,18.50,19.20,18.00,18.43,3099871,57679588.00
2023-06-14,18.14,18.59,17.07,17.13,3963953,70654408.00
2023-06-15,17.34,18.71,17.09,18.07,4489268,80875024.00
2023-06-16,18.00,19.60,18.00,18.30,4465465,83749288.00
2023-06-19,17.81,19.05,17.54,18.53,4941893,90796920.00
2023-06-20,18.55,21.50,18.10,20.19,8128911,162571088.00
2023-06-21,19.80,21.40,19.20,20.52,6626728,135730912.00
2023-06-26,20.54,22.70,20.20,22.39,6076580,132274272.00
2023-06-27,22.48,22.94,20.75,21.45,4293168,93083808.00
2023-06-28,21.00,26.30,21.00,26.30,6819286,160150704.00
2023-06-29,25.74,31.57,25.35,26.20,9948489,279737952.00
2023-06-30,25.10,27.30,24.66,25.22,6223156,161164464.00
2023-07-03,25.22,27.10,24.79,27.00,4983858,130455256.00
2023-07-04,27.18,29.50,26.43,29.16,5923026,168697536.00
2023-07-05,28.80,28.93,27.06,28.20,4325925,120769456.00
2023-07-06,28.90,30.96,28.90,29.80,4852585,145302544.00
2023-07-07,29.50,30.58,26.31,26.70,4525146,128844032.00
2023-07-10,26.91,27.58,23.35,26.80,5766380,144354624.00
2023-07-11,25.70,26.72,24.53,24.69,4052579,104248456.00
2023-07-12,24.01,25.60,23.20,23.68,3827991,92962664.00
2023-07-13,23.80,24.51,22.16,23.76,4014113,93508016.00
2023-07-14,23.66,24.69,23.21,24.01,3428276,83051000.00
2023-07-17,23.30,23.85,22.43,22.90,2947989,67674280.00
2023-07-18,22.49,23.89,22.49,23.24,2456769,57403148.00
2023-07-19,23.58,23.81,22.60,22.70,2088397,48387108.00
2023-07-20,23.02,23.38,21.69,21.85,2841396,63790244.00
2023-07-21,21.58,21.58,20.00,20.25,3081463,63527036.00
2023-07-24,20.01,20.15,19.23,19.23,1938909,37929400.00
2023-07-25,19.35,20.68,19.35,20.32,2771187,55862868.00
2023-07-26,20.00,20.24,18.70,18.72,2407111,46585860.00
2023-07-27,19.00,19.39,18.45,19.21,1811141,34391656.00
2023-07-28,19.00,19.21,18.33,18.47,1829091,34123292.00
2023-07-31,18.90,19.00,18.35,18.38,1212158,22549620.00
2023-08-01,18.47,18.47,17.81,17.91,1465065,26395008.00
2023-08-02,17.66,19.34,17.66,19.22,2874370,54173332.00
2023-08-03,19.11,20.59,18.67,19.91,2559659,51165900.00
2023-08-04,20.10,20.48,19.30,20.07,2227264,44175160.00
2023-08-07,19.61,20.11,19.51,19.77,1454602,28768336.00
2023-08-08,19.86,19.90,18.60,18.62,1539830,29538346.00
2023-08-09,18.33,18.71,17.81,18.00,1286474,23391052.00
2023-08-10,18.24,18.30,17.18,17.58,1122077,20011660.00
2023-08-11,17.57,18.50,17.41,17.65,1240350,22252138.00
2023-08-14,17.39,17.99,17.28,17.86,773627,13713941.00
2023-08-15,18.33,19.24,18.00,18.74,2033653,37957660.00
2023-08-16,18.40,19.00,17.85,17.93,1472006,26962888.00
2023-08-17,17.65,19.35,17.60,18.85,2388476,44756036.00
2023-08-18,18.48,18.95,17.91,17.91,1645626,30163336.00
2023-08-21,17.70,18.20,17.66,17.95,775764,13844826.00
2023-08-22,18.18,18.22,17.33,17.58,1099070,19440478.00
2023-08-23,17.32,17.55,16.20,16.30,1854631,31153072.00
2023-08-24,16.55,16.56,15.33,15.36,1505876,23538948.00
2023-08-25,15.40,15.40,13.68,13.82,1761032,25001530.00
2023-08-28,14.82,15.00,13.23,13.28,1432247,20100258.00
2023-08-29,13.25,14.88,12.90,14.32,2261415,32295396.00
2023-08-30,14.08,16.08,14.01,15.16,2412323,37123608.00
2023-08-31,14.85,14.85,13.87,14.56,2029607,29341716.00
2023-09-01,14.56,15.83,14.41,15.56,2626824,40255332.00
2023-09-04,15.70,17.88,15.70,17.82,4248481,72688360.00
2023-09-05,18.17,18.18,16.80,17.12,2602248,45135276.00
2023-09-06,17.18,17.18,16.40,17.01,1562101,26218868.00
2023-09-07,16.98,16.98,16.02,16.02,1277251,20855024.00
2023-09-08,15.85,16.81,15.85,16.50,1365794,22624838.00
2023-09-11,16.70,16.70,15.93,16.13,1144806,18457696.00
2023-09-12,16.50,16.70,16.19,16.36,744315,12224710.00
2023-09-13,16.37,16.38,15.52,15.70,992111,15625627.00
2023-09-14,15.08,15.49,14.70,14.98,1314986,19745344.00
2023-09-15,15.07,15.65,14.89,15.12,981748,14998240.00
2023-09-18,14.88,15.32,14.48,14.99,924204,13705074.00
2023-09-19,14.97,15.15,14.60,14.70,581106,8602828.00
2023-09-20,14.75,15.50,14.65,14.70,789189,11857641.00
2023-09-21,14.72,14.92,14.50,14.53,544561,7973778.50
2023-09-22,14.67,15.12,14.66,15.02,692526,10331677.00
2023-09-25,15.18,15.56,14.93,14.95,907727,13844367.00
2023-09-26,14.60,15.04,14.60,14.69,560957,8301811.50
2023-09-27,14.61,14.89,14.18,14.42,856578,12563201.00
2023-09-28,14.60,14.72,14.15,14.20,815171,11683245.00
2023-10-09,13.90,14.29,13.30,13.45,968234,13197635.00
2023-10-10,13.30,13.52,12.90,12.99,853512,11254381.00
2023-10-11,12.94,13.35,12.85,13.15,686545,9007898.00
2023-10-12,13.33,13.33,12.90,12.90,483468,6288141.00
2023-10-13,12.86,13.28,12.86,12.96,725708,9480757.00
2023-10-16,13.15,13.18,12.02,12.09,1098605,13552785.00
2023-10-17,12.17,12.17,11.53,11.60,761304,8943710.00
2023-10-18,11.60,11.60,10.86,10.94,1062952,11796065.00
2023-10-19,10.95,11.48,10.46,11.12,1229413,13408653.00
2023-10-20,10.78,11.22,10.78,10.92,504941,5548557.50
2023-10-23,10.92,10.92,10.18,10.36,527624,5532941.00
2023-10-24,10.54,10.68,10.02,10.49,335632,3515733.25
2023-10-25,10.63,11.55,10.32,11.13,1146213,12754025.00
2023-10-26,10.87,11.24,10.77,11.17,808020,8869409.00
2023-10-27,10.71,11.77,10.53,11.45,1552624,17258492.00
2023-10-30,11.41,11.98,11.22,11.70,1215032,14105858.00
2023-10-31,11.63,11.75,11.03,11.13,983341,11099805.00
2023-11-01,11.35,11.48,11.03,11.05,520508,5840061.00
2023-11-02,10.75,11.20,10.50,10.50,850366,9112577.00
2023-11-03,11.52,13.65,11.00,13.65,5223532,68022584.00
2023-11-06,14.79,16.49,13.22,15.97,8042933,119033720.00
2023-11-07,14.88,15.97,14.88,15.50,4636316,71059568.00
2023-11-08,15.50,17.88,14.80,16.48,5621180,92853544.00
2023-11-09,15.98,17.68,15.55,16.75,4673107,77650776.00
2023-11-10,15.86,16.50,15.13,15.20,3734608,59184524.00
2023-11-13,14.83,16.45,14.80,15.77,3767569,59326188.00
2023-11-14,15.51,16.80,15.31,16.63,4396025,71867728.00
2023-11-15,16.28,17.79,16.28,16.45,3866409,65142276.00
2023-11-16,15.88,16.23,15.29,15.37,2728028,42720616.00
2023-11-17,15.00,15.66,15.00,15.45,1378810,21354126.00
2023-11-20,15.91,17.83,15.40,17.60,7389859,119840408.00
2023-11-21,17.58,21.60,16.80,18.70,10354499,194793888.00
2023-11-22,18.00,20.57,17.60,20.10,7848251,151122768.00
2023-11-23,19.48,21.00,18.32,18.47,6759163,131706184.00
2023-11-24,18.71,19.50,17.77,18.90,5601232,105778432.00
2023-11-27,19.61,21.18,18.83,20.88,8850943,178314688.00
2023-11-28,19.70,20.80,18.78,19.18,6056685,120249744.00
2023-11-29,19.48,21.58,19.03,19.83,7420534,150460288.00
2023-11-30,21.00,24.88,20.30,22.08,11212797,253730608.00
2023-12-01,20.00,21.00,18.18,18.20,7983206,155160320.00
2023-12-04,17.78,17.90,16.77,17.43,3656118,63374280.00
2023-12-05,17.39,19.19,16.88,18.57,4980406,91477552.00
2023-12-06,18.61,19.21,17.65,17.78,3328887,60572408.00
2023-12-07,17.78,18.68,17.78,18.25,2750087,50147828.00
2023-12-08,18.49,19.21,18.08,19.00,3662744,68954896.00
2023-12-11,19.12,20.22,18.61,20.19,5283070,104111200.00
2023-12-12,19.68,20.80,19.22,19.99,3664387,73346160.00
2023-12-13,20.31,23.50,20.00,21.77,7715648,169620720.00
2023-12-14,21.50,23.48,21.03,21.30,7215426,159959488.00
2023-12-15,20.41,21.27,19.81,20.15,4383565,88935960.00
2023-12-18,19.50,20.85,19.50,20.66,3336213,68321424.00
2023-12-19,20.85,21.49,19.90,21.18,4050069,83949560.00
2023-12-20,21.61,22.20,21.20,21.40,4784559,103956720.00
2023-12-21,21.20,21.38,17.08,18.10,5336961,103848200.00
2023-12-22,17.98,18.88,17.68,18.62,2901574,53251292.00
2023-12-25,18.59,19.51,18.47,19.49,3187259,60861588.00
2023-12-26,19.77,19.79,18.18,19.18,3204372,61484968.00
2023-12-27,18.96,19.17,18.26,18.83,2052265,38407104.00
2023-12-28,19.05,19.73,18.57,19.25,3247352,62646964.00
2023-12-29,19.15,20.31,18.97,19.80,3522657,69957520.00
2024-01-02,19.90,21.18,19.86,20.69,5013546,102988504.00
2024-01-03,20.11,21.40,19.83,21.08,3976789,81417544.00
2024-01-04,20.80,21.20,20.40,20.92,3206527,66727772.00
2024-01-05,21.87,21.90,19.70,19.70,4610650,96756848.00
2024-01-08,19.96,19.98,18.52,18.52,2748020,52479560.00
2024-01-09,18.45,21.50,18.45,20.16,7185669,147396576.00
2024-01-10,19.18,19.58,18.40,19.02,4182016,79726176.00
2024-01-11,18.60,19.33,18.52,18.98,2402075,45365760.00
2024-01-12,18.95,18.99,16.94,16.94,3428724,61126372.00
2024-01-15,17.00,17.00,15.50,15.79,2089046,33506696.00
2024-01-16,15.89,16.65,14.78,16.62,3609997,57855476.00
2024-01-17,16.29,16.96,15.80,15.80,2361568,39031160.00
2024-01-18,15.80,16.80,15.01,16.69,3133744,49888000.00
2024-01-19,16.77,17.55,16.56,17.14,3492725,59882080.00
2024-01-22,16.87,17.15,15.81,16.16,2317686,38580076.00
2024-01-23,16.00,16.74,16.00,16.45,1777051,29201962.00
2024-01-24,16.43,16.81,15.45,16.18,2281577,36445696.00
2024-01-25,16.15,16.36,15.45,15.99,2584012,41201192.00
2024-01-26,15.67,16.19,15.38,15.38,1929688,30550330.00
2024-01-29,15.57,15.66,14.04,14.06,2027557,29449466.00
2024-01-30,14.15,14.35,13.17,13.51,1380748,19021908.00
2024-01-31,13.50,13.96,13.42,13.80,1674550,22978906.00
2024-02-01,13.90,15.20,13.32,14.38,2926964,42140908.00
2024-02-02,14.23,15.50,13.88,14.70,3531979,52231568.00
2024-02-05,14.20,19.11,14.20,19.11,10304848,177447264.00
2024-02-06,19.30,23.56,18.35,19.99,12796216,264171232.00
2024-02-07,19.01,19.58,16.30,16.34,10158219,186077472.00
2024-02-08,15.70,16.15,14.21,15.33,6729444,102428152.00
2024-02-19,15.22,16.61,15.22,16.42,5474422,87439928.00
2024-02-20,16.39,17.81,16.05,17.26,5517903,94267416.00
2024-02-21,17.00,18.80,16.85,17.10,6282833,112734072.00
2024-02-22,16.60,17.80,16.55,17.57,4993575,86165976.00
2024-02-23,18.17,18.66,17.75,18.45,5925271,107808064.00
2024-02-26,21.50,23.80,19.33,19.36,9543939,203051184.00
2024-02-27,18.15,20.53,18.10,20.05,7527401,145979568.00
2024-02-28,19.65,20.49,18.11,18.11,6225837,120814824.00
2024-02-29,17.65,19.07,17.62,18.91,3810000,70522480.00
2024-03-01,19.80,20.00,19.00,19.08,4186801,81454560.00
2024-03-04,18.68,19.68,17.90,19.67,4633477,87839688.00
2024-03-05,19.59,19.59,18.56,18.74,3171836,60517096.00
2024-03-06,18.74,20.60,18.74,20.16,6282936,123844624.00
2024-03-07,20.95,21.94,18.90,18.95,5926226,121239600.00
2024-03-08,18.40,18.97,18.20,18.58,3275606,60929492.00
2024-03-11,18.50,18.87,18.31,18.51,2480432,45963048.00
2024-03-12,18.59,19.60,18.45,19.38,3375891,64496764.00
2024-03-13,19.00,19.62,18.65,18.78,2592282,49086372.00
2024-03-14,19.10,19.29,17.88,18.22,2371470,44241116.00
2024-03-15,18.20,19.62,18.00,19.50,4687562,89403560.00
2024-03-18,19.50,19.95,19.00,19.40,3077182,59381852.00
2024-03-19,19.40,19.52,18.77,18.81,2706282,51656600.00
2024-03-20,18.90,19.12,18.50,18.76,1815276,34047460.00
2024-03-21,18.73,19.00,18.26,18.36,1827630,33787764.00
2024-03-22,18.50,18.52,17.76,17.77,2034965,36698364.00
2024-03-25,17.79,17.97,17.37,17.58,1365217,24102700.00
2024-03-26,17.56,17.74,16.74,17.05,1553087,26601054.00
2024-03-27,16.78,17.80,16.78,16.95,1438039,24939634.00
2024-03-28,17.16,17.65,16.80,17.47,1511814,26097998.00
2024-03-29,17.38,17.68,16.92,17.00,1127566,19401644.00
2024-04-01,17.00,17.40,16.65,16.76,1439965,24172900.00
2024-04-02,16.77,16.85,16.02,16.11,1484094,24097302.00
2024-04-03,16.01,16.27,15.44,15.45,1146025,17894534.00
2024-04-08,15.51,15.54,14.62,14.67,1084945,16159964.00
2024-04-09,14.89,15.47,14.70,15.41,1512669,23087868.00
2024-04-10,15.90,17.20,15.71,16.38,3194058,52993312.00
2024-04-11,16.00,16.13,15.51,15.65,1634132,25803524.00
2024-04-12,15.95,16.08,14.89,15.08,1231338,18924564.00
2024-04-15,15.09,15.28,14.50,14.80,999527,14877043.00
2024-04-16,14.78,15.05,13.68,13.80,1360474,19195704.00
2024-04-17,14.29,15.14,14.00,15.01,1532994,22670566.00
2024-04-18,14.75,15.48,14.59,15.03,1583244,23881598.00
2024-04-19,14.78,15.14,14.28,14.57,893959,13088295.00
2024-04-22,14.57,14.69,14.12,14.35,689993,9917550.00
2024-04-23,14.60,15.48,14.35,15.17,1985164,29990366.00
2024-04-24,14.85,15.44,14.85,15.32,1326782,20153196.00
2024-04-25,15.32,15.43,14.70,14.70,1010313,15143641.00
2024-04-26,14.79,15.15,14.60,14.95,989108,14754247.00
2024-04-29,15.35,15.97,15.23,15.41,1602056,24997430.00
2024-04-30,14.99,15.24,14.62,14.81,1715995,25447632.00
2024-05-06,15.00,15.09,14.70,14.84,998206,14829380.00
2024-05-07,15.00,15.48,14.72,15.29,1534336,23204020.00
2024-05-08,15.69,16.65,15.30,15.81,2707265,43165972.00
2024-05-09,16.30,16.40,15.44,15.46,1551744,24322732.00
2024-05-10,15.46,15.77,15.32,15.36,958602,14887327.00
2024-05-13,15.09,15.40,14.46,14.47,1244123,18378254.00
2024-05-14,14.83,14.86,14.52,14.57,637873,9365316.00
2024-05-15,14.40,14.77,14.12,14.23,690276,9907043.00
2024-05-16,14.23,14.47,13.98,14.00,729491,10330889.00
2024-05-17,13.98,14.20,13.90,14.10,414345,5812204.00
2024-05-20,14.38,14.38,14.05,14.08,416409,5873405.50
2024-05-21,14.26,14.26,14.04,14.09,333963,4704139.50
2024-05-22,14.50,14.50,14.20,14.36,683283,9800913.00
2024-05-23,14.25,15.48,14.06,14.75,2097065,30987228.00
2024-05-24,14.40,14.80,14.18,14.23,907482,13080840.00
2024-05-27,14.37,14.42,14.11,14.42,509059,7232243.50
2024-05-28,14.43,14.61,14.30,14.30,460943,6654545.50
2024-05-29,14.55,14.60,14.06,14.09,547943,7791705.00
2024-05-30,14.00,14.13,13.79,13.80,549295,7640440.00
2024-05-31,13.97,14.38,13.70,13.85,675627,9491412.00
2024-06-03,13.83,14.12,13.18,13.40,878990,11886845.00
2024-06-04,13.58,13.60,13.00,13.19,581331,7647678.00
2024-06-05,13.20,13.30,12.42,12.42,1039990,13237045.00
2024-06-06,12.42,12.60,11.55,11.56,1393365,16630250.00
2024-06-07,11.93,12.19,11.57,11.79,921754,10893987.00
2024-06-11,11.93,11.93,11.55,11.77,476816,5595595.00
2024-06-12,11.87,12.50,11.77,12.28,1102803,13516712.00
2024-06-13,12.18,12.60,12.01,12.45,1268418,15615735.00
2024-06-14,12.35,12.60,12.25,12.30,520081,6436286.50
2024-06-17,12.30,12.30,11.79,11.79,601639,7208081.00
2024-06-18,11.95,12.01,11.68,11.91,519785,6171557.00
2024-06-19,11.84,12.62,11.84,12.28,854301,10501546.00
2024-06-20,12.60,12.60,11.99,12.05,572309,6966066.00
2024-06-21,11.85,12.41,11.75,12.28,659046,8085307.00
2024-06-24,12.59,12.59,11.70,11.78,1020099,12484839.00
2024-06-25,11.88,13.48,11.67,12.60,2941400,37132252.00
2024-06-26,12.43,12.60,12.08,12.55,1851783,22734986.00
2024-06-27,12.40,13.36,12.35,12.89,2447209,31672218.00
2024-06-28,12.69,13.12,12.50,12.82,1639987,21089910.00
2024-07-01,13.09,13.09,12.52,12.73,890244,11310079.00
2024-07-02,12.84,12.84,12.38,12.44,1002308,12531869.00
2024-07-03,12.39,12.42,11.96,12.00,668863,8081179.00
2024-07-04,12.20,12.74,12.03,12.03,1243754,15460859.00
2024-07-05,12.55,12.55,12.06,12.26,955471,11758901.00
2024-07-08,12.09,12.27,11.57,11.61,820972,9712050.00
2024-07-09,11.60,11.90,11.06,11.75,992284,11500992.00
2024-07-10,11.86,11.93,11.55,11.67,453760,5307612.00
2024-07-11,12.04,12.11,11.79,11.91,716445,8561257.00
2024-07-12,12.00,12.00,11.61,11.63,570867,6708917.50
2024-07-15,11.78,11.89,11.44,11.48,416316,4840580.00
2024-07-16,11.60,12.10,11.25,12.10,1411796,16587614.00
2024-07-17,12.73,13.16,12.11,13.08,3395920,43657032.00
2024-07-18,12.83,13.52,12.22,13.00,2597015,33361340.00
2024-07-19,13.17,14.18,13.13,13.32,3802501,52086404.00
2024-07-22,12.80,13.19,12.50,12.69,2075758,26499434.00
2024-07-23,12.80,13.24,12.57,12.71,1739923,22483142.00
2024-07-24,12.70,13.45,12.66,13.04,2330736,30496900.00
2024-07-25,13.08,13.97,13.00,13.83,3581673,48692448.00
2024-07-26,14.78,14.78,13.19,13.29,3376247,46288096.00
2024-07-29,13.06,13.78,12.76,12.80,2001016,26154276.00
2024-07-30,13.10,13.48,12.80,13.32,2131979,28069264.00
2024-07-31,13.58,13.84,13.20,13.53,2365420,32093058.00
2024-08-01,13.68,13.87,13.30,13.41,1803807,24382742.00
2024-08-02,13.20,13.40,12.78,12.82,1510265,19580592.00
2024-08-05,12.59,12.85,12.10,12.14,976714,12187293.00
2024-08-06,12.22,12.39,12.03,12.20,696646,8463731.00
2024-08-07,12.35,12.35,12.09,12.19,464034,5658162.00
2024-08-08,12.12,12.19,11.90,11.91,627564,7532142.50
2024-08-09,11.99,12.28,11.88,11.95,416145,4980329.00
2024-08-12,11.98,11.98,11.60,11.69,514779,6047425.50
2024-08-13,11.74,11.90,11.55,11.85,596841,7011078.00
2024-08-14,12.30,12.31,11.86,12.00,695028,8394759.00
2024-08-15,11.80,12.18,11.58,12.06,774977,9228409.00
2024-08-16,12.06,12.21,11.83,12.06,661891,7948572.50
2024-08-19,12.36,12.45,12.07,12.11,1031497,12631612.00
2024-08-20,12.10,12.80,12.00,12.80,1600426,19725890.00
2024-08-21,12.99,12.99,12.33,12.56,1736278,21940302.00
2024-08-22,12.57,12.57,11.82,11.82,1167015,14098468.00
2024-08-23,11.82,11.88,11.40,11.53,565971,6536621.00
2024-08-26,11.67,11.88,11.51,11.69,409329,4785493.00
2024-08-27,11.99,11.99,11.20,11.25,474147,5448637.00
2024-08-28,11.50,11.63,11.21,11.51,592797,6792192.50
2024-08-29,11.60,11.60,11.27,11.50,625863,7167479.50
2024-08-30,11.01,11.58,11.01,11.55,1482625,16836360.00
2024-09-02,11.49,11.56,11.12,11.13,615961,6959090.50
2024-09-03,11.08,11.25,11.00,11.15,452009,5041394.50
2024-09-04,11.03,11.15,10.86,10.86,476105,5244756.50
2024-09-05,11.00,11.00,10.60,10.72,429839,4629110.50
2024-09-06,10.72,10.96,10.55,10.55,373045,4003027.00
2024-09-09,10.58,10.73,10.45,10.60,327306,3474842.50
2024-09-10,10.80,10.80,10.38,10.62,235197,2467762.00
2024-09-11,10.70,10.78,10.50,10.51,236847,2514084.50
2024-09-12,10.57,10.66,10.25,10.25,327312,3414943.25
2024-09-13,10.00,10.60,10.00,10.38,568650,5867121.50
2024-09-18,10.38,10.38,10.00,10.00,413351,4190053.75
2024-09-19,10.10,10.30,10.00,10.13,404417,4107467.50
2024-09-20,10.19,10.23,10.01,10.16,272033,2751923.75
2024-09-23,10.16,10.23,10.07,10.11,256243,2599905.25
2024-09-24,10.20,10.50,10.05,10.45,846585,8698470.00
2024-09-25,10.60,11.11,10.60,10.82,1581600,17183300.00
2024-09-26,10.80,11.11,10.56,11.03,1508780,16418326.00
2024-09-27,11.28,12.09,11.15,11.94,2459371,28564856.00
2024-09-30,12.60,14.60,12.31,14.37,4498501,60288828.00
2024-10-08,17.98,17.98,15.41,17.55,5840708,97122840.00
2024-10-09,16.00,16.45,14.30,14.30,3216152,49762604.00
2024-10-10,14.25,15.20,13.91,14.33,2364556,34226696.00
2024-10-11,14.72,14.72,13.00,13.48,1890564,25806634.00
2024-10-14,13.88,14.11,13.10,13.93,2354438,32166446.00
2024-10-15,13.82,14.49,13.61,13.80,2328845,32874752.00
2024-10-16,14.00,15.55,13.91,14.88,4565954,67454288.00
2024-10-17,14.52,15.99,14.42,15.33,5322496,81038496.00
2024-10-18,15.03,16.49,14.75,15.88,5037423,79165864.00
2024-10-21,16.18,17.88,16.05,17.37,6723738,114778160.00
2024-10-22,17.40,18.78,16.06,17.04,6628823,114836392.00
2024-10-23,16.61,18.47,16.61,17.07,4432712,77730336.00
2024-10-24,17.27,17.88,16.32,17.11,4702931,80263632.00
2024-10-25,17.50,18.36,16.97,17.12,6205322,109971224.00
2024-10-28,17.00,17.80,16.64,17.72,3768398,64838176.00
2024-10-29,18.74,23.03,17.28,23.03,9656223,200697328.00
2024-10-30,23.78,25.90,20.50,20.73,10483580,241704352.00
2024-10-31,19.97,20.51,19.00,19.92,6494787,128583664.00
2024-11-01,19.20,19.80,17.00,17.38,4274369,78914168.00
2024-11-04,17.29,22.59,17.29,22.59,9089551,192571760.00
2024-11-05,23.00,28.05,22.66,23.78,13971324,355605696.00
2024-11-06,22.50,28.00,22.40,25.00,11729487,291981152.00
2024-11-07,23.98,25.88,23.08,24.22,7566646,184938752.00
2024-11-08,23.74,25.99,22.98,23.60,5545796,135368912.00
2024-11-11,22.80,24.20,21.69,24.11,5277319,121375448.00
2024-11-12,24.00,25.51,22.50,22.94,3822745,90735312.00
2024-11-13,22.07,23.28,21.02,23.28,3727473,82788400.00
2024-11-14,23.30,24.55,22.01,22.26,3883159,91157792.00
2024-11-15,21.91,24.93,21.25,24.77,5923470,137244192.00
2024-11-18,24.73,28.77,23.20,23.81,8457164,223307936.00
2024-11-19,22.00,27.00,21.40,27.00,8579279,207613536.00
2024-11-20,25.80,28.00,25.21,26.86,8884095,239882160.00
2024-11-21,26.00,28.00,25.38,26.35,7013864,184731616.00
2024-11-22,25.35,26.29,23.51,23.77,4834885,122172240.00
2024-11-25,24.26,26.11,23.11,25.68,5001473,124593712.00
2024-11-26,25.99,28.58,23.90,24.15,6976208,184925664.00
2024-11-27,22.90,24.39,21.80,24.24,4773961,109437624.00
2024-11-28,23.95,25.08,23.26,23.43,4412524,106880680.00
2024-11-29,23.10,30.45,23.04,30.45,10698130,292454624.00
2024-12-02,32.99,39.58,32.90,39.58,12917727,471261056.00
2024-12-03,39.58,39.58,39.58,39.58,0,0.00
#数据来源:通达信
