871634 新威凌 日线 不复权
      日期	    开盘	    最高	    最低	    收盘	    成交量	    成交额
2018-11-27,2.00,2.00,2.00,2.00,50000,100000.00
2019-01-22,2.00,2.00,2.00,2.00,193000,289500.00
2019-01-29,2.00,2.00,2.00,2.00,507000,760500.00
2019-09-10,1.90,1.90,1.90,1.90,105000,147000.00
2019-09-11,1.90,1.90,1.90,1.90,1340000,1876000.00
2019-09-17,1.90,1.90,1.90,1.90,655000,917000.00
2021-03-09,3.00,3.10,3.00,3.10,1300,4010.00
2021-03-10,6.20,6.20,6.00,6.00,1200,7404.00
2021-03-11,6.00,6.00,6.00,6.00,900,5400.00
2021-03-12,6.00,6.00,6.00,6.00,1600,9600.00
2021-04-21,6.00,6.00,6.00,6.00,600,3600.00
2021-04-22,6.00,6.00,6.00,6.00,600,3600.00
2021-04-23,6.00,6.00,6.00,6.00,400,2400.00
2021-05-13,6.00,6.00,6.00,6.00,100,600.00
2021-07-13,3.00,3.00,3.00,3.00,1500,4500.00
2021-07-23,2.02,2.02,2.02,2.02,0,40.40
2021-09-03,3.97,3.97,3.97,3.97,0,79.40
2021-09-06,6.09,6.09,6.09,6.09,2200,13519.80
2021-09-07,6.50,6.50,6.50,6.50,200,1300.00
2021-09-15,6.77,6.77,6.77,6.77,1000,6770.00
2021-09-17,6.77,6.78,6.77,6.78,3000,20330.00
2021-09-23,7.97,7.97,7.97,7.97,1200,9564.00
2021-09-27,8.01,8.01,8.01,8.01,2100,16812.99
2021-10-29,7.00,8.00,7.00,8.00,3600,25700.00
2021-11-01,7.00,7.50,7.00,7.50,1100,7750.00
2021-11-02,6.22,6.22,6.06,6.06,200,1228.00
2021-11-03,7.05,7.05,7.05,7.05,200,1410.00
2021-11-04,8.00,8.00,8.00,8.00,200,1600.00
2021-11-05,9.05,9.05,9.05,9.05,1000,9050.00
2021-11-08,7.98,8.55,7.98,8.50,2100,17080.00
2021-11-10,9.14,9.14,9.14,9.14,600,5485.00
2021-11-12,8.60,9.07,8.01,9.07,2300,20073.00
2021-11-16,9.07,9.07,9.07,9.07,100,907.00
2021-11-18,9.00,9.00,8.97,8.97,1800,16184.00
2021-11-22,7.14,9.59,7.14,7.26,800,6248.00
2021-11-23,6.88,9.58,6.88,9.58,200,1646.00
2021-11-24,8.80,8.80,7.54,8.00,1200,9770.00
2021-11-25,4.88,10.88,4.88,10.76,2900,28529.92
2021-12-28,8.10,8.10,8.10,8.10,300,2433.00
2021-12-29,8.17,8.17,8.17,8.17,200,1634.00
2021-12-30,8.18,8.18,8.18,8.18,200,1636.00
2021-12-31,8.18,8.18,8.18,8.18,200,1636.00
2022-01-06,8.20,8.20,8.20,8.20,200,1640.00
2022-01-18,7.80,8.89,7.80,8.89,1200,9470.00
2022-01-19,8.46,8.46,8.46,8.46,700,5922.00
2022-01-20,7.70,7.80,7.70,7.80,1600,12380.00
2022-01-21,7.80,7.80,7.60,7.60,1200,9260.00
2022-01-26,7.28,7.28,7.28,7.28,800,5824.00
2022-01-27,7.25,7.25,7.25,7.25,1200,8700.00
2022-02-07,9.97,9.97,9.20,9.20,2800,26961.90
2022-02-08,8.93,9.30,8.93,9.30,4200,38559.83
2022-02-09,9.33,9.75,9.33,9.72,2000,19097.00
2022-02-10,9.39,9.55,9.32,9.51,1800,16911.00
2022-02-11,9.50,9.50,9.18,9.18,4700,43381.81
2022-02-14,9.46,9.46,9.22,9.22,1900,17826.54
2022-02-15,9.22,9.25,9.22,9.25,2300,21255.00
2022-02-16,9.43,9.47,9.43,9.47,500,4735.00
2022-02-17,9.29,9.39,9.29,9.39,1500,13990.00
2022-02-18,9.54,9.54,9.35,9.35,1700,15938.00
2022-02-21,9.35,9.35,9.35,9.35,100,936.00
2022-02-22,9.35,9.42,9.35,9.42,2500,23444.00
2022-02-23,9.26,9.26,9.26,9.26,100,926.00
2022-03-04,9.26,9.27,9.26,9.26,800,7410.00
2022-03-07,9.00,9.00,9.00,9.00,600,5499.00
2022-03-08,8.88,8.88,8.88,8.88,200,1776.00
2022-03-16,7.88,7.88,7.88,7.88,1400,11032.00
2022-03-17,7.16,7.73,7.16,7.73,0,193.57
2022-03-28,5.06,8.93,5.06,8.93,200,1400.00
2022-04-06,8.93,8.93,5.55,8.64,200,1775.65
2022-04-07,8.64,8.64,8.64,8.64,100,865.00
2022-04-18,7.94,8.00,7.94,8.00,2400,18768.22
2022-05-18,8.00,8.00,8.00,8.00,700,5720.00
2022-05-23,7.08,9.01,7.08,9.01,300,2506.00
2022-05-31,8.51,8.51,8.51,8.51,600,5106.00
2022-06-20,7.99,7.99,7.99,7.99,600,4794.00
2022-06-24,8.20,8.25,8.20,8.20,4100,33705.00
2022-11-24,9.70,9.78,9.38,9.60,3398961,32494946.00
2022-11-25,9.02,9.58,8.95,9.46,1553697,14183446.00
2022-11-28,9.00,9.20,9.00,9.07,434441,3947328.25
2022-11-29,9.01,9.10,9.01,9.05,321657,2911813.50
2022-11-30,9.01,9.08,8.99,9.03,310045,2797174.25
2022-12-01,9.06,9.08,9.01,9.02,243269,2195131.00
2022-12-02,9.01,9.06,9.00,9.00,157604,1419687.25
2022-12-05,9.03,9.03,8.96,8.97,208552,1871903.50
2022-12-06,8.95,9.00,8.95,8.97,104331,935223.81
2022-12-07,8.93,8.99,8.93,8.95,134789,1205634.25
2022-12-08,8.93,9.00,8.93,8.93,119687,1070144.25
2022-12-09,8.93,8.94,8.86,8.86,189823,1686756.13
2022-12-12,8.80,8.81,8.72,8.73,201340,1764274.75
2022-12-13,8.76,8.87,8.76,8.79,73047,642573.94
2022-12-14,8.80,8.80,8.75,8.77,65122,571215.06
2022-12-15,8.79,8.79,8.72,8.74,54000,472324.13
2022-12-16,8.72,8.75,8.70,8.70,94324,821723.19
2022-12-19,8.70,8.70,8.54,8.55,106395,913829.56
2022-12-20,8.51,8.55,8.32,8.35,117063,978951.13
2022-12-21,8.23,8.49,8.23,8.30,36805,306125.50
2022-12-22,8.30,8.38,8.15,8.19,52475,433644.84
2022-12-23,8.11,8.15,8.00,8.01,77088,622655.94
2022-12-26,7.71,7.99,7.71,7.82,93406,727910.13
2022-12-27,7.98,7.98,7.80,7.83,42844,335030.44
2022-12-28,7.71,7.87,7.71,7.86,32700,255518.00
2022-12-29,7.73,7.98,7.73,7.80,31245,244131.02
2022-12-30,7.80,7.86,7.76,7.80,19778,154485.13
2023-01-03,7.78,7.88,7.76,7.88,51758,405701.91
2023-01-04,7.97,7.97,7.88,7.93,31497,249460.50
2023-01-05,7.98,7.98,7.79,7.88,24286,192016.52
2023-01-06,7.96,7.96,7.81,7.89,30098,237197.89
2023-01-09,7.95,7.96,7.87,7.90,29621,234803.50
2023-01-10,7.96,7.96,7.86,7.93,29419,232699.34
2023-01-11,7.96,7.96,7.81,7.90,49358,387704.66
2023-01-12,7.82,7.90,7.82,7.87,18000,141071.55
2023-01-13,7.94,7.94,7.81,7.88,21109,165777.45
2023-01-16,7.88,7.88,7.81,7.84,37974,298111.25
2023-01-17,7.82,7.85,7.81,7.84,35201,275472.84
2023-01-18,7.81,7.92,7.81,7.88,33078,260509.91
2023-01-19,7.93,7.93,7.88,7.92,46930,371155.00
2023-01-20,7.86,7.98,7.86,7.97,82322,654709.13
2023-01-30,7.96,8.03,7.96,8.00,77287,616979.38
2023-01-31,8.00,8.52,8.00,8.43,437026,3642172.50
2023-02-01,8.45,8.56,8.37,8.43,247459,2089704.63
2023-02-02,8.50,8.50,8.34,8.35,151844,1268661.25
2023-02-03,8.27,8.35,8.27,8.32,38840,322804.91
2023-02-06,8.12,8.41,8.12,8.29,43653,361807.38
2023-02-07,8.38,8.38,8.27,8.32,36459,303751.47
2023-02-08,8.31,8.36,8.26,8.26,29031,240861.69
2023-02-09,8.23,8.36,8.23,8.32,42356,351836.50
2023-02-10,8.25,8.35,8.25,8.32,23822,197951.13
2023-02-13,8.38,8.38,8.32,8.35,25664,214287.30
2023-02-14,8.35,8.39,8.31,8.36,42081,350725.91
2023-02-15,8.40,8.40,8.32,8.36,33348,278299.16
2023-02-16,8.42,8.43,8.27,8.35,107300,899644.38
2023-02-17,8.38,8.39,8.28,8.33,53170,441520.91
2023-02-20,8.39,8.39,8.25,8.35,32772,272172.84
2023-02-21,8.30,8.37,8.30,8.34,39959,332538.88
2023-02-22,8.28,8.35,8.28,8.33,21159,175905.31
2023-02-23,8.35,8.35,8.28,8.33,17151,142415.70
2023-02-24,8.37,8.37,8.27,8.31,20415,169508.30
2023-02-27,8.25,8.26,7.99,8.07,81036,656328.19
2023-02-28,8.28,8.28,8.08,8.19,75715,621024.31
2023-03-01,8.29,8.29,8.17,8.21,28758,235753.69
2023-03-02,8.15,8.22,8.10,8.15,38901,316849.59
2023-03-03,8.12,8.20,8.10,8.12,29480,239365.48
2023-03-06,8.12,8.18,8.00,8.11,31083,250955.20
2023-03-07,8.18,8.18,8.04,8.05,28776,232246.41
2023-03-08,8.02,8.09,8.02,8.08,26978,217059.28
2023-03-09,8.05,8.12,8.04,8.11,15092,122110.46
2023-03-10,8.04,8.08,8.00,8.08,59094,474141.88
2023-03-13,7.99,8.15,7.99,8.09,24750,198905.63
2023-03-14,8.09,8.09,8.01,8.07,14548,116694.52
2023-03-15,8.12,8.12,8.00,8.05,27480,220355.41
2023-03-16,8.00,8.09,7.97,8.02,30560,243985.00
2023-03-17,7.88,8.08,7.88,8.03,19397,154917.66
2023-03-20,8.13,8.13,7.92,8.00,15494,123834.12
2023-03-21,8.00,8.02,7.92,7.99,27590,219629.36
2023-03-22,8.01,8.04,7.93,8.03,36770,294122.97
2023-03-23,7.91,8.09,7.90,7.97,52294,415460.91
2023-03-24,8.00,8.02,7.93,8.00,46895,373560.56
2023-03-27,8.08,8.08,7.92,7.99,44814,356026.38
2023-03-28,8.00,8.02,7.90,7.96,77625,615313.50
2023-03-29,7.97,7.97,7.90,7.94,45140,357527.13
2023-03-30,7.96,7.96,7.90,7.94,31724,251006.80
2023-03-31,7.94,7.95,7.88,7.94,32924,260882.84
2023-04-03,7.97,7.97,7.88,7.95,61580,487404.88
2023-04-04,7.89,7.95,7.88,7.93,62326,491685.28
2023-04-06,7.88,7.93,7.87,7.91,45751,361357.72
2023-04-07,7.95,7.95,7.85,7.90,19156,151053.13
2023-04-10,7.94,7.94,7.85,7.89,34027,267713.22
2023-04-11,7.85,7.91,7.81,7.86,60273,472632.16
2023-04-12,7.86,7.90,7.84,7.87,47027,370007.78
2023-04-13,7.83,7.86,7.80,7.84,33879,264803.38
2023-04-14,7.91,7.91,7.77,7.84,17236,135565.28
2023-04-17,7.78,7.88,7.78,7.84,36543,285134.81
2023-04-18,7.77,7.88,7.77,7.85,58179,455353.06
2023-04-19,7.78,7.87,7.78,7.84,17545,137412.83
2023-04-20,7.79,7.83,7.77,7.83,19086,148672.69
2023-04-21,7.83,7.84,7.76,7.77,20680,160786.47
2023-04-24,7.72,7.82,7.68,7.75,17921,138072.09
2023-04-25,7.83,7.84,7.65,7.67,52778,405304.69
2023-04-26,7.60,7.72,7.60,7.66,42376,323004.94
2023-04-27,7.76,7.77,7.60,7.73,92882,717232.69
2023-04-28,7.62,7.76,7.61,7.70,55692,426701.50
2023-05-04,7.70,7.75,7.60,7.69,14945,114516.96
2023-05-05,7.71,7.74,7.63,7.74,52070,401227.59
2023-05-08,7.76,7.88,7.70,7.87,55491,435388.38
2023-05-09,7.88,7.99,7.80,7.88,53276,419077.22
2023-05-10,7.85,7.91,7.75,7.87,40485,318084.81
2023-05-11,7.89,7.90,7.79,7.84,31042,242748.70
2023-05-12,7.87,7.88,7.76,7.81,14098,109851.96
2023-05-15,7.65,7.89,7.65,7.82,17442,135136.77
2023-05-16,7.84,7.85,7.78,7.82,12438,97219.76
2023-05-17,7.72,7.83,7.72,7.82,14401,112528.03
2023-05-18,7.85,7.86,7.80,7.84,17633,137805.70
2023-05-19,7.77,7.84,7.77,7.84,4093,31973.18
2023-05-22,7.84,7.87,7.78,7.86,58569,458268.31
2023-05-23,7.82,7.91,7.82,7.87,40368,318412.78
2023-05-24,7.69,7.69,7.58,7.60,58847,447785.38
2023-05-25,7.51,7.68,7.51,7.55,23061,174391.05
2023-05-26,7.65,7.66,7.50,7.56,25472,191672.45
2023-05-29,7.59,7.60,7.51,7.56,29830,224801.69
2023-05-30,7.58,7.59,7.47,7.50,41451,310789.09
2023-05-31,7.49,7.55,7.41,7.49,19817,147702.70
2023-06-01,7.53,7.53,7.45,7.49,14617,109289.36
2023-06-02,7.53,7.54,7.40,7.44,65730,488894.28
2023-06-05,7.39,7.39,7.35,7.36,64833,477493.34
2023-06-06,7.34,7.43,7.32,7.34,39763,292291.06
2023-06-07,7.37,7.37,7.30,7.32,84677,618752.63
2023-06-08,7.30,7.34,7.19,7.32,117876,850733.25
2023-06-09,7.34,7.34,7.27,7.31,20302,148118.23
2023-06-12,7.33,7.33,7.22,7.26,10408,75718.52
2023-06-13,7.20,7.36,7.20,7.30,7821,56803.30
2023-06-14,7.34,7.34,7.26,7.30,6944,50589.77
2023-06-15,7.33,7.33,7.17,7.28,143510,1035769.56
2023-06-16,7.29,7.29,7.17,7.28,82094,592404.81
2023-06-19,7.17,7.28,7.17,7.27,23541,169682.44
2023-06-20,7.17,7.28,7.17,7.25,20951,150709.31
2023-06-21,7.19,7.25,7.19,7.23,21353,153738.42
2023-06-26,7.23,7.25,7.15,7.23,2834,20415.46
2023-06-27,7.17,7.31,7.15,7.30,55929,405383.50
2023-06-28,7.16,7.33,7.16,7.28,11705,84547.80
2023-06-29,7.29,7.30,7.18,7.26,22463,162620.78
2023-06-30,7.29,7.29,7.21,7.26,20808,151016.09
2023-07-03,7.28,7.31,7.20,7.28,57956,421304.03
2023-07-04,7.33,7.47,7.29,7.36,146109,1074747.63
2023-07-05,7.33,7.58,7.20,7.47,261582,1951668.25
2023-07-06,7.41,7.48,7.27,7.35,146015,1070479.38
2023-07-07,7.35,7.38,7.21,7.37,78195,573150.50
2023-07-10,7.28,7.38,7.28,7.33,46964,343740.88
2023-07-11,7.30,7.37,7.25,7.32,35710,260234.91
2023-07-12,7.34,7.35,7.20,7.25,77990,563142.75
2023-07-13,7.27,7.28,7.19,7.25,54578,394207.81
2023-07-14,7.26,7.27,7.21,7.24,22344,161802.73
2023-07-17,7.25,7.26,7.20,7.24,30104,217640.98
2023-07-18,7.26,7.28,7.22,7.26,34476,250318.44
2023-07-19,7.30,7.31,7.21,7.26,6483,46859.47
2023-07-20,7.26,7.29,7.25,7.26,18514,134378.33
2023-07-21,7.29,7.29,7.20,7.26,24234,174790.45
2023-07-24,7.20,7.26,7.20,7.25,5505,39729.28
2023-07-25,7.26,7.29,7.25,7.26,34669,251971.69
2023-07-26,7.26,7.29,7.24,7.28,27585,200773.81
2023-07-27,7.31,7.31,7.23,7.27,19962,145074.77
2023-07-28,7.28,7.28,7.21,7.26,22016,159580.55
2023-07-31,7.27,7.27,7.24,7.27,37092,269418.22
2023-08-01,7.26,7.28,7.25,7.28,23235,168813.67
2023-08-02,7.50,7.50,7.26,7.30,49382,364001.88
2023-08-03,7.27,7.36,7.11,7.28,35170,253303.38
2023-08-04,7.25,7.28,7.23,7.28,8868,64412.43
2023-08-07,7.24,7.28,7.22,7.26,7634,55294.40
2023-08-08,7.22,7.28,7.21,7.26,14687,106077.81
2023-08-09,7.22,7.27,7.20,7.25,10649,76973.31
2023-08-10,7.26,7.27,7.20,7.26,10421,75365.44
2023-08-11,7.21,7.26,7.21,7.24,11021,79569.74
2023-08-14,7.16,7.22,7.13,7.21,35240,252556.80
2023-08-15,7.20,7.20,7.12,7.12,19834,142019.22
2023-08-16,7.15,7.20,7.10,7.15,31179,222194.00
2023-08-17,7.10,7.19,7.10,7.18,43795,312952.13
2023-08-18,7.18,7.18,7.09,7.14,49756,353946.53
2023-08-21,7.15,7.16,7.10,7.14,9404,67130.60
2023-08-22,7.11,7.13,7.05,7.13,32197,228140.70
2023-08-23,7.13,7.20,7.07,7.14,14860,105647.07
2023-08-24,7.16,7.20,7.07,7.19,53848,386078.84
2023-08-25,7.19,7.24,7.08,7.20,41531,297847.66
2023-08-28,7.38,7.38,7.04,7.18,53802,384715.72
2023-08-29,7.22,7.23,7.07,7.20,80211,576785.31
2023-08-30,7.20,7.21,7.06,7.18,88240,626226.06
2023-08-31,7.17,7.18,7.09,7.17,11964,85245.84
2023-09-01,7.20,7.20,7.10,7.18,19695,140962.59
2023-09-04,7.26,7.52,7.26,7.32,443603,3279939.25
2023-09-05,7.21,7.28,7.11,7.24,254114,1819138.13
2023-09-06,7.26,7.27,7.19,7.25,21160,152948.84
2023-09-07,7.31,7.31,7.20,7.27,25894,187637.67
2023-09-08,7.27,7.27,7.20,7.24,13272,96036.64
2023-09-11,7.30,7.30,7.16,7.26,5621,40448.64
2023-09-12,7.15,7.24,7.15,7.23,4269,30684.56
2023-09-13,7.26,7.27,7.12,7.23,36328,260131.36
2023-09-14,7.23,7.24,7.14,7.20,13649,97735.92
2023-09-15,7.32,7.32,7.14,7.24,21018,151673.25
2023-09-18,7.22,7.24,7.16,7.24,30495,220213.86
2023-09-19,7.24,7.25,7.17,7.22,101242,727069.88
2023-09-20,7.22,7.23,7.17,7.22,9251,66491.23
2023-09-21,7.16,7.22,7.16,7.22,8866,63539.54
2023-09-22,7.21,7.22,7.18,7.22,4717,34013.80
2023-09-25,7.22,7.22,7.11,7.20,25433,182144.53
2023-09-26,7.20,7.21,7.11,7.21,9171,65504.52
2023-09-27,7.12,7.20,7.12,7.19,6649,47653.38
2023-09-28,7.20,7.21,7.11,7.20,5838,41845.93
2023-10-09,7.17,7.20,7.14,7.19,7446,53414.85
2023-10-10,7.20,7.21,7.10,7.19,12732,90816.59
2023-10-11,7.15,7.18,7.10,7.17,32123,228852.22
2023-10-12,7.11,7.20,7.11,7.20,21851,156166.83
2023-10-13,7.12,7.17,7.08,7.17,27949,198497.47
2023-10-16,7.10,7.17,7.07,7.15,18407,130888.31
2023-10-17,7.13,7.14,7.07,7.14,9282,65821.48
2023-10-18,7.09,7.09,7.04,7.09,26100,184223.88
2023-10-19,7.01,7.09,6.98,7.08,29287,205316.91
2023-10-20,6.98,7.12,6.98,7.10,10995,77534.57
2023-10-23,6.98,7.15,6.95,7.10,22076,154809.66
2023-10-24,6.98,7.26,6.98,7.17,94687,679291.50
2023-10-25,7.17,7.18,7.01,7.17,97466,688252.69
2023-10-26,7.09,7.14,7.06,7.14,9612,68212.69
2023-10-27,7.12,7.13,7.02,7.13,32838,233238.38
2023-10-30,7.03,7.15,7.03,7.14,5696,40361.50
2023-10-31,7.04,7.14,7.04,7.12,25856,183872.72
2023-11-01,7.12,7.13,7.04,7.12,25633,181502.50
2023-11-02,7.06,7.12,7.04,7.12,6880,48612.60
2023-11-03,7.03,7.14,7.03,7.14,20670,146443.75
2023-11-06,7.11,7.14,7.10,7.13,10283,73239.99
2023-11-07,7.08,7.14,7.08,7.14,25348,180345.31
2023-11-08,7.15,7.17,7.08,7.16,36565,261344.38
2023-11-09,7.08,7.15,7.08,7.15,47328,335904.19
2023-11-10,7.14,7.14,7.08,7.14,33711,239693.55
2023-11-13,7.08,7.14,7.01,7.14,33951,240786.64
2023-11-14,7.10,7.13,7.05,7.10,26644,188863.80
2023-11-15,7.14,7.18,7.08,7.15,67790,482649.97
2023-11-16,7.15,7.18,7.09,7.17,40952,291810.69
2023-11-17,7.17,7.18,7.10,7.17,35013,249859.81
2023-11-20,7.18,7.29,7.11,7.25,161589,1167487.00
2023-11-21,7.30,7.90,7.29,7.64,1641193,12581927.00
2023-11-22,7.33,8.38,7.32,8.33,2245850,17867616.00
2023-11-23,8.33,8.69,7.85,8.05,1830258,15106811.00
2023-11-24,8.18,9.82,8.03,9.82,4089090,36718356.00
2023-11-27,10.48,12.76,9.80,12.76,9343811,101771448.00
2023-11-28,10.70,12.40,10.51,11.00,6515273,74714048.00
2023-11-29,10.99,11.35,9.30,9.65,4771761,49113120.00
2023-11-30,10.06,10.07,9.27,9.79,2104558,20495502.00
2023-12-01,9.89,10.19,9.12,9.22,2048766,19515302.00
2023-12-04,9.10,9.46,8.90,9.40,1537870,14068946.00
2023-12-05,9.31,10.50,9.10,10.39,3522699,35332384.00
2023-12-06,10.31,12.50,10.15,10.92,5504316,62867184.00
2023-12-07,10.98,11.89,10.66,11.20,4262016,47557432.00
2023-12-08,11.19,11.99,11.01,11.90,4390117,50831704.00
2023-12-11,12.00,12.03,10.60,10.72,3270151,36357444.00
2023-12-12,10.50,11.11,10.44,10.98,1884523,20487168.00
2023-12-13,10.97,11.61,10.70,11.29,2848483,32089474.00
2023-12-14,11.40,13.96,11.30,12.50,6989436,89237048.00
2023-12-15,12.44,12.78,12.00,12.60,4122421,50914108.00
2023-12-18,12.76,13.50,12.57,12.87,3125545,40250756.00
2023-12-19,12.67,12.76,11.89,12.40,2835801,35017748.00
2023-12-20,12.55,13.15,12.43,13.04,2928457,37667544.00
2023-12-21,13.25,13.37,10.43,10.80,3342241,40333556.00
2023-12-22,10.84,11.37,10.61,11.30,2005904,22096772.00
2023-12-25,11.33,12.15,11.22,12.10,2518485,29492330.00
2023-12-26,12.00,12.50,11.52,12.20,2561463,30970818.00
2023-12-27,12.10,12.43,11.67,12.21,2047682,24640972.00
2023-12-28,12.25,14.00,12.21,12.59,4250669,55981080.00
2023-12-29,12.01,13.48,12.01,13.21,3558373,45078268.00
2024-01-02,13.17,17.17,13.08,17.17,8710362,135670880.00
2024-01-03,17.15,17.50,15.17,15.55,6946421,112769200.00
2024-01-04,15.20,16.30,14.92,15.99,5021803,78652808.00
2024-01-05,15.62,15.96,13.95,14.38,4044749,59953316.00
2024-01-08,14.38,14.79,14.04,14.04,2159363,31255962.00
2024-01-09,14.45,14.56,12.75,13.65,2532915,34618748.00
2024-01-10,13.52,14.57,13.11,14.56,2659134,37212800.00
2024-01-11,14.40,14.97,14.16,14.60,2236512,32423044.00
2024-01-12,14.16,14.51,12.06,12.21,2843817,38014652.00
2024-01-15,12.20,12.45,11.23,11.30,1965868,22957974.00
2024-01-16,11.31,12.58,10.70,12.43,2291253,26636360.00
2024-01-17,12.12,13.06,11.98,12.21,2449540,30516518.00
2024-01-18,12.20,12.84,11.90,12.83,2080771,26031252.00
2024-01-19,12.62,13.76,12.62,13.68,2785544,37243236.00
2024-01-22,13.95,14.62,12.92,13.10,2572731,35534804.00
2024-01-23,12.90,13.49,12.66,13.28,1685531,22069454.00
2024-01-24,13.36,13.47,12.30,12.96,1804101,23220142.00
2024-01-25,12.75,13.07,12.03,12.06,1959782,24496694.00
2024-01-26,11.80,12.46,11.80,11.80,1466335,17736644.00
2024-01-29,11.81,11.98,10.83,10.83,1196829,13417429.00
2024-01-30,10.84,11.16,10.35,10.86,1031159,11042171.00
2024-01-31,10.95,12.00,10.85,11.63,2161998,24899808.00
2024-02-01,11.79,12.39,11.06,11.35,1888575,22282082.00
2024-02-02,11.30,11.71,9.82,10.32,1667855,17698526.00
2024-02-05,10.29,10.29,8.88,9.63,1227559,11777939.00
2024-02-06,9.51,11.50,9.31,11.00,1748760,18271264.00
2024-02-07,10.91,14.28,10.91,12.70,5356739,69117376.00
2024-02-08,11.65,12.20,10.28,10.94,3470061,38451036.00
2024-02-19,10.85,11.34,10.65,11.18,2069551,22730706.00
2024-02-20,11.18,11.60,10.89,11.60,2283699,25776958.00
2024-02-21,11.50,12.05,11.37,11.54,2365220,27709408.00
2024-02-22,11.58,11.64,11.18,11.33,1374967,15654854.00
2024-02-23,11.17,11.38,10.78,10.90,1420952,15666812.00
2024-02-26,10.94,11.15,10.67,10.96,1186675,12909126.00
2024-02-27,10.90,11.69,10.90,11.61,2216712,25322140.00
2024-02-28,11.79,12.21,10.90,11.05,2152468,25029370.00
2024-02-29,11.51,11.76,11.01,11.55,1622671,18488268.00
2024-03-01,11.86,12.70,11.80,11.99,2796101,34151488.00
2024-03-04,11.83,12.00,11.21,11.39,1946498,22334716.00
2024-03-05,11.13,11.49,10.94,11.10,1269210,14121295.00
2024-03-06,11.50,11.68,11.20,11.31,1143787,13075677.00
2024-03-07,11.39,13.20,11.03,11.79,4030461,49222840.00
2024-03-08,11.60,11.60,10.96,11.42,2781984,31374126.00
2024-03-11,11.39,11.57,11.16,11.49,1438783,16298203.00
2024-03-12,11.58,11.70,11.31,11.50,1260556,14492472.00
2024-03-13,11.68,11.68,11.05,11.12,1158547,13061550.00
2024-03-14,11.22,11.99,11.16,11.32,2247885,25985242.00
2024-03-15,11.16,12.88,11.02,11.95,4121932,49106712.00
2024-03-18,11.96,12.07,11.51,11.83,2549110,29919910.00
2024-03-19,11.73,12.80,11.73,12.47,4074120,50581312.00
2024-03-20,12.14,13.28,12.03,13.00,3992086,50315356.00
2024-03-21,12.78,13.18,12.31,12.64,2833761,36316248.00
2024-03-22,12.55,12.93,12.01,12.07,1911949,23594310.00
2024-03-25,12.28,12.48,11.65,11.66,1504254,18193582.00
2024-03-26,11.63,11.89,11.20,11.45,1117938,12831643.00
2024-03-27,11.53,12.20,11.33,11.44,1066872,12452930.00
2024-03-28,11.50,11.79,11.40,11.65,1190322,13766580.00
2024-03-29,11.96,12.48,11.84,12.18,2460961,29771018.00
2024-04-01,12.30,13.28,12.08,12.71,3402002,43359392.00
2024-04-02,12.30,13.48,12.30,12.46,3116250,39686240.00
2024-04-03,12.46,15.80,12.21,13.89,7424962,101847352.00
2024-04-08,13.89,16.05,13.53,14.23,6880897,101393360.00
2024-04-09,13.23,14.21,13.15,13.80,4937901,66912344.00
2024-04-10,14.03,17.50,14.03,16.00,7588927,119728496.00
2024-04-11,15.34,17.24,14.75,15.50,5976457,93831792.00
2024-04-12,15.82,16.90,15.01,16.00,5209223,82894904.00
2024-04-15,14.50,15.25,13.50,13.69,4742860,67836360.00
2024-04-16,13.50,13.60,11.60,12.60,4205444,52989968.00
2024-04-17,12.80,13.97,12.62,13.73,4100618,54858052.00
2024-04-18,13.63,15.55,13.22,15.55,5801767,83350128.00
2024-04-19,15.88,16.63,14.50,14.50,5519529,86158152.00
2024-04-22,14.35,16.50,14.33,15.01,4687349,72098576.00
2024-04-23,13.77,14.46,13.50,13.70,3841968,53298124.00
2024-04-24,13.56,14.45,13.50,14.21,3337270,46519952.00
2024-04-25,13.92,14.68,13.73,14.26,3214752,45771368.00
2024-04-26,14.13,15.10,14.05,14.54,3598028,52481816.00
2024-04-29,14.44,14.49,13.15,13.30,4182444,57474904.00
2024-04-30,13.60,13.93,12.52,12.79,3617263,47937264.00
2024-05-06,12.44,12.87,12.44,12.79,2505308,31834208.00
2024-05-07,12.81,13.10,12.60,12.66,2571043,33058330.00
2024-05-08,12.40,12.66,12.02,12.12,2632491,32457872.00
2024-05-09,12.13,12.47,11.91,12.34,2690518,32913238.00
2024-05-10,12.38,13.18,12.38,12.78,3101104,39460636.00
2024-05-13,12.53,12.64,12.02,12.07,1835309,22548632.00
2024-05-14,12.34,12.34,11.54,11.75,2099416,24830960.00
2024-05-15,11.73,11.84,11.30,11.41,1777134,20602898.00
2024-05-16,11.41,11.68,11.00,11.05,1879957,21358540.00
2024-05-17,11.10,11.10,10.54,10.72,2152244,23202104.00
2024-05-20,11.40,12.85,11.30,12.85,6061547,74155448.00
2024-05-21,12.30,12.60,11.70,11.71,4042633,48848276.00
2024-05-22,11.50,11.88,11.32,11.56,2604971,29991828.00
2024-05-23,11.23,12.15,11.12,11.79,3192178,37194780.00
2024-05-24,11.66,12.29,11.30,11.88,2541136,29897050.00
2024-05-27,11.58,11.98,11.48,11.64,1544355,17975158.00
2024-05-28,11.88,12.48,11.82,12.00,3093760,37525492.00
2024-05-29,11.88,12.54,11.45,12.32,3468776,42345448.00
2024-05-30,12.00,12.35,11.52,11.55,2611877,30899060.00
2024-05-31,11.32,11.68,11.15,11.16,1689671,19122620.00
2024-06-03,11.07,11.28,10.70,10.83,878207,9559204.00
2024-06-04,10.84,11.20,10.84,10.97,937344,10310268.00
2024-06-05,10.97,10.97,10.33,10.41,1223356,12962451.00
2024-06-06,10.48,10.84,10.20,10.26,1180860,12418779.00
2024-06-07,10.59,10.72,9.96,10.26,926469,9515544.00
2024-06-11,9.86,10.08,9.86,10.02,920079,9156861.00
2024-06-12,10.04,10.06,9.89,9.98,768105,7656295.50
2024-06-13,9.99,10.02,9.55,9.66,1064748,10345851.00
2024-06-14,9.51,9.90,9.51,9.69,508223,4941386.50
2024-06-17,9.61,9.69,9.26,9.31,890565,8354291.00
2024-06-18,9.36,9.57,9.24,9.47,864576,8148468.50
2024-06-19,9.57,9.96,9.39,9.73,1366238,13309010.00
2024-06-20,9.48,9.80,9.28,9.39,997542,9463566.00
2024-06-21,9.66,11.99,9.63,11.70,4907716,51982976.00
2024-06-24,10.81,11.00,10.09,10.16,2944191,31010892.00
2024-06-25,10.09,10.77,9.98,10.33,2581733,26697324.00
2024-06-26,10.13,10.32,10.03,10.25,1831601,18621466.00
2024-06-27,10.26,10.28,9.68,9.77,1628171,16209503.00
2024-06-28,9.88,10.18,9.79,9.98,1069613,10631747.00
2024-07-01,10.19,10.98,10.19,10.31,2806165,29789188.00
2024-07-02,10.03,10.23,9.98,10.08,1739512,17529514.00
2024-07-03,10.03,10.23,9.90,9.95,1097330,11010648.00
2024-07-04,10.18,10.49,9.93,10.05,1597013,16312415.00
2024-07-05,10.08,10.18,9.72,10.09,1096389,10933202.00
2024-07-08,10.15,10.75,10.15,10.18,2519578,26390010.00
2024-07-09,10.01,10.48,9.85,10.44,2235353,22628382.00
2024-07-10,10.33,10.69,10.23,10.26,1589999,16598429.00
2024-07-11,10.52,11.36,10.29,10.75,2792110,30105516.00
2024-07-12,10.96,11.30,10.57,10.69,2255370,24523172.00
2024-07-15,10.38,11.28,10.36,11.10,2831577,30721234.00
2024-07-16,10.89,11.79,10.79,11.59,3544401,39879612.00
2024-07-17,11.72,12.68,11.71,12.15,4876417,59406388.00
2024-07-18,11.90,11.91,11.03,11.13,3443172,38955912.00
2024-07-19,10.98,11.29,10.69,10.88,2093576,22898466.00
2024-07-22,10.79,10.91,10.54,10.76,1031092,11054940.00
2024-07-23,10.75,10.85,10.31,10.37,1127914,11908285.00
2024-07-24,10.48,10.74,10.40,10.46,1342808,14175525.00
2024-07-25,10.31,10.72,10.31,10.63,963214,10210571.00
2024-07-26,10.66,10.98,10.58,10.79,1101630,11901851.00
2024-07-29,10.80,10.90,10.39,10.39,1243532,13087536.00
2024-07-30,10.50,10.53,10.27,10.33,760754,7910609.50
2024-07-31,10.50,10.73,10.35,10.72,1379477,14635697.00
2024-08-01,10.90,11.04,10.50,10.50,1247107,13374839.00
2024-08-02,10.41,10.88,10.37,10.78,1513120,16085175.00
2024-08-05,10.51,10.67,9.93,9.99,1584024,16368070.00
2024-08-06,10.03,10.30,9.99,10.15,769579,7799678.50
2024-08-07,10.29,10.43,10.16,10.26,625713,6440082.50
2024-08-08,10.32,10.33,10.02,10.07,515593,5225412.50
2024-08-09,10.10,10.52,10.10,10.25,1151428,11947794.00
2024-08-12,10.21,10.45,10.10,10.15,690432,7034262.50
2024-08-13,10.26,11.22,10.26,10.59,1861910,19720740.00
2024-08-14,10.30,10.50,10.24,10.38,1358377,14028189.00
2024-08-15,10.24,10.46,10.20,10.34,825690,8527739.00
2024-08-16,10.68,10.97,10.47,10.48,1186290,12651641.00
2024-08-19,10.88,10.95,10.38,10.47,1284115,13698142.00
2024-08-20,10.41,10.68,10.14,10.23,1505334,15601890.00
2024-08-21,10.17,10.18,9.95,9.98,928094,9333978.00
2024-08-22,10.02,10.04,9.68,9.76,688400,6762057.00
2024-08-23,9.71,9.78,9.51,9.65,383625,3707754.00
2024-08-26,9.81,9.99,9.71,9.95,547251,5389710.50
2024-08-27,9.81,9.95,9.58,9.63,485547,4711166.00
2024-08-28,9.67,9.92,9.63,9.80,653156,6416954.00
2024-08-29,9.70,9.85,9.56,9.82,574867,5593972.00
2024-08-30,9.80,10.06,9.77,9.95,656562,6544361.50
2024-09-02,9.96,9.97,9.60,9.61,597774,5820408.50
2024-09-03,9.58,9.71,9.55,9.62,368304,3539535.00
2024-09-04,9.61,9.61,9.37,9.38,669407,6310550.00
2024-09-05,9.36,9.54,9.36,9.44,261117,2462248.25
2024-09-06,9.42,9.46,9.31,9.34,431751,4040658.50
2024-09-09,9.35,9.44,9.33,9.36,283322,2649136.25
2024-09-10,9.39,9.44,9.30,9.38,281443,2633873.75
2024-09-11,9.39,9.55,9.35,9.45,590180,5584900.50
2024-09-12,9.41,9.66,9.41,9.49,384181,3664074.25
2024-09-13,9.67,9.95,9.52,9.68,1120726,10940108.00
2024-09-18,9.56,9.68,9.29,9.33,722760,6807935.50
2024-09-19,9.48,9.60,9.33,9.51,511598,4852931.50
2024-09-20,9.52,9.69,9.46,9.58,508342,4860258.50
2024-09-23,9.46,9.65,9.43,9.45,369381,3498708.25
2024-09-24,9.51,9.75,9.44,9.72,677729,6523932.50
2024-09-25,9.94,10.06,9.72,9.73,1075887,10636025.00
2024-09-26,9.61,9.88,9.56,9.81,1229759,11988852.00
2024-09-27,9.94,10.78,9.94,10.66,2129613,22142858.00
2024-09-30,11.60,13.85,10.90,13.85,5191164,63130528.00
2024-10-08,17.31,17.60,14.41,17.02,6144143,99037704.00
2024-10-09,15.44,15.90,13.50,13.52,3695373,54866248.00
2024-10-10,14.05,15.80,13.00,14.29,3671396,52046448.00
2024-10-11,14.43,14.87,12.18,12.82,2469523,33269814.00
2024-10-14,12.51,13.54,12.48,13.38,2094139,27367334.00
2024-10-15,13.37,13.88,13.01,13.10,1858665,24892102.00
2024-10-16,13.21,13.99,13.15,13.73,2396754,32667382.00
2024-10-17,13.93,14.99,13.20,14.21,4016748,57165116.00
2024-10-18,14.45,15.41,13.96,15.01,3662269,54532692.00
2024-10-21,15.53,17.00,15.30,16.73,4510145,73023016.00
2024-10-22,16.85,17.37,14.50,14.91,4344323,68094568.00
2024-10-23,15.70,17.20,15.33,15.78,4113541,66398900.00
2024-10-24,15.20,16.95,15.13,16.60,4685120,75451192.00
2024-10-25,16.18,18.40,16.18,16.40,4817949,82500608.00
2024-10-28,16.40,17.30,15.80,17.30,3431541,56483780.00
2024-10-29,17.98,18.99,17.39,18.43,4882706,88447776.00
2024-10-30,18.40,22.00,17.44,21.33,4452518,83980320.00
2024-10-31,20.70,20.70,18.40,19.04,4777762,92576336.00
2024-11-01,18.44,24.75,18.44,24.75,10583398,244453920.00
2024-11-04,23.05,24.99,21.20,22.90,7541174,171164560.00
2024-11-05,22.05,28.58,21.58,24.98,7798301,186507120.00
2024-11-06,25.00,27.50,23.68,24.15,6626448,169264256.00
2024-11-07,23.10,24.60,22.50,23.50,4467482,104454376.00
2024-11-08,23.90,24.48,22.00,22.70,3277731,75788176.00
2024-11-11,22.30,23.14,21.36,22.25,2102590,46404684.00
2024-11-12,22.27,23.25,21.80,22.44,2068036,46643772.00
2024-11-13,22.57,23.16,22.00,23.12,1877376,42614368.00
2024-11-14,22.43,23.79,21.89,22.21,2484821,56581856.00
2024-11-15,21.80,22.45,21.05,21.66,2189400,47692632.00
2024-11-18,21.78,22.06,20.50,20.74,1716269,36204140.00
2024-11-19,20.81,21.08,19.00,20.34,1746182,34820656.00
2024-11-20,20.39,21.88,20.06,21.56,1744276,36635908.00
2024-11-21,21.56,22.89,21.56,22.50,2568146,57289392.00
2024-11-22,23.20,24.97,21.83,22.00,3179210,74903960.00
2024-11-25,21.38,21.88,20.23,21.07,2057580,43112956.00
2024-11-26,20.95,21.98,20.10,21.29,2074707,43274328.00
2024-11-27,20.65,21.10,19.27,21.10,1832597,36779924.00
2024-11-28,20.97,22.20,20.80,20.98,1855932,40061332.00
2024-11-29,20.62,21.78,20.18,21.36,1803295,37841312.00
2024-12-02,21.03,22.70,21.02,22.70,2177725,47913376.00
2024-12-03,22.70,22.70,22.70,22.70,0,0.00
#数据来源:通达信
