871694 中裕科技 日线 不复权
      日期	    开盘	    最高	    最低	    收盘	    成交量	    成交额
2021-10-11,10.00,10.50,10.00,10.05,400,4055.00
2021-10-12,10.50,10.50,10.00,10.00,200,2050.00
2021-10-14,10.00,10.00,10.00,10.00,1300,12850.00
2021-10-15,10.00,10.00,10.00,10.00,100,1000.00
2021-10-19,10.00,10.71,10.00,10.71,332400,3559608.50
2021-10-28,10.00,10.00,10.00,10.00,100,1000.00
2021-11-11,10.00,10.00,10.00,10.00,3000,30000.00
2021-11-16,10.00,10.00,10.00,10.00,1700,16500.00
2021-11-23,10.71,10.71,10.71,10.71,86200,922827.13
2021-11-24,10.71,10.71,10.71,10.71,100,1071.00
2021-11-29,10.71,10.71,10.71,10.71,9300,99603.00
2021-12-02,10.71,10.71,10.71,10.71,104000,1114214.88
2021-12-06,10.71,10.71,10.71,10.71,200,2142.00
2021-12-08,15.00,15.00,15.00,15.00,20000,300000.00
2021-12-17,14.98,14.98,14.98,14.98,5000,74900.00
2022-02-09,12.08,12.08,12.08,12.08,100,1208.00
2022-02-14,10.01,10.01,10.01,10.01,28700,287136.84
2022-02-15,10.02,10.02,10.02,10.02,6000,60120.00
2022-02-17,14.98,14.98,12.05,12.05,200,2703.00
2022-02-24,12.05,14.58,11.11,11.15,8400,111090.00
2022-02-25,14.58,14.58,14.58,14.58,1000,14580.00
2022-02-28,17.50,17.50,17.50,17.50,29000,507500.00
2022-03-03,17.48,17.48,17.48,17.48,3200,55936.00
2022-03-04,19.86,19.86,19.86,19.86,1000,19860.00
2022-03-29,13.02,13.02,13.02,13.02,100,1302.00
2022-04-11,6.52,6.52,6.52,6.52,200,1304.00
2022-04-12,8.03,8.03,8.03,8.03,34000,273020.00
2022-04-13,4.04,8.00,4.04,8.00,3900,16152.00
2022-04-14,10.71,10.72,10.71,10.72,200,2143.00
2022-04-18,13.50,13.50,13.50,13.50,100,1350.00
2022-04-20,16.00,16.00,16.00,16.00,37000,592000.00
2022-04-26,11.00,11.00,11.00,11.00,1000,11000.00
2022-05-05,11.01,13.50,11.01,11.09,37600,414265.00
2022-05-06,13.50,13.50,13.50,13.50,30100,406350.00
2022-05-09,13.49,13.49,13.49,13.49,2800,37772.00
2022-05-10,11.16,11.17,11.16,11.17,30400,339566.00
2022-05-11,11.16,11.16,11.02,11.02,300,3320.00
2022-05-16,11.09,11.09,11.08,11.08,400,4433.00
2022-05-17,13.90,13.90,13.90,13.90,17000,236286.09
2022-05-18,16.90,16.90,16.90,16.90,19300,325916.50
2022-05-23,17.00,19.00,17.00,19.00,11400,196600.00
2022-05-24,13.69,20.36,11.15,20.36,27200,320185.50
2022-05-26,20.36,20.36,20.36,20.36,7200,146592.00
2022-05-27,20.35,20.35,20.34,20.34,19600,398859.84
2022-06-02,21.86,21.86,21.86,21.86,30000,655800.00
2022-06-08,25.00,25.00,25.00,25.00,600,15000.00
2022-06-17,27.99,27.99,27.99,27.99,600,16794.00
2022-07-26,27.99,27.99,27.99,27.99,200,5598.00
2022-08-01,24.00,24.00,24.00,24.00,400,9600.00
2022-08-02,17.00,17.00,16.40,16.52,2400,41162.20
2022-08-03,17.00,17.00,17.00,17.00,2100,35700.00
2022-08-16,16.59,16.59,16.59,16.59,400,6636.00
2022-08-18,19.98,19.98,19.98,19.98,1100,21978.00
2023-04-24,12.33,12.40,10.56,12.33,5925692,70900840.00
2023-04-25,11.70,11.98,10.66,10.79,1579348,17672568.00
2023-04-26,10.80,11.99,10.78,11.82,1217578,13899791.00
2023-04-27,11.74,12.35,11.52,11.91,1241841,14880098.00
2023-04-28,11.71,12.21,11.55,11.78,905222,10724126.00
2023-05-04,11.52,12.37,11.52,12.28,1563404,18965454.00
2023-05-05,12.34,12.43,12.06,12.39,2093739,25826144.00
2023-05-08,12.60,13.88,12.56,13.77,4882874,64655736.00
2023-05-09,14.51,14.98,13.00,13.13,4043661,56889788.00
2023-05-10,12.81,12.87,11.80,12.75,2032394,24976980.00
2023-05-11,12.48,12.85,12.21,12.52,928818,11648896.00
2023-05-12,12.52,12.94,12.21,12.74,1117202,14093088.00
2023-05-15,12.48,12.73,12.22,12.66,839092,10477378.00
2023-05-16,12.45,12.65,12.08,12.24,767277,9447649.00
2023-05-17,12.07,12.40,12.07,12.33,494638,6098953.00
2023-05-18,12.43,13.79,12.19,13.60,1565330,20199278.00
2023-05-19,13.30,14.19,13.02,13.30,1114555,15212053.00
2023-05-22,13.20,13.99,13.04,13.60,810063,11066086.00
2023-05-23,13.57,14.65,13.12,14.48,1801078,25442802.00
2023-05-24,14.40,14.99,14.02,14.23,901409,12944298.00
2023-05-25,14.05,14.25,13.53,13.57,794056,10999706.00
2023-05-26,13.97,14.26,13.30,14.26,1114707,15453473.00
2023-05-29,14.20,14.20,13.60,14.11,493908,6899072.50
2023-05-30,14.20,14.92,13.85,14.52,1225781,17866552.00
2023-05-31,14.25,14.89,14.17,14.80,610904,8902164.00
2023-06-01,14.59,14.89,14.30,14.45,573037,8366227.50
2023-06-02,14.44,14.66,14.15,14.35,436842,6318273.00
2023-06-05,14.30,14.30,13.64,13.98,543341,7596357.00
2023-06-06,13.87,14.14,13.76,13.92,425686,5948044.50
2023-06-07,13.82,14.10,13.78,14.05,251600,3525159.75
2023-06-08,13.83,14.03,13.83,13.85,203022,2824677.50
2023-06-09,14.06,14.06,13.84,13.88,208134,2904893.75
2023-06-12,13.80,14.18,13.65,13.96,285677,3949426.50
2023-06-13,13.84,14.04,13.63,13.80,262067,3636556.75
2023-06-14,13.90,13.90,13.40,13.47,668583,9020124.00
2023-06-15,13.28,13.63,13.26,13.50,331225,4475544.00
2023-06-16,13.80,13.80,13.36,13.57,293376,3963681.75
2023-06-19,13.40,13.68,12.81,13.10,653668,8533253.00
2023-06-20,13.10,13.54,12.86,13.11,123766,1612941.38
2023-06-21,12.85,14.35,12.85,14.18,945895,13071462.00
2023-06-26,14.00,14.00,13.56,13.97,315894,4355428.50
2023-06-27,13.71,14.22,13.68,13.92,155050,2145738.00
2023-06-28,13.94,14.17,13.66,13.77,159152,2196397.50
2023-06-29,13.62,14.90,13.62,14.62,917867,13261810.00
2023-06-30,14.70,14.79,14.10,14.29,416790,5945594.50
2023-07-03,14.08,14.08,13.80,13.98,538482,7493954.50
2023-07-04,13.95,14.28,13.91,14.20,443751,6262444.50
2023-07-05,14.08,14.85,13.92,14.69,1205454,17659050.00
2023-07-06,14.67,14.82,14.37,14.78,660863,9647999.00
2023-07-07,15.05,17.20,14.65,17.20,2185690,34589280.00
2023-07-10,16.51,17.19,15.91,16.86,1355169,22317766.00
2023-07-11,16.36,16.88,15.93,16.20,810985,13273498.00
2023-07-12,16.19,16.64,15.51,15.55,701683,10503895.00
2023-07-13,15.50,16.30,15.31,16.20,577000,9115941.00
2023-07-14,16.98,17.79,16.61,17.18,1374382,23683070.00
2023-07-17,17.15,17.15,15.95,16.25,953765,15587296.00
2023-07-18,16.06,16.60,15.79,16.10,351405,5629569.50
2023-07-19,16.11,16.38,15.20,15.26,585364,9052953.00
2023-07-20,15.30,15.79,15.20,15.38,179283,2771704.25
2023-07-21,15.50,15.50,15.03,15.03,234560,3550521.75
2023-07-24,14.83,15.40,14.83,15.12,173592,2620731.25
2023-07-25,15.49,15.60,15.15,15.55,151631,2334370.25
2023-07-26,15.33,15.72,15.32,15.52,201647,3117719.75
2023-07-27,15.33,15.56,15.08,15.08,281000,4277915.00
2023-07-28,15.43,15.43,14.66,14.66,303402,4604606.00
2023-07-31,15.00,15.29,14.60,15.00,213525,3185837.25
2023-08-01,15.34,15.34,14.74,14.90,120207,1807615.13
2023-08-02,15.08,15.27,14.78,15.15,80056,1207167.13
2023-08-03,15.10,15.11,14.41,14.88,210113,3099139.50
2023-08-04,14.65,15.09,14.65,14.90,146848,2197822.75
2023-08-07,15.00,15.18,14.30,15.17,107434,1601799.63
2023-08-08,15.29,15.80,14.90,15.75,202633,3132496.25
2023-08-09,15.38,15.69,15.30,15.69,67873,1054636.50
2023-08-10,15.56,15.85,15.56,15.75,107709,1694176.88
2023-08-11,15.46,15.75,15.19,15.65,95941,1489292.13
2023-08-14,15.33,15.67,15.14,15.16,66291,1014807.38
2023-08-15,15.13,15.31,14.55,14.86,176833,2623111.50
2023-08-16,14.92,14.94,14.60,14.60,60899,895527.44
2023-08-17,14.50,14.70,14.43,14.59,70358,1025659.44
2023-08-18,14.59,14.78,13.72,14.00,157011,2250190.50
2023-08-21,13.52,14.35,13.01,13.98,303446,4106433.50
2023-08-22,13.85,13.85,13.30,13.66,123880,1683963.25
2023-08-23,13.36,13.51,13.30,13.30,37657,504771.69
2023-08-24,13.36,14.18,13.35,13.98,165817,2268862.00
2023-08-25,13.01,13.43,11.60,12.79,1332482,16254101.00
2023-08-28,13.47,13.47,12.41,12.76,158632,2040516.38
2023-08-29,12.67,13.07,12.65,12.76,141534,1817054.63
2023-08-30,12.90,12.90,12.46,12.63,159315,1999652.00
2023-08-31,12.64,12.89,12.40,12.87,187545,2365717.75
2023-09-01,13.02,13.39,12.75,13.36,372540,4931391.50
2023-09-04,14.03,14.40,13.45,13.89,560920,7827030.50
2023-09-05,13.55,13.83,13.38,13.53,149260,2017282.63
2023-09-06,13.24,13.63,13.24,13.45,87382,1175254.50
2023-09-07,13.40,13.51,13.11,13.42,148356,1983202.63
2023-09-08,13.50,13.50,13.14,13.34,54550,723381.00
2023-09-11,13.34,13.50,13.13,13.21,123370,1635635.25
2023-09-12,13.21,13.36,13.11,13.19,99409,1307809.63
2023-09-13,13.09,13.25,12.98,13.02,48519,632025.88
2023-09-14,13.05,13.06,12.81,12.97,39195,506532.81
2023-09-15,13.19,13.19,12.84,12.98,68648,891189.81
2023-09-18,12.86,13.08,12.42,12.86,41216,529962.25
2023-09-19,12.85,13.02,12.60,12.80,46489,591903.88
2023-09-20,12.80,12.87,12.51,12.64,68546,866088.69
2023-09-21,12.82,12.82,12.16,12.25,103623,1272530.50
2023-09-22,12.25,12.25,11.99,12.10,135668,1638124.38
2023-09-25,12.02,12.18,11.90,12.00,107935,1294422.13
2023-09-26,11.98,12.04,11.86,11.98,82102,984071.94
2023-09-27,11.74,12.09,11.73,12.02,114141,1366703.00
2023-09-28,11.83,12.13,11.83,12.10,32831,394482.34
2023-10-09,12.12,12.12,11.88,11.99,40707,488079.34
2023-10-10,12.33,12.33,11.91,11.95,82806,990325.25
2023-10-11,11.89,11.91,11.81,11.84,41412,491211.59
2023-10-12,11.95,11.96,11.81,11.85,21883,259891.70
2023-10-13,11.85,11.89,11.64,11.64,61370,721684.31
2023-10-16,11.61,11.61,10.93,10.96,186450,2070191.38
2023-10-17,10.93,10.93,10.50,10.73,199263,2114736.50
2023-10-18,10.78,11.00,10.78,10.83,143369,1564103.75
2023-10-19,10.77,10.95,10.65,10.70,35678,384753.44
2023-10-20,10.70,10.75,10.44,10.63,105156,1111188.63
2023-10-23,10.53,10.57,10.06,10.29,104775,1077677.00
2023-10-24,10.23,10.50,10.22,10.48,31535,326916.63
2023-10-25,10.55,10.55,10.27,10.54,56172,583346.00
2023-10-26,10.48,10.48,10.15,10.21,137702,1414782.00
2023-10-27,10.80,12.99,10.80,12.66,1170281,14103643.00
2023-10-30,12.15,12.44,11.78,11.96,791259,9572355.00
2023-10-31,11.81,11.96,11.48,11.74,676574,7926831.50
2023-11-01,11.63,11.67,11.42,11.59,399737,4625067.00
2023-11-02,11.54,11.63,11.45,11.54,246199,2837108.00
2023-11-03,11.60,11.99,11.47,11.80,298538,3514499.75
2023-11-06,11.80,12.51,11.68,12.40,387274,4756527.50
2023-11-07,12.34,12.46,12.03,12.26,229178,2829631.50
2023-11-08,12.20,12.93,12.20,12.68,357132,4495824.50
2023-11-09,12.62,12.70,12.42,12.66,205203,2585375.50
2023-11-10,12.62,12.69,12.29,12.69,245123,3054275.75
2023-11-13,12.57,13.19,12.57,13.10,230626,3013316.50
2023-11-14,13.04,13.15,12.92,13.07,166908,2171865.00
2023-11-15,13.22,13.93,13.01,13.07,452570,6066681.00
2023-11-16,13.06,13.29,12.35,12.89,377630,4824038.00
2023-11-17,12.87,13.08,12.72,13.00,209177,2700876.25
2023-11-20,13.13,13.66,13.09,13.49,381173,5122914.00
2023-11-21,13.57,15.09,13.57,13.84,1170455,16786040.00
2023-11-22,14.00,15.23,13.48,15.15,1328451,19361856.00
2023-11-23,15.37,16.60,14.52,14.95,1703341,25900928.00
2023-11-24,14.88,16.58,14.80,16.43,2650144,41723412.00
2023-11-27,16.98,18.28,16.66,18.28,4795583,84372192.00
2023-11-28,17.30,19.50,17.00,17.82,3764932,68974176.00
2023-11-29,17.80,18.77,15.68,16.00,2857375,49517780.00
2023-11-30,16.01,16.01,15.20,15.53,1649473,25583706.00
2023-12-01,15.57,15.84,14.80,15.02,1500266,22823526.00
2023-12-04,15.11,15.55,14.52,15.12,654205,9876131.00
2023-12-05,14.93,16.79,14.93,16.29,1643740,26479184.00
2023-12-06,16.25,16.93,15.90,16.14,1285392,20966328.00
2023-12-07,16.34,16.86,16.00,16.50,1119584,18469208.00
2023-12-08,16.70,17.49,16.42,17.16,1223956,20926242.00
2023-12-11,17.28,17.98,16.70,17.13,1504716,26107944.00
2023-12-12,16.91,17.14,16.30,16.98,1162186,19460576.00
2023-12-13,16.83,17.56,16.75,17.24,1279554,22083998.00
2023-12-14,17.30,18.21,17.05,17.31,1419533,25025920.00
2023-12-15,17.45,17.96,17.02,17.96,1522332,26704596.00
2023-12-18,18.09,18.79,17.85,18.55,1256144,22995910.00
2023-12-19,18.44,18.76,17.66,18.24,1402457,25454194.00
2023-12-20,18.45,19.89,18.36,19.68,3096961,58644612.00
2023-12-21,20.50,22.50,18.01,18.02,4697218,96530752.00
2023-12-22,17.99,18.39,17.20,18.23,2193684,38857264.00
2023-12-25,18.20,19.36,18.12,19.30,1918373,36283152.00
2023-12-26,19.68,20.24,18.60,20.20,2540296,49884188.00
2023-12-27,19.80,19.90,18.97,19.58,1442223,28131484.00
2023-12-28,19.58,19.98,19.37,19.80,2061322,40676888.00
2023-12-29,19.62,20.69,19.60,20.16,1657870,33399746.00
2024-01-02,20.17,21.14,20.02,20.89,1764712,36392184.00
2024-01-03,20.61,20.90,20.18,20.49,1046313,21399280.00
2024-01-04,20.69,21.46,20.17,21.25,1475651,30569376.00
2024-01-05,21.08,21.86,20.38,20.45,2034518,42963380.00
2024-01-08,20.21,20.66,19.17,19.20,1365534,27251974.00
2024-01-09,19.01,19.39,17.90,18.39,1817589,33841632.00
2024-01-10,18.32,19.12,17.86,18.87,860023,15923913.00
2024-01-11,18.80,19.69,18.80,19.45,891238,17093184.00
2024-01-12,19.41,19.63,17.31,17.31,1273206,23494742.00
2024-01-15,17.04,17.88,17.00,17.21,1131752,19689928.00
2024-01-16,17.28,18.68,17.00,18.61,1163586,20663598.00
2024-01-17,18.49,18.98,18.09,18.20,722669,13326995.00
2024-01-18,18.20,18.90,17.65,18.90,815921,14945709.00
2024-01-19,19.09,19.90,18.91,19.81,1043614,20449300.00
2024-01-22,19.95,20.34,18.95,19.19,972081,19057738.00
2024-01-23,18.50,19.63,18.50,19.10,685476,13146003.00
2024-01-24,19.00,19.20,17.86,18.60,716334,13261582.00
2024-01-25,18.66,19.35,17.32,18.61,1162262,21425422.00
2024-01-26,18.59,18.75,17.80,17.80,678437,12466868.00
2024-01-29,17.66,17.84,16.55,16.55,907534,15420699.00
2024-01-30,16.55,17.20,16.02,16.47,682426,11369629.00
2024-01-31,16.63,16.95,16.40,16.47,436737,7268081.00
2024-02-01,16.32,16.76,15.74,15.78,454617,7344480.00
2024-02-02,15.65,15.97,14.51,14.99,488824,7403994.50
2024-02-05,14.80,15.50,13.85,15.07,866450,12709564.00
2024-02-06,14.89,16.50,14.89,16.50,595771,9569340.00
2024-02-07,16.40,17.29,15.90,16.07,582126,9758939.00
2024-02-08,15.95,16.59,15.27,16.14,704888,11279230.00
2024-02-19,16.34,16.58,16.01,16.56,358434,5832723.00
2024-02-20,16.44,16.90,16.41,16.88,366648,6134392.00
2024-02-21,16.74,17.29,16.47,16.85,439914,7479997.50
2024-02-22,16.65,17.03,16.25,16.39,426555,7055162.50
2024-02-23,16.48,16.48,15.50,15.70,597793,9483444.00
2024-02-26,15.61,16.08,15.59,16.08,428790,6827474.50
2024-02-27,15.90,16.99,15.84,16.95,664207,11110030.00
2024-02-28,17.01,17.95,16.15,16.29,814214,13850655.00
2024-02-29,16.56,18.18,16.53,17.75,1349975,23848496.00
2024-03-01,17.58,17.88,17.20,17.76,748026,13096394.00
2024-03-04,17.75,17.76,17.01,17.12,485422,8421959.00
2024-03-05,16.95,17.11,16.56,16.72,640898,10801211.00
2024-03-06,16.71,17.29,16.71,17.09,398545,6835543.50
2024-03-07,17.04,17.41,16.45,16.53,429271,7206909.50
2024-03-08,16.54,16.70,16.28,16.66,375946,6200401.00
2024-03-11,16.64,17.32,16.45,17.08,429926,7289809.00
2024-03-12,17.16,17.16,16.80,16.87,469174,7943907.00
2024-03-13,16.96,16.96,16.38,16.48,517961,8608871.00
2024-03-14,16.65,16.68,16.10,16.22,329955,5398735.50
2024-03-15,16.42,17.18,16.21,17.09,809384,13611443.00
2024-03-18,16.81,17.21,16.81,17.09,511419,8690735.00
2024-03-19,17.24,17.25,16.85,16.86,278282,4744300.50
2024-03-20,17.05,17.05,16.71,16.88,295894,4989881.50
2024-03-21,17.05,17.06,16.53,16.60,297273,4961669.00
2024-03-22,16.63,16.75,15.99,16.29,215426,3506640.25
2024-03-25,16.36,16.38,15.82,15.91,279087,4477870.50
2024-03-26,16.08,16.18,15.66,15.80,282706,4487006.00
2024-03-27,15.94,16.38,15.75,15.76,298801,4798680.00
2024-03-28,15.71,16.13,15.66,15.87,245440,3903618.75
2024-03-29,15.86,16.04,15.73,15.99,199861,3173205.00
2024-04-01,15.97,16.48,15.90,16.40,313836,5074173.50
2024-04-02,16.44,16.44,16.10,16.20,190844,3091995.75
2024-04-03,16.10,16.13,15.70,16.03,166924,2661990.75
2024-04-08,15.98,15.99,15.63,15.64,268215,4226661.00
2024-04-09,15.65,16.18,15.62,15.76,117696,1856275.13
2024-04-10,15.90,16.66,15.80,16.16,329800,5359335.00
2024-04-11,16.25,16.45,15.80,16.20,196566,3158675.25
2024-04-12,16.11,16.22,16.07,16.09,281505,4541121.00
2024-04-15,16.09,16.20,15.41,15.84,319382,5056804.50
2024-04-16,15.68,15.81,14.81,14.81,425390,6459345.00
2024-04-17,14.95,15.91,14.95,15.73,451908,6970183.50
2024-04-18,15.40,15.58,14.91,15.13,608534,9276348.00
2024-04-19,15.04,15.23,14.84,14.91,229519,3446854.25
2024-04-22,14.73,14.97,14.68,14.77,148223,2191237.75
2024-04-23,14.94,14.94,14.71,14.71,195548,2893994.25
2024-04-24,14.70,15.08,14.47,15.00,514165,7591644.50
2024-04-25,15.03,15.24,14.92,14.95,217548,3266007.00
2024-04-26,15.12,15.27,14.76,14.95,431635,6459562.00
2024-04-29,13.17,13.87,13.02,13.64,2114692,28142162.00
2024-04-30,13.40,13.43,13.09,13.09,792457,10493593.00
2024-05-06,13.20,13.28,13.06,13.15,621545,8176256.00
2024-05-07,13.15,13.25,12.88,13.02,622897,8114521.00
2024-05-08,13.11,13.11,12.94,12.98,256710,3335548.50
2024-05-09,13.01,13.21,13.01,13.10,384999,5058604.00
2024-05-10,13.13,13.24,12.80,12.89,418696,5466447.00
2024-05-13,12.92,13.14,12.53,12.53,408318,5272401.00
2024-05-14,12.56,12.83,12.48,12.53,277177,3483409.00
2024-05-15,12.50,12.57,12.22,12.36,208605,2589211.75
2024-05-16,12.40,12.40,11.94,12.10,949641,11469303.00
2024-05-17,12.10,12.20,11.85,12.04,277098,3307853.75
2024-05-20,12.05,12.37,12.01,12.25,347184,4228673.00
2024-05-21,12.25,12.90,12.02,12.50,553585,6889209.00
2024-05-22,12.50,12.79,12.33,12.61,298217,3737490.25
2024-05-23,12.31,12.98,12.08,12.52,670823,8475732.00
2024-05-24,12.51,12.56,12.05,12.14,209044,2575139.75
2024-05-27,12.15,12.34,11.93,12.30,264882,3224891.50
2024-05-28,12.29,12.47,12.04,12.17,161890,1973703.00
2024-05-29,12.16,12.32,11.99,12.05,166408,2012223.00
2024-05-30,12.06,12.09,11.58,11.58,271225,3193048.75
2024-05-31,11.59,11.75,11.47,11.48,222623,2588140.25
2024-06-03,11.47,11.49,11.30,11.44,268846,3050987.00
2024-06-04,11.44,11.49,11.28,11.30,140479,1594522.75
2024-06-05,11.31,11.39,11.15,11.23,180554,2039622.00
2024-06-06,11.24,11.28,10.85,11.13,280382,3098659.75
2024-06-07,11.18,11.58,10.92,11.45,292503,3332362.00
2024-06-11,11.46,11.89,11.29,11.62,104175,1207578.25
2024-06-12,11.61,11.82,11.42,11.63,94074,1092338.63
2024-06-13,11.62,11.62,11.29,11.41,198671,2257870.25
2024-06-14,11.41,11.47,11.29,11.33,99002,1121952.25
2024-06-17,11.32,11.32,11.08,11.13,57500,641052.25
2024-06-18,11.14,11.58,11.06,11.26,72958,820615.88
2024-06-19,11.27,11.71,11.19,11.27,177958,2037244.25
2024-06-20,11.32,11.40,10.94,11.08,171409,1895681.50
2024-06-21,11.09,11.51,11.06,11.31,137015,1552867.63
2024-06-24,11.22,11.52,10.99,11.05,190429,2124607.75
2024-06-25,11.06,11.42,10.90,10.93,163413,1808559.50
2024-06-26,10.92,11.07,10.81,11.07,88546,969876.50
2024-06-27,11.00,11.10,10.89,10.89,44922,493511.13
2024-06-28,10.90,11.06,10.87,10.90,57679,631673.25
2024-07-01,10.91,11.07,10.82,10.93,69222,758281.56
2024-07-02,10.92,11.01,10.80,10.87,99531,1082536.00
2024-07-03,10.86,10.86,10.63,10.74,112892,1209422.63
2024-07-04,10.75,10.87,10.41,10.55,252689,2663398.25
2024-07-05,10.54,10.55,10.28,10.41,139683,1454684.50
2024-07-08,10.42,10.42,9.90,10.23,148091,1497169.38
2024-07-09,10.24,10.35,9.94,10.21,159831,1614001.50
2024-07-10,10.22,10.37,9.87,9.98,113194,1136820.00
2024-07-11,10.07,10.25,10.02,10.20,132002,1338597.63
2024-07-12,10.20,10.20,10.11,10.18,80461,816580.88
2024-07-15,10.17,10.17,9.85,9.96,199913,1984397.25
2024-07-16,10.07,10.40,9.93,10.31,254216,2583871.75
2024-07-17,10.31,13.40,10.30,13.40,5217856,67743632.00
2024-07-18,12.90,12.98,11.92,12.05,4305974,52774144.00
2024-07-19,11.93,12.21,11.40,11.60,2202644,25992836.00
2024-07-22,11.57,11.68,11.10,11.25,1691713,19181422.00
2024-07-23,11.28,11.55,11.08,11.25,1178729,13350768.00
2024-07-24,11.25,11.46,10.76,10.76,1079109,11830057.00
2024-07-25,10.75,11.28,10.66,11.28,934324,10253813.00
2024-07-26,11.28,11.40,10.91,11.20,896676,10025417.00
2024-07-29,11.21,11.38,10.97,11.16,556914,6217154.00
2024-07-30,11.17,11.34,10.83,11.01,524423,5828079.00
2024-07-31,11.02,11.49,10.97,11.49,894182,10021502.00
2024-08-01,11.52,11.79,11.09,11.12,723808,8226632.00
2024-08-02,11.10,11.21,10.70,10.70,673512,7395033.50
2024-08-05,10.75,10.80,10.37,10.49,520599,5504485.50
2024-08-06,10.49,10.87,10.49,10.61,439672,4664820.00
2024-08-07,10.63,10.74,10.49,10.61,200733,2120909.50
2024-08-08,10.62,11.06,10.58,10.61,439128,4718228.00
2024-08-09,10.61,10.77,10.34,10.43,348185,3681668.50
2024-08-12,10.42,10.45,10.05,10.15,350876,3588288.75
2024-08-13,10.17,10.41,10.13,10.20,182102,1864212.63
2024-08-14,10.20,10.48,10.20,10.38,294532,3031270.25
2024-08-15,10.36,10.46,10.26,10.37,286951,2978151.25
2024-08-16,10.37,10.46,10.36,10.44,116614,1214398.63
2024-08-19,10.44,10.45,10.24,10.29,176609,1830843.25
2024-08-20,10.29,10.70,10.29,10.61,489869,5171469.50
2024-08-21,10.54,10.93,10.45,10.45,430850,4583198.50
2024-08-22,10.49,10.53,10.11,10.15,279954,2881006.75
2024-08-23,10.19,10.43,10.19,10.22,210001,2166710.00
2024-08-26,10.18,11.20,10.09,10.77,817831,8722231.00
2024-08-27,10.58,10.63,10.24,10.24,508618,5281928.00
2024-08-28,10.20,10.49,10.10,10.31,238798,2456441.00
2024-08-29,10.27,10.38,10.20,10.31,172066,1774355.25
2024-08-30,10.32,10.70,10.32,10.45,373457,3938117.75
2024-09-02,10.49,10.57,10.30,10.33,156038,1618795.63
2024-09-03,10.29,10.43,10.25,10.31,170682,1762043.13
2024-09-04,10.30,10.50,10.16,10.22,174946,1794707.25
2024-09-05,10.18,10.37,10.18,10.19,125335,1283213.38
2024-09-06,10.16,10.28,9.97,10.06,251378,2545188.50
2024-09-09,10.10,10.27,10.03,10.08,86930,881539.13
2024-09-10,10.04,10.08,9.81,9.92,268781,2663276.75
2024-09-11,9.89,9.94,9.85,9.88,121312,1198452.50
2024-09-12,9.91,10.03,9.87,9.90,183264,1825297.00
2024-09-13,9.88,10.30,9.80,10.12,263277,2645499.00
2024-09-18,10.06,10.16,9.94,10.07,116756,1174893.63
2024-09-19,10.11,10.25,9.95,10.15,148695,1512080.88
2024-09-20,10.12,10.27,10.12,10.21,118507,1208459.25
2024-09-23,10.25,10.34,10.01,10.01,121182,1221914.75
2024-09-24,10.03,10.29,9.95,10.25,283854,2890997.25
2024-09-25,10.29,10.59,10.26,10.35,517627,5400818.00
2024-09-26,10.39,10.50,10.19,10.50,317640,3304122.00
2024-09-27,10.55,11.57,10.55,11.17,1161778,12842208.00
2024-09-30,11.80,13.27,11.46,13.08,2458266,30427010.00
2024-10-08,16.45,16.52,13.38,15.80,4174316,61984000.00
2024-10-09,14.02,14.99,13.00,13.00,2145312,29820768.00
2024-10-10,13.10,14.78,12.50,13.34,1769676,23738448.00
2024-10-11,13.17,13.33,11.80,11.85,2119544,26048102.00
2024-10-14,11.92,12.47,11.70,12.30,1191047,14427176.00
2024-10-15,12.35,12.57,11.82,12.00,1116806,13695551.00
2024-10-16,11.85,12.26,11.78,12.04,954588,11471140.00
2024-10-17,12.09,13.10,12.09,12.49,2008680,25238182.00
2024-10-18,12.47,13.65,12.27,13.26,2678599,34656828.00
2024-10-21,13.55,14.55,13.45,14.49,3644389,51355676.00
2024-10-22,14.68,14.68,13.20,13.37,2620262,35996188.00
2024-10-23,13.10,14.28,13.02,14.26,2639514,36791036.00
2024-10-24,14.09,15.23,13.67,15.00,3479191,51418340.00
2024-10-25,15.15,16.33,14.60,14.81,4125021,64103356.00
2024-10-28,14.86,15.85,14.66,15.67,3063245,47043008.00
2024-10-29,16.29,20.37,16.25,20.37,11926824,230506848.00
2024-10-30,20.37,20.37,17.80,18.09,8510603,160158480.00
2024-10-31,17.45,18.34,16.89,17.68,5560273,97413880.00
2024-11-01,17.50,17.50,16.13,16.18,4008542,66647560.00
2024-11-04,15.98,17.20,15.98,17.15,2411681,40307396.00
2024-11-05,17.15,18.26,17.15,18.01,4253461,75860768.00
2024-11-06,18.13,19.80,18.13,19.13,5876793,110121704.00
2024-11-07,20.00,21.38,19.24,19.71,6395495,128753616.00
2024-11-08,19.49,19.85,18.48,18.62,4002766,76706120.00
2024-11-11,18.63,18.94,17.51,18.54,2028531,37070412.00
2024-11-12,18.60,19.00,17.96,18.19,1955761,36286384.00
2024-11-13,18.21,19.47,17.55,19.47,3328828,62080548.00
2024-11-14,19.30,19.46,18.30,18.30,2512087,47524416.00
2024-11-15,18.47,18.67,17.55,18.07,2687398,48751448.00
2024-11-18,18.08,19.26,17.68,18.92,2564227,47503016.00
2024-11-19,18.62,18.68,16.70,17.86,2409739,42437396.00
2024-11-20,17.80,18.54,17.45,18.25,2122695,38394780.00
2024-11-21,18.50,19.50,18.15,19.38,4051709,76705920.00
2024-11-22,19.41,20.03,18.78,18.98,3883561,75325648.00
2024-11-25,19.06,19.06,17.60,18.48,2079814,37822552.00
2024-11-26,18.45,18.65,17.53,17.53,1870735,33712072.00
2024-11-27,17.40,17.50,16.39,17.36,1877637,31766072.00
2024-11-28,17.38,18.17,17.35,17.70,1944292,34585264.00
2024-11-29,17.80,18.43,17.09,18.11,1713222,30481618.00
2024-12-02,18.18,18.95,18.05,18.90,2211386,41135920.00
2024-12-03,18.90,18.90,18.90,18.90,0,0.00
#数据来源:通达信
