871970 大禹生物 日线 不复权
      日期	    开盘	    最高	    最低	    收盘	    成交量	    成交额
2017-11-29,11.47,11.47,11.47,11.47,60000,688200.00
2017-11-30,11.47,11.47,11.47,11.47,1245000,14280150.00
2017-12-01,11.47,11.47,11.47,11.47,1345000,15427150.00
2017-12-04,11.47,11.47,11.47,11.47,225000,2580750.00
2017-12-19,11.47,11.47,11.47,11.47,777000,8912190.00
2018-01-05,11.47,11.47,11.47,11.47,30000,344100.00
2018-01-08,11.47,11.47,11.47,11.47,10000,114700.00
2018-01-11,11.47,11.47,11.47,11.47,523000,5998810.00
2018-03-12,11.47,11.47,11.47,11.47,1307000,14991290.00
2018-03-13,11.47,11.47,11.47,11.47,170000,1949900.00
2018-03-28,11.47,11.47,11.47,11.47,20000,229400.00
2020-01-07,7.50,7.50,7.50,7.50,130000,975000.00
2020-03-30,7.50,7.50,7.50,7.50,800,6000.00
2020-03-31,7.50,7.50,7.50,7.50,600,4500.00
2020-04-01,7.50,7.50,7.50,7.50,1600,12000.00
2020-04-02,7.50,7.50,7.50,7.50,800,6000.00
2020-04-03,7.50,7.50,7.50,7.50,500,3750.00
2020-04-07,7.50,7.50,7.50,7.50,1000,7500.00
2020-04-08,7.50,7.50,7.50,7.50,400,3000.00
2020-04-09,7.50,7.50,7.50,7.50,400,3000.00
2020-04-10,7.51,7.51,7.51,7.51,2000,15020.00
2020-04-13,7.50,7.50,7.50,7.50,1600,12000.00
2020-04-15,7.50,7.50,7.50,7.50,2000,15000.00
2020-04-16,7.50,7.50,7.50,7.50,3000,22500.00
2020-04-21,7.50,7.50,7.50,7.50,3000,22500.00
2020-04-22,7.50,7.50,7.50,7.50,2000,15000.00
2020-05-19,7.60,7.60,7.60,7.60,2000,15200.00
2020-06-18,7.60,7.60,7.60,7.60,100,760.00
2020-06-24,7.52,7.52,7.52,7.52,100,752.00
2020-07-10,8.80,8.80,8.80,8.80,1000,8800.00
2020-07-13,10.88,12.88,10.88,12.88,1300,17621.12
2020-07-22,7.53,7.53,7.53,7.53,100,753.00
2020-09-01,7.53,7.53,7.53,7.53,100,753.00
2020-09-17,7.53,7.53,7.53,7.53,110000,583000.00
2020-12-16,7.77,7.77,7.77,7.77,2000,15540.00
2021-01-22,3.91,3.91,3.91,3.91,100,391.00
2021-01-25,3.92,3.92,3.92,3.92,100,392.00
2021-02-19,3.92,3.92,3.92,3.92,200000,784000.00
2021-03-18,3.11,3.11,3.11,3.11,100,311.00
2021-03-19,5.99,5.99,5.99,5.99,200,1198.00
2021-03-23,6.10,6.10,6.10,6.10,200,1220.00
2021-03-24,7.77,7.77,7.77,7.77,800,6216.00
2021-03-30,7.77,7.77,7.77,7.77,300,2331.00
2021-04-23,7.77,7.77,7.77,7.77,800,6216.00
2021-05-11,7.77,7.77,7.77,7.77,660000,5049000.00
2021-06-03,11.65,11.65,11.65,11.65,100,1165.00
2021-06-04,12.20,12.20,12.20,12.20,100,1220.00
2021-06-09,12.20,12.20,12.20,12.20,100,1220.00
2021-06-22,17.60,17.60,17.60,17.60,100,1760.00
2021-06-24,11.88,18.29,11.88,11.88,6200,74672.52
2022-05-18,13.10,16.07,11.60,11.67,10658664,144945152.00
2022-05-19,10.60,10.77,10.01,10.07,5629100,57171808.00
2022-05-20,10.08,10.24,9.87,10.04,2884446,28985532.00
2022-05-23,10.04,10.05,9.95,9.99,1818200,18167040.00
2022-05-24,10.02,10.02,9.60,9.65,1983777,19644556.00
2022-05-25,9.98,9.98,9.72,9.98,781550,7718642.50
2022-05-26,9.99,10.01,9.88,9.98,830171,8272730.50
2022-05-27,9.99,9.99,9.86,9.87,543536,5380222.00
2022-05-30,9.87,9.92,9.79,9.84,477827,4706747.00
2022-05-31,9.81,9.87,9.72,9.82,368018,3598554.50
2022-06-01,9.83,9.85,9.75,9.80,397875,3896615.75
2022-06-02,9.82,9.89,9.76,9.87,483007,4752655.50
2022-06-06,9.79,9.92,9.78,9.89,590730,5823000.00
2022-06-07,9.87,9.88,9.80,9.82,434602,4269082.50
2022-06-08,9.83,9.83,9.76,9.76,333588,3266076.25
2022-06-09,9.75,9.79,9.56,9.58,576852,5575761.00
2022-06-10,9.58,9.62,9.56,9.60,390155,3738181.75
2022-06-13,9.60,9.60,9.47,9.48,413677,3938171.25
2022-06-14,9.44,9.44,9.16,9.24,724153,6715949.50
2022-06-15,9.21,9.23,9.17,9.18,609629,5608457.50
2022-06-16,9.21,9.21,9.10,9.16,284794,2614276.25
2022-06-17,9.01,10.01,9.00,10.01,635646,6011202.50
2022-06-20,9.50,9.65,9.38,9.58,412854,3946676.25
2022-06-21,9.67,9.74,9.47,9.59,314062,3023387.25
2022-06-22,9.50,9.65,9.48,9.48,165057,1570584.38
2022-06-23,9.38,9.48,9.36,9.46,152528,1437696.88
2022-06-24,9.47,9.48,9.38,9.43,87083,822265.06
2022-06-27,9.41,9.48,9.40,9.46,165919,1564856.38
2022-06-28,9.46,9.72,9.46,9.67,636427,6128057.50
2022-06-29,9.66,9.72,9.53,9.55,214761,2068762.75
2022-06-30,9.55,9.58,9.45,9.48,249195,2369002.25
2022-07-01,9.54,9.54,9.46,9.48,147620,1400486.75
2022-07-04,9.48,9.51,9.45,9.48,89329,846206.88
2022-07-05,9.52,9.59,9.43,9.45,113243,1072804.00
2022-07-06,9.42,9.46,9.35,9.36,184708,1733737.50
2022-07-07,9.35,9.41,9.35,9.36,115090,1079147.63
2022-07-08,9.32,9.38,9.32,9.33,159483,1489970.63
2022-07-11,9.37,9.37,9.24,9.33,77843,724435.69
2022-07-12,9.26,9.37,9.21,9.27,228802,2122790.75
2022-07-13,9.26,9.61,9.25,9.61,397297,3754306.75
2022-07-14,9.53,9.53,9.41,9.42,73798,696223.63
2022-07-15,9.36,9.45,9.33,9.33,121984,1141874.13
2022-07-18,9.30,9.39,9.30,9.37,64759,606727.56
2022-07-19,9.33,9.37,9.33,9.36,79502,743722.56
2022-07-20,9.36,9.39,9.34,9.38,80513,755046.44
2022-07-21,9.34,9.38,9.32,9.34,103871,969886.00
2022-07-22,9.29,9.34,9.28,9.32,88760,826706.00
2022-07-25,9.30,9.34,9.27,9.27,82209,764102.81
2022-07-26,9.27,9.42,9.27,9.41,125012,1169731.38
2022-07-27,9.37,9.62,9.37,9.56,434978,4144167.50
2022-07-28,9.56,9.64,9.50,9.54,157468,1500580.75
2022-07-29,9.57,9.57,9.45,9.45,97828,929034.06
2022-08-01,9.36,9.47,9.36,9.47,51755,486838.38
2022-08-02,9.35,9.40,9.14,9.14,343691,3159532.25
2022-08-03,9.25,9.26,9.11,9.11,87119,799771.50
2022-08-04,9.18,9.25,9.14,9.18,59133,542877.00
2022-08-05,9.13,9.21,9.13,9.20,58146,533543.19
2022-08-08,9.17,9.31,9.17,9.28,78244,724526.38
2022-08-09,9.25,9.29,9.25,9.28,55062,510413.88
2022-08-10,9.25,9.42,9.18,9.35,209361,1950390.75
2022-08-11,9.42,9.50,9.39,9.48,309224,2922368.25
2022-08-12,9.49,9.49,9.41,9.46,109986,1039060.69
2022-08-15,9.46,9.46,9.42,9.43,68942,650653.56
2022-08-16,9.41,9.44,9.38,9.38,79522,746553.63
2022-08-17,9.36,9.38,9.33,9.36,92582,866240.75
2022-08-18,9.35,9.39,9.33,9.36,48415,452989.41
2022-08-19,9.36,9.36,9.28,9.28,124630,1161020.13
2022-08-22,9.27,9.34,9.23,9.29,52172,484496.31
2022-08-23,9.23,9.33,9.23,9.25,52756,487927.16
2022-08-24,9.22,9.23,9.05,9.08,289343,2638793.50
2022-08-25,9.12,9.13,9.05,9.08,83909,761908.31
2022-08-26,9.08,9.13,9.07,9.08,52905,480411.66
2022-08-29,9.05,9.09,9.05,9.07,44298,401675.91
2022-08-30,9.07,9.08,9.01,9.05,54931,496759.03
2022-08-31,9.02,9.05,9.00,9.00,85197,767373.25
2022-09-01,9.00,9.02,8.98,8.99,64329,578910.00
2022-09-02,9.18,9.18,9.01,9.02,28200,255072.00
2022-09-05,9.12,9.12,8.99,9.02,61132,552106.00
2022-09-06,9.03,9.05,9.02,9.04,16357,147763.66
2022-09-07,9.00,9.09,9.00,9.04,30193,273127.00
2022-09-08,9.04,9.05,9.01,9.01,39782,358940.47
2022-09-09,9.01,9.03,9.01,9.02,11900,107361.00
2022-09-13,9.01,9.06,8.99,9.04,28384,255657.52
2022-09-14,9.07,9.07,8.99,9.01,33946,305596.00
2022-09-15,9.00,9.00,8.85,8.88,88618,792586.63
2022-09-16,8.86,9.05,8.85,8.98,172522,1552328.50
2022-09-19,8.73,9.02,8.73,8.90,101552,900643.00
2022-09-20,8.83,9.11,8.83,9.10,166706,1506026.00
2022-09-21,9.05,9.61,9.01,9.49,1116326,10531562.00
2022-09-22,9.40,9.73,9.40,9.48,579897,5543794.00
2022-09-23,9.33,9.41,9.05,9.13,357727,3282220.75
2022-09-26,9.08,9.13,8.88,8.95,115806,1037064.63
2022-09-27,8.91,9.02,8.90,9.02,93560,836005.38
2022-09-28,9.02,9.05,8.92,8.92,83732,752212.00
2022-09-29,8.92,9.16,8.86,9.00,114294,1027855.75
2022-09-30,8.88,9.04,8.87,8.90,66889,598231.19
2022-10-10,8.88,8.92,8.76,8.77,65089,576098.00
2022-10-11,8.76,8.90,8.76,8.85,16806,148496.63
2022-10-12,8.82,8.91,8.80,8.91,62425,552697.50
2022-10-13,8.81,8.92,8.81,8.87,36537,323548.97
2022-10-14,8.96,9.20,8.90,9.08,97879,887446.50
2022-10-17,9.08,9.19,9.08,9.15,131880,1207700.13
2022-10-18,9.12,9.18,9.08,9.10,59405,540838.19
2022-10-19,9.07,9.13,9.03,9.05,25019,227019.97
2022-10-20,9.14,9.14,8.97,9.05,92771,835120.06
2022-10-21,9.01,9.24,9.01,9.06,45298,414620.47
2022-10-24,9.08,9.08,8.87,8.89,50345,451791.00
2022-10-25,8.87,8.94,8.84,8.87,38849,344845.03
2022-10-26,8.87,8.96,8.84,8.95,42052,375741.53
2022-10-27,8.86,8.97,8.86,8.87,54227,481549.63
2022-10-28,8.83,8.94,8.76,8.76,62551,552265.75
2022-10-31,8.66,8.98,8.66,8.77,48538,424810.75
2022-11-01,8.77,8.88,8.77,8.85,19888,175388.97
2022-11-02,8.93,8.93,8.82,8.89,32712,290948.13
2022-11-03,8.94,8.94,8.86,8.86,27234,242590.94
2022-11-04,8.84,8.90,8.84,8.88,58872,522692.09
2022-11-07,8.82,8.91,8.82,8.88,42171,374466.47
2022-11-08,8.88,8.90,8.85,8.88,34107,302729.16
2022-11-09,8.88,8.92,8.82,8.89,33663,297625.28
2022-11-10,8.82,8.91,8.82,8.84,56410,499263.91
2022-11-11,9.01,9.01,8.83,8.88,48959,434222.16
2022-11-14,8.87,8.90,8.86,8.90,49574,440379.41
2022-11-15,8.95,9.06,8.87,8.93,105001,941406.75
2022-11-16,8.90,9.10,8.89,8.96,164774,1491182.13
2022-11-17,8.91,9.03,8.91,8.93,53580,479125.28
2022-11-18,9.01,9.15,8.92,9.00,117884,1068599.50
2022-11-21,9.00,9.33,9.00,9.22,335820,3096322.75
2022-11-22,9.16,9.16,9.02,9.04,121267,1098810.75
2022-11-23,9.03,9.03,8.93,9.01,64222,575131.13
2022-11-24,9.03,9.06,8.91,8.95,83525,749050.75
2022-11-25,8.93,8.93,8.88,8.92,81335,724184.25
2022-11-28,8.93,8.93,8.88,8.90,23168,206033.23
2022-11-29,8.90,8.98,8.90,8.95,20346,181870.77
2022-11-30,8.95,9.02,8.94,8.94,54062,485144.28
2022-12-01,9.06,9.06,8.93,8.93,120510,1081073.88
2022-12-02,9.05,9.05,8.94,8.95,13653,122361.00
2022-12-05,9.02,9.04,8.94,8.98,22087,198111.83
2022-12-06,8.98,8.98,8.90,8.91,55732,497015.13
2022-12-07,8.91,8.98,8.91,8.91,24106,214882.45
2022-12-08,8.95,8.95,8.85,8.88,42455,376916.00
2022-12-09,8.88,8.90,8.85,8.88,12280,109056.00
2022-12-12,9.00,9.00,8.82,8.85,57307,506961.91
2022-12-13,8.85,8.87,8.82,8.82,12072,106748.68
2022-12-14,8.82,8.82,8.79,8.79,30462,268410.84
2022-12-15,8.76,8.79,8.71,8.72,48951,426860.63
2022-12-16,8.70,8.76,8.70,8.70,37252,324602.03
2022-12-19,8.68,8.68,8.62,8.62,78485,679715.19
2022-12-20,8.62,8.62,8.56,8.59,101547,874527.31
2022-12-21,8.56,8.56,8.50,8.50,67145,572401.69
2022-12-22,8.50,8.51,8.02,8.21,31418,264007.47
2022-12-23,8.17,8.22,7.97,8.04,85903,691509.56
2022-12-26,8.01,8.08,7.98,8.00,24781,198451.38
2022-12-27,8.00,8.01,7.98,7.98,96399,770063.94
2022-12-28,7.93,8.11,7.90,8.04,123269,988996.81
2022-12-29,8.02,8.10,7.92,8.09,106390,854215.38
2022-12-30,8.09,8.16,8.00,8.16,25844,210078.00
2023-01-03,8.10,8.10,7.98,8.01,31763,255674.67
2023-01-04,8.00,8.04,8.00,8.04,36968,295909.00
2023-01-05,8.05,8.05,7.92,8.00,30981,247453.70
2023-01-06,8.00,8.00,7.91,7.91,111700,888629.69
2023-01-09,7.95,8.25,7.93,7.99,19500,158117.00
2023-01-10,7.99,8.05,7.98,8.04,31836,255475.02
2023-01-11,8.01,8.12,8.01,8.02,8860,71076.20
2023-01-12,8.00,8.09,7.98,7.98,18417,147344.41
2023-01-13,7.98,7.98,7.96,7.97,27642,220387.63
2023-01-16,8.00,8.00,7.92,7.95,215514,1710269.38
2023-01-17,7.93,7.95,7.90,7.93,100703,796790.88
2023-01-18,7.92,7.92,7.89,7.92,49894,394356.78
2023-01-19,7.88,7.95,7.88,7.95,27800,219837.00
2023-01-20,7.90,8.00,7.90,8.00,58099,462857.72
2023-01-30,7.95,8.04,7.95,7.99,55326,443190.78
2023-01-31,7.97,8.28,7.97,8.26,346271,2828205.75
2023-02-01,8.25,8.30,8.18,8.29,174723,1441982.38
2023-02-02,8.23,8.28,8.18,8.26,210512,1736729.13
2023-02-03,8.21,8.27,8.18,8.24,68179,559916.25
2023-02-06,8.15,8.24,8.14,8.22,18200,148833.00
2023-02-07,8.21,8.26,8.16,8.19,18981,155609.97
2023-02-08,8.20,8.23,8.17,8.18,25571,209114.75
2023-02-09,8.16,8.20,8.16,8.18,31615,258768.06
2023-02-10,8.07,8.18,8.07,8.18,45444,369992.53
2023-02-13,8.18,8.25,8.17,8.18,56632,463968.59
2023-02-14,8.21,8.26,8.17,8.17,59679,489426.06
2023-02-15,8.18,8.20,8.15,8.15,30525,249519.63
2023-02-16,8.15,8.23,8.03,8.09,108066,881357.94
2023-02-17,8.10,8.19,8.09,8.10,56226,457381.16
2023-02-20,8.10,8.23,8.10,8.17,28065,229547.09
2023-02-21,8.11,8.17,8.11,8.11,43318,351772.94
2023-02-22,8.08,8.15,8.03,8.05,59379,478982.41
2023-02-23,8.05,8.08,8.02,8.02,36404,292881.84
2023-02-24,8.02,8.05,8.00,8.03,84350,675574.31
2023-02-27,8.00,8.02,7.98,7.99,12692,101564.00
2023-02-28,7.98,8.04,7.98,8.04,24050,192668.00
2023-03-01,7.99,8.05,7.99,8.03,53581,429314.84
2023-03-02,8.02,8.05,8.00,8.00,52146,418329.28
2023-03-03,7.97,7.99,7.97,7.99,22600,180272.00
2023-03-06,7.98,7.99,7.97,7.98,17200,137242.00
2023-03-07,7.96,8.04,7.93,7.93,46750,371817.25
2023-03-08,7.94,7.98,7.91,7.91,17500,138564.00
2023-03-09,7.92,8.01,7.91,7.94,27405,217405.30
2023-03-10,7.92,7.98,7.89,7.89,38612,304811.91
2023-03-13,7.87,7.90,7.85,7.88,38560,303747.38
2023-03-14,7.92,7.92,7.79,7.82,66948,522444.47
2023-03-15,7.82,7.83,7.79,7.83,15000,117116.56
2023-03-16,7.88,7.88,7.73,7.78,27382,212866.31
2023-03-17,7.70,7.77,7.70,7.77,131395,1013379.81
2023-03-20,7.70,7.74,7.70,7.70,8100,62455.00
2023-03-21,7.81,7.81,7.69,7.69,32300,250154.00
2023-03-22,7.71,7.80,7.70,7.74,32884,253851.20
2023-03-23,7.70,7.73,7.70,7.73,20056,154776.77
2023-03-24,7.76,7.77,7.73,7.77,23062,178822.06
2023-03-27,7.73,7.82,7.73,7.76,14042,108914.08
2023-03-28,7.78,7.78,7.70,7.72,5900,45719.00
2023-03-29,7.78,7.78,7.69,7.70,6100,47071.00
2023-03-30,7.62,7.70,7.59,7.62,63841,486439.69
2023-03-31,7.62,7.67,7.51,7.55,39685,299847.06
2023-04-03,7.61,7.62,7.53,7.57,27275,206780.34
2023-04-04,7.52,7.55,7.52,7.54,41157,309958.31
2023-04-06,7.52,7.68,7.50,7.52,49767,374727.56
2023-04-07,7.51,7.57,7.51,7.52,51240,386064.16
2023-04-10,7.75,7.75,7.51,7.59,75479,578414.56
2023-04-11,7.55,7.64,7.51,7.62,6124,46223.72
2023-04-12,7.53,7.62,7.53,7.57,24668,186081.05
2023-04-13,7.57,7.60,7.57,7.59,59033,448027.81
2023-04-14,7.59,7.59,7.55,7.57,10695,80875.84
2023-04-17,7.51,7.62,7.51,7.62,10696,80974.90
2023-04-18,7.62,7.62,7.56,7.61,10660,80737.40
2023-04-19,7.63,7.63,7.52,7.54,14518,109603.08
2023-04-20,7.65,7.65,7.52,7.52,28481,214330.84
2023-04-21,7.50,7.65,7.46,7.47,65769,497235.50
2023-04-24,7.54,7.55,7.42,7.45,20486,154177.84
2023-04-25,7.42,7.42,6.93,7.23,125579,896622.69
2023-04-26,7.05,7.22,7.05,7.20,112235,799124.50
2023-04-27,7.77,8.26,7.52,7.55,202299,1547993.13
2023-04-28,7.79,7.79,7.52,7.76,144784,1115010.50
2023-05-04,7.67,7.86,7.67,7.83,111057,866407.06
2023-05-05,7.86,8.20,7.83,8.10,270779,2169729.25
2023-05-08,8.10,8.37,8.05,8.34,353114,2926220.75
2023-05-09,8.38,8.41,8.03,8.16,215690,1765409.00
2023-05-10,8.19,8.33,8.06,8.24,116299,959519.75
2023-05-11,8.32,8.32,8.20,8.24,46309,382742.13
2023-05-12,8.32,8.37,8.20,8.21,126025,1040905.75
2023-05-15,8.28,8.37,8.14,8.30,77779,645560.31
2023-05-16,8.21,8.38,8.20,8.31,165103,1374076.63
2023-05-17,8.23,8.32,8.21,8.27,55260,455904.66
2023-05-18,8.23,8.42,8.23,8.39,162857,1365923.88
2023-05-19,8.33,8.43,8.27,8.40,44337,372183.63
2023-05-22,8.36,8.45,8.34,8.40,83397,699286.38
2023-05-23,8.39,8.45,8.35,8.43,46976,394851.28
2023-05-24,8.34,8.45,8.16,8.41,219224,1812824.75
2023-05-25,8.24,8.37,8.15,8.36,103606,852582.81
2023-05-26,8.21,8.29,8.10,8.24,140368,1147125.38
2023-05-29,8.16,8.21,8.15,8.16,39615,323250.00
2023-05-30,8.16,8.20,8.08,8.20,51645,420293.22
2023-05-31,8.12,8.23,8.09,8.12,50447,409695.63
2023-06-01,8.10,8.28,8.10,8.20,21728,178235.92
2023-06-02,8.15,8.21,8.06,8.12,28352,230712.66
2023-06-05,8.11,8.24,8.07,8.07,114795,928830.00
2023-06-06,8.08,8.09,8.03,8.07,130017,1045927.38
2023-06-07,8.08,8.18,8.05,8.10,63952,518709.88
2023-06-08,8.07,8.18,8.07,8.18,76582,622400.75
2023-06-09,8.31,8.31,8.10,8.18,45701,370684.03
2023-06-12,8.19,8.19,8.05,8.14,150819,1220078.88
2023-06-13,8.09,8.20,8.09,8.17,150788,1227879.75
2023-06-14,3.78,3.78,3.62,3.74,215890,796421.69
2023-06-15,3.74,3.75,3.64,3.69,170878,627803.00
2023-06-16,3.73,3.73,3.66,3.71,83535,307868.09
2023-06-19,3.64,3.75,3.64,3.71,56920,209863.94
2023-06-20,3.66,3.70,3.58,3.66,169606,613130.81
2023-06-21,3.58,3.62,3.55,3.55,85348,305875.19
2023-06-26,3.56,3.56,3.46,3.50,48720,170825.41
2023-06-27,3.60,3.60,3.44,3.51,102690,356710.59
2023-06-28,3.57,3.57,3.50,3.55,18551,65186.05
2023-06-29,3.57,3.57,3.48,3.53,54121,190726.55
2023-06-30,3.55,3.62,3.54,3.59,65006,233386.05
2023-07-03,3.60,3.62,3.58,3.59,19709,70852.83
2023-07-04,3.57,3.62,3.57,3.61,32420,116508.75
2023-07-05,3.55,3.67,3.55,3.63,70075,253882.64
2023-07-06,3.65,3.65,3.59,3.59,18885,68073.36
2023-07-07,3.63,3.68,3.61,3.67,147535,538100.00
2023-07-10,3.70,3.71,3.60,3.67,52624,192135.61
2023-07-11,3.66,3.69,3.64,3.69,27006,98965.18
2023-07-12,3.61,3.69,3.51,3.69,159130,577144.56
2023-07-13,3.62,3.69,3.62,3.69,154534,564425.00
2023-07-14,3.69,3.70,3.60,3.70,106200,389803.50
2023-07-17,3.70,3.70,3.63,3.69,18800,68794.00
2023-07-18,3.60,3.68,3.60,3.68,8292,30319.64
2023-07-19,3.63,3.67,3.61,3.66,26780,97042.80
2023-07-20,3.60,3.67,3.60,3.62,8609,31493.67
2023-07-21,3.67,3.68,3.62,3.63,19292,70050.96
2023-07-24,3.57,3.65,3.57,3.60,12993,46643.28
2023-07-25,3.60,3.68,3.60,3.67,21000,76683.00
2023-07-26,3.68,3.68,3.64,3.67,10776,39531.92
2023-07-27,3.61,3.67,3.61,3.67,19729,71455.97
2023-07-28,3.67,3.67,3.61,3.67,13800,50438.00
2023-07-31,3.68,3.70,3.66,3.67,29200,107366.00
2023-08-01,3.67,3.67,3.65,3.66,22090,80973.54
2023-08-02,3.69,3.69,3.61,3.61,76500,278284.00
2023-08-03,3.67,3.67,3.60,3.62,22900,83228.00
2023-08-04,3.62,3.68,3.61,3.66,31107,112820.27
2023-08-07,3.60,3.64,3.55,3.64,76972,274103.41
2023-08-08,3.56,3.64,3.56,3.58,61401,219475.88
2023-08-09,3.55,3.55,3.51,3.53,38900,137001.00
2023-08-10,3.56,3.65,3.50,3.61,273442,985162.56
2023-08-11,3.60,3.63,3.55,3.57,28909,103597.93
2023-08-14,3.57,3.63,3.55,3.58,31099,110854.45
2023-08-15,3.54,3.62,3.54,3.61,30807,110648.34
2023-08-16,3.55,3.61,3.55,3.61,21174,75236.20
2023-08-17,3.54,3.59,3.53,3.58,19101,68136.58
2023-08-18,3.58,3.59,3.53,3.55,70980,252284.69
2023-08-21,3.53,3.57,3.52,3.52,6700,23659.00
2023-08-22,3.57,3.67,3.48,3.56,82890,298048.59
2023-08-23,3.61,3.61,3.41,3.42,148223,509521.09
2023-08-24,3.55,3.55,3.36,3.42,42788,145001.06
2023-08-25,3.53,3.53,3.36,3.39,11046,37423.18
2023-08-28,3.46,3.62,3.37,3.45,168363,583565.25
2023-08-29,3.38,3.51,3.38,3.47,22863,78367.16
2023-08-30,3.45,3.50,3.43,3.49,23594,81504.76
2023-08-31,3.53,3.53,3.37,3.37,120449,408607.72
2023-09-01,3.37,3.47,3.37,3.43,72700,247699.00
2023-09-04,3.50,3.58,3.43,3.50,763027,2646285.75
2023-09-05,3.45,3.49,3.39,3.44,310300,1062182.88
2023-09-06,3.38,3.41,3.35,3.40,222301,750736.81
2023-09-07,3.41,3.43,3.35,3.37,134960,456516.34
2023-09-08,3.36,3.36,3.30,3.36,35395,117639.76
2023-09-11,3.36,3.39,3.35,3.36,9209,31053.04
2023-09-12,3.35,3.40,3.35,3.37,26212,88662.11
2023-09-13,3.33,3.37,3.33,3.35,95021,316847.44
2023-09-14,3.32,3.35,3.32,3.32,13800,45971.00
2023-09-15,3.32,3.38,3.31,3.31,30689,102160.74
2023-09-18,3.32,3.35,3.32,3.33,5450,18133.00
2023-09-19,3.38,3.38,3.31,3.31,26867,89574.94
2023-09-20,3.30,3.35,3.28,3.30,22619,74433.70
2023-09-21,3.30,3.31,3.20,3.24,55848,181849.38
2023-09-22,3.25,3.27,3.22,3.25,27205,88323.45
2023-09-25,3.29,3.29,3.16,3.20,78368,251095.11
2023-09-26,3.20,3.21,3.16,3.17,30006,95259.90
2023-09-27,3.27,3.27,3.19,3.20,57318,185138.30
2023-09-28,3.28,3.28,3.15,3.21,57953,183987.63
2023-10-09,3.20,3.20,3.17,3.20,12969,41317.77
2023-10-10,3.21,3.21,3.16,3.17,36083,114118.29
2023-10-11,3.18,3.36,3.18,3.24,304686,1012105.75
2023-10-12,3.34,3.34,3.24,3.25,48240,157591.66
2023-10-13,3.32,3.32,3.21,3.25,29610,95235.85
2023-10-16,3.24,3.24,3.16,3.19,13888,44117.10
2023-10-17,3.14,3.19,3.14,3.19,4470,14228.20
2023-10-18,3.18,3.20,3.16,3.19,22511,71251.53
2023-10-19,3.20,3.20,3.16,3.18,18196,57758.36
2023-10-20,3.19,3.24,3.15,3.18,46197,146666.06
2023-10-23,3.23,3.23,3.06,3.06,38878,119899.51
2023-10-24,3.32,3.32,3.01,3.13,109746,332886.03
2023-10-25,3.19,3.19,3.03,3.14,29036,90464.28
2023-10-26,3.08,3.17,3.07,3.12,18865,59141.97
2023-10-27,3.20,3.20,3.08,3.17,24745,78124.05
2023-10-30,3.21,3.24,3.15,3.22,60076,192292.41
2023-10-31,3.28,3.28,3.14,3.19,31471,99385.24
2023-11-01,3.14,3.26,3.14,3.16,47878,151407.44
2023-11-02,3.19,3.23,3.16,3.16,40333,128840.83
2023-11-03,3.24,3.24,3.17,3.19,26901,86156.67
2023-11-06,3.24,3.24,3.20,3.22,8661,27767.71
2023-11-07,3.18,3.22,3.18,3.20,14076,44878.14
2023-11-08,3.18,3.27,3.18,3.23,115606,374608.47
2023-11-09,3.33,3.33,3.20,3.22,16280,52791.60
2023-11-10,3.24,3.24,3.20,3.23,20900,67491.03
2023-11-13,3.25,3.27,3.23,3.23,6376,20672.52
2023-11-14,3.23,3.27,3.21,3.27,12032,39038.72
2023-11-15,3.27,3.30,3.24,3.27,76801,251184.81
2023-11-16,3.21,3.30,3.21,3.22,29104,94643.23
2023-11-17,3.22,3.24,3.20,3.24,46321,149432.75
2023-11-20,3.24,3.42,3.22,3.36,330709,1108372.13
2023-11-21,3.34,3.95,3.34,3.74,2937153,10967176.00
2023-11-22,3.74,4.12,3.74,4.12,4548813,18129764.00
2023-11-23,4.22,4.37,3.93,4.02,4383611,18442870.00
2023-11-24,3.90,5.20,3.83,5.10,11361339,51911220.00
2023-11-27,5.12,6.14,5.11,6.00,14643397,82199624.00
2023-11-28,5.35,5.89,4.95,5.35,8372791,45655440.00
2023-11-29,5.35,5.51,4.40,4.47,6189868,30224752.00
2023-11-30,4.40,4.65,4.25,4.58,3856496,17284564.00
2023-12-01,4.58,4.69,4.20,4.22,3121769,13756801.00
2023-12-04,4.20,4.33,3.95,4.13,3142578,12954207.00
2023-12-05,4.18,4.69,4.05,4.56,5755638,25536378.00
2023-12-06,4.48,4.82,4.46,4.69,5545586,25922164.00
2023-12-07,4.67,5.18,4.60,5.18,7105806,35402176.00
2023-12-08,5.18,5.88,5.02,5.80,9956594,54374448.00
2023-12-11,5.90,5.96,5.42,5.71,6193463,34870656.00
2023-12-12,5.79,5.79,5.32,5.68,3512682,19663732.00
2023-12-13,5.55,5.90,5.51,5.84,3848670,22173584.00
2023-12-14,5.68,6.03,5.68,5.94,4492367,26512336.00
2023-12-15,5.90,6.28,5.70,6.11,3771769,22749402.00
2023-12-18,6.18,6.18,5.93,6.15,2421357,14758290.00
2023-12-19,6.12,6.12,5.60,5.90,1895420,11184729.00
2023-12-20,5.84,6.10,5.81,6.09,3625509,20382144.00
2023-12-21,6.09,6.28,4.70,5.86,4526101,26460148.00
2023-12-22,5.72,6.09,5.69,6.09,2625921,15324645.00
2023-12-25,6.08,7.28,6.04,7.07,7080596,47676796.00
2023-12-26,7.88,8.76,6.77,7.22,13925914,103969864.00
2023-12-27,6.92,7.15,6.43,6.70,8069591,54198376.00
2023-12-28,6.65,6.82,6.31,6.65,6036814,39544020.00
2023-12-29,6.53,6.87,6.40,6.87,4111701,27567086.00
2024-01-02,6.86,7.04,6.63,6.94,5252977,36054724.00
2024-01-03,6.88,7.30,6.81,6.97,5079383,35697924.00
2024-01-04,6.99,6.99,6.75,6.88,3926056,26862846.00
2024-01-05,6.86,6.98,6.43,6.62,3434313,22893266.00
2024-01-08,6.52,6.70,6.39,6.58,2705921,17684046.00
2024-01-09,6.64,6.64,5.83,6.45,2315618,14767876.00
2024-01-10,6.44,6.95,6.19,6.95,3276936,21617302.00
2024-01-11,6.82,6.96,6.60,6.90,1832757,12443038.00
2024-01-12,6.90,6.90,6.32,6.70,2532840,16654966.00
2024-01-15,6.60,6.68,6.17,6.49,1854203,11904555.00
2024-01-16,6.40,6.89,6.19,6.89,3637129,23994556.00
2024-01-17,6.81,6.93,6.63,6.68,3032121,20490182.00
2024-01-18,6.68,6.85,6.46,6.79,2438973,16271626.00
2024-01-19,6.75,6.99,6.65,6.99,3911890,26658314.00
2024-01-22,6.94,6.94,6.47,6.71,2429891,16316040.00
2024-01-23,6.66,6.76,6.56,6.70,951136,6338955.00
2024-01-24,6.66,6.72,6.33,6.65,1802983,11790845.00
2024-01-25,6.61,6.63,6.35,6.42,1590328,10325009.00
2024-01-26,6.37,6.88,6.37,6.75,2574335,17286994.00
2024-01-29,6.70,6.74,6.02,6.50,1344368,8676982.00
2024-01-30,6.45,6.85,6.38,6.70,2171796,14547997.00
2024-01-31,6.70,6.81,6.57,6.60,1072346,7124241.00
2024-02-01,6.63,6.78,6.40,6.60,4663317,29282878.00
2024-02-02,6.54,6.54,5.00,5.85,4665594,26688720.00
2024-02-05,5.68,5.78,4.92,5.49,1945948,10511201.00
2024-02-06,5.50,6.62,5.25,6.40,2857652,16764417.00
2024-02-07,6.30,6.93,5.85,5.85,2831748,18466456.00
2024-02-08,5.96,6.20,5.70,6.20,1304841,7846981.00
2024-02-19,6.23,6.46,5.99,6.33,1384170,8737198.00
2024-02-20,6.39,6.45,6.24,6.40,1223114,7770289.50
2024-02-21,6.35,6.45,6.29,6.41,1370570,8736814.00
2024-02-22,6.25,6.41,6.20,6.30,684556,4309996.50
2024-02-23,6.33,6.33,5.97,6.20,1159969,7096273.00
2024-02-26,6.21,6.29,6.09,6.15,721231,4451999.50
2024-02-27,6.20,6.32,6.10,6.30,1076629,6707944.50
2024-02-28,6.25,6.68,6.25,6.59,2356419,15353927.00
2024-02-29,6.62,6.63,6.39,6.47,1460068,9523936.00
2024-03-01,6.41,6.66,6.33,6.61,1428920,9273874.00
2024-03-04,6.57,6.57,6.24,6.40,843994,5358297.50
2024-03-05,6.42,6.44,6.29,6.40,592048,3759833.75
2024-03-06,6.37,6.43,6.29,6.41,393606,2504902.50
2024-03-07,6.38,6.46,6.30,6.40,521443,3313972.00
2024-03-08,6.39,6.70,6.30,6.68,1178622,7699537.50
2024-03-11,6.67,6.96,6.62,6.92,1821805,12410892.00
2024-03-12,6.96,7.09,6.75,7.01,1339277,9250258.00
2024-03-13,6.97,7.16,6.90,7.08,1505432,10562131.00
2024-03-14,7.07,7.15,6.80,7.08,4154465,29079784.00
2024-03-15,7.03,7.41,6.96,7.30,1776373,12860273.00
2024-03-18,7.36,7.43,7.25,7.29,1273752,9334585.00
2024-03-19,7.26,7.27,6.91,7.09,1504624,10642933.00
2024-03-20,7.02,7.40,6.92,7.35,1714466,12303377.00
2024-03-21,7.31,7.95,7.28,7.86,2222021,17066938.00
2024-03-22,7.96,7.96,7.58,7.65,1329585,10211676.00
2024-03-25,7.59,7.66,7.35,7.35,778739,5848238.00
2024-03-26,7.35,7.53,7.01,7.48,930936,6911981.50
2024-03-27,7.48,7.84,7.31,7.49,1559304,11663542.00
2024-03-28,7.45,7.46,7.23,7.34,1487278,10850427.00
2024-03-29,7.27,7.40,7.25,7.34,420840,3075814.25
2024-04-01,7.31,7.34,7.15,7.22,566509,4094285.00
2024-04-02,7.15,7.32,6.92,7.11,511955,3640895.75
2024-04-03,7.11,7.28,7.04,7.23,332714,2386936.25
2024-04-08,7.28,7.28,7.02,7.20,469187,3365786.75
2024-04-09,7.19,7.20,7.04,7.16,326523,2333054.00
2024-04-10,7.22,7.25,7.06,7.11,543895,3904582.75
2024-04-11,7.05,7.09,6.84,7.03,460992,3219406.00
2024-04-12,7.08,7.09,6.94,7.09,309223,2164986.50
2024-04-15,7.02,7.09,6.85,7.00,352247,2456680.75
2024-04-16,6.93,6.93,5.57,6.68,603261,4046593.25
2024-04-17,6.66,6.95,6.61,6.95,433990,2944802.00
2024-04-18,6.89,7.09,6.81,7.06,468443,3268499.00
2024-04-19,7.13,7.17,6.88,7.16,440147,3129423.25
2024-04-22,7.09,7.45,7.03,7.38,890877,6498039.50
2024-04-23,7.38,7.45,7.24,7.42,1280018,9431694.00
2024-04-24,7.44,7.54,7.30,7.37,4265741,31750766.00
2024-04-25,7.35,7.40,7.10,7.21,1015525,7348423.00
2024-04-26,7.18,7.18,6.41,6.71,3376785,22520544.00
2024-04-29,6.61,7.18,6.22,7.18,1856631,12578895.00
2024-04-30,7.08,7.43,7.00,7.31,1463344,10642468.00
2024-05-06,7.36,7.38,6.92,6.92,1711774,11991712.00
2024-05-07,6.83,6.96,6.60,6.86,971782,6606668.00
2024-05-08,6.85,7.48,6.70,7.33,2615871,18813496.00
2024-05-09,7.43,7.54,7.17,7.23,1195518,8731890.00
2024-05-10,7.45,7.45,7.15,7.15,912036,6632729.50
2024-05-13,7.09,7.21,6.85,7.15,1026531,7288886.50
2024-05-14,7.12,7.30,7.01,7.21,838634,6020919.00
2024-05-15,7.14,7.19,7.02,7.10,163971,1161673.88
2024-05-16,7.06,7.08,6.88,7.02,399213,2790048.25
2024-05-17,6.95,7.05,6.93,7.05,250640,1750817.50
2024-05-20,7.09,7.18,6.98,7.08,299065,2122899.75
2024-05-21,7.01,7.08,6.91,7.03,424565,2976952.00
2024-05-22,6.98,7.08,6.89,7.02,420053,2929934.75
2024-05-23,6.95,7.18,6.89,6.95,1131456,7960912.50
2024-05-24,6.91,6.91,6.66,6.66,768695,5206887.50
2024-05-27,6.80,6.85,6.45,6.78,727737,4841064.50
2024-05-28,6.83,6.85,6.54,6.69,451543,3027299.50
2024-05-29,6.76,6.87,6.53,6.66,451406,3012778.25
2024-05-30,6.68,6.75,6.56,6.63,251515,1667172.88
2024-05-31,6.57,6.67,6.50,6.66,387947,2557567.50
2024-06-03,6.60,6.64,6.47,6.59,156428,1025467.69
2024-06-04,6.53,6.63,6.41,6.60,178803,1171009.25
2024-06-05,6.63,6.65,6.52,6.60,59209,389995.91
2024-06-06,6.66,6.81,6.36,6.47,238637,1550261.88
2024-06-07,6.41,6.50,6.34,6.43,158991,1022988.94
2024-06-11,6.47,6.47,6.29,6.43,218144,1396908.00
2024-06-12,6.45,6.45,5.98,5.98,229839,1426599.50
2024-06-13,6.16,6.16,5.84,5.98,271824,1628805.25
2024-06-14,6.02,6.13,5.83,6.13,655722,3929538.00
2024-06-17,6.16,6.18,5.95,6.18,157097,957163.06
2024-06-18,6.12,6.33,6.03,6.30,848142,5289337.00
2024-06-19,6.26,6.41,6.14,6.41,583393,3689212.50
2024-06-20,6.47,6.55,6.25,6.53,669458,4303962.00
2024-06-21,6.49,6.74,6.44,6.73,591035,3912172.50
2024-06-24,6.66,6.76,6.56,6.74,198555,1333686.88
2024-06-25,6.77,6.79,6.56,6.76,229282,1531063.88
2024-06-26,6.70,6.78,6.64,6.76,113456,763850.13
2024-06-27,6.74,6.85,6.65,6.79,185430,1248486.75
2024-06-28,6.77,6.85,6.67,6.81,140997,955768.81
2024-07-01,6.75,6.81,6.66,6.80,192839,1299094.38
2024-07-02,6.74,6.94,6.61,6.90,679955,4655743.00
2024-07-03,6.92,7.02,6.78,6.88,432374,2973085.75
2024-07-04,6.87,6.92,6.76,6.86,196393,1344105.75
2024-07-05,6.80,6.90,6.65,6.90,197953,1347041.13
2024-07-08,6.86,6.88,6.65,6.86,251391,1710363.25
2024-07-09,6.83,6.90,6.61,6.88,382085,2593154.25
2024-07-10,6.88,7.20,6.68,7.13,894990,6234635.50
2024-07-11,7.15,7.30,7.00,7.28,1073572,7705364.00
2024-07-12,7.21,7.36,7.08,7.31,480634,3482562.00
2024-07-15,7.27,7.45,7.07,7.28,5935737,43421248.00
2024-07-16,7.27,7.27,6.38,6.82,4232908,28358004.00
2024-07-17,6.63,6.98,6.41,6.88,5493516,36983464.00
2024-07-18,6.77,6.77,6.10,6.13,3269863,20503126.00
2024-07-19,6.13,6.19,5.78,6.13,3111364,18622558.00
2024-07-22,6.20,6.20,5.86,5.89,1491668,8850657.00
2024-07-23,5.88,5.88,5.60,5.61,1700453,9666568.00
2024-07-24,5.62,5.63,5.31,5.46,1590928,8636513.00
2024-07-25,5.42,5.48,5.29,5.33,1959842,10534943.00
2024-07-26,5.32,5.45,5.07,5.45,2773968,14665379.00
2024-07-29,5.40,5.53,5.31,5.40,1774113,9610400.00
2024-07-30,5.36,5.76,5.34,5.62,2245339,12555586.00
2024-07-31,5.67,5.70,5.50,5.53,2620366,14602430.00
2024-08-01,5.51,5.55,5.26,5.38,1844023,9864068.00
2024-08-02,5.31,5.36,5.17,5.30,1211202,6380700.50
2024-08-05,5.25,5.32,5.05,5.21,1776494,9289213.00
2024-08-06,5.12,5.25,5.12,5.19,1513296,7831630.50
2024-08-07,5.15,5.21,5.12,5.17,897043,4630820.50
2024-08-08,5.13,5.22,5.00,5.16,1187359,6113265.00
2024-08-09,5.17,5.26,5.12,5.26,1635256,8495749.00
2024-08-12,5.25,5.34,5.20,5.26,1059899,5598437.00
2024-08-13,5.28,5.44,5.20,5.44,1106152,5864348.50
2024-08-14,5.40,5.79,5.35,5.79,2185016,12253143.00
2024-08-15,5.75,5.84,5.43,5.46,11018334,62279916.00
2024-08-16,5.43,5.51,4.60,4.99,6164348,31687168.00
2024-08-19,4.67,4.75,4.28,4.35,6184001,27659550.00
2024-08-20,4.33,4.37,4.01,4.06,5684876,23703264.00
2024-08-21,4.06,4.08,3.82,3.84,4037270,15760216.00
2024-08-22,3.85,3.86,3.67,3.67,3549269,13298609.00
2024-08-23,3.70,3.76,3.60,3.75,2240680,8222008.00
2024-08-26,3.70,3.82,3.70,3.78,1876742,7065134.50
2024-08-27,3.79,3.79,3.67,3.67,1628174,6062264.00
2024-08-28,3.66,3.71,3.49,3.50,3392638,12199187.00
2024-08-29,3.42,3.52,3.40,3.49,2147741,7425775.50
2024-08-30,3.48,3.59,3.47,3.54,1994754,7076368.00
2024-09-02,3.55,3.62,3.44,3.47,1298232,4596331.00
2024-09-03,3.49,3.52,3.45,3.49,1332668,4647094.00
2024-09-04,3.51,3.51,3.39,3.41,1454301,5009719.00
2024-09-05,3.41,3.44,3.39,3.41,927946,3165383.25
2024-09-06,3.41,3.43,3.32,3.37,2225921,7515330.00
2024-09-09,3.39,3.43,3.32,3.38,1449106,4900776.00
2024-09-10,3.39,3.42,3.30,3.41,1265131,4242256.00
2024-09-11,3.39,3.51,3.39,3.46,1578911,5435041.50
2024-09-12,3.47,3.49,3.41,3.42,941735,3241096.75
2024-09-13,3.41,3.53,3.27,3.44,2636064,8967100.00
2024-09-18,3.40,3.42,3.31,3.35,1020368,3433615.75
2024-09-19,3.37,3.50,3.35,3.44,1648350,5634221.00
2024-09-20,3.49,3.49,3.41,3.42,1101891,3797037.25
2024-09-23,3.45,3.45,3.35,3.38,926081,3136754.50
2024-09-24,3.46,3.56,3.38,3.51,2633120,9147154.00
2024-09-25,3.53,3.61,3.51,3.54,5675168,20156360.00
2024-09-26,3.60,3.60,3.50,3.59,2360227,8374885.00
2024-09-27,3.60,3.98,3.60,3.85,5504718,20941988.00
2024-09-30,4.11,4.85,3.94,4.80,9231098,40410688.00
2024-10-08,6.00,6.00,5.05,5.79,12413974,69069920.00
2024-10-09,5.50,5.50,4.58,4.58,7673434,39073988.00
2024-10-10,4.62,5.58,4.52,4.79,5435592,26839642.00
2024-10-11,4.67,4.74,4.30,4.34,3677593,16551161.00
2024-10-14,4.34,4.62,4.31,4.55,2994979,13390441.00
2024-10-15,4.51,4.70,4.41,4.45,2915749,13327128.00
2024-10-16,4.35,4.55,4.35,4.51,2197380,9838017.00
2024-10-17,4.55,5.00,4.55,4.69,5337208,25269930.00
2024-10-18,4.72,5.07,4.56,4.91,5982540,29176366.00
2024-10-21,5.06,5.33,4.98,5.31,7819830,40714980.00
2024-10-22,5.32,5.90,5.13,5.23,14735809,80970184.00
2024-10-23,5.08,5.49,5.02,5.37,8153462,43144256.00
2024-10-24,5.42,5.85,5.40,5.64,10507607,59074864.00
2024-10-25,5.67,6.16,5.43,5.88,14929371,87242360.00
2024-10-28,5.88,7.10,5.65,7.09,15685851,100545440.00
2024-10-29,6.91,7.31,6.66,6.91,12173119,83951872.00
2024-10-30,6.91,7.48,6.59,6.88,9785610,67787208.00
2024-10-31,6.80,6.92,6.15,6.31,8830296,57288500.00
2024-11-01,6.24,6.59,6.11,6.16,6533949,41649092.00
2024-11-04,6.16,6.51,6.00,6.51,4164822,26410088.00
2024-11-05,6.51,7.29,6.51,7.21,9080637,62686864.00
2024-11-06,7.11,8.08,7.02,7.59,11709801,88536608.00
2024-11-07,7.61,8.89,7.39,8.27,12906186,104630688.00
2024-11-08,8.37,8.37,7.40,7.77,9414579,73677664.00
2024-11-11,7.70,7.76,7.07,7.53,6176323,45700968.00
2024-11-12,7.81,7.89,7.24,7.38,6156875,46803340.00
2024-11-13,7.37,7.38,6.98,7.37,4856750,34864780.00
2024-11-14,7.39,7.45,7.08,7.08,2812955,20593002.00
2024-11-15,7.07,7.29,6.91,7.00,3051617,21632522.00
2024-11-18,7.00,7.47,6.83,7.33,5045278,36289708.00
2024-11-19,7.30,7.30,6.24,6.69,6079787,40680932.00
2024-11-20,6.61,7.02,6.57,6.97,4782437,32833406.00
2024-11-21,7.01,7.88,6.99,7.87,9871671,73960568.00
2024-11-22,7.85,8.38,7.67,7.67,8949690,71620248.00
2024-11-25,7.46,7.67,7.12,7.48,4398112,32556226.00
2024-11-26,7.64,7.93,7.43,7.48,4854269,37305800.00
2024-11-27,7.54,8.13,6.78,8.09,7203165,54105876.00
2024-11-28,8.40,8.89,8.02,8.18,10529437,89080040.00
2024-11-29,8.04,8.55,7.95,8.31,6814027,56008108.00
2024-12-02,8.52,9.40,8.35,9.19,10820965,96058416.00
2024-12-03,9.19,9.19,9.19,9.19,0,0.00
#数据来源:通达信
