872351 华光源海 日线 不复权
      日期	    开盘	    最高	    最低	    收盘	    成交量	    成交额
2017-12-15,3.30,3.30,3.30,3.30,300000,990000.00
2017-12-20,3.30,3.30,3.30,3.30,100000,330000.00
2018-02-05,3.30,3.30,3.30,3.30,101000,333300.00
2018-02-07,3.30,3.30,3.30,3.30,1000,3300.00
2018-04-04,6.00,6.00,6.00,6.00,1000,6000.00
2018-04-11,6.00,6.00,6.00,6.00,3000,18000.00
2018-04-12,6.00,6.10,6.00,6.10,13000,79000.00
2018-04-13,6.20,6.28,6.10,6.10,23000,141050.00
2018-04-18,6.30,6.30,6.30,6.30,1000,6300.00
2018-04-20,6.38,6.52,6.38,6.52,5000,32310.00
2018-04-23,6.60,6.60,6.60,6.60,1000,6600.00
2018-04-24,6.61,6.61,6.61,6.61,2000,13220.00
2018-05-14,6.32,6.32,6.32,6.32,1000,6320.00
2018-07-02,6.31,6.31,6.13,6.13,10000,62530.00
2018-07-03,6.02,6.02,6.02,6.02,2000,12040.00
2018-07-27,5.90,5.95,5.89,5.95,7000,41370.00
2018-07-30,5.95,5.95,5.81,5.81,2000,11760.00
2018-10-30,5.80,5.80,5.70,5.73,4000,22910.00
2018-10-31,5.73,5.73,5.73,5.73,500000,2000000.00
2019-02-15,5.55,5.78,5.55,5.67,2000,11330.00
2019-04-24,5.70,5.72,5.70,5.71,8000,45660.00
2019-04-25,5.70,5.71,5.70,5.71,10000,57040.00
2019-05-06,5.54,5.54,4.69,4.71,27000,137490.00
2019-05-07,4.60,4.60,4.60,4.60,1000,4600.00
2019-06-28,4.50,4.50,4.50,4.50,2000,9000.00
2019-07-01,4.50,4.50,4.50,4.50,11000,49500.00
2019-07-02,4.50,4.50,4.40,4.46,6000,26900.00
2019-08-27,4.37,4.37,4.27,4.34,4000,17360.00
2019-08-28,4.19,4.19,4.15,4.19,4000,16740.00
2019-08-29,4.19,4.21,4.19,4.19,2000,8400.00
2019-08-30,4.10,4.10,4.10,4.10,2000,8200.00
2019-09-02,4.00,4.00,3.72,3.82,10000,38700.00
2019-09-12,3.78,3.80,3.78,3.79,5000,18940.00
2019-11-11,3.88,4.03,3.88,4.01,8000,31620.00
2019-11-12,4.11,5.21,4.11,5.21,88000,416740.00
2019-11-13,5.21,5.81,5.00,5.45,65000,353530.00
2019-11-14,5.35,5.35,5.00,5.10,13000,67120.00
2019-11-15,5.00,5.05,4.98,5.05,4000,20040.00
2019-11-18,4.87,4.87,4.75,4.82,5000,24090.00
2019-11-29,4.84,4.85,4.59,4.69,8000,38060.00
2019-12-03,4.53,4.53,4.40,4.46,5000,22370.00
2019-12-04,4.34,4.34,4.30,4.32,4000,17280.00
2019-12-06,4.36,4.36,4.36,4.36,2000,8720.00
2019-12-13,4.42,4.42,4.42,4.42,2000,8840.00
2019-12-16,4.42,4.51,4.42,4.46,2000,8940.00
2019-12-17,4.52,4.59,4.52,4.54,3000,13630.00
2019-12-19,4.67,4.69,4.67,4.69,3000,14060.00
2019-12-20,4.77,4.77,4.77,4.77,1000,4770.00
2019-12-31,4.69,4.69,4.69,4.69,1000,4700.00
2020-01-03,4.85,5.21,4.85,5.19,9000,45340.00
2020-01-06,5.36,5.47,5.36,5.47,6000,32460.00
2020-01-07,5.40,5.40,4.90,5.05,515000,1977080.00
2020-01-09,5.15,5.47,5.15,5.47,11000,58780.00
2020-01-14,5.55,5.68,5.30,5.34,16000,88230.00
2020-01-22,5.46,5.47,5.40,5.43,16000,87050.00
2020-02-03,5.31,5.31,5.09,5.10,5000,25960.00
2020-02-07,5.15,5.34,5.10,5.32,19000,99500.00
2020-02-10,5.31,5.39,5.31,5.39,12000,63920.00
2020-02-11,5.39,5.39,5.39,5.39,4000,21560.00
2020-02-13,5.39,5.39,5.39,5.39,2000,10780.00
2020-02-14,5.39,5.39,5.39,5.39,1000,5390.00
2020-02-18,5.38,5.39,5.38,5.39,5000,26930.00
2020-02-19,5.39,5.39,5.39,5.39,1000,5390.00
2020-02-20,5.38,5.38,5.38,5.38,2000,10760.00
2020-02-25,5.38,5.38,5.38,5.38,235000,987000.00
2020-02-27,5.15,5.15,5.12,5.12,3000,15400.00
2020-02-28,5.15,5.20,5.15,5.18,2000,10350.00
2020-03-02,5.25,5.82,5.25,5.36,19000,106230.00
2020-03-03,5.36,5.36,5.08,5.08,10000,52510.00
2020-03-04,4.98,4.98,4.98,4.98,2000,9980.00
2020-03-05,5.03,5.03,5.00,5.00,10000,50210.00
2020-03-09,4.73,4.73,4.44,4.54,17000,77760.00
2020-03-10,4.65,4.65,4.65,4.65,2000,9300.00
2020-03-11,4.48,4.48,4.48,4.48,1000,4480.00
2020-03-12,4.60,4.60,4.51,4.56,5000,22820.00
2020-03-13,4.56,4.56,4.56,4.56,3000,13680.00
2020-03-16,4.63,4.63,4.63,4.63,1000,4630.00
2020-03-17,4.62,4.63,4.62,4.63,6000,27770.00
2020-03-18,4.62,4.63,4.62,4.63,6000,27760.00
2020-03-19,4.40,4.40,4.38,4.40,11000,48350.00
2020-03-20,4.40,4.40,4.40,4.40,3000,13200.00
2020-03-25,4.36,4.36,4.36,4.36,2000,8720.00
2020-03-27,4.38,4.38,4.38,4.38,1000,4380.00
2020-04-07,4.38,4.38,4.38,4.38,2000,8760.00
2020-04-09,4.38,4.38,4.38,4.38,3000,13140.00
2020-04-13,4.17,4.17,4.17,4.17,3000,12530.00
2020-04-14,4.21,4.21,4.21,4.21,3000,12630.00
2020-04-15,4.30,4.31,4.30,4.30,1800,7954.88
2020-04-16,4.30,4.52,4.30,4.52,26200,116938.24
2020-04-17,4.60,4.60,4.60,4.60,900,4140.00
2020-04-20,4.60,4.67,4.56,4.67,28800,133116.00
2020-04-21,4.67,4.85,4.67,4.77,382500,1798711.75
2020-04-22,4.87,4.94,4.77,4.79,51400,246505.30
2020-04-23,4.92,4.92,4.69,4.78,33600,160138.80
2020-04-24,4.79,4.79,4.50,4.66,12600,58719.25
2020-04-27,4.66,4.67,4.66,4.67,25000,116740.00
2020-04-28,4.67,4.67,4.53,4.53,39000,180531.20
2020-04-29,4.40,4.50,3.84,4.09,129000,530553.25
2020-04-30,4.15,4.15,3.93,3.97,7200,28968.00
2020-05-06,4.04,4.04,3.86,3.89,12100,47714.00
2020-05-07,3.94,3.94,3.46,3.59,57400,205744.00
2020-05-08,3.44,3.44,3.20,3.25,50400,168708.84
2020-05-11,3.15,3.20,2.97,3.06,55800,170672.00
2020-05-12,2.94,2.96,2.15,2.33,391100,930072.63
2020-05-13,2.35,2.67,2.34,2.63,118200,296010.00
2020-05-14,2.69,2.99,2.69,2.99,26300,75394.13
2020-05-15,2.99,3.09,2.95,3.04,49100,147446.00
2020-05-18,3.06,3.08,2.78,2.81,65000,191821.67
2020-05-19,2.85,2.86,2.84,2.85,5200,14800.00
2020-05-20,2.94,2.94,2.94,2.94,100,294.00
2020-05-21,2.95,2.95,2.95,2.95,1200,3687.50
2020-05-22,2.83,2.83,2.57,2.70,90800,238999.00
2020-05-25,2.70,2.70,2.69,2.70,6000,16170.00
2020-05-27,2.60,2.63,2.50,2.62,21000,53860.00
2020-05-28,2.63,2.73,2.63,2.73,3100,8203.00
2020-05-29,2.73,2.80,2.72,2.74,5500,15080.00
2020-06-01,2.80,2.80,2.80,2.80,3000,8400.00
2020-06-02,2.77,2.80,2.74,2.77,27700,76747.68
2020-06-03,2.80,2.93,2.80,2.80,12600,35886.00
2020-06-04,2.83,2.84,2.80,2.82,5100,14449.77
2020-06-05,2.80,2.80,2.80,2.80,1000,2800.00
2020-06-08,2.79,2.79,2.60,2.62,14400,38344.00
2020-06-09,2.70,2.84,2.70,2.83,16500,45620.00
2020-06-10,2.90,2.94,2.85,2.94,23900,69063.60
2020-06-11,2.85,2.94,2.85,2.94,5100,14704.00
2020-06-12,2.84,2.88,2.74,2.88,12500,35070.00
2020-06-16,2.88,2.89,2.85,2.85,7000,20110.00
2020-06-17,2.88,2.96,2.88,2.95,3000,8770.00
2020-06-18,2.95,2.97,2.90,2.91,15400,45098.00
2020-06-22,2.95,2.95,2.94,2.95,9000,26530.00
2020-06-23,2.85,2.90,2.80,2.89,24000,68480.00
2020-06-24,2.91,2.94,2.90,2.93,21500,62875.00
2020-06-29,2.97,3.00,2.91,2.97,107200,317989.69
2020-06-30,2.99,3.17,2.99,3.14,189100,582370.00
2020-07-01,3.05,3.25,3.05,3.25,16100,50855.00
2020-07-02,3.25,3.55,3.25,3.50,227200,772462.69
2020-07-03,3.35,3.45,3.30,3.45,35400,119374.28
2020-07-06,3.46,3.71,3.46,3.69,50800,182892.00
2020-07-07,3.67,3.98,3.67,3.97,82300,318479.00
2020-07-08,3.99,4.08,3.92,3.99,111100,444694.88
2020-07-09,3.85,3.85,3.50,3.75,45300,166134.00
2020-07-10,3.65,3.70,3.60,3.60,55500,203349.66
2020-07-13,3.68,3.78,3.64,3.71,85500,316964.00
2020-07-14,3.75,3.89,3.70,3.70,46000,172320.00
2020-07-15,3.73,3.73,3.41,3.50,67100,237913.00
2020-07-16,3.59,3.68,3.51,3.56,127200,438356.00
2020-07-17,3.67,3.79,3.60,3.69,61400,227610.00
2020-07-20,3.73,4.09,3.73,4.09,166000,658192.38
2020-07-21,4.10,4.19,3.95,4.01,72800,295460.00
2020-07-22,4.04,4.12,3.95,4.05,41800,167449.00
2020-07-23,4.02,4.05,3.90,4.00,36000,142458.00
2020-07-24,4.01,4.02,3.90,4.00,43500,172335.00
2020-07-27,4.01,4.01,3.05,3.14,125200,420653.59
2020-07-28,3.15,3.15,2.95,2.98,24100,73753.00
2020-07-29,2.99,3.35,2.99,3.33,56900,181932.00
2020-07-30,3.35,3.38,3.32,3.38,37400,125376.00
2020-07-31,3.30,3.66,3.29,3.48,48600,167048.41
2020-08-03,3.41,3.41,3.40,3.41,2000,6810.00
2020-08-04,3.46,3.47,3.39,3.43,21000,72120.00
2020-08-05,3.31,3.36,3.30,3.35,23000,76810.00
2020-08-06,3.25,3.25,3.24,3.25,4000,12980.00
2020-08-07,3.18,3.18,3.10,3.15,4100,12885.00
2020-08-10,3.08,3.08,3.08,3.08,1000,3080.00
2020-08-12,3.00,3.04,2.96,3.04,6100,18194.00
2020-08-13,2.92,3.00,2.90,2.99,22100,64919.00
2020-08-14,2.99,2.99,2.98,2.99,7000,20910.00
2020-08-17,2.90,2.94,2.85,2.92,22000,63760.80
2020-08-19,2.92,2.92,2.85,2.89,3000,8690.00
2020-08-20,2.93,2.93,2.93,2.93,1000,2930.00
2020-08-21,2.90,3.00,2.90,3.00,7100,21120.00
2020-08-24,2.92,3.04,2.92,3.04,1100,3224.00
2020-08-25,3.04,3.04,3.02,3.03,4200,12728.00
2020-08-26,2.95,2.95,2.92,2.94,3000,8820.00
2020-08-27,2.88,2.95,2.76,2.78,12100,34354.00
2020-08-31,2.78,2.78,2.78,2.78,2000,5560.00
2020-09-07,2.88,2.88,2.88,2.88,500,1440.00
2020-09-08,2.77,2.84,2.77,2.84,1600,4439.00
2020-09-09,2.77,2.77,2.75,2.76,1500,4145.00
2020-09-10,2.70,2.70,2.70,2.70,100,270.00
2020-09-11,2.66,2.84,2.66,2.82,5100,14256.00
2020-09-14,2.84,2.84,2.84,2.84,1000,2840.00
2020-09-15,2.84,2.84,2.80,2.84,2200,6168.00
2020-09-16,2.84,2.88,2.82,2.82,29600,84642.16
2020-09-17,2.82,2.89,2.82,2.89,1100,3109.00
2020-09-18,2.91,2.91,2.91,2.91,100,291.00
2020-09-22,2.91,2.91,2.91,2.91,100,291.00
2020-09-24,2.82,2.82,2.15,2.40,33500,83508.84
2020-09-25,2.43,2.43,2.43,2.43,1000,2430.00
2020-09-28,2.47,2.52,2.47,2.52,5000,12480.00
2020-09-30,2.45,2.45,2.31,2.42,12200,29416.00
2020-10-12,2.46,2.46,2.46,2.46,2000,4920.00
2020-10-13,2.47,2.47,2.47,2.47,600,1482.00
2020-10-14,2.49,2.51,2.49,2.51,6000,15020.00
2020-10-23,2.57,2.57,2.48,2.51,5000,12590.00
2020-10-28,2.52,2.57,2.52,2.57,3500,8945.00
2020-11-11,2.61,2.61,2.61,2.61,100,261.00
2020-11-16,2.52,2.54,2.50,2.51,2100,5274.00
2020-11-17,2.54,2.54,2.54,2.54,100,254.00
2020-11-18,2.49,2.49,2.20,2.28,36200,82575.00
2020-11-19,2.20,2.20,2.18,2.19,2200,4737.52
2020-11-20,2.20,2.23,2.20,2.22,2000,4430.00
2020-11-23,2.26,2.29,2.26,2.26,3000,6810.00
2020-11-26,2.27,2.27,2.27,2.27,2100,4767.00
2020-11-30,2.28,2.32,2.27,2.28,11100,25362.00
2020-12-01,2.25,2.28,2.25,2.27,7300,16535.00
2020-12-02,2.32,2.32,2.32,2.32,1000,2320.00
2020-12-03,2.33,2.33,2.26,2.26,39200,90283.00
2020-12-04,2.25,2.26,2.21,2.26,15100,33866.00
2020-12-10,2.20,2.25,2.20,2.25,1100,2425.00
2020-12-14,2.21,2.21,2.14,2.17,21000,45730.00
2020-12-16,2.13,2.13,2.13,2.13,2000,4260.00
2020-12-21,2.17,2.18,2.15,2.16,39700,85805.00
2020-12-22,2.16,2.16,2.16,2.16,2000,4320.00
2020-12-25,2.15,2.18,2.13,2.13,31100,67149.46
2020-12-28,2.11,2.14,2.08,2.10,17500,37210.00
2020-12-29,2.08,2.09,2.05,2.08,27400,57080.00
2020-12-30,2.05,2.15,2.02,2.15,25000,51563.00
2020-12-31,2.09,2.09,2.03,2.06,4000,8240.00
2021-01-04,2.03,2.08,2.00,2.08,8100,16509.00
2021-01-07,2.04,2.08,2.04,2.08,1100,2249.00
2021-01-11,2.04,2.04,2.00,2.02,5000,10090.00
2021-01-13,2.04,2.06,2.04,2.05,32200,66028.00
2021-01-14,2.01,2.04,1.98,2.02,11000,22090.00
2021-01-15,1.99,2.06,1.98,2.05,29000,59100.00
2021-01-18,2.01,2.07,1.97,2.06,11500,23065.00
2021-01-19,2.03,2.08,2.00,2.08,26100,53412.00
2021-01-21,2.08,2.11,2.08,2.11,6700,14134.00
2021-01-22,2.08,2.08,2.06,2.06,5000,10370.00
2021-01-26,2.02,2.06,2.00,2.05,24000,48700.00
2021-01-27,2.08,2.08,2.07,2.08,3000,6230.00
2021-01-29,2.08,2.08,2.08,2.08,1000,2090.00
2021-02-02,2.04,2.07,2.02,2.06,10000,20500.00
2021-02-03,2.02,2.06,2.02,2.04,10000,20400.00
2021-02-04,2.01,2.05,1.97,2.05,28200,56534.00
2021-02-05,2.06,2.23,2.06,2.15,16400,34994.00
2021-02-08,2.20,2.33,2.20,2.33,11000,25110.00
2021-02-09,2.38,2.59,2.38,2.53,23400,58066.00
2021-02-10,2.52,2.52,2.52,2.52,7000,17640.00
2021-02-18,2.49,2.49,2.20,2.44,111000,270330.00
2021-02-19,2.19,2.19,2.11,2.19,10100,21842.00
2021-02-22,2.21,2.21,2.21,2.21,1000,2210.00
2021-02-23,2.22,2.25,2.22,2.22,3300,7376.00
2021-02-24,2.27,2.33,2.27,2.33,6000,13810.00
2021-02-25,2.36,2.45,2.36,2.42,6000,14460.00
2021-02-26,2.47,2.53,2.45,2.46,75000,185660.00
2021-03-01,2.45,2.55,2.45,2.53,12000,30040.00
2021-03-02,2.51,2.65,2.51,2.65,10500,27205.00
2021-03-03,2.67,2.85,2.67,2.85,9000,24890.00
2021-03-04,2.81,2.93,2.81,2.91,17000,48985.00
2021-03-05,2.85,2.85,2.78,2.85,7000,19810.00
2021-03-08,2.89,2.98,2.89,2.98,23000,67330.00
2021-03-09,2.92,3.00,2.92,2.98,12000,35550.00
2021-03-10,3.03,3.08,3.00,3.07,5400,16420.00
2021-03-11,3.13,3.15,3.10,3.11,11900,37030.00
2021-03-12,3.18,3.25,3.18,3.24,5000,16040.00
2021-03-15,3.18,3.18,3.18,3.18,3900,12402.00
2021-03-16,3.18,3.18,3.16,3.16,10500,33280.00
2021-03-23,3.15,3.15,3.09,3.13,7000,21940.00
2021-03-29,3.09,3.09,3.09,3.09,2000,6180.00
2021-04-07,3.08,3.08,3.08,3.08,1000,3080.00
2021-04-09,3.09,3.09,3.08,3.08,7000,21580.00
2021-04-15,3.11,3.11,3.11,3.11,500,1555.00
2021-04-19,3.04,3.04,3.04,3.04,1000,3040.00
2021-04-22,3.03,3.03,3.02,3.02,6000,18130.00
2021-04-26,2.98,2.98,2.90,2.91,15000,44050.00
2021-05-06,2.85,2.85,2.82,2.84,7000,19870.00
2021-05-11,2.78,2.78,2.60,2.67,19500,52104.00
2021-05-12,2.62,2.62,2.62,2.62,900,2358.00
2021-05-13,2.68,3.12,2.68,3.09,56400,168460.00
2021-05-14,3.14,3.14,3.14,3.14,2000,6280.00
2021-05-17,3.19,3.25,3.19,3.25,10500,33775.00
2021-05-18,3.28,3.31,3.20,3.31,8500,27620.00
2021-05-19,3.32,3.38,3.32,3.36,105000,436790.00
2021-05-25,3.29,3.29,3.29,3.29,100,329.00
2021-05-26,3.29,3.44,3.27,3.33,16200,54376.00
2021-05-27,3.33,3.33,3.33,3.33,135000,567000.00
2021-05-28,3.30,3.30,3.30,3.30,1000,3300.00
2021-06-01,3.36,3.37,3.29,3.33,12300,41105.00
2021-06-02,3.26,3.26,3.18,3.22,6000,19290.00
2021-06-07,3.15,3.15,3.08,3.10,6000,18700.00
2021-06-09,3.03,3.03,3.03,3.03,700,2121.00
2021-06-21,3.02,3.02,3.02,3.02,1000,3020.00
2021-06-25,3.02,3.02,3.02,3.02,1000,3020.00
2021-06-28,3.02,3.02,3.02,3.02,1000,3020.00
2021-06-30,2.97,2.98,2.97,2.97,4000,11892.97
2021-07-06,3.00,3.00,3.00,3.00,400,1200.00
2021-07-08,3.02,3.04,3.02,3.03,3000,9090.00
2021-07-16,3.06,3.06,3.06,3.06,100,339.66
2021-07-22,2.99,3.06,2.99,3.06,1800,5438.00
2021-07-23,2.99,3.06,2.99,3.06,2000,6050.00
2021-07-27,3.00,3.00,2.99,3.00,2000,5990.00
2021-07-28,2.97,2.97,2.97,2.97,4000,11880.00
2021-07-29,3.00,3.00,3.00,3.00,1000,3000.00
2021-07-30,3.01,3.01,3.01,3.01,1000,3010.00
2021-08-02,2.94,3.00,2.94,2.97,2000,5940.00
2021-08-03,2.96,3.00,2.96,3.00,2000,5960.00
2021-08-04,3.00,3.00,3.00,3.00,2000,6000.00
2021-08-09,2.95,2.95,2.95,2.95,1000,2950.00
2021-08-12,2.94,2.94,2.94,2.94,1000,2940.00
2021-08-17,2.91,2.91,2.89,2.90,3000,8700.00
2021-08-23,2.96,3.03,2.96,3.03,4000,12020.00
2021-08-24,3.04,3.10,3.04,3.10,5000,15280.00
2021-08-25,3.12,3.12,3.08,3.10,6000,18620.00
2021-08-27,3.10,3.10,3.10,3.10,2000,6200.00
2021-08-31,3.08,3.11,3.08,3.10,3000,9290.00
2021-09-01,3.10,3.14,3.04,3.10,31800,98458.00
2021-09-02,3.13,3.15,3.13,3.15,2000,6280.00
2021-09-03,3.17,3.17,3.17,3.17,1000,3170.00
2021-09-06,3.17,3.48,3.17,3.36,82900,278347.00
2021-09-07,3.36,3.36,3.36,3.36,144500,485479.69
2021-09-08,3.44,3.80,3.44,3.76,306800,1115288.25
2021-09-09,3.81,3.81,3.65,3.67,21000,78550.00
2021-09-10,3.75,3.88,3.75,3.88,93400,358307.00
2021-09-13,3.89,4.00,3.85,4.00,89100,349936.81
2021-09-14,4.00,4.07,4.00,4.03,56200,225919.00
2021-09-15,4.00,4.06,3.96,3.99,46900,187656.48
2021-09-16,3.90,4.03,3.90,4.00,38000,148940.00
2021-09-17,4.02,4.02,4.02,4.02,400,1608.00
2021-09-22,4.03,4.35,4.03,4.25,41100,172583.00
2021-09-23,4.19,4.27,4.10,4.19,161900,681545.88
2021-09-24,4.17,4.41,4.11,4.28,314900,1337713.38
2021-09-27,4.28,4.67,4.28,4.54,708500,3230213.50
2021-09-28,4.55,4.63,4.44,4.51,142300,646948.00
2021-09-29,4.53,4.59,4.42,4.53,114000,515545.00
2021-09-30,4.55,4.56,4.44,4.51,83600,376784.00
2021-10-08,4.50,4.50,4.19,4.30,37300,161721.00
2021-10-11,4.31,4.40,4.10,4.16,10300,43640.00
2021-10-12,4.16,4.19,3.78,3.84,46300,179891.00
2021-10-13,3.82,3.84,3.55,3.65,148900,550020.00
2021-10-14,3.57,3.68,3.48,3.51,1000200,3518337.25
2021-10-15,3.56,3.58,3.51,3.58,258400,913380.81
2021-10-18,3.59,3.84,3.59,3.70,108400,404907.47
2021-10-19,3.70,3.75,3.65,3.65,280100,1031754.69
2021-10-20,3.69,3.70,3.57,3.61,114500,414319.72
2021-10-21,3.68,3.68,3.61,3.68,14800,54336.00
2021-10-22,3.71,3.74,3.63,3.65,234700,861594.75
2021-10-25,3.66,3.72,3.55,3.62,70800,255060.00
2021-10-26,3.64,3.64,3.49,3.55,29200,103082.00
2021-10-27,3.56,3.56,3.45,3.48,16400,56954.40
2021-10-28,3.56,3.56,3.28,3.32,56400,188312.00
2021-10-29,3.35,3.47,3.32,3.40,20700,70145.00
2021-11-01,3.45,3.49,3.37,3.48,17800,61165.20
2021-11-02,3.52,3.58,3.35,3.53,90000,307941.66
2021-11-03,3.54,3.68,3.54,3.68,34300,125359.00
2021-11-04,3.71,3.72,3.62,3.72,18900,69400.00
2021-11-05,3.73,4.01,3.70,3.99,273100,1057867.75
2021-11-08,4.01,4.08,3.97,3.98,67200,269206.09
2021-11-09,4.00,4.04,3.93,3.98,45300,180309.67
2021-11-10,3.94,4.02,3.94,4.00,45400,181149.00
2021-11-11,4.03,4.08,4.00,4.02,124400,503728.00
2021-11-12,4.05,4.11,3.95,4.00,92900,375577.00
2021-11-15,3.94,4.21,3.91,4.09,169700,691036.75
2021-11-16,4.05,4.08,4.05,4.08,8100,33003.00
2021-11-17,4.11,4.12,4.03,4.05,32900,134483.98
2021-11-18,3.97,4.04,3.88,3.91,80100,318297.00
2021-11-19,3.95,3.96,3.89,3.93,96900,381099.78
2021-11-22,3.89,3.96,3.89,3.90,6700,26107.00
2021-11-23,3.93,3.94,3.92,3.94,17700,69631.00
2021-11-24,3.94,3.95,3.93,3.95,31400,123729.00
2021-11-25,3.95,3.95,3.89,3.94,53600,210323.59
2021-11-26,3.96,4.05,3.95,4.01,93900,375128.81
2021-11-29,4.04,4.13,4.04,4.10,137000,560638.25
2021-11-30,4.13,4.13,3.98,4.09,119400,486391.91
2021-12-01,4.11,4.11,4.04,4.06,50300,204433.80
2021-12-02,4.09,4.09,4.05,4.05,20700,84263.00
2021-12-03,4.10,4.10,3.99,3.99,24800,100750.00
2021-12-06,4.02,4.02,3.90,3.95,15200,60317.00
2021-12-07,3.88,3.89,3.69,3.77,66400,253930.00
2021-12-08,3.70,3.77,3.68,3.69,42500,157523.00
2021-12-09,3.70,3.93,3.70,3.91,221300,851584.69
2021-12-10,3.88,3.92,3.87,3.92,80700,314841.00
2021-12-13,3.91,3.99,3.91,3.92,22400,87793.00
2021-12-14,4.00,4.00,3.87,3.90,9700,37686.70
2021-12-15,3.82,3.85,3.79,3.79,768600,2926708.25
2021-12-16,3.82,4.40,3.82,4.35,1520000,6510328.50
2021-12-17,4.36,4.36,4.29,4.33,313300,1356562.25
2021-12-20,4.35,4.40,4.34,4.34,79800,349176.00
2021-12-21,4.30,4.32,4.19,4.27,38300,162915.63
2021-12-22,4.30,4.30,4.08,4.16,68700,286808.31
2021-12-23,4.19,4.23,4.17,4.21,22400,94303.24
2021-12-24,4.19,4.19,4.06,4.16,69100,287073.91
2021-12-27,4.16,4.19,4.06,4.15,62100,254628.30
2021-12-28,4.15,4.15,3.85,3.94,210800,836658.69
2021-12-29,4.00,4.03,3.85,3.96,160000,627478.00
2021-12-30,4.00,4.17,4.00,4.17,90200,371802.72
2021-12-31,4.17,4.36,4.13,4.19,217200,911654.63
2022-01-04,4.28,4.54,4.28,4.42,258200,1144468.00
2022-01-05,4.44,4.44,4.38,4.40,45700,201472.00
2022-01-06,4.36,4.52,4.36,4.48,113400,503060.88
2022-01-07,4.48,4.78,4.46,4.67,328000,1501875.50
2022-01-10,4.76,4.88,4.73,4.86,190100,915440.00
2022-01-11,4.89,5.34,4.88,5.29,937800,4841452.50
2022-01-12,5.30,5.30,5.10,5.26,293400,1515177.75
2022-01-13,5.30,5.32,5.22,5.29,246600,1302126.38
2022-01-14,5.39,5.39,5.21,5.29,51900,273019.88
2022-01-17,5.29,5.50,5.28,5.45,135700,731254.06
2022-01-18,5.48,5.70,5.45,5.52,696900,3855253.75
2022-01-19,5.50,6.16,5.50,6.10,484900,2811053.00
2022-01-20,6.09,6.10,5.86,6.06,194100,1162084.13
2022-01-21,6.10,6.14,6.03,6.06,234600,1423059.00
2022-01-24,6.07,6.12,6.05,6.09,102600,624718.94
2022-01-25,6.07,6.07,6.04,6.07,134700,817115.44
2022-01-26,6.06,6.08,6.05,6.07,68900,417675.63
2022-01-27,6.12,6.12,6.06,6.09,20700,125880.32
2022-01-28,6.09,6.17,6.06,6.14,29200,179080.45
2022-02-07,6.16,6.23,6.11,6.13,115600,708569.00
2022-02-08,6.20,6.20,6.14,6.14,42500,260990.91
2022-02-09,6.14,6.20,6.13,6.19,128400,788805.44
2022-02-10,6.20,6.25,6.18,6.19,89600,554683.00
2022-02-11,6.20,6.20,6.18,6.20,35800,221317.41
2022-02-14,6.17,6.25,6.17,6.18,71500,442149.50
2022-02-15,6.16,6.21,6.16,6.19,32500,200893.00
2022-02-16,6.17,6.20,6.17,6.20,10500,65180.84
2022-02-17,6.18,6.19,6.15,6.18,96200,593237.63
2022-02-18,6.18,6.23,6.18,6.22,26200,162274.00
2022-02-21,6.19,6.21,6.17,6.17,73000,451683.19
2022-02-22,6.13,6.17,6.04,6.11,37000,226316.00
2022-02-23,6.15,6.26,6.11,6.23,130200,804190.38
2022-02-24,6.23,6.29,6.23,6.25,63200,394714.84
2022-02-25,6.24,6.25,6.23,6.23,31000,193192.00
2022-02-28,6.21,6.21,6.00,6.02,77600,476273.00
2022-03-01,5.95,6.09,5.95,6.03,24900,149260.00
2022-03-02,5.91,6.07,5.91,5.98,2400,14350.00
2022-03-03,6.10,6.10,5.97,6.05,50100,302726.00
2022-03-04,6.08,6.08,5.55,5.59,226300,1289387.13
2022-03-07,5.55,5.65,5.52,5.59,15200,84673.00
2022-03-08,5.53,5.59,5.53,5.56,2000,11120.00
2022-03-09,5.69,5.69,5.49,5.51,40600,224488.00
2022-03-10,5.58,5.58,5.58,5.58,100,558.00
2022-03-11,5.50,5.58,5.50,5.58,22400,123720.00
2022-03-14,5.51,5.59,5.50,5.59,10700,59413.00
2022-03-15,5.60,5.60,5.41,5.54,65900,362355.00
2022-03-16,5.51,5.60,5.51,5.53,14500,80104.00
2022-03-17,5.60,5.60,5.52,5.57,5200,28867.00
2022-03-18,5.65,5.70,5.65,5.70,11400,64672.30
2022-03-21,5.75,5.77,5.75,5.75,5600,32222.00
2022-03-22,5.78,5.79,5.63,5.75,10000,57244.00
2022-03-23,5.76,5.76,5.72,5.75,40800,234039.45
2022-03-24,5.75,5.75,5.55,5.55,33300,187946.00
2022-03-25,5.51,5.51,5.49,5.50,13000,71470.00
2022-03-28,5.49,5.49,5.47,5.48,12400,68018.00
2022-03-29,5.48,5.51,5.46,5.47,16300,89163.00
2022-03-30,5.47,5.47,5.46,5.46,7100,38772.00
2022-03-31,5.45,5.45,5.33,5.33,15200,81834.00
2022-04-01,5.27,5.27,5.15,5.15,32200,166542.00
2022-04-06,5.16,5.20,5.14,5.15,127400,657227.63
2022-04-07,5.15,5.15,5.04,5.08,89700,456171.97
2022-04-08,5.08,5.16,5.06,5.06,20600,104814.00
2022-04-11,5.06,5.16,5.06,5.11,35100,178071.00
2022-04-12,5.19,5.26,5.19,5.23,13700,71523.18
2022-04-13,5.28,5.33,5.26,5.32,33500,177235.00
2022-04-14,5.32,5.33,5.30,5.31,38600,204863.00
2022-04-18,5.30,5.39,5.20,5.24,63800,334736.00
2022-04-20,5.19,5.21,5.16,5.21,7200,37271.00
2022-04-21,5.11,5.23,5.09,5.19,9200,47383.00
2022-04-22,5.08,5.10,4.85,4.94,173800,864766.00
2022-04-25,4.87,5.10,4.83,5.09,218700,1103668.00
2022-04-26,5.00,5.00,5.00,5.00,500,2500.00
2022-04-27,4.96,4.96,4.94,4.96,3000,14880.00
2022-04-29,4.87,4.90,4.65,4.84,51500,245573.88
2022-05-05,4.75,4.75,4.75,4.75,0,4.75
2022-05-06,4.73,4.85,4.73,4.78,51300,245101.84
2022-05-09,4.81,4.81,4.75,4.79,83900,401507.03
2022-05-10,4.75,4.75,4.67,4.71,17000,79965.00
2022-05-11,4.65,4.65,4.56,4.59,33100,151854.00
2022-05-12,4.60,4.71,4.60,4.69,43500,203958.00
2022-05-13,4.73,4.73,4.73,4.73,100,473.00
2022-05-16,4.67,4.67,4.63,4.63,5800,26980.00
2022-05-17,4.63,4.67,4.63,4.67,20500,95915.00
2022-05-18,4.61,4.62,4.61,4.62,8200,37863.00
2022-05-19,4.62,4.62,4.62,4.62,1900,8547.00
2022-05-20,4.61,4.61,4.52,4.52,10600,48557.00
2022-05-23,4.52,4.52,4.29,4.37,31200,136728.00
2022-05-24,4.28,4.28,4.21,4.21,21700,92589.74
2022-05-25,4.26,4.26,4.19,4.19,31300,131270.00
2022-05-26,4.19,4.42,4.19,4.38,16900,72090.00
2022-05-27,4.38,4.66,4.38,4.62,33900,152047.98
2022-05-30,4.69,4.94,4.69,4.83,163900,792948.50
2022-05-31,4.84,4.85,4.84,4.85,17000,82350.00
2022-06-01,4.92,5.20,4.92,5.11,21400,106868.00
2022-06-02,5.20,5.76,5.20,5.66,139000,745618.81
2022-06-06,5.79,6.04,5.79,5.99,192400,1144132.00
2022-06-07,6.02,6.02,5.81,5.82,121400,720735.81
2022-06-08,6.00,6.21,5.89,6.04,236100,1421681.25
2022-06-09,6.10,6.45,5.99,6.16,240600,1476282.50
2022-06-10,6.25,6.30,6.13,6.15,172400,1066114.38
2022-06-13,6.12,6.12,5.90,6.04,195400,1173981.25
2022-06-14,6.08,6.08,6.00,6.05,205900,1238139.00
2022-06-15,6.00,6.05,5.97,6.03,27000,162470.00
2022-06-16,5.93,6.00,5.70,5.74,42300,246821.00
2022-06-17,5.83,6.06,5.83,5.99,90700,543274.13
2022-06-20,6.04,6.04,5.95,5.99,136300,817119.56
2022-06-21,6.03,6.03,5.95,6.01,145600,873619.00
2022-06-22,6.02,6.10,5.97,6.03,103500,625113.81
2022-06-23,6.06,6.13,6.02,6.10,306900,1861284.00
2022-12-29,6.69,6.69,5.88,6.25,9308224,57233512.00
2022-12-30,5.92,5.93,5.65,5.73,2553864,14675019.00
2023-01-03,5.75,5.88,5.62,5.78,962454,5531950.00
2023-01-04,5.80,5.80,5.69,5.77,598761,3454648.75
2023-01-05,5.75,5.83,5.73,5.74,470639,2707557.75
2023-01-06,5.74,5.80,5.72,5.75,335830,1934319.00
2023-01-09,5.82,5.82,5.70,5.75,371318,2132176.25
2023-01-10,5.75,5.75,5.72,5.75,141808,813675.88
2023-01-11,5.75,5.77,5.73,5.74,246550,1415250.75
2023-01-12,5.76,5.76,5.70,5.71,200048,1144309.63
2023-01-13,5.75,5.75,5.70,5.72,297215,1697637.88
2023-01-16,5.74,5.74,5.61,5.68,662680,3748253.50
2023-01-17,5.68,5.70,5.62,5.70,346380,1962784.38
2023-01-18,5.70,5.73,5.66,5.73,208215,1189163.13
2023-01-19,5.75,5.75,5.68,5.71,194838,1111794.25
2023-01-20,5.74,5.75,5.71,5.75,251625,1444249.88
2023-01-30,5.76,5.81,5.75,5.81,382321,2214397.25
2023-01-31,5.80,6.25,5.80,6.21,1827196,11170495.00
2023-02-01,6.30,6.36,6.15,6.22,1539206,9634295.00
2023-02-02,6.21,6.23,6.02,6.18,1323897,8142966.50
2023-02-03,6.13,6.18,6.10,6.12,474305,2899119.25
2023-02-06,6.12,6.12,6.02,6.04,360198,2184469.25
2023-02-07,6.04,6.08,6.01,6.06,711531,4302500.00
2023-02-08,6.07,6.07,5.97,5.99,318510,1913902.25
2023-02-09,5.98,6.04,5.98,6.00,256707,1539895.00
2023-02-10,6.04,6.04,5.98,6.00,201590,1206734.88
2023-02-13,6.03,6.03,5.98,6.01,411241,2469210.75
2023-02-14,6.01,6.02,5.99,6.01,179477,1077033.13
2023-02-15,6.02,6.02,5.97,5.98,375399,2247304.50
2023-02-16,5.98,6.02,5.92,5.94,359369,2148944.00
2023-02-17,5.99,5.99,5.91,5.93,165194,980431.13
2023-02-20,6.00,6.01,5.95,6.01,276119,1654319.50
2023-02-21,6.00,6.02,6.00,6.00,167263,1004624.06
2023-02-22,6.01,6.01,5.98,6.00,88308,528891.50
2023-02-23,6.00,6.00,5.95,5.96,155591,928235.00
2023-02-24,5.97,5.99,5.92,5.96,163008,968914.31
2023-02-27,5.98,5.99,5.92,5.95,180440,1072804.13
2023-02-28,5.95,5.97,5.94,5.96,82552,491474.38
2023-03-01,5.94,5.99,5.91,5.95,196712,1168139.25
2023-03-02,5.97,5.97,5.91,5.94,176202,1044148.88
2023-03-03,5.96,5.99,5.92,5.97,212065,1262019.63
2023-03-06,5.97,5.97,5.93,5.95,88317,525871.19
2023-03-07,5.98,5.98,5.92,5.95,92869,551129.75
2023-03-08,5.95,5.98,5.92,5.94,76801,456104.09
2023-03-09,5.92,5.94,5.89,5.92,146717,867804.00
2023-03-10,5.93,5.93,5.84,5.90,144259,848170.19
2023-03-13,5.88,5.88,5.82,5.86,206972,1209167.00
2023-03-14,5.80,5.82,5.73,5.73,232184,1340045.88
2023-03-15,5.72,5.75,5.70,5.72,183928,1051485.75
2023-03-16,5.71,5.73,5.68,5.69,113568,646885.56
2023-03-17,5.69,5.71,5.68,5.68,72267,411816.38
2023-03-20,5.70,5.70,5.68,5.70,102222,581214.00
2023-03-21,5.65,5.72,5.65,5.72,143539,815505.25
2023-03-22,5.73,5.76,5.72,5.73,96919,555627.81
2023-03-23,5.68,5.72,5.67,5.69,132326,753830.25
2023-03-24,5.70,5.73,5.68,5.73,113588,648558.31
2023-03-27,5.70,5.71,5.68,5.71,133078,757403.06
2023-03-28,5.70,5.73,5.69,5.72,49903,284763.13
2023-03-29,5.72,5.72,5.67,5.67,93662,531972.44
2023-03-30,5.67,5.67,5.61,5.64,140771,794088.75
2023-03-31,5.63,5.64,5.61,5.63,103790,583694.44
2023-04-03,5.61,5.64,5.51,5.61,228061,1275541.25
2023-04-04,5.56,5.61,5.56,5.59,130297,726917.69
2023-04-06,5.60,5.60,5.55,5.58,138889,774080.06
2023-04-07,5.58,5.63,5.58,5.61,57825,324563.53
2023-04-10,5.62,5.68,5.62,5.65,99799,563848.13
2023-04-11,5.62,5.64,5.59,5.60,163948,917906.81
2023-04-12,5.59,5.60,5.57,5.60,91802,512931.56
2023-04-13,5.62,5.62,5.56,5.56,127226,711224.25
2023-04-14,5.57,5.60,5.57,5.59,44377,247803.06
2023-04-17,5.57,5.61,5.57,5.59,59265,331643.94
2023-04-18,5.61,5.61,5.58,5.59,48000,268528.00
2023-04-19,5.60,5.60,5.58,5.59,81261,454270.78
2023-04-20,5.59,5.60,5.55,5.55,116550,649104.00
2023-04-21,5.56,5.56,5.50,5.50,173777,960201.69
2023-04-24,5.50,5.50,5.41,5.41,186286,1012285.69
2023-04-25,5.41,5.47,5.39,5.40,143136,776439.50
2023-04-26,5.40,5.41,5.29,5.37,220430,1175635.50
2023-04-27,5.38,5.40,5.32,5.40,224507,1203445.38
2023-04-28,5.42,5.42,5.38,5.42,152524,822483.19
2023-05-04,5.42,5.49,5.40,5.47,101362,553624.56
2023-05-05,5.45,5.64,5.45,5.63,230953,1286887.38
2023-05-08,5.61,5.82,5.61,5.82,522318,3008376.50
2023-05-09,5.83,5.84,5.66,5.69,483197,2766226.75
2023-05-10,5.66,5.67,5.57,5.58,196936,1105536.00
2023-05-11,5.58,5.67,5.56,5.62,127273,714759.88
2023-05-12,5.62,6.22,5.62,5.76,1051687,6226213.00
2023-05-15,5.70,5.75,5.60,5.64,474415,2680247.25
2023-05-16,5.65,5.70,5.62,5.67,157559,892111.50
2023-05-17,5.68,5.75,5.65,5.72,159815,911783.44
2023-05-18,5.72,5.74,5.58,5.67,306220,1729100.88
2023-05-19,5.70,5.70,5.63,5.68,59268,336192.97
2023-05-22,5.69,5.98,5.69,5.79,538560,3155541.25
2023-05-23,5.72,5.75,5.65,5.74,358150,2036701.13
2023-05-24,5.74,5.74,5.69,5.72,145367,829416.25
2023-05-25,5.73,5.74,5.63,5.68,126247,716759.00
2023-05-26,5.64,5.75,5.64,5.74,76986,438066.16
2023-05-29,5.75,5.75,5.67,5.69,191789,1090890.13
2023-05-30,5.65,5.70,5.64,5.70,194021,1098710.00
2023-05-31,5.66,5.74,5.66,5.69,37096,211479.47
2023-06-01,5.68,5.70,5.66,5.66,209666,1188802.50
2023-06-02,5.65,5.69,5.65,5.67,116772,662099.94
2023-06-05,5.70,5.74,5.67,5.70,88985,506385.59
2023-06-06,5.67,5.68,5.57,5.57,153754,865115.50
2023-06-07,5.58,5.63,5.57,5.59,87247,488464.94
2023-06-08,5.55,5.60,5.55,5.59,23143,128948.47
2023-06-09,5.58,5.62,5.57,5.60,35173,196592.42
2023-06-12,5.60,5.62,5.55,5.62,77510,433407.09
2023-06-13,5.56,5.63,5.56,5.60,100096,559587.19
2023-06-14,5.58,5.64,5.58,5.62,67146,376674.50
2023-06-15,5.61,5.62,5.57,5.62,45492,254529.28
2023-06-16,5.58,5.64,5.58,5.61,78460,439909.91
2023-06-19,5.59,5.60,5.56,5.60,63886,356586.66
2023-06-20,5.63,5.63,5.49,5.53,119948,663720.94
2023-06-21,5.51,5.54,5.39,5.54,329259,1792871.88
2023-06-26,5.49,5.49,5.40,5.41,109654,597019.81
2023-06-27,5.42,5.46,5.41,5.45,42888,232895.22
2023-06-28,5.46,5.46,5.40,5.46,63320,343868.06
2023-06-29,5.42,5.54,5.40,5.53,86526,476246.59
2023-06-30,5.49,5.54,5.49,5.53,106199,586162.25
2023-07-03,5.51,5.55,5.50,5.55,67673,373891.31
2023-07-04,5.56,5.58,5.54,5.57,50053,277954.25
2023-07-05,5.57,5.66,5.57,5.65,128543,724397.50
2023-07-06,5.64,5.67,5.62,5.66,58246,329224.50
2023-07-07,5.67,5.68,5.63,5.63,102362,577970.38
2023-07-10,5.61,5.65,5.61,5.63,36080,203104.92
2023-07-11,5.67,5.67,5.60,5.66,84874,478962.91
2023-07-12,5.68,5.68,5.62,5.65,107100,604863.44
2023-07-13,5.67,5.67,5.63,5.66,104627,591313.06
2023-07-14,5.66,5.68,5.63,5.65,149341,845241.81
2023-07-17,5.38,5.39,5.35,5.39,141917,762510.81
2023-07-18,5.37,5.43,5.36,5.40,99615,536394.00
2023-07-19,5.40,5.40,5.36,5.39,35442,190286.39
2023-07-20,5.35,5.39,5.35,5.39,36463,196252.67
2023-07-21,5.36,5.40,5.36,5.40,14768,79369.78
2023-07-24,5.36,5.40,5.35,5.40,37797,202601.98
2023-07-25,5.40,5.40,5.37,5.40,81247,437203.13
2023-07-26,5.40,5.40,5.37,5.39,88841,477762.25
2023-07-27,5.36,5.43,5.36,5.41,141901,766523.63
2023-07-28,5.40,5.42,5.39,5.42,94278,509991.44
2023-07-31,5.43,5.47,5.42,5.45,119824,652328.81
2023-08-01,5.42,5.58,5.42,5.54,286342,1581887.00
2023-08-02,5.51,5.61,5.50,5.53,326074,1817484.88
2023-08-03,5.50,5.65,5.50,5.57,293750,1649499.63
2023-08-04,5.53,5.60,5.52,5.57,72721,404182.34
2023-08-07,5.59,5.59,5.51,5.53,46554,257248.81
2023-08-08,5.52,5.55,5.52,5.55,91410,506254.28
2023-08-09,5.52,5.56,5.52,5.52,81897,453086.47
2023-08-10,5.52,5.56,5.51,5.54,46266,255651.95
2023-08-11,5.52,5.55,5.49,5.52,130412,718982.56
2023-08-14,5.53,5.53,5.42,5.44,90011,490416.41
2023-08-15,5.45,5.45,5.42,5.44,62250,338410.81
2023-08-16,5.45,5.46,5.40,5.44,50579,273995.78
2023-08-17,5.41,5.44,5.40,5.44,19298,104389.49
2023-08-18,5.40,5.46,5.40,5.44,45430,247042.69
2023-08-21,5.38,5.38,5.27,5.30,173584,924634.81
2023-08-22,5.32,5.32,5.21,5.24,183365,959810.06
2023-08-23,5.28,5.65,5.24,5.35,469981,2536352.00
2023-08-24,5.37,5.48,5.33,5.37,195346,1054965.25
2023-08-25,5.39,5.40,5.28,5.35,248101,1325579.25
2023-08-28,5.43,5.57,5.34,5.35,111445,602217.94
2023-08-29,5.38,5.47,5.31,5.40,79053,426958.78
2023-08-30,5.36,5.45,5.36,5.38,143471,776248.75
2023-08-31,5.38,5.47,5.36,5.42,137738,747713.81
2023-09-01,5.38,5.51,5.38,5.45,204164,1116503.00
2023-09-04,5.55,5.61,5.50,5.56,568168,3162989.75
2023-09-05,5.58,5.59,5.47,5.55,272874,1512666.25
2023-09-06,5.59,5.63,5.45,5.58,427397,2377196.00
2023-09-07,5.58,5.62,5.51,5.53,107720,595933.44
2023-09-08,5.48,5.57,5.48,5.52,59458,328862.69
2023-09-11,5.49,5.59,5.48,5.52,42306,234200.34
2023-09-12,5.52,5.64,5.51,5.56,252852,1418808.88
2023-09-13,5.52,5.60,5.52,5.57,51727,287584.97
2023-09-14,5.52,5.61,5.52,5.60,61338,342822.88
2023-09-15,5.58,5.58,5.54,5.56,40794,226979.56
2023-09-18,5.51,5.64,5.51,5.59,237966,1336278.25
2023-09-19,5.55,5.62,5.52,5.58,61554,343078.41
2023-09-20,5.54,5.61,5.54,5.58,35873,199846.73
2023-09-21,5.54,5.60,5.49,5.53,110569,611865.31
2023-09-22,5.49,5.54,5.47,5.54,80433,443787.03
2023-09-25,5.51,5.68,5.50,5.57,440366,2480800.75
2023-09-26,5.52,5.55,5.52,5.55,52219,288849.56
2023-09-27,5.54,5.55,5.42,5.51,125862,690046.81
2023-09-28,5.50,5.51,5.42,5.51,99911,547428.88
2023-10-09,5.50,5.50,5.42,5.43,51008,277909.38
2023-10-10,5.45,5.45,5.36,5.38,30901,166366.63
2023-10-11,5.36,5.40,5.32,5.37,69069,369154.63
2023-10-12,5.35,5.38,5.30,5.32,78712,418347.50
2023-10-13,5.33,5.34,5.26,5.28,53707,283345.56
2023-10-16,5.31,5.31,5.17,5.20,137545,717556.81
2023-10-17,5.16,5.18,5.16,5.18,82418,425681.25
2023-10-18,5.15,5.16,5.10,5.12,51330,262917.00
2023-10-19,5.10,5.12,5.05,5.08,95295,485392.94
2023-10-20,5.10,5.10,5.05,5.08,31605,160462.33
2023-10-23,5.04,5.07,4.92,4.94,53356,265847.06
2023-10-24,4.96,4.98,4.82,4.92,159858,778078.38
2023-10-25,4.92,4.94,4.88,4.93,41382,203388.25
2023-10-26,4.90,4.97,4.90,4.90,43519,213759.94
2023-10-27,4.93,4.95,4.85,4.90,355045,1736852.75
2023-10-30,4.92,4.92,4.82,4.84,219868,1065581.50
2023-10-31,4.84,4.85,4.82,4.83,63300,305673.00
2023-11-01,4.82,4.83,4.82,4.83,99795,481294.84
2023-11-02,4.83,4.84,4.78,4.78,129835,625723.50
2023-11-03,4.78,4.81,4.77,4.78,127714,610781.38
2023-11-06,4.75,4.84,4.75,4.84,311101,1486321.50
2023-11-07,4.83,4.85,4.76,4.81,118038,567966.31
2023-11-08,4.85,4.95,4.81,4.91,291859,1420994.75
2023-11-09,4.91,4.96,4.90,4.91,120337,593311.94
2023-11-10,4.91,4.91,4.87,4.90,35492,173392.41
2023-11-13,4.87,4.99,4.87,4.96,166714,826872.88
2023-11-14,5.00,5.03,4.92,4.98,112391,559128.56
2023-11-15,5.01,5.07,4.97,5.04,162951,820438.06
2023-11-16,5.05,5.05,4.94,5.01,104589,519184.72
2023-11-17,4.98,4.99,4.95,4.98,17312,86112.40
2023-11-20,5.01,5.08,4.97,5.07,189103,952934.38
2023-11-21,5.11,5.54,5.08,5.31,1401985,7533150.50
2023-11-22,5.38,5.73,5.30,5.72,2202708,12251389.00
2023-11-23,5.60,6.05,5.51,5.54,3285253,19003270.00
2023-11-24,5.55,6.18,5.51,6.18,4783002,28505520.00
2023-11-27,6.50,7.26,6.40,7.15,8399359,56948200.00
2023-11-28,6.80,7.48,6.60,7.00,6212875,43776676.00
2023-11-29,6.88,7.12,6.19,6.24,3550401,23506302.00
2023-11-30,6.18,6.49,5.98,6.28,2443034,15269895.00
2023-12-01,6.35,6.59,5.89,6.01,2032222,12547886.00
2023-12-04,5.95,6.14,5.66,5.89,1902013,11228012.00
2023-12-05,5.93,6.59,5.89,6.40,3459169,21836162.00
2023-12-06,6.48,7.06,6.48,6.65,3770725,25547546.00
2023-12-07,6.51,6.98,6.51,6.91,2706242,18474296.00
2023-12-08,6.96,7.17,6.83,7.05,3508045,24636438.00
2023-12-11,7.06,7.13,6.62,6.81,1734639,11834700.00
2023-12-12,6.89,6.99,6.69,6.90,1426918,9752382.00
2023-12-13,6.87,7.14,6.75,7.07,2849889,19943746.00
2023-12-14,8.50,9.19,8.50,9.19,10710714,97362872.00
2023-12-15,10.40,10.86,9.27,9.58,18908024,192216688.00
2023-12-18,10.25,12.37,10.25,11.19,18085343,205018048.00
2023-12-19,11.01,11.35,9.80,10.65,15967239,166985024.00
2023-12-20,10.25,11.24,10.06,11.22,14488283,153579104.00
2023-12-21,11.55,11.60,8.50,9.23,13104127,139841936.00
2023-12-22,8.89,10.06,8.88,9.70,8934469,85174144.00
2023-12-25,9.33,10.00,9.03,9.95,11119082,106341424.00
2023-12-26,10.08,10.30,9.17,9.60,9381785,92265432.00
2023-12-27,9.59,9.69,9.11,9.31,6161570,57392880.00
2023-12-28,9.15,9.38,9.00,9.06,5804785,53332820.00
2023-12-29,9.04,9.27,8.93,9.20,5100072,46584304.00
2024-01-02,9.50,10.44,9.37,10.06,11448016,113264064.00
2024-01-03,10.30,10.51,9.77,9.86,7320500,73314552.00
2024-01-04,9.72,10.09,9.62,9.80,5058119,49850176.00
2024-01-05,9.95,9.96,9.00,9.13,4820986,45595980.00
2024-01-08,8.90,9.37,8.52,8.56,3169193,28206920.00
2024-01-09,8.40,8.57,7.58,7.93,4195255,33912200.00
2024-01-10,7.80,8.08,7.50,8.00,2913374,22883750.00
2024-01-11,8.00,8.18,7.92,8.08,2393520,19218724.00
2024-01-12,8.21,8.48,7.51,7.57,5259505,42548908.00
2024-01-15,7.66,8.27,7.52,7.68,5526027,43488800.00
2024-01-16,7.70,8.21,7.11,8.14,6977401,53354984.00
2024-01-17,7.91,8.37,7.85,8.30,5925953,48156756.00
2024-01-18,8.25,9.60,8.10,9.23,11196163,98864424.00
2024-01-19,9.18,10.50,8.81,9.85,12746380,122084640.00
2024-01-22,9.45,9.71,8.36,8.79,8433049,77452320.00
2024-01-23,8.60,9.22,8.45,9.04,7476631,66112456.00
2024-01-24,9.13,10.36,8.90,9.42,12210853,117217696.00
2024-01-25,9.75,10.60,8.98,9.09,11969282,117619616.00
2024-01-26,8.50,9.16,8.31,8.38,8404070,72885848.00
2024-01-29,8.29,8.35,7.30,7.36,6542490,50526536.00
2024-01-30,7.30,7.52,6.96,7.38,4156330,29996496.00
2024-01-31,7.31,7.81,7.30,7.47,4331508,32704454.00
2024-02-01,7.41,7.48,6.84,6.84,3228308,23107880.00
2024-02-02,6.95,6.98,6.20,6.38,3621432,23766552.00
2024-02-05,6.30,6.58,5.72,6.09,3006363,18431576.00
2024-02-06,6.01,6.69,6.01,6.63,3807671,24600002.00
2024-02-07,6.69,7.26,6.50,6.56,4450505,30764168.00
2024-02-08,6.59,6.85,6.10,6.48,3153333,20465938.00
2024-02-19,6.52,6.89,6.51,6.71,2367431,15851499.00
2024-02-20,6.75,7.59,6.46,7.16,4243634,29877394.00
2024-02-21,7.10,7.56,6.96,7.17,3520335,25542208.00
2024-02-22,7.20,7.31,7.01,7.11,2274202,16200163.00
2024-02-23,7.11,7.15,6.76,6.90,3444517,23809274.00
2024-02-26,7.30,7.60,7.07,7.10,5093780,37131812.00
2024-02-27,7.32,9.23,7.30,9.20,15986200,137589456.00
2024-02-28,8.51,8.91,8.06,8.22,13319385,114165776.00
2024-02-29,8.00,8.42,7.69,8.33,7651859,62118236.00
2024-03-01,8.25,8.41,7.93,7.97,4996423,40336748.00
2024-03-04,8.06,8.31,7.67,8.10,4628473,37255816.00
2024-03-05,8.00,8.07,7.50,7.53,4182301,32215418.00
2024-03-06,7.55,7.77,7.53,7.66,2755844,21085456.00
2024-03-07,7.73,7.77,7.33,7.35,2215475,16775812.00
2024-03-08,7.42,7.68,7.35,7.40,1797333,13456426.00
2024-03-11,7.33,7.53,7.33,7.48,1845319,13733678.00
2024-03-12,7.48,7.78,7.34,7.63,3245362,24334382.00
2024-03-13,7.57,7.61,7.32,7.34,2228893,16601502.00
2024-03-14,7.40,7.48,7.29,7.41,1877121,13837103.00
2024-03-15,7.36,7.84,7.32,7.64,4214258,32145402.00
2024-03-18,7.66,7.73,7.58,7.71,2082661,15967260.00
2024-03-19,7.71,7.94,7.59,7.75,3708714,28676124.00
2024-03-20,7.75,7.89,7.62,7.66,2102241,16230293.00
2024-03-21,7.63,7.72,7.35,7.40,2441080,18223130.00
2024-03-22,7.37,7.48,7.12,7.13,2151978,15567719.00
2024-03-25,7.09,7.16,6.88,6.90,1699961,11945599.00
2024-03-26,6.96,6.96,6.65,6.72,1273838,8680913.00
2024-03-27,6.75,7.08,6.75,6.76,1589598,10998871.00
2024-03-28,6.76,6.88,6.61,6.77,1512402,10220516.00
2024-03-29,6.76,6.82,6.71,6.76,934399,6315138.50
2024-04-01,6.80,6.90,6.73,6.87,1206573,8196963.50
2024-04-02,6.91,7.23,6.87,6.99,2504740,17697418.00
2024-04-03,7.30,7.69,7.07,7.10,3688551,27105478.00
2024-04-08,6.88,6.92,6.55,6.60,2703666,18232164.00
2024-04-09,6.60,6.73,6.51,6.63,1006548,6677624.50
2024-04-10,6.60,6.98,6.46,6.77,2055492,13929005.00
2024-04-11,6.76,7.16,6.58,6.73,1864511,12735076.00
2024-04-12,6.70,7.10,6.66,6.80,3037877,20996222.00
2024-04-15,6.74,6.99,6.59,6.75,1807485,12260872.00
2024-04-16,6.68,6.78,6.05,6.25,2350098,14817685.00
2024-04-17,6.32,6.59,6.31,6.54,1497690,9759774.00
2024-04-18,6.57,6.87,6.46,6.80,2339002,15568162.00
2024-04-19,6.76,7.29,6.74,6.90,3363731,23699032.00
2024-04-22,6.79,6.79,6.50,6.50,2370646,15600465.00
2024-04-23,6.57,6.57,6.46,6.56,990763,6450946.50
2024-04-24,6.55,6.62,6.50,6.56,821554,5390653.00
2024-04-25,6.61,6.79,6.55,6.64,1550767,10335295.00
2024-04-26,6.83,6.93,6.59,6.72,1652677,11147265.00
2024-04-29,6.64,6.73,6.55,6.68,1863315,12388934.00
2024-04-30,6.67,6.80,6.65,6.68,931545,6249547.50
2024-05-06,6.73,6.86,6.73,6.86,1039990,7089410.00
2024-05-07,6.87,6.88,6.71,6.74,1315650,8886906.00
2024-05-08,6.75,6.75,6.58,6.63,936673,6230721.00
2024-05-09,6.67,7.09,6.60,6.92,3446240,23741796.00
2024-05-10,7.00,7.13,6.80,6.92,2361798,16334392.00
2024-05-13,6.91,7.36,6.82,7.25,5395418,38458988.00
2024-05-14,7.32,7.35,6.91,6.95,3973585,28098928.00
2024-05-15,6.90,6.95,6.60,6.61,2440942,16432217.00
2024-05-16,6.67,6.75,6.48,6.50,1565486,10276273.00
2024-05-17,6.45,6.63,6.38,6.52,1209407,7911512.00
2024-05-20,6.54,6.70,6.54,6.59,929992,6154120.50
2024-05-21,6.46,6.65,6.46,6.58,1027108,6764189.00
2024-05-22,6.60,6.67,6.50,6.54,800683,5253303.00
2024-05-23,6.54,6.94,6.41,6.78,2626329,17708090.00
2024-05-24,6.77,6.85,6.66,6.73,1606875,10877552.00
2024-05-27,7.10,7.98,7.08,7.17,8848325,66832700.00
2024-05-28,6.85,7.30,6.66,7.01,6530653,44869600.00
2024-05-29,6.86,6.93,6.67,6.76,2945260,19966356.00
2024-05-30,6.70,6.75,6.50,6.56,2346885,15474169.00
2024-05-31,6.59,6.69,6.52,6.65,1344914,8892927.00
2024-06-03,6.70,6.85,6.54,6.60,1794957,12020282.00
2024-06-04,6.53,6.67,6.46,6.65,1675777,11001111.00
2024-06-05,6.66,6.70,6.40,6.42,1464143,9507230.00
2024-06-06,6.46,6.53,6.23,6.23,1219889,7714852.00
2024-06-07,6.23,6.41,6.23,6.31,671568,4226365.50
2024-06-11,6.36,6.36,6.20,6.25,700598,4366916.00
2024-06-12,6.27,6.36,6.22,6.27,595413,3733191.25
2024-06-13,6.30,6.30,6.18,6.22,824483,5121800.00
2024-06-14,6.25,6.27,6.17,6.20,585009,3630912.00
2024-06-17,6.22,6.22,5.95,5.97,981980,5929935.00
2024-06-18,6.05,6.12,5.95,5.96,925561,5558013.00
2024-06-19,6.03,6.16,5.91,6.01,1262262,7624921.00
2024-06-20,5.98,6.06,5.95,6.04,810687,4861015.00
2024-06-21,6.01,6.24,6.01,6.15,1283801,7864505.00
2024-06-24,6.15,6.15,5.90,5.92,779489,4671381.00
2024-06-25,5.90,6.00,5.88,5.91,682594,4052587.25
2024-06-26,5.89,5.98,5.83,5.97,736071,4345586.50
2024-06-27,5.98,6.13,5.93,5.97,846842,5073467.00
2024-06-28,5.91,6.19,5.91,6.06,1219186,7388603.50
2024-07-01,5.99,6.12,5.99,6.07,710948,4291292.00
2024-07-02,6.08,6.21,5.99,6.12,1107523,6772194.00
2024-07-03,6.10,6.10,6.00,6.01,1003745,6049757.00
2024-07-04,6.04,6.12,5.93,5.95,438609,2636346.00
2024-07-05,5.92,5.97,5.89,5.95,383010,2267847.75
2024-07-08,5.99,5.99,5.70,5.81,469164,2742917.25
2024-07-09,5.86,5.93,5.60,5.84,650243,3743020.50
2024-07-10,5.87,5.96,5.72,5.78,420734,2440650.50
2024-07-11,5.68,5.85,5.68,5.76,798256,4623547.00
2024-07-12,5.76,5.84,5.72,5.81,460753,2670153.25
2024-07-15,5.83,5.92,5.56,5.68,1076222,6091293.00
2024-07-16,5.65,5.98,5.56,5.95,2254565,13120697.00
2024-07-17,6.04,6.50,6.02,6.40,3951157,24901126.00
2024-07-18,6.30,6.41,6.06,6.08,2306934,14222388.00
2024-07-19,6.15,6.48,6.01,6.32,3318391,20760596.00
2024-07-22,6.17,6.66,6.08,6.51,3769870,24279362.00
2024-07-23,6.32,6.74,6.16,6.24,3054185,19712658.00
2024-07-24,6.11,6.25,5.94,6.00,1874255,11384822.00
2024-07-25,5.99,6.11,5.86,6.01,1449587,8720094.00
2024-07-26,6.01,6.16,5.88,6.08,1607464,9703086.00
2024-07-29,6.09,6.27,6.02,6.14,1273883,7795423.00
2024-07-30,6.15,6.24,6.09,6.14,910980,5607062.00
2024-07-31,6.16,6.27,6.11,6.19,1317728,8186331.50
2024-08-01,6.20,6.28,6.17,6.20,814050,5061227.00
2024-08-02,6.22,6.28,6.13,6.17,1208910,7498465.50
2024-08-05,6.20,6.24,5.91,5.96,1077166,6523605.00
2024-08-06,6.00,6.05,5.96,6.02,413679,2484018.25
2024-08-07,6.05,6.07,5.95,6.02,372966,2237775.00
2024-08-08,6.07,6.07,5.92,5.94,584488,3491404.75
2024-08-09,5.97,5.98,5.84,5.88,507960,2991583.75
2024-08-12,5.93,5.93,5.77,5.85,989433,5778925.50
2024-08-13,5.85,5.88,5.82,5.86,272342,1592944.38
2024-08-14,5.86,5.86,5.78,5.80,427023,2481155.75
2024-08-15,5.83,5.89,5.78,5.79,413425,2401773.25
2024-08-16,5.84,5.86,5.76,5.82,371640,2158124.00
2024-08-19,5.81,5.88,5.78,5.79,334567,1947464.50
2024-08-20,5.78,5.87,5.75,5.77,591553,3428386.50
2024-08-21,5.82,5.82,5.68,5.71,434059,2488453.75
2024-08-22,5.74,5.74,5.50,5.55,517893,2896273.75
2024-08-23,5.60,5.78,5.48,5.51,369259,2050256.75
2024-08-26,5.51,5.55,5.41,5.49,391734,2148736.25
2024-08-27,5.49,5.53,5.35,5.37,797762,4316231.50
2024-08-28,5.39,5.52,5.36,5.49,897153,4883373.00
2024-08-29,5.49,5.56,5.43,5.54,421164,2318861.00
2024-08-30,5.53,5.75,5.53,5.67,857622,4882184.50
2024-09-02,5.70,5.74,5.56,5.60,391942,2216293.75
2024-09-03,5.68,5.77,5.60,5.64,308903,1755016.50
2024-09-04,5.64,5.64,5.53,5.53,402527,2242569.00
2024-09-05,5.53,5.60,5.53,5.54,156869,872367.44
2024-09-06,5.52,5.62,5.41,5.41,413571,2264611.00
2024-09-09,5.46,5.46,5.34,5.37,166075,893259.56
2024-09-10,5.42,5.56,5.33,5.46,241995,1306918.75
2024-09-11,5.45,5.49,5.38,5.40,91579,496268.63
2024-09-12,5.41,5.46,5.26,5.39,296693,1596889.50
2024-09-13,5.37,5.59,5.29,5.43,523050,2840833.50
2024-09-18,5.47,5.51,5.35,5.42,248974,1346681.25
2024-09-19,5.47,5.50,5.37,5.45,232751,1270172.38
2024-09-20,5.45,5.52,5.40,5.43,178584,971701.50
2024-09-23,5.46,5.55,5.36,5.43,199388,1082155.75
2024-09-24,5.44,5.56,5.35,5.53,653748,3590643.00
2024-09-25,5.58,5.71,5.53,5.54,591734,3322105.25
2024-09-26,5.59,5.69,5.53,5.65,772427,4346403.50
2024-09-27,5.71,6.18,5.71,6.04,2716018,16187902.00
2024-09-30,6.38,7.40,6.20,7.17,4394464,29765944.00
2024-10-08,8.60,9.20,7.38,8.69,7234647,59329384.00
2024-10-09,7.95,8.13,7.20,7.20,3905779,29795992.00
2024-10-10,7.09,7.49,7.00,7.20,2375492,17230120.00
2024-10-11,7.20,7.20,6.40,6.61,2311170,15637968.00
2024-10-14,6.58,6.95,6.56,6.86,2003476,13595261.00
2024-10-15,6.87,7.24,6.70,6.89,2576565,18079808.00
2024-10-16,6.74,7.13,6.68,7.09,2206174,15315869.00
2024-10-17,7.16,7.75,7.16,7.37,5063565,37764828.00
2024-10-18,7.37,8.35,7.33,8.00,7289706,57411600.00
2024-10-21,9.17,9.51,8.50,9.00,12123782,107883640.00
2024-10-22,8.58,9.78,8.05,8.91,11687455,103116280.00
2024-10-23,8.70,9.30,8.50,9.09,7946030,71067800.00
2024-10-24,9.04,9.75,8.70,9.44,8204476,75852600.00
2024-10-25,9.48,10.17,8.90,8.92,9845548,94889216.00
2024-10-28,8.88,9.54,8.62,9.50,6916428,63655732.00
2024-10-29,9.68,10.50,9.56,10.12,9153759,91443896.00
2024-10-30,9.89,11.25,9.70,10.31,8818858,90753560.00
2024-10-31,10.10,10.30,9.20,9.50,6888882,66841352.00
2024-11-01,9.41,9.99,9.11,9.33,5524947,53060068.00
2024-11-04,8.99,9.98,8.99,9.92,4900185,46812920.00
2024-11-05,9.99,11.50,9.91,11.19,8581453,93057648.00
2024-11-06,11.19,12.65,10.57,11.80,10006563,113378176.00
2024-11-07,11.88,14.18,11.50,12.49,10144434,128840784.00
2024-11-08,12.77,12.90,11.51,11.76,6916562,83426600.00
2024-11-11,11.69,12.57,11.12,11.60,5335088,62691832.00
2024-11-12,11.65,11.88,11.13,11.74,4889096,56239876.00
2024-11-13,11.75,12.60,11.54,12.33,5855555,70128264.00
2024-11-14,12.10,12.29,11.35,11.40,4304493,50959476.00
2024-11-15,11.30,12.09,10.80,11.67,5777379,66753236.00
2024-11-18,11.99,12.08,11.10,11.67,3967730,46522260.00
2024-11-19,11.67,12.05,10.43,11.06,4624716,51557964.00
2024-11-20,11.60,13.27,11.11,12.98,9921532,121711168.00
2024-11-21,12.75,13.87,12.53,13.50,9380830,123719040.00
2024-11-22,15.00,17.55,14.50,17.55,8271617,140147632.00
2024-11-25,18.00,20.80,15.81,16.00,18166269,334226048.00
2024-11-26,14.97,20.69,14.96,18.91,19286683,328155840.00
2024-11-27,17.05,22.00,16.20,19.07,17660541,331572640.00
2024-11-28,21.11,22.57,17.88,18.18,16928380,343409440.00
2024-11-29,17.66,19.29,16.60,17.00,13106814,233321984.00
2024-12-02,17.21,17.66,16.30,16.88,9962618,167031552.00
2024-12-03,16.88,16.88,16.88,16.88,0,0.00
#数据来源:通达信
