872925 锦好医疗 日线 不复权
      日期	    开盘	    最高	    最低	    收盘	    成交量	    成交额
2020-03-20,8.64,8.64,8.64,8.64,1000,8640.00
2020-03-23,8.64,8.64,8.64,8.64,250000,1080000.00
2020-03-24,10.00,10.00,10.00,10.00,461000,2770000.00
2020-03-26,14.20,14.26,14.20,14.26,8000,113840.00
2020-03-27,14.20,14.20,14.20,14.20,8000,113600.00
2020-03-30,14.20,14.20,14.20,14.20,4000,56800.00
2020-03-31,14.21,14.21,14.21,14.21,10300,146363.00
2020-04-01,14.21,14.21,14.21,14.21,5600,79576.00
2020-04-02,14.21,14.21,14.21,14.21,4000,56840.00
2020-04-03,14.21,14.21,14.21,14.21,3000,42630.00
2020-04-09,14.21,14.21,14.21,14.21,500,7105.00
2020-04-10,14.25,14.25,14.25,14.25,1100,15675.00
2020-04-15,14.25,14.25,14.25,14.25,100,1425.00
2020-04-16,14.30,14.30,14.30,14.30,1000,14300.00
2020-04-17,14.35,14.35,14.35,14.35,1000,14350.00
2020-04-20,14.35,14.35,14.35,14.35,1000,14350.00
2020-05-27,14.35,14.35,14.35,14.35,1000,14350.00
2020-06-16,14.35,14.35,14.35,14.35,150000,1590000.00
2020-06-22,14.50,14.60,14.50,14.60,2000,29190.00
2020-06-29,14.60,14.61,14.60,14.61,1000,14604.00
2020-07-01,15.10,15.10,15.10,15.10,2000,30200.00
2020-07-03,10.70,10.70,10.70,10.70,100,1070.00
2020-07-06,10.70,10.70,10.70,10.70,105000,787500.00
2020-07-07,21.00,21.00,21.00,21.00,900,18900.00
2020-07-08,30.00,30.00,28.00,28.00,1600,46244.00
2020-07-09,28.80,30.88,28.80,30.88,2300,68947.84
2020-07-10,30.98,30.98,30.98,30.98,200,6196.00
2020-07-13,30.68,30.69,30.68,30.69,1200,36827.00
2020-07-14,30.69,30.69,30.69,30.69,100,3069.00
2020-07-24,30.69,30.69,30.69,30.69,100,3069.00
2020-07-27,22.50,22.53,22.50,22.53,10000,225285.00
2020-07-28,26.90,27.88,26.90,27.88,2000,55168.00
2020-07-29,27.68,27.77,27.68,27.77,3200,91137.84
2020-08-03,21.50,21.50,21.50,21.50,10000,215000.00
2020-08-05,21.50,27.80,21.50,27.80,1900,46520.00
2020-08-07,21.60,22.46,21.60,22.46,1400,31014.00
2020-08-10,27.50,27.50,27.50,27.50,105500,2675500.00
2020-08-14,27.40,27.40,27.40,27.40,100,2740.00
2020-08-20,21.00,21.00,21.00,21.00,100,2100.00
2020-08-21,13.86,13.86,13.86,13.86,100,1386.00
2020-08-24,13.86,13.86,13.86,13.86,168800,1639048.00
2020-08-25,20.00,21.00,20.00,21.00,500,10100.00
2020-08-28,21.88,21.88,21.88,21.88,1000,21880.00
2020-09-03,21.88,21.90,21.88,21.90,1100,23828.10
2020-09-07,21.90,21.90,21.90,21.90,75000,2128500.00
2020-09-11,21.90,21.90,21.90,21.90,75000,2128500.00
2020-09-14,23.00,23.00,23.00,23.00,1900,43700.00
2020-09-24,23.00,23.00,23.00,23.00,100,2300.00
2020-10-28,18.22,23.00,17.28,23.00,300,5850.00
2020-10-30,17.25,17.25,17.25,17.25,100,1725.00
2020-11-02,16.50,16.50,16.50,16.50,100,1650.00
2020-11-03,16.50,16.50,16.50,16.50,1415100,17632396.00
2020-11-04,18.50,18.50,18.50,18.50,3000,55500.00
2020-11-05,19.40,19.40,19.40,19.40,200,4636.60
2020-11-10,19.40,19.40,19.40,19.40,133400,2001000.00
2020-11-16,19.40,19.40,19.40,19.40,333300,5000010.00
2020-11-18,19.40,19.40,19.40,19.40,1000,19400.00
2020-11-24,28.88,28.88,28.88,28.88,1000,28880.00
2020-11-27,29.00,29.00,29.00,29.00,1000,29000.00
2020-12-07,31.68,31.68,31.68,31.68,1300,42229.44
2021-10-25,26.51,27.77,23.60,24.01,6072500,156289312.00
2021-10-26,23.55,23.60,21.50,21.50,1976300,44262752.00
2021-10-27,21.30,21.30,20.50,20.87,870300,18173598.00
2021-10-28,20.07,20.90,19.98,19.99,831100,16801774.00
2021-10-29,19.30,20.55,18.70,20.34,1202300,23662280.00
2021-11-01,21.20,22.98,20.83,22.84,1542200,34002396.00
2021-11-02,22.40,22.69,21.53,21.90,526800,11551053.00
2021-11-03,21.69,22.63,21.69,22.36,377700,8423237.00
2021-11-04,22.55,24.01,22.41,23.54,752000,17720372.00
2021-11-05,23.98,23.98,23.00,23.55,429300,10015072.00
2021-11-08,23.41,25.35,23.41,25.09,856100,21159632.00
2021-11-09,25.18,25.58,24.50,24.87,436500,10853856.00
2021-11-10,24.80,25.00,24.00,24.52,345100,8407643.00
2021-11-11,24.99,25.50,24.12,25.45,767700,19128448.00
2021-11-12,25.75,26.20,25.40,25.75,764300,19696396.00
2021-11-15,26.48,27.78,25.00,26.10,2808800,74802792.00
2021-11-16,26.10,26.59,24.67,25.06,1090700,27696924.00
2021-11-17,24.99,25.17,23.64,24.32,647400,15756259.00
2021-11-18,24.68,24.68,23.11,23.32,455300,10732545.00
2021-11-19,23.35,23.77,22.61,23.14,307100,7043350.50
2021-11-22,23.21,23.67,23.15,23.62,359300,8405876.00
2021-11-23,23.62,24.48,23.58,24.22,545500,13218913.00
2021-11-24,24.32,24.32,23.70,23.76,356400,8530602.00
2021-11-25,24.15,24.16,23.38,23.79,189700,4502643.00
2021-11-26,23.80,24.94,23.65,24.50,715500,17574254.00
2021-11-29,24.25,24.87,23.20,23.35,476200,11334835.00
2021-11-30,23.43,23.93,23.27,23.50,186400,4394282.50
2021-12-01,23.35,23.59,23.00,23.32,138200,3213995.75
2021-12-02,23.08,23.48,22.88,22.94,121700,2809986.00
2021-12-03,22.86,23.10,22.01,22.20,356500,7954160.50
2021-12-06,22.02,22.20,21.11,21.20,222000,4788427.00
2021-12-07,21.50,22.32,21.29,21.69,186400,4081609.50
2021-12-08,21.79,22.26,21.70,21.76,238100,5200673.50
2021-12-09,21.61,22.40,21.52,22.39,264400,5832648.50
2021-12-10,22.39,23.68,22.39,23.23,415700,9641752.00
2021-12-13,23.16,24.08,23.16,23.70,298900,7084676.50
2021-12-14,23.85,24.48,23.35,23.52,408300,9737132.00
2021-12-15,23.50,23.50,22.13,22.31,618900,13989891.00
2021-12-16,22.55,22.55,21.86,21.99,165100,3641570.75
2021-12-17,22.30,22.30,21.76,22.08,104900,2298511.75
2021-12-20,22.30,22.30,21.88,22.10,79300,1754351.38
2021-12-21,22.02,22.26,21.45,21.51,159200,3461378.25
2021-12-22,21.53,21.91,21.32,21.70,144000,3106497.50
2021-12-23,21.54,21.87,21.54,21.75,70200,1526940.63
2021-12-24,21.75,21.81,20.83,20.97,243100,5174285.00
2021-12-27,21.21,21.21,20.86,20.99,183200,3836166.75
2021-12-28,21.00,21.59,20.74,21.54,163600,3458513.25
2021-12-29,21.65,22.80,21.50,22.70,436000,9780548.00
2021-12-30,22.31,27.46,22.31,26.59,2129000,54468160.00
2021-12-31,26.33,26.94,24.00,25.31,1470200,37643072.00
2022-01-04,24.68,25.42,23.52,23.89,708900,17112834.00
2022-01-05,24.17,24.20,23.02,23.62,350600,8270772.50
2022-01-06,23.86,23.98,23.16,23.94,160400,3800079.50
2022-01-07,24.07,24.07,23.25,23.37,145000,3412860.25
2022-01-10,24.00,24.00,23.28,23.99,143664,3412520.50
2022-01-11,23.51,23.87,23.15,23.20,144622,3404513.25
2022-01-12,23.27,23.68,23.23,23.33,132192,3085829.75
2022-01-13,23.70,23.70,23.15,23.34,103341,2401846.75
2022-01-14,23.56,24.39,23.30,23.66,244097,5800200.00
2022-01-17,23.73,23.75,22.80,23.65,240420,5585722.00
2022-01-18,23.64,23.64,23.07,23.17,154877,3605403.75
2022-01-19,23.46,23.46,23.01,23.16,85983,1986573.25
2022-01-20,22.91,24.24,22.91,23.66,254731,6013178.00
2022-01-21,23.38,23.70,23.17,23.40,126868,2985503.25
2022-01-24,23.04,23.30,22.66,23.10,167878,3840847.00
2022-01-25,22.71,23.20,22.66,22.70,80447,1836513.13
2022-01-26,22.56,22.85,22.49,22.54,31037,700016.06
2022-01-27,22.40,22.40,21.30,21.30,111270,2424048.50
2022-01-28,22.23,22.23,21.31,21.78,32336,699169.63
2022-02-07,21.78,22.13,21.38,21.76,56815,1235467.25
2022-02-08,21.45,21.74,21.15,21.33,156632,3339556.25
2022-02-09,21.30,21.42,21.11,21.30,84723,1797184.50
2022-02-10,21.30,21.30,20.81,20.96,96435,2022062.88
2022-02-11,20.70,20.88,19.14,19.22,250409,5010209.50
2022-02-14,19.23,19.85,19.23,19.38,118739,2299773.50
2022-02-15,19.95,19.95,19.31,19.39,43256,842812.94
2022-02-16,19.46,19.59,19.20,19.31,65350,1262297.25
2022-02-17,19.31,19.49,18.92,19.27,110151,2104904.50
2022-02-18,19.24,19.24,19.06,19.22,33816,647520.44
2022-02-21,19.55,19.58,19.09,19.11,61258,1176751.38
2022-02-22,19.13,19.25,18.90,19.14,41976,796771.25
2022-02-23,19.02,19.35,19.02,19.20,68731,1317980.38
2022-02-24,19.12,19.24,18.61,18.63,94150,1779864.75
2022-02-25,19.00,19.10,18.38,18.66,117429,2189373.75
2022-02-28,18.85,18.85,17.20,17.47,195240,3483784.25
2022-03-01,17.35,17.35,17.13,17.18,145885,2517756.75
2022-03-02,17.15,17.27,17.13,17.15,30751,528979.63
2022-03-03,17.17,17.70,17.17,17.60,62852,1104432.38
2022-03-04,17.60,17.79,17.20,17.24,90817,1585912.25
2022-03-07,17.05,17.68,16.66,16.92,53347,905462.00
2022-03-08,17.42,17.46,16.32,16.41,61329,1021464.38
2022-03-09,16.40,16.83,15.11,15.60,112446,1799787.13
2022-03-10,15.75,16.47,15.75,15.98,86087,1385153.63
2022-03-11,15.94,15.94,15.22,15.85,91977,1413437.00
2022-03-14,15.84,15.84,15.23,15.23,98886,1523272.25
2022-03-15,15.23,15.23,14.00,14.00,157697,2323585.00
2022-03-16,14.86,14.90,14.26,14.68,128130,1871408.88
2022-03-17,14.89,16.47,14.76,15.55,116119,1821927.13
2022-03-18,15.34,15.71,15.34,15.70,46186,715193.56
2022-03-21,15.87,16.12,15.55,15.73,56165,887263.75
2022-03-22,15.75,16.31,15.61,16.08,63841,1018996.56
2022-03-23,16.00,16.65,16.00,16.65,105037,1722660.50
2022-03-24,16.70,16.88,16.57,16.64,68179,1136938.13
2022-03-25,16.79,16.98,16.59,16.59,55861,936081.75
2022-03-28,16.08,16.79,15.81,15.87,43824,708758.25
2022-03-29,15.91,15.95,15.05,15.67,143834,2230986.25
2022-03-30,15.54,15.61,15.19,15.61,34384,531207.56
2022-03-31,15.56,15.66,15.46,15.64,33163,516717.25
2022-04-01,15.63,16.20,15.63,16.05,78516,1250835.50
2022-04-06,16.70,16.70,16.05,16.20,38016,617134.38
2022-04-07,15.60,16.23,15.60,16.00,16186,257765.30
2022-04-08,15.56,16.08,15.56,15.77,27675,439822.84
2022-04-11,16.20,16.20,15.25,15.33,18547,286697.72
2022-04-12,15.30,15.84,15.21,15.26,25522,390025.47
2022-04-13,15.26,15.88,15.26,15.59,54840,853969.00
2022-04-14,16.11,16.24,15.23,15.37,41600,645336.00
2022-04-15,15.23,15.50,15.22,15.48,42136,646383.69
2022-04-18,15.23,15.46,15.23,15.32,6800,104468.00
2022-04-19,15.33,15.50,15.33,15.45,24177,372249.19
2022-04-20,16.28,16.28,15.21,15.32,6300,97249.00
2022-04-21,15.32,15.71,15.05,15.05,40777,624911.88
2022-04-22,15.05,15.28,14.81,15.06,49183,734478.13
2022-04-25,15.06,15.25,14.00,14.02,72051,1027733.38
2022-04-26,14.05,14.37,13.70,14.18,84757,1183817.25
2022-04-27,14.12,15.94,13.74,15.37,206835,3071615.75
2022-04-28,15.37,15.57,15.21,15.54,30704,472354.88
2022-04-29,15.69,15.70,15.33,15.69,15781,245321.80
2022-05-05,16.14,16.33,14.97,16.33,215760,3455191.00
2022-05-06,16.15,16.30,16.07,16.25,28703,464867.75
2022-05-09,16.47,16.47,15.64,16.18,25172,404755.78
2022-05-10,16.15,16.43,15.92,16.25,40038,651207.25
2022-05-11,16.26,17.50,16.25,17.00,212298,3567261.75
2022-05-12,16.98,17.00,16.80,16.94,27487,465239.56
2022-05-13,17.25,17.25,16.61,17.00,63051,1067357.50
2022-05-16,17.35,17.35,16.43,17.01,63255,1071565.88
2022-05-17,17.22,17.23,16.72,16.93,17550,296921.44
2022-05-18,16.98,16.98,16.12,16.45,47042,776630.63
2022-05-19,16.18,16.55,16.18,16.46,34741,571798.13
2022-05-20,16.47,16.60,16.39,16.48,3061,50426.00
2022-05-23,16.30,16.67,16.30,16.50,30036,494807.50
2022-05-24,16.30,16.58,16.29,16.35,34429,563901.63
2022-05-25,15.72,16.37,15.72,16.11,17077,276398.13
2022-05-26,16.61,16.61,16.05,16.11,10145,163907.48
2022-05-27,16.59,16.59,15.94,16.15,10910,177269.30
2022-05-30,15.93,16.29,15.92,15.96,18451,296217.63
2022-05-31,16.00,16.11,16.00,16.02,27973,448949.69
2022-06-01,16.15,16.53,16.05,16.16,26231,424035.38
2022-06-02,16.19,16.19,15.64,15.72,41071,653073.38
2022-06-06,16.23,16.23,15.93,15.93,30594,491091.81
2022-06-07,15.99,15.99,15.81,15.90,18272,289813.22
2022-06-08,16.15,16.15,15.88,16.13,34996,562735.00
2022-06-09,16.49,16.49,15.65,16.09,19918,319210.94
2022-06-10,15.86,16.20,15.86,16.06,14327,230241.22
2022-06-13,15.80,16.45,15.80,16.12,15070,242621.84
2022-06-14,15.86,16.05,15.77,16.05,36366,578677.13
2022-06-15,15.88,16.08,15.85,16.08,25347,403277.75
2022-06-16,15.82,16.11,15.80,15.96,13961,222969.00
2022-06-17,15.85,16.00,15.80,15.86,36792,584251.50
2022-06-20,15.81,16.10,15.80,15.89,25008,398336.84
2022-06-21,15.88,16.04,15.88,16.03,26729,426706.22
2022-06-22,15.90,16.69,15.89,16.48,94594,1555919.13
2022-06-23,16.57,16.57,16.32,16.38,17513,286144.81
2022-06-24,16.31,16.42,15.50,16.29,74259,1189898.50
2022-06-27,16.24,16.55,15.80,16.47,116956,1887104.50
2022-06-28,16.08,16.69,16.08,16.65,50522,835021.38
2022-06-29,16.72,16.83,16.34,16.46,70242,1162943.88
2022-06-30,16.26,16.60,16.25,16.43,22310,368703.19
2022-07-01,16.43,16.88,16.43,16.54,59259,986034.88
2022-07-04,16.60,16.60,16.31,16.56,47867,787285.00
2022-07-05,16.76,16.83,16.45,16.53,75424,1244971.75
2022-07-06,16.51,16.51,16.41,16.50,18149,298280.19
2022-07-07,16.26,16.40,16.26,16.31,25962,423004.63
2022-07-08,16.39,16.45,16.32,16.33,13855,226961.91
2022-07-11,16.33,16.45,16.02,16.29,64997,1066498.38
2022-07-12,16.09,16.14,16.06,16.09,20071,322957.03
2022-07-13,15.26,16.12,15.23,16.10,6371,101154.86
2022-07-14,15.87,16.08,15.87,16.01,16556,265213.84
2022-07-15,15.82,16.00,15.82,15.92,2442,38902.80
2022-07-18,15.66,15.96,15.66,15.96,12617,199451.59
2022-07-19,15.95,15.95,15.83,15.89,4978,78962.74
2022-07-20,15.89,16.26,15.89,16.05,20381,325901.38
2022-07-21,16.05,16.05,15.83,15.84,17810,283917.41
2022-07-22,15.84,16.30,15.72,15.95,25483,407195.66
2022-07-25,15.95,16.05,15.95,16.03,26800,429396.72
2022-07-26,16.08,16.17,15.96,16.13,18316,294104.22
2022-07-27,16.22,16.23,16.05,16.10,50616,818599.31
2022-07-28,16.06,16.10,15.90,16.10,21204,339278.91
2022-07-29,16.09,16.13,15.95,16.10,16374,263312.22
2022-08-01,16.25,16.25,16.08,16.08,8940,144197.20
2022-08-02,16.02,16.02,15.63,15.66,37123,585799.94
2022-08-03,15.72,15.88,15.60,15.60,48643,764542.56
2022-08-04,15.70,15.78,15.60,15.78,13810,215857.02
2022-08-05,15.90,15.99,15.88,15.88,15200,241937.81
2022-08-08,15.80,16.10,15.80,16.05,21722,344795.19
2022-08-09,16.05,16.05,15.76,16.03,21239,335696.25
2022-08-10,15.81,16.03,15.75,16.01,16300,258414.31
2022-08-11,16.05,16.13,16.01,16.07,19669,316010.66
2022-08-12,16.10,16.25,16.05,16.25,14402,232600.94
2022-08-15,15.41,16.19,15.18,16.00,10900,173068.00
2022-08-16,15.81,15.91,15.80,15.90,16131,256181.80
2022-08-17,16.19,16.19,15.85,16.00,23405,372849.00
2022-08-18,15.50,16.28,15.50,16.07,25207,404867.00
2022-08-19,15.72,16.23,15.72,16.18,28545,461121.28
2022-08-22,16.26,16.45,16.06,16.35,53969,879114.13
2022-08-23,16.33,17.88,16.33,16.99,285790,4834962.50
2022-08-24,17.13,17.14,16.55,16.74,44352,741794.56
2022-08-25,16.36,16.79,16.25,16.36,25977,427671.38
2022-08-26,16.37,16.58,16.35,16.35,7400,121392.00
2022-08-29,16.17,16.21,15.96,16.06,39492,635691.31
2022-08-30,15.83,16.28,15.83,16.26,9543,151841.73
2022-08-31,15.90,16.17,15.90,15.97,7075,112824.25
2022-09-01,15.90,15.91,15.87,15.90,7859,124897.10
2022-09-02,15.51,16.48,15.51,16.09,5868,94147.28
2022-09-05,16.26,16.41,16.03,16.03,6502,104946.60
2022-09-06,16.03,16.03,15.90,15.92,7141,113735.00
2022-09-07,16.03,16.05,15.91,16.02,4750,75787.50
2022-09-08,16.00,16.03,15.90,15.92,4134,66001.59
2022-09-09,15.89,15.92,15.68,15.87,2050,32486.00
2022-09-13,15.90,16.00,15.71,15.99,12664,201857.94
2022-09-14,15.87,15.97,15.82,15.87,19650,311688.38
2022-09-15,15.87,15.95,15.72,15.81,17950,283355.50
2022-09-16,16.40,16.44,15.90,15.95,41902,677378.81
2022-09-19,15.95,16.35,15.65,15.75,30369,486057.44
2022-09-20,15.75,15.99,15.75,15.95,37112,587578.13
2022-09-21,15.95,17.00,15.90,16.55,247570,4102439.00
2022-09-22,16.60,17.23,16.33,16.90,434690,7345947.50
2022-09-23,16.96,17.01,15.70,15.95,258476,4154169.00
2022-09-26,16.33,16.33,15.36,15.78,59675,946319.94
2022-09-27,15.34,15.85,15.34,15.69,45499,707506.44
2022-09-28,15.73,15.73,14.80,14.85,110234,1675358.38
2022-09-29,14.85,15.08,14.51,14.70,59936,888139.06
2022-09-30,14.70,15.23,14.70,14.95,70566,1050990.88
2022-10-10,14.38,15.27,14.38,15.16,37349,567622.13
2022-10-11,15.26,15.53,15.13,15.36,20874,320037.94
2022-10-12,15.35,15.35,14.83,15.26,41399,618181.38
2022-10-13,15.22,15.22,14.77,15.20,21894,331747.81
2022-10-14,15.08,16.50,14.88,16.11,227413,3629842.75
2022-10-17,15.99,16.20,15.60,16.03,124146,1980107.25
2022-10-18,15.71,15.89,15.58,15.62,150391,2356234.25
2022-10-19,15.95,16.06,15.54,15.76,115792,1820351.50
2022-10-20,15.40,15.76,15.40,15.56,56284,880089.19
2022-10-21,15.81,15.81,15.48,15.70,34434,535660.88
2022-10-24,15.74,15.74,15.35,15.43,33425,517217.31
2022-10-25,15.72,15.72,15.37,15.37,29909,461777.69
2022-10-26,15.37,15.66,15.28,15.66,80137,1241391.50
2022-10-27,15.45,15.53,15.27,15.46,38787,597207.38
2022-10-28,16.15,16.15,15.01,15.25,24309,372009.81
2022-10-31,14.95,15.58,14.95,15.31,39354,602458.25
2022-11-01,15.18,15.56,15.16,15.56,26595,410368.19
2022-11-02,15.63,15.68,15.50,15.62,46604,727233.69
2022-11-03,15.50,15.62,15.00,15.20,138212,2103884.75
2022-11-04,15.20,15.38,14.97,15.28,97852,1479186.38
2022-11-07,15.20,15.45,15.18,15.37,47104,720503.56
2022-11-08,15.44,15.44,15.25,15.40,28337,435290.88
2022-11-09,15.30,15.42,15.29,15.31,41617,637971.13
2022-11-10,15.13,15.40,15.05,15.26,58252,884061.44
2022-11-11,15.39,15.40,15.13,15.26,56208,857611.38
2022-11-14,15.26,15.36,15.23,15.27,46916,716543.88
2022-11-15,15.28,15.34,15.13,15.16,256215,3831219.50
2022-11-16,15.28,15.86,15.17,15.67,293295,4512647.50
2022-11-17,15.62,15.62,15.30,15.35,165364,2545111.75
2022-11-18,15.33,15.39,15.20,15.26,61388,938532.19
2022-11-21,15.51,15.76,15.47,15.60,207610,3179334.00
2022-11-22,15.50,15.58,15.09,15.29,125990,1939669.13
2022-11-23,15.30,15.30,15.06,15.18,94596,1430606.88
2022-11-24,15.17,15.18,15.10,15.18,131679,1959900.88
2022-11-25,15.10,15.17,15.04,15.05,46709,704512.63
2022-11-28,15.17,15.17,14.83,14.99,90251,1350136.00
2022-11-29,14.97,15.09,14.97,15.04,68868,1034488.94
2022-11-30,15.12,15.23,15.01,15.06,42763,646265.38
2022-12-01,15.20,15.20,15.06,15.13,65806,994075.63
2022-12-02,15.13,15.14,15.02,15.10,120466,1785867.00
2022-12-05,15.02,15.05,14.80,14.87,198215,2931423.50
2022-12-06,14.87,14.94,14.81,14.81,34275,509211.44
2022-12-07,14.77,14.82,14.77,14.79,41793,618667.88
2022-12-08,14.73,14.88,14.73,14.81,25882,382667.44
2022-12-09,14.76,14.98,14.75,14.98,33391,496050.88
2022-12-12,14.85,14.97,14.61,14.94,21392,317762.09
2022-12-13,14.80,14.89,14.72,14.81,40607,601039.13
2022-12-14,14.74,14.84,14.62,14.65,67548,991436.13
2022-12-15,14.63,14.63,14.53,14.55,56277,819840.31
2022-12-16,14.51,14.60,14.48,14.48,20082,291422.63
2022-12-19,14.85,14.85,14.20,14.20,50060,717549.69
2022-12-20,14.21,14.46,14.21,14.25,10410,148931.52
2022-12-21,14.25,14.62,14.25,14.39,84521,1218474.75
2022-12-22,14.26,14.46,14.26,14.33,24341,349044.63
2022-12-23,14.31,14.31,14.20,14.27,19575,279125.06
2022-12-26,14.27,14.41,14.27,14.36,39009,558581.75
2022-12-27,14.34,14.47,14.30,14.31,85013,1218884.13
2022-12-28,14.30,14.30,14.16,14.20,8876,126129.40
2022-12-29,14.21,14.32,14.15,14.20,104668,1485128.75
2022-12-30,14.36,14.90,14.17,14.50,92283,1311792.25
2023-01-03,14.39,14.63,14.25,14.59,32649,473600.63
2023-01-04,14.70,14.71,14.52,14.60,33128,483758.13
2023-01-05,14.57,14.67,14.56,14.57,36832,536918.56
2023-01-06,14.57,14.68,14.32,14.49,68145,988145.81
2023-01-09,14.48,14.48,14.30,14.46,69691,1005024.50
2023-01-10,14.45,14.80,14.45,14.51,24692,359650.91
2023-01-11,14.51,14.66,14.46,14.59,59887,872150.81
2023-01-12,14.52,14.65,14.47,14.48,19866,288280.94
2023-01-13,14.46,14.57,14.45,14.50,10955,158530.41
2023-01-16,14.44,14.65,14.44,14.65,21985,320320.88
2023-01-17,14.49,14.65,14.49,14.63,12454,181798.58
2023-01-18,14.51,14.75,14.51,14.71,40924,599451.63
2023-01-19,14.61,14.80,14.58,14.63,40258,591262.94
2023-01-20,14.52,14.71,14.52,14.71,25020,366719.28
2023-01-30,14.69,14.95,14.69,14.70,47340,700200.50
2023-01-31,14.61,15.30,14.61,15.30,170649,2572692.25
2023-02-01,15.21,15.36,15.00,15.19,147014,2228790.00
2023-02-02,15.02,15.13,14.84,15.05,159093,2383539.75
2023-02-03,14.93,15.10,14.86,15.04,77610,1162691.38
2023-02-06,15.00,15.24,15.00,15.01,107863,1632912.00
2023-02-07,15.02,15.20,14.82,15.01,64888,971208.38
2023-02-08,14.91,15.33,14.91,15.22,168464,2555693.50
2023-02-09,15.24,15.45,15.24,15.45,217878,3346139.75
2023-02-10,15.45,15.47,15.31,15.40,176343,2708609.75
2023-02-13,15.40,15.65,15.39,15.60,145979,2258389.75
2023-02-14,15.64,15.68,15.25,15.50,62370,967525.31
2023-02-15,15.50,15.59,15.40,15.49,118762,1778807.00
2023-02-16,15.22,15.42,15.11,15.13,59043,902652.00
2023-02-17,15.13,15.20,15.05,15.12,62592,945410.44
2023-02-20,15.48,15.48,15.14,15.22,135383,2001068.00
2023-02-21,15.16,15.16,15.05,15.07,88948,1341515.75
2023-02-22,15.04,15.10,14.89,15.02,155180,2278650.50
2023-02-23,15.04,15.28,14.83,14.88,119408,1783521.25
2023-02-24,14.88,15.03,14.84,15.03,44767,668695.00
2023-02-27,15.09,15.24,15.00,15.22,121862,1784493.88
2023-02-28,15.10,15.23,15.03,15.16,115660,1751451.88
2023-03-01,15.18,15.34,15.16,15.31,60857,930222.88
2023-03-02,15.23,15.39,15.23,15.39,62446,958359.88
2023-03-03,15.39,15.40,15.25,15.30,130544,1938800.75
2023-03-06,15.28,15.30,15.23,15.23,53089,811221.81
2023-03-07,15.27,15.29,15.03,15.20,68113,1036834.13
2023-03-08,14.63,15.35,14.63,15.17,181510,2678833.00
2023-03-09,14.96,15.18,14.96,15.10,31463,475991.19
2023-03-10,15.14,15.15,14.36,14.78,86786,1288149.63
2023-03-13,14.78,14.80,14.48,14.48,54024,787385.13
2023-03-14,14.49,14.56,14.40,14.48,27370,395806.31
2023-03-15,14.40,14.69,14.38,14.56,17300,250227.77
2023-03-16,14.42,14.60,14.31,14.48,51141,736859.06
2023-03-17,14.36,14.58,14.35,14.47,36516,526173.00
2023-03-20,14.67,14.67,14.30,14.50,23203,335323.28
2023-03-21,14.52,14.56,14.38,14.40,26802,387600.88
2023-03-22,14.64,14.80,14.61,14.79,61923,909997.25
2023-03-23,14.50,14.83,14.50,14.78,9000,132941.00
2023-03-24,14.83,14.87,14.71,14.82,18349,271814.13
2023-03-27,14.92,14.92,14.61,14.67,16218,238264.59
2023-03-28,14.73,14.73,14.53,14.68,3100,45142.00
2023-03-29,14.43,14.76,14.43,14.47,21486,311302.00
2023-03-30,14.37,14.48,14.31,14.45,51197,734137.44
2023-03-31,14.43,14.43,14.21,14.30,50924,729018.81
2023-04-03,14.31,14.43,14.20,14.20,46467,663667.81
2023-04-04,14.36,14.36,14.15,14.22,43345,616790.50
2023-04-06,14.21,14.32,14.17,14.30,51857,738654.06
2023-04-07,14.32,14.48,14.21,14.31,63798,913813.50
2023-04-10,14.35,14.38,14.28,14.30,25896,370700.56
2023-04-11,14.32,14.32,14.15,14.28,51130,725933.63
2023-04-12,14.23,14.29,14.17,14.27,10105,143691.00
2023-04-13,14.30,14.30,14.23,14.29,6790,96921.70
2023-04-14,14.30,14.36,14.16,14.36,11320,161986.27
2023-04-17,14.28,14.37,14.20,14.36,24200,345601.00
2023-04-18,14.65,14.88,14.38,14.84,374847,5483780.00
2023-04-19,14.97,15.40,14.66,15.06,197726,2965578.00
2023-04-20,15.35,15.35,14.73,14.90,103852,1545424.13
2023-04-21,14.81,14.93,14.67,14.80,32812,484333.75
2023-04-24,14.98,15.11,14.70,15.00,84843,1273432.63
2023-04-25,15.01,15.04,14.85,14.98,60295,900518.13
2023-04-26,15.52,15.52,14.56,14.99,42268,639549.56
2023-04-27,14.99,15.33,14.86,15.28,44834,678977.44
2023-04-28,15.38,16.50,15.38,16.27,467455,7598024.50
2023-05-04,16.27,20.03,16.27,20.03,1638430,30312636.00
2023-05-05,20.05,24.50,20.05,23.16,3102218,70682568.00
2023-05-08,22.00,22.00,20.00,21.02,1980460,41209356.00
2023-05-09,20.49,21.75,19.71,19.78,1380029,28333088.00
2023-05-10,19.35,19.73,18.30,18.51,894628,16818850.00
2023-05-11,18.58,20.07,17.90,19.71,1067706,20252492.00
2023-05-12,19.74,19.96,19.04,19.20,532584,10347338.00
2023-05-15,19.38,21.23,19.10,21.15,797921,16136691.00
2023-05-16,20.72,21.75,20.36,20.70,384706,8006269.00
2023-05-17,20.70,22.50,20.21,21.58,733565,15734210.00
2023-05-18,21.21,22.29,21.06,21.58,637818,13873408.00
2023-05-19,21.60,21.80,20.20,20.88,396636,8369097.50
2023-05-22,20.76,21.70,20.58,21.28,315342,6700256.00
2023-05-23,21.04,22.55,21.04,22.20,404024,8856947.00
2023-05-24,22.06,22.14,21.25,21.75,243606,5243050.50
2023-05-25,21.78,21.78,20.15,20.83,380058,7909178.50
2023-05-26,20.36,21.10,20.01,20.66,242099,4944870.50
2023-05-29,20.96,20.96,20.27,20.41,205098,4206651.00
2023-05-30,20.41,20.41,19.40,19.60,316972,6267042.00
2023-05-31,19.47,19.68,19.22,19.65,208428,4054735.00
2023-06-01,19.66,19.66,19.25,19.48,95033,1841759.50
2023-06-02,19.49,20.20,19.33,20.00,157526,3102019.00
2023-06-05,20.00,20.58,20.00,20.44,246652,5012825.00
2023-06-06,20.10,20.61,19.23,20.10,141238,2812522.00
2023-06-07,20.28,20.32,19.49,19.84,71297,1406827.63
2023-06-08,19.51,19.62,18.36,18.62,382792,7163615.50
2023-06-09,18.37,19.00,18.25,19.00,112855,2094080.25
2023-06-12,19.09,19.20,18.60,18.95,27384,511395.56
2023-06-13,18.46,18.75,18.44,18.75,71940,1340409.75
2023-06-14,18.73,18.73,18.36,18.63,87273,1624446.63
2023-06-15,18.64,18.66,18.38,18.46,49496,915682.88
2023-06-16,18.86,18.86,18.44,18.57,60309,1121588.25
2023-06-19,18.33,18.69,18.26,18.27,47785,875264.75
2023-06-20,18.27,18.38,18.08,18.17,116376,2118760.50
2023-06-21,18.05,19.80,18.00,19.32,360600,6866549.00
2023-06-26,19.17,19.58,18.94,19.27,183603,3542382.25
2023-06-27,18.91,19.29,18.87,19.20,67157,1279506.50
2023-06-28,19.26,19.27,18.75,19.12,101689,1927177.38
2023-06-29,18.86,19.19,18.86,19.15,106092,2027909.88
2023-06-30,9.23,9.60,9.23,9.48,178097,1697751.25
2023-07-03,9.22,9.56,9.22,9.49,188130,1779888.13
2023-07-04,9.32,9.53,9.32,9.53,194709,1845381.75
2023-07-05,9.53,9.56,9.35,9.53,318846,3008578.25
2023-07-06,9.41,9.53,9.34,9.47,191875,1807865.75
2023-07-07,9.47,9.52,9.20,9.51,363074,3407305.50
2023-07-10,9.37,9.53,9.17,9.53,207580,1951307.63
2023-07-11,9.50,9.57,9.36,9.55,316596,2994871.50
2023-07-12,9.46,10.20,9.45,9.68,855574,8317463.00
2023-07-13,9.67,9.67,9.41,9.57,431194,4089051.00
2023-07-14,9.48,9.60,9.33,9.60,289011,2736913.75
2023-07-17,9.43,9.67,9.42,9.67,224881,2143667.75
2023-07-18,9.55,9.82,9.50,9.75,384206,3741365.25
2023-07-19,9.75,9.75,9.58,9.75,338876,3272840.50
2023-07-20,9.59,9.62,9.31,9.49,408063,3872281.50
2023-07-21,9.44,9.49,9.38,9.46,63038,595453.50
2023-07-24,9.38,9.46,9.17,9.34,113269,1055746.38
2023-07-25,9.40,9.48,9.37,9.40,87071,820619.81
2023-07-26,9.34,9.40,9.14,9.29,184601,1706070.25
2023-07-27,9.18,9.27,9.09,9.21,63269,579267.31
2023-07-28,9.22,9.22,8.96,9.14,119123,1078411.25
2023-07-31,9.15,9.21,9.01,9.11,82959,752904.00
2023-08-01,9.16,9.24,9.01,9.12,145318,1324755.75
2023-08-02,9.10,9.15,9.03,9.04,65060,590678.56
2023-08-03,9.10,9.10,9.02,9.10,55346,502648.09
2023-08-04,9.19,9.19,8.98,9.07,72584,655296.13
2023-08-07,9.10,9.10,8.80,8.90,90257,801799.50
2023-08-08,8.91,8.91,8.66,8.86,150547,1317809.00
2023-08-09,8.74,8.80,8.67,8.79,118960,1040739.00
2023-08-10,8.73,8.80,8.61,8.80,83978,727949.94
2023-08-11,8.62,8.80,8.57,8.57,101975,883876.31
2023-08-14,8.58,8.58,8.36,8.49,163791,1380002.88
2023-08-15,8.45,8.50,8.30,8.50,68910,583131.06
2023-08-16,8.40,8.49,8.32,8.32,107669,904466.75
2023-08-17,8.22,8.45,8.21,8.34,86609,720173.38
2023-08-18,8.38,8.40,8.32,8.40,89316,746680.69
2023-08-21,8.48,8.48,8.30,8.37,57877,482915.63
2023-08-22,8.36,8.48,8.33,8.48,99205,834888.38
2023-08-23,8.36,8.63,8.33,8.58,117191,998396.81
2023-08-24,8.58,8.77,8.51,8.65,148821,1283871.25
2023-08-25,8.47,8.64,8.31,8.51,191441,1619285.88
2023-08-28,8.60,8.90,8.00,8.51,452651,3761092.25
2023-08-29,8.31,8.61,8.26,8.61,191337,1629407.13
2023-08-30,8.30,8.38,7.60,8.20,673286,5351278.00
2023-08-31,8.09,8.09,7.80,7.91,183499,1443386.13
2023-09-01,7.92,8.07,7.83,8.04,218725,1745240.63
2023-09-04,8.21,8.86,8.10,8.70,782528,6510890.50
2023-09-05,8.61,9.20,8.32,9.18,888962,7723692.00
2023-09-06,8.86,9.03,8.60,8.97,248144,2204872.75
2023-09-07,9.05,9.16,8.80,9.16,320477,2894828.25
2023-09-08,9.18,9.50,9.07,9.40,1969299,18301130.00
2023-09-11,9.50,9.50,8.60,8.90,419987,3790789.75
2023-09-12,8.81,8.91,8.63,8.72,331607,2916097.75
2023-09-13,8.72,8.72,8.20,8.42,473237,3971478.00
2023-09-14,8.42,8.75,8.31,8.75,379479,3235033.25
2023-09-15,8.73,8.95,8.63,8.94,439203,3890868.50
2023-09-18,8.94,9.09,8.79,8.79,144014,1286158.25
2023-09-19,8.52,9.13,8.52,9.07,366525,3284852.25
2023-09-20,9.03,9.20,9.01,9.20,293363,2685590.75
2023-09-21,9.21,9.29,9.16,9.17,181101,1673980.00
2023-09-22,9.17,9.47,9.05,9.44,445906,4150076.25
2023-09-25,9.47,9.50,9.29,9.49,354853,3354807.75
2023-09-26,9.36,9.47,9.36,9.39,99901,940770.63
2023-09-27,9.49,9.96,9.41,9.90,895996,8662658.00
2023-09-28,9.99,10.68,9.85,10.68,1334462,13490416.00
2023-10-09,10.72,10.75,10.06,10.50,1406590,14556330.00
2023-10-10,10.32,10.59,10.15,10.57,515634,5336841.50
2023-10-11,10.54,10.54,10.07,10.22,357688,3677386.00
2023-10-12,10.11,10.40,9.97,10.38,228952,2347199.75
2023-10-13,10.26,10.45,10.20,10.45,390807,4049104.25
2023-10-16,10.39,10.39,10.04,10.24,349345,3561222.25
2023-10-17,10.33,10.37,10.04,10.25,296833,3047124.75
2023-10-18,10.24,10.24,9.90,10.22,594502,5993133.00
2023-10-19,10.11,10.20,9.88,10.20,407995,4104438.75
2023-10-20,10.09,10.80,9.97,10.80,563932,5819843.00
2023-10-23,10.50,10.50,9.90,10.11,267901,2721178.75
2023-10-24,9.99,10.09,9.87,10.02,176591,1766150.88
2023-10-25,10.01,10.01,9.90,9.90,57133,568191.69
2023-10-26,9.90,10.10,9.36,10.10,328439,3251653.75
2023-10-27,10.12,10.12,9.89,9.93,61979,618408.25
2023-10-30,9.86,9.99,9.79,9.82,269912,2662930.75
2023-10-31,9.82,9.82,9.41,9.42,267577,2565861.25
2023-11-01,9.36,9.77,9.33,9.59,409366,3915004.25
2023-11-02,9.48,9.69,9.31,9.69,373409,3590538.00
2023-11-03,9.49,10.18,9.48,9.92,366974,3594979.25
2023-11-06,10.05,10.18,9.73,10.13,523718,5214767.50
2023-11-07,10.00,10.17,9.72,9.72,130860,1283058.50
2023-11-08,9.75,10.65,9.60,9.83,1115196,11154211.00
2023-11-09,9.83,10.04,9.62,9.98,473442,4699943.50
2023-11-10,9.89,10.26,9.70,10.14,315513,3139840.00
2023-11-13,10.01,10.01,9.64,9.91,499059,4867264.50
2023-11-14,9.83,10.01,9.83,9.92,185947,1844169.88
2023-11-15,10.03,10.03,9.75,9.92,549860,5404372.50
2023-11-16,9.81,9.94,9.70,9.90,229610,2250071.75
2023-11-17,9.73,9.99,9.70,9.99,436905,4300949.00
2023-11-20,9.97,10.28,9.88,10.09,589887,5944274.00
2023-11-21,10.05,10.91,10.00,10.23,5875082,61319680.00
2023-11-22,10.14,11.10,9.91,11.10,5264678,55296212.00
2023-11-23,10.80,11.75,10.50,10.84,5471428,60691064.00
2023-11-24,10.91,13.30,10.69,12.76,7670817,91948232.00
2023-11-27,12.20,14.77,12.20,14.37,10751749,145641664.00
2023-11-28,13.11,13.91,12.53,12.80,5827956,77151752.00
2023-11-29,12.78,13.20,11.13,11.87,4826333,58225868.00
2023-11-30,11.72,12.25,11.41,12.05,1827528,21505552.00
2023-12-01,12.03,12.25,11.15,11.77,2144121,24947200.00
2023-12-04,11.40,11.80,11.40,11.71,1319531,15298208.00
2023-12-05,11.69,12.60,11.52,12.36,4532301,55280352.00
2023-12-06,12.26,12.42,11.77,11.90,2736904,32770992.00
2023-12-07,11.73,12.23,11.73,12.00,1864684,22407654.00
2023-12-08,12.06,12.27,11.92,12.13,1869750,22713668.00
2023-12-11,12.25,12.25,11.17,11.75,2030903,23372702.00
2023-12-12,11.57,11.98,11.40,11.71,985528,11488112.00
2023-12-13,11.63,12.30,11.50,12.05,3646376,43496656.00
2023-12-14,12.00,12.48,11.86,12.14,3297282,40226376.00
2023-12-15,12.12,12.42,11.90,12.18,1703609,20705454.00
2023-12-18,12.18,12.99,12.16,12.86,3350104,42360604.00
2023-12-19,12.99,13.10,12.29,12.48,1693957,21270068.00
2023-12-20,12.38,13.18,12.34,12.84,2587501,33169932.00
2023-12-21,12.97,12.97,11.00,11.98,3308872,39862128.00
2023-12-22,11.49,12.08,11.39,12.08,1561743,18410874.00
2023-12-25,12.07,12.29,12.06,12.18,1309535,15936949.00
2023-12-26,12.01,12.28,11.20,12.04,1911073,22798012.00
2023-12-27,11.90,11.99,11.55,11.86,941680,11121940.00
2023-12-28,11.90,11.95,11.66,11.93,1316492,15543477.00
2023-12-29,11.89,12.50,11.75,12.40,1818345,21949292.00
2024-01-02,12.38,12.76,12.27,12.56,2597024,32520250.00
2024-01-03,12.56,13.12,12.45,12.93,3917819,50491368.00
2024-01-04,12.75,14.84,12.61,13.99,7284987,101250616.00
2024-01-05,13.80,13.80,12.94,12.98,4558674,60820592.00
2024-01-08,13.50,14.50,13.13,13.97,7690709,106662120.00
2024-01-09,13.54,14.14,11.98,12.57,5731887,73995016.00
2024-01-10,12.10,12.56,11.73,12.02,3264369,39455756.00
2024-01-11,12.00,12.38,11.78,12.18,2086908,25140140.00
2024-01-12,12.08,12.15,10.50,10.83,3930660,44041336.00
2024-01-15,10.68,10.78,10.14,10.41,1538132,16036727.00
2024-01-16,10.53,11.00,10.14,10.90,2774268,29548322.00
2024-01-17,10.65,11.08,10.32,10.32,2085379,22349752.00
2024-01-18,10.38,10.79,10.08,10.78,2040140,21227998.00
2024-01-19,10.71,11.30,10.71,11.29,2687908,29730624.00
2024-01-22,11.01,11.17,10.31,11.00,1892293,20583946.00
2024-01-23,10.79,11.00,10.50,10.89,1252260,13601259.00
2024-01-24,10.93,11.10,10.41,11.10,1503663,16322356.00
2024-01-25,10.91,11.05,10.66,11.00,1326932,14430300.00
2024-01-26,10.91,11.16,10.72,10.99,810042,8880489.00
2024-01-29,11.05,11.05,9.95,10.44,1447524,14974445.00
2024-01-30,10.36,10.36,9.96,10.26,861241,8748258.00
2024-01-31,10.17,10.50,10.11,10.50,1087789,11210451.00
2024-02-01,10.54,10.54,9.28,10.13,1838637,18170988.00
2024-02-02,9.99,10.10,9.20,9.90,946111,9201333.00
2024-02-05,9.97,9.97,8.95,9.62,1041100,9814822.00
2024-02-06,9.46,10.48,9.20,10.41,1246993,12637298.00
2024-02-07,10.36,10.73,10.08,10.27,1289136,13395581.00
2024-02-08,10.19,10.66,9.81,10.64,1077653,11186559.00
2024-02-19,10.65,10.74,10.31,10.50,502902,5276610.50
2024-02-20,10.51,10.94,10.33,10.69,822517,8836717.00
2024-02-21,10.60,10.79,10.44,10.74,1161295,12346653.00
2024-02-22,10.51,10.73,10.43,10.56,692007,7294607.50
2024-02-23,10.54,10.54,10.15,10.45,779531,8052491.50
2024-02-26,10.33,10.45,10.25,10.27,458543,4739511.50
2024-02-27,10.09,10.50,10.00,10.46,958301,9944821.00
2024-02-28,10.46,10.62,10.22,10.47,1165349,12169961.00
2024-02-29,10.46,10.58,10.20,10.56,735984,7683289.00
2024-03-01,10.65,10.72,10.36,10.47,775090,8122412.00
2024-03-04,10.48,10.48,9.90,10.00,630050,6399439.00
2024-03-05,9.82,10.08,9.66,9.66,570067,5581761.50
2024-03-06,9.63,9.80,9.49,9.72,547205,5268377.00
2024-03-07,9.66,10.08,9.50,10.08,964295,9436520.00
2024-03-08,10.04,10.25,9.82,10.25,857869,8614833.00
2024-03-11,10.25,10.29,10.13,10.19,370060,3772336.25
2024-03-12,10.16,10.36,10.10,10.18,329314,3372697.75
2024-03-13,10.27,10.28,10.00,10.00,299301,3032242.75
2024-03-14,10.00,10.24,9.70,10.14,430711,4349357.00
2024-03-15,10.14,10.53,10.01,10.50,667169,6936190.50
2024-03-18,10.50,10.61,10.26,10.44,214667,2228802.75
2024-03-19,10.36,10.80,10.22,10.76,933395,9872376.00
2024-03-20,10.70,11.20,10.52,11.12,887670,9759143.00
2024-03-21,11.06,11.19,10.70,10.95,665341,7224271.00
2024-03-22,10.91,10.92,10.48,10.75,594897,6365952.00
2024-03-25,10.64,10.88,10.45,10.78,281389,3030268.00
2024-03-26,10.79,10.81,10.41,10.78,227608,2426272.50
2024-03-27,10.64,11.13,10.59,10.59,370705,4010452.25
2024-03-28,10.59,10.78,10.44,10.68,339408,3591790.50
2024-03-29,10.66,10.71,10.51,10.59,98771,1048427.31
2024-04-01,10.49,10.98,10.45,10.86,432904,4665226.00
2024-04-02,10.77,10.90,10.65,10.76,241279,2605889.50
2024-04-03,10.67,10.93,10.35,10.92,367425,3920190.00
2024-04-08,10.86,11.10,10.80,10.90,274126,3004584.25
2024-04-09,10.90,11.39,10.75,11.39,556281,6223476.50
2024-04-10,11.37,11.69,11.14,11.40,687375,7887552.50
2024-04-11,11.28,11.78,11.11,11.62,510468,5867727.00
2024-04-12,11.54,11.74,11.48,11.73,385942,4493083.00
2024-04-15,11.91,11.91,11.00,11.45,587472,6684619.50
2024-04-16,11.35,11.51,10.50,10.96,418521,4613451.00
2024-04-17,10.99,11.41,10.78,11.35,307298,3460631.25
2024-04-18,11.24,11.85,10.70,11.70,787162,9092412.00
2024-04-19,11.58,12.00,11.35,11.95,792385,9396007.00
2024-04-22,11.98,12.32,11.51,12.29,568808,6818265.50
2024-04-23,12.28,12.40,12.03,12.16,3021162,37058328.00
2024-04-24,12.29,12.50,11.75,12.50,983041,11905030.00
2024-04-25,12.43,12.79,12.20,12.78,585741,7354622.00
2024-04-26,12.77,12.90,12.40,12.80,736556,9361988.00
2024-04-29,12.68,12.68,12.10,12.50,1631306,20180994.00
2024-04-30,12.44,12.44,11.94,12.09,680170,8279443.00
2024-05-06,12.24,12.27,11.52,11.88,579990,6869190.00
2024-05-07,12.08,12.08,11.61,11.61,395580,4671441.00
2024-05-08,11.55,11.95,11.43,11.93,492105,5780976.50
2024-05-09,12.08,12.36,11.83,12.29,505425,6139153.00
2024-05-10,12.13,12.37,12.00,12.08,195156,2370636.75
2024-05-13,12.15,12.15,11.77,11.77,118308,1413725.75
2024-05-14,11.71,12.00,11.71,11.90,114922,1363136.00
2024-05-15,11.76,11.90,11.61,11.82,254208,3003640.50
2024-05-16,11.91,11.95,11.73,11.75,154713,1826905.38
2024-05-17,11.75,11.90,11.74,11.85,67373,795305.13
2024-05-20,11.79,12.20,11.60,11.95,277420,3291897.25
2024-05-21,11.84,11.95,11.69,11.79,149662,1767523.50
2024-05-22,11.84,12.06,11.75,11.93,168473,2001903.13
2024-05-23,11.85,12.29,11.77,12.14,399498,4815637.50
2024-05-24,12.23,12.23,11.90,11.96,169067,2032548.13
2024-05-27,11.83,12.09,11.69,11.98,126747,1503259.88
2024-05-28,11.93,11.96,11.71,11.90,130186,1538251.75
2024-05-29,11.87,11.91,11.73,11.79,76506,901219.75
2024-05-30,11.69,11.94,11.66,11.78,166467,1967272.50
2024-05-31,11.75,12.26,11.75,12.24,512633,6157732.50
2024-06-03,12.18,12.35,11.94,12.09,141267,1713336.50
2024-06-04,12.08,12.23,11.90,11.90,182967,2212337.50
2024-06-05,12.00,12.10,11.25,11.95,105617,1256749.75
2024-06-06,12.02,12.15,11.51,12.05,398603,4725408.00
2024-06-07,12.04,12.15,11.84,12.14,143082,1725766.75
2024-06-11,12.36,12.36,11.86,11.87,217032,2608573.00
2024-06-12,11.82,11.83,11.50,11.70,225750,2620759.25
2024-06-13,11.69,11.79,11.40,11.40,129406,1504742.88
2024-06-14,11.49,11.80,11.39,11.75,215374,2508737.75
2024-06-17,11.77,11.78,11.50,11.78,170301,1991218.75
2024-06-18,11.61,12.10,11.61,12.10,142222,1687383.50
2024-06-19,12.07,12.17,11.81,11.95,256460,3075493.25
2024-06-20,12.09,12.19,11.77,12.19,376087,4513652.00
2024-06-21,12.00,12.50,12.00,12.50,2893499,35393632.00
2024-06-24,12.50,12.65,11.74,12.20,661937,8150435.50
2024-06-25,12.04,12.14,11.70,11.90,283200,3364938.50
2024-06-26,11.73,12.02,11.70,11.90,244591,2894278.75
2024-06-27,11.78,11.81,11.47,11.65,385038,4481743.50
2024-06-28,11.60,11.77,11.51,11.57,205083,2382211.00
2024-07-01,11.52,11.75,11.34,11.49,172349,1989858.88
2024-07-02,11.49,11.60,11.16,11.33,129776,1480426.38
2024-07-03,11.25,11.57,10.53,10.96,277421,3045405.75
2024-07-04,10.95,10.95,10.50,10.54,349407,3717245.50
2024-07-05,10.64,11.40,10.33,11.11,416217,4486704.50
2024-07-08,10.96,11.11,10.71,11.11,184499,2013760.38
2024-07-09,11.33,11.40,10.78,11.40,727346,8055624.50
2024-07-10,11.21,11.60,11.05,11.60,693374,7881189.00
2024-07-11,11.56,11.70,11.42,11.66,197762,2292091.75
2024-07-12,11.61,11.80,11.55,11.69,177242,2071259.63
2024-07-15,11.47,11.62,11.22,11.44,236309,2686256.75
2024-07-16,11.24,11.55,11.15,11.41,413435,4671003.00
2024-07-17,11.12,11.99,11.12,11.99,1975102,23007262.00
2024-07-18,11.68,11.68,11.01,11.42,1158263,13049972.00
2024-07-19,11.31,11.65,11.10,11.59,910193,10405933.00
2024-07-22,11.50,11.50,11.26,11.38,407152,4618945.00
2024-07-23,11.24,11.37,11.11,11.32,256266,2885583.25
2024-07-24,11.18,11.18,10.81,11.09,222256,2445389.75
2024-07-25,11.00,11.00,10.61,10.88,280810,3005805.50
2024-07-26,10.79,11.09,10.69,11.09,199886,2184365.00
2024-07-29,10.96,10.99,10.83,10.84,214377,2335113.00
2024-07-30,10.84,10.98,10.69,10.86,145239,1568273.25
2024-07-31,10.80,11.08,10.80,11.08,438229,4768892.50
2024-08-01,11.06,11.07,10.82,10.85,185540,2021139.88
2024-08-02,10.77,10.97,10.75,10.82,144636,1568502.63
2024-08-05,10.80,10.82,10.29,10.64,280160,2956148.00
2024-08-06,10.61,10.80,10.52,10.64,416418,4404459.50
2024-08-07,10.66,10.70,10.48,10.48,232348,2458518.75
2024-08-08,10.33,10.35,10.14,10.26,274532,2812869.50
2024-08-09,10.43,10.43,10.13,10.26,233370,2391099.25
2024-08-12,10.14,10.26,9.94,10.22,128281,1299871.88
2024-08-13,10.09,10.22,10.09,10.22,67633,689143.81
2024-08-14,10.26,10.34,10.12,10.12,236578,2355809.25
2024-08-15,10.09,10.25,10.02,10.15,98578,997824.44
2024-08-16,10.15,10.27,9.88,10.03,155128,1562874.00
2024-08-19,10.19,10.25,9.92,10.21,157733,1600358.50
2024-08-20,10.20,10.51,10.10,10.48,463712,4783929.00
2024-08-21,10.49,10.84,10.27,10.76,352198,3703861.25
2024-08-22,10.89,10.95,10.54,10.75,662208,7152813.50
2024-08-23,10.62,10.77,10.40,10.77,202620,2157696.75
2024-08-26,10.67,10.67,10.53,10.59,70141,743778.13
2024-08-27,10.60,10.60,10.20,10.39,165722,1721857.13
2024-08-28,10.32,10.63,10.20,10.63,96444,1011557.38
2024-08-29,10.52,10.66,10.29,10.62,113763,1185362.63
2024-08-30,10.48,11.15,10.47,10.90,548305,5986920.50
2024-09-02,10.73,10.79,10.40,10.74,252604,2681684.75
2024-09-03,10.65,10.95,10.38,10.72,364108,3932430.75
2024-09-04,10.71,10.78,10.49,10.67,71899,767097.81
2024-09-05,10.55,10.85,10.55,10.69,208123,2237306.25
2024-09-06,10.58,10.70,10.55,10.66,68953,732250.75
2024-09-09,10.55,11.00,10.41,10.62,281915,3035520.75
2024-09-10,10.69,10.77,10.51,10.62,74802,792423.38
2024-09-11,10.55,10.62,10.06,10.48,114529,1189712.38
2024-09-12,10.47,10.57,10.32,10.46,70110,730749.38
2024-09-13,10.31,10.66,10.26,10.66,136592,1437613.50
2024-09-18,10.43,10.80,10.31,10.80,130049,1375325.00
2024-09-19,10.78,10.87,10.62,10.69,235239,2526289.50
2024-09-20,10.80,10.80,10.50,10.75,168128,1790068.88
2024-09-23,10.55,10.75,10.45,10.68,95570,1012065.38
2024-09-24,10.64,10.85,10.61,10.79,135984,1463806.00
2024-09-25,10.79,10.94,10.58,10.67,457496,4882522.50
2024-09-26,10.64,10.81,10.52,10.81,351163,3757773.50
2024-09-27,10.85,11.98,10.81,11.97,725807,8267815.00
2024-09-30,12.02,14.95,12.02,14.60,2564127,34569544.00
2024-10-08,18.79,18.79,15.50,16.99,2757287,46367448.00
2024-10-09,15.00,17.00,14.13,15.86,1656404,25764440.00
2024-10-10,15.80,16.24,15.01,15.88,913163,14279479.00
2024-10-11,15.62,15.85,14.40,15.10,522429,7848912.50
2024-10-14,14.99,15.49,14.11,15.49,500773,7425950.00
2024-10-15,15.00,15.45,14.51,15.25,423308,6403097.50
2024-10-16,15.01,15.73,14.73,15.73,2558689,38916568.00
2024-10-17,15.70,16.85,15.15,16.23,3540217,56463340.00
2024-10-18,16.20,16.97,15.43,16.59,3845873,61998832.00
2024-10-21,16.10,17.84,16.02,17.32,5845711,99198680.00
2024-10-22,17.26,17.26,14.79,15.86,4521888,71264512.00
2024-10-23,15.56,15.84,15.00,15.35,2396272,36708128.00
2024-10-24,15.34,16.31,15.06,15.63,2258471,35576828.00
2024-10-25,15.78,16.67,15.51,15.75,3391927,54198508.00
2024-10-28,16.00,16.00,15.10,15.63,1550223,24060708.00
2024-10-29,15.99,16.16,15.44,15.95,2338145,37115844.00
2024-10-30,16.00,16.80,15.44,16.58,3651817,59204920.00
2024-10-31,16.15,16.88,15.55,16.30,2724670,43907376.00
2024-11-01,16.29,16.35,14.71,15.47,1417872,22275848.00
2024-11-04,15.20,15.74,15.01,15.48,1258136,19475810.00
2024-11-05,15.61,16.50,15.32,16.46,2699270,43102824.00
2024-11-06,16.32,18.52,16.32,17.65,4401274,77499464.00
2024-11-07,17.23,19.50,16.85,18.98,4505324,83566616.00
2024-11-08,18.00,18.98,17.68,17.83,4004395,72761200.00
2024-11-11,17.40,18.10,16.61,17.02,2723876,46533212.00
2024-11-12,17.16,19.64,16.60,18.39,7687095,141521760.00
2024-11-13,18.04,18.18,16.53,17.27,4740967,81030544.00
2024-11-14,16.80,17.17,16.16,16.16,3127073,52261848.00
2024-11-15,16.30,16.44,15.68,16.00,1962578,31420162.00
2024-11-18,15.99,16.35,15.36,15.70,1679733,26644452.00
2024-11-19,15.89,15.93,14.33,15.38,2254494,33744392.00
2024-11-20,15.20,15.76,14.92,15.61,1975805,30463038.00
2024-11-21,15.69,16.34,15.56,16.04,2506475,40252304.00
2024-11-22,16.49,17.39,15.68,15.77,3426893,56900956.00
2024-11-25,16.24,19.00,16.15,16.98,5168890,89540192.00
2024-11-26,16.79,16.80,15.48,15.48,3273639,52925692.00
2024-11-27,15.46,15.55,14.51,15.25,2645292,39564892.00
2024-11-28,15.30,16.37,15.25,15.77,2659996,41939352.00
2024-11-29,16.15,16.40,15.32,15.98,2598537,41173128.00
2024-12-02,16.40,16.74,15.83,16.49,2549275,41500740.00
2024-12-03,16.49,16.49,16.49,16.49,0,0.00
#数据来源:通达信
