873305 九菱科技 日线 不复权
      日期	    开盘	    最高	    最低	    收盘	    成交量	    成交额
2021-01-05,5.70,5.70,5.70,5.70,10000,57000.00
2021-01-08,6.66,6.66,6.66,6.66,3100,20652.66
2021-01-11,6.66,6.66,6.66,6.66,1900,12647.34
2021-01-12,13.30,13.30,13.30,13.30,2100,27930.00
2021-01-25,13.30,13.30,13.30,13.30,300,3990.00
2021-03-18,11.20,11.20,11.20,11.20,14000,156800.00
2021-03-24,10.20,10.20,10.20,10.20,900,9180.00
2021-03-26,7.59,7.59,7.59,7.59,100,759.00
2021-04-22,8.00,8.00,8.00,8.00,1900,15200.00
2021-04-23,8.00,8.00,8.00,8.00,300,2400.00
2021-04-26,8.00,8.00,8.00,8.00,2600,20800.00
2021-04-27,8.00,8.00,8.00,8.00,900,7200.00
2021-06-03,7.00,7.00,7.00,7.00,2500,17269.00
2021-07-27,7.00,7.00,7.00,7.00,500,3500.00
2021-08-02,6.91,6.91,6.91,6.91,100,691.00
2021-08-09,7.10,7.10,7.10,7.10,100,710.00
2021-08-10,7.00,7.00,7.00,7.00,100,700.00
2021-09-08,10.00,10.00,10.00,10.00,1900,19010.00
2021-09-09,10.20,10.81,10.20,10.81,200,2101.00
2021-09-15,15.01,15.01,15.01,15.01,300,4503.00
2021-09-22,16.00,16.00,16.00,16.00,100,1600.00
2021-09-23,16.11,16.11,16.11,16.11,200,3222.00
2021-09-29,16.20,16.20,16.20,16.20,1000,16200.00
2021-11-22,12.50,12.50,12.50,12.50,100,1250.00
2021-11-30,15.00,15.00,15.00,15.00,100,1500.00
2021-12-28,14.20,14.20,14.20,14.20,7900,112180.00
2021-12-29,14.70,14.70,14.70,14.70,2400,35280.00
2022-01-28,15.01,17.81,15.01,17.81,200,3282.00
2022-02-07,19.70,19.70,19.70,19.70,200,3942.00
2022-02-09,20.00,25.01,20.00,22.55,2100,44531.00
2022-02-11,25.00,25.00,25.00,25.00,100,2500.00
2022-02-23,25.00,25.00,25.00,25.00,100,2500.00
2022-03-16,25.00,25.00,25.00,25.00,1000,25000.00
2022-04-12,16.79,16.79,16.79,16.79,100,1680.00
2022-04-29,12.11,12.11,12.11,12.11,200,2422.00
2022-12-21,11.00,11.72,10.34,11.32,2586877,28813044.00
2022-12-22,10.98,10.99,10.61,10.70,498653,5374210.50
2022-12-23,10.58,10.59,10.08,10.08,398430,4086455.25
2022-12-26,10.08,10.08,9.99,10.02,324617,3250304.00
2022-12-27,9.99,10.40,9.99,10.30,189551,1945085.88
2022-12-28,10.10,10.28,10.08,10.15,113330,1148814.25
2022-12-29,10.03,10.20,10.03,10.05,84316,849013.50
2022-12-30,10.04,10.18,10.01,10.12,75236,756650.69
2023-01-03,10.11,10.17,10.10,10.14,78590,796070.00
2023-01-04,10.14,10.14,9.99,10.04,106385,1068625.38
2023-01-05,10.02,10.16,10.02,10.13,87997,890668.13
2023-01-06,10.04,10.39,10.04,10.18,43890,446432.25
2023-01-09,10.14,10.18,10.11,10.14,69295,702633.75
2023-01-10,10.07,10.20,10.07,10.15,41600,422003.00
2023-01-11,10.20,10.20,10.13,10.13,49551,502595.75
2023-01-12,10.14,10.14,10.08,10.10,59838,604178.19
2023-01-13,10.10,10.21,10.07,10.10,60498,610997.44
2023-01-16,10.10,10.19,10.10,10.13,64705,655454.63
2023-01-17,10.20,10.20,10.10,10.15,44986,456832.94
2023-01-18,10.10,10.17,10.10,10.13,53233,539208.31
2023-01-19,10.13,10.18,10.12,10.16,41486,421285.41
2023-01-20,10.15,10.23,10.15,10.22,119935,1224105.75
2023-01-30,10.31,10.31,10.22,10.25,68339,699644.94
2023-01-31,10.23,10.88,10.23,10.86,860332,9170980.00
2023-02-01,11.03,11.29,10.80,11.00,909640,10020111.00
2023-02-02,10.88,10.88,10.50,10.60,415245,4402184.00
2023-02-03,10.60,10.79,10.48,10.63,300186,3166807.00
2023-02-06,10.52,10.65,10.42,10.42,175572,1833242.75
2023-02-07,10.41,10.54,10.36,10.46,140061,1458006.25
2023-02-08,10.40,10.45,10.38,10.41,94595,984177.44
2023-02-09,10.40,10.46,10.37,10.46,84174,877163.56
2023-02-10,10.40,10.50,10.40,10.46,54493,569388.00
2023-02-13,10.44,10.58,10.44,10.54,147332,1553673.13
2023-02-14,10.50,10.56,10.50,10.53,72699,764291.13
2023-02-15,10.52,10.56,10.47,10.50,91339,959361.88
2023-02-16,10.57,10.60,10.43,10.57,135161,1419484.63
2023-02-17,10.51,10.56,10.45,10.53,54496,571388.56
2023-02-20,10.56,10.56,10.46,10.51,68238,716733.31
2023-02-21,10.55,10.55,10.43,10.48,114951,1201660.38
2023-02-22,10.43,10.49,10.42,10.45,36502,381655.38
2023-02-23,10.45,10.45,10.42,10.42,60278,628603.56
2023-02-24,10.47,10.52,10.41,10.44,70075,734521.44
2023-02-27,10.40,10.43,10.30,10.35,60189,623025.31
2023-02-28,10.35,10.35,10.31,10.34,43236,446617.59
2023-03-01,10.35,10.40,10.31,10.38,49263,509270.75
2023-03-02,10.38,10.46,10.38,10.40,57038,593550.00
2023-03-03,10.34,10.40,10.30,10.36,113991,1176587.75
2023-03-06,10.42,10.42,10.31,10.34,58246,603668.06
2023-03-07,10.31,10.37,10.30,10.31,59043,610064.31
2023-03-08,10.30,10.36,10.30,10.36,26951,278008.59
2023-03-09,10.31,10.36,10.30,10.32,45670,471316.41
2023-03-10,10.58,10.58,10.31,10.39,49938,517192.16
2023-03-13,10.22,10.38,10.22,10.26,57160,585817.31
2023-03-14,10.24,10.25,10.22,10.23,39403,402888.44
2023-03-15,10.22,10.31,10.22,10.25,28107,288353.13
2023-03-16,10.21,10.24,10.16,10.16,33913,345902.66
2023-03-17,10.16,10.32,10.16,10.17,49810,506822.38
2023-03-20,10.15,10.17,9.99,10.01,92953,934406.88
2023-03-21,10.20,10.27,10.03,10.26,90733,928408.38
2023-03-22,10.26,10.26,10.11,10.19,23742,241792.30
2023-03-23,10.07,10.23,10.07,10.16,29250,297681.00
2023-03-24,10.05,10.25,10.05,10.12,35007,354508.97
2023-03-27,10.20,10.20,10.09,10.12,8621,87366.52
2023-03-28,10.11,10.16,10.08,10.09,22693,229131.00
2023-03-29,10.20,10.20,10.09,10.11,19549,197752.98
2023-03-30,10.07,10.07,10.02,10.07,34414,345748.63
2023-03-31,10.02,10.06,10.02,10.05,48854,490552.75
2023-04-03,10.05,10.18,10.04,10.10,127506,1293139.00
2023-04-04,10.10,10.18,10.06,10.11,77836,790723.19
2023-04-06,10.06,10.19,10.06,10.11,40118,404650.09
2023-04-07,10.10,10.12,10.06,10.10,41384,417201.41
2023-04-10,10.05,10.10,10.04,10.09,27577,277768.97
2023-04-11,10.04,10.14,10.04,10.06,31446,317127.03
2023-04-12,10.04,10.12,10.04,10.06,23300,234316.00
2023-04-13,10.04,10.16,10.00,10.02,55333,555134.38
2023-04-14,10.02,10.14,10.02,10.03,29200,293814.63
2023-04-17,10.02,10.04,10.01,10.04,28700,287697.78
2023-04-18,10.01,10.10,10.01,10.02,20629,206710.52
2023-04-19,10.00,10.02,10.00,10.00,26688,266955.00
2023-04-20,9.99,10.05,9.99,10.01,34562,345771.38
2023-04-21,10.00,10.00,9.89,9.89,72393,719387.50
2023-04-24,9.89,10.00,9.76,9.77,32852,321483.69
2023-04-25,9.51,10.28,9.51,9.59,44687,430283.13
2023-04-26,9.53,9.59,9.38,9.46,55007,523087.84
2023-04-27,9.50,9.65,9.50,9.55,26865,257306.80
2023-04-28,9.80,9.80,9.62,9.70,24402,236296.56
2023-05-04,9.65,9.78,9.65,9.78,18110,176158.70
2023-05-05,9.74,9.95,9.74,9.95,68374,676173.69
2023-05-08,9.93,10.44,9.93,10.39,504295,5186723.50
2023-05-09,10.49,10.49,10.19,10.27,266156,2749462.00
2023-05-10,10.16,10.30,9.95,10.09,90611,911740.63
2023-05-11,10.32,10.32,10.09,10.13,59791,605968.31
2023-05-12,10.00,10.32,10.00,10.24,75402,768199.06
2023-05-15,10.13,10.25,9.98,10.22,80739,814800.44
2023-05-16,10.20,10.20,10.09,10.17,21390,216926.73
2023-05-17,10.15,10.28,10.13,10.26,64639,660846.00
2023-05-18,10.06,10.20,10.05,10.16,45632,461766.28
2023-05-19,10.12,10.33,10.12,10.33,174976,1799158.63
2023-05-22,10.36,10.44,10.24,10.33,58886,608479.81
2023-05-23,10.22,10.38,10.22,10.34,117375,1213342.50
2023-05-24,10.36,10.60,10.36,10.42,190028,1991664.75
2023-05-25,10.42,10.42,10.24,10.32,58511,603433.06
2023-05-26,10.25,10.30,10.06,10.30,76830,780059.38
2023-05-29,10.31,10.31,10.20,10.21,20024,205073.06
2023-05-30,10.01,10.20,10.01,10.19,24811,250928.64
2023-05-31,10.22,10.22,10.12,10.19,13700,139032.00
2023-06-01,10.13,10.19,10.12,10.17,32826,332785.66
2023-06-02,10.13,10.19,10.13,10.16,21691,220320.02
2023-06-05,10.24,10.25,10.05,10.15,12500,126439.10
2023-06-06,10.11,10.17,10.08,10.16,26871,271595.69
2023-06-07,10.10,10.17,10.09,10.16,18500,186805.89
2023-06-08,10.02,10.12,10.02,10.09,18372,184879.50
2023-06-09,10.14,10.14,10.03,10.09,19043,191831.70
2023-06-12,10.13,10.14,10.02,10.08,22378,224942.84
2023-06-13,10.04,10.14,10.04,10.09,41866,422096.59
2023-06-14,10.02,10.10,10.02,10.07,24437,245789.95
2023-06-15,10.02,10.09,10.02,10.05,32671,328638.59
2023-06-16,10.11,10.11,10.03,10.10,37319,376388.41
2023-06-19,10.02,10.12,10.02,10.10,30010,302398.78
2023-06-20,10.02,10.10,10.02,10.09,56959,572951.31
2023-06-21,9.70,9.73,9.68,9.71,44010,427119.13
2023-06-26,9.63,9.73,9.63,9.73,15600,150579.00
2023-06-27,9.73,9.74,9.60,9.72,43632,420947.59
2023-06-28,9.74,9.74,9.61,9.68,13223,127552.49
2023-06-29,9.64,10.30,9.64,10.01,251792,2509645.25
2023-06-30,9.92,10.10,9.86,9.98,101073,1005435.13
2023-07-03,9.94,9.98,9.85,9.95,133247,1318730.50
2023-07-04,9.91,10.15,9.91,10.11,171741,1727800.63
2023-07-05,10.11,13.14,10.06,12.58,4582647,56749772.00
2023-07-06,12.18,13.55,12.01,13.20,3777203,48252468.00
2023-07-07,12.80,12.84,11.80,11.82,2324969,28795336.00
2023-07-10,11.85,11.95,10.88,11.16,1714377,19371148.00
2023-07-11,11.19,11.84,10.97,11.54,1506056,17053834.00
2023-07-12,11.13,11.72,11.13,11.20,1164945,13227697.00
2023-07-13,10.86,11.29,10.86,11.04,1013696,11146003.00
2023-07-14,10.91,11.03,10.88,10.97,669904,7337872.00
2023-07-17,10.86,10.89,10.60,10.71,846095,9073187.00
2023-07-18,10.70,10.78,10.57,10.76,419409,4471883.00
2023-07-19,10.66,10.66,10.42,10.45,512912,5383107.00
2023-07-20,10.42,10.53,10.31,10.38,286066,2979498.25
2023-07-21,10.39,10.39,10.21,10.30,353313,3629812.00
2023-07-24,10.20,10.33,10.16,10.25,224610,2290317.25
2023-07-25,10.25,10.40,10.22,10.38,218034,2250307.25
2023-07-26,10.46,10.46,10.28,10.36,193580,2006756.50
2023-07-27,10.37,10.53,10.30,10.52,253501,2647487.25
2023-07-28,10.55,11.32,10.54,11.01,1155892,12734498.00
2023-07-31,10.80,10.98,10.65,10.79,518738,5599699.50
2023-08-01,10.72,11.26,10.68,11.21,960606,10621855.00
2023-08-02,11.20,11.65,11.00,11.16,871213,9858305.00
2023-08-03,10.73,11.09,10.73,10.91,434332,4719827.00
2023-08-04,10.87,11.08,10.70,10.81,385059,4174792.25
2023-08-07,10.74,11.11,10.72,10.96,332338,3621901.00
2023-08-08,10.97,10.97,10.50,10.67,354017,3775963.75
2023-08-09,10.65,10.65,10.42,10.46,204343,2142350.50
2023-08-10,10.46,10.58,10.46,10.49,102788,1081118.50
2023-08-11,10.51,10.63,10.40,10.49,162939,1706844.63
2023-08-14,10.53,10.53,10.37,10.40,151167,1574678.88
2023-08-15,10.44,10.44,10.28,10.38,169725,1757533.50
2023-08-16,10.36,10.39,10.19,10.23,211043,2159868.50
2023-08-17,10.19,10.31,10.15,10.27,108009,1105920.38
2023-08-18,10.31,10.34,10.13,10.34,123356,1261887.13
2023-08-21,10.82,10.83,10.40,10.50,519347,5555673.50
2023-08-22,10.43,10.49,10.15,10.29,341629,3504054.50
2023-08-23,10.29,10.29,10.09,10.13,144905,1469750.50
2023-08-24,10.08,10.32,10.05,10.17,122560,1247629.50
2023-08-25,10.25,10.30,9.97,10.02,146655,1482245.38
2023-08-28,10.80,10.80,10.00,10.10,232255,2387208.75
2023-08-29,10.05,10.35,10.03,10.29,225593,2314460.75
2023-08-30,10.40,10.40,10.16,10.30,178003,1831848.13
2023-08-31,10.20,10.38,10.20,10.31,139288,1431734.63
2023-09-01,10.28,10.77,10.25,10.70,641953,6820523.00
2023-09-04,11.00,11.65,11.00,11.15,981663,11088229.00
2023-09-05,11.28,11.28,10.68,10.97,600386,6595152.00
2023-09-06,10.83,11.08,10.74,10.93,467602,5126393.00
2023-09-07,10.93,10.93,10.70,10.80,310594,3342252.00
2023-09-08,10.69,10.89,10.69,10.85,193745,2093383.13
2023-09-11,10.76,10.88,10.70,10.84,137144,1476945.00
2023-09-12,10.84,10.92,10.70,10.90,261013,2829584.75
2023-09-13,10.80,10.83,10.66,10.80,107734,1157412.38
2023-09-14,10.64,10.75,10.60,10.70,110283,1175432.38
2023-09-15,10.68,10.70,10.50,10.59,117074,1239090.25
2023-09-18,10.47,10.65,10.46,10.57,77126,814627.00
2023-09-19,10.52,10.62,10.51,10.60,28827,303960.94
2023-09-20,10.64,10.64,10.56,10.61,37087,393165.94
2023-09-21,10.58,10.62,10.46,10.50,66640,698939.25
2023-09-22,10.56,10.61,10.47,10.61,69418,733323.31
2023-09-25,10.67,10.67,10.50,10.58,16721,176969.48
2023-09-26,10.58,10.60,10.50,10.51,42299,446063.13
2023-09-27,10.48,10.58,10.44,10.51,44744,469524.91
2023-09-28,10.51,10.55,10.37,10.51,53784,561483.63
2023-10-09,10.51,10.58,10.40,10.51,54181,570316.38
2023-10-10,10.43,10.55,10.43,10.45,34398,360122.69
2023-10-11,10.26,10.46,10.26,10.43,25675,267104.28
2023-10-12,10.44,10.48,10.38,10.45,25003,260420.94
2023-10-13,10.37,10.40,10.24,10.37,47563,490215.00
2023-10-16,10.50,10.50,10.12,10.15,94892,963802.94
2023-10-17,10.10,10.18,10.08,10.15,31207,315338.84
2023-10-18,10.20,10.20,10.05,10.05,32871,331636.22
2023-10-19,10.00,10.48,10.00,10.10,28303,287575.53
2023-10-20,10.05,10.16,10.05,10.09,11429,115643.99
2023-10-23,10.00,10.20,9.80,9.80,44665,445819.44
2023-10-24,9.61,9.99,9.60,9.99,23935,236485.34
2023-10-25,9.99,10.05,9.99,10.05,22519,225378.84
2023-10-26,9.77,10.06,9.77,10.02,15692,156263.69
2023-10-27,10.07,10.28,9.90,10.24,72710,737691.81
2023-10-30,10.22,10.28,10.16,10.26,46345,473408.50
2023-10-31,10.21,10.30,10.03,10.10,89261,899577.06
2023-11-01,10.07,10.11,10.04,10.10,35511,357832.13
2023-11-02,10.08,10.08,9.93,9.93,50555,505480.22
2023-11-03,10.06,10.13,10.00,10.10,64288,648491.63
2023-11-06,10.20,10.66,10.18,10.65,431059,4520057.00
2023-11-07,10.53,10.67,10.34,10.61,139749,1466764.38
2023-11-08,10.45,10.73,10.45,10.66,142868,1523751.75
2023-11-09,10.62,10.71,10.53,10.61,81269,862587.38
2023-11-10,10.53,10.61,10.36,10.40,118913,1241684.25
2023-11-13,10.46,10.46,10.32,10.34,191877,1985755.75
2023-11-14,10.50,10.56,10.22,10.56,130943,1366892.25
2023-11-15,10.59,11.36,10.59,10.89,629256,6869386.00
2023-11-16,10.65,10.90,10.52,10.65,309252,3298466.50
2023-11-17,10.57,10.93,10.57,10.85,241955,2612908.50
2023-11-20,10.96,11.33,10.59,11.19,534314,5900655.00
2023-11-21,11.24,12.58,11.23,11.74,1729914,20922142.00
2023-11-22,11.79,15.26,11.39,14.65,2594127,33768332.00
2023-11-23,14.20,16.81,13.62,14.19,2562915,38640452.00
2023-11-24,14.10,17.65,13.36,16.65,2704882,41943328.00
2023-11-27,17.10,19.50,16.69,19.49,3278719,59387208.00
2023-11-28,18.01,19.50,17.20,17.92,1921155,34813448.00
2023-11-29,17.59,18.42,15.08,15.21,1753137,29169010.00
2023-11-30,15.31,16.78,14.85,15.86,1416232,22620666.00
2023-12-01,15.60,16.60,14.60,14.85,762478,11822548.00
2023-12-04,14.10,15.07,14.09,14.41,603147,8680895.00
2023-12-05,14.13,16.38,14.13,15.72,1190850,18353562.00
2023-12-06,15.50,20.43,15.50,18.90,4982728,95522880.00
2023-12-07,17.50,19.25,16.50,18.20,3734417,66777884.00
2023-12-08,18.49,18.49,17.23,17.70,2116059,37492164.00
2023-12-11,17.88,18.30,16.68,17.19,1592673,27747150.00
2023-12-12,16.95,17.58,16.73,17.25,1305914,22370046.00
2023-12-13,17.27,17.98,17.01,17.78,2020923,35766232.00
2023-12-14,17.91,19.64,17.79,18.15,2654884,49504984.00
2023-12-15,18.01,20.00,17.81,19.52,2612818,49601896.00
2023-12-18,19.79,19.80,18.60,19.53,2236602,43160496.00
2023-12-19,19.59,19.64,18.30,19.46,1826082,34756744.00
2023-12-20,19.70,22.51,19.55,21.73,3448483,71870904.00
2023-12-21,22.00,23.66,17.85,18.05,3303751,68669600.00
2023-12-22,17.20,18.52,17.20,18.17,1932536,34389080.00
2023-12-25,18.60,20.30,18.40,20.30,2187634,42127020.00
2023-12-26,19.98,21.87,19.60,20.82,2657931,54761812.00
2023-12-27,20.00,20.76,19.00,20.10,1703290,34077168.00
2023-12-28,20.10,21.30,19.97,20.68,2019908,41799672.00
2023-12-29,20.68,21.45,20.25,21.34,2044284,42625564.00
2024-01-02,21.43,23.52,21.14,23.29,2871756,64181868.00
2024-01-03,22.60,23.00,21.96,22.83,1763588,39699152.00
2024-01-04,22.46,22.86,21.65,22.32,1335483,29718514.00
2024-01-05,22.55,22.55,19.90,20.35,1596697,33782824.00
2024-01-08,20.43,20.69,19.38,19.45,948556,18913966.00
2024-01-09,19.45,19.89,18.20,18.67,1021508,19362374.00
2024-01-10,18.57,19.29,17.88,19.13,963122,18100726.00
2024-01-11,19.22,19.23,18.60,18.93,594523,11260865.00
2024-01-12,18.93,19.03,16.32,16.56,1317105,22842136.00
2024-01-15,16.56,16.60,15.52,15.88,716249,11498950.00
2024-01-16,15.95,17.37,15.05,17.18,1117417,18417982.00
2024-01-17,16.69,18.16,16.69,17.16,1116205,19437154.00
2024-01-18,17.16,18.17,16.76,18.15,1105148,19542982.00
2024-01-19,18.58,19.56,18.18,19.09,1319465,25229382.00
2024-01-22,19.00,19.24,17.22,18.03,995126,18379856.00
2024-01-23,17.89,18.49,17.36,18.37,557002,10028175.00
2024-01-24,18.30,18.45,17.15,18.02,732145,13105769.00
2024-01-25,18.00,18.46,17.20,17.47,934415,16532278.00
2024-01-26,17.03,17.98,16.95,17.10,559548,9812790.00
2024-01-29,17.20,20.00,16.40,17.62,2169005,39111660.00
2024-01-30,17.04,17.38,15.88,16.40,1435780,23766636.00
2024-01-31,16.21,19.00,16.21,17.38,2141917,37621704.00
2024-02-01,17.19,17.27,15.97,15.97,1505967,24786112.00
2024-02-02,15.61,16.13,13.95,14.52,1136601,17128312.00
2024-02-05,14.12,14.61,12.89,13.64,806214,11130537.00
2024-02-06,13.77,17.73,13.21,17.73,3389123,55935404.00
2024-02-07,17.50,23.04,17.19,23.04,6826504,145385136.00
2024-02-08,22.10,22.10,16.53,17.61,5680139,106982952.00
2024-02-19,15.99,17.66,15.92,17.47,3727124,62697852.00
2024-02-20,17.02,18.68,16.87,18.20,3501663,62735656.00
2024-02-21,18.20,18.70,17.60,18.09,3483623,63665600.00
2024-02-22,17.80,18.49,17.60,18.07,2355797,42473084.00
2024-02-23,17.93,18.25,16.93,17.41,2566784,44830168.00
2024-02-26,17.08,18.20,17.05,18.00,2165471,38509224.00
2024-02-27,18.25,19.60,18.00,19.01,3773207,71314016.00
2024-02-28,19.30,19.91,17.81,17.88,2808140,53212900.00
2024-02-29,17.69,18.79,17.50,18.56,2282367,41123036.00
2024-03-01,18.56,18.70,17.80,18.17,1499598,27428600.00
2024-03-04,18.22,18.34,17.22,17.59,1362591,24030294.00
2024-03-05,17.77,18.44,17.48,17.86,2046236,37145476.00
2024-03-06,17.31,18.19,17.15,17.79,1585305,27981172.00
2024-03-07,17.53,19.89,17.53,18.25,3528045,66394608.00
2024-03-08,17.72,17.93,17.40,17.63,1853325,32619352.00
2024-03-11,17.58,17.91,17.03,17.51,1213055,21034952.00
2024-03-12,17.33,17.76,17.21,17.32,865029,15027525.00
2024-03-13,17.30,17.39,16.97,16.99,680231,11639154.00
2024-03-14,16.99,17.65,16.87,17.01,927047,16017074.00
2024-03-15,16.80,17.98,16.38,17.70,1844618,32181990.00
2024-03-18,17.68,17.83,17.31,17.60,951656,16710562.00
2024-03-19,17.68,18.39,17.50,17.58,1285605,23075800.00
2024-03-20,17.40,17.69,17.19,17.63,888538,15527813.00
2024-03-21,17.71,17.84,17.04,17.16,495818,8576139.00
2024-03-22,16.95,17.38,16.68,16.75,581481,9819056.00
2024-03-25,16.86,16.88,15.74,15.80,656860,10681936.00
2024-03-26,16.34,16.35,15.62,16.05,417672,6705122.00
2024-03-27,16.01,16.79,15.75,16.06,362593,5909657.50
2024-03-28,16.11,16.35,15.50,15.98,614695,9836372.00
2024-03-29,16.00,16.45,15.80,15.92,285278,4604201.50
2024-04-01,16.00,16.31,16.00,16.12,413185,6670091.00
2024-04-02,16.29,16.29,15.70,15.80,302371,4801155.50
2024-04-03,15.74,17.60,15.74,16.36,1320061,22166030.00
2024-04-08,15.99,17.66,15.90,16.80,1711553,28897340.00
2024-04-09,16.78,20.01,16.20,18.63,3385192,61320264.00
2024-04-10,18.00,19.68,17.50,18.68,3340057,62297940.00
2024-04-11,18.14,19.19,17.71,18.00,1912338,34863316.00
2024-04-12,18.49,18.88,17.52,18.20,1546074,28124680.00
2024-04-15,17.60,18.55,16.50,16.98,1324274,22982298.00
2024-04-16,16.62,16.99,15.00,15.54,1141292,17935558.00
2024-04-17,15.70,16.88,15.70,16.75,1172862,19305796.00
2024-04-18,16.80,17.25,16.46,16.96,1008478,17107134.00
2024-04-19,18.08,19.80,17.55,17.55,2647900,49415752.00
2024-04-22,16.56,17.77,16.51,16.90,1411289,23888866.00
2024-04-23,16.70,17.15,16.38,16.86,859270,14355976.00
2024-04-24,16.93,17.85,16.50,17.85,1362631,23348078.00
2024-04-25,17.40,18.07,17.30,17.36,1102683,19456602.00
2024-04-26,16.88,17.35,16.66,17.04,1141055,19410536.00
2024-04-29,17.04,17.04,16.50,16.50,1041305,17369146.00
2024-04-30,16.64,16.66,16.20,16.20,553249,9102615.00
2024-05-06,16.57,16.57,16.27,16.40,393210,6438741.50
2024-05-07,16.60,16.88,16.42,16.62,626929,10468277.00
2024-05-08,16.45,17.28,16.35,16.72,806959,13544800.00
2024-05-09,16.50,17.20,16.21,16.90,740747,12542319.00
2024-05-10,17.18,17.19,16.51,16.67,578083,9717361.00
2024-05-13,16.66,16.68,16.03,16.07,391768,6385271.50
2024-05-14,16.02,16.37,15.82,16.06,356469,5719335.50
2024-05-15,16.26,16.66,15.91,15.98,281676,4550023.50
2024-05-16,15.83,16.18,15.70,15.70,443525,7057880.00
2024-05-17,15.77,15.78,15.32,15.61,392689,6088957.00
2024-05-20,15.95,16.25,15.67,16.06,610577,9777987.00
2024-05-21,15.96,16.32,15.93,16.10,333298,5365352.50
2024-05-22,15.96,16.60,15.96,16.32,365355,5960261.00
2024-05-23,16.10,17.08,15.76,16.82,1100531,18365880.00
2024-05-24,11.69,11.98,10.99,11.11,891447,10107686.00
2024-05-27,11.05,11.06,10.61,10.88,523266,5680669.00
2024-05-28,11.49,12.17,11.10,11.19,2315929,26893374.00
2024-05-29,11.00,11.90,10.72,11.20,2002416,22586024.00
2024-05-30,10.94,11.11,10.55,10.55,1486840,16037347.00
2024-05-31,10.61,10.72,10.14,10.25,1072129,11096948.00
2024-06-03,10.29,10.29,9.65,9.78,776890,7696772.50
2024-06-04,9.70,9.88,9.62,9.73,473576,4605360.00
2024-06-05,9.68,9.83,9.47,9.49,360329,3471571.75
2024-06-06,9.42,9.68,8.93,9.06,810119,7446559.50
2024-06-07,9.30,9.30,8.70,9.09,412925,3757859.75
2024-06-11,9.09,9.16,8.84,9.08,377269,3386240.00
2024-06-12,9.06,9.17,9.01,9.07,267619,2434654.75
2024-06-13,9.03,9.13,8.84,8.84,443260,3960702.25
2024-06-14,8.81,8.98,8.73,8.86,335927,2989905.50
2024-06-17,8.98,8.98,8.52,8.60,413449,3591230.25
2024-06-18,8.70,8.99,8.50,8.76,466397,4097674.75
2024-06-19,8.75,9.17,8.64,8.88,676381,6052698.00
2024-06-20,8.92,9.57,8.60,9.56,1547845,14132601.00
2024-06-21,10.00,12.42,10.00,12.42,6879614,83196808.00
2024-06-24,11.50,11.68,10.18,10.59,6018861,66651516.00
2024-06-25,10.28,12.67,10.09,11.25,6329080,70804952.00
2024-06-26,10.50,10.95,10.28,10.72,3879788,40995836.00
2024-06-27,10.57,10.68,10.01,10.08,2849149,29421030.00
2024-06-28,10.16,10.70,9.93,10.23,2528696,26135486.00
2024-07-01,12.00,13.29,11.99,12.30,8930537,115716272.00
2024-07-02,11.10,11.87,10.83,11.70,7028298,79503040.00
2024-07-03,11.30,12.80,11.26,12.17,5708340,68729120.00
2024-07-04,11.86,12.60,11.60,12.50,4713196,56774196.00
2024-07-05,12.60,13.13,11.52,11.52,4424450,55045100.00
2024-07-08,11.60,11.79,10.53,10.63,3493860,38546680.00
2024-07-09,10.65,11.19,10.00,11.01,3925090,41643416.00
2024-07-10,10.76,11.15,10.45,10.46,2930825,31600308.00
2024-07-11,10.60,10.85,10.52,10.61,2972133,31758732.00
2024-07-12,10.80,11.38,10.52,11.34,4065856,44424404.00
2024-07-15,11.35,12.50,11.04,12.19,5163298,60349352.00
2024-07-16,11.92,13.40,11.71,12.72,5786071,73140576.00
2024-07-17,12.58,15.25,12.45,13.80,6126739,83498816.00
2024-07-18,13.80,14.55,12.72,13.20,4558117,61849608.00
2024-07-19,13.10,13.50,12.06,12.54,3847090,48890404.00
2024-07-22,12.30,12.64,11.90,12.04,2477067,30226744.00
2024-07-23,12.00,12.19,11.58,11.71,2431251,28741702.00
2024-07-24,11.81,11.99,11.11,11.19,2229451,25485462.00
2024-07-25,11.20,12.78,11.06,12.78,4616658,54891176.00
2024-07-26,12.60,12.94,12.05,12.07,3215282,40100480.00
2024-07-29,12.00,12.44,11.95,12.00,1772373,21529768.00
2024-07-30,11.95,12.37,11.86,11.98,1762280,21342182.00
2024-07-31,12.00,12.37,11.90,12.28,1983761,24104770.00
2024-08-01,12.28,12.47,11.76,11.78,1931978,23210522.00
2024-08-02,12.01,12.89,11.83,12.11,3840288,47951996.00
2024-08-05,11.76,12.17,11.08,11.15,3218252,37135192.00
2024-08-06,11.33,11.35,10.82,11.14,2033798,22580086.00
2024-08-07,11.14,11.28,10.94,11.05,1096900,12158582.00
2024-08-08,11.13,11.13,10.64,10.80,1180724,12807689.00
2024-08-09,10.73,11.08,10.73,10.92,1027298,11214490.00
2024-08-12,10.97,11.02,10.66,10.68,658693,7120579.00
2024-08-13,10.57,10.96,10.57,10.76,671735,7223233.00
2024-08-14,10.79,10.79,10.43,10.43,635932,6701152.00
2024-08-15,10.50,10.61,10.34,10.45,609989,6389216.00
2024-08-16,10.57,10.88,10.45,10.79,1222352,13068936.00
2024-08-19,10.64,10.85,10.30,10.31,1308487,13802711.00
2024-08-20,10.72,10.72,10.16,10.20,911522,9514604.00
2024-08-21,10.21,10.22,9.96,10.12,910265,9169526.00
2024-08-22,10.06,10.16,9.66,9.82,802775,7921609.50
2024-08-23,9.80,9.84,9.56,9.72,640172,6184864.00
2024-08-26,9.68,10.06,9.68,9.75,556655,5476847.00
2024-08-27,9.71,9.80,9.25,9.35,730502,6877425.50
2024-08-28,9.25,9.56,9.25,9.38,615045,5779713.50
2024-08-29,9.26,9.51,9.26,9.45,491870,4622547.50
2024-08-30,9.49,9.86,9.42,9.71,731869,7081346.00
2024-09-02,9.70,9.80,9.45,9.48,422904,4054256.75
2024-09-03,9.58,9.60,9.34,9.40,332120,3138608.00
2024-09-04,9.32,9.38,9.11,9.26,388371,3595285.75
2024-09-05,9.17,9.68,9.17,9.47,302850,2859572.50
2024-09-06,9.38,9.63,9.32,9.35,331229,3131569.75
2024-09-09,9.31,9.44,9.28,9.39,166613,1558122.88
2024-09-10,9.39,9.78,9.35,9.75,990219,9553887.00
2024-09-11,9.80,9.80,9.53,9.61,564126,5433618.50
2024-09-12,9.57,9.83,9.31,9.31,457379,4353032.00
2024-09-13,9.34,9.65,9.18,9.43,857943,8085908.50
2024-09-18,9.48,9.52,9.26,9.41,439638,4127939.00
2024-09-19,9.48,9.63,9.38,9.56,461925,4392541.00
2024-09-20,9.55,9.71,9.47,9.52,455582,4372585.50
2024-09-23,9.43,9.53,9.27,9.31,484530,4538209.00
2024-09-24,9.37,9.60,9.27,9.52,625311,5897947.00
2024-09-25,9.56,9.83,9.54,9.62,859578,8343200.00
2024-09-26,9.77,9.88,9.56,9.86,874066,8534905.00
2024-09-27,10.02,11.07,10.02,10.48,2356123,24911514.00
2024-09-30,11.38,13.20,10.81,13.00,4391072,52269396.00
2024-10-08,15.80,16.80,14.03,16.08,5071572,77190456.00
2024-10-09,15.00,15.00,12.88,12.88,3243363,45485508.00
2024-10-10,13.15,13.77,12.70,13.07,2024781,26713766.00
2024-10-11,13.29,13.29,11.49,11.80,2152570,26126128.00
2024-10-14,11.89,12.49,11.71,12.25,1467892,17799922.00
2024-10-15,12.25,12.80,12.05,12.80,2167931,27012444.00
2024-10-16,12.75,13.17,12.54,12.98,2115073,27297960.00
2024-10-17,12.88,14.14,12.88,13.21,3507621,47301544.00
2024-10-18,13.10,14.55,13.01,14.19,4245528,59359896.00
2024-10-21,14.90,16.17,14.33,15.79,5698673,87632736.00
2024-10-22,15.40,20.52,14.29,20.51,9472161,172614736.00
2024-10-23,18.02,21.25,17.50,20.80,7661718,146054448.00
2024-10-24,19.70,20.55,19.14,19.33,5662578,112090648.00
2024-10-25,19.00,24.50,19.00,19.90,7778527,165052304.00
2024-10-28,19.56,23.80,19.32,22.65,7140932,155991664.00
2024-10-29,22.00,28.00,21.12,27.70,8120178,196867600.00
2024-10-30,26.60,30.00,25.66,27.00,7615536,211828208.00
2024-10-31,25.00,26.50,23.48,24.56,5602414,140298656.00
2024-11-01,25.48,31.92,25.48,31.92,8715675,260183232.00
2024-11-04,36.00,36.00,27.28,30.31,9577483,298667520.00
2024-11-05,26.78,39.25,26.78,35.39,9271607,295184992.00
2024-11-06,32.90,41.62,32.05,36.44,8519327,310835712.00
2024-11-07,35.15,37.88,31.00,33.64,6018048,207036336.00
2024-11-08,33.00,35.00,31.22,31.62,4132305,135811792.00
2024-11-11,30.44,31.97,29.48,30.43,2758059,84025312.00
2024-11-12,30.44,31.69,30.05,30.87,2658767,82215728.00
2024-11-13,30.79,32.67,30.01,31.49,2669521,84603680.00
2024-11-14,30.63,30.63,28.90,29.10,3090797,91871976.00
2024-11-15,28.30,29.87,27.64,28.41,2501995,71193232.00
2024-11-18,28.15,28.60,25.00,25.40,2303614,62324188.00
2024-11-19,25.01,25.85,22.71,25.85,2499403,61258104.00
2024-11-20,25.70,27.30,25.19,26.94,2412462,63349752.00
2024-11-21,26.66,27.79,26.40,27.27,2359111,64047992.00
2024-11-22,27.27,31.88,26.50,29.39,6228409,182689216.00
2024-11-25,28.40,31.24,27.83,30.25,4832499,144951312.00
2024-11-26,30.25,31.00,26.16,27.89,3530580,104560520.00
2024-11-27,27.28,28.79,25.50,27.60,3284621,88476976.00
2024-11-28,27.30,28.16,27.10,27.26,2106192,58205936.00
2024-11-29,27.01,27.79,26.20,27.21,2278623,61776028.00
2024-12-02,27.08,28.98,26.93,28.43,2658285,74008512.00
2024-12-03,28.43,28.43,28.43,28.43,0,0.00
#数据来源:通达信
