873693 阿为特 日线 不复权
      日期	    开盘	    最高	    最低	    收盘	    成交量	    成交额
2023-10-27,15.00,86.00,15.00,70.49,11400524,258067536.00
2023-10-30,49.35,49.35,49.35,49.35,469738,23181570.00
2023-10-31,34.55,34.55,34.55,34.55,698718,24140706.00
2023-11-01,29.00,35.20,28.00,29.15,8896465,271261824.00
2023-11-02,27.00,31.55,26.50,29.50,5699329,167323072.00
2023-11-03,30.00,30.30,27.27,27.74,4865535,137253008.00
2023-11-06,27.01,28.96,25.25,28.38,5078305,136769520.00
2023-11-07,27.80,30.00,27.42,28.65,4724919,136772320.00
2023-11-08,28.00,37.20,27.80,33.87,7159710,235090816.00
2023-11-09,32.30,35.16,31.47,32.11,4837461,158318880.00
2023-11-10,33.00,39.79,32.80,36.73,6180345,224798976.00
2023-11-13,38.00,46.74,37.11,45.00,4697542,195676208.00
2023-11-14,42.00,49.02,41.00,44.60,5110147,232493360.00
2023-11-15,45.80,48.50,43.16,46.07,3722482,170251952.00
2023-11-16,43.50,44.88,38.88,39.50,3526643,150159344.00
2023-11-17,39.50,50.00,39.50,49.00,4480099,201089232.00
2023-11-20,46.66,55.00,46.00,49.19,4424900,225986416.00
2023-11-21,48.44,58.20,47.00,53.07,5366426,278619296.00
2023-11-22,50.97,55.50,50.20,52.57,3888386,205686720.00
2023-11-23,50.10,52.40,46.20,48.22,3765692,183603488.00
2023-11-24,47.65,49.82,45.00,45.54,3764445,178453488.00
2023-11-27,45.00,59.20,44.07,59.20,6386609,333259488.00
2023-11-28,56.00,71.00,51.18,58.60,6216281,370631552.00
2023-11-29,56.00,61.59,51.30,52.58,3924419,217062128.00
2023-11-30,53.00,54.94,48.88,49.96,2729352,140684720.00
2023-12-01,50.96,51.00,45.00,45.08,3016198,140144032.00
2023-12-04,43.00,44.49,41.83,42.60,2331743,100178224.00
2023-12-05,43.00,48.00,42.94,46.46,3963618,182070960.00
2023-12-06,46.00,47.88,43.50,43.52,2884703,128763312.00
2023-12-07,43.00,44.36,42.10,42.81,2038135,88239056.00
2023-12-08,43.99,46.50,43.97,44.17,2692792,121131928.00
2023-12-11,45.00,45.50,42.00,42.90,1739039,75132152.00
2023-12-12,42.66,43.47,41.89,42.48,1326827,56440172.00
2023-12-13,42.56,44.99,41.87,43.32,2626765,114439976.00
2023-12-14,42.76,44.89,42.50,44.89,2704043,118985112.00
2023-12-15,45.02,52.50,45.02,50.28,5312213,262100960.00
2023-12-18,48.30,52.00,48.01,49.49,3432110,170428704.00
2023-12-19,50.49,50.49,47.03,48.10,2262694,109924216.00
2023-12-20,48.08,54.38,47.21,52.20,3916161,201144800.00
2023-12-21,50.10,51.54,40.23,42.58,4283982,202134448.00
2023-12-22,41.09,44.09,41.00,42.72,1860688,79488168.00
2023-12-25,42.30,43.89,42.28,43.56,1571951,68011472.00
2023-12-26,43.56,44.65,39.90,41.50,1998187,85412432.00
2023-12-27,41.09,43.88,40.80,42.34,1514282,64028908.00
2023-12-28,41.99,43.32,40.72,41.50,1873234,78188504.00
2023-12-29,42.06,42.98,41.01,41.54,1421837,59524048.00
2024-01-02,41.03,42.80,40.95,42.51,1611858,67984888.00
2024-01-03,42.68,45.97,42.03,45.84,3313797,147531184.00
2024-01-04,44.50,45.78,43.26,44.67,2087959,92731048.00
2024-01-05,44.67,45.20,41.80,42.49,1574875,68247200.00
2024-01-08,42.47,42.50,38.60,39.10,1562135,63113556.00
2024-01-09,38.86,40.68,35.13,36.26,1658806,62238860.00
2024-01-10,36.05,36.94,35.19,36.13,866874,31343640.00
2024-01-11,36.44,37.40,35.94,36.94,844792,31144974.00
2024-01-12,37.76,37.80,32.88,32.90,1671733,57861752.00
2024-01-15,32.39,32.90,29.60,30.88,1194328,36992716.00
2024-01-16,30.97,35.24,29.80,34.00,2058277,66802100.00
2024-01-17,33.00,34.22,31.88,32.30,1315723,43751692.00
2024-01-18,31.78,33.25,31.47,32.67,1151222,37363180.00
2024-01-19,33.18,34.48,32.82,33.56,1143141,38618448.00
2024-01-22,32.99,33.95,30.58,31.34,861378,27959602.00
2024-01-23,31.17,32.36,31.17,31.55,583743,18480788.00
2024-01-24,31.95,34.60,31.63,33.89,2124134,71208472.00
2024-01-25,33.42,40.40,33.06,38.40,4204674,159042400.00
2024-01-26,36.50,39.99,35.50,37.95,3623661,136660048.00
2024-01-29,36.66,40.48,36.60,38.41,3129552,121627768.00
2024-01-30,37.40,38.39,33.03,35.83,2671857,94452584.00
2024-01-31,35.04,36.73,33.10,33.34,1769889,61717196.00
2024-02-01,33.28,33.31,30.18,30.52,1647853,52184888.00
2024-02-02,30.18,31.37,27.57,29.56,1888911,56521792.00
2024-02-05,28.54,30.74,26.00,28.61,1393128,39306856.00
2024-02-06,28.28,31.33,28.01,30.80,1908218,57352672.00
2024-02-07,32.29,32.48,29.40,29.55,2011461,62817340.00
2024-02-08,28.96,31.99,28.01,29.76,1545838,45432900.00
2024-02-19,30.00,31.03,29.60,31.03,1494962,45285908.00
2024-02-20,30.60,33.19,30.60,32.10,1752967,56355256.00
2024-02-21,31.61,33.00,31.61,31.93,1339875,43324496.00
2024-02-22,31.88,36.49,31.50,34.55,2811624,96566096.00
2024-02-23,33.85,35.09,33.49,33.55,1766124,59990628.00
2024-02-26,38.99,38.99,34.48,34.49,2493221,89588296.00
2024-02-27,33.01,35.60,32.92,35.52,2458443,85458384.00
2024-02-28,35.52,37.60,33.25,33.25,2244214,79417208.00
2024-02-29,32.41,36.00,32.41,34.69,2149006,75020120.00
2024-03-01,34.68,35.90,34.01,34.75,1930320,67187608.00
2024-03-04,34.96,34.96,33.24,33.38,1363955,46028824.00
2024-03-05,32.95,33.78,31.53,31.89,1454298,47274876.00
2024-03-06,31.50,33.33,31.50,33.01,1106844,36134724.00
2024-03-07,34.00,34.00,32.12,32.21,875596,28753842.00
2024-03-08,32.21,32.63,31.90,32.01,636172,20402822.00
2024-03-11,32.00,32.67,31.81,32.26,732754,23522638.00
2024-03-12,32.55,33.55,32.00,33.36,1195207,39149008.00
2024-03-13,33.35,33.37,32.17,32.25,872000,28416382.00
2024-03-14,32.74,32.77,30.82,31.00,994745,31248622.00
2024-03-15,31.20,32.50,30.91,31.99,1104199,35124608.00
2024-03-18,31.68,32.38,31.50,31.91,796844,25385746.00
2024-03-19,31.64,32.31,30.94,30.96,812189,25515662.00
2024-03-20,31.37,31.37,30.30,30.56,677883,20852438.00
2024-03-21,30.51,30.89,29.88,29.90,966702,29159376.00
2024-03-22,30.30,30.30,28.95,29.01,738277,21617384.00
2024-03-25,29.01,29.49,28.40,28.51,719342,20722424.00
2024-03-26,28.46,29.27,28.40,28.83,502477,14447175.00
2024-03-27,28.53,29.90,28.52,28.97,806823,23716320.00
2024-03-28,28.83,29.35,28.63,28.84,793711,22974756.00
2024-03-29,28.66,29.06,28.53,28.76,448224,12869369.00
2024-04-01,28.98,29.30,28.46,28.78,388722,11171388.00
2024-04-02,28.79,30.50,28.78,29.75,1343006,40379044.00
2024-04-03,29.46,30.32,28.80,28.80,705078,20763442.00
2024-04-08,28.88,29.46,26.50,26.84,1332647,36122984.00
2024-04-09,26.86,27.19,26.50,26.60,656011,17491108.00
2024-04-10,26.86,28.51,26.31,27.06,996196,27407796.00
2024-04-11,26.67,27.29,26.20,26.25,922215,24478762.00
2024-04-12,26.85,26.85,25.30,25.31,496890,12873074.00
2024-04-15,25.78,25.78,22.88,23.27,1102595,25970114.00
2024-04-16,23.35,23.35,19.31,19.96,1280070,26686672.00
2024-04-17,20.65,21.90,20.00,21.84,1304885,27718874.00
2024-04-18,21.75,23.35,21.01,22.02,1200152,26659626.00
2024-04-19,21.69,23.00,20.90,22.59,1224797,27099712.00
2024-04-22,21.50,23.20,21.48,21.90,874869,19485728.00
2024-04-23,21.90,22.31,21.70,21.96,572902,12581644.00
2024-04-24,22.24,22.24,21.50,21.60,603176,13109432.00
2024-04-25,21.38,21.79,20.79,20.96,612596,12992348.00
2024-04-26,21.26,21.26,20.80,20.98,593742,12468208.00
2024-04-29,21.28,22.50,20.90,21.93,1043193,22429910.00
2024-04-30,21.94,22.88,21.88,22.34,1003290,22520046.00
2024-05-06,22.70,22.92,22.17,22.20,701758,15734609.00
2024-05-07,22.10,22.20,21.78,21.90,492821,10806427.00
2024-05-08,22.12,23.45,21.80,22.79,1330490,30454426.00
2024-05-09,22.51,23.01,22.40,22.57,791903,17916570.00
2024-05-10,22.53,22.68,21.58,21.69,716539,15715590.00
2024-05-13,21.39,21.96,20.89,21.25,403901,8628606.00
2024-05-14,21.16,21.59,20.99,21.30,261218,5549494.00
2024-05-15,21.30,21.58,20.81,20.86,412454,8657269.00
2024-05-16,20.86,21.19,20.33,20.39,490349,10090689.00
2024-05-17,20.10,20.55,20.10,20.42,313136,6365602.50
2024-05-20,20.60,21.12,20.45,20.52,321545,6631839.00
2024-05-21,20.72,20.72,20.00,20.05,332492,6735173.50
2024-05-22,20.18,20.27,20.03,20.17,280123,5644424.00
2024-05-23,20.38,26.22,20.30,26.22,4282746,102963208.00
2024-05-24,29.89,32.50,28.12,28.30,6147717,185779360.00
2024-05-27,26.30,33.60,26.13,32.02,5814972,170369024.00
2024-05-28,30.00,34.77,30.00,30.10,5081595,162200592.00
2024-05-29,29.00,31.03,28.40,28.90,3606228,106494712.00
2024-05-30,27.65,30.63,27.07,28.00,3413377,97548960.00
2024-05-31,27.00,28.82,27.00,27.60,2807362,78227088.00
2024-06-03,27.80,28.50,25.38,26.28,2831106,75980168.00
2024-06-04,26.02,26.88,24.60,25.32,2317710,59369100.00
2024-06-05,24.98,25.98,24.68,24.94,1972132,49555604.00
2024-06-06,24.71,26.87,23.63,25.89,3536459,90331928.00
2024-06-07,25.70,27.10,24.85,25.39,2180114,56756120.00
2024-06-11,25.30,27.10,24.96,27.10,2988606,78150440.00
2024-06-12,26.88,27.10,25.93,26.43,2325089,61464092.00
2024-06-13,26.39,29.52,26.02,27.48,3205128,88689440.00
2024-06-14,26.88,28.20,26.42,27.16,2399313,65887632.00
2024-06-17,26.73,28.20,26.22,27.46,2135347,58450176.00
2024-06-18,27.80,27.96,26.64,26.84,1682878,45677828.00
2024-06-19,26.52,27.88,26.20,26.89,1974693,53407820.00
2024-06-20,26.59,26.59,25.20,25.33,1594254,41047484.00
2024-06-21,25.15,25.98,24.69,24.70,1082852,27447698.00
2024-06-24,24.59,25.60,24.00,24.24,1253375,31208846.00
2024-06-25,24.20,24.87,23.56,23.66,1230701,29805664.00
2024-06-26,23.65,23.89,22.81,23.66,1511542,35127924.00
2024-06-27,23.60,24.11,23.25,23.26,1205695,28551054.00
2024-06-28,23.63,24.36,22.90,23.48,1095403,26008552.00
2024-07-01,23.20,23.64,23.00,23.29,815851,18930370.00
2024-07-02,23.35,23.64,22.54,22.80,674967,15648923.00
2024-07-03,23.22,23.22,21.62,21.70,1151263,25223770.00
2024-07-04,21.99,23.40,21.70,22.37,1608464,36505508.00
2024-07-05,22.49,22.49,21.68,22.04,868660,19112850.00
2024-07-08,21.72,22.13,20.66,20.75,893464,18910470.00
2024-07-09,20.60,22.07,20.50,21.53,1196546,25400214.00
2024-07-10,21.48,21.96,20.82,20.86,885778,18859700.00
2024-07-11,21.50,24.20,21.11,22.58,1954914,44164880.00
2024-07-12,22.14,23.46,22.00,23.01,1540653,35356732.00
2024-07-15,23.10,23.86,22.34,23.60,1627410,37591476.00
2024-07-16,23.03,26.00,22.84,25.30,2800967,68836088.00
2024-07-17,24.78,29.85,24.76,28.53,5005414,136420368.00
2024-07-18,28.30,31.31,26.88,27.22,5371699,158262592.00
2024-07-19,25.80,28.44,25.33,25.70,3715644,98393712.00
2024-07-22,25.74,25.74,24.56,25.23,2117420,53166124.00
2024-07-23,25.01,25.94,24.30,24.47,1950294,48697444.00
2024-07-24,24.62,24.62,23.12,23.19,1635643,38764748.00
2024-07-25,23.00,23.84,22.57,23.30,1247622,29108224.00
2024-07-26,23.18,23.78,23.00,23.32,1197569,27977358.00
2024-07-29,23.65,24.23,23.26,23.59,1438562,34129660.00
2024-07-30,23.21,24.20,22.91,24.05,1501280,35662852.00
2024-07-31,24.00,24.98,23.64,24.64,1839589,45315848.00
2024-08-01,25.16,25.50,24.45,24.68,1631661,40612196.00
2024-08-02,24.00,24.28,23.00,23.05,1774561,41930364.00
2024-08-05,22.82,23.27,22.03,22.10,946058,21290742.00
2024-08-06,22.58,22.75,22.13,22.45,686845,15364121.00
2024-08-07,22.50,22.69,22.16,22.53,501590,11288849.00
2024-08-08,22.41,22.47,21.85,21.99,461488,10222962.00
2024-08-09,22.40,22.92,22.06,22.40,755770,17092258.00
2024-08-12,22.07,22.90,22.07,22.59,691027,15604435.00
2024-08-13,22.32,22.77,22.31,22.60,348621,7832497.50
2024-08-14,22.70,22.70,21.98,22.00,481800,10681985.00
2024-08-15,21.82,22.30,21.64,21.99,532831,11681671.00
2024-08-16,21.98,22.55,21.78,21.83,574314,12678483.00
2024-08-19,21.76,21.93,21.41,21.55,461616,9960164.00
2024-08-20,21.80,22.77,21.47,22.19,1156250,25718278.00
2024-08-21,22.14,22.88,22.05,22.73,1321880,29836924.00
2024-08-22,22.40,22.94,21.61,21.61,783847,17315530.00
2024-08-23,21.55,22.17,21.30,21.30,571724,12360827.00
2024-08-26,21.21,21.66,21.01,21.10,402067,8546765.00
2024-08-27,20.80,20.95,20.18,20.19,605406,12340648.00
2024-08-28,20.18,20.80,19.90,20.69,578498,11833257.00
2024-08-29,20.48,20.77,20.28,20.69,500472,10306094.00
2024-08-30,20.54,21.66,20.54,21.33,821059,17527500.00
2024-09-02,21.09,21.50,20.44,20.52,557212,11649680.00
2024-09-03,20.56,20.89,20.21,20.69,498150,10292349.00
2024-09-04,20.70,20.70,20.28,20.35,372903,7607273.50
2024-09-05,20.11,20.59,20.11,20.44,331756,6766533.00
2024-09-06,20.39,20.78,20.31,20.34,387419,7924372.00
2024-09-09,20.21,20.97,20.21,20.94,706687,14656791.00
2024-09-10,20.90,21.15,20.55,21.08,484476,10095275.00
2024-09-11,20.87,20.98,20.46,20.60,462766,9561625.00
2024-09-12,21.01,21.01,20.20,20.20,335313,6893274.00
2024-09-13,20.22,24.31,20.12,22.34,2540498,56364764.00
2024-09-18,23.30,25.00,22.53,23.56,3501061,82872896.00
2024-09-19,22.62,23.48,22.60,22.75,2441953,55941936.00
2024-09-20,21.96,23.20,21.96,22.26,1149388,25724582.00
2024-09-23,21.82,22.25,21.68,21.91,1162228,25460304.00
2024-09-24,22.00,23.62,21.51,22.87,2390426,54302056.00
2024-09-25,22.93,24.00,22.46,22.90,2532437,58612288.00
2024-09-26,22.70,23.29,22.44,22.98,1491967,34033744.00
2024-09-27,23.50,25.49,23.20,25.10,4169579,102493272.00
2024-09-30,26.47,31.99,26.38,30.95,5437739,157267728.00
2024-10-08,40.23,40.23,35.52,40.23,7191438,279605920.00
2024-10-09,35.69,40.24,33.17,34.06,6228765,235550400.00
2024-10-10,34.07,36.20,30.65,32.21,4334175,145214528.00
2024-10-11,32.21,32.21,28.00,28.82,3114846,92130816.00
2024-10-14,28.08,31.19,28.08,30.75,2742205,82080952.00
2024-10-15,30.03,33.50,30.00,30.29,3473303,109404960.00
2024-10-16,31.00,33.00,30.01,31.25,2970824,94307416.00
2024-10-17,31.94,36.00,31.26,32.99,5282796,176508096.00
2024-10-18,32.34,42.88,32.30,42.88,8999387,344856224.00
2024-10-21,50.00,55.74,47.00,55.74,10489009,554486656.00
2024-10-22,50.00,55.23,42.83,45.90,10059250,496967840.00
2024-10-23,42.66,47.60,42.66,45.41,5899869,267075696.00
2024-10-24,44.12,51.99,43.51,47.68,7091204,338113344.00
2024-10-25,46.52,50.79,43.50,43.61,8192690,388159072.00
2024-10-28,42.09,50.00,42.09,48.00,6477448,303098496.00
2024-10-29,49.00,51.50,46.66,49.22,6201942,305794304.00
2024-10-30,46.60,49.95,45.24,47.49,4776153,225266336.00
2024-10-31,45.60,49.88,44.50,46.90,5152846,241542112.00
2024-11-01,52.52,58.60,44.09,45.80,7973457,417614336.00
2024-11-04,45.92,52.00,41.41,48.85,5437114,260831472.00
2024-11-05,48.60,54.63,47.01,54.63,6974917,356838976.00
2024-11-06,55.99,59.98,51.01,54.47,7056281,391165856.00
2024-11-07,52.00,55.88,51.27,53.18,4423445,234851328.00
2024-11-08,55.00,67.00,53.01,61.44,7846998,451484704.00
2024-11-11,63.97,73.64,60.31,60.35,8409029,554107648.00
2024-11-12,57.80,61.20,56.10,56.64,5252098,303307584.00
2024-11-13,56.80,57.68,53.71,57.24,3312922,184221312.00
2024-11-14,56.84,59.98,54.87,57.23,3981963,230757600.00
2024-11-15,58.80,60.70,56.19,60.28,4523134,265290144.00
2024-11-18,60.12,60.51,50.68,51.50,3609811,206906768.00
2024-11-19,51.96,55.44,49.08,53.95,3532972,183308384.00
2024-11-20,53.00,56.00,51.51,55.11,3229834,174936688.00
2024-11-21,54.70,57.08,54.08,55.04,3096354,171125392.00
2024-11-22,54.36,55.70,50.00,50.00,3343283,175475408.00
2024-11-25,50.00,51.05,46.00,48.45,2390765,115338312.00
2024-11-26,48.00,48.99,45.71,45.77,1907519,90797920.00
2024-11-27,45.80,46.45,42.40,46.42,2324113,102988288.00
2024-11-28,46.42,49.79,46.32,46.76,2450850,116564192.00
2024-11-29,46.18,48.68,45.08,47.81,2524375,119229176.00
2024-12-02,48.15,52.51,48.00,52.00,3701480,186509968.00
2024-12-03,52.00,52.00,52.00,52.00,0,0.00
#数据来源:通达信
