873726 卓兆点胶 日线 不复权
      日期	    开盘	    最高	    最低	    收盘	    成交量	    成交额
2023-10-19,24.45,24.45,22.22,23.00,4369305,101777032.00
2023-10-20,21.99,22.50,21.38,21.38,1213702,26401128.00
2023-10-23,21.38,22.55,20.74,21.50,818923,17625126.00
2023-10-24,21.24,21.65,20.96,21.02,413284,8739622.00
2023-10-25,21.09,22.30,21.09,21.82,637022,13779120.00
2023-10-26,21.48,21.64,21.00,21.36,374245,7956223.50
2023-10-27,21.10,23.89,21.10,23.46,1471808,33813736.00
2023-10-30,23.03,23.97,22.91,22.99,1067261,25133492.00
2023-10-31,21.85,22.45,21.68,21.80,687147,14997265.00
2023-11-01,21.90,22.03,21.20,21.32,565825,12097914.00
2023-11-02,21.45,21.48,21.06,21.36,209062,4458484.00
2023-11-03,21.42,21.95,21.28,21.75,395039,8594965.00
2023-11-06,21.99,21.99,21.56,21.92,336229,7332830.00
2023-11-07,21.92,21.96,21.72,21.96,219971,4806311.50
2023-11-08,21.91,23.33,21.90,22.68,750571,17170398.00
2023-11-09,22.39,22.73,22.13,22.27,441760,9838256.00
2023-11-10,22.22,23.16,22.06,22.80,467207,10633539.00
2023-11-13,22.82,22.96,22.28,22.90,339752,7681883.00
2023-11-14,23.10,23.84,22.70,23.61,698297,16306667.00
2023-11-15,23.68,24.17,23.20,23.26,589263,13987468.00
2023-11-16,23.29,23.55,22.79,22.91,349530,8056765.00
2023-11-17,22.72,22.98,22.61,22.79,280192,6374317.50
2023-11-20,22.99,23.94,22.77,23.70,600242,14069592.00
2023-11-21,23.51,26.08,23.50,24.63,1636765,41104232.00
2023-11-22,24.51,26.00,24.01,25.96,1428195,36365796.00
2023-11-23,25.88,26.97,25.12,25.59,1563945,40764116.00
2023-11-24,25.88,26.97,25.16,26.50,3151318,82176976.00
2023-11-27,26.70,31.09,26.61,29.16,4340355,122780424.00
2023-11-28,27.50,37.76,27.21,34.79,5548386,182297120.00
2023-11-29,33.04,35.61,30.04,30.34,3863430,125045392.00
2023-11-30,29.80,32.34,28.51,29.15,2065317,62325396.00
2023-12-01,29.28,30.10,27.02,29.05,2266942,63435876.00
2023-12-04,28.08,29.90,27.71,28.79,1569599,45287028.00
2023-12-05,28.35,30.98,28.33,30.37,2635183,78630184.00
2023-12-06,29.50,30.58,28.53,28.82,1756359,51485652.00
2023-12-07,29.00,30.99,28.34,29.86,1720155,51444876.00
2023-12-08,30.01,31.13,29.62,30.30,1221397,37063888.00
2023-12-11,30.72,32.21,29.72,30.26,1076956,33125984.00
2023-12-12,29.54,30.23,29.01,29.94,1016703,30183210.00
2023-12-13,29.90,30.96,29.71,30.38,1258644,38296352.00
2023-12-14,30.37,31.49,29.93,30.52,1708315,52606484.00
2023-12-15,30.37,31.15,30.01,30.60,909336,27786986.00
2023-12-18,30.99,31.78,30.67,31.43,1480750,46339512.00
2023-12-19,31.80,31.80,30.12,30.73,915156,28127810.00
2023-12-20,30.33,33.32,30.33,32.89,2442147,79472080.00
2023-12-21,32.88,33.85,25.60,30.00,2759441,87301872.00
2023-12-22,29.31,32.78,29.20,32.53,2681569,84968792.00
2023-12-25,33.00,39.88,33.00,38.12,4264600,156347312.00
2023-12-26,37.60,40.40,36.67,39.50,3960934,153412320.00
2023-12-27,38.79,41.49,37.51,40.83,3633045,143484816.00
2023-12-28,40.70,43.90,38.80,39.39,3850570,158887904.00
2023-12-29,39.43,47.96,37.90,43.64,4661968,200408960.00
2024-01-02,42.96,45.66,42.00,44.90,4375522,191884080.00
2024-01-03,44.00,49.44,41.70,48.71,4706686,212021776.00
2024-01-04,48.00,49.94,46.42,46.75,3651590,173828176.00
2024-01-05,46.00,47.37,41.80,43.95,2982582,133578720.00
2024-01-08,43.54,45.22,41.50,41.50,2095841,91624728.00
2024-01-09,41.90,42.99,37.88,39.49,3524094,140551520.00
2024-01-10,39.00,40.53,38.15,39.22,2182930,85824304.00
2024-01-11,38.91,39.48,36.68,38.76,2545366,97010784.00
2024-01-12,37.90,38.45,33.53,33.63,3411767,121497480.00
2024-01-15,33.03,34.49,31.90,32.29,1923286,63630024.00
2024-01-16,32.80,36.06,31.70,35.50,2641723,90427264.00
2024-01-17,34.81,38.60,34.70,36.00,2894114,107327264.00
2024-01-18,35.00,38.00,35.00,37.99,2143417,78504624.00
2024-01-19,38.80,39.48,37.24,38.70,2582185,99560088.00
2024-01-22,39.49,41.88,37.22,37.32,2719630,108143432.00
2024-01-23,37.38,37.99,35.10,37.00,1758847,64542204.00
2024-01-24,37.49,37.49,33.66,35.47,1991053,70175840.00
2024-01-25,35.02,35.49,32.80,33.34,1620025,54809756.00
2024-01-26,33.22,35.10,32.52,33.50,1211657,41229804.00
2024-01-29,33.70,33.76,30.03,30.03,1323187,41691648.00
2024-01-30,30.03,31.43,29.07,30.32,1155984,34900460.00
2024-01-31,30.57,32.97,29.68,31.63,1461451,46058756.00
2024-02-01,31.22,31.63,29.60,29.60,978597,29989462.00
2024-02-02,29.58,30.30,26.56,27.27,1237105,34818376.00
2024-02-05,27.01,31.29,26.03,28.81,1847186,52897048.00
2024-02-06,28.20,31.68,27.92,31.09,1708296,52397016.00
2024-02-07,31.50,32.44,29.29,29.29,1762801,54808228.00
2024-02-08,29.55,30.39,27.32,30.13,1141058,33410270.00
2024-02-19,30.10,30.96,29.00,30.85,1182669,35533648.00
2024-02-20,30.51,31.76,29.74,31.12,1065498,32977502.00
2024-02-21,30.50,32.48,30.50,30.83,1174541,36831404.00
2024-02-22,30.51,31.28,30.12,30.45,875884,26703300.00
2024-02-23,30.05,30.98,29.05,29.30,944005,28213464.00
2024-02-26,29.72,32.30,29.60,31.56,1762906,55066632.00
2024-02-27,30.86,33.90,30.73,33.45,2227842,73146104.00
2024-02-28,33.78,35.98,33.03,34.55,2588036,89583600.00
2024-02-29,30.97,33.87,30.50,33.69,4037808,129527952.00
2024-03-01,33.05,33.15,31.70,31.71,2344108,75502400.00
2024-03-04,31.53,31.90,29.94,30.20,1627168,49578748.00
2024-03-05,29.98,29.98,27.90,28.19,2163390,61975288.00
2024-03-06,28.44,29.35,28.20,28.86,1414152,40886888.00
2024-03-07,28.66,29.30,27.11,27.11,1265856,35575692.00
2024-03-08,27.20,27.65,26.80,27.29,882715,24031548.00
2024-03-11,27.01,27.95,26.91,27.73,913951,25094054.00
2024-03-12,27.60,27.80,27.17,27.36,753383,20612220.00
2024-03-13,27.38,27.63,26.62,26.80,707353,19118782.00
2024-03-14,26.81,27.00,26.10,26.35,837169,22220932.00
2024-03-15,26.24,27.88,26.03,27.48,1463193,39985048.00
2024-03-18,27.38,27.72,27.13,27.50,743147,20357884.00
2024-03-19,27.55,28.51,27.00,27.70,1132385,31576670.00
2024-03-20,27.88,27.89,27.01,27.47,774732,21216990.00
2024-03-21,27.40,27.43,26.50,26.61,898492,24054874.00
2024-03-22,26.50,26.85,26.06,26.09,637937,16724028.00
2024-03-25,26.02,26.03,24.62,24.72,807516,20381410.00
2024-03-26,24.71,25.31,24.02,25.15,789201,19404414.00
2024-03-27,25.19,26.26,24.80,24.80,795448,20378510.00
2024-03-28,24.56,25.25,24.25,24.77,493781,12258330.00
2024-03-29,24.50,24.87,24.28,24.28,593513,14544648.00
2024-04-01,24.56,24.56,24.22,24.27,414528,10077884.00
2024-04-02,24.27,24.50,24.03,24.04,471278,11370879.00
2024-04-03,24.13,24.38,23.50,23.50,413632,9821755.00
2024-04-08,23.40,23.73,22.64,22.70,420278,9701864.00
2024-04-09,22.70,23.10,22.61,22.96,286109,6535570.00
2024-04-10,23.10,24.49,22.83,23.80,1029343,24767816.00
2024-04-11,23.97,26.27,23.95,25.69,1812701,45989204.00
2024-04-12,25.12,25.87,24.27,24.69,842747,21005658.00
2024-04-15,24.51,24.64,22.91,22.93,833030,19513394.00
2024-04-16,23.30,23.31,20.08,20.81,1049079,22231648.00
2024-04-17,20.93,22.05,20.93,21.99,756939,16486730.00
2024-04-18,22.48,22.97,21.96,22.30,878137,19705702.00
2024-04-19,22.43,22.43,21.45,21.59,641920,13971406.00
2024-04-22,21.95,22.00,21.05,21.16,427345,9150653.00
2024-04-23,22.00,22.99,21.42,22.40,1090999,24424486.00
2024-04-24,21.02,22.30,21.02,22.00,604613,13208864.00
2024-04-25,21.88,22.22,21.30,21.66,433565,9416419.00
2024-04-26,21.52,22.21,21.48,22.00,423776,9300111.00
2024-04-29,20.12,20.74,19.80,20.30,1698472,34276340.00
2024-04-30,20.10,20.26,19.74,19.74,886815,17652130.00
2024-05-06,19.80,20.16,19.80,19.94,554384,11067399.00
2024-05-07,20.05,20.08,19.73,19.88,335891,6689955.50
2024-05-08,19.99,20.16,19.82,19.94,315795,6312356.50
2024-05-09,20.00,20.05,19.83,19.89,473158,9421499.00
2024-05-10,19.74,19.75,18.48,18.60,1154346,21790200.00
2024-05-13,18.68,18.80,17.67,17.84,792205,14357764.00
2024-05-14,18.10,18.17,17.54,17.94,346303,6215369.50
2024-05-15,17.86,18.08,17.67,17.75,273711,4880899.50
2024-05-16,17.94,17.94,17.26,17.33,507459,8852348.00
2024-05-17,17.47,17.47,17.06,17.27,346761,5943547.00
2024-05-20,17.27,17.28,17.06,17.14,239105,4093694.00
2024-05-21,17.07,17.14,17.00,17.09,231137,3943089.75
2024-05-22,17.14,18.48,17.11,18.14,995938,17995588.00
2024-05-23,18.42,19.04,17.61,18.94,1400692,26104840.00
2024-05-24,18.61,18.75,17.71,17.71,779969,14191473.00
2024-05-27,17.73,18.18,17.33,17.64,335640,5925000.50
2024-05-28,17.94,18.25,17.67,17.88,481009,8657584.00
2024-05-29,18.12,18.99,18.12,18.36,603207,11142385.00
2024-05-30,18.05,18.44,17.76,17.76,382814,6874455.00
2024-05-31,17.70,18.09,17.40,17.40,287457,5090484.50
2024-06-03,17.45,17.62,16.70,16.74,498425,8505004.00
2024-06-04,16.70,17.84,16.60,17.27,421425,7258470.50
2024-06-05,17.21,17.50,16.82,16.94,249007,4271450.50
2024-06-06,17.12,17.29,16.21,16.52,366013,6048008.00
2024-06-07,16.55,17.02,16.40,16.90,273621,4590284.00
2024-06-11,16.99,17.60,16.61,17.50,478576,8300875.00
2024-06-12,17.88,20.37,17.88,19.17,1930319,37237412.00
2024-06-13,18.90,20.00,18.41,18.66,1722467,33038698.00
2024-06-14,18.47,19.67,18.31,19.09,1299240,24947522.00
2024-06-17,18.99,20.38,18.80,19.94,1695981,33808420.00
2024-06-18,19.89,20.75,19.36,19.44,1324651,26519336.00
2024-06-19,19.50,19.99,18.77,19.45,1189269,23030810.00
2024-06-20,19.23,19.32,18.21,18.35,847406,15833081.00
2024-06-21,18.32,18.97,18.32,18.67,701232,13122604.00
2024-06-24,18.83,18.83,17.35,17.38,563327,10047773.00
2024-06-25,17.61,17.79,17.04,17.38,516638,8972505.00
2024-06-26,17.17,17.61,17.01,17.48,351964,6141236.00
2024-06-27,17.48,17.93,16.91,17.07,647430,11210991.00
2024-06-28,16.93,17.66,16.93,17.20,527670,9133293.00
2024-07-01,17.20,17.22,16.66,16.95,492929,8362271.00
2024-07-02,16.88,17.14,16.88,16.94,186693,3167552.00
2024-07-03,17.00,17.20,16.69,16.73,219236,3682743.00
2024-07-04,16.73,17.11,16.37,16.56,266928,4468434.00
2024-07-05,16.03,16.10,15.51,15.82,236085,3734164.50
2024-07-08,15.99,15.99,15.33,15.40,259914,4056113.50
2024-07-09,15.41,16.27,15.10,16.01,409303,6446108.50
2024-07-10,16.05,16.05,15.34,15.40,398064,6233159.00
2024-07-11,15.80,15.94,15.50,15.71,261989,4120252.25
2024-07-12,15.66,16.20,15.64,15.83,351645,5603011.50
2024-07-15,15.68,15.69,15.16,15.25,369332,5668296.50
2024-07-16,15.42,16.60,15.11,16.60,1074185,17179186.00
2024-07-17,16.70,21.48,16.70,21.25,3945662,77805592.00
2024-07-18,19.95,20.35,18.80,18.83,2278581,44468120.00
2024-07-19,18.83,19.59,18.08,18.21,1435717,26875694.00
2024-07-22,18.23,18.87,17.52,18.87,1130036,20608256.00
2024-07-23,18.62,19.50,18.01,18.01,1025813,19164516.00
2024-07-24,17.59,18.23,17.20,17.34,639569,11271137.00
2024-07-25,17.35,18.01,17.02,17.52,475107,8332109.00
2024-07-26,17.52,17.75,17.25,17.70,516565,9067215.00
2024-07-29,17.55,17.94,17.44,17.52,372779,6567384.50
2024-07-30,17.52,17.95,17.52,17.89,354408,6283835.00
2024-07-31,17.80,18.38,17.80,18.35,549840,10004623.00
2024-08-01,18.36,18.50,17.92,17.93,438665,7961587.00
2024-08-02,17.94,18.07,17.00,17.10,509956,8857716.00
2024-08-05,17.10,17.29,16.29,16.31,394675,6610696.50
2024-08-06,16.37,16.86,16.30,16.36,205942,3403320.00
2024-08-07,16.30,16.57,15.91,16.37,282903,4588090.00
2024-08-08,16.49,16.49,16.06,16.25,166991,2718187.75
2024-08-09,16.32,16.41,15.82,15.99,419123,6708456.00
2024-08-12,15.88,16.32,15.82,16.06,158598,2541813.25
2024-08-13,16.28,16.28,15.86,16.00,141189,2255749.75
2024-08-14,16.15,16.19,15.59,15.85,216001,3411075.50
2024-08-15,15.87,16.15,15.58,16.00,226628,3610690.00
2024-08-16,16.07,16.43,16.07,16.22,434712,7079857.00
2024-08-19,16.30,16.69,15.94,16.06,257046,4173297.75
2024-08-20,16.03,16.80,16.00,16.40,542317,8926194.00
2024-08-21,16.42,16.56,15.88,15.98,375157,6043011.00
2024-08-22,15.76,16.09,15.20,15.23,560617,8716533.00
2024-08-23,14.98,15.10,14.74,15.03,489533,7295061.00
2024-08-26,14.83,15.30,14.82,15.06,214214,3243371.75
2024-08-27,15.20,15.35,14.86,15.06,253443,3816293.25
2024-08-28,15.06,15.42,14.76,15.18,273029,4142680.50
2024-08-29,15.11,15.67,15.03,15.36,286207,4387822.00
2024-08-30,15.28,15.97,15.28,15.85,421597,6652350.00
2024-09-02,15.81,15.92,15.45,15.58,254855,3966184.75
2024-09-03,15.58,15.79,15.30,15.59,192309,2995376.75
2024-09-04,15.44,15.45,15.11,15.15,171310,2609723.25
2024-09-05,15.20,15.47,15.03,15.05,222268,3378241.25
2024-09-06,15.17,15.17,14.80,14.97,196583,2947557.00
2024-09-09,14.88,15.13,14.80,14.83,119051,1775337.00
2024-09-10,14.81,14.86,14.23,14.43,279156,4048432.25
2024-09-11,14.54,14.76,14.28,14.45,210331,3063547.50
2024-09-12,14.59,14.65,14.25,14.25,138188,1992638.25
2024-09-13,14.19,14.90,14.06,14.55,269808,3909539.50
2024-09-18,14.54,14.94,14.36,14.61,268323,3937120.25
2024-09-19,14.68,14.86,14.49,14.70,210098,3095656.50
2024-09-20,14.90,14.96,14.60,14.66,212182,3127948.00
2024-09-23,14.80,14.80,14.23,14.36,199582,2897873.50
2024-09-24,14.40,14.79,14.22,14.78,337493,4925847.50
2024-09-25,15.55,16.00,15.08,15.10,734626,11422907.00
2024-09-26,14.93,15.41,14.91,15.36,531889,8062130.50
2024-09-27,15.50,17.33,15.50,16.71,1261505,20676552.00
2024-09-30,17.56,20.50,17.01,20.00,2462259,46768888.00
2024-10-08,24.50,25.97,20.99,25.97,3880852,93640776.00
2024-10-09,23.50,24.77,20.91,21.18,2256185,51985228.00
2024-10-10,21.37,22.55,20.78,20.84,1344807,28987802.00
2024-10-11,20.72,21.10,18.00,18.70,1318240,25307468.00
2024-10-14,19.00,20.23,18.10,19.70,1128733,21882966.00
2024-10-15,19.70,20.52,19.12,19.32,971456,19310756.00
2024-10-16,18.63,19.64,18.61,19.03,793116,15168765.00
2024-10-17,19.18,21.38,19.18,19.73,2011149,40748160.00
2024-10-18,19.05,22.54,19.05,21.56,2889274,61581224.00
2024-10-21,23.00,26.30,22.50,26.20,5657378,139229344.00
2024-10-22,24.80,29.00,22.70,24.50,6052112,156355408.00
2024-10-23,23.00,25.64,23.00,24.82,3326778,81771960.00
2024-10-24,24.36,32.00,23.88,30.49,8280941,236865296.00
2024-10-25,32.00,34.99,27.89,28.12,9492624,298289824.00
2024-10-28,27.00,28.49,24.81,27.88,5683094,151364976.00
2024-10-29,27.87,30.30,26.52,28.99,5216214,147814560.00
2024-10-30,28.30,29.48,26.15,27.78,3876541,107905344.00
2024-10-31,27.78,28.50,25.42,26.28,3871148,103679680.00
2024-11-01,25.80,26.47,24.00,24.28,2526492,62942332.00
2024-11-04,24.10,25.98,24.10,25.73,2268793,57094132.00
2024-11-05,26.06,28.03,25.61,27.60,3390816,91532584.00
2024-11-06,27.81,30.49,27.01,29.76,5367437,155822816.00
2024-11-07,29.72,31.24,28.22,29.98,4635719,139374496.00
2024-11-08,31.10,33.10,29.01,30.03,5289268,163452768.00
2024-11-11,31.02,33.41,30.17,31.41,4650941,146555728.00
2024-11-12,31.50,34.87,29.10,32.59,5841544,184126112.00
2024-11-13,31.30,31.36,29.28,30.50,4027999,122099248.00
2024-11-14,30.30,30.50,28.70,28.80,2252489,66764436.00
2024-11-15,29.46,30.43,28.26,29.93,2869655,84584664.00
2024-11-18,30.60,30.98,29.05,29.89,3066799,91985840.00
2024-11-19,29.50,29.92,26.46,28.95,2752999,77479976.00
2024-11-20,28.07,29.84,28.07,29.46,1961709,56991972.00
2024-11-21,29.97,32.36,29.37,30.78,3983504,123565720.00
2024-11-22,30.25,31.18,28.74,29.80,2972968,89312624.00
2024-11-25,29.79,29.86,28.00,29.19,1910408,55170208.00
2024-11-26,28.95,29.10,26.70,27.02,2057599,57526164.00
2024-11-27,27.09,27.09,24.60,26.93,1937846,50251944.00
2024-11-28,26.76,27.93,26.65,26.96,1853563,50755664.00
2024-11-29,26.51,29.49,25.64,29.08,3042673,83874744.00
2024-12-02,29.80,31.58,28.52,31.33,3510034,104699024.00
2024-12-03,31.33,31.33,31.33,31.33,0,0.00
#数据来源:通达信
