873833 美心翼申 日线 不复权
      日期	    开盘	    最高	    最低	    收盘	    成交量	    成交额
2023-11-08,16.51,20.18,16.51,16.66,13160239,243945776.00
2023-11-09,14.44,14.99,12.99,13.04,7848905,107106136.00
2023-11-10,12.45,13.95,12.45,13.10,5248612,70047272.00
2023-11-13,12.51,13.05,12.45,12.50,4133073,52227244.00
2023-11-14,12.54,13.33,12.48,13.15,3720866,47827808.00
2023-11-15,13.10,13.28,12.67,12.89,2697255,34768652.00
2023-11-16,13.00,13.00,12.12,12.13,2767871,34456364.00
2023-11-17,12.11,12.32,12.10,12.21,1286563,15674747.00
2023-11-20,12.36,12.47,11.60,12.20,2171126,26294882.00
2023-11-21,12.08,13.56,12.08,12.77,5015716,64546532.00
2023-11-22,12.60,13.88,12.42,13.76,5458755,72429056.00
2023-11-23,13.76,14.88,13.00,13.13,4556839,62852748.00
2023-11-24,13.00,14.31,12.87,13.97,5444226,75046000.00
2023-11-27,14.77,16.25,14.28,15.80,7101171,107952576.00
2023-11-28,14.66,20.28,14.65,17.00,7890076,135026624.00
2023-11-29,16.88,17.78,14.50,15.28,5872073,94030896.00
2023-11-30,14.69,15.67,14.13,14.25,3055394,44823256.00
2023-12-01,14.23,14.62,13.15,13.18,2736828,37439168.00
2023-12-04,13.16,13.74,12.57,13.23,1585200,20949506.00
2023-12-05,13.23,14.50,12.92,14.22,3575566,49800440.00
2023-12-06,14.10,14.44,13.75,13.78,2198179,30730490.00
2023-12-07,13.78,14.45,13.78,14.07,2116189,30011530.00
2023-12-08,14.08,14.51,14.05,14.32,2100113,30083216.00
2023-12-11,14.50,14.65,13.75,13.81,1835902,25912414.00
2023-12-12,13.83,14.06,13.43,13.96,1448655,19925286.00
2023-12-13,13.90,14.59,13.81,14.54,2716735,39095132.00
2023-12-14,14.64,15.31,14.35,15.30,4410890,65738804.00
2023-12-15,15.08,15.92,14.71,15.26,3029334,46173628.00
2023-12-18,15.22,15.88,15.02,15.79,3237609,50252676.00
2023-12-19,15.50,15.80,14.87,14.94,2895217,43949640.00
2023-12-20,14.92,15.52,14.90,15.30,3041806,46441240.00
2023-12-21,15.48,15.48,13.36,13.63,4062436,58334700.00
2023-12-22,13.62,13.81,13.29,13.67,1807292,24374906.00
2023-12-25,13.70,14.20,13.67,14.20,2221596,30991416.00
2023-12-26,14.10,14.49,13.76,14.07,1659972,23500948.00
2023-12-27,14.03,14.65,14.03,14.33,1922963,27533314.00
2023-12-28,14.23,14.88,14.04,14.82,2774551,40212404.00
2023-12-29,14.86,15.11,14.53,15.06,2603982,38753032.00
2024-01-02,14.99,15.52,14.91,15.45,3350230,51300560.00
2024-01-03,15.60,15.60,14.94,15.43,2483637,37732684.00
2024-01-04,15.34,15.58,14.93,15.40,2611135,39888748.00
2024-01-05,15.54,15.54,14.51,14.70,2219206,33309038.00
2024-01-08,14.69,15.00,14.03,14.12,1496043,21683048.00
2024-01-09,14.25,14.44,13.03,13.39,1361921,18585460.00
2024-01-10,13.46,13.96,13.00,13.70,1103887,15007113.00
2024-01-11,13.44,13.95,13.44,13.84,809697,11111009.00
2024-01-12,13.97,13.97,12.84,12.87,1721929,22735844.00
2024-01-15,12.88,12.88,12.13,12.29,1162572,14441410.00
2024-01-16,12.40,12.99,11.71,12.99,1939039,24051390.00
2024-01-17,12.69,13.21,12.60,12.73,1315387,16941542.00
2024-01-18,12.74,13.01,12.34,12.93,1231306,15696526.00
2024-01-19,12.93,13.50,12.87,13.30,1718648,22681826.00
2024-01-22,13.22,13.36,12.36,12.55,1255045,16242558.00
2024-01-23,12.49,12.88,12.21,12.58,783135,9832556.00
2024-01-24,12.62,12.62,11.85,12.28,1304845,15905616.00
2024-01-25,12.19,12.36,11.69,12.15,1164745,14081590.00
2024-01-26,12.15,12.46,12.05,12.08,631802,7737073.00
2024-01-29,12.11,12.19,10.96,11.11,1034211,11892643.00
2024-01-30,11.02,11.25,10.37,10.48,969714,10384675.00
2024-01-31,10.54,10.75,10.46,10.65,881430,9354665.00
2024-02-01,10.67,10.68,9.98,9.98,756892,7757472.00
2024-02-02,10.00,10.16,8.80,9.17,1070568,10043707.00
2024-02-05,9.02,9.68,8.13,9.00,1189210,10396303.00
2024-02-06,8.83,9.90,8.37,9.79,1558590,14870492.00
2024-02-07,9.71,10.99,9.65,9.93,1529798,15591695.00
2024-02-08,9.90,10.40,9.40,10.02,1055497,10361970.00
2024-02-19,10.19,10.23,10.02,10.21,821984,8327082.00
2024-02-20,10.46,10.49,10.16,10.47,1033168,10738231.00
2024-02-21,10.29,10.84,10.29,10.49,1158271,12338043.00
2024-02-22,10.29,10.55,10.22,10.35,963725,9973317.00
2024-02-23,10.34,10.48,10.14,10.28,731739,7508566.50
2024-02-26,10.37,10.57,10.12,10.50,1128594,11764270.00
2024-02-27,10.64,12.69,10.43,12.25,4069045,46942732.00
2024-02-28,12.00,12.25,11.26,11.30,3248978,38156448.00
2024-02-29,11.18,11.53,11.07,11.51,2062479,23386722.00
2024-03-01,11.60,11.71,11.30,11.39,1211163,13828475.00
2024-03-04,11.43,11.45,10.80,10.87,1232340,13516680.00
2024-03-05,10.82,10.96,10.40,10.45,1047838,11101944.00
2024-03-06,10.39,10.99,10.39,10.81,912007,9853163.00
2024-03-07,10.85,11.02,10.50,10.55,758174,8154439.00
2024-03-08,10.60,10.86,10.60,10.74,504326,5393531.50
2024-03-11,10.61,10.83,10.50,10.83,673443,7196397.00
2024-03-12,10.82,10.99,10.74,10.97,831517,9061544.00
2024-03-13,10.98,11.05,10.72,10.79,872536,9438571.00
2024-03-14,10.78,10.92,10.27,10.44,748837,7893752.50
2024-03-15,10.55,10.96,10.26,10.81,1222566,13166657.00
2024-03-18,10.82,10.99,10.68,10.85,886004,9574851.00
2024-03-19,10.85,10.93,10.67,10.68,705600,7612342.50
2024-03-20,10.77,10.77,10.49,10.67,470038,4996035.00
2024-03-21,10.64,10.70,10.46,10.52,596836,6294080.50
2024-03-22,10.56,10.66,10.31,10.32,450898,4683448.50
2024-03-25,10.35,10.35,9.98,9.98,414294,4202479.50
2024-03-26,9.90,10.18,9.83,9.90,427811,4255929.00
2024-03-27,9.93,10.28,9.88,9.88,505757,5100522.00
2024-03-28,10.01,10.03,9.76,10.00,413207,4099959.50
2024-03-29,9.92,10.11,9.90,9.99,348519,3473411.00
2024-04-01,10.13,10.13,9.94,10.02,430151,4308588.50
2024-04-02,10.09,10.09,9.90,9.92,437850,4355957.00
2024-04-03,9.91,9.93,9.82,9.83,222596,2194649.50
2024-04-08,9.72,9.94,9.40,9.42,469149,4493989.50
2024-04-09,9.54,9.54,9.36,9.42,239889,2261176.50
2024-04-10,9.49,9.90,9.38,9.68,774134,7485147.50
2024-04-11,9.57,9.60,9.46,9.54,486062,4630252.00
2024-04-12,9.40,9.57,9.40,9.49,236693,2251322.00
2024-04-15,9.59,9.59,9.05,9.16,434636,4038782.00
2024-04-16,9.37,9.37,8.67,8.75,429700,3813424.50
2024-04-17,8.96,9.16,8.78,9.14,908756,8182906.00
2024-04-18,9.05,9.19,8.95,9.06,635906,5788449.00
2024-04-19,9.05,9.13,8.94,8.97,330275,2978362.25
2024-04-22,8.97,9.06,8.88,9.00,242261,2171501.75
2024-04-23,8.94,9.11,8.94,9.11,372838,3368336.75
2024-04-24,9.16,10.19,9.13,9.78,2025349,19846334.00
2024-04-25,9.40,9.66,9.30,9.37,1440778,13577914.00
2024-04-26,9.46,9.46,9.30,9.44,726831,6806944.00
2024-04-29,9.33,9.39,9.20,9.36,904460,8396703.00
2024-04-30,9.28,9.55,9.28,9.34,589573,5545611.50
2024-05-06,9.53,9.55,9.36,9.53,466698,4419965.00
2024-05-07,9.53,9.55,9.49,9.53,338070,3215875.75
2024-05-08,9.53,9.59,9.48,9.51,387464,3686995.50
2024-05-09,9.24,9.27,9.16,9.19,383556,3534509.50
2024-05-10,9.24,9.24,9.06,9.11,336857,3072848.25
2024-05-13,9.05,9.05,8.90,8.91,289910,2600410.50
2024-05-14,9.02,9.02,8.80,8.80,295077,2627952.75
2024-05-15,8.99,8.99,8.73,8.74,140341,1236916.38
2024-05-16,8.73,8.84,8.70,8.76,195374,1711104.88
2024-05-17,8.84,8.84,8.58,8.66,319461,2760974.25
2024-05-20,8.73,8.73,8.57,8.57,231863,1997625.50
2024-05-21,8.58,8.60,8.25,8.30,346363,2899961.25
2024-05-22,8.39,8.55,8.29,8.47,216397,1823686.38
2024-05-23,8.47,8.93,8.32,8.78,1144636,10034051.00
2024-05-24,8.69,8.83,8.61,8.64,326826,2857882.50
2024-05-27,8.64,8.65,8.35,8.51,326568,2758757.50
2024-05-28,8.50,8.66,8.37,8.53,300528,2564376.50
2024-05-29,8.42,8.62,8.42,8.53,255181,2183619.25
2024-05-30,8.59,8.67,8.41,8.48,175887,1496879.88
2024-05-31,8.40,8.50,8.32,8.36,347854,2922504.75
2024-06-03,8.38,8.39,8.23,8.27,224972,1863370.38
2024-06-04,8.23,8.36,8.20,8.25,183850,1517428.50
2024-06-05,8.24,8.24,8.02,8.03,184805,1503481.38
2024-06-06,8.03,8.08,7.58,7.58,479679,3744667.75
2024-06-07,7.66,7.84,7.58,7.67,159359,1220970.50
2024-06-11,7.75,7.75,7.50,7.70,153647,1171414.00
2024-06-12,7.62,7.74,7.62,7.72,135848,1044673.25
2024-06-13,7.69,7.78,7.66,7.78,362955,2811992.50
2024-06-14,7.80,7.88,7.60,7.82,324958,2533638.75
2024-06-17,7.90,7.94,7.61,7.68,241848,1859121.75
2024-06-18,7.72,7.72,7.61,7.69,127227,977885.50
2024-06-19,7.73,7.97,7.67,7.85,606308,4765300.50
2024-06-20,7.79,8.03,7.70,7.85,488814,3840916.75
2024-06-21,7.85,8.17,7.85,8.17,1003031,8086840.50
2024-06-24,8.11,8.16,7.50,7.70,568366,4503965.50
2024-06-25,7.70,7.94,7.70,7.92,362721,2851169.50
2024-06-26,7.73,8.12,7.70,8.05,289657,2310523.75
2024-06-27,7.88,8.05,7.81,7.98,214607,1701105.25
2024-06-28,7.98,8.10,7.95,8.02,232446,1870471.63
2024-07-01,8.11,8.19,7.92,8.16,305142,2471648.50
2024-07-02,8.16,8.16,7.93,8.06,242666,1947487.63
2024-07-03,8.01,8.03,7.77,7.79,376950,2963865.75
2024-07-04,7.71,7.93,7.65,7.71,299992,2324539.50
2024-07-05,7.79,7.79,7.61,7.73,187865,1444943.25
2024-07-08,7.64,7.68,7.40,7.45,287005,2170123.25
2024-07-09,7.63,7.63,7.30,7.55,228689,1704521.25
2024-07-10,7.56,7.70,7.49,7.67,160360,1217044.38
2024-07-11,7.68,8.14,7.65,8.05,527785,4199458.50
2024-07-12,7.96,8.12,7.90,8.00,320274,2560506.00
2024-07-15,7.90,7.90,7.77,7.80,147095,1152823.50
2024-07-16,7.80,8.12,7.68,8.09,708219,5687329.00
2024-07-17,8.11,8.92,8.10,8.90,2334828,20019676.00
2024-07-18,8.70,8.87,8.31,8.75,1968273,16908718.00
2024-07-19,8.65,8.77,8.36,8.39,1075036,9221819.00
2024-07-22,8.50,8.50,8.10,8.14,531038,4356952.50
2024-07-23,8.20,8.27,7.95,8.00,424596,3431179.50
2024-07-24,7.92,8.01,7.70,7.76,458937,3579621.75
2024-07-25,7.75,7.90,7.73,7.81,493611,3851411.00
2024-07-26,7.83,8.00,7.81,7.99,625612,4935985.50
2024-07-29,8.00,8.00,7.90,7.97,296511,2356947.50
2024-07-30,8.01,8.09,7.93,8.00,230337,1848030.25
2024-07-31,7.99,8.16,7.90,8.15,457498,3707742.75
2024-08-01,8.19,8.24,8.09,8.09,344403,2808202.25
2024-08-02,8.09,8.10,7.85,7.86,430354,3426459.50
2024-08-05,7.71,7.93,7.65,7.74,469714,3640970.25
2024-08-06,7.87,7.87,7.74,7.84,129326,1009347.50
2024-08-07,7.85,7.85,7.74,7.84,160059,1250659.75
2024-08-08,7.82,7.87,7.74,7.84,181064,1416202.00
2024-08-09,7.84,7.92,7.81,7.86,193384,1518531.50
2024-08-12,7.87,7.89,7.70,7.79,210530,1642000.88
2024-08-13,7.90,7.95,7.70,7.90,322501,2534421.50
2024-08-14,7.89,7.90,7.70,7.84,145634,1137049.88
2024-08-15,7.85,7.99,7.83,7.88,365911,2889679.25
2024-08-16,7.80,7.88,7.77,7.85,142771,1115243.63
2024-08-19,7.84,7.84,7.62,7.72,226045,1746645.25
2024-08-20,7.74,7.88,7.63,7.77,172760,1341554.63
2024-08-21,7.75,7.81,7.68,7.70,126279,975966.81
2024-08-22,7.66,7.72,7.45,7.52,156360,1187359.25
2024-08-23,7.52,7.56,7.31,7.49,123932,927543.69
2024-08-26,7.48,7.57,7.40,7.51,199164,1484205.25
2024-08-27,7.47,7.49,7.35,7.37,211451,1563575.75
2024-08-28,7.38,7.52,7.35,7.40,110197,820062.06
2024-08-29,7.36,7.43,7.30,7.42,159316,1175581.25
2024-08-30,7.34,7.69,7.34,7.54,340472,2573165.00
2024-09-02,7.57,7.58,7.39,7.44,248210,1847761.50
2024-09-03,7.33,7.61,7.33,7.42,310288,2317696.50
2024-09-04,7.41,7.46,7.34,7.36,281381,2076740.13
2024-09-05,7.35,7.47,7.35,7.38,130664,968140.31
2024-09-06,7.35,7.48,7.35,7.41,335950,2491810.00
2024-09-09,7.35,7.42,7.22,7.39,176724,1302360.00
2024-09-10,7.87,7.87,7.35,7.49,465455,3517278.25
2024-09-11,7.51,7.63,7.33,7.53,311280,2316574.50
2024-09-12,7.55,7.59,7.46,7.47,126347,948749.38
2024-09-13,7.51,7.67,7.33,7.50,323180,2416575.75
2024-09-18,7.50,7.50,7.34,7.44,165158,1223316.63
2024-09-19,7.52,7.63,7.43,7.51,264378,1996872.50
2024-09-20,7.51,7.60,7.42,7.48,87844,657748.13
2024-09-23,7.40,7.48,7.40,7.43,72919,542896.50
2024-09-24,7.52,7.69,7.42,7.61,391582,2970670.75
2024-09-25,7.72,7.83,7.60,7.68,508352,3914101.25
2024-09-26,7.73,7.80,7.57,7.80,612420,4723181.50
2024-09-27,7.90,8.51,7.86,8.33,1528102,12469748.00
2024-09-30,8.61,10.00,8.61,9.86,3151201,29465680.00
2024-10-08,12.00,12.00,10.01,11.31,6145609,67028748.00
2024-10-09,10.50,10.80,9.31,9.40,3517254,35503076.00
2024-10-10,9.73,9.75,9.11,9.28,1723898,16326659.00
2024-10-11,9.40,9.40,8.53,8.72,1449571,12882549.00
2024-10-14,8.81,9.15,8.73,9.12,1347834,12127096.00
2024-10-15,9.00,9.36,8.95,8.97,1232932,11309549.00
2024-10-16,8.85,10.02,8.74,9.74,4016521,38519900.00
2024-10-17,9.55,10.57,9.55,9.95,5310635,53189344.00
2024-10-18,9.78,10.50,9.71,10.32,4822706,49146148.00
2024-10-21,10.60,11.11,10.39,11.11,7173226,77973008.00
2024-10-22,11.00,11.10,10.21,10.35,4107074,43521536.00
2024-10-23,10.41,10.86,10.20,10.64,3444253,36538712.00
2024-10-24,10.65,11.26,10.57,11.04,5496488,60244648.00
2024-10-25,11.18,14.33,11.00,13.11,12548678,160410928.00
2024-10-28,12.55,15.88,12.11,15.00,11523713,162120576.00
2024-10-29,14.00,14.72,13.60,14.26,10971933,155145968.00
2024-10-30,13.98,14.70,13.08,13.75,6295934,87487248.00
2024-10-31,13.99,13.99,12.55,12.94,5363557,70025168.00
2024-11-01,12.98,12.98,11.75,11.88,3418985,41843280.00
2024-11-04,11.98,12.87,11.80,12.81,3177691,39469412.00
2024-11-05,12.83,13.75,12.82,13.55,4717622,63098492.00
2024-11-06,14.50,14.68,13.50,14.16,7628565,108328680.00
2024-11-07,14.00,15.33,13.73,14.77,6296141,92769312.00
2024-11-08,15.18,15.18,13.68,13.79,4908660,70058648.00
2024-11-11,13.80,14.16,13.08,13.64,2764818,37273516.00
2024-11-12,13.56,14.20,13.25,14.06,2985406,41263332.00
2024-11-13,13.90,14.20,13.08,14.06,2280169,31005336.00
2024-11-14,14.08,14.26,13.50,13.84,2636032,36902772.00
2024-11-15,13.78,15.27,13.58,15.27,6631369,96596352.00
2024-11-18,16.00,16.94,14.60,16.50,8281146,130701896.00
2024-11-19,15.57,16.47,14.60,15.25,5888121,90326392.00
2024-11-20,15.55,17.89,14.90,16.83,8617225,137594128.00
2024-11-21,16.60,17.78,15.98,16.59,8129914,137280384.00
2024-11-22,16.38,19.50,15.84,17.12,10663682,182172784.00
2024-11-25,16.66,16.99,15.85,16.63,5891006,96350800.00
2024-11-26,16.32,16.88,15.21,15.66,3980352,64149180.00
2024-11-27,15.85,16.18,14.40,16.15,4343757,66604780.00
2024-11-28,16.03,18.96,16.03,17.80,8627023,149959840.00
2024-11-29,17.09,18.18,16.70,17.31,6582067,114137408.00
2024-12-02,17.13,17.97,17.01,17.50,4871949,85439688.00
2024-12-03,17.50,17.50,17.50,17.50,0,0.00
#数据来源:通达信
