301631 壹连科技 日线 不复权
      日期	    开盘	    最高	    最低	    收盘	    成交量	    成交额
2024-11-22,205.00,240.00,205.00,206.99,10052000,2147871232.00
2024-11-25,180.44,192.50,166.01,169.00,7008278,1234796672.00
2024-11-26,163.88,194.88,159.00,171.73,7636360,1356222720.00
2024-11-27,159.81,159.88,146.60,150.00,6283650,954496384.00
2024-11-28,148.48,151.75,139.79,140.04,5017959,727220800.00
2024-11-29,139.98,139.98,132.50,134.43,3905164,528567968.00
2024-12-02,134.00,136.57,133.30,134.83,2963109,399307296.00
2024-12-03,134.83,134.83,134.83,134.83,0,0.00
#数据来源:通达信
