430510 丰光精密 日线 不复权
      日期	    开盘	    最高	    最低	    收盘	    成交量	    成交额
2015-06-15,5.22,5.22,5.22,5.22,2500000,13050000.00
2015-06-26,5.22,5.22,5.22,5.22,200000,1044000.00
2015-07-01,5.22,5.22,5.22,5.22,400000,2088000.00
2015-07-28,8.00,8.01,7.10,7.10,21000,161640.00
2015-07-29,7.13,7.13,6.50,6.50,16000,106130.00
2015-07-30,6.30,6.30,6.30,6.30,20000,126000.00
2015-07-31,6.00,6.00,6.00,6.00,20000,120000.00
2015-08-03,5.80,5.80,5.80,5.80,50000,290000.00
2015-08-05,5.60,5.60,5.60,5.60,10000,56000.00
2015-08-06,5.60,5.60,5.60,5.60,10000,56000.00
2015-08-07,5.65,5.82,5.65,5.82,8000,45860.00
2015-08-10,5.95,6.00,5.95,6.00,11000,65950.00
2015-08-11,6.01,6.05,6.01,6.05,4000,24120.00
2015-08-17,6.10,6.25,6.10,6.25,10000,61690.00
2015-08-18,6.30,6.30,6.30,6.30,20000,126000.00
2015-08-19,6.50,6.68,6.50,6.68,16000,106050.00
2015-08-20,6.50,6.75,6.50,6.75,5000,33250.00
2015-08-21,6.80,8.10,6.80,8.10,69000,514010.00
2015-08-24,8.25,8.25,7.22,7.40,22000,168020.00
2015-08-25,7.50,7.50,7.25,7.25,8000,59040.00
2015-08-28,7.41,7.90,7.41,7.90,18000,137630.00
2015-11-04,7.41,7.41,7.41,7.41,2000,14820.00
2015-12-01,7.30,7.50,7.25,7.47,15000,110730.00
2015-12-02,7.50,7.51,7.50,7.51,4000,30030.00
2015-12-07,7.52,7.52,7.52,7.52,5000,37600.00
2015-12-08,7.53,7.53,7.53,7.53,5000,37650.00
2015-12-21,7.18,7.18,7.18,7.18,4000,28720.00
2016-01-04,6.95,6.95,6.95,6.95,1000,6950.00
2016-01-05,6.94,6.94,6.84,6.84,5000,34430.00
2016-01-06,7.00,7.00,7.00,7.00,1000,7000.00
2016-01-07,6.75,6.75,6.75,6.75,1000,6750.00
2016-01-08,6.66,6.66,6.29,6.29,20000,128060.00
2016-01-11,6.13,6.13,6.00,6.00,13000,78310.00
2016-01-12,5.97,5.97,5.94,5.94,4000,23790.00
2016-01-13,5.80,5.80,5.75,5.75,4000,23150.00
2016-01-14,6.00,6.00,6.00,6.00,1000,6000.00
2016-01-15,5.90,5.90,5.90,5.90,1000,5900.00
2016-01-20,5.76,5.76,5.76,5.76,1000,5760.00
2016-01-22,5.76,5.76,5.18,5.47,233000,1234940.00
2016-01-25,5.49,5.63,5.48,5.48,5000,27590.00
2016-01-26,5.40,6.10,5.23,6.10,330000,1749750.00
2016-01-27,6.00,6.18,6.00,6.18,4000,24540.00
2016-01-28,6.20,6.25,6.20,6.25,5000,31140.00
2016-01-29,6.30,6.30,6.30,6.30,5000,31500.00
2016-02-01,6.35,6.35,6.35,6.35,1000,6350.00
2016-02-04,6.09,6.35,6.09,6.35,4000,24620.00
2016-02-05,6.36,6.36,6.36,6.36,1000,6360.00
2016-02-17,6.35,6.35,6.35,6.35,1000,6350.00
2016-02-18,6.38,6.38,6.38,6.38,1000,6380.00
2016-02-19,6.37,6.37,6.37,6.37,1000,6370.00
2016-02-22,6.38,6.38,6.38,6.38,1000,6380.00
2016-02-23,6.37,6.37,6.37,6.37,1000,6370.00
2016-02-24,6.38,6.38,6.38,6.38,1000,6380.00
2016-02-25,6.40,6.40,6.40,6.40,1000,6400.00
2016-02-26,6.39,6.39,6.39,6.39,1000,6390.00
2016-03-03,6.40,6.40,6.40,6.40,1000,6400.00
2016-03-04,6.40,6.40,6.40,6.40,1000,6400.00
2016-03-08,6.40,6.40,6.40,6.40,1000,6400.00
2016-03-09,6.40,6.40,6.40,6.40,1000,6400.00
2016-03-10,6.09,6.09,6.09,6.09,2000,12180.00
2016-03-11,6.20,6.20,6.20,6.20,1000,6200.00
2016-03-14,6.25,6.25,6.25,6.25,1000,6250.00
2016-03-22,6.28,6.28,6.28,6.28,1000,6280.00
2016-03-24,5.99,5.99,5.99,5.99,2000,11980.00
2016-03-28,6.10,6.10,6.10,6.10,2000,12200.00
2016-03-29,6.20,6.20,6.20,6.20,1000,6200.00
2016-03-30,6.20,6.20,6.20,6.20,1000,6200.00
2016-03-31,6.20,6.20,6.20,6.20,1000,6200.00
2016-04-01,6.20,6.20,6.20,6.20,1000,6200.00
2016-04-05,6.21,6.21,6.21,6.21,1000,6210.00
2016-04-06,6.21,6.21,6.21,6.21,1000,6210.00
2016-04-07,6.29,6.29,6.29,6.29,1000,6290.00
2016-04-08,6.30,6.30,6.30,6.30,1000,6300.00
2016-04-11,6.30,6.30,6.30,6.30,1000,6300.00
2016-04-12,6.35,6.35,6.35,6.35,1000,6350.00
2016-04-13,6.13,6.35,6.10,6.35,5000,30780.00
2016-04-14,6.11,6.11,5.99,5.99,7000,42580.00
2016-04-15,5.96,6.20,5.96,6.20,3000,18120.00
2016-04-19,6.19,6.19,6.19,6.19,1000,6190.00
2016-04-20,6.25,6.25,6.25,6.25,1000,6250.00
2016-04-21,6.27,6.27,6.27,6.27,1000,6270.00
2016-04-22,6.28,6.28,6.28,6.28,1000,6280.00
2016-04-25,6.29,6.29,6.29,6.29,1000,6290.00
2016-04-26,6.30,6.30,6.30,6.30,1000,6300.00
2016-04-27,6.30,6.30,6.30,6.30,1000,6300.00
2016-04-28,6.30,6.30,6.30,6.30,1000,6300.00
2016-04-29,6.31,6.31,6.31,6.31,1000,6310.00
2016-06-27,6.04,6.04,6.04,6.04,1000,6040.00
2016-06-28,6.04,6.04,6.04,6.04,1000,6040.00
2016-06-29,5.94,5.94,5.94,5.94,1000,5940.00
2016-06-30,5.89,5.89,5.89,5.89,1000,5890.00
2016-07-01,5.80,5.80,5.79,5.79,4000,23170.00
2016-07-29,5.66,5.66,5.66,5.66,2000,11320.00
2017-02-23,5.23,5.23,5.23,5.23,5000,26150.00
2017-02-27,4.99,4.99,4.99,4.99,6000,29940.00
2017-02-28,4.85,4.85,4.85,4.85,1000,4850.00
2017-03-01,4.99,4.99,4.83,4.83,2000,9820.00
2017-03-09,5.00,5.16,5.00,5.16,10000,50660.00
2017-03-10,5.26,5.30,5.26,5.30,5000,26370.00
2017-03-13,5.31,5.41,5.17,5.41,296000,1551860.00
2017-03-15,5.45,5.50,5.45,5.50,3000,16450.00
2017-03-17,5.55,5.55,5.55,5.55,1000,5550.00
2017-03-21,5.57,5.57,5.57,5.57,2000,11140.00
2017-03-22,5.57,5.57,5.57,5.57,2000,11140.00
2017-03-23,5.58,5.58,5.58,5.58,1000,5580.00
2017-03-24,5.65,5.65,5.65,5.65,2000,11300.00
2017-03-29,5.70,5.70,5.70,5.70,2000,11400.00
2017-04-06,5.74,5.74,5.74,5.74,4000,22960.00
2017-04-17,5.78,5.78,5.78,5.78,1000,5780.00
2017-04-25,5.80,5.80,5.80,5.80,6000,34800.00
2017-04-27,5.83,5.83,5.83,5.83,2000,11660.00
2017-05-02,5.84,5.84,5.84,5.84,1000,5840.00
2017-05-04,5.85,5.85,5.85,5.85,3000,17550.00
2017-05-11,5.85,5.85,5.85,5.85,2000,11700.00
2017-05-23,5.85,5.85,5.85,5.85,2000,11700.00
2017-06-19,5.85,5.86,5.85,5.86,5000,29280.00
2017-06-26,5.90,5.90,5.90,5.90,1000,5900.00
2017-06-27,5.79,5.79,5.61,5.61,6000,34040.00
2017-06-28,5.65,5.69,5.65,5.69,3000,17000.00
2017-06-30,5.70,5.70,5.70,5.70,2000,11400.00
2017-07-03,5.80,5.82,5.80,5.82,7000,40670.00
2017-07-27,5.50,5.50,5.40,5.40,6000,32710.00
2017-08-16,5.45,5.48,5.45,5.48,2000,10930.00
2017-10-13,5.45,5.45,5.45,5.45,10000,54500.00
2017-10-30,5.45,5.49,5.42,5.42,7000,38320.00
2017-11-01,5.50,5.50,5.50,5.50,10000,55000.00
2017-11-02,5.63,5.73,5.63,5.73,6000,34080.00
2017-11-07,5.61,5.61,5.61,5.61,1000,5610.00
2017-11-09,5.61,5.61,5.61,5.61,2000,11220.00
2017-11-15,5.86,5.87,5.86,5.86,17000,99720.00
2017-11-16,5.76,5.76,5.76,5.76,1000,5760.00
2017-11-17,5.89,6.00,5.78,5.80,5000,29470.00
2017-11-20,5.90,5.90,5.90,5.90,1000,5900.00
2017-11-22,6.04,6.05,5.86,5.90,21000,125460.00
2017-11-27,5.50,5.50,5.50,5.50,1000,5500.00
2017-12-18,5.00,5.00,5.00,5.00,5862500,29312500.00
2017-12-19,5.20,5.20,5.20,5.20,1000,5200.00
2017-12-21,5.00,5.00,5.00,5.00,4137000,20685000.00
2017-12-22,5.00,5.00,5.00,5.00,2000000,10000000.00
2017-12-28,5.00,6.25,5.00,5.02,6111000,30669050.00
2017-12-29,6.50,6.50,6.50,6.50,202000,1313000.00
2018-04-26,6.49,6.49,6.49,6.49,172000,1116280.00
2018-05-03,6.49,6.49,6.49,6.49,3000,19470.00
2018-05-07,5.61,5.61,5.61,5.61,1000,5610.00
2018-05-29,5.61,5.61,5.61,5.61,2000,11220.00
2019-06-27,5.00,5.00,5.00,5.00,3000,15000.00
2019-06-28,4.50,4.50,4.50,4.50,6000,27000.00
2019-07-01,4.49,4.49,4.49,4.49,3000,13470.00
2019-07-03,4.48,4.48,4.48,4.48,3000,13440.00
2019-07-05,4.08,4.08,4.08,4.08,1000,4080.00
2019-07-08,3.88,3.88,3.88,3.88,7000,27160.00
2019-07-12,3.88,3.88,3.88,3.88,4000,15520.00
2019-07-15,3.88,3.88,3.88,3.88,276000,1070880.00
2020-01-02,6.80,6.80,6.80,6.80,2000,13600.00
2020-01-07,7.50,7.50,7.50,7.50,2000,15000.00
2020-01-08,8.00,8.00,8.00,8.00,1000,8000.00
2020-01-09,8.00,8.00,8.00,8.00,2000,16000.00
2020-03-20,8.00,8.00,8.00,8.00,6000,48000.00
2020-03-23,8.00,8.00,8.00,8.00,1000,8000.00
2020-03-24,8.00,8.00,8.00,8.00,4000,32000.00
2020-03-25,8.00,8.00,8.00,8.00,2000,16000.00
2020-03-27,8.00,8.00,8.00,8.00,2000,16000.00
2020-03-31,8.00,8.00,8.00,8.00,400,3200.00
2020-04-01,8.00,8.00,8.00,8.00,400,3200.00
2020-04-02,8.00,8.00,8.00,8.00,1000,8000.00
2020-04-08,8.00,8.00,8.00,8.00,100,800.00
2020-04-10,8.00,8.00,8.00,8.00,3400,27200.00
2020-04-13,10.00,10.00,8.00,8.00,600,5000.00
2020-04-14,7.99,7.99,7.99,7.99,600,4794.00
2020-04-15,7.99,7.99,7.99,7.99,800,6392.00
2020-04-16,7.99,8.00,7.99,7.99,600,4795.00
2020-04-17,7.99,7.99,7.99,7.99,500,3995.00
2020-04-20,8.00,8.00,7.99,7.99,300,2399.00
2020-04-24,7.99,7.99,7.99,7.99,100,799.00
2020-04-27,8.00,8.00,7.99,7.99,4500,35965.00
2020-04-28,8.00,8.00,7.98,7.98,2700,21570.00
2020-04-29,8.00,8.00,7.98,7.98,7700,61550.00
2020-05-13,7.98,7.98,7.98,7.98,100,798.00
2020-05-25,8.00,8.00,7.99,8.00,2500,19995.00
2020-05-26,8.00,8.00,8.00,8.00,2000,16000.00
2020-05-27,7.99,7.99,7.99,7.99,2000,15980.00
2020-06-01,7.99,7.99,7.99,7.99,1500,11985.00
2020-06-02,7.98,7.98,7.98,7.98,6400,51072.00
2020-06-03,7.99,7.99,7.97,7.98,1400,11165.00
2020-06-04,7.98,7.98,7.98,7.98,500,3990.00
2020-06-05,7.99,7.99,7.90,7.90,11000,87800.00
2020-06-08,7.97,7.97,7.97,7.97,300,2391.00
2020-06-11,7.97,7.97,7.97,7.97,100,797.00
2020-06-12,7.97,7.97,7.96,7.96,1300,10358.00
2020-06-15,8.00,8.00,7.99,7.99,1100,8798.00
2020-06-16,7.99,7.99,7.99,7.99,2177000,14936480.00
2020-06-17,7.99,7.99,7.98,7.98,300,2395.00
2020-06-18,7.99,8.00,7.92,8.00,17100,136676.00
2020-06-19,8.00,8.00,7.96,7.97,21400,171315.00
2020-06-22,8.00,8.50,8.00,8.50,146000,1189281.75
2020-06-23,9.16,9.16,8.77,8.77,39300,352568.00
2020-12-28,6.48,6.60,6.37,6.39,1880800,12109054.00
2020-12-29,6.44,6.44,6.36,6.38,306700,1960042.50
2020-12-30,6.39,6.39,6.36,6.36,240200,1532616.00
2020-12-31,6.38,6.43,6.37,6.39,387800,2480672.00
2021-01-04,6.38,6.40,6.34,6.37,169600,1079944.88
2021-01-05,6.37,6.39,6.36,6.36,150100,956860.81
2021-01-06,6.40,6.40,6.37,6.38,52700,336209.00
2021-01-07,6.38,6.38,6.35,6.35,97100,618003.75
2021-01-08,6.35,6.35,6.31,6.32,106000,670323.63
2021-01-11,6.30,6.32,6.18,6.32,232500,1450898.00
2021-01-12,6.21,6.22,6.14,6.20,102700,635674.00
2021-01-13,6.18,6.18,6.11,6.11,89800,551631.56
2021-01-14,6.11,6.19,6.08,6.12,88300,540427.63
2021-01-15,6.11,6.15,6.10,6.11,43700,267325.78
2021-01-18,6.11,6.14,6.10,6.13,222200,1359308.63
2021-01-19,6.11,6.18,6.11,6.15,330700,2026408.88
2021-01-20,6.14,6.36,6.08,6.28,1351400,8459784.00
2021-01-21,6.18,6.37,6.18,6.23,204800,1286643.00
2021-01-22,6.24,6.74,6.18,6.51,678800,4356304.00
2021-01-25,6.65,7.04,6.37,6.43,630400,4178747.25
2021-01-26,6.40,6.40,6.23,6.28,198400,1250175.75
2021-01-27,6.28,6.33,6.23,6.33,73400,461381.81
2021-01-28,6.25,6.33,6.25,6.27,37100,233492.05
2021-01-29,6.28,6.28,6.17,6.20,49100,305082.50
2021-02-01,6.39,6.39,6.18,6.24,80200,500137.28
2021-02-02,6.23,6.28,6.21,6.22,63000,392006.53
2021-02-03,6.21,6.23,6.11,6.23,51100,314692.84
2021-02-04,6.13,6.18,6.12,6.17,55400,340402.00
2021-02-05,6.17,6.25,6.12,6.16,44200,272089.47
2021-02-08,6.11,6.15,6.01,6.09,53600,324612.13
2021-02-09,6.03,6.20,5.81,6.05,97000,583740.06
2021-02-10,6.00,6.07,5.90,6.03,71600,427096.50
2021-02-18,6.00,6.10,5.91,6.07,15400,92701.00
2021-02-19,6.07,6.09,6.00,6.06,35700,216435.59
2021-02-22,6.06,6.06,6.00,6.01,54600,329060.19
2021-02-23,6.00,6.04,5.90,5.93,71300,422590.88
2021-02-24,5.93,6.15,5.91,5.96,28300,168879.73
2021-02-25,5.96,6.30,5.96,6.29,220800,1364567.00
2021-02-26,6.27,6.29,6.07,6.25,39600,244103.48
2021-03-01,6.29,6.32,6.26,6.28,249700,1571938.88
2021-03-02,6.21,6.28,6.12,6.27,86500,537786.38
2021-03-03,6.19,6.35,6.19,6.35,227700,1432728.38
2021-03-04,6.35,6.62,6.35,6.42,499900,3216381.50
2021-03-05,6.40,6.58,6.34,6.42,187700,1207228.88
2021-03-08,6.36,6.43,6.32,6.32,177400,1129056.25
2021-03-09,6.29,6.30,6.23,6.23,30300,189787.00
2021-03-10,6.20,6.33,6.17,6.29,26800,166009.08
2021-03-11,6.27,6.32,6.27,6.30,8600,54295.10
2021-03-12,6.28,6.28,6.18,6.26,31200,194313.81
2021-03-15,6.21,6.25,6.19,6.21,69300,430324.47
2021-03-16,6.21,6.30,6.21,6.26,40700,253999.83
2021-03-17,6.24,6.37,6.24,6.34,54900,347397.84
2021-03-18,6.05,6.39,6.05,6.38,88300,558498.13
2021-03-19,6.38,6.42,6.23,6.38,72400,463006.78
2021-03-22,6.30,6.43,6.30,6.39,88200,564485.44
2021-03-23,6.33,6.39,6.33,6.37,53100,338425.53
2021-03-24,6.37,6.40,6.33,6.37,65600,418731.09
2021-03-25,6.33,6.37,6.32,6.37,35400,224216.84
2021-03-26,6.33,6.38,6.33,6.36,15200,96279.52
2021-03-29,6.34,6.39,6.34,6.39,34900,222605.23
2021-03-30,6.25,6.40,6.25,6.38,53100,338718.31
2021-03-31,6.32,6.40,6.32,6.38,79200,505631.44
2021-04-01,6.21,6.39,6.21,6.39,21900,139049.45
2021-04-02,6.33,6.38,6.33,6.38,28000,178360.64
2021-04-06,6.30,6.39,6.27,6.38,61200,389427.03
2021-04-07,6.33,6.39,6.33,6.38,61300,390602.78
2021-04-08,6.38,6.44,6.36,6.43,195100,1249896.75
2021-04-09,6.41,6.45,6.38,6.45,101400,650885.75
2021-04-12,6.39,6.46,6.37,6.43,182400,1173487.25
2021-04-13,6.42,6.45,6.39,6.43,90400,579318.44
2021-04-14,6.39,6.47,6.39,6.46,123000,792019.50
2021-04-15,6.42,6.53,6.42,6.48,98400,638358.50
2021-04-16,6.41,6.48,6.41,6.48,76400,493986.25
2021-04-19,6.42,6.51,6.42,6.50,84600,550075.31
2021-04-20,6.51,6.60,6.51,6.54,111400,729082.81
2021-04-21,6.52,6.75,6.52,6.73,256700,1710165.38
2021-04-22,6.73,7.01,6.73,6.94,320400,2205915.75
2021-04-23,6.94,7.00,6.84,6.88,95700,660894.56
2021-04-26,6.84,6.95,6.80,6.86,117000,802543.00
2021-04-27,6.81,6.90,6.80,6.81,59600,408026.38
2021-04-28,7.04,7.34,6.94,7.09,325700,2314378.00
2021-04-29,7.11,7.20,7.03,7.14,95200,680393.00
2021-04-30,7.16,7.36,7.10,7.36,202000,1458832.13
2021-05-06,7.38,7.67,7.37,7.53,184700,1397395.75
2021-05-07,7.55,7.70,7.40,7.42,101000,759854.88
2021-05-10,7.28,7.49,7.27,7.38,73200,538445.88
2021-05-11,7.25,7.40,7.25,7.30,97400,712945.56
2021-05-12,7.30,7.40,7.25,7.40,42500,311910.63
2021-05-13,7.32,7.58,7.27,7.41,40400,296868.22
2021-05-14,7.55,7.58,7.40,7.53,56800,427541.44
2021-05-17,7.47,7.89,7.47,7.64,95400,727502.81
2021-05-18,7.55,7.68,7.53,7.65,26100,199287.98
2021-05-19,7.31,7.69,7.31,7.62,25100,191616.20
2021-05-20,7.37,7.72,7.37,7.64,75400,569160.50
2021-05-21,7.39,7.60,7.39,7.51,30400,228746.94
2021-05-24,7.41,7.50,7.28,7.28,116200,854839.88
2021-05-25,7.17,7.37,7.17,7.30,40300,292966.56
2021-05-26,7.29,7.40,7.24,7.34,69400,506648.44
2021-05-27,7.37,7.37,7.27,7.34,82500,602537.44
2021-05-28,7.40,7.46,7.29,7.45,69700,516337.88
2021-05-31,7.29,7.60,7.29,7.50,67400,503888.69
2021-06-01,7.45,7.51,7.45,7.50,61800,463064.88
2021-06-02,7.48,7.51,7.40,7.46,44500,331927.28
2021-06-03,7.31,7.49,7.31,7.47,49100,361626.38
2021-06-04,7.37,7.46,7.37,7.39,13500,99868.56
2021-06-07,7.28,7.50,7.28,7.46,74100,549809.31
2021-06-08,7.47,7.62,7.35,7.46,101500,753784.63
2021-06-09,7.48,7.60,7.48,7.59,198100,1501237.00
2021-06-10,7.65,7.68,7.60,7.66,97400,744037.81
2021-06-11,7.70,7.70,7.61,7.65,71500,547236.69
2021-06-15,7.66,7.79,7.52,7.65,58800,451565.09
2021-06-16,7.43,7.54,7.43,7.50,160500,1205659.88
2021-06-17,7.46,7.63,7.28,7.55,89300,661486.00
2021-06-18,7.45,7.54,7.38,7.52,68800,512755.34
2021-06-21,7.50,7.58,7.28,7.51,86300,635253.75
2021-06-22,7.47,7.47,7.32,7.40,106300,785725.94
2021-06-23,7.41,7.51,7.41,7.50,35800,266880.75
2021-06-24,7.62,8.28,7.52,8.11,1152300,9089900.00
2021-06-25,8.09,8.27,7.76,7.76,547000,4260472.00
2021-06-28,7.82,7.97,7.82,7.83,421900,3334421.50
2021-06-29,7.91,8.00,7.70,7.70,323100,2491660.00
2021-06-30,7.77,7.98,7.76,7.98,339400,2678107.75
2021-07-01,7.88,8.28,7.88,8.21,127500,1038519.81
2021-07-02,8.23,8.38,8.01,8.32,104200,866783.50
2021-07-05,8.35,8.55,8.24,8.46,95900,812872.75
2021-07-06,8.50,8.60,8.41,8.48,102900,875568.06
2021-07-07,8.43,8.50,8.15,8.20,153200,1274874.00
2021-07-08,8.14,8.28,8.02,8.25,134600,1094026.63
2021-07-09,7.88,8.42,7.85,8.37,314200,2560799.25
2021-07-12,8.30,8.75,8.30,8.59,252800,2155263.00
2021-07-13,8.60,8.68,8.57,8.68,108700,938152.94
2021-07-14,9.28,10.28,9.11,9.99,798900,7790606.00
2021-07-15,10.08,10.25,9.76,10.18,329000,3292067.50
2021-07-16,10.30,10.90,10.30,10.60,298400,3137215.75
2021-07-19,10.42,10.70,10.04,10.04,538100,5633641.50
2021-07-20,10.07,10.28,10.00,10.11,274400,2777372.75
2021-07-21,10.11,10.71,10.10,10.43,345000,3592745.00
2021-07-22,10.43,10.55,10.10,10.20,238000,2431851.50
2021-07-23,10.20,10.34,9.88,10.19,145700,1465626.50
2021-07-26,10.07,10.32,10.00,10.00,104000,1046217.94
2021-07-27,10.01,10.10,9.93,10.00,129100,1289750.50
2021-07-28,9.94,10.16,9.76,10.00,184500,1843057.00
2021-07-29,10.02,10.35,9.96,10.28,132000,1340427.00
2021-07-30,10.19,10.95,10.19,10.79,347300,3727037.00
2021-08-02,10.79,10.98,10.61,10.88,270400,2888177.00
2021-08-03,10.81,10.85,10.58,10.58,148100,1584879.00
2021-08-04,11.45,11.45,10.40,10.72,88100,955692.00
2021-08-05,10.72,10.92,10.40,10.40,136200,1449064.63
2021-08-06,10.41,10.41,10.20,10.26,55000,566534.94
2021-08-09,10.20,10.52,10.05,10.37,66800,691235.81
2021-08-10,10.37,10.45,10.22,10.31,82600,852713.13
2021-08-11,10.31,10.60,10.29,10.44,57100,595904.06
2021-08-12,10.63,11.33,10.63,10.70,365300,3913630.00
2021-08-13,10.85,10.85,10.33,10.40,475200,4992025.50
2021-08-16,10.52,10.85,10.44,10.66,209300,2239755.00
2021-08-17,10.60,10.65,10.30,10.37,309300,3248075.25
2021-08-18,10.38,10.64,10.38,10.63,38100,401541.00
2021-08-19,10.53,10.65,10.50,10.50,221000,2297762.75
2021-08-20,10.57,10.57,10.15,10.22,348000,3577300.75
2021-08-23,10.22,10.37,10.16,10.29,138100,1414402.25
2021-08-24,10.29,11.00,10.29,10.76,252100,2695689.50
2021-08-25,10.79,10.97,10.67,10.83,101100,1087718.63
2021-08-26,10.71,10.83,10.57,10.66,163900,1757412.88
2021-08-27,10.60,10.78,10.31,10.48,121400,1273074.25
2021-08-30,10.48,10.62,10.33,10.50,129800,1356281.88
2021-08-31,10.54,10.99,10.54,10.97,212200,2303008.50
2021-09-01,11.24,11.90,11.01,11.77,560000,6508191.00
2021-09-02,11.63,12.70,11.63,12.68,432600,5418028.00
2021-09-03,14.51,16.00,13.56,14.80,1226300,17954790.00
2021-09-06,15.62,19.22,15.62,16.70,1413400,24473068.00
2021-09-07,16.85,18.99,16.85,18.43,1138300,20633432.00
2021-09-08,18.52,23.95,18.52,23.95,1947200,42171260.00
2021-09-09,24.95,26.00,22.13,23.61,1609000,38965800.00
2021-09-10,23.26,24.48,21.82,22.80,824100,19227786.00
2021-09-13,23.10,23.20,19.02,19.51,1129800,23078746.00
2021-09-14,19.51,19.51,17.40,17.93,1052200,19332960.00
2021-09-15,18.02,19.35,18.02,18.36,619000,11573405.00
2021-09-16,18.92,18.92,16.92,16.92,539100,9383979.00
2021-09-17,16.92,18.88,16.92,18.64,868800,15751604.00
2021-09-22,19.90,21.74,19.20,20.48,1104100,21971066.00
2021-09-23,20.55,20.88,19.30,19.89,535000,10637445.00
2021-09-24,19.38,20.50,19.38,19.66,364800,7256837.50
2021-09-27,19.66,19.77,17.81,18.26,292300,5421620.00
2021-09-28,18.36,19.00,18.26,18.35,165400,3097408.75
2021-09-29,18.10,18.29,17.57,17.69,284100,5063130.50
2021-09-30,17.79,19.88,17.79,19.56,438200,8386490.00
2021-10-08,19.55,19.58,18.01,18.55,197600,3677817.50
2021-10-11,18.88,18.88,18.24,18.50,61900,1139933.00
2021-10-12,18.50,18.88,17.51,17.60,107300,1937983.13
2021-10-13,17.61,18.49,17.61,18.01,138700,2507530.00
2021-10-14,18.00,18.80,17.61,17.80,340100,6109643.50
2021-10-15,17.80,18.15,17.71,17.93,123600,2208875.25
2021-10-18,18.42,18.42,17.62,17.73,104500,1856725.13
2021-10-19,17.56,18.00,17.56,17.70,81200,1443132.63
2021-10-20,17.67,18.37,17.67,18.10,136700,2465885.00
2021-10-21,18.01,18.20,17.61,17.90,161300,2876878.50
2021-10-22,18.25,18.27,17.71,17.94,91700,1643293.63
2021-10-25,18.00,18.00,17.08,17.36,315300,5463851.00
2021-10-26,17.20,17.20,15.82,16.20,477800,7735616.50
2021-10-27,15.94,16.55,15.75,16.04,159600,2551489.75
2021-10-28,16.37,16.37,15.02,15.09,197300,3052110.75
2021-10-29,15.78,15.98,15.50,15.96,138000,2191652.25
2021-11-01,17.99,17.99,16.77,17.20,470400,8145675.00
2021-11-02,16.28,17.25,16.28,16.47,150500,2510749.25
2021-11-03,17.08,17.08,16.45,16.86,187600,3122845.25
2021-11-04,17.01,20.00,17.00,20.00,739100,14117701.00
2021-11-05,20.18,21.36,20.18,20.80,652700,13575816.00
2021-11-08,21.00,21.69,21.00,21.30,802500,17087574.00
2021-11-09,20.96,21.27,20.50,20.98,387900,8075498.50
2021-11-10,20.68,21.43,20.55,21.37,215500,4495300.50
2021-11-11,21.74,22.00,20.87,21.59,487300,10440885.00
2021-11-12,21.23,23.34,21.20,23.15,614600,13678947.00
2021-11-15,23.50,27.90,23.43,23.81,3184800,79694760.00
2021-11-16,22.61,23.33,20.38,20.72,1273000,27100002.00
2021-11-17,20.30,21.29,18.98,19.62,984300,19402798.00
2021-11-18,19.63,19.63,19.00,19.22,380900,7319426.00
2021-11-19,19.48,19.48,18.33,19.10,697400,13061384.00
2021-11-22,18.65,19.80,18.65,19.80,570700,11148859.00
2021-11-23,19.93,21.60,19.53,21.24,1042800,21838140.00
2021-11-24,21.45,21.45,20.14,20.65,633700,13067599.00
2021-11-25,20.64,20.98,19.88,20.15,529200,10663555.00
2021-11-26,19.98,20.25,19.23,19.50,340500,6645888.50
2021-11-29,19.28,19.28,18.54,18.86,398900,7553351.00
2021-11-30,19.24,19.29,18.36,18.37,374800,6945138.50
2021-12-01,18.52,18.52,17.62,17.82,546400,9711370.00
2021-12-02,17.82,18.39,17.66,18.05,156800,2835215.75
2021-12-03,18.33,18.38,17.69,17.70,166400,2968449.50
2021-12-06,17.51,18.24,17.35,17.52,301900,5403273.00
2021-12-07,17.51,17.88,16.50,16.69,322500,5401422.50
2021-12-08,16.66,17.11,16.38,16.85,192800,3217245.25
2021-12-09,17.18,17.18,16.56,16.80,195900,3293376.00
2021-12-10,16.49,16.82,16.49,16.75,92900,1543358.88
2021-12-13,16.97,18.25,16.70,18.10,424500,7424906.00
2021-12-14,18.20,19.19,17.63,18.70,733200,13770446.00
2021-12-15,18.70,19.20,18.40,19.12,644600,12243123.00
2021-12-16,19.33,19.50,18.89,19.25,402100,7726022.50
2021-12-17,19.25,19.25,17.81,18.37,366900,6722092.50
2021-12-20,18.00,18.25,17.55,17.88,223000,3965835.25
2021-12-21,17.96,17.96,17.63,17.70,97100,1718538.13
2021-12-22,17.56,18.20,17.56,18.00,110400,1991591.00
2021-12-23,18.47,18.47,17.56,17.97,129900,2328704.25
2021-12-24,17.62,17.96,17.50,17.60,132600,2330777.75
2021-12-27,17.70,18.30,17.70,17.93,263400,4729576.00
2021-12-28,17.71,20.76,17.71,20.76,1233800,23846588.00
2021-12-29,20.86,21.45,19.40,20.19,725000,14617780.00
2021-12-30,20.33,21.70,19.71,20.80,857200,17900068.00
2021-12-31,21.29,22.32,20.50,21.30,849100,18372838.00
2022-01-04,21.18,22.00,19.60,19.70,608900,12350281.00
2022-01-05,20.09,20.33,19.30,19.78,322000,6376775.00
2022-01-06,19.87,19.88,19.03,19.78,256100,4977280.00
2022-01-07,19.40,19.99,19.11,19.33,144300,2805386.50
2022-01-10,19.17,19.59,19.00,19.29,125156,2409839.50
2022-01-11,19.49,19.67,19.01,19.10,213453,4144794.50
2022-01-12,18.91,19.53,18.00,18.46,427008,7874133.00
2022-01-13,18.06,18.60,18.02,18.15,192333,3494717.00
2022-01-14,18.45,18.45,17.44,17.72,275228,4882773.00
2022-01-17,17.72,18.13,17.38,18.06,221002,3908681.00
2022-01-18,18.18,21.65,18.18,19.86,1143210,23143064.00
2022-01-19,19.01,19.80,18.01,18.90,597396,11105114.00
2022-01-20,18.26,19.85,18.15,19.18,568108,10787211.00
2022-01-21,19.04,19.11,18.36,18.46,287585,5362340.00
2022-01-24,18.89,19.80,18.28,18.49,322313,6081614.50
2022-01-25,18.55,18.55,17.48,17.56,397914,7051957.00
2022-01-26,17.98,18.10,17.55,17.58,128249,2266125.00
2022-01-27,17.50,18.19,17.02,17.10,185801,3208889.50
2022-01-28,17.11,17.36,17.09,17.20,91240,1570831.13
2022-02-07,17.69,17.70,17.28,17.43,115272,2014797.88
2022-02-08,17.70,17.70,17.11,17.46,242708,4247138.50
2022-02-09,17.75,17.75,17.23,17.53,116910,2038926.38
2022-02-10,17.55,17.55,17.27,17.30,90581,1570092.13
2022-02-11,17.58,17.58,16.16,16.65,366990,6106250.50
2022-02-14,16.56,16.56,15.98,16.20,276015,4436361.00
2022-02-15,16.32,16.67,16.26,16.49,106021,1742816.50
2022-02-16,16.60,16.60,16.16,16.53,169849,2764200.75
2022-02-17,16.62,16.62,16.12,16.17,156393,2537229.50
2022-02-18,15.92,16.30,15.92,16.19,64223,1039298.44
2022-02-21,16.11,16.24,16.08,16.22,72699,1173431.50
2022-02-22,16.50,16.52,15.82,16.05,113598,1828967.13
2022-02-23,16.10,16.36,15.82,16.28,217446,3508746.75
2022-02-24,16.44,16.44,15.43,15.60,173288,2732275.50
2022-02-25,16.00,16.00,15.52,15.62,92252,1447710.63
2022-02-28,15.55,15.55,15.10,15.19,199481,3029270.75
2022-03-01,15.01,15.42,14.93,15.00,130617,1963057.00
2022-03-02,15.15,15.16,14.78,14.82,75951,1129250.88
2022-03-03,15.05,15.05,14.74,14.82,52573,778676.13
2022-03-04,15.04,15.04,14.79,14.87,80702,1199452.38
2022-03-07,15.10,15.10,14.12,14.20,277116,3977037.25
2022-03-08,14.46,14.46,13.61,13.62,143817,2002431.00
2022-03-09,13.53,13.86,12.42,13.22,186334,2408945.00
2022-03-10,13.30,13.90,13.30,13.82,133333,1806413.75
2022-03-11,13.14,13.82,13.14,13.55,84714,1137753.88
2022-03-14,13.30,13.81,13.30,13.41,43723,592319.56
2022-03-15,13.55,13.55,12.78,12.86,92904,1218560.75
2022-03-16,13.00,13.40,12.60,13.22,125979,1626397.75
2022-03-17,13.53,16.21,13.21,14.30,297916,4324503.00
2022-03-18,14.67,14.67,13.51,14.35,122905,1726618.00
2022-03-21,14.45,14.60,14.24,14.42,23950,345653.31
2022-03-22,14.58,14.59,14.22,14.44,23148,333679.28
2022-03-23,14.22,14.64,14.22,14.46,26963,389341.25
2022-03-24,14.20,14.38,14.00,14.19,29886,422792.81
2022-03-25,14.52,14.52,13.96,14.29,55821,793015.31
2022-03-28,14.30,14.30,13.86,14.13,22785,318515.72
2022-03-29,14.19,14.19,13.79,14.11,43393,605304.00
2022-03-30,14.20,14.41,13.84,14.20,17174,242588.14
2022-03-31,14.29,14.37,13.99,14.18,17821,249726.16
2022-04-01,13.98,14.31,13.98,14.19,124741,1756972.38
2022-04-06,14.40,14.40,14.00,14.15,23068,324223.66
2022-04-07,14.00,14.00,13.62,13.83,25943,357577.13
2022-04-08,13.77,13.95,13.33,13.50,49613,670382.81
2022-04-11,13.28,13.28,12.80,12.80,31687,410656.72
2022-04-12,12.51,13.07,12.43,12.83,21134,268426.75
2022-04-13,13.30,13.30,12.50,12.94,23017,295411.63
2022-04-14,13.20,13.20,12.00,12.37,99738,1240699.50
2022-04-15,12.17,12.35,11.86,12.06,64463,773357.69
2022-04-18,12.04,12.05,11.70,11.94,24708,293286.31
2022-04-19,11.63,12.23,11.63,11.82,25438,299121.16
2022-04-20,11.80,11.86,11.26,11.79,56127,648796.25
2022-04-21,11.70,11.70,11.16,11.23,59882,679199.56
2022-04-22,11.52,11.52,10.89,10.89,38891,429147.59
2022-04-25,10.05,11.04,9.71,10.00,75331,767949.63
2022-04-26,10.14,10.14,9.61,9.62,53787,530438.94
2022-04-27,9.50,9.78,9.20,9.69,56827,542246.81
2022-04-28,9.69,9.69,9.21,9.40,31413,294322.81
2022-04-29,9.16,9.32,8.45,9.00,397307,3484410.50
2022-05-05,9.18,9.59,8.61,9.41,173836,1595763.88
2022-05-06,9.25,9.40,8.92,9.21,67137,610209.06
2022-05-09,9.23,9.45,8.87,9.29,36255,334208.50
2022-05-10,9.27,9.42,9.13,9.13,53061,489589.63
2022-05-11,9.35,9.42,9.15,9.25,115916,1079140.63
2022-05-12,9.38,9.38,9.08,9.12,66813,613844.56
2022-05-13,9.28,9.68,9.03,9.65,166118,1569051.50
2022-05-16,10.13,10.14,9.32,9.50,79856,780949.56
2022-05-17,9.80,9.80,9.37,9.72,162734,1557445.50
2022-05-18,9.68,9.87,9.58,9.71,81380,791388.81
2022-05-19,9.78,9.78,9.51,9.71,17092,163731.41
2022-05-20,9.82,9.82,9.56,9.75,25600,248918.00
2022-05-23,9.65,9.83,9.65,9.80,15978,155972.05
2022-05-24,10.00,10.00,9.41,9.43,46459,444619.03
2022-05-25,9.57,9.57,9.16,9.36,74170,685310.63
2022-05-26,9.48,9.48,9.01,9.04,84037,765847.75
2022-05-27,8.88,9.12,8.88,9.11,87776,784635.56
2022-05-30,9.19,9.19,8.90,9.05,43890,394326.00
2022-05-31,9.16,9.16,8.80,9.04,110886,986028.50
2022-06-01,9.04,9.08,8.90,9.02,47685,428438.50
2022-06-02,8.95,9.33,8.95,9.29,98305,898449.94
2022-06-06,9.39,9.39,9.00,9.32,73542,682344.88
2022-06-07,9.37,9.40,9.16,9.22,56022,519630.19
2022-06-08,9.35,9.35,9.11,9.25,27910,256239.80
2022-06-09,9.08,9.29,9.08,9.15,26058,238040.94
2022-06-10,8.96,9.25,8.96,9.19,40141,365913.06
2022-06-13,9.19,9.21,9.03,9.19,41458,377110.06
2022-06-14,9.02,9.19,9.02,9.14,83632,755557.69
2022-06-15,9.14,9.17,9.02,9.12,46248,420422.25
2022-06-16,9.01,9.12,9.01,9.11,54892,497388.53
2022-06-17,9.11,9.11,9.01,9.10,26116,236344.23
2022-06-20,9.01,9.37,9.00,9.30,50609,462971.25
2022-06-21,9.27,9.27,9.10,9.23,18980,174557.08
2022-06-22,9.23,9.98,9.23,9.36,184085,1749495.25
2022-06-23,9.11,9.63,9.11,9.45,159310,1481393.50
2022-06-24,9.58,9.58,9.32,9.49,99730,941864.00
2022-06-27,9.48,9.80,9.33,9.80,202272,1930644.00
2022-06-28,9.98,12.74,9.97,12.74,2028782,24523524.00
2022-06-29,11.97,12.90,11.26,11.35,1558692,18582770.00
2022-06-30,11.39,11.50,10.88,11.06,713302,7853114.00
2022-07-01,11.29,11.30,10.62,10.79,276262,2981009.00
2022-07-04,11.03,11.10,10.60,10.80,200279,2160017.00
2022-07-05,10.69,10.97,10.33,10.50,274656,2898349.25
2022-07-06,10.70,10.85,10.10,10.73,161511,1712507.50
2022-07-07,10.73,10.87,10.41,10.77,158407,1680287.00
2022-07-08,10.94,10.94,10.52,10.70,171056,1828894.75
2022-07-11,10.43,10.80,10.31,10.50,118617,1239943.50
2022-07-12,10.68,10.68,10.28,10.29,56310,585540.81
2022-07-13,10.18,10.43,10.15,10.31,66774,685975.88
2022-07-14,10.31,11.00,10.14,10.96,401943,4292749.00
2022-07-15,11.00,11.00,10.49,10.65,337385,3615655.00
2022-07-18,10.18,10.59,10.18,10.40,206310,2135936.50
2022-07-19,10.28,10.42,10.18,10.25,206852,2116277.75
2022-07-20,10.30,10.30,10.11,10.27,67180,687058.38
2022-07-21,10.30,10.37,10.14,10.14,105704,1075299.00
2022-07-22,10.29,10.29,10.06,10.06,71608,727810.38
2022-07-25,10.06,10.16,9.81,9.86,131636,1317666.88
2022-07-26,9.99,9.99,9.71,9.95,60816,602238.25
2022-07-27,10.03,10.99,9.98,10.57,425695,4448812.50
2022-07-28,10.37,10.93,10.20,10.78,394416,4153207.25
2022-07-29,10.46,11.95,10.46,11.87,1172154,13558825.00
2022-08-01,12.12,14.40,12.12,14.16,1835110,24568190.00
2022-08-02,13.24,13.75,12.35,12.67,985257,12606687.00
2022-08-03,13.00,13.60,12.50,12.86,630764,8250201.00
2022-08-04,12.51,12.85,12.12,12.70,305926,3825129.75
2022-08-05,12.95,12.95,12.13,12.44,278724,3457550.25
2022-08-08,12.11,12.53,12.11,12.42,156535,1933468.75
2022-08-09,12.56,13.48,11.77,12.27,773695,9711998.00
2022-08-10,12.02,12.15,11.81,11.99,342523,4078253.00
2022-08-11,12.15,12.15,11.50,11.92,271097,3200497.25
2022-08-12,12.04,12.80,11.98,12.20,295451,3653065.25
2022-08-15,11.90,11.91,11.51,11.91,236032,2776532.25
2022-08-16,11.91,11.91,11.70,11.71,173057,2036751.63
2022-08-17,11.62,11.62,11.26,11.29,305598,3477641.00
2022-08-18,11.18,11.40,11.15,11.32,177212,1988902.00
2022-08-19,11.41,11.41,11.09,11.12,228782,2560212.00
2022-08-22,11.11,11.22,11.03,11.13,145735,1619465.13
2022-08-23,11.45,11.45,11.08,11.18,96419,1081089.75
2022-08-24,11.04,11.28,10.90,11.04,174373,1918249.38
2022-08-25,10.68,11.18,10.68,10.87,180044,1954464.75
2022-08-26,11.10,11.10,10.78,10.88,125876,1378733.13
2022-08-29,11.22,11.22,10.51,10.80,137947,1480418.88
2022-08-30,11.00,11.00,10.70,10.75,88915,964054.50
2022-08-31,10.56,10.77,10.43,10.52,122485,1292544.38
2022-09-01,10.75,10.75,10.46,10.52,100098,1055243.00
2022-09-02,10.91,10.91,10.46,10.54,82174,868712.00
2022-09-05,10.88,10.89,10.33,10.50,110837,1173441.25
2022-09-06,10.45,10.50,10.32,10.38,65551,679844.44
2022-09-07,10.43,11.31,10.33,11.08,487680,5276765.50
2022-09-08,11.26,11.26,10.73,10.80,213134,2326284.00
2022-09-09,10.98,10.98,10.62,10.66,67821,726377.31
2022-09-13,10.97,10.97,10.43,10.67,110243,1160220.25
2022-09-14,10.08,10.65,10.08,10.24,145580,1497370.38
2022-09-15,10.31,10.76,10.02,10.03,93985,964597.13
2022-09-16,10.02,10.59,10.02,10.28,207118,2153642.00
2022-09-19,10.33,10.68,10.18,10.53,151304,1578013.25
2022-09-20,10.65,11.30,10.28,11.20,562824,6192662.00
2022-09-21,11.09,11.97,10.89,11.57,663757,7709194.00
2022-09-22,11.55,11.95,10.61,10.69,828176,9304771.00
2022-09-23,10.81,10.82,10.05,10.13,438646,4529035.50
2022-09-26,10.11,10.37,9.77,10.35,340472,3451563.75
2022-09-27,10.06,10.30,10.06,10.27,85063,865947.56
2022-09-28,10.39,10.39,10.02,10.16,246023,2479896.75
2022-09-29,10.03,10.28,9.85,9.88,179534,1790621.75
2022-09-30,9.59,9.99,9.59,9.76,110948,1074698.25
2022-10-10,9.76,9.76,9.21,9.37,76753,718775.88
2022-10-11,9.18,9.44,9.11,9.27,171170,1575540.50
2022-10-12,9.60,9.60,9.23,9.45,171483,1607398.38
2022-10-13,9.49,9.49,9.25,9.42,126126,1177111.00
2022-10-14,9.42,9.64,9.42,9.57,181472,1729002.00
2022-10-17,9.35,9.60,9.31,9.58,112736,1074311.00
2022-10-18,9.89,9.89,9.42,9.59,107801,1028660.06
2022-10-19,9.61,9.61,9.43,9.52,69311,655864.56
2022-10-20,9.54,9.54,9.40,9.50,68582,648645.81
2022-10-21,9.40,9.55,9.32,9.49,59347,560045.44
2022-10-24,9.36,9.58,9.36,9.45,45960,432133.88
2022-10-25,9.30,9.38,9.27,9.33,55495,516311.41
2022-10-26,9.50,9.50,9.30,9.34,98725,927807.00
2022-10-27,9.44,9.45,9.16,9.30,188674,1763051.25
2022-10-28,9.11,9.33,9.01,9.09,201082,1835574.25
2022-10-31,9.28,9.39,9.06,9.08,101219,927159.75
2022-11-01,9.08,9.29,9.01,9.21,78319,717430.81
2022-11-02,9.23,9.30,9.06,9.24,156243,1439034.75
2022-11-03,9.47,9.47,9.15,9.28,31914,295761.84
2022-11-04,9.29,9.29,9.09,9.29,174589,1610463.00
2022-11-07,9.45,9.45,9.32,9.42,253665,2385857.50
2022-11-08,9.47,9.48,9.26,9.40,95179,883803.13
2022-11-09,9.40,9.40,9.26,9.34,59002,549749.13
2022-11-10,9.16,9.33,9.16,9.26,49966,460541.84
2022-11-11,9.22,9.40,9.22,9.28,101156,936632.44
2022-11-14,9.40,9.40,9.22,9.28,72305,672195.13
2022-11-15,9.02,9.30,8.86,9.28,139061,1266052.38
2022-11-16,9.14,9.25,9.02,9.15,379597,3456550.00
2022-11-17,9.04,9.15,9.04,9.11,106103,961855.44
2022-11-18,9.05,9.09,8.97,9.08,106176,959782.63
2022-11-21,9.10,9.29,9.10,9.25,267971,2468318.50
2022-11-22,9.13,9.24,9.03,9.13,82418,749349.25
2022-11-23,9.31,9.31,9.05,9.15,60934,557037.56
2022-11-24,9.08,9.23,9.06,9.17,60892,553958.94
2022-11-25,9.08,9.17,9.06,9.17,69361,631048.19
2022-11-28,9.06,9.19,8.90,9.13,161437,1457571.00
2022-11-29,9.09,9.16,9.04,9.16,167579,1528329.88
2022-11-30,9.07,9.16,9.04,9.16,78641,714815.75
2022-12-01,9.18,9.18,9.10,9.15,39920,364662.16
2022-12-02,9.16,9.16,9.10,9.15,39615,362286.59
2022-12-05,9.11,9.18,9.11,9.18,47290,433611.47
2022-12-06,9.11,9.53,9.11,9.35,426933,4007173.25
2022-12-07,9.49,9.55,9.34,9.34,85175,804679.38
2022-12-08,9.19,9.54,9.19,9.26,60655,563016.19
2022-12-09,9.19,9.42,9.04,9.12,207445,1889202.00
2022-12-12,9.02,9.14,8.93,9.06,130762,1175030.75
2022-12-13,8.96,9.13,8.93,8.95,81633,732462.44
2022-12-14,8.91,9.05,8.91,9.02,54962,493406.31
2022-12-15,8.94,9.08,8.92,9.07,22663,203777.98
2022-12-16,9.07,9.10,8.96,9.08,63537,576610.69
2022-12-19,9.08,9.10,8.95,8.95,54265,490148.72
2022-12-20,9.06,9.07,8.90,9.06,18641,167698.48
2022-12-21,8.90,9.05,8.90,9.03,35841,320316.84
2022-12-22,8.93,9.03,8.87,8.99,19008,169784.80
2022-12-23,8.86,9.00,8.79,8.97,41026,363055.53
2022-12-26,8.85,9.05,8.78,9.04,22782,203858.45
2022-12-27,9.04,9.06,8.93,9.05,10043,90853.69
2022-12-28,8.93,9.01,8.90,8.91,36475,325639.81
2022-12-29,8.93,9.08,8.92,8.99,16174,145589.58
2022-12-30,9.26,9.26,8.96,9.05,7418,67478.32
2023-01-03,8.87,9.08,8.87,9.06,10754,96864.34
2023-01-04,8.95,9.06,8.95,9.04,24472,220825.09
2023-01-05,8.92,9.06,8.92,9.04,26433,238488.05
2023-01-06,8.94,9.04,8.89,9.04,38829,348521.44
2023-01-09,9.05,9.05,8.95,9.05,27333,247039.92
2023-01-10,8.99,9.05,8.96,9.04,41172,370809.19
2023-01-11,9.05,9.18,8.99,9.15,90932,827822.00
2023-01-12,9.16,9.20,9.04,9.20,99775,912580.81
2023-01-13,9.18,9.25,9.11,9.22,49500,455223.19
2023-01-16,9.07,9.24,9.07,9.15,82240,751109.56
2023-01-17,9.20,9.21,9.15,9.18,11640,106908.20
2023-01-18,9.23,9.23,9.07,9.19,62969,575613.56
2023-01-19,9.21,9.21,9.07,9.10,26552,242075.59
2023-01-20,9.01,9.45,9.01,9.22,106178,978404.50
2023-01-30,9.46,9.46,9.16,9.26,105282,972128.94
2023-01-31,9.26,9.87,9.25,9.80,268066,2578438.00
2023-02-01,9.95,11.19,9.95,10.30,795635,8416451.00
2023-02-02,9.95,10.57,9.70,9.76,499147,4931323.50
2023-02-03,9.68,9.91,9.68,9.69,185802,1814806.88
2023-02-06,9.61,9.70,9.46,9.46,78552,748893.00
2023-02-07,9.58,9.94,9.58,9.65,119048,1152568.50
2023-02-08,9.75,9.75,9.30,9.50,132391,1244752.00
2023-02-09,9.49,9.87,9.32,9.58,57408,548645.50
2023-02-10,9.43,9.60,9.41,9.58,32083,305546.88
2023-02-13,9.73,9.87,9.61,9.72,335177,3262537.00
2023-02-14,9.70,9.79,9.50,9.61,235953,2254533.75
2023-02-15,9.39,9.61,9.39,9.58,234640,2233049.00
2023-02-16,9.56,9.58,9.46,9.48,195637,1862526.75
2023-02-17,9.35,9.48,9.26,9.42,104694,982402.31
2023-02-20,9.41,9.45,9.35,9.44,67933,639264.31
2023-02-21,9.45,9.53,9.40,9.53,84431,798273.75
2023-02-22,9.50,9.50,9.30,9.32,176673,1657737.13
2023-02-23,9.39,9.42,9.32,9.32,3290150,21597662.00
2023-02-24,9.38,9.42,9.25,9.28,18919,176050.56
2023-02-27,9.30,9.35,9.01,9.28,85112,788805.75
2023-02-28,9.16,9.38,9.16,9.36,85704,800393.69
2023-03-01,9.44,9.44,9.17,9.17,74199,688550.81
2023-03-02,9.20,9.25,9.07,9.15,3472092,22845020.00
2023-03-03,9.20,9.20,9.10,9.19,46159,421835.53
2023-03-06,9.70,9.70,9.13,9.32,56220,524390.13
2023-03-07,9.35,9.35,9.15,9.29,67788,627255.50
2023-03-08,9.36,9.36,9.13,9.27,45009,414338.44
2023-03-09,9.14,9.27,9.14,9.24,22890,210287.05
2023-03-10,9.10,9.24,9.04,9.19,55790,508491.41
2023-03-13,9.10,9.18,9.06,9.18,87063,797107.19
2023-03-14,9.09,9.25,9.09,9.16,90381,827935.38
2023-03-15,9.11,9.34,9.06,9.20,97334,889715.13
2023-03-16,9.18,9.20,9.03,9.10,48013,437472.97
2023-03-17,9.13,9.13,9.01,9.07,117401,1060993.88
2023-03-20,9.01,9.06,9.01,9.05,33407,301648.59
2023-03-21,9.06,9.07,8.99,9.07,44081,398923.50
2023-03-22,9.11,9.13,9.06,9.07,17677,160777.31
2023-03-23,8.99,9.09,8.99,9.06,32538,293563.75
2023-03-24,9.02,9.11,9.01,9.05,71632,648314.25
2023-03-27,9.11,9.11,9.03,9.06,26538,240851.58
2023-03-28,9.06,9.10,8.99,9.10,25296,229055.08
2023-03-29,9.11,9.11,9.07,9.08,15154,137866.73
2023-03-30,9.08,9.11,9.01,9.09,42896,387887.63
2023-03-31,9.00,9.09,8.99,9.09,27684,250407.02
2023-04-03,9.04,9.12,9.02,9.08,52991,479090.44
2023-04-04,9.08,9.08,8.83,9.02,82427,741113.69
2023-04-06,8.93,9.07,8.92,8.92,49304,441254.31
2023-04-07,8.89,9.01,8.85,8.95,56698,505653.66
2023-04-10,8.97,9.05,8.90,9.00,53565,481633.06
2023-04-11,8.98,8.98,8.85,8.96,28034,249541.05
2023-04-12,9.01,9.01,8.86,9.00,57142,510349.69
2023-04-13,8.89,9.03,8.86,8.97,42409,378125.50
2023-04-14,8.92,9.00,8.88,8.95,68280,608418.63
2023-04-17,8.98,8.98,8.85,8.95,39583,351810.97
2023-04-18,8.82,8.97,8.82,8.92,23984,213747.63
2023-04-19,8.96,8.96,8.88,8.93,24461,218135.20
2023-04-20,8.82,8.94,8.78,8.86,46662,412394.00
2023-04-21,8.83,8.99,8.81,8.89,45084,400615.50
2023-04-24,8.79,8.94,8.78,8.80,25265,222998.95
2023-04-25,8.57,8.88,8.38,8.43,105811,904877.19
2023-04-26,8.57,8.57,8.34,8.50,53769,454680.00
2023-04-27,8.34,8.48,8.30,8.45,59979,501968.13
2023-04-28,8.03,8.47,8.03,8.15,143732,1171487.50
2023-05-04,8.11,8.11,7.81,7.85,259394,2059264.63
2023-05-05,8.00,8.01,7.60,7.78,146279,1124430.38
2023-05-08,7.78,8.10,7.69,7.85,138697,1093855.63
2023-05-09,7.90,7.95,7.80,7.85,122325,960150.13
2023-05-10,7.85,7.99,7.77,7.83,60972,480846.53
2023-05-11,7.74,7.90,7.73,7.86,22230,174691.41
2023-05-12,7.75,7.89,7.75,7.83,43683,340622.50
2023-05-15,7.83,7.83,7.58,7.77,125121,957799.06
2023-05-16,7.65,7.80,7.62,7.73,42947,328384.94
2023-05-17,7.71,7.71,7.61,7.65,33372,255708.06
2023-05-18,7.73,8.28,7.73,8.09,212813,1701499.75
2023-05-19,8.77,10.10,8.48,9.25,1599065,15099647.00
2023-05-22,8.90,9.20,8.50,8.90,1125021,9821153.00
2023-05-23,8.86,9.32,8.80,8.88,684326,6221205.50
2023-05-24,9.00,9.93,9.00,9.36,1181762,11231603.00
2023-05-25,9.01,9.02,8.32,8.62,1051324,9153486.00
2023-05-26,8.60,8.85,8.42,8.61,604841,5212858.00
2023-05-29,8.65,8.88,8.45,8.47,293622,2513587.75
2023-05-30,8.57,8.57,8.18,8.30,483173,4010229.50
2023-05-31,8.55,8.58,8.28,8.43,402491,3408828.50
2023-06-01,8.40,8.45,8.24,8.30,169048,1410271.75
2023-06-02,8.32,8.32,8.23,8.26,212936,1762247.38
2023-06-05,8.36,8.40,8.27,8.36,102460,852371.75
2023-06-06,8.28,8.68,8.28,8.44,218027,1849510.38
2023-06-07,8.40,8.49,8.34,8.40,88328,744232.94
2023-06-08,8.38,8.47,8.20,8.36,108808,905564.44
2023-06-09,8.28,8.34,8.06,8.20,168623,1377804.00
2023-06-12,8.15,8.20,8.07,8.09,66245,537873.69
2023-06-13,8.06,8.19,7.97,8.06,105007,842809.63
2023-06-14,8.04,8.08,7.91,7.93,96272,766444.69
2023-06-15,8.02,8.20,8.00,8.19,263944,2152072.75
2023-06-16,8.19,8.28,8.05,8.09,97981,798315.75
2023-06-19,8.19,8.19,7.94,7.98,148601,1191652.13
2023-06-20,8.06,8.36,7.92,8.32,313239,2572330.75
2023-06-21,8.22,9.01,8.16,8.94,767264,6670312.50
2023-06-26,8.63,8.91,8.61,8.63,443314,3871954.00
2023-06-27,8.46,8.69,8.39,8.67,140144,1192334.50
2023-06-28,8.53,9.07,8.52,8.94,324731,2884672.25
2023-06-29,9.00,10.50,9.00,10.00,3118204,31123374.00
2023-06-30,9.30,9.80,9.30,9.67,1780847,16906748.00
2023-07-03,9.60,9.73,9.00,9.08,1336453,12531437.00
2023-07-04,9.06,9.44,9.00,9.39,891177,8279354.00
2023-07-05,9.40,9.46,9.14,9.18,660887,6112038.50
2023-07-06,9.16,9.28,8.69,8.80,712471,6399463.00
2023-07-07,9.15,10.70,9.15,9.48,2632025,25971068.00
2023-07-10,9.20,9.27,8.82,8.91,1485784,13337126.00
2023-07-11,9.02,9.05,8.76,8.81,515112,4550518.00
2023-07-12,8.98,8.98,8.63,8.90,424048,3724482.25
2023-07-13,8.78,8.90,8.74,8.89,327188,2889243.00
2023-07-14,8.78,8.98,8.78,8.90,429002,3810746.50
2023-07-17,8.79,8.88,8.76,8.83,106147,933021.06
2023-07-18,8.77,8.86,8.75,8.84,114230,1004396.88
2023-07-19,8.75,8.83,8.59,8.62,329989,2865770.75
2023-07-20,8.78,8.78,8.51,8.59,241212,2073033.50
2023-07-21,8.41,8.56,8.40,8.41,151074,1276393.75
2023-07-24,8.33,8.60,8.22,8.28,85218,707657.13
2023-07-25,8.30,8.54,8.25,8.49,85872,716570.25
2023-07-26,8.49,8.56,8.31,8.41,95840,811270.19
2023-07-27,8.40,8.67,8.38,8.46,61469,520224.69
2023-07-28,8.34,8.53,8.34,8.52,159880,1360610.00
2023-07-31,8.63,8.64,8.52,8.60,45640,392213.78
2023-08-01,8.72,8.72,8.52,8.61,41183,355127.81
2023-08-02,8.46,8.60,8.42,8.56,22176,188035.05
2023-08-03,8.43,8.56,8.43,8.55,96836,825023.81
2023-08-04,8.79,8.79,8.57,8.65,73955,638780.06
2023-08-07,8.90,8.90,8.60,8.62,47516,411918.34
2023-08-08,8.39,8.64,8.39,8.51,39213,333845.81
2023-08-09,8.51,8.57,8.30,8.57,101353,846596.56
2023-08-10,8.50,8.50,8.35,8.39,71859,604232.69
2023-08-11,8.50,8.50,8.12,8.20,103836,855972.00
2023-08-14,8.20,8.20,8.03,8.10,62609,505673.59
2023-08-15,8.07,8.17,8.05,8.10,19792,159867.52
2023-08-16,8.12,8.20,8.07,8.12,37755,307671.00
2023-08-17,8.03,8.24,8.03,8.21,90470,739689.50
2023-08-18,8.06,8.20,8.01,8.03,60802,491280.28
2023-08-21,7.95,7.95,7.63,7.84,141363,1100246.88
2023-08-22,7.71,7.76,7.30,7.56,340013,2544766.25
2023-08-23,7.62,7.62,7.36,7.38,32285,239066.88
2023-08-24,7.33,7.49,7.22,7.39,93172,682917.56
2023-08-25,7.68,7.68,7.03,7.11,133915,956919.00
2023-08-28,7.55,7.72,6.68,6.92,218078,1535041.50
2023-08-29,6.73,7.12,6.73,7.02,98817,693101.63
2023-08-30,6.80,7.13,6.80,6.96,156205,1081678.75
2023-08-31,6.90,7.05,6.81,7.05,56120,391954.47
2023-09-01,7.10,7.23,7.10,7.11,62970,450726.72
2023-09-04,7.47,7.57,7.21,7.46,464717,3419467.75
2023-09-05,7.43,7.44,7.19,7.20,251294,1825757.63
2023-09-06,7.20,7.20,6.94,7.11,184091,1292843.25
2023-09-07,7.10,7.16,7.02,7.08,49421,349578.03
2023-09-08,7.12,7.12,6.93,7.04,65203,454795.13
2023-09-11,7.03,7.04,6.93,7.01,57577,402145.34
2023-09-12,6.94,7.09,6.94,6.98,70186,492952.16
2023-09-13,7.18,7.24,7.01,7.22,194363,1391412.25
2023-09-14,7.35,7.35,7.03,7.20,96176,687753.00
2023-09-15,7.19,7.19,7.05,7.05,29519,208866.64
2023-09-18,6.99,7.05,6.92,7.04,50035,349570.09
2023-09-19,6.96,7.03,6.92,6.92,68959,479128.25
2023-09-20,6.82,6.97,6.82,6.89,13421,92260.25
2023-09-21,6.82,6.90,6.55,6.83,120364,808596.94
2023-09-22,6.80,6.90,6.74,6.82,41020,279023.84
2023-09-25,6.92,6.92,6.74,6.83,37681,256003.95
2023-09-26,6.78,6.88,6.70,6.81,77555,521430.56
2023-09-27,6.83,6.90,6.74,6.77,40939,279544.31
2023-09-28,6.60,6.99,6.60,6.84,54479,371539.38
2023-10-09,6.94,6.94,6.67,6.88,56743,381373.94
2023-10-10,6.72,6.86,6.72,6.78,15869,107762.69
2023-10-11,6.72,6.93,6.72,6.90,17761,121486.48
2023-10-12,6.90,6.90,6.80,6.89,16966,115964.52
2023-10-13,6.88,6.88,6.58,6.83,74986,501300.94
2023-10-16,6.78,6.79,6.50,6.73,60101,395184.53
2023-10-17,6.73,6.73,6.51,6.58,99047,648053.81
2023-10-18,6.72,6.72,6.17,6.34,121678,771096.94
2023-10-19,6.25,6.42,6.08,6.25,37787,236784.36
2023-10-20,6.30,6.30,6.00,6.22,70097,428669.06
2023-10-23,6.08,6.20,5.95,5.96,55080,332753.44
2023-10-24,5.96,6.07,5.94,6.04,74392,447237.63
2023-10-25,6.34,6.34,6.04,6.20,38600,238078.66
2023-10-26,6.20,6.28,6.02,6.23,53226,324988.88
2023-10-27,6.30,6.34,6.14,6.34,79202,496962.63
2023-10-30,6.34,6.34,6.10,6.34,165801,1031586.25
2023-10-31,6.21,6.30,6.15,6.26,59956,372762.47
2023-11-01,6.20,6.27,6.17,6.26,34722,216403.59
2023-11-02,6.27,6.31,6.21,6.29,53024,332787.66
2023-11-03,6.45,7.49,6.42,7.16,1438633,10212779.00
2023-11-06,6.95,7.15,6.73,7.04,766826,5302073.00
2023-11-07,7.04,7.08,6.78,6.85,584466,4001567.50
2023-11-08,6.85,7.10,6.82,7.00,534560,3746213.75
2023-11-09,6.84,7.00,6.83,6.88,230966,1590123.88
2023-11-10,6.93,6.93,6.76,6.86,115853,789075.81
2023-11-13,6.80,7.46,6.80,7.22,800458,5763984.50
2023-11-14,7.20,7.35,7.11,7.26,400709,2908859.25
2023-11-15,7.18,7.38,7.18,7.32,341656,2499330.75
2023-11-16,7.21,7.67,7.21,7.46,606166,4522790.50
2023-11-17,7.33,7.59,7.28,7.38,281235,2070230.00
2023-11-20,7.52,7.97,7.40,7.76,943890,7291335.00
2023-11-21,7.77,9.19,7.75,8.23,3036134,25743884.00
2023-11-22,8.20,9.46,7.85,9.43,5096593,45036700.00
2023-11-23,9.15,10.17,8.50,9.07,5086857,47674132.00
2023-11-24,8.77,10.14,8.77,9.66,4462517,42810552.00
2023-11-27,9.67,11.20,9.67,10.98,8111501,84582568.00
2023-11-28,10.20,11.18,10.03,10.04,5116953,53495272.00
2023-11-29,10.15,13.04,10.06,11.53,12154250,140380896.00
2023-11-30,13.00,14.52,11.48,11.63,11080768,144370624.00
2023-12-01,9.40,11.11,9.40,10.30,8518115,88024368.00
2023-12-04,9.80,10.49,9.50,9.80,5520553,54759968.00
2023-12-05,9.90,11.76,9.80,10.89,8355311,89236288.00
2023-12-06,10.60,10.98,10.30,10.75,5505731,58340976.00
2023-12-07,10.51,13.90,10.50,13.04,9403914,111244880.00
2023-12-08,14.55,15.50,12.60,12.60,7996557,111670688.00
2023-12-11,13.44,15.50,12.85,14.45,7915134,110747024.00
2023-12-12,14.79,18.78,14.75,18.78,10841283,184165568.00
2023-12-13,18.00,23.94,17.32,21.45,11576923,230290336.00
2023-12-14,20.60,24.70,20.28,20.91,9746430,218571088.00
2023-12-15,20.01,22.50,19.23,21.55,7621168,158409376.00
2023-12-18,21.05,22.47,20.70,21.69,6165934,133268328.00
2023-12-19,21.10,21.62,19.88,21.30,6510641,134915232.00
2023-12-20,21.80,27.69,21.79,27.69,11731998,286853856.00
2023-12-21,28.50,29.70,23.47,25.10,12037291,318263808.00
2023-12-22,25.67,32.63,25.62,32.63,12270506,351588000.00
2023-12-25,32.00,33.85,30.01,33.80,11705449,377421856.00
2023-12-26,33.65,34.77,30.79,32.41,9211363,298915040.00
2023-12-27,30.80,31.58,28.29,28.99,9521628,281597056.00
2023-12-28,29.50,31.38,28.06,28.06,10076234,301153088.00
2023-12-29,28.00,29.19,22.00,27.88,9796661,264375856.00
2024-01-02,27.10,28.29,26.68,27.50,6707718,184680928.00
2024-01-03,27.30,27.30,25.25,26.46,6362834,167172928.00
2024-01-04,26.38,28.39,26.18,27.27,7697256,213003392.00
2024-01-05,27.94,28.20,25.00,25.89,5832053,153790976.00
2024-01-08,25.39,25.98,23.00,23.61,5646832,137780704.00
2024-01-09,23.76,25.50,22.70,24.54,6311579,153399488.00
2024-01-10,24.06,24.45,23.00,23.18,4025650,94673872.00
2024-01-11,22.55,23.28,21.95,22.76,4345615,97649752.00
2024-01-12,22.80,23.16,19.10,19.21,5740002,119863304.00
2024-01-15,18.80,19.19,17.33,17.56,5095978,91891472.00
2024-01-16,17.70,22.55,17.21,21.85,9540242,190492208.00
2024-01-17,20.99,22.27,20.20,20.35,7803890,166098688.00
2024-01-18,20.00,21.51,19.71,20.70,6026374,125386920.00
2024-01-19,21.00,24.50,20.38,22.35,9301295,207064816.00
2024-01-22,21.55,23.52,21.46,22.18,6457173,145516752.00
2024-01-23,22.01,23.00,20.88,23.00,5513134,121526488.00
2024-01-24,23.00,23.35,21.50,22.15,4320578,96760152.00
2024-01-25,21.52,22.14,20.10,20.46,5536289,116640728.00
2024-01-26,19.33,22.10,19.33,20.60,5314578,112894688.00
2024-01-29,20.27,22.00,20.18,20.76,5341462,112545200.00
2024-01-30,20.00,21.27,19.36,20.46,4088498,83124088.00
2024-01-31,20.52,26.20,20.52,24.89,11439431,262262464.00
2024-02-01,23.53,24.56,22.60,22.90,7840876,185535152.00
2024-02-02,23.50,24.12,21.88,23.20,6942417,160981984.00
2024-02-05,23.26,24.68,20.56,22.73,6790386,154716736.00
2024-02-06,21.30,24.15,21.03,23.41,7088109,162739264.00
2024-02-07,23.01,24.80,20.00,20.63,7141136,166484768.00
2024-02-08,20.00,21.38,18.03,18.71,5795863,111614064.00
2024-02-19,19.27,19.64,18.36,19.52,3848681,73704008.00
2024-02-20,19.52,21.48,19.22,20.73,5199924,107266072.00
2024-02-21,20.38,22.39,20.17,20.71,5709856,122662440.00
2024-02-22,20.25,21.19,19.90,20.77,4399401,90035800.00
2024-02-23,20.90,22.50,20.56,22.17,6838655,146714032.00
2024-02-26,24.12,24.90,21.89,21.89,7837354,182955600.00
2024-02-27,21.38,23.55,21.00,22.92,6660629,149556448.00
2024-02-28,22.81,26.66,22.40,23.77,11015238,266779088.00
2024-02-29,23.10,25.67,23.04,25.01,7722631,187817760.00
2024-03-01,26.00,30.58,25.35,27.20,9641196,263539168.00
2024-03-04,28.76,29.81,27.18,27.90,7696083,218932848.00
2024-03-05,26.80,27.50,24.51,25.46,7934891,206038112.00
2024-03-06,25.00,30.00,24.92,28.27,8812850,238642368.00
2024-03-07,28.00,28.82,26.00,26.00,6222379,169111312.00
2024-03-08,25.50,26.79,25.15,25.60,3679948,95217912.00
2024-03-11,24.90,25.12,24.00,24.49,4477410,109540200.00
2024-03-12,24.59,25.70,24.49,24.49,4060978,101704288.00
2024-03-13,23.55,24.00,22.66,23.41,4874586,113846656.00
2024-03-14,23.40,24.00,22.00,22.36,3716245,85655552.00
2024-03-15,21.99,24.99,21.88,24.15,6609775,158168208.00
2024-03-18,23.91,23.95,23.20,23.82,4004827,94217760.00
2024-03-19,23.98,24.13,22.84,22.84,3457408,80526168.00
2024-03-20,22.69,23.43,22.32,22.67,2630125,60127436.00
2024-03-21,22.61,22.88,21.50,21.60,3447322,75447432.00
2024-03-22,21.05,21.98,21.04,21.18,2026733,43480612.00
2024-03-25,21.50,22.08,21.05,21.19,2394307,51662348.00
2024-03-26,21.00,21.75,20.01,20.60,2336550,48312516.00
2024-03-27,20.89,22.19,20.53,20.73,3370547,71983808.00
2024-03-28,20.74,21.50,20.02,20.90,2702125,56152432.00
2024-03-29,20.98,21.20,20.07,20.26,2260712,46105036.00
2024-04-01,20.44,20.46,19.71,19.79,2103414,41906280.00
2024-04-02,19.89,19.92,18.47,18.50,3167342,59739036.00
2024-04-03,18.30,18.65,17.08,17.20,3459083,61126980.00
2024-04-08,17.40,17.66,15.94,16.01,2810738,46646172.00
2024-04-09,15.98,16.55,15.65,16.19,1724515,28027322.00
2024-04-10,16.18,18.97,16.08,18.05,6584657,118360760.00
2024-04-11,17.98,17.98,17.00,17.39,3392127,59037020.00
2024-04-12,17.28,17.95,16.68,16.68,2134012,36976208.00
2024-04-15,16.68,16.77,15.09,15.33,3001380,47455176.00
2024-04-16,15.48,15.48,13.11,13.80,2660779,37145152.00
2024-04-17,14.35,15.19,14.05,15.00,3169621,46946976.00
2024-04-18,14.71,17.08,14.71,16.24,5131526,82642976.00
2024-04-19,15.25,15.97,15.07,15.18,3414786,52302180.00
2024-04-22,15.09,15.15,14.00,14.80,2033739,29821784.00
2024-04-23,14.90,18.55,14.80,17.09,6017477,98663792.00
2024-04-24,16.35,17.52,16.31,16.76,4492604,75585376.00
2024-04-25,16.68,17.14,16.03,16.12,3003963,49621764.00
2024-04-26,15.73,16.50,15.73,16.35,2414365,39371148.00
2024-04-29,17.40,18.80,17.12,17.15,5325227,95100824.00
2024-04-30,17.10,17.50,16.66,17.05,2807218,47739596.00
2024-05-06,17.11,17.71,16.99,17.30,2237539,38505152.00
2024-05-07,17.28,18.24,17.05,17.77,3597027,63653912.00
2024-05-08,17.51,18.05,17.31,17.43,2146781,37864192.00
2024-05-09,17.70,17.78,17.30,17.46,1611214,28267656.00
2024-05-10,17.57,17.58,16.58,16.62,2097835,35426120.00
2024-05-13,16.51,16.79,15.90,16.09,1455984,23784726.00
2024-05-14,16.38,17.02,16.38,16.50,1496302,24975828.00
2024-05-15,16.11,16.50,15.71,15.94,1493689,23992732.00
2024-05-16,16.00,16.41,15.92,16.04,1074851,17294464.00
2024-05-17,15.90,16.14,15.52,15.68,1451537,22775346.00
2024-05-20,15.56,15.75,15.42,15.46,881249,13681276.00
2024-05-21,15.71,16.18,15.58,15.84,2177348,34749984.00
2024-05-22,15.71,16.39,15.58,16.11,1522969,24533990.00
2024-05-23,16.38,18.78,15.90,17.71,7471373,130845568.00
2024-05-24,17.20,17.51,16.40,16.59,3843718,65030224.00
2024-05-27,16.59,17.27,16.30,16.90,2250436,38083160.00
2024-05-28,17.00,17.35,16.71,16.99,1996854,34048828.00
2024-05-29,16.87,17.28,16.61,16.78,1483185,25050708.00
2024-05-30,16.93,17.26,16.75,16.75,2211698,37707984.00
2024-05-31,16.70,17.79,16.66,17.33,3322270,57515436.00
2024-06-03,17.66,18.00,17.12,17.14,3161928,55599012.00
2024-06-04,16.79,17.58,16.78,17.12,2062711,35480092.00
2024-06-05,16.83,17.18,16.10,16.16,2562842,42308172.00
2024-06-06,16.26,16.36,15.14,15.14,2237793,34763656.00
2024-06-07,15.63,15.87,15.30,15.30,1511062,23471168.00
2024-06-11,15.06,15.60,14.88,15.48,1268363,19290552.00
2024-06-12,15.30,16.77,15.30,16.06,2597942,42241628.00
2024-06-13,15.98,16.66,15.61,16.15,2573467,41298352.00
2024-06-14,16.00,16.70,15.92,16.28,2073816,33744420.00
2024-06-17,16.00,16.28,15.80,15.86,1408268,22460534.00
2024-06-18,15.73,16.13,15.73,15.94,924859,14734074.00
2024-06-19,16.16,16.75,15.80,16.21,1989063,32476336.00
2024-06-20,16.22,16.55,15.60,15.60,1418395,22697372.00
2024-06-21,15.60,16.20,15.58,15.93,1352071,21562452.00
2024-06-24,15.70,16.08,14.56,14.90,1908511,29221882.00
2024-06-25,14.74,15.87,14.74,15.29,2272785,35151796.00
2024-06-26,15.14,15.80,14.86,15.40,1439285,21843810.00
2024-06-27,15.38,15.99,15.27,15.27,1613965,25123602.00
2024-06-28,15.11,15.50,15.01,15.23,1241202,19012110.00
2024-07-01,15.40,15.77,15.05,15.70,1056650,16324616.00
2024-07-02,16.00,16.00,15.64,15.74,1209965,19101194.00
2024-07-03,15.90,15.93,15.08,15.35,1093430,16895436.00
2024-07-04,15.60,16.81,15.60,16.60,5811994,94712952.00
2024-07-05,11.72,11.72,10.88,11.13,4821025,53847112.00
2024-07-08,10.90,11.03,10.27,10.58,3541236,37509400.00
2024-07-09,10.58,10.97,10.49,10.82,2526554,27138218.00
2024-07-10,10.62,11.00,10.35,10.38,2860044,30475206.00
2024-07-11,10.65,10.81,10.46,10.71,2841190,30298602.00
2024-07-12,10.71,10.85,10.48,10.58,1842776,19620898.00
2024-07-15,10.56,10.78,10.25,10.66,1848680,19393924.00
2024-07-16,10.68,11.17,10.51,11.13,4251635,46628436.00
2024-07-17,10.97,13.31,10.97,12.83,12151510,151644368.00
2024-07-18,12.30,12.75,11.98,12.05,7216005,88553864.00
2024-07-19,12.09,12.58,11.55,11.74,5209142,62566048.00
2024-07-22,11.60,11.88,11.41,11.67,2397772,27919614.00
2024-07-23,11.90,12.54,11.55,11.55,4867407,58912016.00
2024-07-24,11.61,11.76,11.07,11.32,3150999,35967820.00
2024-07-25,11.11,11.68,11.11,11.52,2720560,31244718.00
2024-07-26,11.64,11.97,11.28,11.76,2998526,34847136.00
2024-07-29,11.74,11.89,11.41,11.68,2168029,25164392.00
2024-07-30,11.50,12.10,11.50,12.00,3110594,37058396.00
2024-07-31,11.94,12.68,11.88,12.21,4646212,57412664.00
2024-08-01,12.30,12.42,11.95,11.98,3197106,38581080.00
2024-08-02,11.89,11.89,11.45,11.46,2178257,25297092.00
2024-08-05,11.39,11.68,10.91,11.09,2306785,25906784.00
2024-08-06,11.18,11.42,11.07,11.30,1458688,16415234.00
2024-08-07,11.35,11.62,11.21,11.27,1287667,14715100.00
2024-08-08,11.30,11.30,10.90,11.08,1542773,17038866.00
2024-08-09,11.19,11.35,11.03,11.03,821314,9139201.00
2024-08-12,11.04,11.10,10.89,10.95,747630,8203289.50
2024-08-13,11.05,11.08,10.77,11.04,758376,8322176.50
2024-08-14,11.13,11.18,10.91,10.97,728009,8020345.00
2024-08-15,10.92,11.60,10.77,11.08,1597237,17748410.00
2024-08-16,11.07,11.25,10.99,11.11,1034193,11527514.00
2024-08-19,11.06,11.26,10.70,10.81,1323566,14495884.00
2024-08-20,10.88,11.33,10.69,11.15,2633177,29222770.00
2024-08-21,11.25,11.60,11.05,11.56,4071324,46302632.00
2024-08-22,11.34,11.50,10.83,10.84,2780642,30985212.00
2024-08-23,10.91,10.91,10.46,10.61,1739351,18530360.00
2024-08-26,10.75,10.96,10.59,10.67,1416596,15256644.00
2024-08-27,10.57,10.68,10.05,10.10,1620646,16647161.00
2024-08-28,10.11,10.45,9.89,10.19,1602678,16336509.00
2024-08-29,10.15,10.37,9.91,10.34,1400299,14246204.00
2024-08-30,10.70,10.90,10.53,10.60,2189757,23418362.00
2024-09-02,10.54,10.74,10.40,10.49,1326849,13977400.00
2024-09-03,10.48,10.73,10.37,10.56,1303750,13739498.00
2024-09-04,10.49,10.49,10.21,10.28,1111979,11451035.00
2024-09-05,10.30,10.41,10.23,10.24,898408,9255843.00
2024-09-06,10.31,10.38,9.96,9.97,1131424,11436719.00
2024-09-09,10.07,10.19,9.89,9.92,780089,7798902.00
2024-09-10,9.99,10.09,9.83,9.98,691120,6865629.50
2024-09-11,9.96,10.07,9.88,9.89,496257,4938316.50
2024-09-12,9.97,10.05,9.75,9.79,714051,7065577.00
2024-09-13,9.87,10.59,9.57,10.11,3365988,34056392.00
2024-09-18,10.00,10.20,9.85,9.94,1139036,11356431.00
2024-09-19,9.90,10.18,9.86,9.98,1462475,14653166.00
2024-09-20,10.01,10.05,9.83,9.83,982937,9751105.00
2024-09-23,9.92,9.98,9.78,9.78,937868,9238437.00
2024-09-24,9.80,10.16,9.80,10.14,1526628,15326806.00
2024-09-25,10.24,10.53,10.17,10.18,2153621,22296688.00
2024-09-26,10.21,10.50,10.05,10.43,2151596,22312362.00
2024-09-27,10.55,12.28,10.50,11.70,6109112,69727160.00
2024-09-30,12.45,14.99,12.30,14.99,8705537,118647320.00
2024-10-08,19.46,19.48,16.85,19.48,11672050,214912880.00
2024-10-09,18.40,19.00,15.47,16.77,9034394,158382656.00
2024-10-10,16.84,18.00,16.20,16.28,5881273,100142040.00
2024-10-11,16.01,16.48,13.80,14.43,6643249,98933688.00
2024-10-14,14.73,15.25,14.00,15.15,4969581,73304832.00
2024-10-15,15.17,16.16,14.55,15.00,5520401,85124320.00
2024-10-16,14.39,15.38,14.20,14.73,3581255,53363980.00
2024-10-17,14.98,16.73,14.98,15.52,8274633,130086448.00
2024-10-18,15.40,17.29,15.18,16.82,8687680,143519664.00
2024-10-21,17.45,19.52,17.40,19.52,13358350,250219744.00
2024-10-22,20.03,20.30,17.44,17.50,10992049,201880000.00
2024-10-23,17.55,19.77,17.55,18.40,10142527,190593232.00
2024-10-24,17.85,20.18,17.85,19.45,11213865,215923008.00
2024-10-25,19.88,20.97,17.80,18.30,14000284,276039200.00
2024-10-28,17.99,18.75,17.30,18.70,7461862,134662032.00
2024-10-29,19.24,22.00,18.30,21.39,13122645,263695168.00
2024-10-30,20.53,22.77,19.63,20.00,10742426,226057712.00
2024-10-31,19.60,20.92,18.60,19.30,8204378,160775424.00
2024-11-01,19.56,20.96,18.76,18.79,9451769,186970592.00
2024-11-04,20.00,23.99,20.00,23.99,15322730,343560768.00
2024-11-05,22.00,27.00,21.99,24.65,16979771,411708928.00
2024-11-06,24.00,26.26,23.00,25.01,15256479,377801376.00
2024-11-07,25.10,25.10,23.38,24.00,9663418,234154160.00
2024-11-08,24.37,24.80,22.78,23.08,7482554,176803312.00
2024-11-11,23.17,23.88,22.40,23.56,6161502,142834704.00
2024-11-12,23.54,24.25,21.97,22.27,5634846,129257696.00
2024-11-13,22.23,22.96,20.98,22.93,4912057,107740456.00
2024-11-14,22.86,23.55,22.10,22.26,3714408,85248032.00
2024-11-15,22.03,22.80,21.55,22.30,3892630,86332304.00
2024-11-18,22.65,23.08,21.52,21.80,4585754,102777672.00
2024-11-19,21.73,22.78,20.30,22.16,5153360,110800168.00
2024-11-20,21.80,23.72,21.67,23.30,7547736,173766736.00
2024-11-21,23.38,23.88,22.81,23.39,6216695,144938048.00
2024-11-22,23.39,23.82,21.60,21.71,4638487,106205608.00
2024-11-25,21.55,21.80,20.30,21.01,3575951,75272248.00
2024-11-26,21.00,21.56,19.40,19.48,3459162,70524360.00
2024-11-27,19.29,19.88,18.34,19.85,3199699,61494488.00
2024-11-28,19.96,20.39,19.48,19.49,3235754,64882680.00
2024-11-29,19.23,21.82,19.20,21.18,7159814,147827984.00
2024-12-02,21.53,26.45,21.35,23.88,12926719,310412608.00
2024-12-03,23.88,23.88,23.88,23.88,0,0.00
#数据来源:通达信
