430685 新芝生物 日线 不复权
      日期	    开盘	    最高	    最低	    收盘	    成交量	    成交额
2015-08-27,2.50,2.50,2.50,2.50,100000,250000.00
2015-09-09,10.00,10.00,10.00,10.00,500000,5000000.00
2015-09-10,14.00,14.92,14.00,14.30,26000,375730.00
2015-09-11,13.73,13.73,13.73,13.73,2000,27460.00
2015-09-15,13.31,13.31,13.31,13.31,2000,26620.00
2015-09-22,13.18,13.18,13.18,13.18,1000,13180.00
2015-09-23,13.05,13.05,13.05,13.05,1000,13050.00
2015-09-24,13.17,13.17,13.17,13.17,1000,13170.00
2015-09-25,13.04,13.04,13.04,13.04,1000,13040.00
2015-09-28,13.15,13.15,13.15,13.15,1000,13150.00
2015-10-12,13.02,13.02,13.02,13.02,1000,13020.00
2015-10-21,12.89,12.89,12.89,12.89,1000,12890.00
2015-11-11,13.01,13.03,13.01,13.03,3000,39070.00
2015-11-12,13.15,13.15,13.15,13.15,3000,39450.00
2015-11-17,13.02,13.02,13.02,13.02,1000,13020.00
2015-11-18,12.92,12.92,12.92,12.92,1000,12920.00
2015-11-19,13.03,13.03,13.03,13.03,1000,13030.00
2015-11-20,13.00,13.00,13.00,13.00,5000,65000.00
2015-11-23,12.87,13.00,12.82,13.00,7000,90690.00
2015-11-24,12.87,12.87,12.86,12.86,2000,25730.00
2015-11-25,12.74,12.74,12.74,12.74,1000,12740.00
2015-11-26,12.62,12.62,12.62,12.62,1000,12620.00
2015-11-27,12.50,12.50,12.48,12.48,3000,37470.00
2015-11-30,12.36,12.36,12.20,12.20,2000,24560.00
2015-12-01,12.08,12.50,11.88,11.93,9000,108190.00
2015-12-02,12.04,12.04,12.04,12.04,1000,12040.00
2015-12-04,12.15,12.15,12.00,12.00,2000,24150.00
2015-12-07,12.11,12.11,12.11,12.11,1000,12110.00
2015-12-08,12.22,12.22,12.22,12.22,1000,12220.00
2015-12-09,12.30,12.30,12.30,12.30,3000,36900.00
2015-12-11,12.34,12.35,12.34,12.35,3000,37030.00
2015-12-14,12.35,12.37,12.34,12.37,10000,123560.00
2015-12-15,12.42,12.42,12.42,12.42,13000,161460.00
2015-12-16,12.42,12.42,12.42,12.42,3000,37260.00
2015-12-17,12.42,12.42,12.42,12.42,1000,12420.00
2015-12-21,12.42,12.42,12.42,12.42,1000,12420.00
2015-12-28,12.30,12.30,12.30,12.30,2000,24600.00
2016-01-11,12.00,12.00,11.69,11.69,3000,35380.00
2016-01-13,11.79,11.79,11.79,11.79,6000,70740.00
2016-01-18,11.68,11.79,11.68,11.79,3000,35150.00
2016-01-25,11.79,11.79,11.79,11.79,6000,70740.00
2016-01-27,11.89,11.89,11.89,11.89,1000,11890.00
2016-02-01,11.20,11.20,11.17,11.17,3000,33540.00
2016-02-04,11.13,11.14,11.13,11.14,2000,22270.00
2016-02-15,11.11,11.11,11.11,11.11,1000,11110.00
2016-02-17,11.13,11.15,11.13,11.15,2000,22280.00
2016-03-04,11.04,11.04,11.04,11.04,1000,11040.00
2016-03-09,10.59,10.59,10.59,10.59,2000,21180.00
2016-03-10,10.20,10.20,10.20,10.20,5000,51000.00
2016-03-14,9.51,9.51,9.51,9.51,9000,85590.00
2016-03-15,9.80,9.80,9.05,9.07,44000,405720.00
2016-03-16,9.30,9.30,9.30,9.30,1000,9300.00
2016-03-17,9.41,9.41,9.41,9.41,2000,18820.00
2016-03-18,9.41,9.53,9.41,9.53,4000,37890.00
2016-03-21,9.52,9.60,9.52,9.60,4000,38230.00
2016-03-25,9.49,9.70,9.49,9.70,6000,57780.00
2016-03-28,9.70,9.70,9.70,9.70,2000,19400.00
2016-03-29,9.70,9.80,9.70,9.80,3000,29200.00
2016-03-31,9.32,9.32,9.32,9.32,3000,27960.00
2016-04-01,9.47,9.57,9.47,9.57,5000,47510.00
2016-04-05,9.56,9.58,9.56,9.58,3000,28710.00
2016-04-06,9.58,9.58,9.58,9.58,2000,19160.00
2016-04-07,9.58,9.64,9.56,9.64,5000,48000.00
2016-04-08,9.64,9.74,9.64,9.74,8000,77570.00
2016-04-11,9.74,9.74,9.70,9.70,3000,29180.00
2016-04-12,9.72,9.72,9.72,9.72,1000,9720.00
2016-04-13,9.76,9.76,9.76,9.76,1000,9760.00
2016-04-15,9.85,9.85,9.85,9.85,1000,9850.00
2016-04-18,9.85,10.12,9.85,10.12,11000,109290.00
2016-04-19,10.12,10.13,10.12,10.13,3000,30370.00
2016-05-03,10.18,10.18,10.18,10.18,3000,30570.00
2016-05-06,10.18,10.18,10.18,10.18,5000,50950.00
2016-05-09,10.18,10.18,10.18,10.18,3000,30540.00
2016-05-10,10.18,10.20,10.18,10.20,5000,50960.00
2016-05-26,9.89,9.89,9.89,9.89,1000,9900.00
2016-05-27,9.89,9.89,9.89,9.89,1000,9900.00
2016-05-30,10.41,10.41,10.41,10.41,1000,10410.00
2016-06-01,9.93,9.93,9.89,9.89,3000,29760.00
2016-06-03,9.50,9.51,9.50,9.51,4000,38030.00
2016-06-06,9.50,9.50,9.41,9.41,4000,37820.00
2016-06-07,9.60,9.60,9.60,9.60,2000,19200.00
2016-06-20,9.30,9.30,8.92,8.92,6000,54630.00
2016-06-21,8.92,9.30,8.92,9.30,13000,116620.00
2016-06-22,9.47,9.50,9.47,9.50,2000,18980.00
2016-06-24,9.78,10.30,9.78,10.30,3000,30370.00
2016-06-27,10.52,10.52,10.52,10.52,2000,21040.00
2016-06-28,10.50,11.11,10.50,11.11,15000,160360.00
2016-06-29,11.45,11.45,10.86,10.86,8000,88510.00
2016-06-30,10.64,10.64,10.64,10.64,2000,21280.00
2016-07-01,10.85,10.85,10.45,10.45,2000,21300.00
2016-07-04,10.31,10.31,10.31,10.31,1000,10310.00
2016-07-08,10.17,10.17,10.17,10.17,1000,10170.00
2016-07-11,10.37,10.37,10.37,10.37,1000,10370.00
2016-07-15,10.51,10.51,10.51,10.51,3000,31530.00
2016-07-22,10.20,10.20,10.18,10.18,2000,20390.00
2016-08-11,10.39,10.39,10.39,10.39,1000,10390.00
2016-08-31,10.79,10.79,10.79,10.79,1000,10790.00
2016-12-08,11.00,11.49,11.00,11.49,11000,123540.00
2016-12-15,10.45,10.45,10.45,10.45,1000,10450.00
2016-12-16,10.20,10.20,10.20,10.20,1000,10200.00
2017-02-13,10.16,10.16,10.16,10.16,1000,10160.00
2017-02-14,10.30,10.35,10.30,10.35,13000,134300.00
2017-02-16,10.35,10.35,10.35,10.35,7000,72450.00
2017-02-23,10.35,10.35,10.35,10.35,1000,10350.00
2017-03-01,10.35,10.35,10.04,10.04,2000,20390.00
2017-03-02,10.18,10.32,10.18,10.26,21000,214440.00
2017-03-03,10.26,10.26,10.26,10.26,1000,10260.00
2017-03-06,10.26,10.29,10.26,10.29,3000,30810.00
2017-03-08,10.29,10.29,10.29,10.29,3000,30870.00
2017-03-10,10.29,10.29,10.29,10.29,8000,82320.00
2017-05-25,9.00,9.91,9.00,9.91,311000,2801510.00
2017-05-26,9.62,9.62,9.39,9.39,5000,47610.00
2017-06-02,8.95,8.95,8.55,8.55,10000,87700.00
2017-06-07,8.89,8.89,8.72,8.72,2000,17610.00
2017-06-08,9.03,9.03,8.89,8.89,2000,17920.00
2017-06-21,9.06,9.06,9.06,9.06,1000,9060.00
2017-07-04,8.79,9.05,8.78,9.05,3000,26620.00
2017-08-09,9.20,9.20,9.20,9.20,1000,9200.00
2017-08-16,8.93,8.93,8.93,8.93,1000,8930.00
2017-08-24,8.67,8.67,8.35,8.35,5000,42300.00
2017-08-31,8.49,8.49,8.49,8.49,1000,8490.00
2017-09-05,8.56,8.89,8.55,8.89,8000,69850.00
2017-09-07,8.55,8.55,8.55,8.55,1000,8550.00
2017-09-11,8.72,8.72,8.72,8.72,2000,17450.00
2017-09-21,8.89,8.91,8.89,8.91,4000,35630.00
2017-09-22,8.55,8.55,8.55,8.55,1000,8550.00
2017-09-25,8.30,8.30,8.30,8.30,1000,8300.00
2017-09-29,3.07,3.07,3.04,3.04,1400000,4277000.00
2017-10-27,3.13,3.26,3.13,3.26,7000,22210.00
2017-10-30,3.36,3.75,3.36,3.58,31000,109970.00
2017-11-02,3.60,3.73,3.60,3.73,3000,11050.00
2017-11-03,3.61,3.61,3.61,3.61,1000,3610.00
2017-11-06,3.55,3.55,2.76,2.99,140000,424900.00
2017-11-07,3.14,3.26,3.00,3.23,76000,239210.00
2017-11-08,3.07,3.10,2.90,3.05,31000,93610.00
2017-11-09,3.05,3.05,2.95,2.95,12000,35870.00
2017-11-10,2.90,3.20,2.38,2.85,133000,384460.00
2017-11-13,2.76,2.85,2.56,2.60,19000,51200.00
2017-11-14,2.69,2.83,2.69,2.83,7000,19310.00
2017-11-15,2.83,2.83,2.83,2.83,1000,2830.00
2017-11-16,2.90,3.05,2.90,3.05,24000,72580.00
2017-11-17,3.00,3.10,2.90,2.90,20000,60710.00
2017-11-20,2.90,2.90,2.80,2.80,5000,14270.00
2017-11-21,2.76,2.80,2.76,2.78,4000,11100.00
2017-11-22,2.71,2.73,2.66,2.73,6000,16170.00
2017-11-23,2.77,2.77,2.77,2.77,1000,2770.00
2017-11-24,2.70,2.70,2.70,2.70,1000,2700.00
2017-11-27,2.71,2.75,2.70,2.75,877200,2373084.00
2017-12-14,2.66,2.66,2.48,2.48,6000,15470.00
2017-12-15,2.47,3.05,2.38,2.82,30000,80780.00
2017-12-22,2.90,2.90,2.90,2.90,2000,5800.00
2018-01-12,2.95,3.05,2.95,3.05,4000,12000.00
2018-01-31,3.00,3.20,3.00,3.14,6000,18710.00
2018-04-09,3.26,3.26,3.26,3.26,2000,6520.00
2018-05-31,3.01,3.01,3.01,3.01,2000,6020.00
2018-06-01,3.05,3.50,3.05,3.50,12000,39530.00
2018-06-14,3.31,3.31,3.30,3.31,2000,6610.00
2018-07-02,3.23,3.23,3.23,3.23,1000,3230.00
2018-07-24,3.23,3.23,3.23,3.23,700000,2100000.00
2018-07-31,3.23,3.23,3.23,3.23,300000,900000.00
2018-08-03,3.29,3.34,3.29,3.34,5000,16580.00
2018-08-13,3.19,3.36,3.19,3.33,7000,23020.00
2018-08-14,3.42,3.42,3.42,3.42,16000,54720.00
2018-09-04,3.00,3.45,3.00,3.00,391000,1173450.00
2018-09-05,3.00,3.00,3.00,3.00,100000,300000.00
2018-09-07,3.00,3.00,3.00,3.00,370000,1295000.00
2018-10-10,3.00,3.00,3.00,3.00,1500000,4500000.00
2018-10-19,2.91,2.91,2.91,2.91,1400,4074.00
2019-01-17,3.00,3.00,3.00,3.00,12300,36900.00
2019-01-18,3.50,3.50,3.50,3.50,18100,63350.00
2019-05-27,2.50,2.50,2.50,2.50,1000,2500.00
2019-05-28,2.50,2.50,2.50,2.50,299000,598000.00
2019-08-15,2.38,2.38,2.38,2.38,80000,190400.00
2019-08-22,2.38,2.38,2.38,2.38,2694600,6736500.00
2019-08-26,4.69,4.69,4.69,4.69,1000,4700.00
2019-10-30,5.98,5.98,5.98,5.98,1000,5980.00
2019-11-06,4.69,4.69,4.69,4.69,5000,23500.00
2019-11-07,4.52,4.52,4.52,4.52,2000,9040.00
2019-11-12,4.52,4.52,4.52,4.52,1000,4520.00
2020-01-03,3.89,3.89,3.89,3.89,1000,3890.00
2020-01-06,4.29,4.29,4.29,4.29,1000,4290.00
2020-01-16,4.29,4.29,4.29,4.29,395600,1898880.00
2020-02-04,4.96,4.96,4.89,4.89,2000,9860.00
2020-02-05,4.96,5.01,4.96,5.01,4000,20000.00
2020-02-24,5.01,5.52,5.01,5.52,5000,27030.00
2020-02-25,5.72,6.00,5.72,6.00,3000,17540.00
2020-02-26,6.21,6.21,6.21,6.21,1000,6210.00
2020-02-27,6.99,6.99,6.99,6.99,2000,13980.00
2020-02-28,6.99,6.99,6.99,6.99,1000,6990.00
2020-03-02,7.50,7.50,7.20,7.21,4000,29110.00
2020-03-03,7.38,7.38,7.38,7.38,1000,7380.00
2020-03-04,7.00,7.00,7.00,7.00,2000,14000.00
2020-03-05,7.00,7.00,7.00,7.00,11000,77000.00
2020-03-06,7.00,7.00,7.00,7.00,6000,42000.00
2020-03-10,7.00,7.00,7.00,7.00,5000,35000.00
2020-03-11,7.50,7.50,7.32,7.32,30000,221400.00
2020-03-12,7.50,7.55,7.50,7.55,67000,505520.00
2020-03-13,8.00,8.08,8.00,8.08,10000,80560.00
2020-03-16,8.68,8.85,8.68,8.85,12000,105180.00
2020-03-17,8.64,8.64,8.64,8.64,5000,43250.00
2020-03-18,7.53,7.53,7.52,7.52,17400,130902.00
2020-03-23,7.60,7.68,7.60,7.66,12000,91780.00
2020-03-25,8.88,8.88,8.80,8.80,5000,44160.00
2020-03-26,8.58,8.58,8.00,8.05,10000,81790.00
2020-03-27,8.05,8.05,8.05,8.05,5000,40250.00
2020-03-30,8.22,8.22,8.13,8.13,3100,25403.00
2020-03-31,8.16,8.16,8.00,8.00,1900,16152.00
2020-04-01,8.00,8.80,8.00,8.80,1800,15528.00
2020-04-03,8.47,8.47,8.47,8.47,6200,52514.00
2020-04-09,8.46,8.46,8.46,8.46,1000,8460.00
2020-04-13,8.00,8.00,7.66,7.66,22800,175668.00
2020-04-14,7.68,7.68,7.68,7.68,10000,76800.00
2020-04-16,7.90,7.90,7.90,7.90,2000,15800.00
2020-04-17,8.31,8.31,8.31,8.31,2000,16620.00
2020-04-23,8.31,10.00,8.31,10.00,2000,16789.00
2020-04-24,11.00,11.00,9.00,9.00,3000,27200.00
2020-04-27,11.50,11.50,11.50,11.50,100,1150.00
2020-04-29,10.55,10.55,10.50,10.50,106600,1069425.00
2020-04-30,10.50,10.50,10.50,10.50,100000,1000000.00
2020-05-06,10.10,11.00,10.10,11.00,13400,135563.00
2020-05-07,10.80,10.80,10.55,10.55,29000,311950.00
2020-05-08,10.56,10.67,10.56,10.67,37700,401302.00
2020-05-11,11.00,11.00,11.00,11.00,151500,1666500.00
2020-05-13,11.10,11.88,11.10,11.88,2600,30654.00
2020-05-14,11.88,11.88,11.88,11.88,300,3564.00
2020-05-15,11.90,12.00,11.90,12.00,1600,19070.00
2020-05-18,11.99,11.99,11.99,11.99,1000,11990.00
2020-05-27,11.80,12.00,11.80,12.00,5100,60588.00
2020-05-28,12.00,12.38,12.00,12.38,2700,32514.00
2020-05-29,12.50,12.50,12.38,12.38,1400,17380.00
2020-06-02,12.38,12.38,12.38,12.38,200,2476.00
2020-06-10,11.20,11.20,11.20,11.20,2000,22400.00
2020-06-17,12.35,12.35,12.00,12.00,2000,24175.00
2020-06-22,12.80,12.80,12.80,12.80,1200,15360.00
2020-06-24,12.80,12.80,12.80,12.80,2000,25600.00
2020-06-29,13.84,13.84,13.60,13.60,300,4128.00
2020-07-01,13.60,13.63,13.60,13.63,6600,89826.00
2020-07-03,13.60,13.60,13.00,13.00,7500,100200.00
2020-07-06,13.86,14.40,13.13,14.40,28100,381500.00
2020-07-07,14.38,14.45,14.38,14.45,5900,85045.00
2020-07-08,16.00,16.00,16.00,16.00,1000,16000.00
2020-07-09,14.48,15.38,14.48,15.38,10700,159116.00
2020-07-10,14.85,14.85,14.26,14.26,5900,86199.00
2020-07-14,15.68,15.68,15.68,15.68,3300,51744.00
2020-07-16,14.68,14.68,14.68,14.68,2000,29360.00
2020-07-17,14.68,16.86,14.66,16.86,17000,251680.00
2020-07-20,16.70,16.78,16.70,16.78,2800,46786.00
2020-07-22,16.00,16.86,16.00,16.86,7500,122580.00
2020-07-23,16.29,18.79,16.29,18.79,5700,98692.40
2020-07-24,18.00,18.29,16.04,18.29,15400,282448.34
2020-07-28,16.00,16.00,15.40,16.00,16500,260828.00
2020-07-29,15.20,15.21,15.20,15.20,20000,305389.00
2020-08-03,15.20,15.20,15.20,15.20,6100,92720.00
2020-08-04,14.05,14.05,14.05,14.05,400,5760.50
2020-08-05,14.12,14.18,14.12,14.18,4600,65273.20
2020-08-06,14.65,14.65,14.64,14.64,1700,24900.00
2020-08-07,14.11,14.28,14.10,14.11,8000,113663.00
2020-08-10,13.13,13.13,13.13,13.13,100,1575.60
2020-08-11,14.88,14.88,14.88,14.88,3500,53419.20
2020-08-12,14.30,15.80,14.30,15.80,23800,363518.41
2020-08-13,15.80,18.79,15.80,18.79,24700,440234.00
2020-08-14,15.00,16.89,15.00,16.89,3800,58890.90
2020-08-17,14.00,17.37,14.00,17.37,17100,270750.00
2020-08-18,16.24,18.00,16.24,18.00,18200,326250.88
2020-08-19,14.05,14.05,14.05,14.05,200,2233.95
2020-08-20,16.85,16.85,14.33,14.33,900,14646.67
2020-08-21,14.11,17.79,14.11,14.51,38000,581408.56
2020-08-24,16.76,17.51,16.40,17.51,5200,86795.00
2020-08-25,16.96,17.58,16.40,17.29,16400,281066.00
2020-08-26,17.29,17.29,17.29,17.29,300,5187.00
2020-08-27,17.29,17.29,17.29,17.29,8500,147293.52
2020-08-28,17.19,17.54,17.00,17.54,3300,56695.60
2020-08-31,17.28,17.28,17.28,17.28,5000,86400.00
2020-09-01,17.08,17.08,17.08,17.08,2000,34160.00
2020-09-02,17.08,17.08,16.77,16.77,1600,27049.00
2020-09-03,16.07,17.59,16.07,17.59,300,4796.23
2020-09-04,17.56,17.86,17.54,17.86,10500,184480.00
2020-09-07,17.86,17.86,17.86,17.86,10000,178600.00
2020-09-10,17.85,17.85,17.81,17.81,300,5347.00
2020-09-14,17.81,17.81,17.81,17.81,300000,3750000.00
2020-09-16,16.00,17.50,16.00,17.50,3200,51334.99
2020-09-17,15.39,16.50,15.01,16.50,901300,11269700.00
2020-09-18,14.00,14.55,14.00,14.55,3500,49935.00
2020-09-25,14.50,14.51,14.50,14.51,600,8703.00
2020-09-28,14.00,14.00,13.99,13.99,107800,1358491.50
2020-09-29,13.99,14.00,13.75,13.75,1652500,20702616.00
2020-09-30,14.00,14.00,13.79,13.79,14700,203808.00
2020-10-12,14.18,14.18,13.99,13.99,2100,29398.00
2020-10-13,14.03,14.03,13.96,13.96,11000,153630.00
2020-10-14,13.96,13.96,13.96,13.96,150000,1800000.00
2020-10-15,14.28,14.28,14.18,14.18,125200,1530420.00
2020-10-16,14.10,14.10,13.88,13.88,11800,164027.31
2020-10-19,13.80,13.80,13.80,13.80,181700,2192460.00
2020-10-20,13.13,13.13,13.13,13.13,123000,1479390.00
2020-10-21,13.13,13.15,13.00,13.00,12300,159925.45
2020-10-22,13.38,13.38,13.38,13.38,100,1338.00
2020-10-26,15.80,15.80,15.80,15.80,100,1580.00
2020-10-30,15.80,15.80,15.80,15.80,200000,2506000.00
2020-11-02,15.74,15.74,15.72,15.72,7900,124954.52
2020-11-04,15.72,15.72,15.72,15.72,125000,1500000.00
2020-11-05,15.72,15.72,15.72,15.72,125000,1500000.00
2020-11-06,15.72,15.72,15.72,15.72,100000,1200000.00
2020-11-09,15.72,15.72,15.72,15.72,100000,1200000.00
2020-11-11,15.72,15.72,15.72,15.72,100000,1200000.00
2020-11-12,15.72,15.72,15.72,15.72,100000,1200000.00
2020-11-19,14.80,14.80,14.80,14.80,200,2960.00
2020-11-23,13.50,13.58,13.50,13.58,6100,82822.00
2020-11-27,13.59,13.59,13.19,13.19,3200,42688.00
2020-11-30,14.18,14.18,13.96,13.99,6100,85203.00
2020-12-02,13.92,13.92,13.92,13.92,62600,1001392.00
2020-12-03,13.79,13.80,13.79,13.80,200,2759.00
2020-12-04,13.72,13.73,13.71,13.72,11000,150906.45
2020-12-07,13.67,13.67,13.67,13.67,100,1367.00
2020-12-08,13.67,13.67,13.66,13.66,11100,151627.00
2020-12-14,13.68,13.68,13.68,13.68,5800,79344.00
2020-12-18,13.66,13.66,13.66,13.66,500,6830.00
2020-12-23,13.47,13.47,12.31,12.99,23200,289772.78
2020-12-24,12.30,12.30,12.02,12.12,34900,422576.84
2020-12-25,12.20,12.49,12.20,12.40,800,9630.00
2020-12-28,12.50,12.51,12.50,12.51,6400,80061.00
2020-12-29,13.00,13.00,13.00,13.00,100,1300.00
2020-12-30,13.00,13.00,13.00,13.00,153000,1989000.00
2020-12-31,13.00,13.00,13.00,13.00,200,2600.00
2021-01-04,13.00,13.00,13.00,13.00,1900,24700.00
2021-01-06,12.40,12.98,12.00,12.40,11700,145789.50
2021-01-07,12.35,12.35,12.35,12.35,100,1235.00
2021-01-08,12.98,12.98,12.98,12.98,5000,64900.00
2021-01-12,12.45,12.45,12.45,12.45,6400,79680.00
2021-01-13,12.40,12.40,12.40,12.40,2400,29760.00
2021-01-15,12.98,12.98,12.98,12.98,3800,49921.08
2021-01-21,12.22,12.98,12.22,12.98,5100,62438.00
2021-01-22,12.40,12.40,12.21,12.21,6500,79555.00
2021-01-25,12.21,12.32,12.21,12.32,7000,85739.00
2021-01-26,12.99,13.00,12.95,12.95,547600,4933249.00
2021-01-27,12.50,12.50,12.50,12.50,55000,687500.00
2021-01-28,12.70,12.70,12.70,12.70,100,1270.00
2021-01-29,12.77,12.77,12.77,12.77,1500,19155.00
2021-02-01,12.34,12.77,12.34,12.77,4800,61453.42
2021-02-03,12.50,12.69,12.50,12.69,6000,75000.57
2021-02-05,12.50,12.50,12.35,12.35,3500,43437.50
2021-02-09,12.35,12.35,12.35,12.35,5000,61750.00
2021-02-22,12.15,12.15,12.15,12.15,5000,60750.00
2021-02-26,12.15,12.15,12.15,12.15,4000,48600.00
2021-03-02,12.99,13.55,12.38,12.40,19400,251393.56
2021-03-03,12.66,12.66,12.66,12.66,900,11394.00
2021-03-05,12.25,12.99,12.25,12.99,24200,312301.34
2021-03-08,13.13,13.13,13.13,13.13,1000,13130.00
2021-03-17,13.18,13.58,13.18,13.58,14300,192931.86
2021-03-18,13.58,13.58,13.58,13.58,2000,27160.00
2021-03-22,12.58,15.88,12.58,12.88,7400,94922.00
2021-03-24,12.88,12.88,12.88,12.88,1000,12880.00
2021-03-25,13.20,13.20,13.20,13.20,9200,122086.80
2021-03-26,13.60,13.60,13.60,13.60,700,9520.00
2021-04-01,12.88,12.88,12.88,12.88,100,1288.00
2021-04-12,13.05,13.05,13.05,13.05,6900,90045.00
2021-04-22,13.88,13.88,13.88,13.88,4400,60905.44
2021-05-12,12.03,12.03,12.03,12.03,1400,16842.00
2021-05-13,13.00,13.00,13.00,13.00,1000,13000.00
2021-05-26,13.00,13.00,13.00,13.00,0,13.00
2021-06-02,12.90,12.90,12.90,12.90,200,2812.20
2021-06-21,12.59,12.60,12.59,12.60,15200,191497.41
2021-06-23,12.81,12.81,12.81,12.81,3800,48678.00
2021-06-24,13.00,13.01,13.00,13.01,6700,87115.00
2021-06-25,13.70,13.70,13.70,13.70,3900,53430.00
2021-06-30,13.72,14.01,13.72,14.00,8400,117869.00
2021-07-01,14.00,14.00,14.00,14.00,4600,64400.00
2021-07-02,14.00,14.00,14.00,14.00,3000,42000.00
2021-07-05,13.98,13.98,13.14,13.14,4400,61819.86
2021-07-06,13.50,13.50,13.50,13.50,4900,66690.00
2021-07-08,14.00,14.00,14.00,14.00,9400,131768.00
2021-07-12,14.00,14.00,14.00,14.00,1500,21000.00
2021-07-13,14.00,14.00,14.00,14.00,1200,16800.00
2021-07-19,13.25,13.25,13.25,13.25,1700,22432.25
2021-07-21,12.70,12.71,12.70,12.71,19800,251598.00
2021-07-26,12.73,13.00,12.73,13.00,2100,26807.00
2021-07-27,12.90,12.90,12.90,12.90,3500,45150.00
2021-07-30,12.73,12.73,12.50,12.71,6800,86471.00
2021-08-02,12.71,12.71,12.70,12.71,3600,45736.00
2021-08-03,12.30,12.30,12.30,12.30,300,3690.00
2021-08-04,12.60,12.90,12.60,12.70,21500,273860.00
2021-08-09,12.66,12.75,12.66,12.70,10400,132305.00
2021-08-11,12.75,12.75,12.75,12.75,1000,12750.00
2021-08-13,13.00,13.03,12.99,13.01,6800,88306.88
2021-08-18,13.05,13.07,13.05,13.05,9000,117478.00
2021-08-20,13.49,13.49,13.49,13.49,1700,22379.91
2021-08-23,13.22,13.60,13.22,13.60,10500,142439.59
2021-08-24,13.61,14.01,13.61,13.61,20800,283568.00
2021-08-25,13.60,13.64,13.60,13.64,11100,151572.80
2021-08-26,13.65,13.71,13.65,13.71,7600,103890.00
2021-08-27,13.61,14.00,13.61,14.00,9000,124630.00
2021-08-31,14.01,14.01,14.01,14.01,4600,64474.02
2021-09-02,14.01,14.01,14.01,14.01,12900,180729.00
2021-09-03,15.50,15.50,15.50,15.50,1000,15500.00
2021-09-06,16.52,18.87,16.52,18.06,72300,1286232.00
2021-09-07,18.00,18.00,15.30,15.50,22800,354810.00
2021-09-08,17.86,17.86,17.86,17.86,100,1786.00
2021-09-09,19.00,19.00,18.00,18.00,57500,1045000.00
2021-09-10,18.49,19.00,18.49,18.99,55700,1032238.44
2021-09-13,19.04,19.04,18.99,18.99,101900,1939374.00
2021-09-14,19.04,19.04,19.02,19.02,16000,304480.00
2021-09-15,19.04,19.39,18.87,18.87,17100,325167.59
2021-09-16,18.90,18.90,18.79,18.90,44600,843132.00
2021-09-17,18.90,19.10,18.79,18.95,42600,804790.00
2021-09-22,21.49,21.49,21.15,21.45,127000,2713248.25
2021-09-23,21.39,21.39,20.23,21.29,36800,773623.94
2021-09-24,21.29,21.29,20.01,21.20,4200,87587.80
2021-09-27,21.20,21.20,21.00,21.00,18400,389440.00
2021-09-28,20.00,24.00,20.00,21.49,16700,342633.59
2021-09-29,21.49,21.49,21.39,21.40,700,14988.00
2021-09-30,20.89,20.90,20.04,20.10,11900,246743.05
2021-10-08,20.01,21.40,20.01,21.15,20900,443558.00
2021-10-11,21.45,21.45,21.45,21.45,500,10725.00
2021-10-12,20.17,20.99,20.17,20.99,15000,313390.50
2021-10-13,21.25,21.25,21.00,21.00,5400,112492.02
2021-10-14,20.80,20.80,20.80,20.80,10000,208000.00
2021-10-15,20.15,20.48,20.00,20.00,32200,645389.00
2021-10-18,20.50,20.50,19.99,20.00,57400,1149633.00
2021-10-19,20.00,20.00,20.00,20.00,1200,24000.00
2021-10-20,20.95,20.95,20.95,20.95,600,12570.00
2021-10-21,20.89,20.89,20.89,20.89,500,10445.00
2021-10-22,20.87,20.88,19.91,20.00,21600,437731.81
2021-10-25,20.50,20.50,19.90,20.00,86400,1741136.00
2021-10-26,19.81,20.55,19.70,20.55,62000,1229393.00
2021-10-27,19.79,20.44,19.70,20.29,56100,1112730.00
2021-10-28,19.79,20.29,18.00,19.31,107600,2105473.00
2021-10-29,19.20,19.87,19.00,19.87,60900,1162688.00
2021-11-01,19.79,19.79,19.02,19.15,38800,744118.38
2021-11-02,19.20,19.49,19.10,19.46,38600,741598.88
2021-11-04,19.15,19.50,19.15,19.16,60400,1156406.63
2021-11-05,19.00,19.00,19.00,19.00,13500,256690.00
2021-11-08,18.89,18.89,18.89,18.89,8000,151120.00
2021-11-09,19.50,19.50,19.50,19.50,200,3900.00
2021-11-10,19.00,19.49,19.00,19.49,2000,38630.00
2021-11-12,19.01,19.39,19.01,19.39,7400,142655.45
2021-11-15,19.50,19.50,19.49,19.50,79500,1551144.00
2021-11-16,19.50,20.00,19.50,20.00,8500,167259.11
2021-11-17,20.50,20.50,18.51,20.39,3700,69256.45
2021-11-18,19.00,20.35,19.00,19.08,10700,204419.00
2021-11-19,19.08,19.08,18.57,19.00,6400,121485.73
2021-11-22,19.50,19.99,19.40,19.78,5000,97061.80
2021-11-23,19.89,19.89,19.23,19.23,1100,21813.00
2021-11-24,19.79,19.87,19.21,19.87,1000,19346.00
2021-11-25,18.99,19.10,18.99,19.10,4400,83562.05
2021-11-26,19.83,20.49,19.50,20.00,13200,264455.38
2021-11-29,20.99,21.50,20.64,21.50,19900,416585.31
2021-11-30,21.02,21.02,20.01,20.02,23900,500531.00
2021-12-01,20.20,22.00,20.20,22.00,155700,2223120.00
2021-12-02,20.79,22.00,20.50,20.79,3800,79465.00
2021-12-03,20.02,21.48,20.02,21.48,19700,409146.00
2021-12-06,21.99,21.99,21.99,21.99,1000,21990.00
2021-12-07,21.00,21.00,20.80,20.98,19900,417498.00
2021-12-09,20.98,22.39,20.98,22.39,10900,228823.00
2021-12-10,22.00,24.90,21.99,24.90,7800,173850.00
2021-12-13,23.33,23.33,23.29,23.29,300,7224.30
2021-12-14,22.64,24.48,22.49,24.48,11900,266848.09
2021-12-15,22.90,23.00,22.90,23.00,1400,31928.00
2021-12-16,22.88,23.86,22.88,23.01,5200,119087.00
2021-12-22,24.26,24.26,23.01,23.01,300,7152.00
2021-12-28,22.00,23.00,22.00,23.00,200,4500.00
2021-12-29,23.99,23.99,23.99,23.99,100,2399.00
2022-01-04,23.96,23.96,23.96,23.96,1400,33544.00
2022-01-05,23.90,23.90,22.50,22.50,2000,45710.00
2022-01-06,21.44,22.50,21.44,22.50,1500,33318.00
2022-01-07,22.50,22.50,22.50,22.50,6000,134482.50
2022-01-10,23.94,23.94,23.94,23.94,100,2394.00
2022-01-11,23.00,23.86,23.00,23.86,600,13901.00
2022-01-12,23.82,23.82,23.82,23.82,300,6645.78
2022-01-14,23.88,24.51,23.88,24.00,74400,1782625.50
2022-01-17,23.82,24.50,23.82,24.00,2000,47798.00
2022-01-18,21.51,24.00,21.51,24.00,30200,650100.00
2022-01-19,23.96,23.96,23.93,23.93,2900,69443.00
2022-01-20,23.90,23.93,22.50,23.93,600,13590.50
2022-01-21,21.50,23.98,21.50,23.98,2100,46148.00
2022-01-24,24.87,24.87,24.87,24.87,100,2487.00
2022-01-25,23.99,23.99,23.99,23.99,1000,23990.00
2022-01-26,23.99,23.99,23.07,23.97,2300,53579.93
2022-01-27,23.99,23.99,23.00,23.00,1300,30494.00
2022-01-28,23.00,23.00,22.99,22.99,1300,29899.00
2022-02-07,22.99,23.99,22.99,23.93,1000,23699.65
2022-02-08,23.99,23.99,23.99,23.99,500,11995.00
2022-02-09,23.98,23.98,23.94,23.94,1800,43116.00
2022-02-14,24.18,24.18,23.20,23.20,500,11698.00
2022-02-15,23.00,23.80,23.00,23.80,500,11580.00
2022-02-16,23.99,23.99,23.01,23.87,700,16981.30
2022-02-17,23.00,23.96,23.00,23.96,600,13896.00
2022-02-18,23.80,23.88,23.80,23.88,9100,217073.41
2022-02-22,23.86,23.86,23.05,23.84,21100,486437.25
2022-02-23,23.10,23.80,23.05,23.80,5500,126177.00
2022-02-25,23.70,23.70,23.12,23.12,1100,26012.00
2022-02-28,23.12,23.42,22.85,23.42,1600,36752.00
2022-03-02,20.04,23.40,20.04,22.79,270400,4714585.50
2022-03-03,20.04,20.10,20.00,20.00,120000,2405262.00
2022-03-04,19.00,20.00,19.00,19.99,27000,538155.00
2022-03-07,19.99,19.99,18.98,18.98,36700,719649.38
2022-03-08,19.14,19.46,19.14,19.46,900,17070.90
2022-03-09,21.95,21.95,21.95,21.95,100,2195.00
2022-03-10,18.87,20.00,18.87,19.96,4900,97786.00
2022-03-11,19.50,19.50,18.50,18.50,29400,560042.50
2022-03-14,18.60,18.79,18.01,18.50,10100,189411.80
2022-03-15,21.00,21.00,21.00,21.00,100,2100.00
2022-03-16,18.79,20.00,18.79,20.00,30100,570468.38
2022-03-17,19.00,19.00,18.79,19.00,10100,190920.00
2022-03-18,19.94,19.94,19.94,19.94,100,1994.00
2022-03-23,19.50,19.93,19.50,19.93,1700,33193.00
2022-03-28,18.00,20.94,18.00,20.94,2100,38094.00
2022-03-30,20.93,20.93,20.87,20.87,6300,131674.27
2022-03-31,20.00,20.00,20.00,20.00,1200,24000.00
2022-04-01,20.00,20.00,19.90,20.00,7100,141767.00
2022-04-08,20.50,20.50,20.44,20.44,700,14332.00
2022-04-11,20.10,20.10,19.99,20.00,1500,30017.00
2022-04-12,21.00,21.94,20.00,20.00,900,19403.00
2022-04-14,19.99,19.99,19.98,19.98,41000,819371.19
2022-04-18,20.89,20.89,20.89,20.89,100,2089.00
2022-04-21,20.99,20.99,20.71,20.77,11400,236713.84
2022-04-22,20.00,20.00,19.00,20.00,44600,882300.00
2022-04-25,19.00,19.87,19.00,19.87,2900,55187.00
2022-04-26,19.50,20.00,19.50,19.87,57300,1138458.00
2022-04-27,19.00,21.98,18.90,21.98,44100,837398.00
2022-04-29,20.50,20.99,20.50,20.99,300,6199.00
2022-05-05,21.00,21.00,20.98,20.98,24000,503964.00
2022-05-06,20.89,20.90,20.88,20.88,208000,4345370.50
2022-05-10,20.87,20.87,20.50,20.50,20300,415674.50
2022-05-12,20.98,20.98,20.98,20.98,20000,419600.00
2022-05-13,21.28,21.28,21.22,21.22,10200,215983.00
2022-05-20,18.20,23.84,18.20,23.84,2100,38804.00
2022-05-23,21.00,21.00,21.00,21.00,1000,19950.00
2022-05-26,21.10,21.10,21.10,21.10,1000,21100.00
2022-05-30,20.40,21.84,20.40,21.84,1200,23604.00
2022-06-01,22.00,22.86,22.00,22.75,2300,51760.80
2022-06-02,22.75,22.75,21.99,22.00,4100,90724.00
2022-06-06,23.70,23.70,23.70,23.70,100,2370.00
2022-06-07,23.00,23.00,23.00,23.00,100,2300.00
2022-06-08,22.50,22.50,22.50,22.50,200,4500.00
2022-06-09,22.45,22.45,22.45,22.45,1000,21327.50
2022-10-10,14.01,14.60,13.01,13.30,4704353,64550156.00
2022-10-11,13.42,14.01,12.19,13.36,3055000,39943004.00
2022-10-12,13.15,13.50,12.71,13.08,1376508,18081988.00
2022-10-13,12.80,14.10,12.77,13.69,1978713,27103188.00
2022-10-14,13.50,16.87,13.41,16.10,9159661,143026336.00
2022-10-17,18.30,20.93,16.72,17.30,11079230,208426032.00
2022-10-18,18.30,18.81,17.31,17.82,5548031,100449184.00
2022-10-19,16.98,18.96,16.01,17.82,5315718,91956776.00
2022-10-20,17.60,18.79,16.60,16.71,4270689,75900808.00
2022-10-21,16.78,18.30,16.29,17.60,3857993,67223792.00
2022-10-24,17.52,19.34,17.52,18.58,3693509,67847400.00
2022-10-25,18.60,18.88,17.21,17.60,2057490,36844252.00
2022-10-26,17.36,19.05,17.12,17.60,2610804,47403768.00
2022-10-27,17.30,17.80,15.85,16.47,3064904,51054524.00
2022-10-28,16.30,17.00,15.90,16.15,1475430,24315164.00
2022-10-31,16.15,16.17,15.02,15.08,1091523,17042514.00
2022-11-01,15.01,15.60,14.80,15.01,713734,10744699.00
2022-11-02,15.07,15.60,14.80,15.20,1025116,15590679.00
2022-11-03,14.93,15.37,14.81,15.23,839026,12718715.00
2022-11-04,15.10,15.80,15.04,15.38,987185,15300426.00
2022-11-07,15.50,15.50,14.92,15.07,1276998,19255854.00
2022-11-08,15.10,15.10,14.82,15.07,375616,5623647.50
2022-11-09,15.16,15.16,14.42,14.89,698600,10301966.00
2022-11-10,14.80,14.80,14.23,14.60,674634,9716832.00
2022-11-11,14.86,14.86,13.84,14.10,1009255,14337295.00
2022-11-14,13.85,14.10,13.56,13.58,643251,8874590.00
2022-11-15,13.40,13.89,13.40,13.57,719301,9766367.00
2022-11-16,13.68,14.50,13.40,14.22,1545009,21518778.00
2022-11-17,14.25,16.28,14.24,16.15,2740772,42233380.00
2022-11-18,16.15,17.28,15.51,16.97,2408753,39722868.00
2022-11-21,17.08,17.91,16.58,16.90,2160144,37416616.00
2022-11-22,16.89,17.55,16.52,16.84,873554,14873183.00
2022-11-23,16.63,16.96,16.00,16.65,700279,11643371.00
2022-11-24,16.66,16.88,16.40,16.58,404024,6741234.00
2022-11-25,16.52,17.30,16.30,16.72,417383,7023355.50
2022-11-28,16.53,16.69,15.70,15.87,440454,7096617.00
2022-11-29,15.59,16.42,15.57,15.89,241520,3829125.75
2022-11-30,15.85,16.00,15.51,15.52,240559,3765044.75
2022-12-01,15.81,15.81,15.13,15.48,336689,5194332.00
2022-12-02,15.45,15.68,15.33,15.45,178863,2769784.50
2022-12-05,15.50,15.87,15.31,15.70,238158,3714956.00
2022-12-06,15.71,15.86,15.33,15.51,176201,2720930.50
2022-12-07,15.55,15.55,15.24,15.29,218194,3349292.00
2022-12-08,15.50,15.50,15.01,15.10,185870,2808705.00
2022-12-09,15.10,15.38,14.82,14.90,164381,2459900.25
2022-12-12,14.90,15.93,14.53,15.42,387236,5928626.00
2022-12-13,15.50,15.85,15.19,15.30,146914,2270565.75
2022-12-14,15.05,15.31,15.04,15.19,110237,1663457.50
2022-12-15,14.80,15.29,14.60,14.84,125154,1853593.88
2022-12-16,15.03,15.03,14.61,14.62,114497,1683363.25
2022-12-19,14.62,14.79,14.40,14.57,160373,2331410.25
2022-12-20,14.50,14.76,14.30,14.63,129410,1875997.00
2022-12-21,14.60,14.65,14.00,14.38,125587,1798933.50
2022-12-22,14.40,14.40,13.89,14.31,372673,5276494.50
2022-12-23,14.05,14.40,13.71,14.28,360857,5018294.00
2022-12-26,13.90,14.20,13.58,13.66,550327,7596010.50
2022-12-27,13.70,14.20,13.66,13.91,247273,3451525.50
2022-12-28,14.10,14.99,13.88,14.86,351544,5154668.50
2022-12-29,14.71,14.99,14.50,14.85,204179,3013943.25
2022-12-30,14.95,15.07,14.53,14.85,351180,5230286.00
2023-01-03,14.85,15.77,14.72,15.55,288201,4438290.50
2023-01-04,15.60,15.83,15.18,15.48,65746,1016409.63
2023-01-05,15.22,15.68,15.22,15.59,93754,1454770.13
2023-01-06,15.37,15.53,15.26,15.34,50966,783763.38
2023-01-09,15.49,15.49,15.25,15.45,106890,1647472.25
2023-01-10,15.34,15.51,15.34,15.50,104324,1612723.88
2023-01-11,15.50,15.50,15.04,15.33,154213,2345196.50
2023-01-12,15.54,15.54,15.00,15.15,81424,1229321.38
2023-01-13,15.08,15.18,14.86,14.99,108086,1617890.38
2023-01-16,15.08,15.08,14.12,14.34,630481,9094129.00
2023-01-17,14.33,14.33,13.88,14.04,157704,2216165.00
2023-01-18,14.04,14.05,13.88,13.94,190935,2663117.75
2023-01-19,13.81,14.00,13.81,13.90,177706,2475550.00
2023-01-20,13.93,14.09,13.90,14.07,112687,1579066.63
2023-01-30,14.28,14.28,13.99,14.17,178882,2530314.75
2023-01-31,13.95,15.07,13.95,15.00,566223,8287217.50
2023-02-01,15.34,15.34,14.83,15.00,294753,4444361.50
2023-02-02,15.00,15.02,14.50,14.61,339386,5001273.50
2023-02-03,14.34,14.78,14.34,14.60,179351,2618751.50
2023-02-06,14.57,14.57,14.33,14.36,138395,1991655.88
2023-02-07,14.31,14.59,14.30,14.46,95748,1375649.13
2023-02-08,14.57,14.57,14.10,14.40,115118,1644278.63
2023-02-09,14.21,14.32,14.17,14.26,187087,2662017.00
2023-02-10,14.26,14.30,14.00,14.21,202953,2870437.75
2023-02-13,14.09,14.22,14.07,14.21,221395,3133786.50
2023-02-14,14.20,14.22,14.08,14.21,149666,2122140.00
2023-02-15,14.10,14.34,13.88,14.07,350368,4911808.50
2023-02-16,13.92,14.00,13.78,13.89,382323,5321735.00
2023-02-17,13.94,14.36,13.78,14.19,236741,3338673.00
2023-02-20,14.29,14.90,14.06,14.62,522086,7635590.00
2023-02-21,14.50,14.78,14.46,14.62,467356,6825261.00
2023-02-22,14.50,15.00,14.26,14.96,1212566,17945692.00
2023-02-23,14.61,14.65,14.36,14.56,836825,12138767.00
2023-02-24,14.43,14.57,14.02,14.03,665657,9464739.00
2023-02-27,14.03,14.44,13.90,14.39,347555,4913562.50
2023-02-28,14.26,14.48,14.06,14.26,420118,5991846.00
2023-03-01,14.20,14.80,14.20,14.62,487149,7085248.50
2023-03-02,14.84,14.85,14.48,14.78,551536,8111973.50
2023-03-03,14.72,14.85,14.40,14.63,209327,3047091.25
2023-03-06,14.50,14.72,14.50,14.62,148899,2173283.00
2023-03-07,14.60,14.76,14.60,14.65,199240,2922437.25
2023-03-08,14.76,14.76,14.50,14.64,74811,1090392.88
2023-03-09,14.61,14.70,14.51,14.65,109523,1598516.38
2023-03-10,14.63,14.72,14.50,14.64,324851,4735312.50
2023-03-13,14.55,14.77,13.90,13.90,503339,7159671.50
2023-03-14,13.75,13.75,12.37,12.50,1462889,18529964.00
2023-03-15,12.40,12.75,12.35,12.56,208951,2614973.50
2023-03-16,12.57,12.59,12.30,12.33,232804,2890281.50
2023-03-17,12.25,12.39,12.24,12.33,152329,1873817.38
2023-03-20,12.19,12.33,11.44,11.61,491592,5818491.00
2023-03-21,11.50,11.77,11.28,11.72,425540,4881709.50
2023-03-22,11.77,11.77,11.44,11.55,475934,5487759.00
2023-03-23,11.58,11.75,11.24,11.30,859413,9759316.00
2023-03-24,11.35,11.78,11.31,11.70,474821,5520358.50
2023-03-27,11.70,11.89,11.50,11.60,312502,3636015.75
2023-03-28,11.60,11.62,11.42,11.62,159933,1850328.13
2023-03-29,11.41,11.63,11.41,11.48,96306,1106398.63
2023-03-30,11.36,11.40,11.08,11.18,365204,4112262.75
2023-03-31,11.20,11.20,10.85,10.97,440768,4819057.50
2023-04-03,11.00,11.00,10.80,10.81,224071,2432752.25
2023-04-04,10.83,10.97,10.63,10.63,209597,2248489.50
2023-04-06,10.67,10.96,10.67,10.75,181487,1950392.75
2023-04-07,10.63,10.94,10.62,10.92,151294,1645052.00
2023-04-10,10.80,11.10,10.80,11.02,162254,1785497.50
2023-04-11,10.98,11.05,10.69,10.98,310861,3392424.00
2023-04-12,10.98,11.21,10.98,11.19,313290,3483870.25
2023-04-13,11.12,11.29,11.00,11.10,351921,3913089.75
2023-04-14,11.14,11.14,10.97,11.08,294883,3252906.25
2023-04-17,11.00,11.01,10.71,10.85,588623,6354950.00
2023-04-18,10.70,10.84,10.22,10.84,279330,2971205.00
2023-04-19,10.70,11.00,10.70,10.86,220161,2376073.25
2023-04-20,10.93,11.62,10.80,11.44,556449,6310038.50
2023-04-21,11.31,11.94,11.08,11.63,376317,4313954.50
2023-04-24,11.63,12.51,11.63,12.33,736457,9003255.00
2023-04-25,12.51,13.15,12.02,12.07,910560,11411482.00
2023-04-26,12.17,13.07,12.16,13.00,682179,8667668.00
2023-04-27,12.89,13.12,12.81,12.81,374540,4849425.00
2023-04-28,13.32,13.40,12.73,12.90,743736,9682954.00
2023-05-04,13.08,13.08,12.82,12.84,558425,7220182.00
2023-05-05,12.85,13.80,12.71,13.72,2476769,32693336.00
2023-05-08,13.68,14.47,13.68,14.37,1566860,22150340.00
2023-05-09,14.60,15.00,13.68,13.91,987144,14232057.00
2023-05-10,13.78,13.82,13.28,13.46,784216,10519244.00
2023-05-11,13.31,13.50,13.05,13.14,610110,8100974.00
2023-05-12,13.13,13.57,13.13,13.17,200367,2655800.75
2023-05-15,13.27,13.41,12.85,12.92,453075,5892403.00
2023-05-16,12.86,13.04,12.78,12.80,106238,1368468.88
2023-05-17,12.75,12.88,12.41,12.49,395294,4962686.00
2023-05-18,12.49,12.50,12.35,12.36,259867,3225298.00
2023-05-19,12.43,12.55,12.35,12.52,469549,5842125.00
2023-05-22,12.57,13.30,12.56,13.03,332889,4332599.50
2023-05-23,13.10,13.75,13.10,13.58,477670,6436385.50
2023-05-24,13.44,13.63,13.21,13.30,214557,2892069.75
2023-05-25,13.45,13.45,13.05,13.28,175879,2312648.00
2023-05-26,13.34,13.35,12.92,13.20,323128,4247718.00
2023-05-29,12.70,12.70,12.51,12.53,80387,1011961.63
2023-05-30,12.55,12.65,12.47,12.47,182167,2284724.25
2023-05-31,12.45,12.65,12.45,12.50,117191,1472305.38
2023-06-01,12.40,12.52,12.39,12.50,123224,1535366.25
2023-06-02,12.50,12.55,12.47,12.51,162143,2030366.63
2023-06-05,12.48,12.62,12.39,12.61,183850,2299501.00
2023-06-06,12.70,12.70,12.12,12.23,192022,2377510.25
2023-06-07,12.13,12.80,12.13,12.69,199222,2515941.75
2023-06-08,12.69,12.70,12.31,12.45,132313,1645789.75
2023-06-09,12.36,12.47,12.16,12.42,166383,2038663.25
2023-06-12,12.33,12.33,11.97,12.12,195348,2366387.25
2023-06-13,12.22,12.40,12.12,12.18,180264,2206854.75
2023-06-14,12.45,12.58,12.17,12.17,268803,3335526.25
2023-06-15,12.15,12.25,11.93,12.06,496770,5987624.00
2023-06-16,12.14,12.14,11.93,12.04,280762,3363261.25
2023-06-19,11.98,12.02,11.84,11.99,367714,4379499.00
2023-06-20,11.90,11.99,11.82,11.88,112785,1341173.25
2023-06-21,11.97,12.47,11.81,12.13,469162,5690808.00
2023-06-26,12.10,12.22,11.94,12.00,119626,1447895.50
2023-06-27,12.01,12.01,11.79,11.86,96435,1149834.50
2023-06-28,11.81,11.88,11.74,11.76,126158,1489239.88
2023-06-29,11.78,11.83,11.52,11.58,179870,2106422.25
2023-06-30,11.55,11.58,11.50,11.53,85545,986720.19
2023-07-03,11.51,11.52,11.42,11.52,131244,1505444.50
2023-07-04,11.48,11.53,11.30,11.43,148206,1694003.88
2023-07-05,11.45,11.45,10.98,10.98,876981,9781601.00
2023-07-06,11.15,11.38,10.90,11.25,1045510,11753915.00
2023-07-07,11.36,11.36,11.18,11.25,407864,4582345.50
2023-07-10,11.33,11.33,11.11,11.25,298373,3340072.75
2023-07-11,11.25,11.33,11.12,11.27,159072,1779170.50
2023-07-12,11.29,11.29,11.10,11.18,294102,3279786.00
2023-07-13,11.18,11.19,11.11,11.12,157361,1751260.63
2023-07-14,11.09,11.18,11.09,11.18,72926,813498.75
2023-07-17,11.12,11.13,11.02,11.10,106933,1184410.63
2023-07-18,11.10,11.10,10.93,11.00,190022,2090334.38
2023-07-19,10.92,11.00,10.85,10.88,275605,3001845.00
2023-07-20,10.88,10.98,10.68,10.78,223198,2420038.75
2023-07-21,10.71,10.78,10.70,10.77,63550,681919.00
2023-07-24,10.77,10.77,10.64,10.68,79574,848905.19
2023-07-25,10.75,10.77,10.60,10.72,119671,1280304.88
2023-07-26,10.72,10.72,10.67,10.69,38174,407933.69
2023-07-27,10.78,10.98,10.32,10.95,1627794,17296060.00
2023-07-28,11.01,11.47,11.01,11.27,1223849,13747493.00
2023-07-31,11.29,11.56,11.15,11.25,639255,7252943.50
2023-08-01,11.40,11.95,11.40,11.65,964774,11265112.00
2023-08-02,11.50,11.80,11.30,11.50,455510,5251042.50
2023-08-03,11.48,11.55,11.42,11.50,160561,1844091.38
2023-08-04,11.55,11.55,11.24,11.31,311898,3553353.50
2023-08-07,11.23,11.24,10.88,10.92,455751,5016544.00
2023-08-08,10.97,11.04,10.89,11.01,178320,1953546.13
2023-08-09,11.01,11.01,10.82,10.88,119426,1300528.75
2023-08-10,10.83,10.94,10.83,10.91,105942,1150912.00
2023-08-11,10.86,11.01,10.83,11.01,114447,1249919.00
2023-08-14,10.93,11.02,10.70,10.89,99678,1079138.13
2023-08-15,10.94,10.94,10.58,10.68,139717,1491766.00
2023-08-16,10.83,10.83,10.60,10.61,108444,1159352.75
2023-08-17,10.61,10.65,10.53,10.63,52778,559629.00
2023-08-18,10.50,10.62,10.47,10.60,130389,1370334.63
2023-08-21,10.51,10.67,10.42,10.46,159264,1677595.50
2023-08-22,10.47,10.71,10.32,10.71,220731,2324468.00
2023-08-23,10.75,10.75,10.43,10.45,168924,1777289.00
2023-08-24,10.29,10.29,9.42,9.65,1237951,12081609.00
2023-08-25,9.60,9.70,9.48,9.51,281378,2691440.25
2023-08-28,9.72,10.00,9.50,9.50,494213,4793820.00
2023-08-29,9.56,9.85,9.56,9.81,607514,5926504.00
2023-08-30,9.83,10.05,9.83,10.05,181488,1807908.00
2023-08-31,10.14,10.28,10.00,10.27,188038,1903850.63
2023-09-01,10.20,10.42,10.20,10.29,256623,2655340.00
2023-09-04,10.50,10.59,10.41,10.55,761069,7995727.00
2023-09-05,10.52,10.52,9.98,9.98,486558,4944750.00
2023-09-06,9.92,10.05,9.90,10.02,105494,1052844.38
2023-09-07,10.02,10.03,9.78,9.80,198442,1969397.00
2023-09-08,9.81,9.85,9.76,9.85,82759,810350.75
2023-09-11,9.84,9.90,9.80,9.89,142231,1401239.88
2023-09-12,9.83,9.84,9.76,9.77,198008,1938587.25
2023-09-13,9.75,9.82,9.59,9.62,108622,1049476.25
2023-09-14,9.73,9.73,9.62,9.68,83685,808641.94
2023-09-15,9.77,9.77,9.69,9.77,37616,365702.59
2023-09-18,9.75,9.80,9.67,9.74,46139,449133.94
2023-09-19,9.74,9.74,9.62,9.65,26442,255712.84
2023-09-20,9.61,9.68,9.58,9.62,35917,345082.88
2023-09-21,9.58,9.58,9.40,9.46,164874,1557141.75
2023-09-22,9.37,9.51,9.36,9.49,421966,3965220.25
2023-09-25,9.43,9.43,9.26,9.32,265630,2471056.25
2023-09-26,9.32,9.35,9.30,9.35,26291,245205.34
2023-09-27,9.29,9.34,9.21,9.28,126774,1175047.13
2023-09-28,9.32,9.32,9.19,9.28,82677,764513.63
2023-10-09,9.28,9.28,9.19,9.22,54539,504004.97
2023-10-10,9.22,9.25,9.19,9.21,115928,1067948.25
2023-10-11,9.24,9.28,9.19,9.22,263756,2432863.50
2023-10-12,9.28,9.30,9.20,9.21,74858,692224.69
2023-10-13,9.21,9.22,9.07,9.08,101199,925679.81
2023-10-16,9.12,9.12,8.82,8.87,165613,1479297.75
2023-10-17,8.87,8.87,8.67,8.70,130627,1142910.13
2023-10-18,8.70,8.70,8.20,8.26,663096,5547149.00
2023-10-19,8.30,8.30,7.99,8.10,326917,2651842.50
2023-10-20,8.14,8.22,8.00,8.02,174478,1408116.75
2023-10-23,8.02,8.10,7.45,7.74,509866,3944471.25
2023-10-24,7.74,7.83,7.61,7.78,214299,1655328.63
2023-10-25,7.78,7.81,7.74,7.80,123895,964426.25
2023-10-26,7.75,7.95,7.75,7.89,185354,1449993.25
2023-10-27,7.94,8.39,7.93,8.23,289192,2370936.25
2023-10-30,8.15,8.31,8.13,8.19,471126,3867555.50
2023-10-31,8.12,8.20,8.01,8.04,275708,2232117.50
2023-11-01,8.00,8.10,8.00,8.02,150290,1208294.00
2023-11-02,8.09,8.09,7.87,7.93,139287,1107761.63
2023-11-03,7.98,8.15,7.93,8.10,109914,885581.69
2023-11-06,8.15,8.31,8.09,8.30,303862,2488385.00
2023-11-07,8.36,8.39,8.20,8.38,343833,2856360.75
2023-11-08,8.41,8.96,8.38,8.82,682958,5948771.00
2023-11-09,8.86,9.03,8.77,8.86,372289,3313245.00
2023-11-10,8.94,8.99,8.83,8.90,249221,2219187.75
2023-11-13,8.87,9.05,8.83,9.04,178097,1590714.25
2023-11-14,9.05,9.05,8.95,9.04,112752,1014523.06
2023-11-15,9.09,9.10,8.90,9.04,218677,1969234.75
2023-11-16,8.95,9.06,8.58,8.73,334726,2941617.50
2023-11-17,8.61,8.76,8.61,8.73,137571,1191715.88
2023-11-20,8.78,9.02,8.59,9.02,293153,2600268.25
2023-11-21,9.02,10.55,9.02,9.80,2318500,22998380.00
2023-11-22,9.63,11.15,9.61,11.15,3176693,33568804.00
2023-11-23,11.18,12.23,10.65,10.82,3178665,36155940.00
2023-11-24,10.60,11.83,10.60,11.81,3180562,36324128.00
2023-11-27,12.00,13.33,12.00,13.00,6578115,82596408.00
2023-11-28,11.99,13.15,11.97,12.38,4104013,51764484.00
2023-11-29,12.28,12.59,11.00,11.12,3263470,38167808.00
2023-11-30,11.20,11.50,10.77,11.21,1092654,12260972.00
2023-12-01,11.35,11.53,10.68,10.80,888035,9769716.00
2023-12-04,10.71,11.05,10.46,10.86,459229,4957789.50
2023-12-05,10.86,11.89,10.74,11.76,1812534,20942136.00
2023-12-06,11.79,12.28,11.70,11.95,1493329,17946686.00
2023-12-07,12.06,12.27,11.85,12.20,1122090,13594700.00
2023-12-08,12.25,12.35,11.90,12.10,1405239,17115186.00
2023-12-11,12.09,12.09,11.21,11.39,1222167,14091649.00
2023-12-12,11.39,11.57,11.30,11.40,610998,6973388.00
2023-12-13,11.35,12.06,11.35,11.94,1129178,13399067.00
2023-12-14,11.96,12.73,11.85,12.42,2405699,29929128.00
2023-12-15,12.32,12.96,12.30,12.72,1954955,24698556.00
2023-12-18,12.73,13.00,12.66,12.90,2276674,29240638.00
2023-12-19,12.98,13.18,12.58,12.74,1836546,23535290.00
2023-12-20,12.74,13.20,12.71,13.03,2115176,27593872.00
2023-12-21,13.21,13.50,11.06,11.75,2706777,34118432.00
2023-12-22,11.71,12.00,11.52,11.84,827153,9722457.00
2023-12-25,11.96,13.38,11.93,13.28,3454873,44418228.00
2023-12-26,14.32,15.98,14.00,14.55,8775342,130087904.00
2023-12-27,14.11,14.56,13.43,13.81,4847010,66934288.00
2023-12-28,13.50,13.79,13.32,13.61,3842493,52060612.00
2023-12-29,13.52,14.13,13.49,13.91,2650632,36714796.00
2024-01-02,13.77,14.47,13.71,14.25,3726351,52780720.00
2024-01-03,14.20,14.58,13.95,14.11,2479398,35457640.00
2024-01-04,14.23,14.23,13.78,14.05,1639230,22961060.00
2024-01-05,14.08,14.25,13.02,13.31,2698388,36505060.00
2024-01-08,13.30,13.59,12.02,12.02,2090047,26632080.00
2024-01-09,12.10,12.33,11.20,11.63,1482888,17380862.00
2024-01-10,11.56,11.99,11.21,11.94,1397759,16331507.00
2024-01-11,12.27,12.42,11.85,12.05,1093975,13197252.00
2024-01-12,11.93,11.95,10.90,10.90,1546774,17576810.00
2024-01-15,10.81,11.02,10.34,10.50,907886,9673643.00
2024-01-16,10.59,11.16,10.05,11.13,1475841,15860616.00
2024-01-17,10.97,11.40,10.80,10.85,1186803,13180664.00
2024-01-18,10.77,11.13,10.64,11.13,1319962,14402754.00
2024-01-19,11.25,11.84,11.12,11.67,1688303,19597140.00
2024-01-22,11.71,11.71,10.66,10.84,1513302,16938512.00
2024-01-23,10.92,11.08,10.50,11.00,836694,9078881.00
2024-01-24,11.00,11.38,10.30,11.26,1279789,13967135.00
2024-01-25,11.13,11.68,10.88,11.45,1773027,20212052.00
2024-01-26,11.40,11.90,11.15,11.19,1486519,17260796.00
2024-01-29,11.19,11.19,10.17,10.17,1219259,12944274.00
2024-01-30,10.15,10.48,9.88,10.02,707864,7137715.00
2024-01-31,9.92,10.31,9.90,10.03,530065,5348345.00
2024-02-01,9.93,9.97,9.47,9.48,537173,5195018.00
2024-02-02,9.44,9.65,8.68,8.92,922599,8384031.00
2024-02-05,8.78,8.82,8.00,8.52,695321,5894083.00
2024-02-06,8.50,9.32,8.50,9.32,687100,6227813.00
2024-02-07,9.41,10.14,9.26,9.59,1294317,12638484.00
2024-02-08,9.65,9.96,9.01,9.55,1254581,11775376.00
2024-02-19,9.65,9.88,9.44,9.75,648796,6239268.00
2024-02-20,9.70,10.19,9.56,10.10,810112,8069675.00
2024-02-21,10.02,10.40,9.95,10.03,861778,8772169.00
2024-02-22,9.93,10.22,9.83,9.89,599449,5983873.00
2024-02-23,9.97,9.98,9.40,9.53,914714,8795599.00
2024-02-26,9.63,9.73,9.41,9.64,797655,7626286.00
2024-02-27,9.56,10.19,9.56,10.19,1170585,11678199.00
2024-02-28,10.28,10.58,9.86,9.95,1364556,14028385.00
2024-02-29,10.16,10.68,10.16,10.68,1779025,18475650.00
2024-03-01,10.79,11.98,10.43,11.65,3852357,43199520.00
2024-03-04,11.65,11.66,10.75,11.00,2575411,28614828.00
2024-03-05,10.99,10.99,10.40,10.47,1054284,11188883.00
2024-03-06,10.67,10.76,10.48,10.57,904155,9609889.00
2024-03-07,10.50,10.85,10.45,10.55,1088662,11566028.00
2024-03-08,10.48,10.62,10.32,10.45,712608,7432246.50
2024-03-11,10.38,10.63,10.32,10.52,748623,7808496.50
2024-03-12,10.50,10.66,10.35,10.52,578554,6066029.50
2024-03-13,10.46,10.53,10.31,10.35,513436,5328320.50
2024-03-14,10.52,10.87,10.20,10.30,743929,7814181.50
2024-03-15,10.22,10.84,10.08,10.70,1323563,13985797.00
2024-03-18,10.77,10.80,10.44,10.63,999735,10548114.00
2024-03-19,10.63,10.79,10.29,10.44,601998,6386148.00
2024-03-20,10.47,10.68,10.47,10.56,413571,4359238.50
2024-03-21,10.53,10.56,10.26,10.30,480377,4994871.50
2024-03-22,10.31,10.40,10.16,10.24,317837,3268437.00
2024-03-25,10.16,10.32,9.90,10.00,608672,6164364.50
2024-03-26,10.03,10.07,9.60,9.79,452572,4436339.50
2024-03-27,9.77,10.09,9.67,9.79,440614,4365137.00
2024-03-28,9.73,9.94,9.67,9.86,284067,2788379.50
2024-03-29,9.85,9.90,9.76,9.81,278697,2738124.25
2024-04-01,9.75,9.98,9.75,9.96,356368,3532283.50
2024-04-02,9.95,9.99,9.83,9.88,206133,2042178.38
2024-04-03,9.82,10.23,9.81,9.94,410066,4104076.00
2024-04-08,9.88,9.93,9.44,9.46,629985,6085102.50
2024-04-09,9.41,9.70,9.41,9.52,190420,1816202.75
2024-04-10,9.54,9.95,9.51,9.66,482052,4720261.50
2024-04-11,9.20,9.80,9.20,9.50,415591,3929444.00
2024-04-12,9.48,9.80,9.40,9.42,292558,2784839.50
2024-04-15,9.49,9.74,9.35,9.36,329748,3118320.75
2024-04-16,9.45,9.49,9.00,9.00,217797,1982062.75
2024-04-17,9.09,9.56,9.09,9.50,205404,1928173.88
2024-04-18,9.45,9.76,9.39,9.74,288325,2778183.25
2024-04-19,9.79,9.79,9.58,9.67,222440,2155391.75
2024-04-22,9.74,9.98,9.62,9.85,317164,3117098.50
2024-04-23,9.91,9.91,9.61,9.79,499590,4880874.50
2024-04-24,9.85,9.85,9.74,9.78,212074,2077638.38
2024-04-25,9.69,9.77,9.55,9.64,263235,2547062.25
2024-04-26,9.71,9.71,9.56,9.71,238705,2302868.50
2024-04-29,8.80,9.02,8.76,8.94,1977586,17514112.00
2024-04-30,8.87,9.70,8.81,9.33,2014704,18678656.00
2024-05-06,9.25,10.34,9.23,9.84,3279497,31812742.00
2024-05-07,10.44,11.85,10.40,10.61,6563415,71604680.00
2024-05-08,10.02,11.85,10.02,11.41,8785481,96125832.00
2024-05-09,11.00,11.70,10.79,11.12,6404574,71590280.00
2024-05-10,10.80,11.48,10.28,10.29,4797410,51990636.00
2024-05-13,10.28,10.65,9.65,9.82,4413218,44646204.00
2024-05-14,9.79,9.81,9.23,9.34,3134016,29618162.00
2024-05-15,9.30,9.42,9.12,9.20,1784489,16457847.00
2024-05-16,9.20,9.27,9.12,9.26,955200,8765322.00
2024-05-17,9.29,9.37,9.17,9.23,934926,8637168.00
2024-05-20,9.23,9.33,8.97,9.11,1443244,13147175.00
2024-05-21,9.14,9.14,8.91,8.92,786581,7053716.50
2024-05-22,9.00,9.10,8.88,8.95,878112,7892436.00
2024-05-23,8.96,9.36,8.86,9.19,1676901,15411838.00
2024-05-24,9.32,9.47,9.11,9.14,1180104,10978187.00
2024-05-27,9.12,9.17,8.92,9.04,626759,5640811.50
2024-05-28,9.04,9.13,8.88,8.95,638943,5735670.50
2024-05-29,8.55,8.68,8.39,8.47,681501,5825765.50
2024-05-30,8.40,8.48,8.13,8.22,654088,5401743.00
2024-05-31,8.27,8.36,8.16,8.28,509896,4205720.50
2024-06-03,8.30,8.42,8.03,8.13,501165,4101544.50
2024-06-04,8.12,8.14,7.80,7.92,632523,5035501.00
2024-06-05,7.88,7.98,7.61,7.62,555704,4349580.50
2024-06-06,7.67,7.76,7.22,7.34,884157,6618352.50
2024-06-07,7.39,7.73,7.39,7.66,433976,3289603.75
2024-06-11,7.73,7.91,7.65,7.82,400632,3128793.50
2024-06-12,7.88,7.88,7.73,7.78,312410,2436587.75
2024-06-13,7.78,7.89,7.73,7.81,237320,1846343.75
2024-06-14,7.81,7.88,7.65,7.87,260467,2043326.13
2024-06-17,7.80,7.88,7.63,7.65,305576,2361413.25
2024-06-18,7.72,7.79,7.51,7.61,289549,2207912.50
2024-06-19,7.68,7.94,7.55,7.75,504003,3914635.50
2024-06-20,7.68,7.74,7.55,7.63,378702,2889247.75
2024-06-21,7.63,7.87,7.53,7.79,410649,3200333.50
2024-06-24,7.72,7.72,7.36,7.42,413779,3119911.00
2024-06-25,7.42,7.56,7.38,7.56,307932,2307307.00
2024-06-26,7.56,7.73,7.45,7.70,205812,1573008.00
2024-06-27,7.76,7.80,7.60,7.61,350065,2682974.50
2024-06-28,7.65,7.74,7.48,7.65,415451,3168200.25
2024-07-01,7.63,7.70,7.54,7.69,273567,2087390.00
2024-07-02,7.66,7.66,7.54,7.56,294031,2230556.75
2024-07-03,7.53,7.53,7.39,7.40,228826,1702143.50
2024-07-04,7.45,7.47,7.20,7.21,179430,1312684.38
2024-07-05,7.21,7.30,7.01,7.23,311951,2218739.75
2024-07-08,7.18,7.18,6.98,6.99,254761,1795777.88
2024-07-09,6.96,7.18,6.96,7.16,235843,1662265.13
2024-07-10,7.12,7.33,6.99,7.05,321885,2284708.00
2024-07-11,7.11,7.25,7.11,7.21,229845,1651831.63
2024-07-12,7.25,7.31,7.17,7.25,152950,1106144.50
2024-07-15,7.25,7.25,7.10,7.17,64460,461447.47
2024-07-16,7.13,7.65,7.13,7.60,717815,5314452.00
2024-07-17,7.64,8.18,7.61,8.13,2077037,16629073.00
2024-07-18,8.05,8.15,7.66,7.70,929067,7275070.50
2024-07-19,7.75,7.85,7.58,7.59,431931,3330513.50
2024-07-22,7.65,7.72,7.52,7.61,277540,2110837.25
2024-07-23,7.62,7.75,7.50,7.56,342571,2619285.50
2024-07-24,7.56,7.58,7.17,7.27,333637,2432457.75
2024-07-25,7.21,7.36,7.20,7.29,324477,2363827.75
2024-07-26,7.27,7.46,7.27,7.40,231015,1703599.50
2024-07-29,7.41,7.67,7.31,7.44,348923,2592831.00
2024-07-30,7.36,7.77,7.36,7.58,522401,3963423.25
2024-07-31,7.59,7.73,7.42,7.69,361532,2748073.00
2024-08-01,7.64,7.77,7.62,7.74,348662,2679471.50
2024-08-02,7.71,7.98,7.58,7.58,557815,4352627.50
2024-08-05,7.57,7.65,7.20,7.33,442411,3272858.00
2024-08-06,7.40,7.46,7.32,7.46,194753,1438901.38
2024-08-07,7.39,7.45,7.29,7.37,121135,893180.50
2024-08-08,7.40,7.65,7.21,7.40,505493,3776328.75
2024-08-09,7.41,7.47,7.27,7.30,292873,2156017.50
2024-08-12,7.30,7.48,7.30,7.33,218521,1616489.00
2024-08-13,7.32,7.37,7.20,7.26,238208,1730369.88
2024-08-14,7.31,7.31,7.14,7.18,154615,1112508.88
2024-08-15,7.19,7.26,7.14,7.24,376724,2719159.00
2024-08-16,7.21,7.34,7.21,7.24,244769,1778034.13
2024-08-19,7.28,7.28,7.16,7.18,100057,720037.19
2024-08-20,7.17,7.47,7.17,7.26,416730,3056884.25
2024-08-21,7.29,7.35,7.19,7.19,156573,1134691.50
2024-08-22,7.17,7.18,7.02,7.03,160534,1133818.13
2024-08-23,7.03,7.10,7.00,7.02,99448,699446.81
2024-08-26,7.09,7.15,6.99,7.02,168297,1182956.63
2024-08-27,7.02,7.02,6.86,6.87,191082,1320696.75
2024-08-28,6.87,7.00,6.87,6.90,161728,1122145.88
2024-08-29,6.98,8.60,6.82,7.57,2051854,15751483.00
2024-08-30,7.30,7.68,7.28,7.59,1549886,11578586.00
2024-09-02,7.44,8.69,7.44,8.30,4597555,37856404.00
2024-09-03,7.91,7.92,7.57,7.80,3627134,27936348.00
2024-09-04,7.65,7.77,7.44,7.56,1595309,12064999.00
2024-09-05,7.43,7.56,7.40,7.53,848000,6327675.00
2024-09-06,7.55,7.55,7.20,7.21,770483,5634053.50
2024-09-09,7.21,8.20,7.21,7.85,2842100,22044106.00
2024-09-10,8.35,8.58,7.50,7.50,2772785,22416490.00
2024-09-11,7.30,7.82,7.28,7.51,1934426,14469554.00
2024-09-12,7.55,8.08,7.35,7.57,1925868,14776973.00
2024-09-13,7.41,7.82,7.32,7.67,2029997,15306678.00
2024-09-18,7.56,7.65,7.35,7.38,1203251,8952914.00
2024-09-19,7.43,7.50,7.21,7.34,1304329,9612643.00
2024-09-20,7.38,7.43,7.12,7.17,646310,4707729.50
2024-09-23,7.16,7.29,7.15,7.17,397667,2863798.50
2024-09-24,7.22,7.37,7.08,7.29,1178900,8507414.00
2024-09-25,7.33,7.49,7.30,7.43,1341565,9964118.00
2024-09-26,7.40,7.55,7.27,7.52,1070095,7954501.50
2024-09-27,7.60,8.16,7.57,8.03,2306321,18190362.00
2024-09-30,8.38,9.60,8.20,9.44,5040714,44807200.00
2024-10-08,11.50,11.69,9.85,11.38,5774438,62420004.00
2024-10-09,10.58,10.65,9.20,9.20,3531879,35725784.00
2024-10-10,9.40,9.77,9.06,9.21,1902025,17918418.00
2024-10-11,9.05,9.13,8.36,8.57,1644234,14394256.00
2024-10-14,8.58,8.89,8.54,8.86,1446773,12688786.00
2024-10-15,8.87,9.17,8.73,8.81,1606775,14438806.00
2024-10-16,8.62,8.98,8.55,8.87,1021072,8993278.00
2024-10-17,9.00,9.60,8.95,9.18,2885779,26730918.00
2024-10-18,9.12,9.87,9.05,9.68,3086001,29476430.00
2024-10-21,9.90,11.00,9.80,10.96,5165971,54292268.00
2024-10-22,11.05,11.35,10.31,10.41,4411769,47274384.00
2024-10-23,10.11,10.66,10.10,10.50,2500399,26212754.00
2024-10-24,11.36,12.45,11.06,11.10,6954233,81342768.00
2024-10-25,10.88,11.93,10.88,11.38,7299011,84224680.00
2024-10-28,12.10,12.50,11.50,12.33,7533695,91656264.00
2024-10-29,12.50,13.25,11.72,12.88,7600961,95500112.00
2024-10-30,12.48,13.29,11.88,12.54,6168148,77723288.00
2024-10-31,12.20,12.37,11.36,11.65,4373532,51625228.00
2024-11-01,11.65,11.65,10.80,11.00,2902510,32433850.00
2024-11-04,11.10,11.80,10.90,11.67,2318552,26397660.00
2024-11-05,11.75,12.44,11.72,12.43,3654092,44442392.00
2024-11-06,12.50,13.85,12.49,13.10,5589445,73505872.00
2024-11-07,12.93,14.28,12.63,13.91,5595691,76759240.00
2024-11-08,14.20,14.44,12.82,13.01,4293223,58438304.00
2024-11-11,12.96,14.65,12.41,14.55,5840506,79486888.00
2024-11-12,14.51,15.65,13.52,13.77,7076534,103564304.00
2024-11-13,13.30,13.60,12.80,13.41,3551705,46814016.00
2024-11-14,13.54,13.59,12.71,12.85,3176620,41850680.00
2024-11-15,12.66,13.13,12.40,12.72,2576670,32816858.00
2024-11-18,12.83,13.60,12.65,12.99,3416218,44793488.00
2024-11-19,13.00,13.00,11.65,12.53,3340495,41094332.00
2024-11-20,12.70,13.29,12.38,13.20,2913336,37721996.00
2024-11-21,13.25,14.28,13.20,14.16,5060555,69953344.00
2024-11-22,14.21,14.92,13.66,13.82,4618910,66286352.00
2024-11-25,13.62,13.99,13.10,13.61,2887113,38854016.00
2024-11-26,13.52,13.82,13.09,13.10,1821703,24601164.00
2024-11-27,13.10,13.25,11.99,13.15,2750301,34772660.00
2024-11-28,13.20,14.28,13.13,13.84,3829107,52767484.00
2024-11-29,13.83,14.25,13.01,13.90,3220395,44711700.00
2024-12-02,14.07,14.60,13.78,14.44,3346433,47799124.00
2024-12-03,14.44,14.44,14.44,14.44,0,0.00
#数据来源:通达信
