830896 旺成科技 日线 不复权
      日期	    开盘	    最高	    最低	    收盘	    成交量	    成交额
2018-06-15,3.36,3.36,3.36,3.36,50000,168000.00
2019-09-23,2.35,2.35,2.35,2.35,1700000,5712000.00
2019-09-24,3.36,3.36,3.36,3.36,60000,201600.00
2019-09-26,3.36,3.36,3.36,3.36,985500,3311280.00
2019-09-27,3.36,3.36,3.36,3.36,820000,2755200.00
2019-09-30,3.36,3.36,3.36,3.36,85000,285600.00
2021-12-31,3.63,3.63,3.63,3.63,151000,548130.00
2022-01-04,4.01,4.17,4.01,4.17,6500,26405.00
2022-01-11,4.60,5.00,4.60,5.00,5900,27915.20
2022-01-21,5.00,5.00,5.00,5.00,2900,14275.00
2022-02-07,5.44,5.44,5.44,5.44,900,4890.56
2022-02-08,4.98,4.98,4.98,4.98,2000,9960.00
2022-02-11,4.98,5.08,4.98,5.08,6000,29922.52
2022-03-25,4.23,4.25,4.23,4.25,6000,25646.00
2022-05-12,4.00,4.00,4.00,4.00,4000,16004.00
2022-05-16,3.90,3.90,3.90,3.90,4900,19110.00
2022-05-23,4.84,4.84,4.84,4.84,100,484.00
2022-06-16,4.00,5.80,4.00,5.80,300,1380.00
2022-06-30,5.80,5.80,5.80,5.80,4200,24360.00
2022-07-05,6.07,6.27,6.07,6.27,200,1106.46
2022-07-06,7.00,7.80,7.00,7.59,2200,16262.00
2022-07-08,7.90,7.90,7.90,7.90,200,1580.00
2022-09-07,7.50,7.50,7.50,7.50,800,5625.00
2022-09-08,6.48,7.60,5.53,7.60,20100,116429.73
2022-09-14,6.99,6.99,6.99,6.99,200,1321.11
2022-09-20,8.00,8.00,8.00,8.00,600,4800.00
2022-09-21,7.10,7.98,7.10,7.98,1000,7038.90
2022-09-22,8.00,8.00,8.00,8.00,1000,8000.00
2022-09-23,8.00,8.00,8.00,8.00,100,800.00
2023-04-19,5.89,5.98,5.52,5.53,7331324,41165892.00
2023-04-20,5.48,5.53,5.00,5.02,3588912,18702334.00
2023-04-21,5.02,5.03,4.85,4.87,1373883,6749685.50
2023-04-24,4.85,5.16,4.81,4.99,829466,4173483.00
2023-04-25,4.95,5.13,4.78,4.89,855586,4199928.50
2023-04-26,4.71,4.85,4.71,4.83,476226,2281836.75
2023-04-27,4.95,4.95,4.75,4.85,354793,1724402.88
2023-04-28,4.85,4.88,4.78,4.86,359880,1740589.38
2023-05-04,4.93,4.98,4.84,4.97,385287,1895566.50
2023-05-05,4.91,5.16,4.90,5.09,945140,4796919.50
2023-05-08,5.19,5.25,5.12,5.24,1009129,5248001.00
2023-05-09,5.24,5.26,5.07,5.09,637732,3273584.25
2023-05-10,5.04,5.15,5.04,5.11,265649,1354819.75
2023-05-11,5.14,5.15,5.05,5.07,143143,726629.06
2023-05-12,5.14,5.15,5.06,5.09,183732,938041.75
2023-05-15,5.05,5.05,4.94,4.98,389316,1940595.63
2023-05-16,4.98,5.05,4.91,4.95,312279,1541007.63
2023-05-17,4.99,4.99,4.92,4.95,152948,755080.19
2023-05-18,4.97,5.00,4.93,4.98,103711,514807.84
2023-05-19,4.97,5.00,4.96,4.97,120558,600459.63
2023-05-22,4.94,4.97,4.93,4.96,177938,881536.50
2023-05-23,4.97,5.08,4.97,5.02,339616,1703354.00
2023-05-24,5.04,5.04,4.99,5.00,220813,1106177.13
2023-05-25,5.03,5.06,4.93,4.96,300308,1499748.25
2023-05-26,4.96,4.96,4.85,4.92,179536,879197.50
2023-05-29,4.90,4.98,4.90,4.95,80262,396629.41
2023-05-30,4.97,4.97,4.92,4.93,117182,577511.69
2023-05-31,4.93,4.93,4.90,4.91,127845,628220.56
2023-06-01,4.90,4.92,4.89,4.90,127131,622049.75
2023-06-02,4.89,4.91,4.87,4.90,200922,982323.81
2023-06-05,4.90,4.94,4.89,4.91,69620,341875.41
2023-06-06,4.97,4.97,4.86,4.89,84250,411624.13
2023-06-07,4.89,4.91,4.88,4.89,88823,434031.34
2023-06-08,4.86,4.88,4.85,4.88,106577,518313.91
2023-06-09,4.85,4.90,4.85,4.88,78128,380178.81
2023-06-12,4.88,4.94,4.83,4.93,130496,638695.50
2023-06-13,4.92,4.98,4.90,4.98,217096,1073707.25
2023-06-14,4.80,4.81,4.72,4.74,146163,692330.00
2023-06-15,4.79,4.80,4.72,4.74,79825,377763.03
2023-06-16,4.72,4.78,4.71,4.71,156373,738830.44
2023-06-19,4.71,4.75,4.62,4.65,345238,1613686.13
2023-06-20,4.64,4.65,4.60,4.63,105120,485706.34
2023-06-21,4.61,4.68,4.60,4.66,155551,722412.88
2023-06-26,4.61,4.63,4.61,4.62,97707,451436.28
2023-06-27,4.61,4.66,4.61,4.63,77710,361080.25
2023-06-28,4.63,4.65,4.56,4.64,95960,441200.19
2023-06-29,4.64,5.19,4.63,5.10,2719623,13648685.00
2023-06-30,5.30,5.88,5.08,5.16,3778877,20320532.00
2023-07-03,5.16,5.20,4.95,5.07,1827496,9196877.00
2023-07-04,5.08,5.95,5.00,5.58,5305033,29439660.00
2023-07-05,5.50,5.88,5.30,5.37,4359589,24411162.00
2023-07-06,5.38,5.60,5.02,5.35,2885721,15237371.00
2023-07-07,5.25,5.51,5.19,5.27,1998136,10637907.00
2023-07-10,5.12,5.32,5.01,5.11,2027847,10339436.00
2023-07-11,5.11,5.18,4.95,4.98,1379157,6907958.50
2023-07-12,5.09,5.09,4.90,4.93,920075,4577292.00
2023-07-13,4.92,4.99,4.84,4.95,698702,3426460.00
2023-07-14,4.92,4.98,4.85,4.93,827767,4067977.50
2023-07-17,4.93,4.95,4.86,4.93,428365,2100204.50
2023-07-18,4.93,4.93,4.87,4.89,326070,1596590.75
2023-07-19,4.93,4.93,4.78,4.81,690246,3338243.50
2023-07-20,4.90,4.90,4.79,4.84,480658,2324210.25
2023-07-21,4.87,4.87,4.80,4.80,316449,1525788.88
2023-07-24,4.78,4.85,4.78,4.79,273616,1314915.88
2023-07-25,4.80,4.89,4.80,4.89,470019,2287560.25
2023-07-26,4.85,4.94,4.85,4.91,363366,1780427.13
2023-07-27,4.91,4.97,4.86,4.95,491048,2426519.25
2023-07-28,4.95,4.96,4.90,4.92,219270,1081351.50
2023-07-31,4.97,4.97,4.92,4.92,161102,794402.69
2023-08-01,4.91,4.94,4.87,4.90,184204,900842.25
2023-08-02,4.91,4.93,4.88,4.91,160600,788285.25
2023-08-03,4.87,4.90,4.80,4.88,504781,2447511.75
2023-08-04,4.84,4.85,4.80,4.84,365565,1762768.50
2023-08-07,4.84,4.85,4.79,4.85,281587,1355550.13
2023-08-08,4.86,4.86,4.79,4.84,89439,429884.38
2023-08-09,4.81,4.84,4.78,4.83,143328,687472.38
2023-08-10,4.83,4.83,4.80,4.82,42158,203078.78
2023-08-11,4.84,4.84,4.78,4.79,127203,610454.25
2023-08-14,4.76,4.79,4.51,4.75,301726,1404782.25
2023-08-15,4.69,4.74,4.66,4.68,49424,231979.45
2023-08-16,4.66,4.73,4.65,4.73,111463,522987.59
2023-08-17,4.68,4.75,4.63,4.72,98097,462138.97
2023-08-18,4.70,4.74,4.68,4.73,63885,301777.78
2023-08-21,4.79,4.79,4.69,4.70,90023,425956.94
2023-08-22,4.74,4.78,4.69,4.78,96212,454896.81
2023-08-23,4.73,4.79,4.58,4.77,180889,853846.94
2023-08-24,4.71,4.78,4.69,4.75,53200,252161.59
2023-08-25,4.70,4.79,4.62,4.78,291143,1377040.50
2023-08-28,4.84,4.84,4.72,4.78,749172,3585091.50
2023-08-29,4.54,4.80,4.54,4.78,200698,951699.25
2023-08-30,4.77,4.78,4.71,4.78,130012,615535.69
2023-08-31,4.76,4.77,4.61,4.63,191730,895316.44
2023-09-01,4.69,4.80,4.69,4.77,244534,1160214.88
2023-09-04,4.92,5.10,4.84,5.10,2096539,10469414.00
2023-09-05,5.04,5.04,4.87,4.93,847235,4165640.00
2023-09-06,4.91,4.91,4.79,4.83,524843,2530025.75
2023-09-07,4.81,4.84,4.77,4.77,307711,1475550.50
2023-09-08,4.80,4.81,4.76,4.79,195313,932766.44
2023-09-11,4.80,4.81,4.74,4.77,231896,1103818.63
2023-09-12,4.77,4.77,4.73,4.77,60024,285067.97
2023-09-13,4.73,4.77,4.69,4.75,170088,801045.06
2023-09-14,4.71,4.72,4.68,4.69,130484,612416.19
2023-09-15,4.67,4.70,4.66,4.67,86586,404372.53
2023-09-18,4.71,4.72,4.69,4.70,42537,200261.34
2023-09-19,4.73,4.73,4.68,4.68,102200,479031.31
2023-09-20,4.71,4.71,4.66,4.68,59900,280169.81
2023-09-21,4.65,4.70,4.65,4.68,47726,223144.30
2023-09-22,4.63,4.69,4.62,4.69,117655,547580.00
2023-09-25,4.67,4.69,4.65,4.67,30600,142563.00
2023-09-26,4.66,4.66,4.63,4.64,23200,107794.00
2023-09-27,4.64,4.65,4.64,4.64,29906,138947.52
2023-09-28,4.64,4.64,4.50,4.60,268982,1222870.75
2023-10-09,4.57,4.57,4.46,4.56,186946,841861.25
2023-10-10,4.56,4.59,4.51,4.51,67276,304742.97
2023-10-11,4.50,4.54,4.48,4.48,62471,281746.81
2023-10-12,4.51,4.51,4.49,4.50,23203,104376.01
2023-10-13,4.49,4.51,4.40,4.51,64812,289024.25
2023-10-16,4.51,4.51,4.41,4.44,54838,243624.39
2023-10-17,4.41,4.47,4.39,4.39,97430,428937.41
2023-10-18,4.39,4.43,4.33,4.35,64827,282619.25
2023-10-19,4.31,4.31,4.29,4.30,74433,320441.16
2023-10-20,4.30,4.32,4.22,4.27,32018,136794.92
2023-10-23,4.24,4.24,3.90,3.99,275144,1102958.25
2023-10-24,4.01,4.06,3.99,4.06,70428,283824.25
2023-10-25,4.09,4.17,4.09,4.11,86685,357795.63
2023-10-26,4.14,4.14,4.02,4.05,246877,999292.56
2023-10-27,4.06,4.20,4.01,4.16,173738,712342.94
2023-10-30,4.19,4.19,4.05,4.12,295847,1207887.25
2023-10-31,4.19,4.45,4.18,4.33,600822,2605409.00
2023-11-01,4.34,4.41,4.24,4.38,119643,518120.25
2023-11-02,4.30,4.32,4.16,4.29,145165,615476.25
2023-11-03,4.32,4.40,4.28,4.37,150115,655748.63
2023-11-06,4.34,4.41,4.30,4.40,201484,878704.06
2023-11-07,4.41,4.41,4.33,4.39,130841,571678.88
2023-11-08,4.39,4.52,4.39,4.48,386267,1727268.13
2023-11-09,4.49,4.54,4.42,4.52,260904,1174760.50
2023-11-10,4.56,4.62,4.50,4.62,256391,1172607.38
2023-11-13,4.66,4.68,4.60,4.65,246979,1144106.13
2023-11-14,4.67,4.67,4.61,4.67,234172,1085725.88
2023-11-15,4.64,4.77,4.64,4.72,370900,1754065.88
2023-11-16,4.76,4.82,4.44,4.57,455424,2118302.50
2023-11-17,4.55,4.62,4.45,4.60,202945,923501.63
2023-11-20,4.60,5.98,4.60,5.98,7864615,44991868.00
2023-11-21,6.60,7.77,6.50,7.30,16100363,108397696.00
2023-11-22,6.61,8.60,6.50,8.05,14041341,104881936.00
2023-11-23,7.79,8.50,7.10,7.20,11314248,87688992.00
2023-11-24,7.18,8.50,6.85,8.06,11333445,87164912.00
2023-11-27,8.99,10.47,8.93,10.47,14396643,142690656.00
2023-11-28,9.50,11.70,9.18,10.72,12043469,125692744.00
2023-11-29,10.28,10.86,8.50,8.60,8055525,78668592.00
2023-11-30,8.67,9.06,8.01,8.39,4998564,42751816.00
2023-12-01,8.47,8.75,7.53,7.59,5436364,43155964.00
2023-12-04,7.51,7.89,7.08,7.50,3337257,25311962.00
2023-12-05,7.50,9.05,7.35,9.00,7609498,63611396.00
2023-12-06,8.85,9.21,8.58,8.82,5745395,51285016.00
2023-12-07,8.80,9.90,8.66,9.19,5170486,48383624.00
2023-12-08,9.38,9.95,8.92,9.88,5377549,50875092.00
2023-12-11,9.69,10.00,8.90,9.17,4420711,41299004.00
2023-12-12,9.06,9.43,8.92,9.40,3198888,29458444.00
2023-12-13,9.49,10.49,9.22,9.99,6175973,60546460.00
2023-12-14,9.91,12.09,9.72,10.58,9631515,104105552.00
2023-12-15,10.22,10.95,10.21,10.67,5460237,57784892.00
2023-12-18,10.48,11.35,10.48,11.16,5463715,60018080.00
2023-12-19,11.15,11.48,10.55,10.76,4757699,51813484.00
2023-12-20,10.87,13.73,10.66,12.80,10978336,133873416.00
2023-12-21,12.21,12.63,9.00,10.25,9200838,106318512.00
2023-12-22,10.05,11.01,10.01,11.00,5247517,55825964.00
2023-12-25,11.02,12.40,10.84,12.30,6427054,75871936.00
2023-12-26,12.10,13.62,11.81,13.34,9064647,116255280.00
2023-12-27,13.01,13.18,12.00,12.50,5947975,74766264.00
2023-12-28,12.52,12.90,12.20,12.39,4108774,51126776.00
2023-12-29,12.01,12.68,12.01,12.47,4439886,55019404.00
2024-01-02,12.12,13.09,12.12,12.91,5766811,73203200.00
2024-01-03,12.67,13.69,12.65,12.82,4357244,56922824.00
2024-01-04,12.20,12.96,12.20,12.55,3846022,48159900.00
2024-01-05,12.55,12.65,11.01,11.36,4571748,53376864.00
2024-01-08,11.36,11.54,10.45,10.45,2474430,27119822.00
2024-01-09,10.49,10.99,9.79,10.14,2474862,25615922.00
2024-01-10,10.00,10.43,9.82,10.20,1804283,18360230.00
2024-01-11,10.24,10.40,9.93,10.27,1852146,18848568.00
2024-01-12,10.20,10.27,8.88,8.93,3339948,31416678.00
2024-01-15,8.93,9.02,8.21,8.36,1816957,15636787.00
2024-01-16,8.30,9.42,8.05,9.23,3134235,27497232.00
2024-01-17,9.10,9.85,9.10,9.14,2794330,26296510.00
2024-01-18,8.90,9.65,8.90,9.53,2492857,23292658.00
2024-01-19,9.54,10.39,9.53,10.39,3697779,37252024.00
2024-01-22,10.39,10.47,9.53,9.82,2726899,27416478.00
2024-01-23,9.68,10.07,9.62,10.05,1741025,17229688.00
2024-01-24,10.19,10.31,9.68,9.97,1830077,18250228.00
2024-01-25,9.84,10.00,9.31,9.45,2430060,23273650.00
2024-01-26,9.40,9.69,9.14,9.20,1616968,15254576.00
2024-01-29,9.10,9.19,7.85,7.85,2564780,21585690.00
2024-01-30,7.93,8.18,7.70,8.10,1713516,13584269.00
2024-01-31,8.03,8.87,8.03,8.76,2911184,24963812.00
2024-02-01,8.41,9.56,8.10,9.52,5230847,47358700.00
2024-02-02,9.55,9.78,8.49,9.35,4369205,40037520.00
2024-02-05,9.06,10.39,8.90,9.81,5764124,55460148.00
2024-02-06,9.26,11.20,9.01,10.71,7402552,76631592.00
2024-02-07,10.69,10.83,9.10,9.22,6231721,63212016.00
2024-02-08,9.11,9.21,8.14,8.53,3971746,34154824.00
2024-02-19,8.65,8.77,8.42,8.72,2375568,20431674.00
2024-02-20,8.65,9.16,8.65,9.01,2471995,22110072.00
2024-02-21,9.01,9.95,8.88,9.29,3865982,36737660.00
2024-02-22,9.29,9.42,9.03,9.14,2219314,20294052.00
2024-02-23,9.13,9.24,8.66,8.82,2566974,22814194.00
2024-02-26,8.80,9.19,8.66,9.07,2153540,19487646.00
2024-02-27,9.10,9.80,8.98,9.57,3995385,37932564.00
2024-02-28,9.52,9.77,8.98,9.01,3711227,34838780.00
2024-02-29,9.02,9.30,8.96,9.26,2287749,20819620.00
2024-03-01,9.27,9.38,9.15,9.21,1646702,15228040.00
2024-03-04,9.17,9.28,8.66,8.75,1983340,17671978.00
2024-03-05,8.65,8.72,8.40,8.41,1273044,10913441.00
2024-03-06,8.57,8.96,8.57,8.65,1733107,15244725.00
2024-03-07,8.61,8.84,8.32,8.33,1494157,12767224.00
2024-03-08,8.44,8.46,8.13,8.20,964507,7929295.00
2024-03-11,8.14,8.36,8.14,8.31,757163,6227876.00
2024-03-12,8.48,8.67,8.33,8.52,1250519,10649530.00
2024-03-13,8.44,8.53,8.25,8.26,1099027,9110404.00
2024-03-14,8.29,8.36,8.01,8.05,800940,6562227.50
2024-03-15,8.12,8.71,8.00,8.40,2109241,17769650.00
2024-03-18,8.50,8.65,8.37,8.50,1325797,11251741.00
2024-03-19,8.58,8.58,8.35,8.39,1072867,9066116.00
2024-03-20,8.45,8.50,8.36,8.42,680160,5725847.00
2024-03-21,8.40,8.44,8.09,8.14,1376838,11269707.00
2024-03-22,8.19,8.27,7.99,8.00,745625,6022656.50
2024-03-25,7.98,8.03,7.82,7.82,630587,5014743.50
2024-03-26,7.77,7.93,7.53,7.73,709344,5470691.00
2024-03-27,7.75,8.09,7.70,7.73,848702,6733689.50
2024-03-28,7.77,7.99,7.67,7.85,434471,3397750.25
2024-03-29,7.90,7.96,7.71,7.85,452884,3554798.00
2024-04-01,7.89,7.93,7.80,7.85,612600,4805745.50
2024-04-02,7.88,7.89,7.57,7.72,907155,6964671.00
2024-04-03,7.72,7.73,7.50,7.50,652360,4935133.50
2024-04-08,7.55,7.57,7.01,7.03,820799,5967113.00
2024-04-09,7.00,7.24,7.00,7.09,673190,4772377.00
2024-04-10,7.05,7.73,7.05,7.25,1359695,10094420.00
2024-04-11,7.28,7.28,7.06,7.08,691655,4960812.00
2024-04-12,7.13,7.45,7.10,7.13,936859,6767275.00
2024-04-15,7.08,7.21,6.74,6.81,811750,5632672.00
2024-04-16,6.74,6.95,6.36,6.78,1318931,8817152.00
2024-04-17,6.87,7.24,6.87,7.14,1245054,8821390.00
2024-04-18,7.12,7.46,7.02,7.20,968532,7041113.00
2024-04-19,7.30,7.30,7.04,7.06,856136,6121827.00
2024-04-22,7.09,7.14,6.72,6.83,789141,5442619.50
2024-04-23,6.85,7.22,6.83,7.03,804290,5625076.50
2024-04-24,7.11,7.45,7.01,7.39,1422271,10358876.00
2024-04-25,7.33,7.45,7.23,7.36,739228,5434595.50
2024-04-26,7.33,7.65,7.31,7.54,909968,6838257.50
2024-04-29,7.61,7.85,7.51,7.72,1153251,8840340.00
2024-04-30,7.69,8.03,7.46,8.00,1406751,11078007.00
2024-05-06,8.08,8.35,7.92,7.95,929650,7555986.50
2024-05-07,7.85,8.15,7.72,7.87,663695,5214829.00
2024-05-08,7.94,7.94,7.69,7.75,670141,5220179.00
2024-05-09,7.77,7.85,7.72,7.78,271762,2114720.25
2024-05-10,7.84,7.85,7.66,7.67,300942,2320638.75
2024-05-13,7.60,7.96,7.33,7.94,826639,6445739.50
2024-05-14,8.04,8.04,7.81,7.89,379051,3006102.75
2024-05-15,7.86,7.97,7.65,7.84,666107,5214830.00
2024-05-16,7.90,8.08,7.60,7.76,461468,3634928.75
2024-05-17,7.60,7.95,7.60,7.82,185054,1440436.50
2024-05-20,7.81,7.97,7.75,7.89,350149,2757802.25
2024-05-21,8.00,8.00,7.70,7.72,224895,1747943.25
2024-05-22,7.65,7.80,7.55,7.70,247661,1902397.88
2024-05-23,7.95,8.24,7.85,8.08,1533079,12392734.00
2024-05-24,7.99,8.17,7.82,7.82,605339,4834691.50
2024-05-27,7.78,8.03,7.56,7.69,442534,3391130.75
2024-05-28,7.75,7.76,7.50,7.59,364567,2782217.00
2024-05-29,7.60,7.68,7.52,7.55,206825,1566961.88
2024-05-30,7.63,7.77,7.47,7.47,337833,2563529.00
2024-05-31,7.37,7.61,7.37,7.41,274110,2037827.75
2024-06-03,7.40,7.45,7.11,7.14,285237,2068707.75
2024-06-04,7.16,7.23,6.98,7.10,245475,1734742.63
2024-06-05,7.08,7.17,6.89,6.89,130498,916772.13
2024-06-06,6.97,7.14,6.60,6.70,368249,2521724.00
2024-06-07,6.78,6.97,6.61,6.94,375212,2568008.00
2024-06-11,7.02,7.08,6.86,6.97,161763,1127723.63
2024-06-12,6.93,7.05,6.88,7.00,162549,1128868.75
2024-06-13,7.00,7.04,6.80,6.99,133881,928985.00
2024-06-14,7.14,7.14,6.88,7.01,131479,922610.13
2024-06-17,6.93,7.07,6.82,6.95,89521,620913.44
2024-06-18,7.03,7.03,6.87,6.94,117790,816248.00
2024-06-19,6.99,7.22,6.83,7.03,370023,2609745.00
2024-06-20,7.12,7.35,6.85,7.10,582668,4142759.25
2024-06-21,7.10,7.37,7.04,7.25,615690,4486398.00
2024-06-24,7.25,7.36,7.09,7.11,486177,3495750.50
2024-06-25,7.10,7.46,7.10,7.26,1023865,7466033.50
2024-06-26,7.23,7.36,7.15,7.31,729003,5279226.50
2024-06-27,7.10,7.24,6.84,6.96,443527,3115204.25
2024-06-28,6.92,7.18,6.92,6.97,358809,2525379.00
2024-07-01,6.92,7.05,6.85,6.91,224833,1557464.75
2024-07-02,6.93,6.93,6.63,6.71,478657,3234686.25
2024-07-03,6.69,6.75,6.52,6.64,285848,1888541.50
2024-07-04,6.63,6.71,6.43,6.44,132523,872834.31
2024-07-05,6.44,6.50,6.33,6.45,93876,604058.75
2024-07-08,6.45,6.53,6.11,6.20,190401,1198991.00
2024-07-09,6.17,6.28,6.07,6.20,213729,1320164.13
2024-07-10,6.33,6.33,6.15,6.20,131626,823034.50
2024-07-11,6.36,6.60,6.25,6.48,454682,2945112.00
2024-07-12,6.46,6.75,6.46,6.55,502033,3313231.25
2024-07-15,6.47,6.49,6.30,6.31,230134,1469478.88
2024-07-16,6.30,7.94,6.30,7.38,2638327,19113164.00
2024-07-17,7.18,8.81,7.16,8.25,4728590,38597796.00
2024-07-18,8.00,8.16,7.51,7.56,2632348,20342000.00
2024-07-19,7.63,7.75,7.35,7.40,1243565,9346438.00
2024-07-22,7.22,7.48,7.15,7.22,773758,5636142.50
2024-07-23,7.22,7.49,7.14,7.14,610952,4448854.50
2024-07-24,7.10,7.22,6.90,7.03,715068,5010281.00
2024-07-25,6.94,7.29,6.91,7.12,902348,6444701.50
2024-07-26,7.37,7.54,7.21,7.40,1240596,9181815.00
2024-07-29,7.40,7.40,7.07,7.12,1195371,8558676.00
2024-07-30,7.20,7.29,7.00,7.13,475802,3395800.25
2024-07-31,7.38,8.77,7.38,8.12,4289141,35613648.00
2024-08-01,7.78,7.98,7.59,7.65,3056514,23704318.00
2024-08-02,7.54,7.69,7.20,7.29,1376731,10181503.00
2024-08-05,7.42,7.42,6.95,7.02,954586,6839647.50
2024-08-06,7.05,7.18,6.96,7.18,708060,4997411.50
2024-08-07,7.12,7.18,7.07,7.10,280740,1994415.00
2024-08-08,7.08,7.12,6.96,7.05,342556,2416856.25
2024-08-09,7.17,7.17,7.05,7.12,434543,3083146.50
2024-08-12,7.06,7.25,7.03,7.20,475339,3407144.25
2024-08-13,7.20,7.22,7.03,7.20,244668,1748511.63
2024-08-14,7.18,7.22,7.08,7.08,331130,2361379.75
2024-08-15,7.10,7.25,7.03,7.15,246748,1762720.50
2024-08-16,7.17,7.19,7.10,7.12,183363,1310676.63
2024-08-19,7.14,7.14,6.95,6.95,235312,1660484.75
2024-08-20,6.95,7.11,6.86,6.96,511910,3566021.00
2024-08-21,7.06,7.08,6.88,6.96,368616,2554585.50
2024-08-22,7.03,7.03,6.70,6.74,318504,2178560.25
2024-08-23,6.71,6.79,6.62,6.71,78370,525288.81
2024-08-26,6.64,6.76,6.64,6.74,171575,1153903.00
2024-08-27,6.65,6.67,6.47,6.51,215169,1410272.50
2024-08-28,6.59,6.88,6.43,6.68,493310,3316449.50
2024-08-29,6.61,6.77,6.61,6.70,371754,2497316.25
2024-08-30,6.70,6.96,6.68,6.88,536796,3693893.75
2024-09-02,6.97,7.00,6.75,6.75,326598,2247931.25
2024-09-03,6.83,6.97,6.63,6.79,239625,1635032.13
2024-09-04,6.75,6.83,6.66,6.69,130441,873991.13
2024-09-05,6.71,6.76,6.65,6.70,87601,587182.50
2024-09-06,6.77,6.77,6.57,6.67,72093,479594.84
2024-09-09,6.67,6.76,6.58,6.66,54835,364758.06
2024-09-10,6.68,6.68,6.42,6.56,287707,1870227.00
2024-09-11,6.67,6.80,6.62,6.69,350394,2348319.75
2024-09-12,6.75,6.75,6.56,6.58,190639,1266269.38
2024-09-13,6.58,6.99,6.46,6.82,843098,5687841.50
2024-09-18,6.80,6.98,6.69,6.91,474168,3245964.00
2024-09-19,6.89,7.08,6.84,6.92,357603,2483036.75
2024-09-20,6.99,7.13,6.83,6.89,380140,2657528.75
2024-09-23,6.86,6.98,6.82,6.86,66177,455647.66
2024-09-24,6.95,7.05,6.85,7.03,504425,3518298.75
2024-09-25,7.18,7.20,6.96,7.00,672393,4762163.00
2024-09-26,7.10,7.10,6.88,7.10,457670,3210633.25
2024-09-27,7.15,7.80,7.14,7.65,1679919,12612316.00
2024-09-30,8.10,9.16,7.86,9.02,3129893,26816792.00
2024-10-08,10.83,11.50,9.30,10.83,4779134,49338896.00
2024-10-09,10.10,10.35,8.71,8.72,2506188,23911638.00
2024-10-10,8.81,9.13,8.32,8.50,1508871,13233348.00
2024-10-11,8.54,8.54,7.70,7.85,1313619,10596535.00
2024-10-14,7.87,8.26,7.82,8.21,1394727,11281543.00
2024-10-15,8.22,8.53,8.05,8.13,1207575,10042513.00
2024-10-16,8.02,9.40,8.00,9.39,4558837,41213636.00
2024-10-17,9.50,10.50,9.00,9.19,5404343,51625236.00
2024-10-18,8.99,9.90,8.80,9.61,4432615,41957276.00
2024-10-21,10.00,10.69,9.65,10.59,5553424,56741600.00
2024-10-22,10.67,10.67,9.33,9.57,3898118,38795188.00
2024-10-23,9.52,10.63,9.52,10.00,3406865,34489596.00
2024-10-24,10.23,11.48,10.00,11.27,6166938,66818576.00
2024-10-25,11.73,12.58,10.78,10.95,7761044,91088096.00
2024-10-28,10.88,11.55,10.30,11.52,3758283,41164396.00
2024-10-29,11.70,12.58,11.22,12.18,5435722,65081068.00
2024-10-30,11.80,12.75,11.13,12.01,5563359,66247844.00
2024-10-31,11.98,11.99,10.72,11.25,3770345,42702704.00
2024-11-01,10.98,11.29,10.32,10.39,1995615,21348768.00
2024-11-04,13.50,13.50,13.29,13.50,7004707,94560392.00
2024-11-05,17.55,17.55,17.55,17.55,1348709,23669842.00
2024-11-06,21.76,22.81,20.80,22.81,17713438,395702400.00
2024-11-07,21.78,24.55,19.30,20.60,16875258,356254592.00
2024-11-08,19.80,20.80,18.01,18.18,12065523,233649024.00
2024-11-11,17.29,17.98,16.62,17.49,7630565,132174680.00
2024-11-12,17.50,18.21,17.00,17.40,5652601,98670016.00
2024-11-13,17.38,18.25,16.91,18.00,5514659,96734216.00
2024-11-14,17.85,19.38,17.40,19.15,8974283,166719056.00
2024-11-15,18.90,19.80,18.03,18.92,7775409,145926960.00
2024-11-18,19.00,19.05,16.00,16.25,6006265,104937528.00
2024-11-19,16.06,17.49,15.51,16.77,4471588,74092696.00
2024-11-20,16.99,18.49,16.99,17.40,6241556,110895792.00
2024-11-21,16.71,18.23,16.56,18.03,6320236,110800088.00
2024-11-22,17.89,17.99,16.58,16.60,4540665,78776048.00
2024-11-25,16.65,16.99,15.79,16.40,2824684,45931920.00
2024-11-26,16.50,16.88,15.51,15.60,2409951,39217796.00
2024-11-27,15.50,15.88,14.37,15.79,2607143,39650232.00
2024-11-28,15.83,16.49,15.72,16.00,2727693,44025008.00
2024-11-29,17.80,20.80,17.61,20.80,14593680,282048512.00
2024-12-02,22.20,26.80,20.20,22.10,15960231,360992288.00
2024-12-03,22.10,22.10,22.10,22.10,0,0.00
#数据来源:通达信
