830839 万通液压 日线 不复权
      日期	    开盘	    最高	    最低	    收盘	    成交量	    成交额
2015-06-04,3.10,3.10,3.10,3.10,5000000,15500000.00
2015-06-23,4.00,5.80,4.00,5.76,74000,411470.00
2015-06-24,5.61,5.61,5.28,5.28,27000,143720.00
2015-07-29,4.99,4.99,4.99,4.99,1000,4990.00
2015-08-24,4.75,4.75,4.75,4.75,3000,14250.00
2015-12-10,4.58,4.58,4.58,4.58,1000,4580.00
2015-12-18,4.50,4.50,4.50,4.50,1000,4500.00
2015-12-25,4.33,4.33,4.33,4.33,1000,4330.00
2016-01-12,4.22,4.22,4.22,4.22,1000,4220.00
2016-01-25,4.13,4.13,3.00,3.00,20000,70800.00
2016-01-26,2.98,2.98,2.90,2.98,7000,20570.00
2016-01-29,2.91,2.91,2.91,2.91,1000,2910.00
2016-02-01,2.88,2.88,2.76,2.76,5000,14010.00
2016-03-14,2.70,2.70,2.69,2.69,2000,5390.00
2016-03-21,2.74,3.20,2.70,2.70,320000,1010300.00
2016-03-22,2.70,2.70,2.70,2.70,1000,2700.00
2016-04-07,2.57,2.57,1.90,2.00,29000,63240.00
2016-04-08,1.98,1.98,1.90,1.95,36000,68950.00
2016-04-11,1.92,1.92,1.91,1.91,6000,11490.00
2016-04-15,1.91,1.93,1.91,1.93,5000,9590.00
2016-04-18,1.84,1.84,1.84,1.84,4000,7360.00
2016-04-29,1.83,1.83,1.80,1.80,2000,3630.00
2016-05-03,1.76,1.80,1.76,1.80,7000,12520.00
2016-05-13,1.79,1.79,1.76,1.76,2000,3550.00
2016-05-23,1.76,1.77,1.76,1.77,2000,3530.00
2016-05-26,1.71,1.75,1.69,1.70,9000,15440.00
2016-05-27,1.70,1.72,1.70,1.72,4000,6840.00
2016-06-07,1.68,1.68,1.67,1.67,3000,5030.00
2016-06-17,1.62,1.62,1.60,1.61,8000,12860.00
2016-06-20,1.60,1.60,1.60,1.60,1000,1600.00
2016-06-24,1.60,1.60,1.60,1.60,7000,11200.00
2016-06-28,1.59,1.59,1.54,1.55,7000,10950.00
2016-06-29,1.52,1.52,1.50,1.50,7000,10560.00
2016-07-12,1.47,1.47,1.46,1.46,3000,4390.00
2016-07-13,1.44,1.44,1.40,1.42,6000,8520.00
2016-07-15,1.36,1.36,1.29,1.29,46000,60080.00
2016-08-08,1.33,1.33,1.32,1.32,1000000,1325000.00
2016-08-10,1.35,1.35,1.35,1.35,1000,1350.00
2016-08-15,1.36,1.39,1.36,1.39,3000,4130.00
2016-08-16,1.40,1.40,1.40,1.40,1000,1400.00
2016-08-17,1.42,1.44,1.42,1.44,2000,2860.00
2016-10-27,1.40,1.40,1.35,1.35,4000,5530.00
2016-10-28,1.32,1.37,1.32,1.32,6000,8060.00
2016-11-23,1.33,1.33,1.33,1.33,3000,3990.00
2016-12-20,1.36,1.37,1.36,1.37,3000,4090.00
2016-12-21,1.41,1.41,1.41,1.41,1000,1410.00
2016-12-22,1.38,1.38,1.34,1.34,9000,12260.00
2016-12-23,1.31,1.34,1.30,1.30,12000,15760.00
2016-12-29,1.34,1.39,1.34,1.39,7000,9580.00
2017-01-05,1.42,1.46,1.38,1.46,20000,28180.00
2017-01-06,1.47,1.47,1.47,1.47,1000,1470.00
2017-01-19,1.52,1.80,1.52,1.80,19000,32320.00
2017-01-26,1.72,1.73,1.71,1.73,5000,8590.00
2017-02-06,1.73,2.13,1.73,2.03,29000,56980.00
2017-02-08,2.07,2.07,2.07,2.07,1000,2070.00
2017-02-09,2.01,2.01,2.00,2.00,3000,6010.00
2017-02-16,1.95,1.95,1.95,1.95,2000,3900.00
2017-02-21,1.93,1.93,1.91,1.91,3000,5760.00
2017-04-20,1.95,1.95,1.95,1.95,2000,3900.00
2017-05-03,1.93,1.93,1.83,1.83,5000,9410.00
2017-05-11,1.79,1.79,1.79,1.79,1000,1790.00
2017-05-26,1.83,1.83,1.81,1.81,2001000,3631840.00
2017-07-18,1.75,1.75,1.75,1.75,2000,3500.00
2017-07-28,1.74,1.74,1.72,1.74,1537000,2659020.00
2017-08-01,1.72,1.74,1.72,1.72,400000,692000.00
2017-10-13,1.72,1.72,1.72,1.72,3000,5160.00
2017-11-09,1.68,1.68,1.67,1.67,3000,5020.00
2017-11-30,1.64,1.64,1.64,1.64,1000,1640.00
2017-12-05,1.62,1.64,1.52,1.52,12000,18950.00
2017-12-06,1.49,1.49,1.49,1.49,1000,1490.00
2017-12-14,1.47,1.47,1.47,1.47,2000,2940.00
2017-12-19,1.52,1.52,1.52,1.52,2000,3040.00
2017-12-25,1.48,1.48,1.46,1.46,3000,4400.00
2018-02-14,1.50,1.85,1.50,1.85,25000,42650.00
2018-02-22,1.79,1.83,1.78,1.82,6000,10810.00
2018-03-02,1.86,2.05,1.86,1.99,23000,45210.00
2018-03-06,2.05,2.12,2.05,2.10,4000,8350.00
2018-03-07,2.19,2.19,2.19,2.19,1000,2190.00
2018-03-09,2.22,2.24,2.22,2.23,3000,6690.00
2018-03-15,2.17,2.17,2.16,2.17,2000,4330.00
2018-03-19,2.23,2.23,2.23,2.23,2000,4460.00
2018-03-20,2.35,2.47,2.29,2.47,7000,16580.00
2018-03-21,2.54,2.69,2.54,2.68,7000,18380.00
2018-03-22,2.78,3.00,2.78,2.90,11000,31940.00
2018-03-23,2.90,2.90,2.90,2.90,7000,20300.00
2018-03-26,2.97,3.05,2.97,3.04,12000,36110.00
2018-03-27,3.04,3.08,3.04,3.08,6000,18370.00
2018-03-28,3.06,3.08,3.06,3.07,2000,6140.00
2018-03-29,3.07,3.12,3.06,3.11,7000,21690.00
2018-04-02,3.11,3.11,3.02,3.06,7000,21410.00
2018-04-03,3.06,3.06,3.01,3.04,6000,18230.00
2018-04-13,3.03,3.03,3.03,3.03,1000,3030.00
2018-04-17,3.03,3.03,3.03,3.03,1000,3030.00
2018-05-04,3.03,3.03,3.03,3.03,1000,3030.00
2018-05-10,3.03,3.03,3.03,3.03,1000,3030.00
2018-05-11,3.03,3.03,3.03,3.03,1000,3030.00
2018-05-22,3.03,3.03,3.03,3.03,1000,3030.00
2018-06-13,3.06,3.10,3.06,3.10,39000,120660.00
2018-06-20,3.14,3.14,3.14,3.14,1000,3140.00
2018-07-16,3.14,3.14,3.14,3.14,2000,6280.00
2018-07-27,3.00,3.00,2.55,2.58,14000,39540.00
2018-07-30,2.45,2.45,2.45,2.45,2000,4900.00
2018-08-02,2.38,2.38,2.02,2.21,14000,30900.00
2018-08-09,2.05,2.06,2.05,2.06,6000,12340.00
2018-08-16,2.08,2.44,2.08,2.40,34000,79350.00
2018-08-17,2.33,2.33,2.18,2.27,9000,20410.00
2018-08-20,2.11,2.11,2.08,2.08,2000,4190.00
2018-08-21,2.15,2.16,2.15,2.16,5000,10770.00
2018-08-24,2.19,2.31,2.13,2.24,30000,67580.00
2018-09-03,2.23,2.23,2.23,2.23,3000,6690.00
2018-09-04,2.29,2.38,2.29,2.36,15000,35290.00
2018-09-05,2.40,2.45,2.25,2.30,35000,82740.00
2018-09-11,2.35,2.36,2.29,2.30,20000,46760.00
2018-09-12,2.37,2.37,2.28,2.28,6000,14130.00
2018-09-13,2.37,2.37,2.37,2.37,10000,23700.00
2018-09-17,2.27,2.27,2.14,2.24,54000,121020.00
2018-09-18,2.26,2.26,2.26,2.26,3000,6780.00
2018-09-20,2.30,2.30,2.30,2.30,1000,2300.00
2018-09-25,2.30,2.43,2.30,2.42,23000,53810.00
2018-09-26,2.49,2.64,2.49,2.62,19000,48760.00
2018-09-27,2.64,2.64,2.01,2.25,67000,150890.00
2018-09-28,2.11,2.23,1.79,2.18,107000,209760.00
2018-10-08,2.23,2.29,2.11,2.18,23000,51220.00
2018-10-09,2.11,2.11,1.77,2.09,34000,65520.00
2018-10-10,2.12,2.29,2.06,2.14,26000,57090.00
2018-10-12,2.09,2.09,2.09,2.09,1000,2090.00
2018-10-15,2.05,2.12,2.05,2.11,9000,18740.00
2018-10-17,2.11,2.13,2.11,2.13,16000,33910.00
2018-10-19,2.13,2.16,2.13,2.15,278000,610090.00
2018-10-22,2.18,2.18,2.18,2.18,20000,43600.00
2018-10-23,2.18,2.18,2.18,2.18,30000,65400.00
2018-10-25,2.18,2.18,2.18,2.18,1760000,3872000.00
2018-10-26,2.18,2.18,2.18,2.18,1240000,2728000.00
2018-10-29,2.19,2.22,2.19,2.21,42000,92700.00
2018-10-31,2.13,2.13,1.90,1.99,341000,747910.00
2018-11-01,1.99,1.99,1.99,1.99,407000,895400.00
2018-11-02,1.90,1.90,1.90,1.90,285000,623700.00
2018-11-05,1.93,2.38,1.93,2.30,20000,43860.00
2018-11-06,2.36,2.63,2.36,2.60,22000,54870.00
2018-11-07,2.73,2.94,2.73,2.93,7000,19920.00
2018-11-08,2.85,2.85,2.85,2.85,1000,2850.00
2018-11-09,2.95,2.95,2.95,2.95,2000,5900.00
2018-11-12,2.91,2.91,2.91,2.91,2000,5820.00
2018-11-13,2.79,2.79,2.73,2.77,3000,8310.00
2018-11-14,2.82,2.86,2.82,2.85,6000,17050.00
2018-11-15,2.88,2.90,2.88,2.89,3000,8660.00
2018-11-16,2.94,2.94,2.94,2.94,2000,5880.00
2018-11-20,2.96,3.04,2.96,3.00,4000,11990.00
2018-11-21,3.09,3.18,3.09,3.11,5000,15540.00
2018-11-26,2.96,2.96,2.95,2.96,2000,5910.00
2018-12-14,2.94,2.94,2.94,2.94,10000,29400.00
2018-12-25,2.81,2.81,2.80,2.81,2000,5610.00
2018-12-28,2.89,2.89,2.89,2.89,1000,2890.00
2019-01-02,2.89,2.89,2.89,2.89,2000000,5260000.00
2019-01-15,2.65,2.65,2.65,2.65,4000,10600.00
2019-01-16,2.53,2.53,2.52,2.53,2000,5050.00
2019-01-25,2.49,2.49,2.42,2.46,6000,14760.00
2019-01-30,2.33,2.33,2.33,2.33,1000,2330.00
2019-04-03,2.53,2.53,2.53,2.53,2000,5060.00
2019-04-04,4.01,4.01,4.01,4.01,7000,28070.00
2019-04-29,4.01,4.01,4.01,4.01,10000,40100.00
2019-06-03,4.01,4.01,4.01,4.01,132000,290400.00
2019-07-09,4.50,4.50,4.50,4.50,3000,13500.00
2019-07-31,4.16,4.16,4.16,4.16,10000,41600.00
2019-11-20,3.01,3.01,3.01,3.01,4000,12040.00
2020-01-08,1.61,1.61,1.61,1.61,1000,1610.00
2020-01-09,1.61,1.61,1.61,1.61,1200000,1356000.00
2020-01-14,2.58,2.58,2.58,2.58,19000,49020.00
2020-01-21,2.69,3.00,2.69,3.00,12000,35690.00
2020-01-22,2.72,2.79,2.72,2.79,18000,50150.00
2020-01-23,2.79,2.79,2.79,2.79,10000,27900.00
2020-02-04,3.45,3.45,3.45,3.45,1000,3450.00
2020-02-06,2.30,2.30,2.30,2.30,1000,2300.00
2020-02-07,3.50,3.50,3.50,3.50,9000,31500.00
2020-02-17,4.00,4.00,4.00,4.00,1000,4000.00
2020-02-18,4.50,4.50,4.50,4.50,2000,9000.00
2020-02-27,5.20,5.20,5.20,5.20,2000,10400.00
2020-03-11,4.05,4.05,4.05,4.05,5000,20250.00
2020-03-16,5.97,5.97,5.97,5.97,1000,5970.00
2020-04-01,7.00,7.00,7.00,7.00,200,1400.00
2020-04-16,7.00,7.00,7.00,7.00,100,700.00
2020-04-20,10.00,10.00,9.99,10.00,10000,99940.00
2020-04-21,10.00,10.00,10.00,10.00,400,4000.00
2020-04-23,12.80,12.80,12.80,12.80,100,1280.00
2020-04-27,15.00,15.00,15.00,15.00,100,1500.00
2020-05-20,20.00,20.00,20.00,20.00,100,2000.00
2020-05-22,10.00,14.20,10.00,10.04,400,4428.00
2020-05-27,7.00,7.01,7.00,7.01,500,3504.00
2020-05-28,8.05,8.05,8.05,8.05,5500,44275.00
2020-05-29,8.05,8.05,8.05,8.05,2500,20125.00
2020-06-03,8.07,8.07,8.07,8.07,400,3236.07
2020-06-04,8.19,8.19,8.19,8.19,2700,22113.00
2020-06-05,10.60,10.60,8.64,10.60,4600,48564.00
2020-06-08,10.20,10.20,10.20,10.20,3600,36720.00
2020-06-09,10.20,10.25,10.20,10.25,3500,35800.00
2020-06-10,10.25,10.25,10.25,10.25,180000,1350000.00
2020-06-11,10.20,10.20,9.85,10.20,130100,1002985.00
2020-06-12,9.90,10.08,9.90,9.90,15000,148878.00
2020-06-15,9.99,10.18,9.99,10.18,1400,14026.00
2020-06-16,10.18,10.18,10.00,10.00,2300,23234.00
2020-06-17,10.00,10.00,10.00,10.00,120000,1260000.00
2020-06-18,9.91,9.91,9.90,9.90,6900,68796.10
2020-06-19,10.18,10.18,10.18,10.18,500,6097.82
2020-06-22,10.18,10.21,10.18,10.21,178900,1874534.88
2020-06-23,10.49,10.50,10.49,10.50,134200,966220.00
2020-06-24,10.58,10.58,10.58,10.58,5000,52900.00
2020-06-29,12.00,12.00,11.00,11.40,15500,176800.00
2020-06-30,11.40,12.10,11.40,12.10,15400,178725.00
2020-07-01,12.10,13.50,12.10,12.50,41000,517069.00
2020-07-02,13.47,13.48,13.47,13.48,1100,14827.00
2020-07-03,13.80,13.80,12.53,13.48,7500,98723.00
2020-07-06,13.50,13.82,13.50,13.82,19800,272109.00
2020-07-07,14.00,14.20,14.00,14.20,4800,68510.20
2020-07-09,14.50,14.50,14.50,14.50,100,1450.00
2020-07-10,14.80,15.20,14.80,15.20,10100,152380.00
2020-07-13,15.50,15.50,15.30,15.30,4000,61985.00
2020-07-14,15.35,15.35,15.18,15.18,400,6123.00
2020-07-15,15.03,16.48,15.02,16.48,13200,200954.00
2020-07-16,18.50,18.50,18.50,18.50,100,1850.00
2020-07-17,20.00,20.00,20.00,20.00,100,2000.00
2020-07-20,21.75,21.75,19.80,19.80,1200,23955.00
2020-11-09,9.11,10.10,9.10,9.42,7958100,75457368.00
2020-11-10,9.36,9.48,8.85,9.03,2530100,23059674.00
2020-11-11,9.03,9.11,8.64,8.68,1215100,10635240.00
2020-11-12,8.66,8.86,8.66,8.72,684400,5998880.00
2020-11-13,8.73,8.79,8.63,8.73,621900,5413239.00
2020-11-16,8.74,8.76,8.61,8.62,620200,5368165.50
2020-11-17,8.62,8.63,8.50,8.62,546500,4678890.00
2020-11-18,8.67,8.69,8.50,8.54,411800,3529225.50
2020-11-19,8.45,8.98,8.42,8.80,759400,6680015.00
2020-11-20,8.78,9.06,8.78,9.04,512000,4596940.00
2020-11-23,9.02,9.13,8.90,8.95,484800,4354727.00
2020-11-24,8.85,8.90,8.66,8.85,460600,4037305.75
2020-11-25,8.75,8.95,8.75,8.93,398700,3549994.00
2020-11-26,8.95,9.30,8.90,9.27,754400,6881452.00
2020-11-27,9.23,9.60,9.16,9.60,1021900,9637106.00
2020-11-30,10.10,11.24,10.10,11.15,2027500,21934048.00
2020-12-01,11.15,14.40,11.15,14.40,2166100,28086168.00
2020-12-02,14.58,15.56,13.84,15.54,1972900,29051994.00
2020-12-03,15.20,15.40,13.95,14.50,1257800,18015442.00
2020-12-04,14.50,15.28,14.06,14.44,480600,7028895.00
2020-12-07,14.26,14.77,13.34,13.60,708800,9866839.00
2020-12-08,13.80,13.80,12.88,13.15,614000,8115225.50
2020-12-09,12.92,13.20,12.01,12.33,599600,7553477.50
2020-12-10,12.51,12.98,12.32,12.88,265700,3385558.25
2020-12-11,12.69,13.10,12.30,12.70,359300,4536582.50
2020-12-14,12.48,12.69,11.68,11.87,675000,8124158.00
2020-12-15,11.68,12.12,11.37,11.70,574700,6662486.50
2020-12-16,11.50,12.83,11.50,12.69,611400,7354826.50
2020-12-17,12.89,13.70,12.71,13.50,657200,8731758.00
2020-12-18,13.36,13.86,13.16,13.69,211800,2880773.50
2020-12-21,13.68,13.80,13.15,13.30,559700,7492779.00
2020-12-22,13.20,14.38,13.16,13.59,580800,7952098.50
2020-12-23,13.44,13.93,12.95,13.60,615200,8156739.50
2020-12-24,13.60,13.60,13.11,13.28,195700,2593376.00
2020-12-25,13.28,13.79,13.21,13.46,298200,4034579.00
2020-12-28,13.35,13.35,12.39,12.52,494600,6295411.50
2020-12-29,12.30,12.72,12.09,12.39,278200,3420909.50
2020-12-30,12.08,12.80,12.08,12.59,192200,2418575.25
2020-12-31,12.64,12.65,12.34,12.58,272600,3398856.25
2021-01-04,12.33,12.90,12.33,12.60,179400,2252514.25
2021-01-05,12.65,12.65,12.30,12.50,276800,3443663.25
2021-01-06,12.59,12.80,12.35,12.80,78800,989385.06
2021-01-07,12.78,12.83,12.45,12.70,60400,762200.44
2021-01-08,12.69,12.74,12.51,12.70,61100,771566.13
2021-01-11,12.64,12.78,12.30,12.68,119700,1492777.13
2021-01-12,12.72,12.72,12.10,12.59,81700,1009996.31
2021-01-13,12.36,12.90,12.25,12.55,215700,2674599.00
2021-01-14,12.36,12.55,11.80,12.38,189600,2327872.00
2021-01-15,12.19,12.58,12.04,12.28,152300,1850856.50
2021-01-18,12.05,12.42,12.00,12.42,179000,2172107.75
2021-01-19,12.22,12.49,12.22,12.29,63000,774097.94
2021-01-20,12.29,12.97,12.25,12.90,386500,4933157.50
2021-01-21,12.74,13.50,12.74,13.49,417000,5550442.50
2021-01-22,13.57,13.98,13.57,13.82,435700,6029920.50
2021-01-25,13.98,13.98,13.31,13.56,599000,8120348.00
2021-01-26,13.40,13.65,13.13,13.35,85400,1141410.25
2021-01-27,13.16,13.55,12.67,12.92,250300,3261947.50
2021-01-28,12.80,13.00,12.35,12.58,174300,2181572.00
2021-01-29,12.32,12.85,12.28,12.52,181500,2245603.25
2021-02-01,12.38,12.68,12.20,12.53,192300,2388223.25
2021-02-02,12.53,12.77,12.41,12.68,127700,1598520.88
2021-02-03,12.68,12.79,12.35,12.45,105600,1317543.13
2021-02-04,12.45,12.45,11.82,11.98,209200,2515021.75
2021-02-05,11.83,12.09,11.69,11.95,131400,1550360.75
2021-02-08,11.61,12.00,11.61,11.84,99800,1172105.50
2021-02-09,11.60,11.95,11.30,11.74,168900,1974153.38
2021-02-10,11.60,11.93,11.50,11.90,111700,1304193.50
2021-02-18,11.75,11.97,11.49,11.68,252300,2951330.25
2021-02-19,11.69,11.69,11.00,11.50,443900,4967241.50
2021-02-22,11.16,11.28,10.88,11.27,449500,4974204.50
2021-02-23,11.10,11.40,11.10,11.37,91300,1032297.94
2021-02-24,11.15,11.45,11.09,11.30,73100,819880.75
2021-02-25,11.03,12.30,10.95,11.86,203300,2318619.75
2021-02-26,12.20,13.18,11.90,12.65,1131400,14234819.00
2021-03-01,13.54,15.10,13.50,14.18,1389100,19686220.00
2021-03-02,14.18,14.88,13.50,14.34,729100,10248471.00
2021-03-03,14.01,16.30,13.50,15.85,1152600,17395678.00
2021-03-04,15.55,16.00,14.40,14.75,933000,14025537.00
2021-03-05,14.50,14.85,14.30,14.57,261600,3809425.75
2021-03-08,14.95,14.95,13.80,13.82,273500,3882945.50
2021-03-09,13.82,13.98,13.21,13.42,356400,4778859.50
2021-03-10,13.36,13.72,13.00,13.15,256600,3378536.75
2021-03-11,13.08,13.38,13.08,13.11,113200,1495313.13
2021-03-12,13.38,13.66,13.00,13.46,185300,2479748.25
2021-03-15,13.65,13.77,13.41,13.69,150500,2047975.63
2021-03-16,13.62,13.93,13.47,13.69,104200,1420429.25
2021-03-17,13.60,13.82,13.60,13.66,79600,1092705.13
2021-03-18,13.70,14.20,13.55,14.14,296000,4115591.75
2021-03-19,13.65,14.88,13.65,14.65,272800,3957086.25
2021-03-22,14.62,14.85,14.15,14.26,484000,6947850.00
2021-03-23,14.27,14.47,14.16,14.20,138100,1963970.88
2021-03-24,13.90,14.27,13.90,14.09,89000,1256039.13
2021-03-25,13.92,14.25,13.58,13.87,217600,3006040.00
2021-03-26,13.68,14.01,13.61,13.99,92700,1281414.25
2021-03-29,13.62,14.22,13.62,14.05,98100,1378328.75
2021-03-30,13.82,14.07,13.82,14.00,98700,1375274.75
2021-03-31,13.82,14.00,13.82,13.98,40800,568055.25
2021-04-01,14.00,14.00,13.63,13.88,52700,728796.00
2021-04-02,13.67,13.81,13.63,13.77,95400,1309166.75
2021-04-06,13.77,13.93,13.56,13.91,151300,2061616.63
2021-04-07,13.59,13.95,13.59,13.89,49200,678923.81
2021-04-08,13.70,14.45,13.70,14.29,141900,2017534.50
2021-04-09,14.28,14.74,14.04,14.74,131100,1908793.50
2021-04-12,14.80,15.12,14.66,15.03,142300,2121918.25
2021-04-13,14.92,15.20,14.42,14.46,139200,2044918.63
2021-04-14,14.45,14.45,14.16,14.23,138100,1969290.75
2021-04-15,14.05,14.63,14.05,14.26,129600,1861751.50
2021-04-16,14.44,14.50,14.19,14.38,63700,916373.69
2021-04-19,14.31,14.85,14.31,14.81,294300,4335863.50
2021-04-20,14.69,14.98,14.69,14.92,158800,2361179.75
2021-04-21,14.98,15.20,14.81,15.15,59400,889808.00
2021-04-22,14.96,15.46,14.95,15.34,115200,1765175.50
2021-04-23,15.21,15.45,15.21,15.44,54300,833223.81
2021-04-26,15.26,16.48,15.25,16.25,347900,5611635.00
2021-04-27,16.02,16.47,16.00,16.04,134900,2181353.50
2021-04-28,15.88,16.25,15.30,15.32,160000,2513200.25
2021-04-29,15.22,16.02,15.22,16.00,75700,1184091.88
2021-04-30,15.62,15.75,15.42,15.53,185100,2876416.25
2021-05-06,15.04,15.70,15.04,15.55,94800,1452939.13
2021-05-07,15.22,15.58,15.22,15.41,47000,723183.00
2021-05-10,14.91,15.28,14.88,15.14,145000,2176204.75
2021-05-11,14.81,15.07,11.00,14.25,204000,2927105.75
2021-05-12,14.00,14.24,14.00,14.10,55200,777503.31
2021-05-13,13.93,14.50,13.93,14.00,81200,1142205.13
2021-05-14,13.48,14.30,13.48,13.98,63300,887701.19
2021-05-17,13.98,14.00,13.67,13.94,151900,2101393.75
2021-05-18,13.78,14.30,13.78,14.21,56700,800062.00
2021-05-19,13.98,14.86,13.98,14.23,61400,874864.63
2021-05-20,9.20,9.49,9.20,9.26,73400,684925.50
2021-05-21,9.25,9.44,9.18,9.20,65500,605360.50
2021-05-24,9.40,9.40,7.52,8.79,166800,1487273.00
2021-05-25,8.79,8.95,8.68,8.80,55400,486742.88
2021-05-26,8.71,8.82,8.70,8.79,23400,204709.55
2021-05-27,8.80,9.10,8.73,8.98,167500,1475856.50
2021-05-28,8.99,8.99,8.61,8.90,63500,560901.06
2021-05-31,8.74,8.96,8.72,8.75,403900,2880210.75
2021-06-01,8.74,8.93,8.74,8.90,118900,1052781.50
2021-06-02,8.91,9.14,8.79,8.90,225600,1474890.38
2021-06-03,8.80,8.98,8.80,8.97,549600,4244762.00
2021-06-04,8.82,8.92,8.70,8.82,352200,3090620.75
2021-06-07,8.72,9.09,8.71,8.81,892800,7480627.00
2021-06-08,8.88,8.90,8.67,8.87,747000,5974161.00
2021-06-09,8.81,9.02,8.81,9.01,369700,3307706.00
2021-06-10,9.07,9.70,9.05,9.40,645100,6065980.00
2021-06-11,9.46,9.70,9.32,9.70,417200,3972979.75
2021-06-15,9.60,9.70,9.40,9.57,341100,3242175.50
2021-06-16,9.40,9.45,9.19,9.34,1395900,10124183.00
2021-06-17,9.25,9.45,9.23,9.39,705500,5420541.50
2021-06-18,9.58,9.58,9.28,9.43,143400,1345987.50
2021-06-21,9.27,9.47,9.26,9.43,134100,1253388.50
2021-06-22,9.35,9.37,9.25,9.34,130100,1210129.38
2021-06-23,9.26,9.39,9.25,9.36,72300,674269.81
2021-06-24,9.31,9.77,9.31,9.77,278900,2667691.25
2021-06-25,9.63,10.16,9.63,9.87,258900,2567191.50
2021-06-28,9.98,10.09,9.67,9.74,232800,2304766.50
2021-06-29,9.52,9.83,9.50,9.59,148500,1426974.50
2021-06-30,9.53,9.77,9.34,9.48,259600,2453536.75
2021-07-01,9.35,9.60,9.12,9.35,306400,2849097.25
2021-07-02,9.40,9.40,9.16,9.29,204900,1891364.50
2021-07-05,9.15,9.31,9.12,9.28,189900,1745730.00
2021-07-06,9.29,9.34,8.99,9.14,421000,3813033.50
2021-07-07,9.20,9.20,8.70,8.83,709200,6276812.00
2021-07-08,8.80,8.88,8.63,8.79,260800,2273781.25
2021-07-09,8.62,8.83,8.52,8.78,508500,4420799.50
2021-07-12,8.78,8.96,8.70,8.80,678100,5981133.50
2021-07-13,8.75,8.89,8.66,8.77,528100,4634833.50
2021-07-14,8.70,8.71,8.50,8.63,559400,4811505.50
2021-07-15,8.70,8.81,8.66,8.73,223100,1947399.63
2021-07-16,8.80,8.87,8.75,8.87,363500,3203554.50
2021-07-19,8.87,9.15,8.73,8.81,548100,4949633.50
2021-07-20,8.83,8.89,8.67,8.76,248600,2171736.75
2021-07-21,8.89,8.89,8.67,8.69,172900,1511087.88
2021-07-22,8.69,8.76,8.42,8.54,261500,2234022.75
2021-07-23,8.61,8.61,8.20,8.40,249900,2084581.63
2021-07-26,8.50,8.50,8.17,8.28,317200,2624869.25
2021-07-27,8.28,8.32,8.21,8.25,81200,673346.44
2021-07-28,8.20,8.20,7.61,7.95,301400,2409581.25
2021-07-29,8.02,8.05,7.70,7.98,82700,656918.56
2021-07-30,7.90,8.13,7.82,7.90,107400,847048.44
2021-08-02,8.10,8.10,7.68,7.95,47900,377180.84
2021-08-03,8.03,8.03,7.80,7.90,30500,239655.56
2021-08-04,7.98,7.98,7.85,7.95,53200,421056.59
2021-08-05,8.08,8.08,7.88,7.99,98300,783562.25
2021-08-06,8.08,8.09,7.89,8.00,75300,600040.13
2021-08-09,8.08,8.08,7.83,7.94,154900,1220438.50
2021-08-10,7.86,8.00,7.86,7.95,75300,597760.38
2021-08-11,7.93,8.03,7.92,8.03,80500,642236.44
2021-08-12,8.18,8.34,8.15,8.33,280300,2307423.00
2021-08-13,8.33,8.36,8.18,8.29,236300,1948120.00
2021-08-16,8.45,8.55,8.37,8.44,338300,2852654.25
2021-08-17,8.40,8.46,8.30,8.35,148700,1245577.88
2021-08-18,8.37,8.45,8.26,8.34,71100,592087.38
2021-08-19,8.34,8.78,8.34,8.71,338400,2920605.50
2021-08-20,8.89,8.89,8.71,8.79,331500,2913839.50
2021-08-23,8.80,9.19,8.79,8.90,647200,5814306.00
2021-08-24,8.90,8.98,8.81,8.92,261900,2332060.50
2021-08-25,8.88,8.92,8.70,8.79,388100,3415510.25
2021-08-26,8.78,8.78,8.22,8.31,377700,3176930.75
2021-08-27,8.29,8.42,8.05,8.34,425200,3514810.00
2021-08-30,8.10,8.66,8.00,8.15,376400,3091415.25
2021-08-31,8.13,8.31,8.13,8.27,466900,3833555.25
2021-09-01,8.30,8.88,8.30,8.88,632200,5519279.50
2021-09-02,8.98,9.48,8.90,9.37,918000,7825416.50
2021-09-03,10.90,10.93,9.61,9.90,2517600,25147820.00
2021-09-06,10.35,12.87,10.20,11.16,3153000,36476072.00
2021-09-07,11.50,11.70,10.23,11.03,2329900,25629890.00
2021-09-08,11.08,11.38,10.72,11.28,1162400,12810114.00
2021-09-09,11.41,12.58,11.25,12.52,1513000,18288956.00
2021-09-10,12.94,13.45,12.20,12.56,1524500,18416558.00
2021-09-13,12.30,12.80,11.90,12.21,1308300,15079192.00
2021-09-14,12.00,12.62,11.84,12.07,550400,6725355.00
2021-09-15,12.20,12.20,11.38,11.52,413300,4866909.00
2021-09-16,11.41,11.75,11.36,11.38,605000,5938705.00
2021-09-17,11.38,11.80,11.29,11.68,510800,5454080.00
2021-09-22,12.47,12.78,12.08,12.39,1495200,17790518.00
2021-09-23,12.24,12.55,12.09,12.20,668900,7794510.50
2021-09-24,12.20,12.46,12.20,12.21,236700,2913619.50
2021-09-27,12.27,12.45,11.00,11.47,504400,5841360.50
2021-09-28,11.65,11.65,11.43,11.56,255100,2488237.75
2021-09-29,11.22,11.58,11.10,11.30,363300,3690745.75
2021-09-30,11.45,12.16,11.31,12.10,552700,5898504.00
2021-10-08,12.33,12.35,11.70,11.78,200900,2387061.25
2021-10-11,11.63,11.90,11.63,11.79,89700,1055122.50
2021-10-12,11.61,11.88,11.36,11.37,94400,1090438.00
2021-10-13,11.52,11.78,11.52,11.71,128000,1492696.75
2021-10-14,11.59,11.89,11.50,11.69,91400,1063149.63
2021-10-15,11.58,11.73,11.55,11.70,415800,3808501.50
2021-10-18,11.85,12.05,11.66,12.00,328700,3349394.75
2021-10-19,12.01,12.23,11.89,11.97,117200,1418748.25
2021-10-20,12.00,12.01,11.42,11.71,199100,2330696.00
2021-10-21,11.20,11.20,10.02,10.30,1788400,18538498.00
2021-10-22,10.28,10.30,9.91,10.10,594400,5978206.00
2021-10-25,10.02,10.23,10.02,10.19,389900,3964008.25
2021-10-26,10.05,10.17,9.58,9.71,381900,3757925.75
2021-10-27,9.56,9.56,9.11,9.30,467300,4343417.00
2021-10-28,9.10,9.28,8.70,9.21,249500,2242214.00
2021-10-29,9.28,9.50,9.20,9.38,199000,1857727.25
2021-11-01,9.69,10.40,9.69,10.10,667300,6695539.50
2021-11-02,10.21,10.21,9.67,9.90,226800,2239212.75
2021-11-03,9.95,10.09,9.65,10.09,343200,3424063.50
2021-11-04,10.19,10.79,10.15,10.78,621200,6557479.00
2021-11-05,10.89,11.27,10.64,10.81,435800,4726868.50
2021-11-08,10.68,11.46,10.68,11.46,929100,10383630.00
2021-11-09,11.47,11.59,10.84,11.05,917300,10141365.00
2021-11-10,11.05,11.07,10.60,10.93,491700,5293657.50
2021-11-11,11.30,11.45,10.66,10.94,722600,7914428.50
2021-11-12,11.18,11.43,11.00,11.38,905800,10169598.00
2021-11-15,11.58,12.25,10.60,10.81,3645300,42377872.00
2021-11-16,10.86,11.16,9.81,9.98,1344300,13704827.00
2021-11-17,9.96,10.20,9.71,10.04,454300,4514037.00
2021-11-18,10.06,10.06,9.60,9.67,356300,3480836.50
2021-11-19,9.68,9.69,9.28,9.41,779000,7308505.00
2021-11-22,9.35,9.66,9.35,9.46,301700,2858707.00
2021-11-23,9.54,9.72,9.54,9.71,703600,6780874.00
2021-11-24,9.65,9.83,9.55,9.66,500900,4848473.00
2021-11-25,9.66,9.66,9.42,9.45,636800,6075258.00
2021-11-26,9.41,9.44,9.01,9.13,600900,5491696.00
2021-11-29,9.04,9.40,8.90,9.02,561600,5058193.50
2021-11-30,9.02,9.07,8.87,8.98,343500,3062906.00
2021-12-01,8.97,8.97,8.72,8.82,369600,3254751.50
2021-12-02,8.82,8.97,8.71,8.80,189300,1672732.38
2021-12-03,8.80,8.94,8.63,8.69,382900,3351906.00
2021-12-06,8.62,8.68,8.30,8.35,1376700,11130852.00
2021-12-07,8.46,8.48,8.13,8.20,756700,5505652.00
2021-12-08,8.20,8.28,8.20,8.24,143900,1188989.38
2021-12-09,8.20,8.30,8.15,8.18,525600,4311140.00
2021-12-10,8.13,8.23,8.08,8.10,382200,3100361.25
2021-12-13,8.10,8.22,8.05,8.22,444200,3627571.25
2021-12-14,8.25,8.62,8.22,8.52,814100,6856525.00
2021-12-15,8.52,8.52,8.35,8.39,335400,2825836.75
2021-12-16,8.35,8.43,8.35,8.41,141500,1186990.13
2021-12-17,8.41,8.41,8.31,8.31,178600,1488505.38
2021-12-20,8.17,8.65,8.17,8.44,470300,3997949.25
2021-12-21,8.56,9.11,8.45,8.85,1290300,11451400.00
2021-12-22,8.88,9.00,8.51,8.70,426500,3708293.75
2021-12-23,8.55,8.69,8.44,8.46,451500,3854635.25
2021-12-24,8.35,8.46,8.23,8.26,313200,2606906.25
2021-12-27,8.29,8.39,8.26,8.38,238100,1985844.00
2021-12-28,8.38,8.99,8.38,8.90,806000,7105717.00
2021-12-29,8.71,8.99,8.68,8.88,584400,5166732.50
2021-12-30,9.00,9.50,8.87,9.41,1135100,10544734.00
2021-12-31,9.60,9.89,9.54,9.57,1407800,13659781.00
2022-01-04,9.68,9.68,9.22,9.48,678900,6374793.50
2022-01-05,9.54,10.44,9.54,10.30,2088400,21104426.00
2022-01-06,10.17,10.17,9.30,9.32,1627800,15351429.00
2022-01-07,9.25,9.30,9.00,9.00,704200,6378852.50
2022-01-10,8.92,9.31,8.92,9.03,275184,2501424.25
2022-01-11,9.03,9.16,8.90,8.91,315737,2838306.50
2022-01-12,9.02,9.02,8.70,8.87,408011,3605033.75
2022-01-13,8.75,8.98,8.75,8.82,245718,2175998.75
2022-01-14,8.78,8.95,8.77,8.78,307677,2713345.75
2022-01-17,8.85,9.10,8.76,9.05,409401,3637146.25
2022-01-18,9.09,9.09,8.91,8.97,206021,1853729.13
2022-01-19,9.00,9.00,8.80,8.97,263441,2341075.50
2022-01-20,8.83,9.28,8.83,9.15,821768,7493752.50
2022-01-21,9.08,9.15,8.96,8.99,298022,2691221.00
2022-01-24,8.84,9.09,8.80,8.91,250687,2218517.25
2022-01-25,8.96,8.96,8.39,8.39,317084,2717812.00
2022-01-26,8.42,8.72,8.25,8.31,260929,2175615.25
2022-01-27,8.32,8.38,8.09,8.10,251897,2061765.13
2022-01-28,8.30,8.30,7.95,8.16,210446,1696544.13
2022-02-07,8.28,8.33,7.98,8.22,367282,2983567.25
2022-02-08,8.15,8.29,8.15,8.26,133570,1098901.38
2022-02-09,8.21,8.33,8.21,8.32,185419,1535946.38
2022-02-10,8.32,8.32,8.24,8.28,76549,633740.56
2022-02-11,8.27,8.27,7.98,8.05,185969,1500331.50
2022-02-14,7.93,8.03,7.93,7.96,47620,380647.75
2022-02-15,7.93,8.50,7.91,8.03,129638,1055778.50
2022-02-16,8.13,8.14,7.90,8.03,148292,1181120.00
2022-02-17,7.93,8.00,7.90,7.92,200573,1590028.38
2022-02-18,7.93,7.97,7.48,7.62,890579,6773940.00
2022-02-21,7.60,7.62,7.52,7.60,137580,1042525.31
2022-02-22,7.52,7.58,7.20,7.30,420450,3070717.25
2022-02-23,7.38,7.47,7.36,7.40,141181,1046809.00
2022-02-24,7.44,7.44,7.23,7.24,197561,1442963.38
2022-02-25,7.30,7.44,7.28,7.30,55327,405991.84
2022-02-28,7.26,7.26,7.11,7.22,133511,960781.81
2022-03-01,7.10,7.32,7.06,7.21,124605,902287.00
2022-03-02,7.21,7.39,7.10,7.33,148327,1081023.13
2022-03-03,7.31,7.36,7.23,7.28,51200,374119.09
2022-03-04,7.27,7.29,7.20,7.22,76807,556278.13
2022-03-07,7.10,7.42,7.07,7.11,181861,1299514.38
2022-03-08,7.18,7.18,7.02,7.04,243526,1722061.00
2022-03-09,7.02,7.17,6.50,6.90,208824,1419817.63
2022-03-10,6.98,7.09,6.97,7.03,61243,428129.88
2022-03-11,6.97,7.14,6.61,7.07,82845,566060.81
2022-03-14,7.07,7.07,6.74,6.86,120512,819826.81
2022-03-15,6.75,6.92,6.51,6.67,153261,1013177.81
2022-03-16,6.67,6.76,6.13,6.66,195395,1270042.00
2022-03-17,6.57,7.33,6.57,6.90,389584,2741563.25
2022-03-18,6.95,6.96,6.71,6.86,220189,1492713.75
2022-03-21,6.69,6.86,6.69,6.77,86972,591966.19
2022-03-22,6.69,6.88,6.58,6.73,120699,802096.25
2022-03-23,6.85,6.85,6.64,6.68,87759,587234.75
2022-03-24,6.64,6.70,6.54,6.65,28114,185685.44
2022-03-25,6.61,6.72,6.50,6.59,103604,681667.75
2022-03-28,6.55,6.68,6.40,6.60,94099,611416.38
2022-03-29,6.29,6.60,6.29,6.53,58476,381731.53
2022-03-30,6.53,6.53,6.40,6.52,62480,402608.59
2022-03-31,6.35,6.51,6.35,6.40,61091,390104.06
2022-04-01,6.52,6.54,6.34,6.52,67731,441111.31
2022-04-06,6.55,6.55,6.48,6.51,43342,281879.75
2022-04-07,6.53,6.62,6.40,6.51,58440,378082.22
2022-04-08,6.51,6.51,6.30,6.44,106520,677075.56
2022-04-11,6.23,6.34,6.09,6.21,194102,1198041.75
2022-04-12,6.26,6.26,6.12,6.24,30371,188689.25
2022-04-13,6.26,6.26,6.11,6.17,32611,200625.73
2022-04-14,6.18,6.18,6.10,6.18,127716,783697.63
2022-04-15,6.07,6.12,6.04,6.12,83332,505139.38
2022-04-18,6.06,6.14,6.02,6.10,39204,237713.52
2022-04-19,6.04,6.12,6.00,6.08,67033,405805.75
2022-04-20,6.13,6.13,6.01,6.02,69182,417618.03
2022-04-21,5.85,6.06,5.81,5.87,99248,583682.19
2022-04-22,5.66,5.80,5.64,5.73,79366,452384.91
2022-04-25,5.73,5.73,5.20,5.29,257565,1374452.00
2022-04-26,5.29,5.31,5.04,5.27,177536,928794.19
2022-04-27,5.25,5.54,5.04,5.45,74805,385711.91
2022-04-28,5.39,5.39,5.14,5.35,84328,440131.69
2022-04-29,5.20,5.46,5.20,5.46,163810,873067.44
2022-05-05,5.55,5.55,5.10,5.45,54286,295066.19
2022-05-06,5.38,5.52,5.34,5.48,76745,420369.84
2022-05-09,5.44,5.62,5.35,5.54,94243,510574.84
2022-05-10,5.36,5.53,5.20,5.52,117176,623889.31
2022-05-11,5.66,5.66,5.42,5.60,89639,495418.97
2022-05-12,5.55,5.57,5.47,5.52,24755,136751.48
2022-05-13,5.52,5.77,5.52,5.75,172395,984186.75
2022-05-16,5.76,5.96,5.76,5.83,140614,815824.50
2022-05-17,5.85,6.00,5.75,5.84,78401,459573.38
2022-05-18,6.01,6.01,5.70,5.81,72634,421296.19
2022-05-19,5.84,5.94,5.76,5.91,64454,377965.25
2022-05-20,5.92,6.06,5.81,6.05,173644,1037912.56
2022-05-23,6.05,6.17,5.98,6.10,106643,651063.25
2022-05-24,6.18,6.19,6.00,6.09,82018,498754.38
2022-05-25,5.85,6.17,5.85,6.11,103157,619495.38
2022-05-26,6.11,6.15,5.93,6.14,30059,183317.38
2022-05-27,6.16,6.18,6.08,6.15,43526,267312.78
2022-05-30,6.28,6.28,5.99,6.15,18888,115281.32
2022-05-31,6.10,6.17,6.00,6.15,95585,578741.50
2022-06-01,6.15,6.22,6.05,6.21,82885,509946.06
2022-06-02,6.27,6.27,6.11,6.22,34748,215044.91
2022-06-06,6.22,6.28,6.11,6.17,101362,628293.31
2022-06-07,6.17,6.23,6.11,6.18,65734,403276.63
2022-06-08,6.27,6.27,6.09,6.18,28492,176062.13
2022-06-09,6.17,6.20,6.07,6.15,31143,191292.75
2022-06-10,6.17,6.18,6.06,6.17,46924,288056.00
2022-06-13,6.17,6.18,6.11,6.16,28462,175104.39
2022-06-14,6.16,6.16,6.02,6.13,39365,239066.23
2022-06-15,6.06,6.18,6.01,6.15,191578,1165708.63
2022-06-16,6.20,6.20,6.13,6.20,90858,560825.00
2022-06-17,6.15,6.15,6.06,6.08,57194,347615.78
2022-06-20,6.06,6.10,5.80,6.01,127284,757283.13
2022-06-21,6.13,6.13,5.95,6.03,16105,96934.37
2022-06-22,6.07,6.07,5.80,5.98,73732,436760.41
2022-06-23,5.96,5.96,5.80,5.91,49693,293206.72
2022-06-24,6.02,6.02,5.79,5.91,65439,382985.66
2022-06-27,5.91,6.01,5.83,6.00,75656,449290.00
2022-06-28,6.14,6.15,5.96,6.14,78863,481224.28
2022-06-29,6.02,6.15,5.96,6.00,104433,628457.44
2022-06-30,6.11,6.11,5.90,6.02,145265,867278.31
2022-07-01,6.04,6.08,5.96,6.03,46918,282341.94
2022-07-04,6.08,6.08,5.89,6.00,22466,134517.20
2022-07-05,6.06,6.10,5.89,6.05,29674,179116.72
2022-07-06,6.06,6.06,5.97,6.03,27381,164795.86
2022-07-07,6.11,6.11,5.99,6.04,21089,127512.30
2022-07-08,6.10,6.10,5.92,6.08,27683,167517.31
2022-07-11,6.10,6.10,5.99,6.04,17603,105637.89
2022-07-12,6.08,6.09,5.97,6.01,62718,377984.94
2022-07-13,6.04,6.05,5.99,6.04,60108,361731.78
2022-07-14,5.99,6.00,5.93,5.98,61525,367968.84
2022-07-15,6.09,6.09,5.74,6.02,39836,238241.34
2022-07-18,6.10,6.10,5.98,6.02,69987,421510.38
2022-07-19,6.08,6.08,5.87,5.95,198810,1173409.25
2022-07-20,5.83,6.05,5.83,5.93,90842,542262.38
2022-07-21,5.86,6.04,5.86,6.00,70793,423055.50
2022-07-22,6.02,6.03,6.00,6.03,56300,338590.81
2022-07-25,6.09,6.09,5.95,6.02,11203,67127.11
2022-07-26,6.02,6.04,5.99,6.04,38000,228733.86
2022-07-27,6.04,6.06,5.96,6.01,47248,284850.63
2022-07-28,5.88,6.04,5.88,6.03,42446,254616.14
2022-07-29,5.94,6.06,5.90,6.04,40151,240480.72
2022-08-01,6.04,6.06,5.94,6.04,51306,309531.19
2022-08-02,6.05,6.05,5.88,5.98,85830,512525.13
2022-08-03,6.05,6.06,5.90,6.03,183137,1090533.25
2022-08-04,5.92,6.04,5.90,5.97,71797,427780.00
2022-08-05,5.89,6.03,5.89,5.96,90682,537291.69
2022-08-08,5.90,6.00,5.77,5.94,152527,892563.44
2022-08-09,5.89,5.94,5.83,5.89,90347,531295.06
2022-08-10,5.88,5.90,5.81,5.88,16756,97983.80
2022-08-11,5.83,5.98,5.83,5.94,150271,889861.63
2022-08-12,5.99,5.99,5.83,5.89,44589,262376.22
2022-08-15,5.90,5.91,5.83,5.89,36308,212668.88
2022-08-16,5.86,5.89,5.84,5.87,40639,237900.41
2022-08-17,5.89,5.90,5.83,5.89,63548,371803.69
2022-08-18,5.84,5.90,5.81,5.88,44276,258633.19
2022-08-19,5.83,5.88,5.80,5.80,35012,203836.30
2022-08-22,5.93,5.93,5.72,5.84,35936,208838.09
2022-08-23,5.83,5.84,5.77,5.83,22900,133038.08
2022-08-24,5.80,5.84,5.68,5.84,36127,207707.80
2022-08-25,5.85,5.85,5.56,5.68,107888,613224.31
2022-08-26,5.69,5.70,5.60,5.68,24435,137819.41
2022-08-29,5.74,5.74,5.51,5.67,34395,194035.58
2022-08-30,5.63,5.73,5.55,5.66,75241,428945.84
2022-08-31,5.64,5.64,5.50,5.54,106300,587774.44
2022-09-01,5.59,5.59,5.42,5.51,24918,136817.41
2022-09-02,5.51,5.59,5.51,5.58,23231,128287.02
2022-09-05,5.58,5.76,5.58,5.65,26800,150459.30
2022-09-06,5.65,5.65,5.58,5.60,21367,119541.70
2022-09-07,5.54,5.60,5.49,5.57,54390,300448.94
2022-09-08,5.57,5.80,5.57,5.65,140310,796601.75
2022-09-09,5.56,5.69,5.50,5.55,75010,416380.47
2022-09-13,5.70,5.70,5.48,5.53,67055,374430.66
2022-09-14,5.42,5.53,5.40,5.45,64499,350522.94
2022-09-15,5.55,5.57,5.35,5.44,71832,392826.38
2022-09-16,5.25,5.64,5.25,5.46,125809,689956.00
2022-09-19,5.40,5.60,5.40,5.49,256095,1393210.13
2022-09-20,5.38,5.98,5.38,5.78,340290,1959187.25
2022-09-21,5.79,6.18,5.61,6.00,701827,4192816.75
2022-09-22,5.95,6.14,5.81,5.83,335596,2008238.00
2022-09-23,5.71,5.86,5.43,5.50,294580,1653517.75
2022-09-26,5.50,5.51,5.33,5.40,95130,518243.41
2022-09-27,5.75,5.75,5.34,5.49,84982,465432.75
2022-09-28,5.33,5.57,5.31,5.43,126784,693902.69
2022-09-29,5.58,5.58,5.30,5.42,111597,599885.56
2022-09-30,5.48,5.48,5.27,5.37,68340,362705.34
2022-10-10,5.66,5.66,5.36,5.38,56055,308464.88
2022-10-11,5.28,5.50,5.28,5.50,41553,226881.38
2022-10-12,5.48,5.99,5.42,5.75,245563,1389601.50
2022-10-13,5.64,5.76,5.58,5.70,220041,1249018.13
2022-10-14,5.95,6.43,5.90,5.93,470476,2858498.75
2022-10-17,5.92,6.15,5.71,6.09,297686,1777924.38
2022-10-18,6.04,6.15,5.91,6.04,237126,1426395.50
2022-10-19,6.06,6.06,5.91,5.93,138844,826117.81
2022-10-20,5.88,5.93,5.85,5.89,77985,459803.47
2022-10-21,6.00,6.02,5.92,5.96,46193,275520.44
2022-10-24,5.98,5.98,5.84,5.85,37271,220096.09
2022-10-25,5.83,5.86,5.77,5.82,14300,83355.43
2022-10-26,5.96,5.96,5.82,5.89,65527,386367.22
2022-10-27,5.94,5.94,5.76,5.87,23255,135297.05
2022-10-28,6.01,6.01,5.68,5.80,48497,286198.41
2022-10-31,5.97,5.97,5.67,5.76,41847,239575.91
2022-11-01,5.76,5.84,5.76,5.83,43236,250159.20
2022-11-02,5.73,6.04,5.73,5.92,188182,1119876.63
2022-11-03,5.74,6.41,5.74,6.25,721257,4504694.50
2022-11-04,6.35,6.35,6.23,6.34,330164,2079162.75
2022-11-07,6.42,6.75,6.39,6.68,487768,3233998.75
2022-11-08,6.78,6.85,6.63,6.73,202006,1359085.50
2022-11-09,6.75,6.84,6.66,6.66,119849,811379.13
2022-11-10,6.68,6.77,6.57,6.77,253218,1698975.25
2022-11-11,6.85,7.48,6.75,7.36,1105429,7945274.50
2022-11-14,7.47,7.48,7.08,7.22,422581,3095949.25
2022-11-15,7.20,7.32,7.17,7.32,200313,1448001.25
2022-11-16,7.30,7.54,7.30,7.40,343034,2548855.25
2022-11-17,7.38,7.46,7.26,7.45,143133,1060553.63
2022-11-18,7.36,7.67,7.36,7.56,286336,2151479.50
2022-11-21,7.60,7.69,7.16,7.50,623797,4676695.00
2022-11-22,7.30,7.53,7.24,7.52,253577,1883504.25
2022-11-23,7.51,7.60,7.31,7.56,155668,1165563.13
2022-11-24,7.32,7.60,7.32,7.37,366913,2729799.50
2022-11-25,7.38,7.41,7.08,7.18,241027,1728438.63
2022-11-28,7.06,7.13,6.96,6.97,156635,1100656.00
2022-11-29,6.86,7.07,6.86,6.98,111390,775816.00
2022-11-30,6.90,7.03,6.90,6.91,29170,202435.98
2022-12-01,7.10,7.10,6.97,7.07,62456,440924.34
2022-12-02,7.10,7.10,6.97,6.97,39176,275174.97
2022-12-05,6.95,7.05,6.91,7.00,48908,339969.34
2022-12-06,7.00,7.00,6.90,6.99,28956,200656.91
2022-12-07,6.77,6.99,6.76,6.94,76042,519488.28
2022-12-08,6.91,6.95,6.80,6.91,65329,446163.19
2022-12-09,6.90,6.90,6.76,6.78,75328,511314.19
2022-12-12,6.70,6.80,6.65,6.75,64995,433543.16
2022-12-13,6.65,6.80,6.65,6.65,19132,127268.63
2022-12-14,6.82,6.83,6.70,6.70,10927,73781.30
2022-12-15,6.81,6.82,6.67,6.71,13982,94372.50
2022-12-16,6.83,6.83,6.63,6.77,7230,48690.15
2022-12-19,6.62,6.77,6.60,6.76,16838,112331.14
2022-12-20,6.58,6.76,6.56,6.75,16327,109090.74
2022-12-21,6.52,6.74,6.52,6.68,7149,47596.30
2022-12-22,6.55,6.60,6.50,6.50,15751,103321.16
2022-12-23,6.41,6.69,6.41,6.47,7500,48924.55
2022-12-26,6.45,6.74,6.26,6.63,11688,76015.23
2022-12-27,6.63,6.65,6.40,6.64,31733,208499.02
2022-12-28,6.62,6.62,6.37,6.56,5789,37744.93
2022-12-29,6.40,6.55,6.28,6.45,60300,383714.00
2022-12-30,6.40,6.59,6.25,6.53,35534,225953.00
2023-01-03,6.30,6.56,6.30,6.50,18020,115998.98
2023-01-04,6.61,6.61,6.33,6.46,42833,273453.97
2023-01-05,6.25,6.45,6.25,6.40,40700,258712.67
2023-01-06,6.27,6.35,6.27,6.35,14900,94308.38
2023-01-09,6.44,6.45,6.33,6.37,42397,272524.13
2023-01-10,6.32,6.45,6.31,6.42,6950,44047.00
2023-01-11,6.47,6.50,6.33,6.46,9550,61304.35
2023-01-12,6.48,6.48,6.36,6.44,10200,65163.09
2023-01-13,6.50,6.55,6.47,6.50,29798,193869.00
2023-01-16,6.79,6.80,6.53,6.58,45338,301318.91
2023-01-17,6.58,6.72,6.55,6.69,53278,351136.75
2023-01-18,6.85,6.85,6.64,6.78,26359,178088.41
2023-01-19,6.77,6.80,6.69,6.79,14399,97317.97
2023-01-20,6.79,6.85,6.65,6.83,19900,134819.56
2023-01-30,6.85,7.03,6.85,6.95,48200,332504.16
2023-01-31,6.94,7.30,6.92,7.25,192735,1364223.38
2023-02-01,7.25,7.28,7.06,7.19,79315,568161.75
2023-02-02,7.25,7.36,7.12,7.27,142395,1037604.06
2023-02-03,7.27,7.36,7.04,7.25,198708,1424449.00
2023-02-06,7.30,7.30,7.04,7.21,30761,220100.70
2023-02-07,7.13,7.26,7.07,7.15,8926,63561.26
2023-02-08,7.05,7.16,7.05,7.07,55941,395187.47
2023-02-09,7.01,7.13,7.01,7.08,48326,342811.78
2023-02-10,7.13,7.13,6.91,7.02,56396,395703.13
2023-02-13,6.95,7.37,6.92,7.20,189601,1349981.00
2023-02-14,7.14,7.24,6.92,7.11,79532,563525.13
2023-02-15,7.11,7.11,7.01,7.07,16932,119183.95
2023-02-16,7.07,7.18,7.00,7.03,46595,330804.44
2023-02-17,7.00,7.11,7.00,7.09,15015,105942.15
2023-02-20,7.08,7.20,7.04,7.19,83961,602225.75
2023-02-21,7.07,7.24,7.04,7.15,71117,512233.00
2023-02-22,7.25,7.25,7.11,7.20,152465,1099797.25
2023-02-23,7.13,7.21,7.00,7.05,104590,736512.63
2023-02-24,7.05,7.05,7.00,7.03,36910,259108.30
2023-02-27,6.98,7.17,6.96,6.96,44015,308808.13
2023-02-28,7.10,7.14,7.06,7.08,198155,1407600.00
2023-03-01,7.01,7.07,7.01,7.06,12293,86691.36
2023-03-02,7.03,7.10,7.03,7.10,84970,600921.38
2023-03-03,7.04,7.09,7.03,7.09,6500,45775.50
2023-03-06,7.03,7.18,7.02,7.10,69590,494428.75
2023-03-07,7.05,7.05,6.98,7.00,26689,186960.05
2023-03-08,7.00,7.05,6.95,7.02,11189,78009.97
2023-03-09,7.06,7.06,6.98,7.05,27401,192905.13
2023-03-10,7.05,7.05,6.80,6.97,37816,261523.31
2023-03-13,6.61,7.15,6.61,7.12,154642,1084116.38
2023-03-14,7.12,7.12,7.01,7.11,13419,94601.89
2023-03-15,7.15,7.15,7.02,7.10,35356,249915.36
2023-03-16,7.15,7.15,6.99,7.00,46213,327909.94
2023-03-17,6.93,7.01,6.92,7.01,31047,215262.17
2023-03-20,6.92,7.00,6.91,6.96,25867,179897.50
2023-03-21,7.05,7.05,6.92,7.03,5132,35862.34
2023-03-22,7.00,7.06,6.92,7.04,12890,89812.24
2023-03-23,6.91,6.95,6.91,6.92,13607,94205.58
2023-03-24,6.94,6.95,6.91,6.91,21206,146561.44
2023-03-27,6.91,7.00,6.89,6.97,37835,262268.78
2023-03-28,7.01,7.01,6.89,6.90,6850,47387.50
2023-03-29,7.32,7.32,6.71,6.80,44579,306863.56
2023-03-30,6.99,6.99,6.67,6.71,67081,451315.88
2023-03-31,6.71,6.78,6.68,6.68,27862,187479.09
2023-04-03,6.68,6.72,6.58,6.68,75211,499228.13
2023-04-04,6.60,6.68,6.59,6.68,12632,83778.20
2023-04-06,6.64,6.71,6.63,6.69,11502,76389.28
2023-04-07,6.77,6.78,6.63,6.69,32344,217553.97
2023-04-10,6.52,7.10,6.52,6.66,32130,216448.48
2023-04-11,6.59,6.62,6.59,6.62,12913,85404.93
2023-04-12,6.59,6.62,6.59,6.60,8752,57825.71
2023-04-13,6.53,6.74,6.25,6.41,263752,1669845.88
2023-04-14,6.28,6.39,6.28,6.39,32341,205109.48
2023-04-17,6.38,6.46,6.23,6.30,96055,607106.06
2023-04-18,6.15,6.32,6.05,6.13,141543,868151.63
2023-04-19,6.19,6.21,6.08,6.16,59563,363786.38
2023-04-20,6.19,6.36,6.15,6.18,31052,193916.05
2023-04-21,6.14,6.21,6.09,6.21,22600,138280.88
2023-04-24,6.50,6.50,6.25,6.47,215736,1386664.75
2023-04-25,6.50,6.64,6.48,6.64,248965,1633369.13
2023-04-26,6.55,6.72,6.55,6.72,37404,248353.19
2023-04-27,6.73,6.73,6.65,6.71,37472,250956.84
2023-04-28,6.66,6.77,6.62,6.66,41732,277935.53
2023-05-04,6.56,6.80,6.35,6.75,111193,747962.50
2023-05-05,6.63,6.93,6.63,6.84,154201,1048035.50
2023-05-08,6.87,7.23,6.87,7.23,391501,2784275.25
2023-05-09,7.24,7.29,7.09,7.13,302508,2177858.00
2023-05-10,7.13,7.13,6.96,6.96,62900,441064.41
2023-05-11,6.94,7.05,6.90,7.00,48956,338976.50
2023-05-12,6.94,7.03,6.92,7.00,41605,288667.63
2023-05-15,6.89,7.14,6.89,7.14,84786,600271.81
2023-05-16,7.20,7.28,7.09,7.17,46501,335209.41
2023-05-17,6.98,7.14,6.95,7.13,10560,74834.26
2023-05-18,7.03,7.04,6.94,7.04,32800,229343.00
2023-05-19,7.06,7.12,7.06,7.08,91416,647646.63
2023-05-22,7.11,7.11,7.04,7.04,24030,170346.56
2023-05-23,7.03,7.17,7.03,7.14,82572,588406.81
2023-05-24,7.17,7.20,7.10,7.15,59667,427092.31
2023-05-25,7.21,7.21,7.13,7.19,143188,1028352.81
2023-05-26,7.15,7.21,6.91,7.21,122733,869749.19
2023-05-29,7.21,7.22,7.15,7.22,57982,417934.72
2023-05-30,7.19,7.24,7.10,7.23,48750,351824.50
2023-05-31,7.16,7.25,7.15,7.25,21156,152345.56
2023-06-01,7.19,7.21,7.16,7.21,8200,58759.00
2023-06-02,7.16,7.24,7.16,7.22,34905,251986.97
2023-06-05,7.17,7.28,7.15,7.15,21243,152542.25
2023-06-06,7.22,7.29,7.14,7.15,68173,492658.28
2023-06-07,7.15,7.21,7.13,7.13,16331,116932.27
2023-06-08,7.11,7.20,7.07,7.11,61397,438466.16
2023-06-09,7.10,7.13,7.05,7.10,35736,253495.77
2023-06-12,7.10,7.10,6.97,7.03,36139,253582.05
2023-06-13,6.98,6.98,6.88,6.94,31698,219700.08
2023-06-14,6.93,7.00,6.93,6.93,26313,182676.17
2023-06-15,6.99,7.05,6.96,7.05,31428,220074.09
2023-06-16,7.10,7.11,6.99,7.11,34285,241323.59
2023-06-19,7.05,7.20,6.94,7.07,123252,869481.25
2023-06-20,7.03,7.09,6.97,7.02,20283,141982.41
2023-06-21,6.78,6.89,6.70,6.87,150129,1020807.44
2023-06-26,6.78,6.86,6.78,6.83,9191,62836.54
2023-06-27,6.76,6.88,6.70,6.85,28766,194507.06
2023-06-28,6.79,6.84,6.75,6.84,12517,85023.40
2023-06-29,6.89,7.02,6.86,6.98,81442,566466.13
2023-06-30,7.00,7.05,6.66,7.01,166500,1153155.75
2023-07-03,7.09,7.35,7.07,7.29,409466,2962773.75
2023-07-04,7.43,8.47,7.30,8.14,2372183,18955070.00
2023-07-05,8.34,8.35,7.53,8.01,2097242,16560704.00
2023-07-06,7.72,8.21,7.72,8.15,1209761,9728117.00
2023-07-07,8.08,8.24,7.90,8.22,599520,4832014.50
2023-07-10,8.17,8.30,7.69,7.71,627191,4901468.50
2023-07-11,7.65,7.96,7.65,7.90,457937,3597210.00
2023-07-12,7.98,7.99,7.83,7.88,279431,2202562.75
2023-07-13,7.78,8.00,7.67,8.00,327407,2570062.25
2023-07-14,8.10,8.38,8.09,8.31,623218,5167694.00
2023-07-17,8.38,8.38,8.16,8.30,189860,1563227.50
2023-07-18,8.34,8.35,8.17,8.24,200558,1654196.63
2023-07-19,8.17,8.20,7.92,7.98,137851,1106232.13
2023-07-20,7.94,8.02,7.92,7.99,61609,491301.06
2023-07-21,8.25,8.55,7.99,8.01,627009,5169980.00
2023-07-24,8.02,8.08,7.38,7.49,542897,4117490.50
2023-07-25,7.52,7.84,7.44,7.78,389910,2985965.50
2023-07-26,7.71,7.95,7.70,7.87,205083,1609637.25
2023-07-27,7.86,8.04,7.80,7.90,113188,895766.75
2023-07-28,7.90,7.96,7.71,7.91,102541,804492.81
2023-07-31,8.00,8.27,7.98,8.00,120519,974369.13
2023-08-01,7.95,7.97,7.70,7.85,131370,1024363.00
2023-08-02,7.81,7.84,7.55,7.64,211805,1615882.38
2023-08-03,7.61,7.63,7.40,7.63,251802,1889105.25
2023-08-04,7.57,7.72,7.50,7.62,134387,1018862.00
2023-08-07,7.46,7.56,7.46,7.53,95147,715866.69
2023-08-08,7.50,7.63,7.48,7.63,53012,400875.72
2023-08-09,7.62,7.62,7.44,7.51,50318,378333.34
2023-08-10,7.48,7.59,7.32,7.55,95069,712692.13
2023-08-11,7.52,7.52,7.35,7.52,31999,238286.25
2023-08-14,7.49,7.75,7.44,7.70,151633,1141590.75
2023-08-15,7.66,7.68,7.57,7.68,33303,254325.92
2023-08-16,7.62,7.65,7.40,7.65,20913,158844.20
2023-08-17,7.53,7.61,7.49,7.61,45776,345129.59
2023-08-18,7.64,7.67,7.37,7.54,169037,1256712.38
2023-08-21,7.57,7.59,7.50,7.59,24241,182987.78
2023-08-22,7.57,7.57,7.27,7.41,71315,527377.19
2023-08-23,7.33,7.40,7.13,7.28,64642,468808.06
2023-08-24,7.15,7.25,6.98,7.11,148479,1054775.88
2023-08-25,7.18,7.18,6.90,7.02,203575,1426030.38
2023-08-28,7.34,7.44,7.10,7.10,113081,818096.56
2023-08-29,7.17,7.30,7.15,7.23,39353,284552.78
2023-08-30,7.29,7.29,7.22,7.24,30050,217424.50
2023-08-31,7.15,7.42,7.15,7.40,134679,985433.31
2023-09-01,7.49,7.84,7.46,7.69,378547,2892283.00
2023-09-04,8.00,8.48,8.00,8.13,786845,6427279.50
2023-09-05,8.16,8.48,8.00,8.08,441805,3627491.50
2023-09-06,8.03,8.14,7.95,8.12,157312,1259724.50
2023-09-07,8.06,8.16,7.91,8.00,114732,922635.25
2023-09-08,7.90,7.96,7.72,7.82,229159,1789922.38
2023-09-11,7.86,7.93,7.80,7.82,150448,1183109.75
2023-09-12,7.94,8.10,7.90,7.97,162065,1295217.00
2023-09-13,7.93,7.99,7.76,7.84,151370,1185224.00
2023-09-14,7.92,7.92,7.78,7.87,52640,411963.59
2023-09-15,7.82,7.89,7.82,7.85,20514,161150.28
2023-09-18,7.80,7.89,7.78,7.88,27398,214068.78
2023-09-19,7.87,7.89,7.80,7.86,50478,395014.47
2023-09-20,7.96,8.00,7.80,7.86,24615,194235.13
2023-09-21,7.80,7.81,7.65,7.76,38155,294606.47
2023-09-22,7.71,7.85,7.67,7.81,34054,264993.47
2023-09-25,7.75,7.75,7.67,7.68,27906,215320.20
2023-09-26,7.67,7.76,7.60,7.60,27681,211257.06
2023-09-27,7.66,7.83,7.59,7.66,46124,354763.91
2023-09-28,7.70,7.85,7.67,7.75,16096,125055.60
2023-10-09,7.75,7.78,7.73,7.75,31006,240725.02
2023-10-10,7.81,7.81,7.72,7.79,3781,29348.61
2023-10-11,7.80,7.83,7.72,7.75,22753,176724.95
2023-10-12,7.70,7.74,7.66,7.69,46078,354465.34
2023-10-13,7.65,7.65,7.50,7.56,77429,585093.56
2023-10-16,7.48,7.48,7.26,7.35,135510,998295.69
2023-10-17,7.27,7.35,7.18,7.23,59907,433719.25
2023-10-18,7.14,7.14,6.93,7.08,83114,587968.44
2023-10-19,7.03,7.04,6.96,7.01,160282,1118515.38
2023-10-20,6.99,7.17,6.86,7.09,148461,1041145.81
2023-10-23,7.15,7.15,6.85,6.88,89290,618727.88
2023-10-24,6.80,6.91,6.80,6.90,93715,645146.56
2023-10-25,6.95,7.03,6.85,6.99,155810,1074721.50
2023-10-26,6.92,6.99,6.87,6.98,28659,198207.55
2023-10-27,7.03,7.15,6.99,7.09,160822,1135716.00
2023-10-30,7.11,7.26,7.07,7.21,112524,802172.38
2023-10-31,7.21,7.28,7.09,7.18,102475,739461.69
2023-11-01,7.12,7.12,6.85,7.02,307093,2135618.25
2023-11-02,7.00,7.02,6.88,6.98,80019,558849.63
2023-11-03,7.00,7.07,6.97,7.06,97424,683935.25
2023-11-06,7.03,7.06,6.90,7.06,318384,2228330.50
2023-11-07,7.06,7.18,7.05,7.15,38430,273007.72
2023-11-08,7.17,7.39,7.14,7.24,114384,834693.25
2023-11-09,7.30,7.33,7.24,7.31,53258,388015.84
2023-11-10,7.36,7.38,7.23,7.36,62684,456703.97
2023-11-13,7.31,7.40,7.27,7.40,31536,231996.44
2023-11-14,7.42,7.53,7.37,7.45,73269,544389.88
2023-11-15,7.56,7.59,7.48,7.59,175190,1323618.88
2023-11-16,7.43,7.61,7.43,7.56,117514,885339.25
2023-11-17,7.56,7.62,7.50,7.55,29518,222373.81
2023-11-20,7.55,7.84,7.54,7.76,317211,2454099.00
2023-11-21,7.71,8.50,7.71,8.09,1576357,12855444.00
2023-11-22,8.07,8.68,8.05,8.60,1825496,15359955.00
2023-11-23,8.94,9.18,8.31,8.48,2614339,22786384.00
2023-11-24,8.39,9.29,8.39,9.27,2234620,19999974.00
2023-11-27,9.62,10.82,9.59,10.63,4152494,42396756.00
2023-11-28,10.20,11.50,9.86,10.57,3511424,37961380.00
2023-11-29,11.30,12.54,10.08,10.58,5188921,59191776.00
2023-11-30,9.90,10.42,9.30,9.65,2939195,28947510.00
2023-12-01,9.80,10.12,9.00,9.05,1985909,18709950.00
2023-12-04,9.21,9.21,8.58,9.00,1446619,12966784.00
2023-12-05,9.05,10.03,8.87,9.97,2936590,28285462.00
2023-12-06,9.75,10.40,9.72,9.92,1953388,19554916.00
2023-12-07,9.79,10.28,9.68,10.18,1741460,17564096.00
2023-12-08,10.24,10.57,10.10,10.20,1708831,17558480.00
2023-12-11,10.23,10.26,9.66,9.78,1296284,12817524.00
2023-12-12,9.68,9.96,9.66,9.92,686107,6759796.50
2023-12-13,10.01,10.39,9.91,10.28,1356557,13791116.00
2023-12-14,10.29,10.88,10.15,10.60,2160746,22901744.00
2023-12-15,10.72,10.86,10.16,10.63,1254742,13173402.00
2023-12-18,10.63,11.20,10.60,11.15,1822095,19922586.00
2023-12-19,11.18,11.29,10.72,10.99,1290650,14129288.00
2023-12-20,10.97,11.54,10.85,11.34,1908661,21535728.00
2023-12-21,11.29,13.14,10.74,10.90,4300308,51555156.00
2023-12-22,10.01,11.29,10.01,10.68,2255604,23847214.00
2023-12-25,10.73,12.77,10.73,12.40,4706028,55428800.00
2023-12-26,12.70,13.18,11.92,12.80,6699139,84936144.00
2023-12-27,12.45,12.50,11.63,12.02,3119409,37644616.00
2023-12-28,11.90,12.42,11.56,12.36,2683681,32377154.00
2023-12-29,12.22,12.77,12.13,12.44,2894098,35935004.00
2024-01-02,12.88,13.49,12.44,13.20,5259773,68781848.00
2024-01-03,13.20,13.36,12.88,13.32,2139082,28043858.00
2024-01-04,13.60,15.00,13.60,14.15,3600979,50972276.00
2024-01-05,14.16,14.80,13.33,14.00,2693382,37639280.00
2024-01-08,13.70,14.00,13.03,13.26,2198101,29497856.00
2024-01-09,13.32,13.38,12.05,12.78,2285716,28813292.00
2024-01-10,12.64,13.86,12.27,13.39,2094799,27487194.00
2024-01-11,13.40,14.00,13.25,13.37,1691504,22877060.00
2024-01-12,13.59,13.59,12.05,12.12,2092576,26161092.00
2024-01-15,11.80,12.09,11.23,11.26,1357552,15771238.00
2024-01-16,11.39,12.05,10.55,11.87,1934165,21935850.00
2024-01-17,11.66,12.69,11.63,11.96,2360709,28939304.00
2024-01-18,12.12,12.48,11.56,12.32,1664880,20195604.00
2024-01-19,12.30,13.20,12.22,12.90,1733227,22199320.00
2024-01-22,12.90,13.57,12.56,13.48,2638427,34776508.00
2024-01-23,13.12,13.58,12.78,13.53,1857620,24554318.00
2024-01-24,13.42,13.60,13.02,13.31,1126946,14959010.00
2024-01-25,13.41,13.44,12.22,12.35,1944013,24755844.00
2024-01-26,12.33,12.45,11.81,11.92,922416,11156331.00
2024-01-29,11.93,11.93,11.20,11.20,1098742,12442298.00
2024-01-30,11.28,11.45,11.01,11.41,756597,8519915.00
2024-01-31,11.59,11.88,11.20,11.41,509143,5906233.00
2024-02-01,11.46,11.53,10.80,10.86,472662,5287031.50
2024-02-02,11.00,11.00,9.89,10.25,1193374,12259025.00
2024-02-05,10.10,10.72,9.55,10.20,929193,9414684.00
2024-02-06,10.05,11.20,10.03,11.12,1151945,12522929.00
2024-02-07,11.03,11.80,10.71,10.73,962952,10864377.00
2024-02-08,10.73,11.06,10.00,11.06,805725,8487002.00
2024-02-19,11.20,11.37,10.80,11.20,692612,7657496.50
2024-02-20,11.10,11.45,11.06,11.30,426737,4809657.50
2024-02-21,11.22,11.63,11.03,11.15,496743,5663384.50
2024-02-22,11.08,11.17,10.63,10.85,932453,10084733.00
2024-02-23,10.73,10.73,10.31,10.51,795322,8371535.00
2024-02-26,10.66,12.15,10.66,12.00,2002837,22831514.00
2024-02-27,12.12,12.94,11.90,12.47,2393606,29721384.00
2024-02-28,12.25,12.75,11.81,11.96,1530150,18736714.00
2024-02-29,11.77,12.35,11.61,12.16,781772,9402077.00
2024-03-01,12.28,12.29,11.83,12.00,778822,9314701.00
2024-03-04,11.83,13.49,11.83,12.97,2324735,29473742.00
2024-03-05,12.81,13.11,12.38,12.40,1162745,14756385.00
2024-03-06,12.50,12.58,12.23,12.38,628974,7780921.50
2024-03-07,12.53,12.58,12.03,12.10,464697,5715295.50
2024-03-08,12.15,12.30,11.60,11.86,399403,4754127.00
2024-03-11,11.86,12.17,11.82,12.00,546056,6540097.50
2024-03-12,12.02,12.56,11.91,12.36,857393,10639709.00
2024-03-13,12.32,12.46,11.90,11.92,453296,5460997.50
2024-03-14,11.98,11.98,11.30,11.49,509866,5907672.00
2024-03-15,11.45,12.19,11.28,11.98,934211,11007210.00
2024-03-18,12.15,12.15,11.71,11.94,440768,5251570.00
2024-03-19,11.95,12.04,11.74,11.76,305826,3619127.50
2024-03-20,11.67,11.85,11.63,11.70,196292,2298083.00
2024-03-21,11.54,11.68,11.27,11.30,411513,4686189.50
2024-03-22,11.42,11.44,11.11,11.17,133441,1495103.50
2024-03-25,11.29,11.62,10.82,11.16,316300,3543918.50
2024-03-26,11.00,11.06,10.77,10.89,267147,2909022.25
2024-03-27,10.81,11.55,10.81,10.88,234456,2592323.50
2024-03-28,10.93,11.28,10.77,11.24,306197,3398157.25
2024-03-29,11.23,11.24,11.11,11.11,61179,682866.56
2024-04-01,11.24,11.24,10.75,10.91,540056,5924416.00
2024-04-02,10.99,10.99,10.55,10.55,366810,3903326.00
2024-04-03,10.76,10.76,10.42,10.51,153944,1616550.75
2024-04-08,10.79,10.79,10.32,10.32,306101,3229402.25
2024-04-09,10.30,10.57,10.30,10.54,240013,2487508.50
2024-04-10,10.48,11.45,10.29,11.08,496517,5461944.00
2024-04-11,10.95,12.31,10.81,12.02,2563741,30462790.00
2024-04-12,11.89,11.98,11.31,11.35,1431498,16522441.00
2024-04-15,11.25,11.98,11.25,11.63,970280,11383128.00
2024-04-16,8.15,12.03,8.15,10.99,1047159,11263722.00
2024-04-17,11.00,11.92,10.97,11.90,897227,10406595.00
2024-04-18,12.46,12.46,11.41,11.49,573071,6749999.00
2024-04-19,11.34,11.73,11.10,11.60,427517,4864000.50
2024-04-22,11.60,11.60,11.38,11.47,357743,4103938.00
2024-04-23,11.45,11.59,11.20,11.39,223104,2531318.50
2024-04-24,11.36,11.61,11.20,11.34,278867,3149561.50
2024-04-25,11.21,11.34,11.14,11.15,280697,3157455.75
2024-04-26,11.25,11.39,11.12,11.20,291209,3282322.75
2024-04-29,11.20,11.48,11.15,11.43,541077,6137938.00
2024-04-30,11.40,11.46,11.15,11.46,343990,3914563.25
2024-05-06,11.55,11.59,11.32,11.55,190802,2186725.50
2024-05-07,11.49,12.09,11.43,12.00,545862,6452098.50
2024-05-08,11.90,11.90,11.52,11.66,358634,4185332.75
2024-05-09,11.63,11.79,11.30,11.53,372169,4259115.00
2024-05-10,11.53,11.53,11.17,11.22,245213,2759793.25
2024-05-13,11.28,11.28,10.91,10.93,231960,2557637.75
2024-05-14,11.08,11.08,10.82,10.86,127470,1384849.38
2024-05-15,10.80,10.82,10.67,10.73,221386,2380034.00
2024-05-16,10.60,11.14,10.60,10.83,118124,1285454.00
2024-05-17,10.70,11.11,10.70,11.05,176459,1941531.13
2024-05-20,11.00,11.11,10.90,10.91,123920,1366001.63
2024-05-21,10.92,10.92,10.62,10.73,159263,1704190.13
2024-05-22,10.70,11.03,10.69,10.86,171304,1852162.88
2024-05-23,10.99,11.48,10.76,11.28,481505,5445635.00
2024-05-24,11.14,11.37,10.98,11.12,275134,3061865.50
2024-05-27,10.98,11.03,10.58,10.79,177421,1908006.13
2024-05-28,10.80,10.99,10.69,10.84,103977,1127295.75
2024-05-29,10.78,10.94,10.70,10.72,44622,482826.28
2024-05-30,10.66,10.77,10.50,10.59,144508,1527455.38
2024-05-31,10.53,10.71,10.53,10.53,74738,789943.63
2024-06-03,10.50,10.68,10.06,10.19,368250,3798953.25
2024-06-04,10.19,10.42,10.08,10.19,97250,993822.31
2024-06-05,10.28,10.37,10.15,10.16,76345,778894.44
2024-06-06,10.12,10.20,9.84,9.88,145949,1466665.75
2024-06-07,10.21,10.21,9.91,10.07,84205,847604.81
2024-06-11,10.15,10.22,9.83,10.17,76816,779280.13
2024-06-12,10.18,10.22,10.08,10.20,41298,418652.53
2024-06-13,10.20,10.44,10.15,10.20,65705,670548.25
2024-06-14,10.30,10.42,10.19,10.33,59174,609733.81
2024-06-17,10.34,10.44,10.14,10.40,118912,1226661.00
2024-06-18,10.33,10.54,10.33,10.39,80448,839119.56
2024-06-19,10.12,10.43,10.06,10.29,224451,2306941.75
2024-06-20,10.32,10.55,10.06,10.18,107144,1098962.25
2024-06-21,10.24,10.44,10.18,10.23,63365,651102.25
2024-06-24,10.10,10.21,9.84,9.85,109036,1086264.50
2024-06-25,9.83,10.06,9.68,9.97,87211,861613.50
2024-06-26,9.92,10.05,9.66,10.00,155029,1542152.00
2024-06-27,9.97,9.97,9.80,9.80,75301,743714.81
2024-06-28,9.69,9.94,9.62,9.82,60730,596953.50
2024-07-01,9.80,10.30,9.61,9.79,68385,666914.56
2024-07-02,9.75,9.79,9.57,9.68,46434,450567.41
2024-07-03,9.61,9.63,9.42,9.42,89900,852457.56
2024-07-04,9.48,9.70,9.36,9.48,171136,1637783.00
2024-07-05,9.47,9.57,9.26,9.31,139178,1302189.75
2024-07-08,9.34,9.34,8.80,8.93,213335,1920493.63
2024-07-09,8.80,8.99,8.51,8.84,246660,2149124.00
2024-07-10,8.75,8.98,8.62,8.69,156161,1368570.38
2024-07-11,8.77,8.95,8.60,8.94,192145,1694981.75
2024-07-12,9.00,9.02,8.69,8.93,79449,707049.75
2024-07-15,8.82,8.82,8.59,8.79,61957,541670.44
2024-07-16,8.71,9.80,8.61,9.42,576487,5282176.00
2024-07-17,9.20,10.33,9.20,10.22,778754,7793882.00
2024-07-18,10.49,10.51,9.70,9.87,698612,7013257.00
2024-07-19,9.78,9.98,9.47,9.53,391294,3788310.75
2024-07-22,9.47,9.47,9.15,9.29,270994,2506469.75
2024-07-23,9.26,9.42,9.03,9.07,367458,3360552.75
2024-07-24,9.00,9.14,8.71,8.78,390321,3440561.00
2024-07-25,8.78,9.52,8.67,9.29,577425,5312937.00
2024-07-26,9.31,9.96,9.10,9.72,698893,6701725.50
2024-07-29,9.59,10.23,9.47,9.99,607648,5988092.50
2024-07-30,9.89,9.98,9.41,9.73,376759,3664487.50
2024-07-31,9.67,9.90,9.59,9.72,198666,1930436.63
2024-08-01,9.80,10.14,9.72,10.01,436144,4355351.00
2024-08-02,9.91,10.07,9.58,9.64,188624,1836380.88
2024-08-05,9.58,9.75,9.42,9.50,217173,2070963.13
2024-08-06,9.57,9.69,9.50,9.54,32491,310811.88
2024-08-07,9.62,9.62,9.50,9.55,26376,251599.84
2024-08-08,9.47,9.59,9.46,9.52,55850,531059.31
2024-08-09,9.59,9.59,9.41,9.46,82729,781767.75
2024-08-12,9.51,9.51,9.25,9.31,82679,773690.00
2024-08-13,9.24,9.36,9.08,9.34,151735,1396995.75
2024-08-14,9.31,9.43,9.22,9.31,40592,377396.56
2024-08-15,9.23,9.43,9.23,9.41,52297,489431.38
2024-08-16,9.47,9.50,9.32,9.35,52988,496087.34
2024-08-19,9.43,9.45,9.32,9.38,70684,661389.13
2024-08-20,9.42,9.68,9.31,9.50,149083,1417985.00
2024-08-21,9.75,10.47,9.75,9.91,745878,7561048.50
2024-08-22,9.82,9.85,9.52,9.53,592305,5708843.50
2024-08-23,9.50,9.54,9.30,9.47,166581,1567967.13
2024-08-26,9.55,9.70,9.47,9.67,201515,1935944.50
2024-08-27,9.60,9.98,9.60,9.79,163423,1598176.25
2024-08-28,9.82,9.92,9.60,9.82,193169,1889425.25
2024-08-29,9.83,9.88,9.67,9.87,122269,1199282.63
2024-08-30,9.78,9.99,9.71,9.88,803378,7893067.50
2024-09-02,9.88,9.92,9.68,9.69,354280,3456794.00
2024-09-03,9.69,9.76,9.44,9.47,354665,3375596.00
2024-09-04,9.38,9.65,9.22,9.36,399763,3763655.75
2024-09-05,9.36,9.49,9.35,9.39,84904,797571.81
2024-09-06,9.33,9.38,9.23,9.35,146836,1365356.38
2024-09-09,9.27,9.35,9.26,9.35,39281,365909.63
2024-09-10,9.29,9.38,9.27,9.38,49862,464481.25
2024-09-11,9.29,9.39,9.29,9.32,57689,538880.44
2024-09-12,9.31,9.32,9.19,9.23,115860,1071125.63
2024-09-13,9.16,9.42,8.97,9.21,195954,1796421.63
2024-09-18,9.15,9.38,8.91,9.22,197621,1810218.75
2024-09-19,9.31,9.43,9.18,9.39,217670,2031215.25
2024-09-20,9.41,9.58,9.28,9.35,48870,458421.13
2024-09-23,9.27,9.37,9.18,9.26,296488,2741611.00
2024-09-24,9.30,9.68,9.25,9.66,203118,1937866.25
2024-09-25,9.72,9.94,9.63,9.71,168973,1649209.00
2024-09-26,9.68,9.95,9.62,9.91,178322,1750682.75
2024-09-27,10.01,10.96,10.01,10.69,727816,7671062.00
2024-09-30,10.99,12.66,10.99,12.28,2814383,33813848.00
2024-10-08,14.98,15.49,12.77,14.55,4646888,64640680.00
2024-10-09,13.57,13.57,12.00,12.10,2804343,35801972.00
2024-10-10,12.20,12.57,11.58,11.84,1565469,18955086.00
2024-10-11,11.74,11.75,10.83,10.92,1069358,12005893.00
2024-10-14,11.05,11.70,10.73,11.68,1080476,12295514.00
2024-10-15,11.62,12.13,11.47,11.85,1057478,12582757.00
2024-10-16,11.51,13.04,11.51,12.55,1902645,23571594.00
2024-10-17,12.43,13.40,12.33,12.66,2528306,32607898.00
2024-10-18,12.66,13.40,12.51,13.09,3329986,43604548.00
2024-10-21,13.85,14.36,13.40,14.20,3854592,53923804.00
2024-10-22,14.20,14.74,13.21,13.40,3639911,50969492.00
2024-10-23,13.14,14.64,13.05,14.20,2920973,40732552.00
2024-10-24,14.21,16.50,14.10,15.18,4947610,75144368.00
2024-10-25,15.44,16.76,14.62,14.98,5817669,91116792.00
2024-10-28,15.03,15.72,14.30,15.71,3352335,50147620.00
2024-10-29,15.71,17.20,15.71,16.51,4902619,80543544.00
2024-10-30,16.44,17.11,15.80,16.37,3401102,56146836.00
2024-10-31,16.45,16.77,15.10,15.25,3365198,52849296.00
2024-11-01,15.31,15.53,14.12,14.12,2377584,34950480.00
2024-11-04,14.23,15.35,14.23,15.17,2069415,30996050.00
2024-11-05,15.18,16.47,15.18,16.40,3191718,51127472.00
2024-11-06,16.40,17.99,16.40,17.61,5074383,87999592.00
2024-11-07,18.22,19.09,17.40,17.90,4873159,89257824.00
2024-11-08,18.49,18.76,17.26,17.36,2531649,44905816.00
2024-11-11,17.37,17.69,16.33,17.69,1840309,31343776.00
2024-11-12,17.89,18.50,16.68,17.25,1889599,33428882.00
2024-11-13,17.40,18.25,16.50,17.93,2405655,41785200.00
2024-11-14,17.89,18.25,17.56,17.90,1879898,33759352.00
2024-11-15,17.66,19.65,16.60,18.65,3630111,66129880.00
2024-11-18,18.60,22.26,18.41,19.88,5318914,106206264.00
2024-11-19,19.05,19.81,16.82,18.26,3863057,70482024.00
2024-11-20,18.01,20.87,17.53,20.05,3683625,71294472.00
2024-11-21,19.80,22.00,19.60,21.76,5092246,106047072.00
2024-11-22,21.60,23.48,20.74,20.93,5648985,124496776.00
2024-11-25,20.93,21.68,19.86,20.35,3013484,61476192.00
2024-11-26,20.58,22.03,19.80,20.40,3189158,65931324.00
2024-11-27,20.10,20.98,19.07,20.98,2369723,46986856.00
2024-11-28,21.31,21.57,20.00,20.05,3691162,77281000.00
2024-11-29,19.85,20.58,19.12,20.39,2784130,55621908.00
2024-12-02,20.47,22.98,20.40,22.40,4614277,100779256.00
2024-12-03,22.40,22.40,22.40,22.40,0,0.00
#数据来源:通达信
