831641 格利尔 日线 不复权
      日期	    开盘	    最高	    最低	    收盘	    成交量	    成交额
2015-07-06,0.01,0.01,0.01,0.01,1010000,10100.00
2015-09-02,1.00,1.00,1.00,1.00,1600000,1600000.00
2015-09-09,1.00,1.00,1.00,1.00,650000,650000.00
2015-09-11,1.00,1.00,1.00,1.00,1600000,1600000.00
2015-09-23,1.00,1.00,1.00,1.00,1200000,1200000.00
2015-12-31,1.36,1.36,1.36,1.36,3800000,5168000.00
2016-06-07,1.01,1.01,1.01,1.01,3258000,3290580.00
2016-07-08,1.01,1.01,1.01,1.01,8425000,8509250.00
2016-07-14,1.01,1.01,1.01,1.01,2225000,2247250.00
2016-07-26,1.01,1.01,1.01,1.01,2757000,2784570.00
2016-09-14,1.00,1.00,1.00,1.00,1000000,1000000.00
2016-09-27,1.00,1.00,1.00,1.00,3000000,3000000.00
2016-09-30,1.00,1.00,1.00,1.00,2000000,2000000.00
2016-10-12,1.00,1.00,1.00,1.00,3000000,3000000.00
2016-10-17,1.00,1.00,1.00,1.00,3000000,3000000.00
2016-10-20,1.00,1.00,1.00,1.00,2900000,2900000.00
2016-10-26,1.00,1.00,1.00,1.00,2000000,2000000.00
2016-10-31,1.00,1.00,1.00,1.00,1600000,1600000.00
2016-11-07,1.00,1.00,1.00,1.00,15000,15000.00
2017-06-27,1.00,1.00,1.00,1.00,1190000,1190000.00
2017-06-30,1.00,1.00,1.00,1.00,2790000,2790000.00
2017-07-05,1.00,1.00,1.00,1.00,2800000,2800000.00
2017-07-11,1.00,1.00,1.00,1.00,2480000,2480000.00
2017-07-12,1.60,1.60,1.60,1.60,10000,16000.00
2017-08-22,1.60,1.60,1.60,1.60,250000,400000.00
2017-08-23,1.60,1.60,1.60,1.60,330000,528000.00
2017-08-24,1.60,1.60,1.60,1.60,370000,592000.00
2017-08-25,1.60,1.60,1.60,1.60,270000,432000.00
2017-08-28,1.60,1.60,1.60,1.60,340000,544000.00
2017-08-29,1.60,1.60,1.60,1.60,330000,528000.00
2017-08-30,1.60,1.60,1.60,1.60,340000,544000.00
2017-08-31,1.60,1.60,1.60,1.60,110000,176000.00
2017-09-08,1.60,1.60,1.60,1.60,840000,1344000.00
2017-09-11,1.60,1.60,1.60,1.60,830000,1328000.00
2017-09-14,1.60,1.60,1.60,1.60,720000,1152000.00
2019-03-12,3.21,3.21,3.21,3.21,10000,32100.00
2019-03-13,3.21,3.21,3.21,3.21,218000,697610.00
2019-03-15,3.26,3.26,3.26,3.26,5000,16300.00
2019-03-18,3.31,3.31,3.31,3.31,10000,33100.00
2019-03-21,3.31,3.31,3.31,3.31,40000,132400.00
2019-03-25,3.31,3.31,3.31,3.31,14000,46340.00
2019-07-18,4.50,4.50,4.50,4.50,3000,13500.00
2019-11-08,4.32,4.32,4.32,4.32,5000,21600.00
2020-03-26,6.82,6.82,6.82,6.82,3000,20460.00
2020-03-27,6.81,6.81,6.81,6.81,2000,13620.00
2020-03-30,6.81,6.86,6.81,6.86,3100,21261.00
2020-04-01,6.80,6.80,6.80,6.80,700,4760.00
2020-04-02,6.82,6.82,6.80,6.80,800,5444.00
2020-04-03,6.80,6.81,6.80,6.81,500,3403.00
2020-04-07,6.81,6.81,6.80,6.81,1500,10211.00
2020-04-08,6.82,6.82,6.81,6.81,1500,10217.00
2020-04-09,6.82,6.88,6.81,6.81,600,4108.00
2020-04-10,6.80,6.80,6.80,6.80,100,680.00
2020-04-13,6.86,6.86,6.86,6.86,200,1372.00
2020-04-14,6.86,6.86,6.81,6.81,8000,54730.00
2020-04-15,6.82,6.82,6.81,6.81,2000,13630.00
2020-04-16,6.98,6.98,6.98,6.98,200,1396.00
2020-04-23,6.98,6.98,6.98,6.98,100,698.00
2020-04-29,7.68,7.68,7.68,7.68,100,768.00
2020-04-30,6.71,6.71,6.71,6.71,100,671.00
2020-05-07,6.76,6.76,6.76,6.76,9000,60840.00
2020-05-15,6.70,6.70,6.70,6.70,1000,6700.00
2020-05-26,6.70,6.70,6.70,6.70,100,670.00
2020-05-28,6.20,6.20,6.20,6.20,2000,12400.00
2020-06-03,6.53,6.53,6.51,6.51,900,5862.98
2020-06-10,6.98,6.98,6.98,6.98,200,1437.88
2020-06-15,6.98,7.18,6.98,7.18,900,6372.00
2020-06-17,7.28,7.29,7.28,7.29,2000,14570.00
2020-07-01,7.29,7.29,7.29,7.29,3000000,20400000.00
2020-07-08,7.29,7.29,7.29,7.29,100,729.00
2020-07-15,7.29,7.29,7.29,7.29,258000,1754400.00
2020-09-23,7.00,7.00,7.00,7.00,200,1400.00
2020-10-14,6.81,6.81,6.81,6.81,100,681.00
2020-10-15,6.85,6.85,6.85,6.85,100,685.00
2021-01-18,6.85,6.85,6.85,6.85,258000,1767300.00
2021-02-10,3.51,3.52,3.51,3.52,400,1385.88
2021-02-22,4.60,4.60,4.60,4.60,200,892.40
2021-03-02,5.00,5.00,5.00,5.00,100,500.00
2021-03-17,5.20,5.50,5.20,5.50,4600,24788.80
2021-03-19,5.20,5.20,5.20,5.20,2000,10400.00
2021-03-22,5.20,5.20,5.20,5.20,1000,5200.00
2021-03-23,5.20,5.20,5.20,5.20,100,520.00
2021-03-24,5.00,5.00,5.00,5.00,7000,35000.00
2021-04-26,5.00,5.00,5.00,5.00,3000,14995.00
2021-04-29,5.00,5.00,5.00,5.00,100,500.00
2021-05-11,5.00,5.00,5.00,5.00,11300,56435.00
2021-06-08,5.00,5.00,5.00,5.00,800000,4000000.00
2021-06-22,5.00,5.00,5.00,5.00,5000,25000.00
2021-06-25,4.80,5.00,4.80,5.00,6900,33280.00
2021-07-09,4.90,4.90,4.90,4.90,400000,2000000.00
2021-07-14,4.85,4.85,4.85,4.85,5000,24250.00
2021-07-15,7.00,7.00,7.00,7.00,100,700.00
2021-07-19,4.85,4.85,4.85,4.85,5000,24250.00
2021-08-02,5.00,5.00,5.00,5.00,8000,40000.00
2021-09-03,5.00,5.00,5.00,5.00,1000,5000.00
2021-09-06,7.50,7.50,7.50,7.50,1000,7500.00
2021-09-07,5.00,5.00,5.00,5.00,300,1500.00
2021-09-10,5.03,5.03,5.01,5.01,4000,20080.00
2021-09-13,7.50,7.50,5.10,5.10,2600,13800.00
2021-09-15,5.10,5.10,5.10,5.10,400,2040.00
2021-09-16,5.10,5.10,5.10,5.10,100,510.00
2021-09-22,5.10,5.10,5.01,5.10,28000,142794.30
2021-09-23,5.10,5.10,5.10,5.10,8800,44880.00
2021-09-24,5.11,5.18,5.11,5.18,1001500,5135318.00
2021-09-27,5.20,5.55,5.20,5.55,206100,1100492.25
2021-09-28,5.55,5.55,5.32,5.55,13100,71373.00
2021-09-29,5.40,5.58,5.40,5.58,25700,141572.41
2021-09-30,5.65,5.82,5.62,5.82,38300,217935.00
2021-10-08,5.98,6.01,5.86,5.88,19100,112634.56
2021-10-11,5.71,5.71,5.71,5.71,1200,6852.00
2021-10-12,5.53,5.53,5.53,5.53,2200,12154.94
2021-10-13,5.61,5.61,5.53,5.53,35300,196795.03
2021-10-18,5.70,5.70,5.53,5.53,10900,60359.89
2021-10-19,5.00,5.00,5.00,5.00,500,2500.00
2021-10-20,5.83,5.83,5.66,5.66,3100,17743.00
2021-10-22,5.67,5.67,5.67,5.67,1000,5670.00
2021-10-27,5.30,5.30,5.30,5.30,1700,8851.00
2021-11-01,5.31,5.50,5.30,5.30,500,2551.21
2021-11-03,5.25,5.25,5.25,5.25,100,525.00
2021-11-08,5.88,5.88,5.88,5.88,20000,117600.00
2021-11-09,5.88,5.88,5.50,5.51,25700,141829.50
2021-11-11,5.46,5.51,5.46,5.51,3000,16623.02
2021-11-12,5.68,5.96,5.68,5.96,15500,88144.72
2021-11-15,4.29,5.95,4.29,5.94,900,5482.70
2021-11-16,5.97,5.98,5.97,5.98,1400,8660.02
2021-11-18,5.97,5.97,5.87,5.91,16100,94670.75
2021-11-19,6.39,6.39,6.39,6.39,100,639.00
2021-11-23,6.35,6.35,6.33,6.33,6900,43685.00
2021-11-25,6.50,6.50,6.50,6.50,100,650.00
2021-11-26,6.16,7.47,6.16,7.47,10900,67134.38
2021-11-29,7.50,7.50,7.29,7.29,1900,14208.00
2021-11-30,7.31,7.31,7.31,7.31,100,731.00
2021-12-01,6.71,6.75,6.69,6.69,4600,30955.80
2021-12-02,6.70,6.70,6.70,6.70,100,670.00
2021-12-03,5.50,6.70,5.50,6.70,200,1220.00
2021-12-06,5.81,6.43,5.80,6.43,8900,52104.00
2021-12-08,6.43,6.43,6.40,6.40,800,5295.32
2021-12-16,4.71,6.40,4.71,6.40,200,1111.00
2021-12-17,5.88,5.88,5.88,5.88,100,588.00
2021-12-28,6.15,6.15,6.15,6.15,3000,18450.00
2021-12-29,5.98,5.98,5.98,5.98,1000,5980.00
2021-12-30,5.96,5.96,5.96,5.96,1200,7032.80
2021-12-31,5.95,5.95,5.95,5.95,2000,11900.00
2022-01-04,7.00,7.00,7.00,7.00,100,700.00
2022-01-06,5.50,6.29,5.50,6.29,400,2437.00
2022-01-12,4.42,6.18,4.42,6.18,1200,5480.00
2022-01-13,5.99,5.99,5.45,5.45,12500,69179.00
2022-01-17,5.11,5.39,5.11,5.39,17500,91525.00
2022-01-18,5.39,5.39,5.39,5.39,1000,5390.00
2022-01-20,5.49,5.49,5.36,5.38,2900,15792.62
2022-01-21,5.40,5.46,5.38,5.46,9500,51640.74
2022-01-24,5.97,5.97,5.97,5.97,200,1194.00
2022-01-25,5.90,5.97,5.90,5.97,5900,35090.00
2022-01-26,5.97,5.97,5.97,5.97,5100,30447.00
2022-01-27,6.06,6.06,6.06,6.06,100,606.00
2022-02-11,6.06,6.10,6.06,6.10,15800,96071.60
2022-02-15,6.10,6.10,6.00,6.10,2600,15840.00
2022-02-16,6.10,6.10,5.98,5.98,28000,168448.00
2022-02-17,6.05,6.05,6.05,6.05,8600,52030.00
2022-02-18,5.78,5.78,5.78,5.78,9000,52303.22
2022-02-21,5.40,6.08,5.40,6.05,10400,62169.00
2022-02-22,6.05,6.05,4.50,5.55,2400,14211.50
2022-02-23,6.00,6.02,6.00,6.02,6500,39015.82
2022-02-24,6.50,6.50,6.50,6.50,6500,42250.00
2022-02-25,6.49,6.49,6.49,6.49,22800,147984.98
2022-02-28,7.05,7.05,7.05,7.05,200,1410.00
2022-03-01,5.80,5.90,5.80,5.86,7300,42811.90
2022-03-02,5.80,5.80,5.80,5.80,50000,290000.00
2022-03-07,5.81,5.81,5.81,5.81,15000,87150.00
2022-03-08,5.81,5.81,5.81,5.81,100,581.00
2022-03-11,5.63,5.83,5.63,5.83,200,1146.00
2022-03-15,5.83,5.83,5.83,5.83,10100,58917.98
2022-03-16,5.83,5.83,5.83,5.83,24500,142835.00
2022-03-17,5.83,5.83,5.83,5.83,20000,116460.08
2022-03-18,5.83,5.83,5.83,5.83,21000,122435.83
2022-03-21,5.83,5.83,5.83,5.83,20000,116600.00
2022-03-22,5.83,5.83,5.83,5.83,20000,116600.00
2022-03-23,5.83,5.83,5.83,5.83,19300,112519.00
2022-03-28,7.88,7.88,7.88,7.88,100,788.00
2022-04-07,5.98,5.98,5.98,5.98,300,1794.00
2022-04-08,5.98,5.98,5.98,5.98,2000,11960.00
2022-04-14,5.98,5.98,5.98,5.98,4000,23920.00
2022-04-15,5.98,5.98,5.98,5.98,2700,16146.00
2022-04-18,5.08,5.08,5.08,5.08,10000,50800.00
2022-04-19,5.09,5.90,5.09,5.90,10900,63365.00
2022-04-25,5.91,5.91,5.91,5.91,500,2955.00
2022-05-05,6.91,6.91,6.58,6.58,600,4113.00
2022-05-09,6.00,6.00,6.00,6.00,100,600.00
2022-05-11,6.60,6.60,6.60,6.60,1000,6600.00
2022-05-12,6.60,6.60,6.19,6.19,4100,27019.00
2022-05-13,6.60,6.60,6.60,6.60,2200,14520.00
2022-05-16,6.60,6.60,6.60,6.60,2300,15364.80
2022-05-17,6.60,6.60,6.60,6.60,100,660.00
2022-05-18,7.00,7.00,6.60,6.60,28100,188524.00
2022-05-19,6.63,7.00,6.63,7.00,300,2026.00
2022-05-20,7.00,7.00,7.00,7.00,1500,10500.00
2022-05-23,7.00,7.00,7.00,7.00,200,1386.00
2022-05-24,7.08,7.08,7.08,7.08,100,715.08
2022-05-26,7.18,7.18,7.18,7.18,1900,13957.92
2022-05-27,7.17,7.18,7.17,7.18,6600,47014.08
2022-05-30,7.18,7.18,7.18,7.18,1000,7180.00
2022-06-02,7.18,7.18,7.18,7.18,100,718.00
2022-06-08,7.18,7.18,7.18,7.18,300,2154.00
2022-06-09,7.18,7.18,7.18,7.18,1000,7180.00
2022-06-15,6.61,6.61,6.61,6.61,400,2644.00
2022-06-20,7.38,9.77,7.38,9.77,34800,258232.00
2022-06-21,8.01,9.20,8.01,9.18,12300,106332.62
2022-12-02,12.50,13.57,12.22,12.65,12386763,158161104.00
2022-12-05,13.00,13.49,11.90,11.94,6305603,79609216.00
2022-12-06,11.50,11.65,10.90,10.99,4739452,53214300.00
2022-12-07,10.99,10.99,10.46,10.51,2560127,27348770.00
2022-12-08,10.45,11.23,10.45,10.85,3155547,34438540.00
2022-12-09,10.91,11.59,10.80,11.24,1962503,22158200.00
2022-12-12,11.27,11.60,11.02,11.22,959611,10837116.00
2022-12-13,11.26,11.77,11.02,11.28,1440238,16432821.00
2022-12-14,11.27,11.92,11.19,11.87,1375642,16014541.00
2022-12-15,11.71,12.17,11.67,11.90,1139834,13613742.00
2022-12-16,11.72,11.94,10.99,10.99,1981950,22374410.00
2022-12-19,10.94,11.09,10.61,10.67,555860,6004099.50
2022-12-20,10.84,10.84,10.63,10.67,358024,3837089.25
2022-12-21,10.60,10.70,10.21,10.40,528784,5510305.50
2022-12-22,10.40,10.55,10.20,10.45,380468,3937104.00
2022-12-23,10.40,10.40,10.19,10.20,281945,2889089.50
2022-12-26,10.21,10.65,10.11,10.51,337150,3509015.25
2022-12-27,10.40,10.97,10.40,10.75,580204,6241302.50
2022-12-28,10.61,10.66,10.41,10.64,488915,5149346.50
2022-12-29,10.62,10.70,10.32,10.41,288057,3028150.00
2022-12-30,10.38,10.64,10.37,10.51,177169,1864347.75
2023-01-03,10.51,10.51,10.30,10.45,434049,4514795.50
2023-01-04,10.37,10.70,10.37,10.59,437202,4638158.50
2023-01-05,10.68,10.70,10.50,10.53,228671,2421612.00
2023-01-06,10.44,10.79,10.44,10.65,374129,3982698.75
2023-01-09,10.54,10.79,10.52,10.56,169095,1792225.38
2023-01-10,10.56,10.62,10.52,10.57,202227,2134825.00
2023-01-11,10.54,10.64,10.52,10.55,262904,2774976.75
2023-01-12,10.53,10.65,10.53,10.54,128144,1355855.25
2023-01-13,10.55,11.30,10.55,11.22,1230954,13552204.00
2023-01-16,11.17,11.39,11.03,11.25,489424,5488021.00
2023-01-17,11.35,11.80,11.26,11.48,863406,10001020.00
2023-01-18,11.60,12.08,11.41,11.99,1064194,12580790.00
2023-01-19,11.90,11.94,11.53,11.64,730978,8544243.00
2023-01-20,11.65,11.88,11.60,11.74,386309,4541880.50
2023-01-30,11.95,12.15,11.80,11.99,1065767,12768954.00
2023-01-31,12.01,13.32,12.00,13.11,2419845,30820076.00
2023-02-01,13.37,13.60,12.70,12.83,1629282,21452204.00
2023-02-02,12.98,13.10,12.50,12.62,753632,9517668.00
2023-02-03,12.53,12.65,12.32,12.37,481567,5993578.50
2023-02-06,12.30,12.44,11.86,11.95,717715,8617829.00
2023-02-07,11.68,11.80,11.48,11.60,1002839,11631944.00
2023-02-08,11.53,11.68,11.05,11.06,1204255,13604374.00
2023-02-09,11.03,11.35,11.02,11.29,1027513,11550198.00
2023-02-10,11.28,11.43,11.06,11.06,576244,6438505.50
2023-02-13,11.14,11.30,10.98,11.26,1269175,14107029.00
2023-02-14,11.33,11.33,11.10,11.22,310410,3471501.75
2023-02-15,11.16,11.20,11.10,11.18,317118,3532671.00
2023-02-16,11.19,11.22,10.90,11.00,759397,8430106.00
2023-02-17,10.89,11.03,10.86,10.86,454018,4951593.00
2023-02-20,10.85,11.17,10.85,11.11,355957,3937945.75
2023-02-21,11.17,11.17,10.95,11.04,354583,3903926.00
2023-02-22,10.96,10.97,10.75,10.78,833297,9023391.00
2023-02-23,10.80,10.80,10.56,10.57,487288,5191942.50
2023-02-24,10.55,10.75,10.55,10.73,270535,2878004.75
2023-02-27,10.73,11.20,10.71,11.08,694301,7632837.00
2023-02-28,10.94,11.13,10.68,10.92,381987,4148122.75
2023-03-01,10.91,10.99,10.75,10.90,299500,3245817.25
2023-03-02,10.94,10.94,10.73,10.80,198521,2146059.25
2023-03-03,10.85,10.97,10.79,10.97,235759,2562827.25
2023-03-06,11.03,11.03,10.84,10.92,123387,1348283.13
2023-03-07,10.80,11.02,10.66,10.68,154894,1669881.13
2023-03-08,10.84,10.84,10.67,10.72,71226,762776.06
2023-03-09,10.72,10.78,10.54,10.65,165115,1753956.63
2023-03-10,10.70,10.70,10.50,10.68,130421,1379682.63
2023-03-13,10.52,10.63,10.48,10.56,115149,1209902.75
2023-03-14,10.53,10.53,10.30,10.36,164983,1713259.38
2023-03-15,10.36,10.42,10.25,10.26,124789,1284621.13
2023-03-16,10.25,10.25,9.93,9.93,646026,6483278.00
2023-03-17,9.98,9.98,9.85,9.88,202759,2009580.75
2023-03-20,9.88,9.88,9.62,9.62,296900,2875776.75
2023-03-21,9.79,9.89,9.45,9.86,169826,1649975.75
2023-03-22,9.72,9.90,9.72,9.80,193880,1903152.88
2023-03-23,9.72,9.75,9.47,9.50,626952,6013299.00
2023-03-24,9.50,9.78,9.48,9.65,500200,4796629.50
2023-03-27,9.55,9.80,9.35,9.36,508353,4810909.50
2023-03-28,9.33,9.40,9.21,9.25,288730,2671051.75
2023-03-29,9.25,9.37,9.18,9.23,317493,2933317.00
2023-03-30,9.15,9.26,9.08,9.24,205931,1879112.88
2023-03-31,9.23,9.25,9.12,9.22,74585,683707.69
2023-04-03,9.24,9.24,9.09,9.16,112175,1023698.38
2023-04-04,9.21,9.21,9.09,9.13,169513,1547617.00
2023-04-06,9.12,9.12,8.96,9.12,283008,2553401.25
2023-04-07,9.12,9.18,9.06,9.16,55539,507207.81
2023-04-10,9.11,9.17,9.07,9.16,36073,328794.38
2023-04-11,9.09,9.20,9.09,9.10,55567,507568.97
2023-04-12,9.04,9.15,8.88,8.99,197582,1766516.63
2023-04-13,8.99,8.99,8.84,8.92,171428,1525515.00
2023-04-14,9.03,9.03,8.83,8.90,234635,2080900.50
2023-04-17,8.86,8.92,8.84,8.92,121545,1079037.88
2023-04-18,8.96,8.96,8.74,8.89,144431,1273259.38
2023-04-19,8.81,8.92,8.81,8.89,131421,1167060.13
2023-04-20,8.90,8.90,8.84,8.87,78946,700620.69
2023-04-21,8.91,8.91,8.64,8.75,104860,919053.81
2023-04-24,8.78,9.08,8.67,8.90,156084,1388792.25
2023-04-25,8.84,8.90,8.73,8.82,105102,921317.44
2023-04-26,8.84,9.45,8.64,9.40,525472,4764699.50
2023-04-27,9.30,9.64,9.22,9.47,602070,5714502.00
2023-04-28,9.02,9.19,8.85,8.93,619785,5562536.00
2023-05-04,8.92,9.11,8.85,9.08,262482,2352116.00
2023-05-05,9.02,9.50,8.93,9.36,459294,4215610.00
2023-05-08,9.42,10.10,9.00,10.04,1247262,12164514.00
2023-05-09,10.00,10.10,9.80,9.81,558918,5533603.50
2023-05-10,9.55,9.82,9.50,9.64,305805,2935383.00
2023-05-11,9.59,9.63,9.46,9.48,124985,1190856.00
2023-05-12,9.48,9.58,9.43,9.53,39607,376074.38
2023-05-15,9.62,9.65,9.43,9.53,49604,470582.31
2023-05-16,9.40,9.48,9.26,9.37,147301,1375599.50
2023-05-17,9.28,9.42,9.26,9.40,161633,1513498.88
2023-05-18,9.47,9.60,9.32,9.50,179305,1702221.50
2023-05-19,9.45,9.87,9.45,9.80,272196,2640408.25
2023-05-22,9.89,9.89,9.60,9.72,157402,1522092.88
2023-05-23,9.80,9.80,9.67,9.74,100863,981174.63
2023-05-24,9.73,9.93,9.62,9.85,228581,2231588.00
2023-05-25,9.85,9.89,9.74,9.81,137335,1347088.25
2023-05-26,9.79,9.79,9.61,9.73,46926,452909.69
2023-05-29,9.82,9.82,9.40,9.55,100906,963185.81
2023-05-30,9.55,9.57,9.37,9.46,80800,761137.88
2023-05-31,9.52,9.52,9.24,9.33,93753,873534.13
2023-06-01,9.21,9.29,9.20,9.29,92800,854790.06
2023-06-02,9.18,9.33,9.18,9.18,77899,720215.69
2023-06-05,9.32,9.55,9.19,9.30,139624,1305842.63
2023-06-06,9.31,9.31,9.15,9.18,124782,1147395.38
2023-06-07,9.15,9.20,9.00,9.06,102227,928167.00
2023-06-08,9.10,9.12,9.00,9.06,118074,1066188.13
2023-06-09,9.11,9.11,8.98,9.06,75279,677572.94
2023-06-12,9.11,9.11,8.88,8.90,132507,1182964.00
2023-06-13,9.00,9.00,8.88,8.99,53300,476528.69
2023-06-14,9.15,9.16,8.90,9.05,64322,576530.63
2023-06-15,8.92,9.07,8.90,9.05,174259,1566405.13
2023-06-16,9.09,9.11,8.94,9.05,78327,706047.69
2023-06-19,9.05,9.05,8.87,8.96,89542,798494.19
2023-06-20,8.98,8.99,8.88,8.96,18642,166192.67
2023-06-21,8.96,9.55,8.91,9.28,494168,4611126.50
2023-06-26,9.20,9.20,8.90,8.96,306869,2750815.50
2023-06-27,8.93,9.20,8.90,9.09,135471,1221764.25
2023-06-28,9.09,9.12,8.94,9.11,73953,667045.00
2023-06-29,9.19,9.45,9.09,9.45,409583,3823023.25
2023-06-30,9.50,9.59,9.30,9.45,217604,2049206.25
2023-07-03,9.41,9.42,9.15,9.38,129073,1204355.13
2023-07-04,9.45,9.56,9.31,9.52,168496,1583877.38
2023-07-05,9.51,9.85,9.45,9.78,639293,6206118.50
2023-07-06,9.72,9.75,9.54,9.63,286834,2755615.25
2023-07-07,9.67,9.67,9.41,9.61,284437,2708738.00
2023-07-10,9.12,9.12,8.91,8.98,220729,1987336.75
2023-07-11,9.05,9.05,8.80,8.95,219693,1942327.88
2023-07-12,8.85,8.94,8.83,8.83,60920,539745.44
2023-07-13,8.85,8.90,8.82,8.87,115264,1021129.69
2023-07-14,8.89,9.25,8.88,9.22,407940,3703429.25
2023-07-17,9.08,9.19,9.04,9.06,110406,1004801.44
2023-07-18,9.20,9.20,8.97,9.05,101962,921347.13
2023-07-19,9.14,9.14,9.01,9.05,35382,319201.81
2023-07-20,9.06,9.17,9.04,9.08,49880,452337.97
2023-07-21,9.11,9.11,9.01,9.09,74646,679639.00
2023-07-24,9.05,9.09,9.05,9.08,10900,98879.00
2023-07-25,9.17,9.17,9.05,9.10,44663,405335.19
2023-07-26,9.13,9.13,8.97,8.97,16969,153518.47
2023-07-27,9.00,9.08,8.81,9.00,94155,838360.13
2023-07-28,8.96,9.01,8.85,9.00,98773,881797.88
2023-07-31,8.95,9.07,8.85,8.99,149121,1337144.50
2023-08-01,9.07,9.09,8.87,9.00,59138,528894.44
2023-08-02,8.94,9.00,8.88,9.00,14689,130842.32
2023-08-03,9.04,9.04,8.90,8.98,73252,657725.50
2023-08-04,8.91,8.99,8.88,8.94,54057,481628.25
2023-08-07,8.92,8.92,8.80,8.87,140623,1247720.00
2023-08-08,8.99,8.99,8.82,8.87,108188,957898.69
2023-08-09,8.74,8.86,8.74,8.85,79166,696248.25
2023-08-10,8.72,8.87,8.72,8.84,38182,334892.94
2023-08-11,8.87,8.87,8.72,8.79,30955,270581.53
2023-08-14,8.62,8.76,8.53,8.74,24813,215215.30
2023-08-15,8.83,8.83,8.68,8.77,2470,21511.60
2023-08-16,8.74,8.75,8.56,8.57,62484,537688.94
2023-08-17,8.94,8.94,8.51,8.57,131584,1128434.25
2023-08-18,8.52,8.60,8.45,8.53,96988,823548.69
2023-08-21,8.36,8.52,8.33,8.41,133193,1117811.63
2023-08-22,8.41,8.48,7.94,8.13,305276,2469544.25
2023-08-23,8.09,8.10,7.80,7.80,120000,947831.88
2023-08-24,7.80,7.84,7.58,7.77,157681,1212604.50
2023-08-25,7.62,7.77,7.33,7.43,163421,1229336.88
2023-08-28,7.40,7.60,6.56,6.68,1911280,13370502.00
2023-08-29,6.57,6.76,6.50,6.70,485466,3220566.25
2023-08-30,6.70,6.79,6.63,6.69,437990,2928955.00
2023-08-31,6.68,6.68,6.54,6.58,377567,2487699.00
2023-09-01,6.62,6.85,6.58,6.80,423787,2865853.25
2023-09-04,7.00,7.23,6.92,7.20,1022476,7269712.00
2023-09-05,7.12,7.12,7.00,7.04,496466,3495465.75
2023-09-06,6.94,7.02,6.80,6.85,431259,2981336.25
2023-09-07,6.85,6.93,6.83,6.87,378943,2601889.25
2023-09-08,6.87,6.87,6.80,6.83,235049,1606716.13
2023-09-11,6.85,6.92,6.80,6.90,214760,1477185.13
2023-09-12,6.90,6.90,6.78,6.81,233095,1351426.13
2023-09-13,6.82,6.82,6.60,6.70,194861,1302869.63
2023-09-14,6.73,6.73,6.63,6.66,103183,689349.50
2023-09-15,6.73,6.74,6.62,6.67,163446,1088761.00
2023-09-18,6.61,6.73,6.61,6.71,62680,417891.44
2023-09-19,6.62,6.74,6.62,6.73,154796,1037907.88
2023-09-20,6.73,6.73,6.63,6.69,52524,350649.91
2023-09-21,6.75,6.75,6.63,6.70,45579,305046.38
2023-09-22,6.75,6.85,6.72,6.77,142204,962246.19
2023-09-25,6.80,6.80,6.62,6.70,54694,367430.41
2023-09-26,6.83,6.83,6.61,6.61,90374,600735.38
2023-09-27,6.77,6.77,6.60,6.66,104767,696120.31
2023-09-28,6.66,6.70,6.60,6.68,30305,200884.70
2023-10-09,6.50,6.72,6.50,6.69,51371,340100.59
2023-10-10,6.57,6.78,6.54,6.63,109107,721962.94
2023-10-11,6.89,6.89,6.52,6.60,12596,83153.16
2023-10-12,6.57,6.80,6.57,6.67,81648,543272.50
2023-10-13,6.68,6.71,6.58,6.70,83004,552401.00
2023-10-16,6.70,6.70,6.56,6.63,48081,317827.06
2023-10-17,6.56,6.67,6.51,6.54,86109,564550.69
2023-10-18,6.62,6.92,6.56,6.60,53936,360137.84
2023-10-19,6.50,6.66,6.42,6.59,43889,284998.47
2023-10-20,6.60,6.61,6.50,6.54,22506,147289.41
2023-10-23,6.54,6.54,6.30,6.33,97831,620396.50
2023-10-24,6.34,6.40,6.34,6.40,23207,147874.80
2023-10-25,6.60,6.60,6.34,6.41,52435,333572.06
2023-10-26,6.45,6.45,6.37,6.38,10272,65549.52
2023-10-27,6.49,6.58,6.04,6.58,170256,1101332.88
2023-10-30,6.19,6.32,6.14,6.29,589672,3670919.75
2023-10-31,6.22,6.28,6.08,6.16,209763,1293818.88
2023-11-01,6.25,6.25,6.10,6.15,124986,768007.38
2023-11-02,6.12,6.12,5.99,5.99,148356,894244.63
2023-11-03,5.93,6.12,5.93,6.06,119306,724062.38
2023-11-06,6.15,6.19,6.06,6.18,111335,683078.56
2023-11-07,6.18,6.18,6.12,6.18,119906,737699.75
2023-11-08,6.08,6.33,6.08,6.29,237787,1494169.25
2023-11-09,6.27,6.59,6.27,6.41,630083,4024556.50
2023-11-10,6.40,6.44,6.28,6.36,179025,1136964.13
2023-11-13,6.48,6.49,6.35,6.38,42666,271976.16
2023-11-14,6.49,6.54,6.38,6.53,354477,2290904.50
2023-11-15,6.56,6.73,6.56,6.67,407812,2720054.50
2023-11-16,6.68,6.68,6.46,6.53,299907,1975977.00
2023-11-17,6.53,6.58,6.42,6.55,128427,831630.81
2023-11-20,6.64,6.80,6.48,6.75,610996,4096245.50
2023-11-21,6.69,7.65,6.69,7.40,1896442,13712612.00
2023-11-22,7.16,8.21,7.16,8.18,2752436,21459534.00
2023-11-23,8.18,8.68,7.65,7.84,2618562,21417984.00
2023-11-24,8.78,10.19,8.78,10.19,8487078,83225792.00
2023-11-27,11.80,11.99,9.68,11.37,10946023,120488672.00
2023-11-28,10.02,10.98,9.91,10.08,6160893,64006532.00
2023-11-29,10.01,10.48,8.80,8.86,4247970,40720696.00
2023-11-30,9.19,9.24,8.54,8.75,2604853,23060112.00
2023-12-01,8.75,8.99,8.16,8.30,2537620,21637314.00
2023-12-04,8.41,8.59,8.04,8.32,1939495,16111376.00
2023-12-05,8.39,9.23,8.30,9.22,3598419,31833106.00
2023-12-06,9.17,10.27,8.90,9.96,5837043,56601856.00
2023-12-07,9.99,10.38,9.61,10.06,3893099,39206216.00
2023-12-08,10.20,10.90,10.04,10.38,3842874,39691732.00
2023-12-11,10.37,10.38,9.40,9.58,3184820,31067054.00
2023-12-12,9.39,9.78,9.36,9.73,1948546,18727432.00
2023-12-13,9.81,10.21,9.68,10.15,3298674,33037412.00
2023-12-14,10.40,10.70,10.13,10.45,4318370,45123116.00
2023-12-15,10.50,10.82,10.05,10.50,3268789,33999576.00
2023-12-18,10.34,10.85,10.32,10.85,3741756,39921544.00
2023-12-19,10.86,11.70,10.34,11.05,4771210,52488488.00
2023-12-20,10.80,11.63,10.63,11.35,4833838,54306896.00
2023-12-21,11.33,12.70,10.20,10.40,7846887,91002480.00
2023-12-22,9.90,11.90,9.81,11.83,8460782,90046904.00
2023-12-25,11.83,12.87,11.59,12.44,8048288,99414536.00
2023-12-26,12.24,13.99,11.80,13.94,9485890,123968752.00
2023-12-27,13.42,13.69,12.60,12.78,6201724,81064808.00
2023-12-28,12.50,14.96,12.31,13.48,9333748,127675872.00
2023-12-29,12.89,13.63,12.32,13.40,7387364,95795912.00
2024-01-02,13.02,14.39,13.00,14.17,6611697,90042936.00
2024-01-03,13.86,14.09,13.16,13.90,5124996,69723296.00
2024-01-04,13.77,13.95,13.05,13.32,3851951,51555392.00
2024-01-05,13.31,13.59,11.81,12.07,4416608,55513408.00
2024-01-08,11.95,12.48,11.35,11.56,3011430,36057156.00
2024-01-09,11.32,11.92,10.55,10.99,3556449,39965732.00
2024-01-10,10.90,11.55,10.73,11.19,2425653,27201344.00
2024-01-11,11.15,11.40,10.74,11.03,2542756,28106238.00
2024-01-12,11.03,11.11,9.50,9.52,3578029,36454932.00
2024-01-15,9.45,9.68,8.88,9.05,2392491,22270030.00
2024-01-16,9.10,9.96,8.80,9.89,3867847,36223496.00
2024-01-17,9.69,10.48,9.69,9.80,3523969,35438288.00
2024-01-18,9.70,10.35,9.52,10.32,3400835,34367324.00
2024-01-19,10.27,11.09,10.25,10.86,3938684,42251504.00
2024-01-22,10.62,11.19,10.02,10.19,3050627,32344046.00
2024-01-23,10.01,10.65,10.00,10.59,2193498,22832482.00
2024-01-24,10.59,10.75,9.90,10.30,2301058,23646016.00
2024-01-25,10.22,10.30,9.61,9.86,2438809,24360510.00
2024-01-26,9.84,10.05,9.30,9.35,1746573,17132542.00
2024-01-29,9.47,9.47,8.27,8.28,2321437,20296510.00
2024-01-30,8.21,8.45,8.04,8.34,1430782,11806705.00
2024-01-31,8.38,8.76,8.22,8.52,2014350,17264152.00
2024-02-01,8.41,8.76,8.15,8.18,1911452,16208734.00
2024-02-02,8.12,8.32,7.28,7.45,1897285,14797769.00
2024-02-05,7.45,7.58,6.70,7.13,1225724,8768841.00
2024-02-06,6.86,8.06,6.85,8.01,1903648,14607268.00
2024-02-07,8.02,9.95,7.98,8.52,4784609,42855488.00
2024-02-08,8.21,8.26,7.42,7.91,3641042,28669442.00
2024-02-19,7.88,8.21,7.87,8.15,2022855,16293286.00
2024-02-20,8.16,8.78,8.04,8.42,1866018,15623194.00
2024-02-21,8.54,8.85,8.37,8.50,2307595,19813196.00
2024-02-22,8.50,8.60,8.26,8.42,1746851,14693641.00
2024-02-23,8.33,8.50,8.07,8.10,1906204,15642458.00
2024-02-26,8.20,8.30,8.01,8.18,1200788,9783907.00
2024-02-27,8.09,8.76,8.09,8.75,2335539,19972572.00
2024-02-28,8.75,9.18,8.35,8.36,2987131,26343834.00
2024-02-29,8.31,8.75,8.19,8.74,1410466,12088354.00
2024-03-01,8.77,9.16,8.63,8.82,1807563,16025757.00
2024-03-04,8.76,9.00,8.38,8.46,1109674,9532168.00
2024-03-05,8.32,8.43,8.11,8.11,848848,7006100.50
2024-03-06,8.11,8.53,8.02,8.30,966783,7994203.00
2024-03-07,8.40,8.40,7.94,7.95,1024475,8352136.50
2024-03-08,8.05,8.05,7.70,7.79,850138,6695778.00
2024-03-11,7.76,8.08,7.69,8.02,801711,6348895.50
2024-03-12,8.02,8.15,7.95,8.07,704166,5669677.50
2024-03-13,8.11,8.11,7.81,7.90,920322,7290873.00
2024-03-14,7.90,7.99,7.70,7.73,584453,4574379.50
2024-03-15,7.86,8.34,7.70,8.13,1606114,13037181.00
2024-03-18,8.15,8.35,8.13,8.30,1177227,9732833.00
2024-03-19,8.50,8.60,8.14,8.23,1236076,10358423.00
2024-03-20,8.27,8.32,8.13,8.20,847996,6958573.00
2024-03-21,8.20,8.20,7.88,8.03,776282,6243363.50
2024-03-22,7.90,8.09,7.87,7.88,599132,4769216.50
2024-03-25,7.81,8.01,7.51,7.58,629886,4865550.50
2024-03-26,7.53,7.68,7.36,7.56,503952,3776713.00
2024-03-27,7.53,7.96,7.51,7.56,981880,7599640.50
2024-03-28,7.50,8.88,7.50,8.77,5703398,47523716.00
2024-03-29,9.09,9.88,8.35,8.65,6651732,61045680.00
2024-04-01,8.41,9.03,8.36,8.41,3666407,31453674.00
2024-04-02,8.41,8.41,7.72,7.95,3183106,25747452.00
2024-04-03,7.91,8.04,7.65,7.72,1884904,14719176.00
2024-04-08,7.68,7.73,7.32,7.33,1248963,9387493.00
2024-04-09,7.36,7.48,7.25,7.46,687359,5076653.50
2024-04-10,7.51,7.88,7.33,7.73,1972108,15202744.00
2024-04-11,7.70,7.70,7.37,7.47,1117856,8398563.00
2024-04-12,7.52,7.88,7.38,7.53,1177012,9012121.00
2024-04-15,7.46,7.66,7.01,7.13,1259764,9124477.00
2024-04-16,7.05,7.05,6.67,6.72,850950,5786800.50
2024-04-17,6.79,7.18,6.77,7.09,975656,6873288.00
2024-04-18,6.99,7.21,6.99,7.05,811992,5773936.00
2024-04-19,6.92,7.02,6.80,6.93,631244,4348341.00
2024-04-22,6.92,7.24,6.85,7.15,787845,5565653.00
2024-04-23,7.08,7.23,7.05,7.12,408616,2916311.25
2024-04-24,7.21,7.21,7.05,7.11,522333,3720670.75
2024-04-25,7.03,7.13,6.95,6.95,479364,3376797.00
2024-04-26,6.83,7.08,6.83,7.08,444081,3101895.50
2024-04-29,6.90,7.17,6.80,7.00,1293010,8996435.00
2024-04-30,7.00,7.05,6.90,6.91,486982,3393485.00
2024-05-06,7.10,7.10,6.92,7.04,434587,3031756.50
2024-05-07,7.09,7.09,6.90,7.03,376808,2629289.00
2024-05-08,7.00,7.07,6.89,6.99,407574,2841491.75
2024-05-09,6.96,7.11,6.92,7.05,589069,4152194.50
2024-05-10,7.02,7.03,6.60,6.83,885762,6056754.50
2024-05-13,6.89,6.89,6.65,6.83,436978,2958796.75
2024-05-14,6.82,6.91,6.74,6.76,204414,1391094.25
2024-05-15,6.85,6.86,6.63,6.63,177410,1188376.63
2024-05-16,6.55,6.73,6.55,6.60,345521,2280270.25
2024-05-17,6.58,6.61,6.50,6.60,324112,2128854.00
2024-05-20,6.64,6.66,6.53,6.57,270800,1789611.13
2024-05-21,6.56,6.56,6.31,6.38,282089,1812375.00
2024-05-22,6.47,6.67,6.35,6.54,454584,2963621.75
2024-05-23,6.60,6.94,6.35,6.74,1006075,6758548.00
2024-05-24,6.79,6.83,6.59,6.66,336064,2249181.00
2024-05-27,6.59,6.71,6.44,6.48,474738,3090650.00
2024-05-28,6.45,6.64,6.42,6.48,255098,1663940.88
2024-05-29,6.35,6.69,6.35,6.46,299935,1939721.38
2024-05-30,6.48,6.48,6.17,6.20,539798,3381569.25
2024-05-31,6.19,6.29,6.13,6.16,362223,2237475.25
2024-06-03,6.16,6.16,5.85,5.90,471222,2831257.50
2024-06-04,5.96,5.96,5.77,5.85,224241,1306253.38
2024-06-05,5.82,5.82,5.61,5.66,281328,1611843.50
2024-06-06,5.69,5.76,5.31,5.42,308707,1707430.75
2024-06-07,5.48,5.64,5.35,5.52,251424,1383592.25
2024-06-11,5.61,5.61,5.39,5.57,197894,1087503.13
2024-06-12,5.65,5.86,5.52,5.78,402938,2291783.75
2024-06-13,5.76,6.00,5.67,5.77,353271,2033713.88
2024-06-14,5.80,5.90,5.72,5.75,209949,1217304.75
2024-06-17,5.72,5.77,5.53,5.57,232024,1307490.88
2024-06-18,5.56,5.61,5.52,5.60,159601,890040.44
2024-06-19,5.57,5.96,5.56,5.77,615581,3581141.75
2024-06-20,5.77,7.50,5.77,7.50,5033797,35050092.00
2024-06-21,8.27,9.40,7.51,7.51,8644367,73868624.00
2024-06-24,7.01,7.35,6.50,6.66,5846555,40391144.00
2024-06-25,6.66,8.44,6.60,7.68,7480898,55059392.00
2024-06-26,5.42,7.50,5.42,6.93,5227513,36600424.00
2024-06-27,6.81,6.98,6.45,6.45,3500076,23360568.00
2024-06-28,6.26,6.45,6.15,6.42,1961927,12412515.00
2024-07-01,6.52,7.18,6.52,6.78,3696423,25442366.00
2024-07-02,6.74,6.74,6.41,6.45,2773748,18073086.00
2024-07-03,6.52,6.52,6.15,6.16,1903339,11886182.00
2024-07-04,6.19,6.51,6.12,6.12,2198437,13886804.00
2024-07-05,6.37,6.60,6.16,6.29,2339245,14816293.00
2024-07-08,6.16,6.26,5.75,5.77,2283110,13529070.00
2024-07-09,5.71,5.96,5.57,5.96,1918420,11120327.00
2024-07-10,5.90,6.03,5.73,5.78,1760981,10263565.00
2024-07-11,6.00,6.12,5.83,5.90,1431268,8443107.00
2024-07-12,5.91,6.87,5.86,6.27,4392220,28012670.00
2024-07-15,6.14,6.58,6.06,6.56,3764354,23811296.00
2024-07-16,6.72,8.52,6.60,8.52,7577978,58874136.00
2024-07-17,10.97,11.07,10.22,11.07,4705954,51610412.00
2024-07-18,12.39,13.99,10.55,10.81,12887139,157352192.00
2024-07-19,10.23,11.60,9.90,10.10,9506893,100296552.00
2024-07-22,9.40,9.71,8.88,9.04,7667536,70924176.00
2024-07-23,9.36,9.48,8.76,8.85,6033478,54913736.00
2024-07-24,8.75,9.28,8.60,9.11,5761676,51517768.00
2024-07-25,8.84,10.16,8.72,9.70,7484923,70360456.00
2024-07-26,9.63,10.44,8.88,8.99,6222438,60137456.00
2024-07-29,8.72,8.89,8.33,8.37,5427905,46575796.00
2024-07-30,8.35,8.77,8.23,8.44,4337151,36687160.00
2024-07-31,8.44,8.55,8.22,8.44,3657068,30652776.00
2024-08-01,8.30,8.45,8.10,8.13,3702085,30456528.00
2024-08-02,8.07,8.16,7.78,7.78,2886434,22837486.00
2024-08-05,7.70,7.92,7.57,7.75,2268415,17497180.00
2024-08-06,7.91,8.35,7.91,8.29,4588291,37402244.00
2024-08-07,8.20,8.24,7.92,8.13,2452700,19769502.00
2024-08-08,8.03,8.28,7.82,7.84,1765714,14077171.00
2024-08-09,7.83,7.95,7.75,7.83,1463892,11462118.00
2024-08-12,8.00,8.23,7.83,7.88,2355031,18998064.00
2024-08-13,7.91,7.96,7.67,7.86,1452635,11325116.00
2024-08-14,7.77,7.84,7.34,7.37,2711839,20364466.00
2024-08-15,7.42,7.52,7.28,7.30,1499190,11032970.00
2024-08-16,7.37,8.10,7.32,7.75,4198434,32470118.00
2024-08-19,7.61,8.47,7.61,8.00,4787113,38874348.00
2024-08-20,7.87,8.37,7.72,8.31,4162697,33497976.00
2024-08-21,8.15,8.26,7.74,7.79,3223733,25621000.00
2024-08-22,7.81,7.82,7.25,7.28,2624031,19636412.00
2024-08-23,7.28,7.87,7.24,7.62,2579991,19410474.00
2024-08-26,7.55,7.88,7.33,7.40,1480154,11141746.00
2024-08-27,7.39,7.39,6.85,6.85,1744006,12271652.00
2024-08-28,6.86,7.02,6.69,6.85,1098663,7512144.50
2024-08-29,6.80,7.18,6.66,6.92,1519007,10542559.00
2024-08-30,6.87,7.27,6.80,7.09,1863686,13208155.00
2024-09-02,7.04,7.34,6.94,6.97,838107,5959871.50
2024-09-03,7.09,7.12,6.92,6.95,900619,6306886.00
2024-09-04,6.90,6.94,6.72,6.78,752446,5108550.00
2024-09-05,6.81,7.03,6.81,6.91,936734,6492944.00
2024-09-06,6.87,7.10,6.83,6.91,1064100,7362659.50
2024-09-09,6.99,7.08,6.74,6.77,669371,4612924.50
2024-09-10,6.88,6.89,6.60,6.71,810795,5415868.00
2024-09-11,6.62,6.79,6.62,6.67,483667,3234295.00
2024-09-12,6.73,6.77,6.43,6.47,907138,5990519.00
2024-09-13,6.48,6.73,6.26,6.66,1861435,12104322.00
2024-09-18,6.72,6.72,6.50,6.59,942068,6231689.00
2024-09-19,6.68,6.78,6.53,6.70,759713,5071706.00
2024-09-20,6.68,6.72,6.50,6.54,775923,5121477.00
2024-09-23,6.50,6.62,6.36,6.38,455826,2945070.25
2024-09-24,6.54,6.63,6.31,6.60,918910,5992601.00
2024-09-25,6.63,6.83,6.63,6.69,1276492,8596995.00
2024-09-26,6.65,6.95,6.62,6.95,1291606,8799822.00
2024-09-27,7.27,7.89,7.21,7.76,3095564,23294960.00
2024-09-30,8.11,9.51,7.82,9.18,4614916,40018520.00
2024-10-08,11.26,11.77,9.70,11.38,5326209,57455032.00
2024-10-09,10.25,10.86,8.80,8.83,4433415,44300624.00
2024-10-10,8.93,9.46,8.67,8.67,2913264,26163790.00
2024-10-11,8.89,8.89,7.81,8.15,2159357,17661802.00
2024-10-14,8.15,8.88,8.02,8.62,2188468,18420204.00
2024-10-15,8.61,8.90,8.11,8.45,1899633,16486978.00
2024-10-16,8.41,8.70,8.28,8.61,1459600,12451866.00
2024-10-17,9.20,9.61,8.80,8.88,4323525,39742564.00
2024-10-18,9.05,11.54,9.05,11.54,9715572,104202648.00
2024-10-21,12.99,14.58,11.54,12.99,11881816,152578384.00
2024-10-22,12.23,12.23,10.80,11.03,7804963,89788400.00
2024-10-23,10.40,12.98,10.40,12.08,7452860,86848296.00
2024-10-24,11.99,12.99,11.69,12.46,6692540,82688856.00
2024-10-25,12.25,16.19,12.21,13.61,10707862,149876992.00
2024-10-28,14.30,14.80,12.50,13.70,7564287,103590184.00
2024-10-29,13.73,17.81,13.30,17.81,9766156,153534416.00
2024-10-30,18.60,22.82,17.00,17.79,11465644,230007936.00
2024-10-31,15.75,20.50,15.28,18.05,10087258,169011536.00
2024-11-01,16.88,19.60,15.31,17.22,8846342,153416032.00
2024-11-04,16.47,17.80,15.75,17.04,6036176,100516208.00
2024-11-05,16.74,18.81,16.70,18.23,6778769,120520088.00
2024-11-06,18.80,20.83,17.51,18.35,7701758,144997072.00
2024-11-07,18.30,18.80,17.02,17.94,5857629,105047880.00
2024-11-08,18.01,19.75,17.56,18.88,6518668,121036792.00
2024-11-11,18.30,18.85,16.90,17.77,4181385,74728936.00
2024-11-12,17.74,17.99,15.89,16.17,3779275,63312804.00
2024-11-13,16.33,16.75,15.39,16.72,3039086,49263268.00
2024-11-14,16.69,17.19,16.00,16.14,2452834,40713088.00
2024-11-15,16.14,16.70,15.30,15.90,2776643,44444284.00
2024-11-18,15.90,16.66,15.30,16.13,2854585,46089804.00
2024-11-19,16.85,19.32,16.13,16.64,6367980,110597264.00
2024-11-20,15.33,17.60,15.30,17.42,5518685,89728928.00
2024-11-21,17.20,18.55,16.80,18.25,5585769,101085520.00
2024-11-22,17.70,19.35,17.12,17.37,6027756,107876040.00
2024-11-25,17.01,17.36,16.02,16.40,3332558,54769700.00
2024-11-26,16.47,16.47,15.32,15.32,2561061,40622764.00
2024-11-27,15.09,15.57,14.17,15.55,2716871,40407132.00
2024-11-28,15.45,16.46,15.40,15.70,2702641,43331292.00
2024-11-29,15.62,16.47,15.43,16.23,2458688,39444372.00
2024-12-02,16.40,17.49,16.24,17.39,3910354,66430468.00
2024-12-03,22.60,22.60,22.60,22.60,2503744,56584616.00
#数据来源:通达信
