831689 克莱特 日线 不复权
      日期	    开盘	    最高	    最低	    收盘	    成交量	    成交额
2015-07-20,4.30,4.30,4.30,4.30,500000,2150000.00
2015-07-22,4.30,4.30,4.30,4.30,1050000,4515000.00
2015-07-27,4.30,4.30,4.30,4.30,750000,3225000.00
2015-08-06,3.91,3.91,3.91,3.91,230000,899300.00
2015-08-21,5.20,5.30,5.16,5.16,16000,83440.00
2015-08-24,5.25,5.25,5.18,5.18,2000,10430.00
2015-08-27,5.30,5.30,5.30,5.30,3000,15900.00
2015-08-28,5.30,5.30,5.20,5.29,4000,21030.00
2015-08-31,5.30,5.40,5.30,5.40,2000,10700.00
2015-09-07,5.30,5.31,5.23,5.31,143000,753950.00
2015-09-08,5.36,5.45,5.36,5.45,92000,497550.00
2015-09-09,5.48,5.52,5.48,5.52,50000,275000.00
2015-09-10,5.56,5.60,5.55,5.60,36000,200800.00
2015-09-11,5.60,5.68,5.59,5.63,58000,326300.00
2015-09-14,5.63,5.71,5.63,5.63,17000,95790.00
2015-09-15,5.58,5.58,5.58,5.58,13000,72540.00
2015-09-17,5.58,5.58,5.58,5.58,9000,50220.00
2015-09-18,5.58,5.58,5.58,5.58,9000,50220.00
2015-09-21,5.66,5.72,5.66,5.72,23000,130660.00
2015-09-22,5.64,5.64,5.64,5.64,10000,56400.00
2015-09-23,5.72,5.72,5.70,5.70,26000,148700.00
2015-09-24,5.72,5.72,5.64,5.70,15000,85360.00
2015-09-25,5.64,5.72,5.64,5.72,35000,200120.00
2015-09-28,5.70,5.70,5.70,5.70,5000,28500.00
2015-09-29,5.70,5.78,5.70,5.78,32000,184400.00
2015-09-30,5.70,5.70,5.70,5.70,4000,22800.00
2015-10-08,5.78,5.78,5.78,5.78,15000,86700.00
2015-10-09,5.84,5.84,5.76,5.76,15000,87040.00
2015-10-12,5.84,5.84,5.76,5.76,17000,99120.00
2015-10-13,5.76,5.79,5.75,5.75,33000,190370.00
2015-10-15,5.78,5.78,5.78,5.78,30000,173400.00
2015-10-19,5.78,5.85,5.70,5.84,121000,703350.00
2015-10-20,5.84,5.84,5.84,5.84,1000,5840.00
2015-10-21,5.83,5.85,5.76,5.76,67000,389950.00
2015-10-22,5.75,5.75,5.75,5.75,1000,5750.00
2015-10-23,5.79,5.82,5.79,5.82,45000,261450.00
2015-10-27,5.74,5.74,5.72,5.72,6000,34360.00
2015-10-30,5.83,5.83,5.83,5.83,1000,5830.00
2015-11-04,5.83,5.83,5.83,5.83,15000,87450.00
2015-11-10,5.85,5.88,5.85,5.88,31000,181680.00
2015-11-11,5.90,6.02,5.90,6.02,105000,625950.00
2015-11-12,6.04,6.07,5.98,6.04,39000,235770.00
2015-11-13,6.09,6.09,5.98,6.04,4000,24200.00
2015-11-16,6.09,6.12,6.01,6.01,58000,351510.00
2015-11-17,6.02,6.02,6.01,6.01,7000,42110.00
2015-11-19,6.01,6.01,6.01,6.01,1000,6010.00
2015-11-23,6.09,6.10,6.09,6.10,20000,121850.00
2015-11-25,6.12,6.12,6.12,6.12,3000,18360.00
2015-11-26,6.13,6.13,6.13,6.13,1000,6130.00
2015-11-27,6.13,6.13,6.01,6.09,10000,60740.00
2015-11-30,6.13,6.16,6.05,6.05,20000,122140.00
2015-12-01,6.01,6.04,5.92,6.01,13000,77930.00
2015-12-02,6.07,6.09,6.07,6.09,8000,48660.00
2015-12-03,6.02,6.05,6.02,6.05,6000,36270.00
2015-12-04,5.99,5.99,5.89,5.96,14000,83390.00
2015-12-07,5.92,5.96,5.85,5.92,12000,71140.00
2015-12-08,6.00,6.00,6.00,6.00,7000,42000.00
2015-12-09,5.80,5.82,5.47,5.71,94000,533440.00
2015-12-10,5.71,5.77,5.71,5.77,7000,40080.00
2015-12-16,5.67,5.72,5.67,5.72,7000,39990.00
2015-12-22,5.50,5.65,5.50,5.65,201000,1120500.00
2015-12-23,5.70,5.78,5.70,5.78,3000,17180.00
2015-12-24,5.78,5.78,5.78,5.78,1000,5780.00
2015-12-25,5.78,5.78,5.78,5.78,3000,17340.00
2016-01-04,5.78,5.78,5.78,5.78,1000,5780.00
2016-01-05,5.57,5.57,5.56,5.56,3000,16690.00
2016-01-08,5.71,5.71,5.71,5.71,10000,57100.00
2016-01-11,5.66,5.67,5.66,5.67,2000,11330.00
2016-01-12,5.46,5.50,5.45,5.50,3000,16410.00
2016-01-15,5.58,5.59,5.58,5.59,12000,67060.00
2016-01-18,5.41,5.41,5.35,5.35,3000,16140.00
2016-01-19,5.53,5.55,5.53,5.54,12000,66480.00
2016-01-28,5.36,5.36,5.30,5.30,4000,21290.00
2016-02-04,5.30,5.30,5.30,5.30,1000,5300.00
2016-02-16,5.15,5.15,5.14,5.14,2000,10290.00
2016-02-17,5.09,5.09,5.09,5.09,5000,25450.00
2016-02-18,5.00,5.03,4.96,5.00,30000,149530.00
2016-03-28,5.04,5.05,5.04,5.05,9000,45440.00
2016-03-30,5.06,5.08,5.06,5.08,5000,25350.00
2016-03-31,5.11,5.19,5.11,5.15,15000,77460.00
2016-04-05,5.20,5.20,5.20,5.20,5000,26000.00
2016-04-06,5.10,5.15,5.10,5.15,8000,41050.00
2016-04-07,5.23,5.23,5.23,5.23,2000,10460.00
2016-04-11,5.25,5.25,5.23,5.25,9000,47170.00
2016-04-12,5.27,5.27,5.27,5.27,2000,10540.00
2016-04-13,5.25,5.37,5.13,5.20,31000,161980.00
2016-04-15,5.34,5.36,5.20,5.20,7000,36700.00
2016-04-18,5.33,5.33,5.33,5.33,3000,15990.00
2016-04-19,5.34,5.41,5.33,5.41,31000,166030.00
2016-04-28,5.41,5.41,5.41,5.41,2000,10820.00
2016-04-29,5.41,5.42,5.41,5.42,5000,27060.00
2016-05-11,5.44,5.44,5.44,5.44,5000,27200.00
2016-05-12,5.35,5.35,5.35,5.35,1000,5350.00
2016-05-16,5.44,5.44,5.29,5.29,6000,32490.00
2016-05-17,5.33,5.33,5.33,5.33,3000,15990.00
2016-05-19,5.23,5.23,5.19,5.23,6000,31260.00
2016-05-20,5.18,5.18,5.12,5.12,8000,41060.00
2016-05-25,5.12,5.12,5.12,5.12,1000,5120.00
2016-05-26,5.14,5.15,5.14,5.15,10000,51440.00
2016-05-27,5.14,5.15,5.14,5.15,7000,36040.00
2016-05-30,5.12,5.12,4.88,4.92,15000,74580.00
2016-05-31,4.92,4.94,4.92,4.94,5000,24690.00
2016-06-03,4.94,4.94,4.92,4.92,3000,14810.00
2016-06-13,4.91,4.92,4.91,4.92,13000,63920.00
2016-06-14,4.94,4.94,4.92,4.92,12000,59200.00
2016-06-16,4.60,4.67,4.59,4.67,11000,50930.00
2016-06-20,4.67,4.67,4.67,4.67,3000,14040.00
2016-06-21,4.69,4.71,4.69,4.69,15000,70570.00
2016-06-23,4.71,4.71,4.71,4.71,4000,18840.00
2016-06-24,4.71,4.71,4.46,4.46,104000,472800.00
2016-06-27,4.39,4.39,4.30,4.30,34000,146910.00
2016-06-28,4.30,4.30,4.26,4.26,112000,478360.00
2016-06-29,4.16,4.26,4.15,4.19,151000,631430.00
2016-06-30,4.19,4.25,4.15,4.19,98000,409460.00
2016-07-01,4.23,4.26,4.19,4.19,90000,380060.00
2016-07-04,4.21,4.21,4.21,4.21,3000,12660.00
2016-07-05,4.17,4.27,4.17,4.21,107000,450390.00
2016-07-06,4.32,4.32,4.21,4.21,2000,8530.00
2016-07-07,4.21,4.21,4.21,4.21,20000,84200.00
2016-07-08,4.17,4.21,4.17,4.17,42000,175950.00
2016-07-11,4.17,4.17,4.17,4.17,20000,83600.00
2016-07-12,4.13,4.16,4.13,4.16,12000,49860.00
2016-07-13,4.16,4.21,4.16,4.21,15000,62910.00
2016-07-14,4.21,4.21,4.21,4.21,7000,29470.00
2016-07-15,4.21,4.26,4.21,4.26,11000,46460.00
2016-07-20,4.32,4.85,4.32,4.85,78000,358740.00
2016-07-21,4.83,4.85,4.82,4.84,18000,87110.00
2016-07-22,4.85,4.85,4.67,4.85,8000,38320.00
2016-07-25,4.85,4.88,4.85,4.88,22000,107170.00
2016-07-27,4.94,5.00,4.94,5.00,7000,34840.00
2016-07-28,4.81,5.00,4.79,4.84,114000,548070.00
2016-08-03,4.84,4.86,4.84,4.86,5000,24250.00
2016-08-05,4.90,4.92,4.90,4.92,9000,44190.00
2016-08-18,4.73,4.80,4.73,4.79,28000,134120.00
2016-08-19,4.73,4.73,4.73,4.73,2000,9480.00
2016-08-23,4.79,4.79,4.79,4.79,5000,23950.00
2016-08-24,4.69,4.69,4.59,4.62,4000,18610.00
2016-08-30,4.62,4.62,4.62,4.62,1000,4620.00
2016-08-31,4.54,4.57,4.54,4.57,2000,9110.00
2016-09-01,4.53,4.60,4.50,4.59,7000,31900.00
2016-09-05,4.71,4.71,4.55,4.59,3000,13850.00
2016-09-07,4.53,4.55,4.53,4.55,2000,9080.00
2016-09-22,4.48,4.48,4.42,4.42,7000,31270.00
2016-09-23,4.57,4.58,4.57,4.58,5000,22870.00
2016-09-26,4.59,4.59,4.59,4.59,1000,4590.00
2016-09-27,4.48,4.48,4.48,4.48,1000,4490.00
2016-09-29,4.48,4.48,4.48,4.48,3000,13460.00
2016-10-17,4.59,4.59,4.59,4.59,1000,4590.00
2016-10-18,4.44,4.44,4.44,4.44,2000,8900.00
2016-10-19,4.53,4.53,4.53,4.53,3000,13590.00
2016-10-20,4.53,4.60,4.50,4.55,13000,59180.00
2016-10-26,4.50,4.50,4.44,4.44,2000,8950.00
2016-10-28,4.37,4.41,4.37,4.41,7000,30730.00
2016-11-04,4.32,4.32,4.26,4.26,7000,30100.00
2016-11-07,4.28,4.34,4.28,4.34,11000,47500.00
2016-11-08,4.44,4.46,4.44,4.46,2000,8920.00
2016-11-09,4.50,4.51,4.50,4.51,2000,9010.00
2016-11-11,4.30,4.32,4.30,4.32,5000,21520.00
2016-11-14,4.44,4.44,4.44,4.44,1000,4450.00
2016-11-16,4.29,4.29,4.26,4.26,6000,25630.00
2016-11-21,4.37,4.51,4.37,4.51,14000,62210.00
2016-11-22,4.52,4.64,4.52,4.64,10000,45730.00
2016-11-23,4.65,4.65,4.50,4.50,6000,27610.00
2016-11-24,4.48,4.57,4.37,4.50,21000,93760.00
2016-11-25,4.55,4.60,4.55,4.60,9000,41270.00
2016-11-28,4.64,4.67,4.64,4.67,9000,41870.00
2016-12-15,4.56,4.56,4.55,4.55,5000,22780.00
2017-01-04,4.64,4.64,4.64,4.64,1000,4640.00
2017-01-06,4.50,4.50,4.50,4.50,1000,4500.00
2017-01-13,4.50,4.50,4.50,4.50,2000,9000.00
2017-01-16,4.37,4.37,4.37,4.37,6000,26220.00
2017-01-17,4.37,4.37,4.37,4.37,2000,8740.00
2017-01-20,4.31,4.31,4.31,4.31,1000,4310.00
2017-02-03,4.35,4.35,4.32,4.35,10000,43360.00
2017-02-13,4.39,4.39,4.39,4.39,2000,8780.00
2017-02-14,4.44,4.44,4.44,4.44,4000,17800.00
2017-02-17,4.58,4.58,4.58,4.58,3000,13740.00
2017-02-23,4.60,4.61,4.60,4.61,2000,9210.00
2017-02-24,4.62,4.63,4.61,4.61,4000,18480.00
2017-02-27,4.71,4.73,4.71,4.73,6000,28400.00
2017-02-28,4.86,4.86,4.86,4.86,1000,4860.00
2017-03-01,4.86,4.89,4.85,4.89,15000,73050.00
2017-09-04,5.90,6.50,5.10,6.10,11000,67100.00
2017-09-07,5.80,5.80,5.80,5.80,2000,11600.00
2017-09-08,6.00,6.05,6.00,6.05,5000,30050.00
2017-09-11,6.05,6.50,6.05,6.50,64000,412850.00
2017-09-12,6.50,6.50,5.10,5.13,147000,883050.00
2017-09-13,6.00,6.50,5.00,6.07,279000,1467050.00
2017-09-14,6.00,6.50,6.00,6.50,409000,2521920.00
2017-09-15,5.36,6.48,5.36,6.48,14000,82200.00
2017-09-18,5.76,6.50,5.76,6.00,111000,712340.00
2017-09-19,6.50,6.50,5.80,5.80,138000,885200.00
2017-09-21,6.50,6.50,6.50,6.50,61000,396500.00
2017-09-22,6.50,6.50,6.50,6.50,7000,45500.00
2017-09-25,6.50,6.50,6.50,6.50,50000,325000.00
2017-09-26,6.50,6.50,6.50,6.50,28000,182000.00
2017-09-28,6.40,6.40,6.40,6.40,1000,6400.00
2017-09-29,6.50,6.50,6.40,6.40,12000,77300.00
2017-10-12,6.50,6.50,6.50,6.50,211000,1371500.00
2017-10-13,6.50,6.50,6.00,6.47,38000,246000.00
2017-10-16,6.50,6.50,6.30,6.49,27000,175100.00
2017-10-18,6.50,6.50,6.49,6.49,8000,51950.00
2017-10-19,6.49,6.49,6.49,6.49,4000,25960.00
2017-10-25,6.10,6.10,6.10,6.10,1000,6100.00
2017-10-26,6.50,6.50,6.50,6.50,24000,156000.00
2017-10-31,6.80,6.80,6.80,6.80,7000,47600.00
2017-11-01,6.80,6.82,5.32,5.71,64000,365630.00
2017-11-03,6.82,7.10,6.82,6.95,13000,90380.00
2017-11-07,6.50,7.05,6.50,6.83,13000,88800.00
2017-11-08,6.50,7.00,6.50,6.63,4000,26500.00
2017-11-10,6.80,7.05,6.80,6.83,8000,54650.00
2017-11-13,7.00,7.25,7.00,7.23,26000,187900.00
2017-11-17,7.00,7.00,7.00,7.00,5000,35000.00
2017-11-20,7.00,7.30,7.00,7.15,20000,143000.00
2017-11-22,6.50,6.50,6.50,6.50,7095000,46117500.00
2017-11-28,7.50,7.50,7.00,7.21,69000,498000.00
2017-11-29,6.50,7.50,6.50,6.56,1066000,6989370.00
2017-11-30,7.00,7.30,7.00,7.20,110000,792400.00
2017-12-01,7.35,7.35,7.00,7.12,107000,767870.00
2017-12-05,7.00,7.00,7.00,7.00,25000,175000.00
2017-12-06,7.00,7.00,6.50,6.50,2951000,19182000.00
2017-12-07,7.00,7.20,6.90,7.03,78000,547500.00
2017-12-08,7.00,7.00,6.90,6.90,89000,618500.00
2017-12-11,7.00,7.00,7.00,7.00,20000,140000.00
2017-12-13,6.80,6.80,6.80,6.80,5000,34000.00
2017-12-15,6.90,6.90,6.90,6.90,5000,34500.00
2017-12-20,7.00,7.00,7.00,7.00,10000,70000.00
2017-12-22,7.00,7.00,7.00,7.00,307000,2149000.00
2017-12-25,7.00,7.00,7.00,7.00,300000,2100000.00
2018-01-16,6.89,6.89,6.89,6.89,1000,6890.00
2018-01-17,6.80,6.80,6.80,6.80,2229000,14491500.00
2018-01-19,6.80,6.80,6.80,6.80,3000,20400.00
2018-01-22,6.80,6.80,6.80,6.80,8000,54400.00
2018-01-25,6.80,6.80,6.80,6.80,20000,136000.00
2018-01-29,6.80,6.80,6.80,6.80,1000,6800.00
2018-02-06,6.79,6.79,6.79,6.79,1000,6790.00
2018-02-08,6.78,6.78,6.78,6.78,1000,6780.00
2018-03-16,6.90,6.90,6.90,6.90,1000,6900.00
2018-03-21,6.88,6.88,6.88,6.88,2000,13760.00
2018-03-22,6.50,6.50,6.50,6.50,1000,6500.00
2018-04-17,6.49,6.49,6.49,6.49,1000,6490.00
2018-05-11,6.29,6.29,6.29,6.29,1000,6290.00
2018-05-14,6.00,6.00,6.00,6.00,1000,6000.00
2018-05-17,5.00,5.00,5.00,5.00,7000,35000.00
2018-06-04,5.00,5.00,5.00,5.00,10000,50000.00
2018-06-15,5.00,5.00,5.00,5.00,7000,35000.00
2018-06-27,5.00,5.00,5.00,5.00,7000,35000.00
2018-06-29,5.50,5.50,5.50,5.50,20000,110000.00
2018-07-02,5.39,5.39,5.39,5.39,2000,10780.00
2018-07-03,5.20,5.20,5.20,5.20,10000,52000.00
2018-07-05,5.18,5.18,5.18,5.18,10000,51800.00
2018-07-06,5.18,5.18,5.18,5.18,10000,51800.00
2018-07-10,5.47,5.47,5.47,5.47,1000,5470.00
2018-07-11,5.18,5.18,5.18,5.18,22000,113960.00
2018-07-13,5.18,5.18,5.18,5.18,12000,62160.00
2018-07-17,5.29,5.29,5.29,5.29,2000,10580.00
2018-07-18,5.20,5.20,5.20,5.20,10000,52000.00
2018-07-19,4.85,4.85,4.85,4.85,1000,4850.00
2018-07-20,5.18,5.18,5.18,5.18,10000,51800.00
2018-07-23,5.18,5.18,5.18,5.18,3000,15540.00
2018-07-24,6.70,6.70,6.70,6.70,1000,6700.00
2018-07-26,5.30,5.30,5.30,5.30,10000,53000.00
2018-07-27,5.50,5.50,5.50,5.50,2000,11000.00
2018-07-30,6.39,6.39,6.39,6.39,2000,12780.00
2018-08-21,5.30,5.30,5.30,5.30,3000,15900.00
2018-08-23,5.30,5.30,5.30,5.30,20000,106000.00
2018-08-24,5.50,5.50,5.50,5.50,2000,11000.00
2018-08-27,5.28,5.28,5.28,5.28,21000,110880.00
2018-08-29,5.28,5.28,5.28,5.28,22000,116160.00
2018-08-30,5.28,5.28,5.28,5.28,30000,158400.00
2018-09-03,5.28,5.28,5.28,5.28,20000,105600.00
2018-09-04,5.27,5.27,5.27,5.27,20000,105400.00
2018-09-05,5.25,5.25,5.25,5.25,20000,105000.00
2018-09-06,5.25,5.25,5.25,5.25,30000,157500.00
2018-09-07,5.25,5.25,5.25,5.25,17000,89250.00
2018-09-13,5.25,5.25,5.25,5.25,38000,199500.00
2018-09-21,5.99,5.99,5.99,5.99,1000,5990.00
2018-10-11,5.40,5.40,5.40,5.40,30000,162000.00
2018-10-16,5.40,5.40,5.40,5.40,30000,162000.00
2018-10-17,5.40,5.40,5.40,5.40,30000,162000.00
2018-10-18,5.30,5.30,5.30,5.30,40000,212000.00
2018-10-19,5.39,5.39,5.39,5.39,26000,140140.00
2018-10-22,5.40,5.40,5.40,5.40,28000,151200.00
2018-10-24,5.40,5.40,5.40,5.40,20000,108000.00
2018-11-06,5.30,5.30,5.30,5.30,30000,159000.00
2018-11-07,5.30,5.30,5.30,5.30,30000,159000.00
2018-11-08,5.30,5.30,5.30,5.30,30000,159000.00
2018-11-12,5.30,5.30,5.30,5.30,30000,159000.00
2018-11-13,5.30,5.30,5.30,5.30,30000,159000.00
2018-11-14,5.30,5.30,5.30,5.30,40000,212000.00
2018-11-15,5.30,5.30,5.30,5.30,30000,159000.00
2018-11-16,5.30,5.30,5.30,5.30,30000,159000.00
2018-11-20,6.30,6.30,6.30,6.30,1000,6300.00
2019-01-11,4.80,4.80,4.80,4.80,1000,4800.00
2019-03-18,4.80,4.80,4.80,4.80,2000,9600.00
2019-04-04,4.00,4.00,4.00,4.00,1000,4000.00
2019-04-10,5.30,5.30,5.30,5.30,4000,21200.00
2019-04-23,4.10,4.10,4.10,4.10,16000,65600.00
2019-04-29,5.80,5.80,5.80,5.80,2000,11600.00
2019-06-26,5.00,5.00,5.00,5.00,1000,5000.00
2019-06-28,4.80,4.80,4.80,4.80,300000,1950000.00
2019-07-04,4.50,4.50,4.50,4.50,5000,22500.00
2019-07-19,4.52,4.52,4.52,4.52,13000,58760.00
2019-09-04,4.51,4.51,4.51,4.51,2000,9020.00
2019-09-27,4.50,4.50,4.50,4.50,2000,9000.00
2019-10-09,4.48,4.48,4.48,4.48,1000,4480.00
2019-10-11,4.46,4.46,4.46,4.46,2000,8920.00
2019-11-07,4.46,4.46,4.46,4.46,4000,17840.00
2019-12-19,4.46,4.46,4.46,4.46,10000,44600.00
2019-12-23,4.46,4.46,4.46,4.46,4000,17840.00
2019-12-27,4.42,4.42,4.42,4.42,1000,4430.00
2019-12-30,4.87,4.87,4.87,4.87,1000,4870.00
2020-01-06,4.62,4.62,4.62,4.62,3000,13860.00
2020-01-07,5.00,5.00,4.98,4.98,3000,14990.00
2020-01-09,4.94,5.00,4.94,5.00,6000,29850.00
2020-01-13,4.80,4.80,4.80,4.80,3000,14400.00
2020-01-14,4.50,4.50,4.50,4.50,6000,27000.00
2020-02-12,4.50,4.50,4.50,4.50,25000,112500.00
2020-02-13,4.51,4.51,4.51,4.51,4000,18040.00
2020-03-05,4.53,4.53,4.53,4.53,2000,9060.00
2020-03-12,4.61,4.61,4.61,4.61,3000,13830.00
2020-03-30,5.90,5.90,5.90,5.90,100,690.30
2020-05-07,5.50,5.50,4.98,4.98,658200,3160940.00
2020-05-08,5.00,5.00,4.75,4.75,10500,50610.00
2020-05-11,4.69,4.80,4.69,4.75,17100,81039.00
2020-05-12,4.50,4.90,4.50,4.90,32900,155402.20
2020-05-13,4.90,4.90,4.50,4.87,15000,71350.00
2020-05-14,4.50,4.85,4.46,4.46,14000,63110.00
2020-05-15,4.26,4.27,4.26,4.27,22300,95242.84
2020-05-18,4.80,4.80,4.80,4.80,1000,4800.00
2020-05-19,4.78,4.78,4.78,4.78,1000,4780.00
2020-05-20,4.85,4.85,4.31,4.75,2000,9612.93
2020-05-21,4.83,4.83,4.83,4.83,1000,4830.00
2020-05-22,4.81,4.81,4.69,4.69,4800,22939.78
2020-05-25,5.39,5.39,4.38,4.88,9000,42050.00
2020-05-26,4.83,4.83,4.83,4.83,1000,4830.00
2020-05-28,4.81,4.81,4.81,4.81,100,827.32
2020-05-29,4.80,4.80,4.80,4.80,1000,4800.00
2020-06-02,4.80,4.83,4.69,4.83,15000,71830.00
2020-06-03,4.89,4.89,4.89,4.89,1000,4890.00
2020-06-04,4.86,4.86,4.80,4.80,3000,14520.00
2020-06-05,4.87,4.87,4.87,4.87,3600,17829.07
2020-06-09,4.85,4.85,4.85,4.85,5000,24250.00
2020-06-10,4.80,4.80,4.80,4.80,2000,9600.00
2020-06-11,5.00,5.00,5.00,5.00,1000,5000.00
2020-06-19,5.00,5.00,5.00,5.00,1200,6205.00
2020-06-22,4.80,4.81,4.80,4.81,80000,384600.00
2020-06-23,4.81,4.81,4.81,4.81,7500,36262.59
2020-06-29,4.98,5.00,4.98,5.00,2000,9980.00
2020-07-14,4.98,4.98,4.50,4.51,24900,117491.02
2020-07-15,4.51,5.00,4.50,5.00,27400,124293.62
2020-07-16,4.50,4.98,4.50,4.90,244200,1101020.50
2020-07-17,4.77,4.80,4.77,4.80,1600,7650.00
2020-07-21,4.69,4.96,4.69,4.96,7000,34260.00
2020-07-22,5.06,5.06,4.88,4.88,33500,164089.44
2020-07-23,4.96,4.96,4.96,4.96,5600,27829.00
2020-07-24,4.98,4.98,4.98,4.98,19300,96134.00
2020-07-27,4.90,5.11,4.90,5.00,9600,48642.10
2020-07-28,4.98,4.98,4.96,4.96,38000,189063.00
2020-07-29,4.96,4.98,4.96,4.96,23500,116752.00
2020-07-30,5.00,5.00,5.00,5.00,10000,50000.00
2020-08-03,5.00,5.00,5.00,5.00,1100,5500.00
2020-08-05,5.00,5.00,4.98,4.98,20500,102410.00
2020-08-06,5.00,5.00,4.90,4.90,21500,106820.00
2020-08-07,5.00,5.00,4.94,4.94,45100,223707.00
2020-08-10,4.90,4.90,4.90,4.90,3200,15680.00
2020-08-12,4.90,4.90,4.90,4.90,19400,95060.00
2020-08-13,4.87,4.87,4.87,4.87,10000,48700.00
2020-08-14,4.87,4.87,4.87,4.87,4500,21915.00
2020-08-18,4.85,4.85,4.85,4.85,600,2910.00
2020-08-19,4.85,4.85,4.85,4.85,10000,48500.00
2020-08-24,4.86,4.90,4.80,4.89,23000,112090.00
2020-08-27,4.89,4.89,4.89,4.89,10000,48900.00
2020-08-28,4.69,4.89,4.63,4.65,7500,35599.00
2020-08-31,4.90,4.90,4.89,4.90,13600,66608.44
2020-09-02,5.03,5.03,5.03,5.03,200,1006.00
2020-09-03,5.50,5.52,4.63,4.63,10700,54265.00
2020-09-14,4.90,4.90,4.30,4.30,200,920.00
2020-09-17,4.90,4.90,4.90,4.90,100,490.00
2020-09-25,5.40,5.40,5.40,5.40,100,540.00
2020-09-28,3.39,5.00,2.70,2.70,2300,11074.00
2020-09-29,4.96,4.96,4.96,4.96,100,497.00
2020-09-30,5.35,5.35,5.35,5.35,1000,5350.00
2020-10-14,5.00,5.00,5.00,5.00,21500,107500.00
2020-10-15,5.00,5.13,5.00,5.01,29100,145653.00
2020-10-16,5.00,5.00,5.00,5.00,29000,145000.00
2020-10-23,5.00,5.00,5.00,5.00,600,2980.00
2020-10-26,3.17,5.09,3.17,5.09,1100,3679.00
2020-10-28,3.86,5.19,3.86,5.19,100,522.86
2020-10-29,5.00,5.00,5.00,5.00,4000,20000.00
2020-10-30,4.50,5.00,4.50,5.00,100,504.50
2020-11-03,5.00,5.00,5.00,5.00,1800,9000.00
2020-11-04,5.00,5.00,5.00,5.00,2600,13000.00
2020-11-10,4.50,4.50,4.50,4.50,500,2250.00
2020-11-13,4.88,4.88,4.88,4.88,5000,24390.24
2020-11-16,5.00,5.00,4.85,4.85,5400,26250.00
2020-11-17,5.00,5.00,4.94,4.94,15100,75245.00
2020-11-18,4.80,4.80,4.80,4.80,2000,9600.00
2020-11-19,4.90,4.90,4.90,4.90,2800,13475.00
2020-11-23,4.80,4.80,4.80,4.80,3000,14400.00
2020-11-26,4.40,4.40,4.40,4.40,1100,4840.00
2020-11-30,4.48,4.88,4.48,4.88,700,3158.08
2020-12-01,4.69,4.90,4.69,4.90,100,710.90
2020-12-04,4.88,4.88,4.88,4.88,1000,4880.00
2020-12-09,4.58,4.58,4.58,4.58,3200,14665.16
2020-12-10,4.94,4.94,4.94,4.94,100,495.00
2020-12-11,4.48,4.80,4.48,4.69,10000,47486.58
2020-12-14,4.80,4.80,4.80,4.80,700,3360.00
2020-12-15,4.80,4.80,4.80,4.80,6900,33115.20
2020-12-17,4.96,4.96,4.96,4.96,100,497.00
2020-12-24,4.69,4.69,4.69,4.69,700,3290.00
2020-12-25,4.98,4.98,4.98,4.98,100,499.00
2020-12-28,5.09,5.09,5.07,5.07,8000,40660.00
2020-12-30,5.39,5.39,5.39,5.39,4000,21560.00
2021-01-04,4.96,4.96,4.96,4.96,5000,24850.00
2021-01-05,4.96,4.96,4.96,4.96,5000,24850.00
2021-01-26,4.98,5.20,4.98,4.98,10100,50310.04
2021-01-27,5.00,5.00,4.98,5.00,600,2999.00
2021-01-28,5.00,5.00,5.00,5.00,100,500.00
2021-02-18,4.98,4.98,4.98,4.98,10000,49770.12
2021-02-24,5.00,5.00,5.00,5.00,1400,7050.00
2021-03-05,5.50,6.00,5.50,6.00,10200,56200.00
2021-03-08,5.70,5.70,5.70,5.70,10000,57000.00
2021-03-10,5.50,5.99,5.50,5.99,1900,10548.00
2021-03-11,5.98,5.98,5.10,5.29,7500,38915.00
2021-03-12,5.57,5.57,5.57,5.57,8100,45117.00
2021-03-15,5.49,5.49,5.49,5.49,1000,5490.00
2021-03-16,5.24,5.50,5.24,5.50,900,4742.00
2021-03-17,5.95,5.95,5.95,5.95,100,595.00
2021-03-22,5.27,5.27,5.27,5.27,100,527.00
2021-03-23,5.50,5.50,5.50,5.50,1700,9306.00
2021-04-07,5.48,5.48,5.48,5.48,10000,54800.00
2021-04-08,5.48,5.48,5.48,5.48,6000,32880.00
2021-04-15,5.38,5.38,5.38,5.38,11800,63258.04
2021-04-16,5.37,5.37,5.37,5.37,11200,59961.42
2021-04-21,6.00,6.00,5.90,5.90,3500,20800.00
2021-04-22,5.90,5.95,5.90,5.95,6000,35550.00
2021-04-23,6.00,6.00,5.37,5.37,54900,298462.53
2021-04-28,5.98,5.98,5.96,5.96,300,1791.00
2021-04-29,5.97,5.97,5.96,5.96,200,1193.00
2021-04-30,5.30,5.30,5.30,5.30,6200,32775.20
2021-05-06,5.65,5.65,5.65,5.65,3100,17588.45
2021-05-14,5.60,5.60,5.60,5.60,4400,24477.60
2021-05-17,5.95,5.95,5.95,5.95,2700,16320.85
2021-05-19,5.65,5.65,5.65,5.65,1700,9605.00
2021-06-01,5.95,5.97,5.95,5.95,17300,102686.17
2021-06-04,5.60,5.60,5.60,5.60,12100,67748.80
2021-06-18,6.20,6.20,5.99,5.99,1700,10395.00
2021-06-23,5.68,5.68,5.68,5.68,2400,13632.00
2021-06-28,5.68,5.68,5.66,5.66,3900,22092.00
2021-06-29,5.66,5.66,5.66,5.66,2300,13018.00
2021-06-30,6.00,6.00,6.00,6.00,600,3504.00
2021-07-02,6.00,6.00,6.00,6.00,2000,12000.00
2021-07-05,6.00,6.00,6.00,6.00,6000,36000.00
2021-07-06,6.00,6.00,6.00,6.00,1300,7800.00
2021-07-16,6.00,6.00,6.00,6.00,2800,16764.00
2021-07-19,5.98,5.98,5.98,5.98,2200,13156.00
2021-07-20,5.98,5.98,5.98,5.98,4600,27418.30
2021-07-21,5.98,5.98,5.98,5.98,2700,16146.00
2021-07-23,5.98,5.98,5.98,5.98,1000,5980.00
2021-08-03,5.98,5.98,5.98,5.98,200,1196.00
2021-08-04,6.00,6.00,6.00,6.00,1200,7200.00
2021-08-06,6.10,6.10,6.10,6.10,1000,6100.00
2021-08-09,6.10,6.10,6.10,6.10,800,4989.80
2021-08-11,6.10,6.10,6.10,6.10,900,5490.00
2021-08-18,6.20,6.20,6.20,6.20,2000,12400.00
2021-08-19,7.20,7.20,7.20,7.20,200,1440.00
2021-08-24,7.20,7.20,7.20,7.20,100,720.00
2021-08-25,7.50,7.50,7.50,7.50,100,750.00
2021-08-26,7.70,7.70,7.70,7.70,100,770.00
2021-08-27,7.90,7.90,6.10,6.33,3900,24781.84
2021-08-30,7.90,7.90,7.90,7.90,100,790.00
2021-08-31,6.33,6.33,6.20,6.33,9000,56580.00
2021-09-01,6.40,7.90,6.40,7.90,9100,58900.90
2021-09-02,7.28,7.28,7.28,7.28,2200,16016.00
2021-09-03,7.60,7.90,7.60,7.90,31100,243430.80
2021-09-06,8.10,9.51,8.10,9.50,47900,450334.22
2021-09-07,9.50,9.50,9.30,9.30,7000,65120.00
2021-09-08,9.00,9.30,9.00,9.30,9400,87002.00
2021-09-09,9.45,9.45,9.45,9.45,2000,18900.00
2021-09-10,9.60,9.66,9.50,9.60,59800,574400.38
2021-09-13,9.97,10.28,9.97,10.08,17000,171660.00
2021-09-14,10.20,11.02,10.20,10.89,68700,741001.56
2021-09-15,10.96,11.06,10.83,10.83,52900,582920.63
2021-09-16,11.00,11.00,10.10,10.21,22900,248088.55
2021-09-17,10.92,10.95,10.91,10.92,46500,507420.16
2021-09-22,11.46,12.50,11.46,12.27,139000,1673178.25
2021-09-23,12.78,12.78,12.20,12.55,75600,952429.00
2021-09-24,12.55,13.50,12.55,13.03,56900,737937.44
2021-09-27,13.90,13.92,13.05,13.08,19200,257208.88
2021-09-28,13.15,13.15,13.11,13.11,32300,423822.00
2021-09-29,13.10,13.67,13.10,13.60,42300,576415.50
2021-09-30,13.50,13.53,13.30,13.30,27200,365754.00
2021-10-08,13.50,13.50,13.40,13.40,22700,306009.91
2021-10-11,15.90,15.90,14.80,14.80,7300,108550.00
2021-10-12,14.45,14.45,14.45,14.45,100,1445.00
2021-10-13,14.45,15.00,13.20,15.00,4400,62941.00
2021-10-15,15.00,15.00,15.00,15.00,7300,109995.00
2021-10-18,15.00,15.00,15.00,15.00,600,9000.00
2021-10-19,15.02,15.02,14.23,14.45,7000,104090.60
2021-10-20,14.20,14.20,14.20,14.20,4200,59640.00
2021-10-21,14.50,14.60,14.50,14.53,15400,223480.81
2021-10-22,14.88,15.10,14.88,15.10,14100,211287.34
2021-10-25,15.00,15.00,14.60,14.60,6400,94890.00
2021-10-26,14.20,14.20,13.98,13.98,8800,124304.65
2021-10-27,13.80,13.80,13.00,13.00,7600,101989.99
2021-10-28,12.60,12.60,12.60,12.60,800,9916.20
2021-11-01,12.00,12.62,12.00,12.62,20600,259055.31
2021-11-02,12.62,13.33,12.62,13.33,300,3857.00
2021-11-03,12.55,13.90,12.55,13.89,1800,24092.00
2022-03-21,10.80,10.80,10.13,10.80,4573425,47489536.00
2022-03-22,10.32,10.36,10.16,10.22,1216221,12489082.00
2022-03-23,10.22,10.33,10.22,10.28,788611,8100892.50
2022-03-24,10.25,10.40,10.10,10.15,686407,7022977.00
2022-03-25,10.14,10.16,10.03,10.06,546325,5511489.50
2022-03-28,10.08,10.09,9.84,9.88,504507,4994106.00
2022-03-29,9.83,10.08,9.70,9.81,332891,3281211.50
2022-03-30,9.83,10.05,9.74,10.05,431195,4252831.50
2022-03-31,9.92,10.38,9.86,10.13,766805,7789375.00
2022-04-01,10.14,10.46,10.06,10.46,825831,8539863.00
2022-04-06,10.50,10.66,10.25,10.31,600716,6250432.50
2022-04-07,10.23,10.25,10.02,10.16,407474,4141114.25
2022-04-08,10.09,10.19,10.01,10.17,185471,1873163.13
2022-04-11,10.20,10.21,10.05,10.09,115104,1160767.13
2022-04-12,10.08,10.18,10.08,10.18,92029,931671.06
2022-04-13,10.14,10.19,10.11,10.14,133389,1354200.00
2022-04-14,10.24,10.24,10.13,10.18,84781,862443.13
2022-04-15,10.15,10.48,10.14,10.17,282038,2899237.25
2022-04-18,10.15,10.17,10.09,10.09,205593,2079841.38
2022-04-19,10.09,10.14,10.04,10.09,115559,1164753.50
2022-04-20,10.06,10.21,10.05,10.10,128219,1300695.13
2022-04-21,10.09,10.18,9.98,9.98,185190,1859685.50
2022-04-22,9.98,10.12,9.95,10.02,67634,678621.75
2022-04-25,9.99,10.00,9.63,9.74,211405,2085666.63
2022-04-26,9.68,9.76,9.32,9.45,259345,2479935.25
2022-04-27,9.27,9.60,9.16,9.50,157145,1460523.50
2022-04-28,9.53,9.53,9.39,9.50,70029,663624.69
2022-04-29,9.59,9.78,9.50,9.78,119769,1153540.75
2022-05-05,9.55,9.81,9.55,9.80,102293,993024.75
2022-05-06,9.53,9.76,9.53,9.72,43252,418568.25
2022-05-09,9.58,9.80,9.58,9.75,63100,612207.00
2022-05-10,9.72,9.80,9.61,9.80,65167,635595.25
2022-05-11,9.85,9.95,9.73,9.90,142539,1405843.00
2022-05-12,9.80,9.89,9.79,9.83,49646,489062.91
2022-05-13,9.83,10.30,9.76,10.10,410051,4149365.50
2022-05-16,10.15,10.15,9.83,9.93,136456,1349434.75
2022-05-17,9.87,9.94,9.75,9.88,65988,648489.75
2022-05-18,9.88,9.89,9.83,9.87,67247,662139.25
2022-05-19,9.75,9.88,9.70,9.88,76005,741053.94
2022-05-20,9.88,9.94,9.80,9.84,56059,550361.75
2022-05-23,9.81,9.90,9.78,9.80,80880,793385.38
2022-05-24,9.79,9.81,9.70,9.74,90347,880683.13
2022-05-25,9.71,9.84,9.71,9.77,27131,264516.47
2022-05-26,9.70,9.79,9.70,9.77,30100,292923.13
2022-05-27,9.76,9.85,9.71,9.77,46522,454723.75
2022-05-30,9.72,9.77,9.70,9.77,53485,520526.09
2022-05-31,9.72,9.84,9.72,9.80,36412,355692.72
2022-06-01,9.80,9.84,9.75,9.80,32408,317434.97
2022-06-02,9.83,9.84,9.72,9.84,84625,828951.38
2022-06-06,9.76,9.85,9.74,9.84,144198,1417075.63
2022-06-07,9.86,9.95,9.82,9.84,105656,1045409.88
2022-06-08,9.84,9.90,9.83,9.86,68792,678394.00
2022-06-09,9.83,9.86,9.82,9.82,43799,430611.75
2022-06-10,9.78,9.85,9.78,9.83,61565,604775.13
2022-06-13,9.80,9.86,9.74,9.83,42916,420403.63
2022-06-14,9.74,9.83,9.74,9.78,36768,359572.41
2022-06-15,9.74,9.80,9.74,9.79,75631,739042.00
2022-06-16,9.80,9.82,9.78,9.78,26139,256206.39
2022-06-17,9.76,9.84,9.73,9.74,86094,839495.50
2022-06-20,9.75,9.84,9.71,9.73,74600,727949.38
2022-06-21,9.72,9.80,9.72,9.78,29651,289737.41
2022-06-22,9.76,9.80,9.73,9.76,29585,288703.75
2022-06-23,9.76,9.81,9.74,9.79,52608,514716.13
2022-06-24,9.80,9.83,9.77,9.82,84058,824801.31
2022-06-27,9.59,9.60,9.51,9.56,77260,738792.44
2022-06-28,9.51,9.82,9.51,9.80,438593,4263604.50
2022-06-29,9.80,9.83,9.62,9.62,140549,1363319.25
2022-06-30,9.59,9.79,9.58,9.63,86299,829763.00
2022-07-01,9.60,9.75,9.60,9.70,66453,644475.75
2022-07-04,9.62,9.63,9.60,9.62,27280,262340.00
2022-07-05,9.59,9.61,9.53,9.56,68789,658739.38
2022-07-06,9.52,9.54,9.45,9.48,67350,639092.13
2022-07-07,9.55,9.56,9.51,9.53,21223,202441.02
2022-07-08,9.46,9.59,9.46,9.47,56612,537529.50
2022-07-11,9.47,9.47,9.41,9.45,30538,288165.59
2022-07-12,9.41,9.44,9.41,9.43,14300,134821.00
2022-07-13,9.43,9.45,9.40,9.45,40218,378775.06
2022-07-14,9.42,9.50,9.41,9.41,17252,162797.14
2022-07-15,9.41,9.41,9.29,9.32,81100,756074.63
2022-07-18,9.31,9.32,9.26,9.31,23871,222091.89
2022-07-19,9.28,9.30,9.26,9.27,38156,354099.00
2022-07-20,9.26,9.33,9.26,9.30,54253,504334.78
2022-07-21,9.27,9.30,9.27,9.28,20669,191984.84
2022-07-22,9.30,9.30,9.25,9.29,46652,432197.16
2022-07-25,9.26,9.28,9.23,9.24,28784,266194.16
2022-07-26,9.23,9.27,9.22,9.27,36600,338480.00
2022-07-27,9.26,9.55,9.26,9.47,131425,1237194.50
2022-07-28,9.42,9.42,9.34,9.39,46110,432400.25
2022-07-29,9.39,9.39,9.30,9.36,29200,272171.00
2022-08-01,9.30,9.39,9.30,9.31,34402,320378.63
2022-08-02,9.23,9.30,9.09,9.14,95423,873360.94
2022-08-03,9.15,9.18,9.15,9.18,14128,129442.20
2022-08-04,9.12,9.21,9.12,9.18,14100,129237.22
2022-08-05,9.24,9.24,9.13,9.22,34827,319359.63
2022-08-08,9.18,9.20,9.11,9.20,17400,159663.23
2022-08-09,9.15,9.16,9.12,9.15,21000,192051.81
2022-08-10,9.12,9.24,9.10,9.20,69713,638293.75
2022-08-11,9.20,9.36,9.17,9.31,72256,674001.25
2022-08-12,9.26,9.34,9.25,9.28,33900,315436.00
2022-08-15,9.28,9.36,9.28,9.30,25100,234019.09
2022-08-16,9.35,9.36,9.29,9.29,25989,241737.81
2022-08-17,9.25,9.29,9.25,9.27,16100,149289.00
2022-08-18,9.23,9.30,9.23,9.28,12200,113005.00
2022-08-19,9.36,9.39,9.23,9.23,29244,270849.31
2022-08-22,9.19,9.33,9.19,9.20,32200,296964.84
2022-08-23,9.33,9.33,9.18,9.20,36466,335300.69
2022-08-24,9.19,9.23,9.14,9.15,65400,599400.00
2022-08-25,9.14,9.21,9.10,9.12,80287,732896.88
2022-08-26,9.11,9.20,9.11,9.15,48894,446727.63
2022-08-29,9.10,9.18,9.10,9.18,25300,230947.00
2022-08-30,9.13,9.14,9.11,9.12,12500,114093.60
2022-08-31,9.11,9.21,9.10,9.12,52184,475768.63
2022-09-01,9.11,9.14,9.10,9.10,34349,313194.38
2022-09-02,9.10,9.13,9.10,9.13,24700,225076.00
2022-09-05,9.11,9.15,9.11,9.15,17507,159859.84
2022-09-06,9.13,9.18,9.13,9.16,13800,126310.00
2022-09-07,9.12,9.19,9.10,9.19,13300,121485.00
2022-09-08,9.18,9.18,9.13,9.13,5128,46878.64
2022-09-09,9.12,9.20,9.12,9.19,9800,89760.00
2022-09-13,9.13,9.17,9.13,9.13,16700,152594.00
2022-09-14,9.10,9.14,9.10,9.12,17323,157911.30
2022-09-15,9.11,9.13,9.07,9.08,53428,486135.50
2022-09-16,9.03,9.25,9.02,9.23,137425,1264681.50
2022-09-19,9.23,9.35,9.13,9.19,75888,698867.69
2022-09-20,9.18,9.30,9.11,9.22,98182,903015.63
2022-09-21,9.18,9.91,9.18,9.72,1371953,13175883.00
2022-09-22,9.71,9.83,9.51,9.65,609335,5879509.50
2022-09-23,9.65,9.65,9.05,9.06,348230,3220710.00
2022-09-26,9.06,9.18,8.96,8.96,233383,2111736.25
2022-09-27,8.96,9.10,8.91,8.96,168150,1503643.88
2022-09-28,8.93,9.02,8.86,8.97,95642,854188.06
2022-09-29,8.97,9.00,8.85,8.87,80273,717585.81
2022-09-30,8.85,9.30,8.83,8.95,83531,749722.94
2022-10-10,8.83,9.03,8.80,8.80,36781,325781.78
2022-10-11,8.71,9.00,8.71,8.98,64755,578998.06
2022-10-12,8.82,9.00,8.82,8.96,45120,401517.88
2022-10-13,8.90,9.00,8.87,8.89,45130,403653.00
2022-10-14,8.87,9.00,8.87,8.94,51518,462211.44
2022-10-17,8.90,9.05,8.81,8.96,118973,1054890.63
2022-10-18,8.99,8.99,8.86,8.94,76989,687182.88
2022-10-19,8.84,8.94,8.84,8.88,34536,306220.31
2022-10-20,8.85,8.94,8.85,8.90,55962,496084.66
2022-10-21,8.84,8.92,8.84,8.89,28225,250065.19
2022-10-24,8.85,8.94,8.84,8.94,80976,719952.75
2022-10-25,8.92,8.99,8.82,8.85,18420,164056.89
2022-10-26,8.85,8.92,8.85,8.86,30475,270096.00
2022-10-27,8.83,8.90,8.83,8.88,47082,415962.81
2022-10-28,8.96,9.04,8.82,8.88,41274,368763.88
2022-10-31,8.82,8.91,8.65,8.80,64850,568697.00
2022-11-01,8.92,8.92,8.80,8.89,5509,48698.44
2022-11-02,8.80,8.91,8.79,8.90,21598,191501.95
2022-11-03,8.88,8.89,8.81,8.89,23400,206882.64
2022-11-04,8.82,8.90,8.82,8.90,73911,654520.31
2022-11-07,8.90,8.92,8.85,8.92,41215,367110.03
2022-11-08,8.85,8.93,8.85,8.92,12300,109644.00
2022-11-09,8.86,8.97,8.85,8.93,37600,336206.03
2022-11-10,8.89,9.00,8.85,8.92,17841,158539.84
2022-11-11,8.95,8.99,8.87,8.98,67945,607018.38
2022-11-14,8.95,9.05,8.90,8.98,38406,343400.88
2022-11-15,8.88,8.99,8.88,8.95,37988,339908.19
2022-11-16,8.91,9.01,8.91,8.98,57212,513333.03
2022-11-17,9.03,9.03,8.95,9.01,112522,1012670.94
2022-11-18,9.01,9.01,8.90,9.01,16200,145305.30
2022-11-21,9.04,9.10,8.96,9.07,98025,888174.06
2022-11-22,9.06,9.06,8.96,8.96,46763,420344.88
2022-11-23,8.96,8.97,8.90,8.97,40974,365388.00
2022-11-24,8.92,8.99,8.91,8.98,35700,319146.25
2022-11-25,9.00,9.00,8.72,8.92,65535,580781.31
2022-11-28,8.81,8.93,8.81,8.89,17746,157749.31
2022-11-29,8.93,9.00,8.93,8.98,40222,360281.13
2022-11-30,8.91,9.00,8.90,8.98,18952,169272.81
2022-12-01,9.00,9.00,8.92,8.99,21351,191533.00
2022-12-02,8.93,9.04,8.93,9.00,8250,73919.50
2022-12-05,8.94,9.06,8.94,8.97,37707,338964.00
2022-12-06,9.05,9.05,8.82,8.95,71456,635226.00
2022-12-07,8.83,8.94,8.83,8.94,28899,257076.70
2022-12-08,8.85,8.98,8.85,8.89,31222,279398.34
2022-12-09,8.86,8.95,8.86,8.91,17800,157979.00
2022-12-12,8.91,8.94,8.87,8.92,18724,166363.41
2022-12-13,8.82,8.91,8.82,8.91,47727,422098.41
2022-12-14,8.84,8.89,8.84,8.87,29537,262130.94
2022-12-15,8.87,8.92,8.82,8.87,34955,309339.19
2022-12-16,8.82,8.87,8.82,8.84,33866,298992.13
2022-12-19,8.86,8.86,8.81,8.82,32122,283384.63
2022-12-20,8.80,8.81,8.77,8.81,26200,230134.98
2022-12-21,8.76,8.80,8.75,8.78,17900,156821.00
2022-12-22,8.78,8.78,8.46,8.67,185337,1592747.50
2022-12-23,8.60,8.61,8.48,8.48,40134,341773.81
2022-12-26,8.42,8.74,8.42,8.50,11662,99393.40
2022-12-27,8.48,8.50,8.44,8.48,6812,57689.28
2022-12-28,8.45,8.60,8.45,8.46,16800,142217.00
2022-12-29,8.46,8.57,8.46,8.46,9930,84409.82
2022-12-30,8.46,8.50,8.43,8.44,8600,72766.00
2023-01-03,8.41,8.50,8.41,8.50,13200,111465.00
2023-01-04,8.52,8.57,8.40,8.47,6000,51238.00
2023-01-05,8.51,8.60,8.51,8.59,15691,134452.05
2023-01-06,8.51,8.60,8.51,8.57,13197,112541.19
2023-01-09,8.47,8.59,8.47,8.57,6442,54781.00
2023-01-10,8.46,8.57,8.46,8.56,16219,138133.94
2023-01-11,8.49,8.56,8.49,8.56,5400,45986.00
2023-01-12,8.45,8.56,8.45,8.55,12200,104115.00
2023-01-13,8.55,8.55,8.47,8.55,5634,47973.32
2023-01-16,8.67,8.67,8.47,8.55,10900,92947.00
2023-01-17,8.55,8.55,8.44,8.55,18989,161249.44
2023-01-18,8.44,8.54,8.44,8.51,11612,98642.08
2023-01-19,8.51,8.51,8.47,8.49,13950,118419.00
2023-01-20,8.45,8.58,8.45,8.52,37448,318787.53
2023-01-30,8.56,8.57,8.52,8.54,19446,166070.38
2023-01-31,8.55,8.85,8.55,8.85,232853,2041609.13
2023-02-01,8.90,8.95,8.77,8.88,216217,1913650.25
2023-02-02,8.74,8.78,8.70,8.76,104240,909392.75
2023-02-03,8.73,8.83,8.73,8.80,38024,334533.78
2023-02-06,8.70,8.80,8.68,8.80,23479,204597.05
2023-02-07,8.80,8.85,8.71,8.80,32828,287387.09
2023-02-08,8.88,8.88,8.73,8.76,8800,77058.00
2023-02-09,8.71,8.79,8.71,8.78,36399,317794.50
2023-02-10,8.71,8.78,8.71,8.78,14357,125383.64
2023-02-13,8.68,8.78,8.68,8.77,20296,177577.88
2023-02-14,8.70,8.79,8.70,8.76,18622,162631.06
2023-02-15,8.78,8.79,8.76,8.79,39079,342976.97
2023-02-16,8.77,8.86,8.71,8.73,144975,1273912.50
2023-02-17,8.74,8.75,8.73,8.74,15610,136403.30
2023-02-20,8.73,8.83,8.71,8.77,48162,422898.94
2023-02-21,8.75,8.83,8.73,8.81,70353,619229.31
2023-02-22,8.83,8.90,8.76,8.89,179562,1592329.75
2023-02-23,8.85,8.92,8.83,8.89,93981,836641.94
2023-02-24,8.89,8.89,8.86,8.88,10173,90336.24
2023-02-27,8.88,8.92,8.83,8.86,8800,78120.00
2023-02-28,8.96,8.99,8.80,8.82,111100,991908.06
2023-03-01,8.79,8.80,8.74,8.74,82055,719933.50
2023-03-02,8.71,8.80,8.71,8.78,28900,252427.00
2023-03-03,8.72,8.79,8.68,8.70,112364,977476.63
2023-03-06,8.70,8.79,8.67,8.77,138619,1210377.88
2023-03-07,8.68,8.76,8.68,8.74,6919,60286.30
2023-03-08,8.67,8.73,8.66,8.67,24840,215444.52
2023-03-09,8.73,8.79,8.63,8.69,41700,363933.41
2023-03-10,8.65,8.67,8.65,8.66,3689,31934.85
2023-03-13,8.63,8.80,8.63,8.79,203400,1784650.50
2023-03-14,8.77,8.77,8.68,8.68,20437,177688.16
2023-03-15,8.69,8.78,8.67,8.78,25500,222881.23
2023-03-16,8.66,8.78,8.66,8.67,15197,132449.84
2023-03-17,8.76,8.76,8.67,8.75,26802,232714.80
2023-03-20,8.62,8.64,8.62,8.63,3300,28469.00
2023-03-21,8.64,8.66,8.61,8.63,22100,190798.00
2023-03-22,8.64,8.65,8.62,8.63,14819,127932.78
2023-03-23,8.65,8.65,8.61,8.65,13165,113468.65
2023-03-24,8.62,8.68,8.62,8.64,12740,110182.80
2023-03-27,8.60,8.73,8.60,8.60,14700,126962.00
2023-03-28,8.58,8.60,8.57,8.57,15300,131383.89
2023-03-29,8.55,8.57,8.55,8.55,24948,213368.41
2023-03-30,8.52,8.56,8.50,8.51,26488,225460.77
2023-03-31,8.50,8.57,8.50,8.52,3700,31576.00
2023-04-03,8.51,8.54,8.51,8.54,2463,21015.02
2023-04-04,8.48,8.52,8.47,8.49,32000,271704.53
2023-04-06,8.48,8.58,8.48,8.52,14772,125715.75
2023-04-07,8.49,8.54,8.49,8.52,5400,45982.00
2023-04-10,8.58,8.58,8.50,8.51,8100,69103.83
2023-04-11,8.50,8.55,8.40,8.43,65000,547791.81
2023-04-12,8.43,8.43,8.38,8.41,99021,831300.56
2023-04-13,8.44,8.46,8.41,8.41,25073,211509.59
2023-04-14,8.41,8.45,8.41,8.44,12384,104309.46
2023-04-17,8.39,8.44,8.30,8.38,185011,1545685.50
2023-04-18,8.40,8.40,8.29,8.34,81500,678220.56
2023-04-19,8.33,8.34,8.33,8.33,26600,221673.20
2023-04-20,8.33,8.34,8.29,8.34,46010,382782.31
2023-04-21,8.24,8.29,8.24,8.26,38776,320398.13
2023-04-24,8.24,8.31,8.23,8.23,30394,250846.63
2023-04-25,8.23,8.24,8.14,8.16,52290,428660.91
2023-04-26,8.25,8.32,8.21,8.28,7021,58005.28
2023-04-27,8.32,8.42,8.32,8.37,29520,247140.09
2023-04-28,8.45,8.46,8.33,8.40,48263,405774.53
2023-05-04,8.36,8.47,8.36,8.47,92260,778842.38
2023-05-05,8.44,8.66,8.44,8.60,120415,1032244.25
2023-05-08,8.66,8.88,8.58,8.85,1005165,8394914.00
2023-05-09,8.85,8.99,8.45,8.45,449255,3914435.00
2023-05-10,8.46,8.72,8.44,8.46,1055860,8376760.00
2023-05-11,8.56,8.58,8.30,8.47,403528,3325932.00
2023-05-12,8.39,8.54,8.38,8.47,572117,4385015.00
2023-05-15,8.47,8.52,8.40,8.45,620367,4915474.50
2023-05-16,8.52,8.52,8.35,8.46,43067,362828.75
2023-05-17,8.46,8.47,8.45,8.47,9532,80652.11
2023-05-18,8.42,8.51,8.42,8.50,30900,262190.44
2023-05-19,8.50,8.52,8.42,8.50,53482,453499.50
2023-05-22,8.54,8.54,8.40,8.51,28792,243995.44
2023-05-23,8.51,8.55,8.47,8.50,153395,1284443.50
2023-05-24,8.45,8.52,8.45,8.51,25636,217498.80
2023-05-25,8.53,8.53,8.41,8.43,54500,460460.13
2023-05-26,8.43,8.52,8.40,8.46,58846,496885.09
2023-05-29,8.51,8.51,8.40,8.41,39602,333208.09
2023-05-30,8.40,8.46,8.34,8.39,41767,349977.66
2023-05-31,8.38,8.43,8.37,8.39,10063,84346.77
2023-06-01,8.40,8.52,8.39,8.46,104304,884677.00
2023-06-02,8.47,8.52,8.40,8.48,107127,903135.00
2023-06-05,8.51,8.51,8.35,8.45,73435,616787.94
2023-06-06,8.36,8.48,8.36,8.45,12308,103698.16
2023-06-07,8.45,8.46,8.35,8.44,37630,315354.09
2023-06-08,8.38,8.40,8.32,8.32,38600,322609.63
2023-06-09,8.00,8.10,8.00,8.01,88907,711937.31
2023-06-12,8.01,8.05,7.94,8.02,29224,233033.72
2023-06-13,7.99,8.00,7.94,7.95,16296,130164.00
2023-06-14,7.96,7.96,7.87,7.87,80198,634063.56
2023-06-15,7.87,7.98,7.85,7.88,56343,443264.16
2023-06-16,7.89,7.93,7.86,7.90,37901,298602.31
2023-06-19,7.87,7.91,7.83,7.83,27893,219222.80
2023-06-20,7.81,7.86,7.75,7.77,49551,386095.78
2023-06-21,7.80,7.99,7.77,7.98,117978,932781.44
2023-06-26,7.79,8.02,7.79,7.83,37965,298478.75
2023-06-27,7.82,7.85,7.82,7.83,45825,358900.25
2023-06-28,7.82,7.85,7.80,7.80,26300,205560.27
2023-06-29,7.80,7.98,7.79,7.98,86259,684884.56
2023-06-30,7.99,8.01,7.95,8.01,43123,344776.56
2023-07-03,7.98,8.07,7.98,8.04,37199,299214.38
2023-07-04,7.97,8.12,7.97,8.08,63558,514660.31
2023-07-05,8.13,8.38,8.13,8.25,217651,1799150.38
2023-07-06,8.33,8.34,8.17,8.23,63604,525437.50
2023-07-07,8.15,8.21,8.15,8.18,16686,136347.06
2023-07-10,8.22,8.24,8.20,8.21,38066,313208.88
2023-07-11,8.23,8.23,8.13,8.16,36792,300911.69
2023-07-12,8.18,8.18,8.02,8.08,68500,555285.00
2023-07-13,8.06,8.12,8.06,8.09,28555,231310.58
2023-07-14,8.06,8.12,8.06,8.12,23409,189898.08
2023-07-17,8.08,8.09,8.07,8.08,284736,2310670.00
2023-07-18,8.02,8.14,8.01,8.08,55100,445386.00
2023-07-19,8.06,8.07,8.03,8.07,39865,320845.59
2023-07-20,8.04,8.06,8.04,8.04,32514,261818.69
2023-07-21,8.03,8.06,8.02,8.05,13300,106958.72
2023-07-24,8.05,8.06,8.05,8.06,3162,25476.22
2023-07-25,8.06,8.11,8.06,8.10,71272,575364.88
2023-07-26,8.03,8.09,8.01,8.05,36206,290969.56
2023-07-27,8.01,8.02,7.97,7.99,71794,574668.81
2023-07-28,7.99,8.03,7.95,8.01,94482,754194.13
2023-07-31,8.03,8.05,7.98,8.03,72782,582834.25
2023-08-01,8.06,8.13,8.06,8.09,146051,1181728.38
2023-08-02,8.02,8.13,8.02,8.12,105414,853324.38
2023-08-03,8.12,8.13,8.05,8.11,47800,386548.69
2023-08-04,8.13,8.13,8.08,8.13,31400,254396.00
2023-08-07,8.10,8.11,8.08,8.11,35020,283457.34
2023-08-08,8.08,8.13,8.07,8.11,60811,492724.78
2023-08-09,8.09,8.10,8.09,8.10,10106,81810.64
2023-08-10,8.13,8.13,8.06,8.08,12600,101771.10
2023-08-11,8.08,8.12,8.07,8.08,83240,673433.44
2023-08-14,8.01,8.13,8.01,8.11,30400,245493.00
2023-08-15,8.07,8.10,8.07,8.08,1700,13736.00
2023-08-16,8.04,8.07,8.04,8.07,11300,91163.00
2023-08-17,8.07,8.12,8.06,8.11,30802,249117.25
2023-08-18,8.09,8.13,8.08,8.09,19860,160845.19
2023-08-21,8.04,8.05,7.86,7.86,119573,953606.06
2023-08-22,7.91,7.93,7.86,7.90,34754,274284.31
2023-08-23,7.84,7.91,7.83,7.85,14998,118014.00
2023-08-24,7.81,7.86,7.78,7.85,56396,440052.59
2023-08-25,7.91,8.04,7.86,7.87,24360,192618.63
2023-08-28,8.03,8.10,7.87,7.90,87264,698915.25
2023-08-29,7.90,7.99,7.89,7.96,22240,176311.00
2023-08-30,7.92,7.98,7.90,7.92,24503,194458.50
2023-08-31,7.97,8.10,7.92,8.09,114122,918262.00
2023-09-01,8.13,8.40,8.02,8.25,733436,6068038.50
2023-09-04,8.35,8.58,8.35,8.53,1188090,10104368.00
2023-09-05,8.48,8.54,8.40,8.43,208356,1761327.50
2023-09-06,8.41,8.51,8.41,8.46,113664,962761.56
2023-09-07,8.39,8.52,8.30,8.37,61777,518206.50
2023-09-08,8.36,8.39,8.30,8.35,115582,964331.44
2023-09-11,8.42,8.42,8.32,8.32,45519,379848.59
2023-09-12,8.40,8.46,8.35,8.40,59066,496962.38
2023-09-13,8.45,8.46,8.33,8.40,55973,469366.63
2023-09-14,8.45,8.66,8.40,8.53,243252,2074955.88
2023-09-15,8.54,8.54,8.30,8.41,163188,1366368.63
2023-09-18,8.41,8.44,8.39,8.41,91542,770718.13
2023-09-19,8.41,8.51,8.41,8.48,122256,1035773.00
2023-09-20,8.49,8.57,8.45,8.55,123690,1053380.88
2023-09-21,8.55,8.56,8.50,8.53,47412,404887.56
2023-09-22,8.47,8.55,8.47,8.52,80413,685133.06
2023-09-25,8.59,8.60,8.53,8.54,64858,555758.75
2023-09-26,8.54,8.60,8.40,8.41,78252,660977.69
2023-09-27,8.40,8.46,8.40,8.41,22300,187885.75
2023-09-28,8.42,8.45,8.42,8.45,21300,179399.00
2023-10-09,8.45,8.47,8.42,8.47,5900,49843.00
2023-10-10,8.47,8.47,8.38,8.44,36350,305900.91
2023-10-11,8.44,8.44,8.37,8.40,11260,94804.80
2023-10-12,8.47,8.47,8.40,8.42,21146,178046.06
2023-10-13,8.40,8.41,8.30,8.35,30238,252446.61
2023-10-16,8.35,8.35,8.13,8.19,78199,642633.50
2023-10-17,8.13,8.25,8.13,8.25,77100,632704.00
2023-10-18,8.18,8.51,8.18,8.51,169899,1423636.00
2023-10-19,8.43,8.45,8.37,8.37,23250,195558.63
2023-10-20,8.38,8.61,8.21,8.42,159334,1354883.50
2023-10-23,8.38,8.38,8.21,8.30,47446,391646.50
2023-10-24,8.29,8.34,8.25,8.34,126900,1049440.88
2023-10-25,8.26,8.40,8.26,8.33,59300,495959.81
2023-10-26,8.35,8.41,8.35,8.41,20884,174901.14
2023-10-27,8.48,8.71,8.42,8.71,319939,2767670.50
2023-10-30,8.71,8.85,8.71,8.82,214965,1890716.25
2023-10-31,8.74,8.80,8.66,8.74,123651,1074946.38
2023-11-01,8.80,8.80,8.66,8.70,32737,284990.94
2023-11-02,8.70,8.73,8.65,8.66,86464,751646.63
2023-11-03,8.70,8.74,8.66,8.71,118247,1030205.69
2023-11-06,8.72,8.77,8.67,8.77,165891,1448136.75
2023-11-07,8.80,8.88,8.77,8.84,178428,1575609.00
2023-11-08,8.85,9.04,8.80,8.96,350608,3136749.00
2023-11-09,9.01,9.05,8.95,8.97,128764,1157766.75
2023-11-10,8.96,9.02,8.92,8.96,73096,654994.50
2023-11-13,8.96,8.99,8.92,8.94,51427,460537.84
2023-11-14,8.92,8.98,8.92,8.95,42300,378409.00
2023-11-15,8.98,9.07,8.97,9.05,128133,1155897.00
2023-11-16,9.05,9.05,8.88,8.88,61664,550500.63
2023-11-17,8.88,8.95,8.80,8.85,26998,238814.59
2023-11-20,8.92,9.34,8.91,9.26,347922,3183109.00
2023-11-21,9.28,10.21,9.27,9.67,1570776,15355949.00
2023-11-22,9.61,10.45,9.60,10.42,2026277,20489656.00
2023-11-23,10.77,12.00,10.46,11.00,3312148,37012236.00
2023-11-24,11.15,13.65,11.11,13.62,3520639,43232156.00
2023-11-27,14.72,16.43,14.03,15.46,4984835,76059344.00
2023-11-28,13.88,15.88,13.70,14.41,3607383,52687880.00
2023-11-29,14.30,14.66,12.45,12.66,2649977,35747244.00
2023-11-30,12.69,13.26,12.24,12.50,1480760,18464072.00
2023-12-01,12.68,12.99,11.45,11.59,1784253,21344706.00
2023-12-04,11.40,12.02,11.20,11.60,705547,8225397.00
2023-12-05,11.50,13.43,11.50,13.05,1593383,19959934.00
2023-12-06,13.08,14.18,13.06,13.15,2240331,30431526.00
2023-12-07,13.20,13.79,12.59,13.69,2092923,28063740.00
2023-12-08,14.15,14.39,13.61,13.94,2342162,32343432.00
2023-12-11,13.53,13.58,13.12,13.19,1281903,17094792.00
2023-12-12,13.19,13.43,12.78,13.30,820755,10699034.00
2023-12-13,13.17,14.39,13.07,14.05,2031932,28281120.00
2023-12-14,14.00,14.58,13.71,14.06,2104415,30078632.00
2023-12-15,14.00,14.20,13.55,13.71,1866634,25695944.00
2023-12-18,13.80,15.21,13.73,14.85,2695637,38748640.00
2023-12-19,14.69,15.20,14.25,14.99,2284943,33758388.00
2023-12-20,14.99,15.65,14.85,15.60,2735107,42080232.00
2023-12-21,15.51,16.17,13.70,13.91,3350083,50128548.00
2023-12-22,13.77,14.29,13.22,14.18,1775707,24456786.00
2023-12-25,14.32,15.10,14.30,15.03,1885086,27918248.00
2023-12-26,15.05,15.49,14.20,15.00,2106074,31431746.00
2023-12-27,14.80,15.06,14.33,15.06,1697079,25110132.00
2023-12-28,14.98,15.99,14.85,15.96,3154455,49098044.00
2023-12-29,15.98,16.48,15.66,16.17,3027078,48402976.00
2024-01-02,17.50,18.98,17.03,17.88,5507567,98527264.00
2024-01-03,17.35,17.88,17.01,17.19,2929924,50986864.00
2024-01-04,16.91,17.49,16.38,17.07,2524797,42951088.00
2024-01-05,16.80,17.28,15.82,15.96,2175081,35857008.00
2024-01-08,15.57,16.13,15.00,15.00,1337947,20965360.00
2024-01-09,14.88,15.38,13.89,14.50,1723829,24908858.00
2024-01-10,14.55,15.35,14.55,15.08,1208565,18174662.00
2024-01-11,15.15,15.36,14.55,15.06,936937,14029118.00
2024-01-12,14.70,14.84,13.57,13.60,1696966,23927800.00
2024-01-15,13.60,13.76,12.86,13.05,816317,10787954.00
2024-01-16,13.18,14.19,12.48,13.86,1378485,18365232.00
2024-01-17,13.73,14.50,13.55,13.63,1041420,14624956.00
2024-01-18,13.63,14.26,13.13,14.18,911374,12626989.00
2024-01-19,14.09,14.90,14.09,14.77,905500,13233704.00
2024-01-22,14.70,14.97,13.37,14.15,962129,13965429.00
2024-01-23,14.00,14.34,13.87,14.16,629597,8883121.00
2024-01-24,14.07,14.63,13.45,13.98,500367,6947938.00
2024-01-25,13.98,14.10,13.40,13.63,711744,9788486.00
2024-01-26,13.69,13.98,13.15,13.15,347813,4756154.50
2024-01-29,13.26,13.28,11.16,11.86,780022,9666405.00
2024-01-30,11.77,11.97,11.18,11.49,639988,7380522.50
2024-01-31,11.52,11.97,11.40,11.61,736476,8628938.00
2024-02-01,11.75,11.75,11.00,11.08,772392,8699832.00
2024-02-02,11.09,11.19,10.04,10.20,941556,9888010.00
2024-02-05,10.09,11.56,9.50,10.90,1868117,19613298.00
2024-02-06,10.90,12.51,10.90,12.51,2227338,26330338.00
2024-02-07,12.70,13.50,11.80,13.10,3186883,40637084.00
2024-02-08,13.10,13.46,11.70,13.19,2690443,34170936.00
2024-02-19,12.95,12.99,12.38,12.88,1862198,23581964.00
2024-02-20,12.91,13.95,12.83,13.53,3370351,45111496.00
2024-02-21,13.02,14.49,12.95,13.85,4198372,58149468.00
2024-02-22,14.50,14.75,12.99,13.45,3313541,45940600.00
2024-02-23,13.50,13.98,13.00,13.34,2783990,37481960.00
2024-02-26,13.76,14.77,13.44,14.09,3627983,50625636.00
2024-02-27,13.86,15.00,13.43,14.75,3918942,56463412.00
2024-02-28,15.03,16.00,13.45,13.45,4157209,60969036.00
2024-02-29,12.80,13.92,12.76,13.66,3014433,40210036.00
2024-03-01,13.69,14.22,13.34,13.40,1587896,21730838.00
2024-03-04,13.16,13.30,12.61,12.84,1990684,25701780.00
2024-03-05,12.51,12.65,12.04,12.15,1250544,15372679.00
2024-03-06,12.15,12.85,12.01,12.53,1164536,14505770.00
2024-03-07,12.43,13.79,12.42,12.73,2999160,39541632.00
2024-03-08,12.54,12.69,12.03,12.31,1794689,22229032.00
2024-03-11,12.24,12.73,12.24,12.41,946318,11765935.00
2024-03-12,12.41,12.41,12.12,12.27,819393,10042516.00
2024-03-13,12.20,12.32,11.91,11.93,816728,9835883.00
2024-03-14,11.90,12.01,11.60,11.61,748808,8832089.00
2024-03-15,11.71,12.50,11.33,12.24,1890148,22717096.00
2024-03-18,12.10,12.46,12.10,12.25,979273,11970161.00
2024-03-19,12.25,12.34,12.08,12.10,725461,8850329.00
2024-03-20,12.18,12.35,11.95,12.30,696196,8496552.00
2024-03-21,12.22,12.22,11.81,11.89,975344,11666111.00
2024-03-22,11.80,11.89,11.52,11.70,683180,7981078.50
2024-03-25,11.63,11.75,11.08,11.31,650842,7428898.00
2024-03-26,11.30,11.33,11.01,11.15,465108,5180459.50
2024-03-27,11.60,11.67,11.14,11.27,617541,7058916.00
2024-03-28,11.25,11.44,11.10,11.16,619202,6973544.00
2024-03-29,11.26,11.30,11.00,11.19,450157,5013033.00
2024-04-01,11.20,11.25,11.12,11.22,425465,4754918.50
2024-04-02,11.34,11.77,11.19,11.28,851123,9713849.00
2024-04-03,11.13,11.23,10.95,11.13,476062,5261169.00
2024-04-08,11.05,11.07,10.71,10.71,516038,5633101.00
2024-04-09,10.81,11.07,10.73,11.00,390599,4257276.00
2024-04-10,11.07,11.68,10.92,11.30,923763,10534553.00
2024-04-11,11.26,11.28,10.96,11.07,444540,4922452.00
2024-04-12,11.05,11.15,10.96,10.98,228505,2520937.00
2024-04-15,10.92,11.06,10.48,10.85,301009,3234210.75
2024-04-16,10.75,10.75,10.21,10.40,406415,4219708.50
2024-04-17,10.51,11.09,10.51,11.00,600252,6559091.50
2024-04-18,11.09,11.18,10.89,10.96,398748,4414751.50
2024-04-19,10.86,11.00,10.68,10.70,438650,4727509.50
2024-04-22,10.64,10.73,10.56,10.71,213553,2274489.25
2024-04-23,10.67,10.96,10.57,10.83,280910,3035327.25
2024-04-24,10.80,11.08,10.80,11.07,396036,4326717.00
2024-04-25,11.17,11.55,11.06,11.20,761720,8654651.00
2024-04-26,11.11,11.57,11.11,11.44,878763,10010106.00
2024-04-29,11.60,11.98,11.59,11.67,685531,8088989.50
2024-04-30,11.68,11.85,11.45,11.72,413175,4833491.50
2024-05-06,11.88,11.98,11.70,11.96,396913,4702306.00
2024-05-07,11.99,11.99,11.52,11.62,671753,7837052.50
2024-05-08,11.60,11.68,11.21,11.26,480049,5479566.00
2024-05-09,11.34,11.48,11.28,11.37,380448,4334378.00
2024-05-10,11.40,11.47,11.21,11.22,332314,3752368.00
2024-05-13,11.33,11.80,11.11,11.62,799987,9243805.00
2024-05-14,11.67,11.79,11.50,11.63,390536,4549532.00
2024-05-15,11.70,11.70,11.39,11.48,275340,3162668.00
2024-05-16,11.50,11.56,11.27,11.35,282907,3212223.50
2024-05-17,11.34,11.48,11.23,11.47,212740,2413507.25
2024-05-20,11.51,11.53,11.26,11.33,251256,2856949.25
2024-05-21,11.23,11.34,11.10,11.12,230782,2577697.00
2024-05-22,11.08,11.65,11.08,11.60,592981,6779866.50
2024-05-23,11.68,12.87,11.46,12.18,2489625,30446320.00
2024-05-24,12.00,12.35,11.75,11.89,746866,8951909.00
2024-05-27,11.86,11.87,11.55,11.71,380539,4437903.00
2024-05-28,11.81,12.04,11.56,11.98,524845,6249763.00
2024-05-29,11.90,12.01,11.66,11.88,528779,6243867.00
2024-05-30,11.86,11.86,11.51,11.70,448970,5237149.50
2024-05-31,11.70,11.77,11.55,11.60,209783,2438321.25
2024-06-03,11.60,11.63,11.43,11.49,157398,1812592.63
2024-06-04,11.58,12.09,11.47,11.85,470730,5560451.50
2024-06-05,11.85,12.05,11.51,11.63,315626,3717469.00
2024-06-06,11.74,11.74,11.24,11.32,385993,4381918.50
2024-06-07,11.35,11.48,11.30,11.42,130010,1479225.88
2024-06-11,11.51,11.51,10.99,11.30,290065,3254578.00
2024-06-12,11.38,11.50,11.24,11.42,250266,2837411.75
2024-06-13,11.42,11.49,11.21,11.21,91153,1031155.25
2024-06-14,11.30,11.30,10.95,11.27,199785,2228138.50
2024-06-17,11.29,11.29,11.00,11.06,244039,2711509.75
2024-06-18,11.19,11.19,11.02,11.07,133654,1479300.50
2024-06-19,11.07,11.50,11.01,11.22,248196,2804484.50
2024-06-20,11.40,11.40,11.07,11.14,141176,1570427.75
2024-06-21,11.23,11.55,11.02,11.37,460014,5238923.00
2024-06-24,11.40,11.40,10.95,11.03,257996,2864071.25
2024-06-25,11.03,11.29,10.85,11.05,185473,2057550.25
2024-06-26,11.15,11.35,10.92,11.30,319845,3570611.50
2024-06-27,11.32,11.32,11.13,11.20,146768,1641060.38
2024-06-28,10.80,10.85,10.70,10.75,125410,1352505.13
2024-07-01,10.82,10.83,10.58,10.61,482095,5130318.50
2024-07-02,10.63,10.72,10.37,10.37,232020,2445305.50
2024-07-03,10.46,10.46,10.00,10.09,188154,1911578.88
2024-07-04,10.09,10.24,9.75,10.00,182444,1828700.63
2024-07-05,9.90,10.02,9.65,9.77,379036,3726920.00
2024-07-08,9.99,9.99,9.48,9.59,249608,2420718.75
2024-07-09,9.68,9.83,9.45,9.71,490586,4719518.50
2024-07-10,9.72,9.81,9.44,9.56,250190,2416902.00
2024-07-11,9.75,9.78,9.55,9.64,618142,5955014.50
2024-07-12,9.66,9.89,9.60,9.69,298245,2890472.00
2024-07-15,9.71,9.71,9.41,9.59,167435,1599329.38
2024-07-16,9.66,10.12,9.46,10.10,743274,7331304.00
2024-07-17,10.13,11.11,10.02,11.05,1351214,14608020.00
2024-07-18,11.10,12.55,10.99,11.28,2501813,29174012.00
2024-07-19,11.56,11.56,10.52,10.90,1406618,15616748.00
2024-07-22,10.85,11.03,10.44,10.54,757864,8071723.50
2024-07-23,10.55,11.26,10.45,10.55,957662,10320092.00
2024-07-24,10.67,11.47,10.31,10.93,1781596,19537218.00
2024-07-25,10.98,12.46,10.78,12.20,3115564,36664836.00
2024-07-26,12.04,12.04,11.40,11.65,2350554,27481730.00
2024-07-29,11.54,11.75,11.10,11.37,1344881,15341835.00
2024-07-30,11.46,11.48,11.05,11.19,977255,10984005.00
2024-07-31,11.21,11.56,11.21,11.33,1286922,14649749.00
2024-08-01,11.10,11.59,11.05,11.20,731230,8212317.00
2024-08-02,11.10,11.22,10.71,10.74,835268,9102304.00
2024-08-05,10.73,10.85,10.20,10.27,522433,5470791.00
2024-08-06,10.31,10.66,10.31,10.50,323867,3380934.50
2024-08-07,10.58,10.80,10.32,10.80,545631,5778934.50
2024-08-08,10.84,10.93,10.60,10.71,329895,3555556.75
2024-08-09,10.80,10.80,10.50,10.68,169318,1806518.00
2024-08-12,10.90,11.36,10.69,10.94,530869,5836825.00
2024-08-13,10.94,11.02,10.61,10.96,441683,4784567.00
2024-08-14,11.06,11.25,10.76,11.02,304885,3371362.00
2024-08-15,11.06,11.18,10.67,10.85,339536,3697489.75
2024-08-16,10.93,10.93,10.58,10.67,288638,3093042.75
2024-08-19,10.77,10.77,10.61,10.73,158070,1691770.25
2024-08-20,11.80,12.10,10.91,10.95,1698380,19470702.00
2024-08-21,10.73,10.73,10.26,10.27,1115965,11651748.00
2024-08-22,10.33,10.36,9.98,9.98,614767,6241848.00
2024-08-23,10.07,10.10,9.92,10.06,315148,3152678.00
2024-08-26,10.14,10.35,10.01,10.06,221106,2241369.50
2024-08-27,10.02,10.33,10.00,10.33,453705,4632683.00
2024-08-28,10.40,10.40,10.12,10.25,159538,1636252.75
2024-08-29,10.29,10.33,10.15,10.24,145931,1491135.50
2024-08-30,10.30,10.49,10.16,10.41,361417,3745026.00
2024-09-02,10.46,10.46,10.16,10.16,977926,8992307.00
2024-09-03,10.24,10.37,10.02,10.18,207837,2109580.25
2024-09-04,10.08,10.22,10.04,10.14,172740,1741894.50
2024-09-05,10.10,10.19,10.04,10.19,200632,2027958.75
2024-09-06,10.20,10.23,10.11,10.20,129241,1315745.50
2024-09-09,10.26,10.56,10.14,10.47,683054,7097062.50
2024-09-10,10.51,10.51,10.28,10.33,205737,2130303.75
2024-09-11,10.29,10.42,10.22,10.28,132874,1370535.75
2024-09-12,10.36,10.36,10.00,10.05,207139,2100925.00
2024-09-13,10.14,10.50,9.95,10.17,255333,2597068.75
2024-09-18,10.11,10.35,9.96,10.26,263592,2685446.75
2024-09-19,10.32,10.39,10.16,10.28,223035,2292691.50
2024-09-20,10.28,10.38,10.12,10.20,166926,1708618.63
2024-09-23,10.28,10.28,10.06,10.15,176724,1790081.50
2024-09-24,10.22,10.39,10.05,10.31,383114,3928522.50
2024-09-25,10.41,10.65,10.31,10.36,424665,4444199.00
2024-09-26,10.45,10.68,10.20,10.58,729282,7638824.00
2024-09-27,10.68,11.56,10.68,11.25,1181332,13204450.00
2024-09-30,11.81,13.39,11.49,13.03,2959960,37494560.00
2024-10-08,15.68,16.58,13.67,15.40,4068850,61114820.00
2024-10-09,14.67,14.67,12.52,12.89,1898662,26004718.00
2024-10-10,13.02,13.80,12.70,12.80,1317385,17337940.00
2024-10-11,12.61,12.92,11.50,11.89,1529328,18390524.00
2024-10-14,11.60,12.79,11.60,12.34,1038656,12639688.00
2024-10-15,12.40,12.77,11.94,12.04,1000932,12422020.00
2024-10-16,11.94,12.54,11.82,12.45,914445,11176760.00
2024-10-17,12.70,14.50,12.66,13.10,3264175,44749892.00
2024-10-18,13.26,14.60,13.14,13.99,3618572,50400612.00
2024-10-21,14.55,15.41,14.00,15.40,4213355,62700960.00
2024-10-22,15.40,18.00,14.00,16.30,6462321,104473336.00
2024-10-23,15.58,20.58,14.80,18.67,8534259,149068256.00
2024-10-24,18.00,23.40,17.50,23.10,10342600,206329536.00
2024-10-25,22.00,23.99,19.29,19.84,8911457,197229200.00
2024-10-28,19.50,19.60,18.20,19.12,5877793,110070096.00
2024-10-29,19.33,20.48,18.51,20.34,5415011,105525456.00
2024-10-30,19.85,21.30,19.05,19.65,4351289,87145304.00
2024-10-31,19.55,20.15,18.26,18.65,3325052,63402436.00
2024-11-01,18.60,18.61,16.60,17.00,2261270,39985520.00
2024-11-04,17.10,18.20,17.10,18.01,1792988,31818126.00
2024-11-05,18.26,19.78,17.95,19.52,3664199,69727448.00
2024-11-06,19.74,21.05,19.19,20.90,4524080,91957736.00
2024-11-07,21.23,21.91,20.50,20.95,4031369,85247016.00
2024-11-08,21.20,21.49,20.00,20.40,2534606,52344640.00
2024-11-11,20.09,20.30,18.99,19.98,1992267,39130036.00
2024-11-12,20.11,20.80,19.40,20.15,1934905,38865548.00
2024-11-13,20.17,20.20,19.00,20.19,1622240,31871598.00
2024-11-14,19.98,22.88,19.98,21.27,4751300,101455936.00
2024-11-15,20.96,23.99,20.24,23.10,6190153,138884928.00
2024-11-18,24.30,30.03,24.10,27.99,10148205,286563520.00
2024-11-19,24.70,25.80,22.01,24.08,7522050,179027936.00
2024-11-20,23.01,24.77,22.52,24.16,6122619,143901456.00
2024-11-21,23.60,26.03,23.33,25.65,6026515,150725968.00
2024-11-22,24.66,25.55,23.31,23.45,4773636,117489760.00
2024-11-25,23.60,23.63,21.59,22.72,2668360,59677632.00
2024-11-26,22.36,23.14,21.53,21.66,1995749,44519476.00
2024-11-27,21.34,22.05,20.19,22.05,1999059,42044772.00
2024-11-28,22.06,23.47,21.81,22.61,2446359,55880092.00
2024-11-29,22.78,23.87,22.39,23.53,2552921,59366924.00
2024-12-02,24.03,24.19,23.21,23.85,2651292,62778416.00
2024-12-03,23.85,23.85,23.85,23.85,0,0.00
#数据来源:通达信
