831855 浙江大农 日线 不复权
      日期	    开盘	    最高	    最低	    收盘	    成交量	    成交额
2018-12-25,10.06,10.06,10.06,10.06,1781000,17916860.00
2018-12-26,10.06,10.06,10.06,10.06,8000,80480.00
2018-12-27,10.06,10.06,10.06,10.06,1000,10060.00
2020-03-10,11.00,11.00,11.00,11.00,5000,55000.00
2020-03-11,10.99,10.99,10.99,10.99,1000,10990.00
2020-04-01,10.09,10.09,10.07,10.07,900,9073.00
2020-04-03,10.07,10.07,10.07,10.07,1600,16112.00
2020-04-07,10.07,10.07,10.07,10.07,900,9063.00
2020-04-08,10.08,10.08,10.08,10.08,500,5040.00
2020-04-09,10.10,10.10,10.10,10.10,2100,21462.50
2020-04-10,10.10,10.10,10.10,10.10,3300,33471.40
2020-04-13,11.00,11.00,11.00,11.00,1300,14300.00
2020-04-14,13.09,13.09,13.09,13.09,300,4057.90
2020-04-30,20.10,20.10,20.10,20.10,100,2010.00
2020-11-19,10.05,10.50,10.05,10.50,100,1215.00
2020-11-26,10.50,10.50,10.50,10.50,1100,11844.00
2020-12-01,6.63,6.63,6.63,6.63,900,5781.36
2020-12-09,6.39,6.39,6.39,6.39,100,639.00
2021-01-14,12.59,12.59,8.01,11.00,800,9683.91
2021-01-18,11.00,11.00,11.00,11.00,200,2200.00
2021-01-21,10.00,10.00,10.00,10.00,300,3000.00
2021-01-25,9.10,9.10,9.00,9.00,300,2722.00
2021-01-27,11.00,11.00,11.00,11.00,100,1100.00
2021-02-25,11.00,11.00,11.00,11.00,200,2200.00
2021-03-02,11.00,11.00,11.00,11.00,100,1122.00
2021-03-08,11.00,11.00,11.00,11.00,200,1650.00
2021-04-26,11.02,11.02,11.02,11.02,500,5278.58
2021-05-21,11.02,11.02,11.02,11.02,100,1102.00
2021-06-11,10.27,10.27,10.27,10.27,900,8934.90
2021-06-21,10.27,10.27,9.00,9.00,38900,360260.00
2021-06-22,8.88,8.88,8.88,8.88,14100,125208.00
2021-06-23,8.88,8.88,8.88,8.88,100,1118.88
2021-06-24,8.88,8.88,8.88,8.88,1500,13320.00
2021-07-08,9.00,9.00,9.00,9.00,1000,9000.00
2021-07-16,6.60,6.60,6.60,6.60,100,660.00
2021-09-24,8.21,8.21,8.21,8.21,100,821.00
2021-09-29,9.00,10.50,9.00,10.00,4200,40703.00
2021-10-12,10.00,10.00,10.00,10.00,100,1010.00
2021-11-17,19.87,19.87,18.00,18.00,600,10988.00
2021-11-18,28.88,28.88,28.88,28.88,100,2888.00
2021-11-19,28.88,28.88,28.88,28.88,100,2888.00
2021-11-29,28.80,28.80,28.80,28.80,100,2880.00
2022-01-07,20.00,24.98,20.00,24.98,700,14498.00
2022-01-24,20.00,20.00,19.90,19.90,200,3990.00
2022-01-27,19.90,19.90,19.90,19.90,100,1990.00
2022-02-10,19.90,19.90,19.90,19.90,10000,199000.00
2022-02-11,19.90,19.90,19.90,19.90,15000,298500.00
2022-02-14,19.79,19.79,19.49,19.49,2000,39538.00
2022-02-16,9.89,10.26,9.89,10.26,200,2212.80
2022-02-21,18.90,18.90,18.87,18.87,1000,18890.00
2022-02-24,15.60,15.60,15.08,15.08,200,3339.44
2022-02-25,12.88,19.95,12.88,19.95,300,5119.80
2022-03-10,12.80,12.80,12.80,12.80,100,1280.00
2022-03-14,17.00,17.00,16.99,16.99,100,1699.99
2022-03-17,17.00,17.00,17.00,17.00,200,3400.00
2022-05-06,8.93,8.93,8.93,8.93,200,1796.94
2022-05-17,10.00,10.00,10.00,10.00,100,1000.00
2022-12-29,6.50,6.50,5.88,5.88,3512214,21620882.00
2022-12-30,6.05,6.40,5.98,6.39,2571700,15973527.00
2023-01-03,6.85,6.93,6.51,6.89,2444050,16611530.00
2023-01-04,6.95,7.00,6.50,6.88,947126,6425029.00
2023-01-05,6.90,6.96,6.75,6.84,519098,3570927.25
2023-01-06,7.00,7.00,6.72,6.92,599819,4142252.75
2023-01-09,7.00,7.42,6.81,7.41,1401203,10145572.00
2023-01-10,7.28,7.56,7.02,7.21,663180,4835472.50
2023-01-11,7.25,7.25,6.98,6.99,417809,2934982.50
2023-01-12,6.91,7.02,6.82,6.87,264703,1828545.88
2023-01-13,6.91,7.40,6.82,7.22,660303,4753693.00
2023-01-16,7.17,7.28,7.16,7.19,167053,1200532.38
2023-01-17,7.16,7.35,7.16,7.24,146324,1055230.13
2023-01-18,7.32,7.33,7.18,7.23,203612,1474606.50
2023-01-19,7.23,7.31,7.18,7.26,157386,1137208.88
2023-01-20,7.27,7.30,7.19,7.30,182840,1329247.88
2023-01-30,7.16,7.32,7.16,7.29,216556,1566936.50
2023-01-31,7.30,7.78,7.19,7.78,2667206,20293048.00
2023-02-01,7.89,7.95,7.53,7.53,1663135,12751699.00
2023-02-02,7.53,7.57,7.33,7.48,873068,6471216.00
2023-02-03,7.50,7.52,7.39,7.51,408240,3040647.25
2023-02-06,7.42,7.50,7.28,7.35,433686,3182501.25
2023-02-07,7.39,7.44,7.27,7.35,341593,2501483.25
2023-02-08,7.39,7.39,7.18,7.20,311515,2262664.75
2023-02-09,7.14,7.28,7.05,7.25,333882,2401140.25
2023-02-10,7.25,7.25,7.18,7.24,145034,1045879.75
2023-02-13,7.24,7.31,7.20,7.30,225634,1641155.63
2023-02-14,7.37,7.39,7.27,7.31,149235,1091363.75
2023-02-15,7.32,7.32,7.23,7.24,176608,1280855.63
2023-02-16,7.23,7.30,7.00,7.20,242982,1746181.75
2023-02-17,7.11,7.23,7.07,7.12,196654,1406443.13
2023-02-20,7.12,7.21,7.12,7.19,101638,727258.25
2023-02-21,7.11,7.17,7.11,7.13,147183,1050860.13
2023-02-22,7.07,7.16,7.06,7.11,264654,1878136.63
2023-02-23,7.06,7.13,7.05,7.07,197643,1400085.88
2023-02-24,7.09,7.13,7.06,7.07,74721,529213.69
2023-02-27,7.00,7.09,7.00,7.03,51098,359499.31
2023-02-28,7.05,7.23,7.05,7.12,142487,1016765.44
2023-03-01,7.10,7.25,7.02,7.15,161835,1153233.75
2023-03-02,7.09,7.15,7.06,7.06,104381,739836.56
2023-03-03,7.07,7.10,6.99,7.07,264757,1866517.13
2023-03-06,7.07,7.07,7.00,7.02,122695,861605.31
2023-03-07,7.02,7.03,6.92,6.99,132736,927287.56
2023-03-08,6.94,7.00,6.92,6.98,118963,826218.19
2023-03-09,7.00,7.00,6.92,6.94,33487,232671.39
2023-03-10,6.93,6.93,6.78,6.82,209491,1430041.63
2023-03-13,6.87,6.87,6.80,6.82,55770,379907.00
2023-03-14,6.77,6.80,6.69,6.69,113923,768409.25
2023-03-15,6.78,6.80,6.65,6.68,71236,478830.91
2023-03-16,6.61,6.72,6.60,6.60,99156,658750.25
2023-03-17,6.70,6.73,6.61,6.67,111994,748960.13
2023-03-20,6.77,6.79,6.70,6.76,103527,698612.00
2023-03-21,6.65,6.75,6.64,6.71,136799,913047.75
2023-03-22,6.70,6.80,6.70,6.77,113685,769569.00
2023-03-23,6.77,6.77,6.69,6.70,90525,607006.63
2023-03-24,6.68,6.76,6.67,6.73,110306,741174.88
2023-03-27,6.75,6.75,6.70,6.73,61500,413879.78
2023-03-28,6.72,6.75,6.69,6.70,27238,182558.59
2023-03-29,6.68,6.75,6.64,6.69,46694,312020.28
2023-03-30,6.66,6.69,6.64,6.64,66162,440068.84
2023-03-31,6.60,6.70,6.60,6.63,23341,155061.83
2023-04-03,6.63,6.66,6.55,6.65,98387,650643.56
2023-04-04,6.60,6.69,6.57,6.63,78562,519546.28
2023-04-06,6.61,6.65,6.58,6.61,24394,161153.89
2023-04-07,6.64,6.67,6.54,6.63,24423,161444.34
2023-04-10,6.63,6.66,6.61,6.61,22375,148369.63
2023-04-11,6.59,6.64,6.56,6.64,38370,252820.00
2023-04-12,6.66,6.66,6.61,6.62,51930,343862.16
2023-04-13,6.62,7.05,6.62,6.80,204946,1398523.63
2023-04-14,6.85,6.96,6.62,6.70,193383,1320758.13
2023-04-17,6.72,6.86,6.70,6.73,81000,545279.13
2023-04-18,6.70,6.78,6.68,6.68,46296,310646.22
2023-04-19,6.67,6.77,6.67,6.72,26152,175071.78
2023-04-20,6.69,6.69,6.60,6.65,88955,589565.38
2023-04-21,6.62,6.65,6.56,6.57,209491,1382327.00
2023-04-24,6.64,6.64,6.57,6.61,46282,304586.16
2023-04-25,6.59,6.62,6.50,6.54,157469,1027942.00
2023-04-26,6.69,6.88,6.46,6.63,95940,636423.50
2023-04-27,6.60,6.66,6.56,6.60,53238,350926.59
2023-04-28,6.52,6.62,6.52,6.61,46249,304492.78
2023-05-04,6.61,6.70,6.59,6.62,40957,271301.75
2023-05-05,6.61,6.70,6.59,6.68,121465,807429.94
2023-05-08,6.70,6.90,6.68,6.87,475930,3234332.25
2023-05-09,6.83,6.85,6.68,6.73,240321,1621677.50
2023-05-10,6.74,6.74,6.65,6.69,75333,503812.97
2023-05-11,6.63,6.76,6.63,6.69,62122,416381.88
2023-05-12,6.69,6.69,6.66,6.68,81158,542026.88
2023-05-15,6.65,6.73,6.64,6.68,33630,224374.77
2023-05-16,6.66,6.76,6.66,6.75,118497,798320.81
2023-05-17,6.76,6.76,6.70,6.72,37442,252201.81
2023-05-18,6.72,6.91,6.69,6.89,397446,2716456.50
2023-05-19,6.83,6.86,6.77,6.80,139961,952470.19
2023-05-22,6.80,6.84,6.77,6.81,39235,266622.72
2023-05-23,6.83,6.83,6.75,6.82,38009,257853.67
2023-05-24,6.82,6.82,6.70,6.77,77925,526961.13
2023-05-25,6.77,6.86,6.71,6.86,184087,1249982.38
2023-05-26,6.80,6.87,6.66,6.69,211235,1425950.00
2023-05-29,6.70,6.74,6.70,6.73,48185,323713.66
2023-05-30,6.71,6.76,6.69,6.75,109847,738517.00
2023-05-31,6.70,6.73,6.70,6.71,34293,229912.73
2023-06-01,6.75,6.75,6.67,6.73,70650,473639.03
2023-06-02,6.74,6.75,6.67,6.73,72763,488418.25
2023-06-05,6.63,6.90,6.63,6.88,156578,1067714.75
2023-06-06,6.63,6.70,6.43,6.55,103358,677251.44
2023-06-07,6.51,6.60,6.51,6.56,3500,22945.00
2023-06-08,6.56,6.56,6.43,6.50,47736,308148.75
2023-06-09,6.43,6.57,6.42,6.55,81320,525837.00
2023-06-12,6.53,6.58,6.44,6.47,61388,398161.84
2023-06-13,6.55,6.55,6.43,6.51,21361,137847.80
2023-06-14,6.41,6.54,6.41,6.50,74400,480249.56
2023-06-15,6.51,6.51,6.42,6.46,28177,181538.72
2023-06-16,6.51,6.51,6.42,6.49,28657,184279.52
2023-06-19,6.42,6.49,6.41,6.43,42552,273304.31
2023-06-20,6.41,6.48,6.41,6.45,22516,144992.00
2023-06-21,6.47,6.47,6.32,6.46,86688,556778.13
2023-06-26,6.35,6.43,6.35,6.40,74853,475689.38
2023-06-27,6.32,6.40,6.32,6.40,33500,213592.30
2023-06-28,6.35,6.43,6.33,6.39,25600,162583.00
2023-06-29,6.35,6.43,6.35,6.42,95545,609369.81
2023-06-30,6.36,6.45,6.36,6.45,45200,290288.91
2023-07-03,6.49,6.63,6.39,6.63,171129,1132464.25
2023-07-04,6.57,6.57,6.51,6.51,36883,240830.20
2023-07-05,6.46,6.56,6.46,6.56,58268,380629.81
2023-07-06,6.56,6.58,6.51,6.55,70039,458670.81
2023-07-07,6.47,6.57,6.47,6.56,55541,362891.03
2023-07-10,6.53,6.57,6.53,6.54,76108,498205.53
2023-07-11,6.49,6.54,6.45,6.49,76477,495126.03
2023-07-12,6.45,6.47,6.40,6.46,75391,484261.84
2023-07-13,6.42,6.48,6.40,6.46,105413,676866.56
2023-07-14,6.42,6.48,6.42,6.46,11854,76521.58
2023-07-17,6.42,6.49,6.42,6.46,18300,118082.00
2023-07-18,6.42,6.63,6.38,6.63,272873,1786428.13
2023-07-19,6.53,6.60,6.50,6.51,20797,135534.06
2023-07-20,6.49,6.56,6.49,6.50,12988,84649.76
2023-07-21,6.48,6.54,6.48,6.51,6200,40289.78
2023-07-24,6.48,6.58,6.48,6.53,5900,38312.00
2023-07-25,6.54,6.54,6.51,6.51,25429,165873.50
2023-07-26,6.51,6.57,6.50,6.53,29276,190694.06
2023-07-27,6.54,6.58,6.49,6.53,10200,66582.67
2023-07-28,6.48,6.56,6.48,6.56,83714,547248.00
2023-07-31,6.52,6.65,6.51,6.63,120459,795339.44
2023-08-01,6.66,6.66,6.56,6.61,36764,241838.13
2023-08-02,6.57,6.63,6.57,6.62,16432,108039.24
2023-08-03,6.62,6.66,6.56,6.60,102120,674754.13
2023-08-04,6.59,6.62,6.56,6.56,42076,277477.44
2023-08-07,6.55,6.60,6.55,6.57,20910,137485.70
2023-08-08,6.54,6.59,6.52,6.59,61207,400013.50
2023-08-09,6.62,6.62,6.52,6.57,16399,107242.52
2023-08-10,6.54,6.59,6.51,6.55,39047,254680.45
2023-08-11,6.50,6.58,6.50,6.50,80200,521615.00
2023-08-14,6.49,6.52,6.48,6.50,19100,123968.00
2023-08-15,6.58,6.58,6.48,6.49,19500,126759.00
2023-08-16,6.48,6.52,6.46,6.49,11785,76464.00
2023-08-17,6.44,6.54,6.44,6.54,36284,236173.02
2023-08-18,6.54,6.55,6.45,6.46,40500,262304.00
2023-08-21,6.55,6.55,6.46,6.46,28765,186633.63
2023-08-22,6.46,6.54,6.43,6.46,79174,511446.25
2023-08-23,6.45,6.45,6.40,6.44,86122,553135.31
2023-08-24,6.42,6.62,6.38,6.62,128443,833603.81
2023-08-25,6.56,6.63,6.40,6.63,199349,1309514.13
2023-08-28,6.76,6.76,6.56,6.57,142744,949459.38
2023-08-29,6.57,6.64,6.57,6.61,89756,593877.06
2023-08-30,6.62,6.62,6.55,6.61,34304,225905.67
2023-08-31,6.54,6.60,6.54,6.54,17300,113345.55
2023-09-01,6.56,6.66,6.55,6.66,196360,1304194.75
2023-09-04,6.82,6.92,6.75,6.90,927999,6352186.00
2023-09-05,6.90,6.90,6.70,6.75,365769,2469566.75
2023-09-06,6.75,6.75,6.65,6.69,148771,993522.13
2023-09-07,6.70,6.70,6.61,6.63,89263,592280.69
2023-09-08,6.62,6.66,6.58,6.65,86162,568725.31
2023-09-11,6.67,6.67,6.60,6.64,51678,342872.13
2023-09-12,6.66,6.66,6.61,6.66,76062,504036.44
2023-09-13,6.61,6.67,6.61,6.65,54944,364458.59
2023-09-14,6.60,6.66,6.58,6.61,36480,240776.09
2023-09-15,6.56,6.65,6.56,6.63,6435,42513.35
2023-09-18,6.53,6.60,6.50,6.60,78485,513404.53
2023-09-19,6.61,6.63,6.50,6.59,78794,518281.25
2023-09-20,6.58,6.62,6.58,6.61,64765,427441.44
2023-09-21,6.58,6.63,6.58,6.58,72594,478846.53
2023-09-22,6.63,6.63,6.53,6.62,21013,138398.02
2023-09-25,6.55,6.63,6.55,6.61,10130,66613.13
2023-09-26,6.58,6.62,6.58,6.59,44533,293668.84
2023-09-27,6.57,6.63,6.56,6.63,20553,135625.27
2023-09-28,6.63,6.65,6.60,6.62,48268,319868.41
2023-10-09,6.66,6.66,6.62,6.63,32433,214987.98
2023-10-10,6.63,6.63,6.57,6.61,14285,94104.04
2023-10-11,6.65,6.68,6.58,6.64,31921,212327.28
2023-10-12,6.63,6.65,6.54,6.64,60885,400493.16
2023-10-13,6.57,6.61,6.51,6.59,33000,216206.91
2023-10-16,6.54,6.59,6.54,6.58,29381,192592.92
2023-10-17,6.56,6.58,6.52,6.57,33668,220604.95
2023-10-18,6.59,6.59,6.46,6.46,37749,245175.92
2023-10-19,6.46,6.53,6.39,6.43,40784,262247.16
2023-10-20,6.37,6.50,6.37,6.44,17045,109443.55
2023-10-23,6.39,6.47,6.30,6.32,59874,379083.47
2023-10-24,6.40,6.40,6.33,6.38,25535,162341.16
2023-10-25,6.45,6.45,6.38,6.41,12444,79775.18
2023-10-26,6.38,6.41,6.31,6.41,11165,70932.83
2023-10-27,6.43,6.56,6.34,6.53,55504,360483.75
2023-10-30,6.44,6.53,6.43,6.52,22336,144558.72
2023-10-31,6.55,6.55,6.45,6.47,29338,189820.42
2023-11-01,6.56,6.56,6.42,6.42,21600,139360.00
2023-11-02,6.41,6.48,6.40,6.41,59491,381255.22
2023-11-03,6.51,6.51,6.41,6.47,29485,189888.09
2023-11-06,6.45,6.65,6.45,6.65,100218,657427.56
2023-11-07,6.55,6.66,6.50,6.62,77508,511932.31
2023-11-08,6.62,6.71,6.58,6.67,251626,1669251.75
2023-11-09,6.62,6.71,6.59,6.66,104208,693653.63
2023-11-10,6.64,6.66,6.61,6.63,58084,384945.53
2023-11-13,6.61,6.62,6.58,6.62,52093,344078.69
2023-11-14,6.60,6.65,6.60,6.65,72525,479849.63
2023-11-15,6.65,6.72,6.65,6.70,158840,1061425.88
2023-11-16,6.65,6.70,6.57,6.63,108687,719479.13
2023-11-17,6.60,6.61,6.57,6.61,63688,420463.88
2023-11-20,6.61,6.79,6.61,6.75,229620,1548508.00
2023-11-21,6.76,7.38,6.76,7.04,2189456,15702688.00
2023-11-22,7.13,7.82,7.01,7.70,4318546,31882088.00
2023-11-23,7.88,8.43,7.43,7.48,4793036,37307748.00
2023-11-24,7.37,8.97,7.37,8.85,5685377,46100588.00
2023-11-27,9.45,10.88,9.28,10.83,6790135,67707032.00
2023-11-28,10.06,10.79,9.74,10.23,4070541,41599036.00
2023-11-29,10.28,11.30,10.11,10.68,6965242,73702000.00
2023-11-30,10.76,10.95,9.80,10.59,4303867,44563184.00
2023-12-01,10.41,10.67,9.80,10.24,2797949,28575252.00
2023-12-04,10.58,10.78,9.61,10.27,2453820,25018554.00
2023-12-05,10.08,12.93,9.85,12.77,9555051,104999448.00
2023-12-06,12.35,12.45,11.06,11.48,6724123,78344776.00
2023-12-07,11.12,11.80,11.08,11.48,3698757,42428100.00
2023-12-08,11.35,11.78,11.10,11.38,3840904,43671420.00
2023-12-11,11.38,11.48,10.39,11.10,2291849,25008824.00
2023-12-12,11.09,11.38,10.80,11.10,1624691,17999860.00
2023-12-13,11.01,11.39,10.87,11.10,2775505,31003046.00
2023-12-14,11.17,11.66,10.95,11.35,4557724,51782736.00
2023-12-15,11.46,11.63,11.00,11.30,2660183,30028288.00
2023-12-18,11.50,12.39,11.38,11.81,4261993,50494256.00
2023-12-19,11.54,11.70,11.24,11.46,2792946,31900664.00
2023-12-20,11.62,12.80,11.36,12.23,5643973,68547984.00
2023-12-21,12.88,15.68,12.55,13.59,10548125,148355520.00
2023-12-22,12.22,14.59,11.37,14.38,8262100,106892520.00
2023-12-25,13.64,15.20,13.51,14.40,6499545,92998952.00
2023-12-26,14.05,14.45,12.85,13.83,5052130,69429384.00
2023-12-27,13.60,13.78,12.86,12.89,3359457,44256972.00
2023-12-28,12.85,13.22,12.68,12.98,2653245,34368512.00
2023-12-29,12.80,13.45,12.70,13.28,2834497,36946252.00
2024-01-02,13.18,13.69,13.15,13.64,3275513,44118216.00
2024-01-03,13.64,13.87,13.30,13.81,2564669,34836496.00
2024-01-04,14.08,14.86,13.71,13.94,3186774,45148920.00
2024-01-05,14.20,14.20,12.85,12.92,2593501,34708872.00
2024-01-08,12.77,13.00,11.89,11.89,1835339,22820066.00
2024-01-09,11.90,12.00,10.89,11.18,2080324,23672474.00
2024-01-10,11.23,11.57,10.93,11.54,1261687,14282378.00
2024-01-11,11.55,11.73,11.40,11.59,870681,10067307.00
2024-01-12,11.54,11.58,10.19,10.21,1751791,18899966.00
2024-01-15,10.10,10.19,9.60,9.80,1206667,11927761.00
2024-01-16,9.80,10.57,9.41,10.49,1786247,17988462.00
2024-01-17,10.41,11.10,10.27,10.45,2197783,23648102.00
2024-01-18,10.45,10.90,10.26,10.86,1745263,18579836.00
2024-01-19,10.87,11.60,10.78,11.55,2136956,24116526.00
2024-01-22,11.50,11.67,10.43,10.71,1816834,20214672.00
2024-01-23,10.63,10.89,10.40,10.87,1036836,11130533.00
2024-01-24,10.95,11.23,10.40,11.10,1281943,13938548.00
2024-01-25,10.95,11.20,10.60,10.79,1216309,13306636.00
2024-01-26,10.79,11.68,10.65,10.82,1426216,15821847.00
2024-01-29,10.84,10.89,9.62,9.66,1583561,16017818.00
2024-01-30,9.66,10.25,9.45,9.82,1115984,10901673.00
2024-01-31,9.66,10.15,9.66,9.98,920946,9182239.00
2024-02-01,10.07,10.50,9.70,9.74,1014616,10249433.00
2024-02-02,9.47,9.78,8.13,8.82,1298026,11729338.00
2024-02-05,8.80,9.48,8.18,8.45,1441979,12589251.00
2024-02-06,8.30,9.27,8.22,9.26,1414442,12599139.00
2024-02-07,9.19,9.78,8.80,9.07,1361254,12824761.00
2024-02-08,9.30,9.36,8.70,9.03,1056101,9440523.00
2024-02-19,9.03,9.34,9.03,9.20,649460,5954096.50
2024-02-20,9.08,9.51,9.00,9.47,902438,8409651.00
2024-02-21,9.45,9.82,9.38,9.42,1366562,13159468.00
2024-02-22,9.50,9.73,9.31,9.45,875968,8315346.50
2024-02-23,9.37,9.57,9.05,9.19,940003,8684474.00
2024-02-26,9.19,9.55,9.10,9.28,851177,7937417.00
2024-02-27,9.30,9.80,9.24,9.78,1442372,13911294.00
2024-02-28,9.86,10.30,9.38,9.55,1785081,17588658.00
2024-02-29,9.58,9.96,9.41,9.93,1228346,11902676.00
2024-03-01,10.02,10.48,9.94,10.11,1356989,13766492.00
2024-03-04,10.11,10.14,9.59,9.75,1107304,10823646.00
2024-03-05,9.73,9.73,9.21,9.27,599547,5664475.00
2024-03-06,9.22,9.48,9.16,9.38,465479,4351014.50
2024-03-07,9.46,9.67,9.26,9.29,646313,6112705.50
2024-03-08,9.30,9.42,9.15,9.22,509237,4716723.00
2024-03-11,9.43,9.43,9.20,9.38,391989,3658903.75
2024-03-12,9.37,9.55,9.31,9.38,406383,3817029.25
2024-03-13,9.50,9.50,9.21,9.30,435446,4075668.75
2024-03-14,9.34,9.42,9.00,9.08,611736,5632421.50
2024-03-15,9.15,9.65,8.90,9.55,1461107,13779583.00
2024-03-18,9.69,9.72,9.38,9.57,605410,5756862.50
2024-03-19,9.55,9.62,9.41,9.48,418981,3983405.00
2024-03-20,9.49,9.55,9.32,9.49,391296,3691571.00
2024-03-21,9.41,9.49,9.25,9.27,396120,3703335.75
2024-03-22,9.33,9.37,9.01,9.02,603835,5513827.00
2024-03-25,9.02,9.02,8.72,8.84,441763,3915928.50
2024-03-26,8.89,8.95,8.63,8.67,250777,2193494.75
2024-03-27,8.72,9.08,8.68,8.70,367635,3272910.50
2024-03-28,8.89,8.91,8.68,8.79,315288,2777363.50
2024-03-29,9.00,9.44,8.91,8.94,1117039,10262517.00
2024-04-01,8.94,9.31,8.94,9.16,865718,7939706.00
2024-04-02,9.13,9.22,8.98,9.03,635395,5754342.50
2024-04-03,9.05,9.38,8.93,9.21,995337,9189406.00
2024-04-08,9.13,9.13,8.60,8.75,496309,4380303.50
2024-04-09,8.84,8.84,8.53,8.78,286488,2477952.75
2024-04-10,8.75,9.39,8.70,9.07,1042505,9469656.00
2024-04-11,9.07,9.07,8.80,8.83,642637,5686564.50
2024-04-12,8.96,8.96,8.71,8.82,360721,3175169.00
2024-04-15,8.77,8.81,8.20,8.38,496654,4242295.50
2024-04-16,8.38,8.38,7.77,7.79,417855,3302904.50
2024-04-17,7.85,8.32,7.85,8.20,505267,4125723.75
2024-04-18,8.20,8.56,8.10,8.24,329840,2741727.75
2024-04-19,8.24,8.60,8.20,8.37,570906,4768883.00
2024-04-22,8.66,8.66,8.22,8.47,416742,3496772.75
2024-04-23,8.28,8.41,8.20,8.33,396008,3281470.75
2024-04-24,8.30,8.42,8.25,8.27,352312,2931785.75
2024-04-25,8.30,8.35,8.17,8.21,317307,2615038.00
2024-04-26,8.18,8.26,8.04,8.21,591084,4820018.00
2024-04-29,8.26,8.30,8.16,8.27,451020,3715915.75
2024-04-30,8.25,8.36,8.22,8.28,371173,3073347.00
2024-05-06,8.35,8.75,8.27,8.69,1690328,14394505.00
2024-05-07,8.59,8.76,8.55,8.69,474267,4107046.25
2024-05-08,8.71,8.83,8.59,8.65,377252,3284178.75
2024-05-09,8.52,8.71,8.45,8.55,972287,8320049.50
2024-05-10,8.52,8.57,8.43,8.44,303778,2572202.50
2024-05-13,8.44,8.95,8.30,8.91,1631078,14244361.00
2024-05-14,8.75,9.00,8.72,8.77,481580,4249202.50
2024-05-15,8.68,9.29,8.63,8.95,633165,5637357.00
2024-05-16,8.90,9.14,8.85,8.86,353527,3183966.50
2024-05-17,8.80,8.92,8.72,8.87,176414,1554510.25
2024-05-20,8.85,9.03,8.72,8.83,309082,2736717.50
2024-05-21,8.80,8.80,8.34,8.49,312615,2675575.25
2024-05-22,8.42,8.53,8.41,8.47,201303,1703044.50
2024-05-23,8.46,8.94,8.30,8.70,729576,6399205.50
2024-05-24,8.54,8.74,8.53,8.57,280132,2410369.25
2024-05-27,8.60,8.63,8.31,8.51,336396,2851611.25
2024-05-28,8.35,8.69,8.35,8.51,132531,1133301.13
2024-05-29,8.42,8.57,8.34,8.40,317611,2677239.50
2024-05-30,8.36,8.44,8.21,8.24,193535,1603417.63
2024-05-31,8.44,8.44,8.11,8.22,59432,491715.53
2024-06-03,8.11,8.27,7.88,8.07,210706,1692251.00
2024-06-04,8.04,8.33,7.91,8.07,106447,854846.63
2024-06-05,8.28,8.28,7.86,7.99,125692,999931.69
2024-06-06,7.88,8.03,7.30,7.56,307282,2326920.75
2024-06-07,7.38,7.64,7.20,7.53,366101,2703859.25
2024-06-11,7.60,7.60,7.23,7.52,160016,1188221.25
2024-06-12,7.52,7.76,7.52,7.66,69512,527403.56
2024-06-13,7.50,7.68,7.50,7.67,86820,662416.94
2024-06-14,7.67,7.69,7.52,7.64,61325,468136.84
2024-06-17,7.64,7.79,7.49,7.53,58696,444178.16
2024-06-18,7.43,7.59,7.43,7.54,53060,399433.97
2024-06-19,7.63,7.99,7.57,7.65,248129,1925410.50
2024-06-20,7.66,7.80,7.45,7.75,282830,2152638.25
2024-06-21,7.89,8.17,7.71,8.17,434720,3480684.50
2024-06-24,9.09,9.88,8.17,8.44,2882850,25918400.00
2024-06-25,7.80,8.47,7.72,8.12,1810989,14485964.00
2024-06-26,7.95,8.08,7.81,7.93,937350,7409428.50
2024-06-27,7.97,7.97,7.68,7.82,700696,5479524.50
2024-06-28,7.87,8.01,7.78,7.92,436991,3451559.00
2024-07-01,7.92,8.02,7.84,7.90,297314,2362400.75
2024-07-02,8.00,8.00,7.71,7.74,314394,2446383.00
2024-07-03,7.74,7.74,7.54,7.59,274895,2094258.00
2024-07-04,7.51,7.62,7.32,7.40,218434,1633583.88
2024-07-05,7.37,7.43,7.27,7.39,89148,654859.50
2024-07-08,7.51,7.51,7.11,7.11,114406,825310.81
2024-07-09,7.14,7.26,7.00,7.25,139872,998630.38
2024-07-10,7.25,7.35,7.10,7.24,86341,623010.00
2024-07-11,7.31,7.52,7.31,7.41,163722,1215092.63
2024-07-12,7.50,7.52,7.31,7.42,109663,815922.31
2024-07-15,7.31,7.45,7.29,7.38,56110,413111.75
2024-07-16,7.22,7.85,7.22,7.84,395190,3028435.50
2024-07-17,7.84,8.59,7.84,8.38,1403654,11691850.00
2024-07-18,8.38,8.65,7.97,8.02,511633,4159335.00
2024-07-19,8.11,8.24,7.85,7.95,312222,2509254.25
2024-07-22,8.08,8.08,7.71,7.83,159525,1243069.75
2024-07-23,7.85,7.91,7.60,7.76,213039,1642840.88
2024-07-24,7.73,7.78,7.54,7.54,150090,1141799.00
2024-07-25,7.54,8.00,7.46,7.80,528645,4120132.25
2024-07-26,7.90,8.15,7.82,7.98,532410,4232854.00
2024-07-29,8.03,8.03,7.82,7.88,118572,933317.69
2024-07-30,7.82,8.11,7.65,7.96,261343,2070094.25
2024-07-31,7.98,8.10,7.92,8.05,189904,1527214.50
2024-08-01,8.05,8.10,7.80,7.80,162365,1286998.38
2024-08-02,7.87,7.87,7.70,7.72,194349,1510624.50
2024-08-05,7.75,7.75,7.40,7.47,208870,1578387.00
2024-08-06,7.50,7.58,7.49,7.53,122415,921312.81
2024-08-07,7.50,7.56,7.43,7.52,91602,686349.31
2024-08-08,7.45,8.27,7.34,7.75,531005,4138076.50
2024-08-09,7.73,7.91,7.53,7.80,337762,2598301.75
2024-08-12,7.70,7.96,7.57,7.82,131721,1028802.38
2024-08-13,7.80,7.92,7.56,7.69,273131,2097845.25
2024-08-14,7.70,7.70,7.50,7.51,228895,1730943.38
2024-08-15,7.63,7.64,7.42,7.51,145884,1097347.63
2024-08-16,7.50,7.56,7.47,7.54,73247,550119.94
2024-08-19,7.56,7.56,7.42,7.45,92380,689661.50
2024-08-20,7.50,7.60,7.38,7.40,92702,695271.88
2024-08-21,7.47,7.47,7.26,7.31,103854,763070.63
2024-08-22,7.30,7.42,7.20,7.22,58243,421596.91
2024-08-23,7.24,7.32,7.15,7.23,52683,379661.25
2024-08-26,7.28,7.45,7.22,7.31,98521,723952.81
2024-08-27,7.40,7.44,7.17,7.20,104140,750027.38
2024-08-28,7.18,7.39,7.17,7.29,102243,741760.25
2024-08-29,7.21,7.34,7.21,7.30,60209,438201.38
2024-08-30,7.29,7.52,7.28,7.37,202158,1496529.25
2024-09-02,7.35,7.42,7.13,7.22,141823,1025803.25
2024-09-03,7.22,7.27,7.14,7.27,45780,331175.16
2024-09-04,7.20,7.26,7.08,7.10,176854,1266582.00
2024-09-05,7.20,7.25,7.11,7.23,66379,477445.84
2024-09-06,7.11,7.22,7.06,7.17,62578,446439.63
2024-09-09,7.02,7.15,7.01,7.08,65868,465898.47
2024-09-10,7.15,7.15,6.98,7.10,82909,583764.00
2024-09-11,7.07,7.17,7.01,7.12,55583,394697.59
2024-09-12,7.14,7.24,7.09,7.17,69561,496920.78
2024-09-13,7.14,7.42,7.05,7.21,107582,779904.94
2024-09-18,7.27,7.34,7.05,7.17,83781,599611.31
2024-09-19,7.26,7.33,7.13,7.25,110609,804499.31
2024-09-20,7.22,7.28,7.18,7.22,76670,552120.50
2024-09-23,7.20,7.44,7.16,7.20,46190,332832.16
2024-09-24,7.30,7.35,7.18,7.32,179664,1311670.50
2024-09-25,7.38,7.55,7.35,7.37,244115,1820431.25
2024-09-26,7.50,7.50,7.35,7.49,170241,1262695.50
2024-09-27,7.65,8.17,7.54,8.05,633137,5020539.50
2024-09-30,8.42,9.58,8.15,9.36,1500878,13414240.00
2024-10-08,11.55,11.88,9.61,11.09,3287973,34950948.00
2024-10-09,10.70,10.70,9.38,9.40,1625873,16128406.00
2024-10-10,9.40,9.80,8.72,9.08,1154442,10766282.00
2024-10-11,8.87,9.03,8.29,8.41,645466,5606714.00
2024-10-14,8.59,8.97,8.36,8.77,682300,5937806.50
2024-10-15,8.78,9.10,8.59,8.67,837051,7427976.50
2024-10-16,8.55,9.05,8.42,8.86,517205,4571982.00
2024-10-17,8.98,9.68,8.93,9.15,1508560,14023731.00
2024-10-18,9.07,9.77,9.02,9.58,1690644,16162374.00
2024-10-21,9.79,10.72,9.69,10.61,3086563,31826782.00
2024-10-22,10.80,10.88,10.02,10.48,2042072,21274488.00
2024-10-23,10.33,10.80,10.25,10.63,1609773,17086538.00
2024-10-24,10.71,11.50,10.54,11.41,2321852,25809874.00
2024-10-25,11.39,12.60,11.23,12.38,5034938,60596412.00
2024-10-28,12.58,13.40,12.01,12.60,3476441,43791524.00
2024-10-29,13.03,13.38,12.31,13.03,3679926,47271988.00
2024-10-30,12.90,13.54,12.53,13.21,2805268,36503904.00
2024-10-31,13.21,13.34,11.81,12.30,2113958,26554594.00
2024-11-01,12.02,12.30,11.58,11.77,1090437,12989074.00
2024-11-04,11.75,12.45,11.73,12.41,923659,11199242.00
2024-11-05,12.55,13.30,12.40,13.15,3345648,43109008.00
2024-11-06,13.49,14.60,13.30,13.80,2876988,39994028.00
2024-11-07,14.09,15.88,13.83,15.52,4441381,66536804.00
2024-11-08,15.53,15.59,13.80,14.11,3199448,46839868.00
2024-11-11,14.01,14.32,13.18,13.73,1410123,19162752.00
2024-11-12,13.74,14.18,13.20,13.59,1324967,18101314.00
2024-11-13,13.84,13.84,12.85,13.65,1028346,13654704.00
2024-11-14,13.65,13.94,13.33,13.50,1082535,14822893.00
2024-11-15,13.41,13.92,13.19,13.60,900131,12262249.00
2024-11-18,13.81,15.50,13.24,14.79,3133543,45379952.00
2024-11-19,14.80,14.80,12.13,13.36,2188512,29754582.00
2024-11-20,13.30,14.50,13.00,14.30,2401544,33287996.00
2024-11-21,14.25,18.59,14.12,18.40,7327831,125890496.00
2024-11-22,17.18,18.67,16.40,16.40,5310439,92072120.00
2024-11-25,16.26,16.86,15.20,16.00,2355792,37473060.00
2024-11-26,16.87,20.80,16.60,20.80,11537566,234075584.00
2024-11-27,20.25,27.04,19.50,27.04,13482395,307319264.00
2024-11-28,28.89,35.15,27.11,30.60,17097317,531600000.00
2024-11-29,31.05,32.15,26.02,27.81,14871280,435169664.00
2024-12-02,26.00,27.37,24.85,25.61,11144567,288191808.00
2024-12-03,25.61,25.61,25.61,25.61,0,0.00
#数据来源:通达信
