832089 禾昌聚合 日线 不复权
      日期	    开盘	    最高	    最低	    收盘	    成交量	    成交额
2018-12-10,7.00,7.00,7.00,7.00,1000,7000.00
2018-12-21,7.00,7.00,7.00,7.00,199000,1094500.00
2019-02-28,7.00,7.00,7.00,7.00,200000,1100000.00
2019-03-19,7.00,7.00,7.00,7.00,387000,2128500.00
2019-03-25,7.00,7.00,7.00,7.00,300000,1980000.00
2019-03-27,7.00,7.00,7.00,7.00,450000,2970000.00
2019-03-29,5.55,5.55,5.55,5.55,200,1387.50
2019-05-20,6.60,6.60,6.60,6.60,200,1650.00
2021-03-17,7.00,7.00,7.00,7.00,100,700.00
2021-03-19,6.70,6.70,6.70,6.70,500,3350.00
2021-03-22,7.00,7.00,7.00,7.00,600,4200.00
2021-04-06,7.00,7.00,7.00,7.00,200,1400.00
2021-04-12,7.00,7.00,7.00,7.00,100,700.00
2021-04-15,7.00,7.00,7.00,7.00,100,700.00
2021-05-24,7.00,7.00,7.00,7.00,100,700.00
2021-11-09,18.99,19.47,16.89,18.18,13870700,251321376.00
2021-11-10,18.50,18.98,17.70,18.25,4809000,87813240.00
2021-11-11,18.50,18.50,17.05,17.53,4576000,80879984.00
2021-11-12,17.56,17.87,17.19,17.71,3381500,59204392.00
2021-11-15,17.88,18.67,15.80,16.30,6095900,105411248.00
2021-11-16,16.00,16.30,15.01,15.55,3780100,58457388.00
2021-11-17,15.47,15.65,15.00,15.36,2336800,35878100.00
2021-11-18,15.37,15.46,15.03,15.12,1090700,16629245.00
2021-11-19,15.26,15.28,15.00,15.26,741300,11229151.00
2021-11-22,15.40,15.56,15.25,15.55,845300,13053023.00
2021-11-23,15.62,16.09,15.41,15.71,1567600,24811672.00
2021-11-24,15.67,15.75,15.36,15.40,760800,11782810.00
2021-11-25,15.34,15.67,15.11,15.17,563100,8616933.00
2021-11-26,15.12,15.25,15.00,15.04,741200,11152356.00
2021-11-29,14.88,14.97,14.34,14.45,1012800,14853590.00
2021-11-30,14.60,14.61,14.38,14.43,496800,7175683.00
2021-12-01,14.54,14.70,14.41,14.60,404100,5881815.50
2021-12-02,14.46,14.70,14.45,14.58,211600,3079650.25
2021-12-03,14.51,14.64,14.42,14.42,333200,4830711.50
2021-12-06,14.41,14.42,13.44,13.54,1189400,16521424.00
2021-12-07,13.75,13.75,13.28,13.35,534500,7175736.00
2021-12-08,13.33,13.45,13.30,13.45,441200,5893819.50
2021-12-09,13.53,13.53,13.31,13.36,446500,5968078.00
2021-12-10,13.47,13.47,13.32,13.40,184600,2470695.50
2021-12-13,13.46,13.69,13.39,13.66,392700,5307347.00
2021-12-14,13.66,14.07,13.57,13.97,857000,11954686.00
2021-12-15,14.00,14.00,13.75,13.75,477100,6604682.50
2021-12-16,13.82,13.82,13.45,13.54,292500,3982148.00
2021-12-17,13.42,13.53,13.36,13.41,204800,2748014.25
2021-12-20,13.55,13.58,13.20,13.21,716100,9542525.00
2021-12-21,13.19,13.47,13.08,13.23,343000,4520309.00
2021-12-22,13.12,13.41,13.11,13.19,225400,2974413.75
2021-12-23,13.23,13.24,12.95,13.00,521800,6790912.00
2021-12-24,12.97,13.02,12.70,12.85,323900,4172290.75
2021-12-27,12.77,13.00,12.77,12.90,218200,2810312.25
2021-12-28,12.82,13.25,12.81,13.24,355000,4623415.50
2021-12-29,13.22,13.45,13.12,13.36,314900,4199009.50
2021-12-30,13.38,13.76,13.32,13.73,470400,6400254.50
2021-12-31,13.77,14.31,13.65,14.18,1031500,14572113.00
2022-01-04,14.23,14.28,13.65,13.81,576900,7993733.00
2022-01-05,13.81,13.96,13.62,13.85,325800,4481268.50
2022-01-06,13.70,13.86,13.55,13.66,356900,4867979.50
2022-01-07,13.75,13.79,13.52,13.60,268400,3663514.00
2022-01-10,13.69,13.69,13.48,13.60,240913,3262530.75
2022-01-11,13.59,13.59,13.48,13.48,212450,2868216.00
2022-01-12,13.48,13.66,13.48,13.64,154698,2100641.25
2022-01-13,13.61,13.99,13.60,13.69,248699,3404171.50
2022-01-14,13.70,13.70,13.58,13.60,93575,1274881.25
2022-01-17,13.55,13.77,13.52,13.64,178764,2439109.75
2022-01-18,13.63,13.76,13.56,13.62,252866,3451717.00
2022-01-19,13.59,13.68,13.53,13.58,135934,1847572.38
2022-01-20,13.55,14.15,13.53,14.00,831486,11595043.00
2022-01-21,14.13,14.13,13.70,14.02,483418,6723269.50
2022-01-24,14.02,14.43,13.98,14.10,776022,11028289.00
2022-01-25,13.93,14.07,13.30,13.31,580292,7909132.00
2022-01-26,13.48,13.49,13.25,13.41,184650,2465463.25
2022-01-27,13.32,13.44,13.01,13.13,215142,2827408.50
2022-01-28,13.37,13.38,13.07,13.27,153043,2029123.63
2022-02-07,13.27,13.42,13.15,13.25,197887,2621222.75
2022-02-08,13.13,13.37,13.09,13.37,128248,1691269.75
2022-02-09,13.17,13.37,13.17,13.31,150955,2002309.25
2022-02-10,13.23,13.33,13.20,13.26,107747,1426964.00
2022-02-11,13.15,13.26,12.88,12.88,426187,5521131.00
2022-02-14,12.80,13.02,12.67,12.79,155021,1989153.63
2022-02-15,12.90,12.91,12.69,12.78,169665,2169655.00
2022-02-16,12.80,12.86,12.74,12.79,81829,1047060.69
2022-02-17,12.79,12.84,12.50,12.73,216822,2750129.25
2022-02-18,12.66,12.73,12.55,12.63,178369,2247121.50
2022-02-21,12.62,12.80,12.61,12.72,101266,1282549.38
2022-02-22,12.61,12.68,12.53,12.56,230440,2901820.00
2022-02-23,12.55,12.75,12.55,12.65,162734,2060519.50
2022-02-24,12.75,12.79,12.45,12.70,524301,6575652.50
2022-02-25,12.58,12.76,12.58,12.68,46507,589932.88
2022-02-28,12.75,12.75,12.60,12.61,143892,1817912.38
2022-03-01,12.52,12.71,12.52,12.61,151565,1906815.75
2022-03-02,12.61,12.69,12.59,12.66,112598,1420342.50
2022-03-03,12.67,12.73,12.61,12.65,86726,1097763.00
2022-03-04,12.60,12.67,12.55,12.60,98429,1240584.50
2022-03-07,12.59,12.59,11.90,12.30,165929,2036323.13
2022-03-08,12.36,12.45,12.06,12.30,246239,3037852.50
2022-03-09,12.20,12.45,11.96,12.15,336410,4109355.50
2022-03-10,12.16,12.42,12.16,12.25,73170,901225.38
2022-03-11,11.94,12.25,11.80,12.16,175242,2100014.00
2022-03-14,12.01,12.25,12.01,12.16,165549,2014708.13
2022-03-15,12.08,12.08,11.36,11.39,320363,3766630.00
2022-03-16,11.41,11.56,11.01,11.52,224956,2540870.75
2022-03-17,11.56,12.30,11.56,11.88,357924,4276684.00
2022-03-18,11.81,12.06,11.81,11.90,97994,1170605.00
2022-03-21,12.04,12.04,11.80,11.80,87067,1031645.06
2022-03-22,11.75,11.85,11.74,11.82,43582,513035.25
2022-03-23,11.81,11.96,11.72,11.83,54406,644465.56
2022-03-24,11.87,11.87,11.40,11.53,46996,543855.88
2022-03-25,11.43,11.63,11.42,11.53,31591,362105.56
2022-03-28,11.53,11.53,11.30,11.40,71740,814607.50
2022-03-29,11.43,11.49,11.34,11.35,37155,423647.44
2022-03-30,11.25,11.39,11.24,11.37,75067,848717.88
2022-03-31,11.48,11.48,11.18,11.21,183303,2056579.75
2022-04-01,11.41,11.56,11.22,11.49,181991,2088373.00
2022-04-06,11.51,11.55,11.41,11.53,71475,822216.19
2022-04-07,11.56,11.56,11.50,11.54,61399,707361.00
2022-04-08,11.51,11.51,11.23,11.29,83924,955288.06
2022-04-11,11.42,11.42,11.10,11.24,70824,792228.25
2022-04-12,11.26,11.43,11.07,11.39,43239,486822.59
2022-04-13,11.39,11.42,11.22,11.35,20958,237148.30
2022-04-14,11.30,11.35,11.19,11.23,59480,668918.75
2022-04-15,11.27,11.27,11.09,11.10,23435,261170.77
2022-04-18,11.08,11.15,11.02,11.10,42676,473533.28
2022-04-19,11.23,11.23,11.05,11.06,34701,384848.41
2022-04-20,11.06,11.11,11.01,11.08,56005,618219.50
2022-04-21,11.08,11.08,10.13,10.35,188889,2016166.50
2022-04-22,10.50,10.55,10.24,10.40,116248,1216695.88
2022-04-25,10.13,10.39,9.90,9.91,145818,1472754.63
2022-04-26,10.00,10.00,9.50,9.66,115033,1112263.25
2022-04-27,9.40,9.40,8.70,9.29,327543,2986383.25
2022-04-28,9.27,9.27,8.64,8.67,418338,3676593.00
2022-04-29,8.90,8.90,8.67,8.78,575785,5039379.50
2022-05-05,8.83,8.85,8.72,8.84,265419,2333866.75
2022-05-06,8.69,8.85,8.52,8.70,202139,1755689.88
2022-05-09,8.60,8.73,8.50,8.71,227531,1961131.75
2022-05-10,8.55,8.77,8.55,8.72,107417,934862.75
2022-05-11,8.72,8.95,8.72,8.87,126024,1118048.38
2022-05-12,8.87,8.92,8.80,8.88,81425,720677.56
2022-05-13,8.97,9.43,8.88,9.33,211401,1957981.75
2022-05-16,9.40,9.59,9.15,9.41,180218,1696569.63
2022-05-17,9.42,9.58,9.41,9.45,46286,439618.50
2022-05-18,9.50,9.50,9.33,9.46,67329,633836.19
2022-05-19,9.36,9.44,9.17,9.31,152301,1421745.75
2022-05-20,9.43,9.48,9.15,9.38,45150,425096.75
2022-05-23,9.50,9.51,9.39,9.46,28672,270623.94
2022-05-24,9.35,9.60,9.30,9.39,64323,601211.50
2022-05-25,9.34,9.64,9.34,9.42,21575,202196.25
2022-05-26,9.56,9.56,9.34,9.36,22823,214670.56
2022-05-27,9.37,9.45,9.20,9.33,17000,158442.94
2022-05-30,9.29,9.36,9.18,9.25,52744,487334.06
2022-05-31,9.16,9.25,9.16,9.23,43796,403173.31
2022-06-01,9.25,9.25,9.15,9.16,123915,1136960.13
2022-06-02,9.20,9.25,9.16,9.25,74350,684188.63
2022-06-06,9.28,9.49,9.25,9.43,115812,1084024.38
2022-06-07,9.50,9.50,9.28,9.37,34985,327510.50
2022-06-08,9.39,9.40,9.30,9.38,43881,409044.06
2022-06-09,9.40,9.40,9.30,9.32,20300,189547.00
2022-06-10,9.21,9.36,9.21,9.36,37164,346498.41
2022-06-13,9.30,9.35,9.29,9.29,15481,144312.69
2022-06-14,9.35,9.35,9.08,9.26,57027,520968.63
2022-06-15,9.22,9.33,9.19,9.27,96900,897553.00
2022-06-16,9.24,9.31,9.19,9.28,48218,444442.41
2022-06-17,9.28,9.28,9.19,9.23,25646,236439.11
2022-06-20,9.35,9.35,9.19,9.26,43824,404396.19
2022-06-21,9.25,9.27,9.20,9.25,21938,202333.39
2022-06-22,9.21,9.24,9.19,9.23,15322,141192.58
2022-06-23,9.17,9.26,9.17,9.26,41382,381301.78
2022-06-24,9.26,9.26,9.19,9.22,65668,605723.56
2022-06-27,9.20,9.35,9.20,9.34,136215,1264094.25
2022-06-28,9.42,9.77,9.32,9.76,370629,3576929.25
2022-06-29,9.76,9.86,9.57,9.65,88671,859458.56
2022-06-30,9.60,9.66,9.50,9.60,75955,725697.25
2022-07-01,9.73,9.77,9.33,9.38,74113,703493.00
2022-07-04,9.39,9.54,9.35,9.49,32827,308371.72
2022-07-05,9.40,9.49,9.25,9.36,75310,701345.56
2022-07-06,9.38,9.38,9.20,9.21,66741,617032.25
2022-07-07,9.15,9.27,9.13,9.25,47408,436445.03
2022-07-08,9.28,9.28,9.16,9.23,30892,284741.94
2022-07-11,9.23,9.23,9.11,9.19,28950,264579.00
2022-07-12,9.15,9.27,9.03,9.17,30751,279464.22
2022-07-13,9.07,9.18,9.01,9.16,62677,569291.25
2022-07-14,9.05,9.26,9.05,9.19,28137,257970.55
2022-07-15,9.29,9.29,9.03,9.09,39250,357300.03
2022-07-18,9.23,9.24,9.10,9.13,39597,362114.53
2022-07-19,9.19,9.20,9.11,9.19,29651,271702.41
2022-07-20,9.19,9.19,9.10,9.18,110035,1005483.44
2022-07-21,9.13,9.20,9.03,9.11,55708,507501.72
2022-07-22,9.08,9.19,9.05,9.05,73965,673031.38
2022-07-25,9.12,9.12,9.03,9.03,23517,212913.58
2022-07-26,9.03,9.11,8.85,9.05,144682,1292889.25
2022-07-27,8.97,9.22,8.97,9.19,68055,621916.44
2022-07-28,9.20,9.29,9.18,9.27,73201,675527.44
2022-07-29,9.26,9.34,9.18,9.24,46293,427165.91
2022-08-01,9.23,9.64,9.23,9.43,202018,1906943.63
2022-08-02,9.31,9.38,9.14,9.20,160902,1485181.13
2022-08-03,9.22,9.29,9.18,9.25,75711,697584.00
2022-08-04,9.30,9.35,9.23,9.28,15635,145333.75
2022-08-05,9.48,9.48,9.26,9.37,72600,674888.00
2022-08-08,9.55,9.55,9.32,9.38,19925,186758.03
2022-08-09,9.31,9.40,9.31,9.35,82143,768918.19
2022-08-10,9.58,9.58,9.26,9.38,75086,701529.25
2022-08-11,9.45,9.53,9.38,9.47,170075,1608196.25
2022-08-12,9.58,9.58,9.40,9.51,105983,1006677.06
2022-08-15,9.50,9.60,9.48,9.55,80899,773930.56
2022-08-16,9.63,9.63,9.52,9.60,51372,492418.00
2022-08-17,9.63,9.68,9.55,9.65,60853,583467.38
2022-08-18,9.56,9.68,9.56,9.66,50112,483479.53
2022-08-19,9.56,9.72,9.53,9.62,31811,304700.38
2022-08-22,9.58,9.58,9.51,9.54,31488,300499.06
2022-08-23,9.68,9.68,9.50,9.58,31357,299061.19
2022-08-24,9.73,9.73,9.37,9.40,64244,605179.56
2022-08-25,9.40,9.40,9.11,9.23,128703,1185515.50
2022-08-26,9.36,9.36,9.15,9.15,34092,313392.34
2022-08-29,9.47,9.47,9.18,9.30,33554,311581.34
2022-08-30,9.35,9.35,9.20,9.25,7452,68970.40
2022-08-31,9.38,9.38,9.20,9.26,25518,235918.59
2022-09-01,9.18,9.24,9.08,9.22,133700,1217602.63
2022-09-02,9.27,9.27,9.00,9.10,58785,532297.38
2022-09-05,9.20,9.35,9.18,9.28,271839,2513266.00
2022-09-06,9.50,9.55,9.27,9.36,134024,1267711.25
2022-09-07,9.39,9.39,9.27,9.34,29679,276186.28
2022-09-08,9.35,9.39,9.21,9.25,66458,619716.94
2022-09-09,9.35,9.35,9.25,9.34,22080,205199.00
2022-09-13,9.34,9.36,9.33,9.35,13498,126084.32
2022-09-14,9.28,9.36,9.15,9.30,28316,262255.75
2022-09-15,9.29,9.42,9.10,9.22,25385,232616.20
2022-09-16,9.36,9.50,9.10,9.32,140585,1311850.13
2022-09-19,9.28,9.28,8.98,9.09,250341,2257894.75
2022-09-20,9.09,9.35,9.00,9.33,99924,920444.69
2022-09-21,9.33,9.94,9.23,9.85,968217,9438207.00
2022-09-22,9.80,10.30,9.62,9.76,531134,5265300.00
2022-09-23,9.70,9.72,9.21,9.30,398648,3728774.50
2022-09-26,9.28,9.28,9.00,9.10,206108,1875376.88
2022-09-27,9.28,9.28,8.90,9.24,81963,751361.31
2022-09-28,9.28,9.28,9.10,9.24,55080,508375.19
2022-09-29,9.08,9.30,9.08,9.14,57394,523205.84
2022-09-30,9.24,9.24,9.02,9.15,24896,226995.13
2022-10-10,9.15,9.30,9.02,9.09,34751,317081.34
2022-10-11,9.26,9.26,9.06,9.20,47151,428825.84
2022-10-12,9.19,9.25,9.11,9.24,31263,287661.09
2022-10-13,9.35,9.35,9.05,9.31,48500,445039.19
2022-10-14,9.35,9.69,9.10,9.54,93902,894573.69
2022-10-17,9.63,9.67,9.46,9.55,29892,284330.28
2022-10-18,9.58,9.58,9.44,9.49,20290,192115.91
2022-10-19,9.55,9.55,9.33,9.40,26933,253958.23
2022-10-20,9.42,9.57,9.33,9.39,19841,187279.41
2022-10-21,9.56,9.56,9.31,9.42,17400,163081.00
2022-10-24,9.59,9.59,9.30,9.39,111200,1049318.25
2022-10-25,9.54,9.54,9.28,9.45,29428,275978.75
2022-10-26,9.49,9.49,9.34,9.48,27767,262212.81
2022-10-27,9.55,9.55,9.32,9.48,15015,141724.11
2022-10-28,9.52,9.52,9.32,9.46,25225,236398.09
2022-10-31,9.48,9.48,9.31,9.40,14158,133407.13
2022-11-01,9.55,9.55,9.36,9.39,50100,472835.09
2022-11-02,9.47,9.54,9.39,9.52,118538,1126282.00
2022-11-03,9.52,9.52,9.39,9.50,25054,237428.66
2022-11-04,9.50,9.52,9.40,9.51,146775,1393292.00
2022-11-07,9.54,9.58,9.51,9.56,146439,1396991.13
2022-11-08,9.56,9.60,9.53,9.56,94783,906867.56
2022-11-09,9.56,9.60,9.54,9.57,111453,1065794.63
2022-11-10,9.54,9.55,9.45,9.55,10292,97556.92
2022-11-11,9.55,9.57,9.50,9.55,60500,576460.00
2022-11-14,9.58,9.58,9.50,9.55,49386,470884.31
2022-11-15,9.50,9.57,9.48,9.55,77322,736216.06
2022-11-16,9.50,9.54,9.50,9.54,13000,123805.00
2022-11-17,9.44,9.53,9.32,9.43,68218,639206.69
2022-11-18,9.41,9.49,9.36,9.46,58295,549995.25
2022-11-21,9.52,9.58,9.51,9.52,154468,1474916.88
2022-11-22,9.48,9.53,9.43,9.43,47595,450234.34
2022-11-23,9.37,9.45,9.37,9.44,46581,438000.63
2022-11-24,9.37,9.48,9.37,9.45,63715,600650.44
2022-11-25,9.48,9.50,9.30,9.30,87835,822676.94
2022-11-28,9.30,9.38,9.30,9.38,28128,262304.31
2022-11-29,9.38,9.47,9.38,9.45,24271,228692.95
2022-11-30,9.41,9.48,9.40,9.45,48387,456072.28
2022-12-01,9.43,9.49,9.42,9.44,59383,560942.19
2022-12-02,9.44,9.49,9.40,9.44,61996,584253.31
2022-12-05,9.45,9.45,9.40,9.44,89394,842753.44
2022-12-06,9.44,9.44,9.38,9.43,46587,438087.72
2022-12-07,9.43,9.43,9.33,9.41,49957,467452.06
2022-12-08,9.33,9.38,9.22,9.38,56115,521936.69
2022-12-09,9.28,9.37,9.28,9.32,30922,288010.19
2022-12-12,9.29,9.29,9.20,9.28,79353,733185.69
2022-12-13,9.15,9.27,9.15,9.16,86684,796599.00
2022-12-14,9.09,9.24,9.09,9.11,53870,492394.44
2022-12-15,9.13,9.19,9.11,9.14,54492,498362.13
2022-12-16,9.12,9.18,9.12,9.14,82469,753890.50
2022-12-19,9.11,9.15,9.02,9.08,100485,913820.06
2022-12-20,9.13,9.13,9.01,9.08,76105,688031.50
2022-12-21,9.02,9.12,9.02,9.05,42072,380432.50
2022-12-22,8.91,9.18,8.91,9.05,59771,541713.56
2022-12-23,8.82,9.06,8.82,9.05,68423,618313.25
2022-12-26,9.03,9.08,9.00,9.00,50878,460372.78
2022-12-27,9.05,9.13,9.03,9.13,26599,241317.64
2022-12-28,9.13,9.18,9.10,9.14,26956,246498.88
2022-12-29,9.12,9.20,9.10,9.18,85691,784135.63
2022-12-30,9.23,9.35,9.11,9.35,81250,752819.06
2023-01-03,9.10,9.30,9.05,9.19,46115,423652.03
2023-01-04,9.25,9.25,9.06,9.18,105273,964097.25
2023-01-05,9.18,9.27,9.12,9.26,128464,1183654.63
2023-01-06,9.25,9.33,9.10,9.24,229503,2115409.50
2023-01-09,9.26,9.26,9.13,9.23,65687,605988.19
2023-01-10,9.22,9.22,9.10,9.19,85432,782376.38
2023-01-11,9.22,9.22,9.12,9.20,28795,264810.00
2023-01-12,9.20,9.22,9.15,9.19,34469,316612.53
2023-01-13,9.20,9.20,9.11,9.14,45100,412614.69
2023-01-16,9.16,9.16,9.03,9.13,68520,625208.63
2023-01-17,9.04,9.15,9.04,9.13,31735,289724.41
2023-01-18,9.13,9.15,9.10,9.13,88107,802983.44
2023-01-19,9.15,9.15,9.07,9.14,136512,1242559.13
2023-01-20,9.13,9.19,9.12,9.15,117332,1073341.13
2023-01-30,9.20,9.24,9.15,9.22,116376,1071537.50
2023-01-31,9.22,9.55,9.22,9.49,645291,6095305.50
2023-02-01,9.59,9.63,9.46,9.51,331624,3160991.50
2023-02-02,9.49,9.49,9.30,9.33,218865,2052162.38
2023-02-03,9.21,9.39,9.21,9.36,112762,1054066.88
2023-02-06,9.39,9.39,9.28,9.36,39981,373723.69
2023-02-07,9.39,9.39,9.27,9.35,30245,281920.53
2023-02-08,9.30,9.40,9.27,9.30,43313,404137.34
2023-02-09,9.35,9.35,9.31,9.34,85801,800287.94
2023-02-10,9.30,9.41,9.30,9.40,85033,795777.00
2023-02-13,9.45,9.54,9.41,9.50,235393,2228424.50
2023-02-14,9.52,9.52,9.36,9.49,53321,504745.31
2023-02-15,9.37,9.50,9.36,9.48,106373,1005162.63
2023-02-16,9.41,9.51,9.38,9.42,209090,1974453.38
2023-02-17,9.43,9.50,9.39,9.42,114965,1085452.00
2023-02-20,9.38,9.50,9.38,9.48,252149,2390235.75
2023-02-21,9.48,9.54,9.46,9.52,155900,1481837.63
2023-02-22,9.46,9.56,9.46,9.49,46434,442050.13
2023-02-23,9.49,9.53,9.45,9.53,85509,809718.94
2023-02-24,9.53,9.55,9.46,9.53,53754,510964.72
2023-02-27,9.55,9.55,9.47,9.51,124516,1183977.75
2023-02-28,9.51,9.69,9.51,9.67,258708,2485612.50
2023-03-01,9.68,9.73,9.63,9.70,170877,1655398.63
2023-03-02,9.66,10.10,9.66,9.99,966645,9601815.00
2023-03-03,10.02,10.20,9.90,10.10,579663,5843356.50
2023-03-06,10.01,10.29,10.01,10.27,475397,4828996.00
2023-03-07,10.28,10.28,9.92,9.99,281161,2839788.75
2023-03-08,10.04,10.40,10.03,10.33,514967,5282586.00
2023-03-09,10.40,10.68,10.38,10.55,559358,5898921.50
2023-03-10,10.55,10.64,10.40,10.56,306643,3236045.25
2023-03-13,10.58,10.79,10.54,10.75,435415,4651419.00
2023-03-14,10.74,11.12,10.66,10.76,1138883,12441447.00
2023-03-15,10.76,10.88,10.51,10.77,545775,5825948.00
2023-03-16,10.65,10.82,10.54,10.76,320515,3428942.00
2023-03-17,10.75,10.95,10.65,10.88,332299,3611572.50
2023-03-20,10.92,11.04,10.70,10.70,209562,2270650.00
2023-03-21,10.69,10.83,10.34,10.40,501090,5244386.00
2023-03-22,10.45,10.53,10.32,10.44,227205,2370238.00
2023-03-23,10.33,10.55,10.33,10.45,228737,2394033.50
2023-03-24,10.35,10.54,10.35,10.42,231600,2427372.50
2023-03-27,10.36,10.49,10.31,10.46,252930,2631675.75
2023-03-28,10.48,10.51,10.42,10.47,166714,1744744.75
2023-03-29,10.45,10.51,10.40,10.45,197501,2065855.13
2023-03-30,10.49,10.50,10.30,10.43,181120,1890482.38
2023-03-31,10.32,10.45,10.00,10.39,318678,3275661.00
2023-04-03,10.26,10.34,10.14,10.24,279752,2856461.50
2023-04-04,10.24,10.29,10.03,10.19,244565,2478929.50
2023-04-06,10.32,10.32,9.99,10.00,338032,3385876.50
2023-04-07,10.00,10.18,9.95,10.17,113012,1135535.63
2023-04-10,10.05,10.25,10.05,10.21,114590,1169616.25
2023-04-11,10.28,10.31,10.09,10.24,64869,664506.38
2023-04-12,10.30,10.30,10.20,10.24,57407,587635.56
2023-04-13,10.11,10.55,10.11,10.50,530873,5559690.50
2023-04-14,10.50,10.80,10.50,10.75,336630,3619151.50
2023-04-17,10.80,10.82,10.44,10.65,240944,2551696.25
2023-04-18,10.65,10.80,10.49,10.65,148027,1575743.25
2023-04-19,10.55,10.85,10.35,10.77,443275,4713131.00
2023-04-20,10.80,10.97,10.68,10.82,238056,2578842.00
2023-04-21,10.83,10.85,10.45,10.61,108445,1151498.50
2023-04-24,10.49,10.54,10.23,10.40,227337,2363082.00
2023-04-25,10.39,10.60,10.31,10.47,152601,1593447.25
2023-04-26,10.49,10.58,10.38,10.55,164385,1716441.13
2023-04-27,10.41,10.70,10.18,10.30,375603,3879089.50
2023-04-28,10.33,10.54,10.18,10.42,257095,2651726.75
2023-05-04,10.39,10.40,10.20,10.33,147188,1516246.88
2023-05-05,10.26,10.70,10.26,10.65,764957,8030078.00
2023-05-08,10.75,10.99,10.64,10.81,278430,3006316.50
2023-05-09,10.70,10.88,10.56,10.60,323685,3446716.25
2023-05-10,10.51,10.66,10.47,10.61,141276,1493999.50
2023-05-11,10.61,10.74,10.58,10.74,243053,2590186.75
2023-05-12,10.82,10.95,10.74,10.82,269311,2925480.50
2023-05-15,10.99,11.54,10.99,11.19,777063,8747017.00
2023-05-16,11.04,11.68,11.04,11.68,912951,10421308.00
2023-05-17,11.68,12.30,11.68,12.05,1342404,16224812.00
2023-05-18,11.90,12.15,11.80,11.86,498245,5957081.50
2023-05-19,11.79,12.06,11.77,11.85,1634323,16082116.00
2023-05-22,11.75,11.91,11.65,11.69,146222,1716532.25
2023-05-23,11.69,11.69,11.14,11.20,386472,4370116.00
2023-05-24,11.26,11.26,11.02,11.19,227221,2522961.25
2023-05-25,11.06,11.20,11.05,11.20,146919,1633561.75
2023-05-26,11.11,11.35,11.04,11.26,192538,2157195.25
2023-05-29,11.11,11.36,10.97,11.30,3489808,31775968.00
2023-05-30,11.39,11.39,11.24,11.32,92291,1043230.75
2023-05-31,11.26,11.26,10.98,11.00,237166,2623812.75
2023-06-01,10.94,11.14,10.82,11.12,118438,1300669.13
2023-06-02,11.11,11.14,10.91,11.06,104001,1147248.75
2023-06-05,11.10,11.10,10.90,11.08,94998,1045255.44
2023-06-06,11.00,11.06,10.89,10.90,67336,736265.31
2023-06-07,10.85,10.90,10.83,10.88,175198,1902529.50
2023-06-08,10.97,10.97,10.80,10.94,31799,345963.47
2023-06-09,10.94,11.03,10.80,10.90,121516,1317073.63
2023-06-12,10.85,10.99,10.79,10.82,96209,1046101.44
2023-06-13,10.90,10.93,10.61,10.63,109250,1173522.25
2023-06-14,10.64,10.64,10.50,10.52,108437,1145846.63
2023-06-15,10.65,10.65,10.41,10.50,93534,982574.81
2023-06-16,10.43,10.43,10.30,10.36,79357,820370.75
2023-06-19,10.27,10.36,10.10,10.13,270553,2760206.00
2023-06-20,10.13,10.13,9.89,10.02,368332,3662663.00
2023-06-21,10.08,10.23,9.98,10.22,317393,2721925.50
2023-06-26,10.24,10.26,10.01,10.07,189899,1589006.00
2023-06-27,9.98,10.10,9.98,10.08,82439,829148.00
2023-06-28,10.17,10.24,10.05,10.18,226868,2492958.75
2023-06-29,10.20,10.36,10.18,10.30,105665,1087545.13
2023-06-30,10.43,10.43,10.26,10.30,73600,759587.38
2023-07-03,10.30,10.34,10.19,10.19,97371,995477.06
2023-07-04,10.25,10.39,10.17,10.28,306567,3156080.00
2023-07-05,10.38,10.70,10.23,10.54,451269,4730869.00
2023-07-06,10.67,10.85,10.54,10.78,263170,2817007.25
2023-07-07,10.80,10.83,10.64,10.76,144693,1549686.00
2023-07-10,10.64,10.80,10.58,10.64,142909,1529071.63
2023-07-11,10.65,10.65,10.46,10.49,139271,1463936.38
2023-07-12,10.48,10.48,10.16,10.30,434670,4464290.00
2023-07-13,10.36,10.50,10.20,10.50,98369,1017086.25
2023-07-14,10.40,10.50,10.30,10.50,143871,1497443.38
2023-07-17,10.50,10.50,10.20,10.23,183468,1888569.63
2023-07-18,10.16,10.35,10.10,10.15,201597,2046933.50
2023-07-19,10.07,10.10,9.95,10.03,269673,2702908.25
2023-07-20,10.10,10.12,9.93,10.00,151374,1513381.63
2023-07-21,10.10,10.10,9.96,10.02,129634,1296359.88
2023-07-24,10.11,10.11,9.90,10.06,51190,514796.66
2023-07-25,10.18,10.18,9.93,10.06,119742,1199540.88
2023-07-26,10.00,10.05,10.00,10.05,22065,221236.16
2023-07-27,10.07,10.07,10.03,10.06,38895,390749.63
2023-07-28,10.02,10.09,9.99,10.09,62648,630136.88
2023-07-31,10.12,10.21,10.10,10.16,122359,1242860.50
2023-08-01,10.24,10.24,10.04,10.12,49094,496520.09
2023-08-02,10.18,10.18,10.01,10.15,80858,813320.06
2023-08-03,10.05,10.22,10.01,10.07,74565,751703.44
2023-08-04,10.19,10.19,10.05,10.14,95676,965624.06
2023-08-07,10.22,10.22,10.06,10.15,91191,924387.75
2023-08-08,10.05,10.15,10.01,10.14,66934,673102.50
2023-08-09,10.05,10.10,9.87,10.01,196748,1960890.38
2023-08-10,9.93,10.03,9.91,10.00,59897,595302.63
2023-08-11,9.95,10.09,9.86,9.93,232083,2300635.00
2023-08-14,9.83,9.98,9.68,9.86,269273,2627461.25
2023-08-15,9.74,9.80,9.67,9.72,41534,403731.72
2023-08-16,9.73,9.79,9.63,9.73,33726,327121.81
2023-08-17,9.68,9.79,9.64,9.77,79886,774585.63
2023-08-18,9.70,9.84,9.70,9.80,42484,414226.34
2023-08-21,9.82,9.83,9.70,9.72,28078,273757.47
2023-08-22,9.63,9.64,9.22,9.44,185758,1761359.00
2023-08-23,9.55,9.55,9.27,9.46,38509,359937.59
2023-08-24,9.33,9.46,9.22,9.38,176630,1640231.50
2023-08-25,9.42,9.54,9.38,9.43,98794,932153.13
2023-08-28,9.80,9.88,9.49,9.58,159271,1534957.88
2023-08-29,9.55,9.86,9.55,9.83,131444,1282271.25
2023-08-30,9.88,9.96,9.70,9.88,190392,1882797.50
2023-08-31,9.92,10.40,9.92,10.28,1244736,12762905.00
2023-09-01,10.25,10.57,10.25,10.40,685477,7168132.00
2023-09-04,11.70,11.85,11.03,11.09,2790767,31589534.00
2023-09-05,11.20,11.20,10.61,10.70,1090620,11806334.00
2023-09-06,10.80,11.20,10.70,11.16,797115,8789006.00
2023-09-07,11.14,11.30,10.91,11.11,408382,4513721.00
2023-09-08,11.14,11.14,10.92,10.96,249138,2742495.00
2023-09-11,10.92,11.19,10.92,11.16,248079,2747337.00
2023-09-12,11.13,11.61,11.13,11.50,539306,6144263.50
2023-09-13,11.55,12.09,11.55,12.05,1835837,21960712.00
2023-09-14,12.10,12.30,11.81,12.08,1148879,13875446.00
2023-09-15,12.11,12.34,11.82,12.25,1241142,15031918.00
2023-09-18,12.25,12.90,12.25,12.89,1412124,17850272.00
2023-09-19,12.76,13.28,12.76,13.19,1465116,19198676.00
2023-09-20,13.29,14.10,13.20,14.05,2082747,28448000.00
2023-09-21,13.88,14.30,13.70,13.92,1146474,15940484.00
2023-09-22,14.03,14.49,13.01,13.45,1663361,22555310.00
2023-09-25,13.40,13.63,13.08,13.43,640542,8548801.00
2023-09-26,13.40,14.30,13.30,14.11,1412890,19672382.00
2023-09-27,14.00,14.06,13.62,13.92,523304,7257422.00
2023-09-28,14.00,14.01,13.76,13.85,320151,4435005.50
2023-10-09,13.98,13.98,12.94,12.98,854423,11399933.00
2023-10-10,12.90,13.18,12.46,12.85,674579,8530646.00
2023-10-11,12.83,13.20,12.69,13.00,187704,2438861.75
2023-10-12,12.87,12.99,12.71,12.96,182597,2356912.25
2023-10-13,12.85,12.97,12.31,12.40,538490,6746158.00
2023-10-16,12.48,12.50,11.91,12.03,574327,6942812.50
2023-10-17,11.97,12.09,11.51,11.61,469573,5508523.50
2023-10-18,11.76,12.26,11.56,11.82,292812,3498805.00
2023-10-19,11.93,12.19,11.85,11.93,232924,2792001.25
2023-10-20,12.00,12.09,11.83,11.96,108287,1296554.25
2023-10-23,11.85,11.97,11.69,11.71,379607,4485748.50
2023-10-24,11.88,12.20,11.79,12.11,662116,6997585.50
2023-10-25,12.21,12.56,12.14,12.53,757163,9412913.00
2023-10-26,12.56,12.72,12.41,12.70,417600,5266191.00
2023-10-27,12.56,13.10,12.55,13.10,817990,9543091.00
2023-10-30,12.89,13.38,12.82,13.07,432731,5635099.50
2023-10-31,13.08,13.18,12.70,12.75,248368,3200614.50
2023-11-01,12.75,12.84,12.61,12.76,240362,3059351.75
2023-11-02,12.75,12.99,12.69,12.91,70311,901689.56
2023-11-03,12.92,13.05,12.71,12.97,157051,2024510.63
2023-11-06,13.19,13.55,13.11,13.34,522739,6967457.00
2023-11-07,13.24,13.82,13.20,13.72,743168,10090896.00
2023-11-08,13.88,14.66,13.88,14.17,2201107,31467238.00
2023-11-09,14.25,14.56,14.02,14.31,1217646,17417422.00
2023-11-10,14.23,15.68,14.22,15.51,2108761,31550972.00
2023-11-13,14.80,15.58,14.73,15.22,1289369,19503580.00
2023-11-14,15.12,15.20,14.61,14.83,1196965,17788326.00
2023-11-15,14.88,15.53,14.88,15.20,1021401,15496083.00
2023-11-16,15.28,15.48,14.80,15.21,821590,12416010.00
2023-11-17,15.08,15.45,15.08,15.22,723681,11032572.00
2023-11-20,15.17,15.66,15.08,15.52,1358840,20895312.00
2023-11-21,15.52,16.76,15.51,15.77,2900913,46582624.00
2023-11-22,15.50,16.29,15.43,16.28,2508456,40053448.00
2023-11-23,16.30,16.78,15.60,15.85,2778254,44968972.00
2023-11-24,15.95,16.34,15.71,16.34,2915631,47076140.00
2023-11-27,16.34,17.92,16.32,17.72,6531480,112302584.00
2023-11-28,17.10,19.46,17.00,17.74,5274711,96456544.00
2023-11-29,17.94,18.70,17.48,17.80,4220398,75812920.00
2023-11-30,18.14,18.20,16.95,17.43,2821826,49465720.00
2023-12-01,17.08,17.35,16.50,16.51,2165558,36392660.00
2023-12-04,16.40,16.85,16.20,16.49,1054952,17456130.00
2023-12-05,16.60,17.47,16.31,17.29,2713896,46350064.00
2023-12-06,17.18,17.45,16.70,16.72,1336976,22700306.00
2023-12-07,16.72,17.17,16.63,16.86,1217210,20609940.00
2023-12-08,16.83,17.03,16.62,16.93,959450,16167520.00
2023-12-11,16.90,16.90,15.81,16.13,994363,16217929.00
2023-12-12,16.15,16.47,15.91,16.30,572973,9245365.00
2023-12-13,16.42,17.07,16.27,16.80,1150480,19191436.00
2023-12-14,16.65,17.16,16.62,17.01,1575467,26728404.00
2023-12-15,17.01,17.20,16.82,17.16,968185,16477744.00
2023-12-18,17.13,19.30,16.93,18.33,4657276,84668160.00
2023-12-19,18.08,19.50,17.60,18.94,4859119,90385536.00
2023-12-20,18.89,19.55,18.11,18.97,3946939,75365368.00
2023-12-21,18.78,19.50,16.74,17.24,4709766,87390456.00
2023-12-22,17.05,17.73,16.80,17.46,2249106,38652684.00
2023-12-25,17.56,18.26,17.56,18.05,2154876,38716140.00
2023-12-26,18.10,18.40,17.30,17.99,1652553,29646390.00
2023-12-27,17.81,17.98,17.26,17.58,1200766,21015634.00
2023-12-28,17.52,17.93,17.46,17.57,1730018,30672448.00
2023-12-29,17.54,18.16,17.36,17.93,1732317,30842148.00
2024-01-02,17.68,18.50,17.59,18.40,2525226,45702392.00
2024-01-03,18.30,18.53,17.86,18.29,1436596,26105346.00
2024-01-04,18.23,18.29,17.86,18.09,1223245,22065704.00
2024-01-05,18.18,18.18,17.45,17.53,1477132,26261132.00
2024-01-08,17.41,17.85,16.56,16.70,1642135,28179114.00
2024-01-09,16.70,17.08,15.41,16.03,1777621,28731320.00
2024-01-10,16.19,16.60,15.77,16.46,827390,13409265.00
2024-01-11,16.55,16.70,16.17,16.33,669164,10999266.00
2024-01-12,16.30,16.60,15.00,15.15,1475403,22970064.00
2024-01-15,15.15,15.15,14.44,14.75,1075729,15882881.00
2024-01-16,14.83,15.50,14.30,15.38,1618044,24305646.00
2024-01-17,15.13,15.69,14.81,14.81,1134134,17261916.00
2024-01-18,14.60,15.03,14.40,14.97,1121662,16552669.00
2024-01-19,15.07,16.00,15.07,15.98,1826800,28397210.00
2024-01-22,15.85,16.03,15.38,15.53,1109195,17436272.00
2024-01-23,15.55,15.72,15.30,15.61,671997,10410691.00
2024-01-24,15.70,15.72,14.76,15.30,1203620,18293162.00
2024-01-25,15.11,15.42,14.70,15.02,833454,12542782.00
2024-01-26,14.84,15.10,14.72,14.80,529318,7902305.00
2024-01-29,14.71,14.80,13.85,13.85,985136,13971150.00
2024-01-30,13.60,13.88,13.07,13.38,693826,9335776.00
2024-01-31,13.49,13.70,13.28,13.54,670262,9046512.00
2024-02-01,13.49,13.61,12.89,13.00,634703,8329941.00
2024-02-02,13.00,13.14,11.78,12.14,910607,11280265.00
2024-02-05,12.04,12.40,11.27,12.08,919609,10892739.00
2024-02-06,11.98,13.20,11.79,13.16,922946,11723120.00
2024-02-07,14.00,17.10,13.99,15.02,5273768,84724336.00
2024-02-08,14.00,14.60,12.88,14.08,3738012,51301696.00
2024-02-19,13.87,14.26,13.51,14.17,1658933,23085634.00
2024-02-20,14.06,14.53,13.85,14.41,1491116,21293340.00
2024-02-21,14.31,14.83,14.05,14.36,1449286,21151690.00
2024-02-22,14.35,14.55,14.16,14.27,970746,13869486.00
2024-02-23,14.20,14.38,13.90,14.03,1028677,14465940.00
2024-02-26,14.07,14.43,13.82,14.32,818659,11598404.00
2024-02-27,14.32,15.25,14.21,15.08,1707190,25402324.00
2024-02-28,15.29,15.48,14.53,14.57,1602209,23978880.00
2024-02-29,14.57,15.05,14.40,14.99,978422,14450464.00
2024-03-01,14.72,15.10,14.72,14.90,1009373,15055079.00
2024-03-04,14.70,14.91,14.40,14.50,688109,10019037.00
2024-03-05,14.21,14.50,13.93,14.01,869437,12272882.00
2024-03-06,13.90,14.30,13.90,14.15,528569,7474453.50
2024-03-07,14.15,14.15,13.79,13.88,439710,6144944.00
2024-03-08,13.88,14.16,13.79,13.99,252724,3521236.75
2024-03-11,14.07,14.20,13.85,14.15,459319,6457933.00
2024-03-12,14.31,14.39,14.00,14.20,433597,6145237.50
2024-03-13,14.13,14.20,13.64,14.04,336545,4717024.00
2024-03-14,14.04,14.19,13.84,13.90,310606,4349387.00
2024-03-15,13.90,14.88,13.90,14.67,1234248,17944626.00
2024-03-18,14.45,15.78,14.45,15.48,2049325,31331662.00
2024-03-19,15.48,15.48,15.00,15.07,830046,12619288.00
2024-03-20,15.15,15.15,14.82,15.05,388006,5819440.50
2024-03-21,15.02,15.03,14.59,14.79,778813,11497271.00
2024-03-22,14.72,15.22,14.69,14.75,419528,6259280.50
2024-03-25,14.94,14.94,14.36,14.54,535805,7820575.00
2024-03-26,14.61,15.65,14.49,15.51,2490156,38068472.00
2024-03-27,15.38,15.68,14.93,15.19,1712086,26118024.00
2024-03-28,14.99,15.65,14.76,15.23,1166191,17770156.00
2024-03-29,16.80,17.62,16.00,16.30,6580048,109725288.00
2024-04-01,16.14,16.45,15.60,15.72,3625341,57843688.00
2024-04-02,15.76,16.08,15.00,15.05,2734285,41805492.00
2024-04-03,15.13,15.66,14.75,15.55,2216215,33670508.00
2024-04-08,15.45,15.48,15.02,15.04,1288249,19595720.00
2024-04-09,15.35,15.85,15.15,15.23,1229062,18905574.00
2024-04-10,15.20,15.70,14.85,15.35,1977413,30470930.00
2024-04-11,15.18,15.18,14.71,14.78,1448665,21540216.00
2024-04-12,14.83,14.95,14.42,14.44,902285,13152220.00
2024-04-15,14.53,14.57,13.75,13.96,1107135,15569709.00
2024-04-16,14.00,14.28,13.51,13.96,687077,9481949.00
2024-04-17,14.06,14.63,13.96,14.47,962640,13859114.00
2024-04-18,14.47,14.86,14.27,14.40,593389,8624797.00
2024-04-19,14.61,14.80,14.34,14.62,763698,11094674.00
2024-04-22,14.71,14.71,14.41,14.52,438876,6369215.00
2024-04-23,14.43,14.70,14.37,14.62,450566,6525383.00
2024-04-24,14.62,15.05,14.54,14.97,855266,12671797.00
2024-04-25,14.81,14.81,14.48,14.52,1096379,15960605.00
2024-04-26,14.45,14.56,14.21,14.41,765278,10994200.00
2024-04-29,14.35,14.58,14.35,14.49,834886,12103736.00
2024-04-30,14.42,14.58,14.40,14.40,511473,7395291.50
2024-05-06,14.50,14.63,14.44,14.54,633052,9204955.00
2024-05-07,14.58,14.58,14.36,14.38,520638,7522039.00
2024-05-08,14.39,14.48,14.31,14.33,385982,5544852.50
2024-05-09,14.40,14.42,14.29,14.33,374366,5369739.00
2024-05-10,14.34,14.34,14.05,14.05,417490,5901947.50
2024-05-13,14.00,14.04,13.78,13.80,481421,6668768.50
2024-05-14,13.89,13.89,13.76,13.83,120500,1665157.38
2024-05-15,13.79,13.93,13.70,13.72,248903,3434990.25
2024-05-16,13.75,13.87,13.58,13.60,347482,4743557.00
2024-05-17,13.69,13.77,13.55,13.68,327863,4468181.00
2024-05-20,13.70,14.06,13.65,13.94,354716,4914299.00
2024-05-21,14.00,14.00,13.81,13.88,231618,3225489.50
2024-05-22,13.96,14.00,13.84,13.97,170866,2382306.50
2024-05-23,14.04,14.70,13.84,14.21,1374711,19844296.00
2024-05-24,14.06,14.25,13.79,13.79,856454,11943713.00
2024-05-27,13.92,13.99,13.75,13.94,318032,4422058.00
2024-05-28,13.94,14.12,13.80,13.85,268296,3731729.00
2024-05-29,13.95,13.95,13.79,13.85,173044,2394172.00
2024-05-30,13.85,13.93,13.62,13.66,152002,2088621.88
2024-05-31,13.57,13.78,13.54,13.56,145895,1988699.25
2024-06-03,13.51,13.65,13.34,13.36,305855,4111843.00
2024-06-04,13.45,13.54,13.31,13.50,157688,2114865.25
2024-06-05,13.65,13.65,13.39,13.39,163885,2201709.50
2024-06-06,13.46,13.48,13.01,13.08,286970,3761939.50
2024-06-07,13.19,13.36,13.15,13.23,149791,1986763.63
2024-06-11,13.35,13.35,13.16,13.34,268799,3561493.50
2024-06-12,13.40,13.40,13.20,13.25,261852,3473814.75
2024-06-13,9.48,9.48,9.04,9.05,601880,5501317.00
2024-06-14,9.12,9.12,8.77,8.86,1226048,10866104.00
2024-06-17,8.89,8.89,8.39,8.43,1331572,11318390.00
2024-06-18,8.43,8.97,8.34,8.93,1204688,10473989.00
2024-06-19,8.88,9.30,8.76,9.03,1216113,11027948.00
2024-06-20,9.07,9.16,8.80,8.85,644777,5799494.50
2024-06-21,8.73,9.09,8.73,9.00,267724,2404999.00
2024-06-24,8.88,8.97,8.65,8.71,231689,2028142.88
2024-06-25,8.82,8.90,8.70,8.70,211638,1857764.50
2024-06-26,8.64,8.78,8.42,8.76,331445,2867146.25
2024-06-27,8.77,8.90,8.52,8.63,288050,2501735.25
2024-06-28,8.62,8.73,8.57,8.59,275349,2380979.50
2024-07-01,8.65,8.99,8.47,8.74,255988,2226640.50
2024-07-02,8.76,8.92,8.68,8.74,178239,1560321.00
2024-07-03,8.70,8.72,8.55,8.64,187006,1611757.00
2024-07-04,8.68,8.86,8.50,8.55,151918,1317851.50
2024-07-05,8.52,8.81,8.24,8.58,236949,2025256.50
2024-07-08,8.54,8.57,8.33,8.48,223406,1879513.00
2024-07-09,8.40,8.60,8.32,8.51,126949,1075814.63
2024-07-10,8.58,8.67,8.40,8.41,115723,986372.25
2024-07-11,8.53,8.70,8.45,8.56,272493,2328401.75
2024-07-12,8.64,8.64,8.50,8.51,174218,1486865.38
2024-07-15,8.49,8.69,8.40,8.59,268928,2304092.50
2024-07-16,8.53,8.93,8.51,8.90,645072,5675932.50
2024-07-17,8.97,9.66,8.86,9.56,1639689,15378265.00
2024-07-18,9.51,9.51,8.96,9.02,895600,8191767.50
2024-07-19,9.10,9.22,8.84,8.90,664830,5994433.50
2024-07-22,8.88,8.95,8.71,8.79,266788,2350331.25
2024-07-23,8.77,8.90,8.62,8.66,445907,3893113.25
2024-07-24,8.70,8.77,8.47,8.52,360531,3097035.25
2024-07-25,8.45,8.67,8.45,8.53,213978,1835781.13
2024-07-26,8.56,8.76,8.53,8.70,363970,3151873.50
2024-07-29,8.68,8.78,8.52,8.69,155323,1343026.00
2024-07-30,8.65,8.79,8.55,8.68,337612,2935938.75
2024-07-31,8.74,8.85,8.63,8.82,563725,4930207.50
2024-08-01,8.83,8.90,8.68,8.68,326172,2854569.25
2024-08-02,8.63,8.74,8.50,8.56,358606,3083844.50
2024-08-05,8.50,8.61,8.43,8.47,382974,3255276.00
2024-08-06,8.55,8.64,8.45,8.47,222150,1890227.38
2024-08-07,8.56,8.60,8.50,8.51,242032,2064681.13
2024-08-08,8.46,8.73,8.45,8.64,307251,2633100.25
2024-08-09,8.62,8.79,8.55,8.55,253885,2198080.00
2024-08-12,8.53,8.72,8.52,8.55,176320,1517103.88
2024-08-13,8.54,8.78,8.46,8.66,199394,1717094.38
2024-08-14,8.71,8.74,8.53,8.61,102350,882518.38
2024-08-15,8.70,8.70,8.55,8.66,106455,919933.44
2024-08-16,8.66,8.69,8.52,8.57,136035,1169973.50
2024-08-19,8.57,8.69,8.53,8.65,130118,1120108.75
2024-08-20,8.62,8.95,8.57,8.76,395793,3465894.00
2024-08-21,8.75,8.83,8.67,8.69,396748,3460143.00
2024-08-22,8.69,8.80,8.47,8.51,260793,2240565.75
2024-08-23,8.58,8.60,8.42,8.45,125243,1063174.00
2024-08-26,8.55,8.57,8.41,8.45,219805,1861422.50
2024-08-27,8.43,8.45,8.33,8.35,170328,1428768.88
2024-08-28,8.33,8.56,8.31,8.43,199069,1672556.50
2024-08-29,8.38,8.60,8.31,8.50,275897,2345838.75
2024-08-30,8.50,8.70,8.47,8.54,359057,3089330.25
2024-09-02,8.56,8.57,8.39,8.39,184401,1560573.88
2024-09-03,8.38,8.49,8.38,8.47,61958,523124.03
2024-09-04,8.45,8.47,8.33,8.45,131924,1108627.75
2024-09-05,8.46,8.54,8.43,8.47,81251,688908.19
2024-09-06,8.46,8.55,8.37,8.44,121592,1030149.81
2024-09-09,8.43,8.57,8.43,8.50,144916,1233188.50
2024-09-10,8.50,8.55,8.41,8.54,189390,1609136.50
2024-09-11,8.54,8.62,8.42,8.43,264248,2245483.00
2024-09-12,8.44,8.49,8.39,8.42,91876,774999.50
2024-09-13,8.48,8.58,8.35,8.47,239404,2032518.63
2024-09-18,8.43,8.55,8.35,8.42,163026,1378045.75
2024-09-19,8.42,8.54,8.33,8.45,242187,2042764.63
2024-09-20,8.43,8.52,8.34,8.39,236073,1979125.38
2024-09-23,8.36,8.45,8.31,8.40,129524,1082855.75
2024-09-24,8.42,8.58,8.36,8.55,485284,4125414.75
2024-09-25,8.61,8.81,8.56,8.57,654836,5679897.50
2024-09-26,8.55,8.77,8.49,8.75,530320,4584145.50
2024-09-27,8.82,9.52,8.82,9.36,2036571,18806068.00
2024-09-30,9.91,11.20,9.46,10.88,5212473,54793940.00
2024-10-08,13.26,13.68,11.22,12.99,8769359,109821296.00
2024-10-09,12.00,12.30,10.31,10.31,5262222,60377912.00
2024-10-10,10.68,11.28,10.40,10.68,3361670,36369908.00
2024-10-11,10.54,10.81,9.60,9.80,2773771,28068452.00
2024-10-14,9.92,10.28,9.60,10.19,1749006,17483316.00
2024-10-15,10.17,10.39,9.92,9.95,2597373,26424642.00
2024-10-16,9.91,10.19,9.68,10.10,1893004,18984962.00
2024-10-17,10.25,10.86,10.09,10.45,4362386,45861516.00
2024-10-18,10.40,11.49,10.36,11.02,5454204,59548532.00
2024-10-21,11.32,12.09,11.32,11.96,9195442,108130640.00
2024-10-22,11.98,12.00,11.02,11.35,6393163,73658160.00
2024-10-23,11.36,11.84,11.12,11.70,5072116,58741840.00
2024-10-24,11.68,13.50,11.53,13.02,12269713,155506688.00
2024-10-25,13.66,14.07,12.52,12.73,13604896,182155824.00
2024-10-28,12.81,13.12,12.35,13.01,7276014,93024928.00
2024-10-29,13.08,14.95,13.08,14.95,12940324,180483872.00
2024-10-30,14.70,15.05,13.63,14.48,10649409,152906576.00
2024-10-31,14.30,14.65,13.20,13.69,7724355,107044392.00
2024-11-01,13.68,13.98,12.76,12.95,4783854,63491920.00
2024-11-04,13.13,13.85,12.87,13.81,4788641,64310048.00
2024-11-05,13.96,14.64,13.87,14.62,8039267,115165960.00
2024-11-06,14.84,15.79,14.60,14.83,10729359,162503808.00
2024-11-07,15.18,15.98,14.71,15.75,10749433,166791264.00
2024-11-08,16.30,16.48,14.87,14.87,7574349,116741552.00
2024-11-11,14.90,15.19,14.21,14.89,4933338,72589208.00
2024-11-12,14.97,15.30,14.36,14.62,4213318,62574468.00
2024-11-13,14.50,14.91,13.79,14.88,4627352,66589100.00
2024-11-14,15.00,15.24,14.41,14.41,3876628,57543040.00
2024-11-15,14.37,14.68,14.05,14.41,3306746,47588680.00
2024-11-18,14.45,15.15,14.07,14.77,5045233,74007928.00
2024-11-19,14.71,14.95,13.01,14.09,6210823,86153616.00
2024-11-20,13.80,14.71,13.77,14.63,5278673,75819624.00
2024-11-21,14.57,15.81,14.56,15.45,7997070,122128016.00
2024-11-22,15.09,16.00,15.06,15.12,7175348,111836624.00
2024-11-25,15.37,15.39,14.15,14.82,4436435,65308940.00
2024-11-26,14.68,15.04,14.00,14.00,3418928,50056852.00
2024-11-27,13.79,14.24,13.07,14.15,3804269,51529120.00
2024-11-28,14.19,14.72,14.07,14.25,4191446,60391496.00
2024-11-29,14.25,14.62,13.65,14.37,4100710,58176052.00
2024-12-02,14.27,15.38,14.27,15.37,7164388,107621792.00
2024-12-03,15.37,15.37,15.37,15.37,0,0.00
#数据来源:通达信
