832171 志晟信息 日线 不复权
      日期	    开盘	    最高	    最低	    收盘	    成交量	    成交额
2015-10-13,12.63,12.63,12.63,12.63,1000,12630.00
2015-10-27,12.63,12.63,12.63,12.63,1000,12630.00
2015-10-28,12.63,12.63,12.63,12.63,2000,25260.00
2015-10-29,12.65,12.70,12.65,12.70,4000,50700.00
2015-11-03,12.00,12.00,12.00,12.00,50000,600000.00
2015-11-04,12.30,12.50,12.20,12.20,32000,393800.00
2015-11-05,12.20,12.40,12.20,12.40,80000,986000.00
2015-11-06,12.43,12.46,12.43,12.46,20000,249050.00
2015-11-09,12.50,12.60,12.50,12.60,80000,1006080.00
2015-11-10,12.63,12.68,12.63,12.68,47000,594910.00
2015-11-11,12.70,12.72,12.70,12.72,60000,763000.00
2015-11-12,12.74,12.77,12.74,12.77,27000,344290.00
2015-11-13,12.79,12.83,12.79,12.83,73000,935820.00
2015-11-16,12.85,12.90,12.85,12.90,40000,514920.00
2015-11-17,12.91,12.95,12.30,12.94,76000,974060.00
2015-11-18,12.94,12.96,12.94,12.96,36000,466230.00
2015-11-19,12.70,13.00,12.70,12.98,45000,583770.00
2015-11-20,12.72,13.36,12.72,13.13,32000,426650.00
2015-11-23,12.95,12.95,12.50,12.50,2000,25450.00
2015-12-08,12.23,12.23,11.97,11.97,2000,24200.00
2015-12-16,12.30,12.30,12.30,12.30,1000,12300.00
2015-12-17,12.30,12.30,12.30,12.30,1000,12300.00
2015-12-18,12.30,12.30,12.30,12.30,1000,12300.00
2015-12-21,12.30,12.30,12.30,12.30,1000,12300.00
2015-12-23,12.30,12.30,12.30,12.30,1000,12300.00
2015-12-25,12.30,12.30,12.30,12.30,1000,12300.00
2016-01-08,12.30,12.30,12.30,12.30,1000,12300.00
2016-01-11,11.84,11.84,11.84,11.84,1000,11840.00
2016-01-13,11.84,11.84,11.84,11.84,2000,23680.00
2016-01-14,11.25,11.82,11.25,11.82,4000,45570.00
2016-01-15,11.82,12.00,11.82,12.00,2000,23820.00
2016-01-18,12.00,12.00,12.00,12.00,3000,36000.00
2016-01-19,12.00,12.00,12.00,12.00,3000,36000.00
2016-01-20,12.00,13.20,12.00,13.20,4000,49200.00
2016-01-21,12.20,12.20,12.20,12.20,4000,48800.00
2016-01-22,12.20,12.20,12.20,12.20,2000,24400.00
2016-01-29,12.20,13.20,12.20,13.20,3000,37600.00
2016-02-01,13.20,13.20,13.20,13.20,1000,13200.00
2016-02-04,12.90,12.90,12.83,12.83,3000,38630.00
2016-02-05,12.50,12.50,12.50,12.50,1000,12500.00
2016-03-04,12.39,12.39,12.39,12.39,1000,12390.00
2016-03-07,12.33,12.33,12.33,12.33,1000,12330.00
2016-03-08,12.29,12.29,12.29,12.29,2000,24580.00
2016-03-09,12.29,12.29,12.29,12.29,3000,36870.00
2016-03-10,12.28,12.28,12.28,12.28,3000,36840.00
2016-03-11,12.27,12.28,12.27,12.28,11000,135050.00
2016-03-14,12.17,12.17,12.13,12.13,10000,121510.00
2016-03-15,12.13,12.13,12.13,12.13,2000,24260.00
2016-03-17,11.60,11.60,11.60,11.60,1000,11600.00
2016-03-21,6.18,6.18,6.18,6.18,1000,6180.00
2016-03-22,5.90,5.90,5.90,5.90,1000,5900.00
2016-03-24,6.00,6.00,6.00,6.00,1000,6000.00
2016-03-25,6.00,6.00,6.00,6.00,1000,6000.00
2016-03-28,6.00,6.00,6.00,6.00,1000,6000.00
2016-03-29,6.00,6.00,6.00,6.00,1000,6000.00
2016-03-30,6.00,6.00,6.00,6.00,1000,6000.00
2016-03-31,6.00,6.00,6.00,6.00,1000,6000.00
2016-04-05,6.04,6.04,6.04,6.04,1000,6040.00
2016-04-06,6.04,6.04,6.04,6.04,1000,6040.00
2016-04-07,6.04,6.04,6.04,6.04,1000,6040.00
2016-04-12,6.05,6.05,6.05,6.05,1000,6050.00
2016-04-13,6.10,6.10,6.10,6.10,1000,6100.00
2016-04-14,6.15,6.15,6.15,6.15,1000,6150.00
2016-04-15,6.30,6.31,6.30,6.30,3000,18910.00
2016-04-18,6.30,6.30,6.30,6.30,1000,6300.00
2016-04-19,6.30,6.70,6.30,6.70,10000,64860.00
2016-04-20,6.70,8.00,6.70,8.00,6000,43750.00
2016-04-21,6.94,6.94,6.94,6.94,800,5552.00
2016-04-25,6.98,7.00,6.98,6.99,3000,20970.00
2016-04-26,7.10,7.10,7.10,7.10,1000,7100.00
2016-04-27,7.20,7.34,6.94,7.34,11000,79630.00
2016-04-28,7.34,7.40,7.02,7.02,17000,124470.00
2016-04-29,7.15,7.35,7.15,7.35,13000,93850.00
2016-05-03,7.35,7.45,7.35,7.45,7000,51700.00
2016-05-04,7.45,7.45,7.13,7.35,3000,21930.00
2016-05-05,7.34,7.45,7.34,7.45,8000,58980.00
2016-05-06,7.45,7.60,7.45,7.55,5000,37700.00
2016-05-09,7.55,7.60,7.50,7.55,6000,45200.00
2016-05-10,7.55,7.60,7.45,7.60,9000,67860.00
2016-05-13,7.55,7.95,7.55,7.85,44000,341150.00
2016-05-16,7.85,7.88,7.80,7.85,9000,70590.00
2016-05-18,7.85,7.85,7.65,7.77,12000,93180.00
2016-05-19,7.66,7.90,7.66,7.90,22000,171180.00
2016-05-20,7.90,7.95,7.75,7.95,16000,126080.00
2016-05-23,7.95,8.15,7.90,8.15,23000,184780.00
2016-05-24,7.99,8.05,7.94,8.00,12000,95970.00
2016-05-25,8.00,8.00,7.89,8.00,21000,167890.00
2016-06-01,8.00,8.40,8.00,8.40,19000,155930.00
2016-06-02,8.40,8.70,8.40,8.70,4000,34200.00
2016-06-03,8.70,8.70,8.69,8.69,2000,17390.00
2016-06-06,8.70,9.00,8.70,9.00,9000,79510.00
2016-06-07,9.10,9.10,9.10,9.10,1000,9100.00
2016-06-08,9.05,9.05,9.00,9.00,2000,18050.00
2016-06-13,8.90,8.98,8.86,8.95,20000,178510.00
2016-06-14,8.90,8.98,8.90,8.98,4000,35760.00
2016-06-15,8.86,9.40,8.77,8.99,18000,161700.00
2016-06-16,8.99,8.99,8.82,8.99,6000,53470.00
2016-06-17,8.99,8.99,8.85,8.95,5000,44750.00
2016-06-20,9.15,9.18,9.05,9.14,14000,127550.00
2016-06-21,9.11,9.11,9.11,9.11,1000,9110.00
2016-06-22,9.10,9.18,9.06,9.18,6000,54740.00
2016-06-23,9.15,9.15,9.06,9.14,3000,27350.00
2016-06-27,9.12,9.18,9.03,9.18,7000,63760.00
2016-06-28,9.06,9.16,9.03,9.13,14000,127390.00
2016-06-29,9.00,9.11,9.00,9.11,4000,36220.00
2016-06-30,8.98,9.09,8.98,9.09,4000,36140.00
2016-07-01,9.08,9.08,8.70,9.07,6000,53850.00
2016-07-04,8.95,9.06,8.95,9.06,10000,90020.00
2016-07-05,8.90,9.05,8.90,9.05,8000,71710.00
2016-07-06,9.03,9.04,8.90,9.04,4000,35880.00
2016-07-08,9.02,9.04,8.92,9.04,4000,36010.00
2016-07-11,9.04,9.04,9.04,9.04,2000,18080.00
2016-07-12,8.86,9.03,8.86,9.03,6000,53640.00
2016-07-13,8.92,9.02,8.92,9.02,2000,17940.00
2016-07-14,8.85,9.01,8.85,9.01,2000,17860.00
2016-07-15,8.82,9.00,8.82,9.00,2000,17820.00
2016-07-19,8.60,9.00,8.31,9.00,13000,112890.00
2016-07-27,8.85,8.99,8.85,8.99,2000,17840.00
2016-07-28,8.83,8.98,8.83,8.98,2000,17810.00
2016-08-02,8.99,8.99,8.99,8.99,1000,8990.00
2016-08-09,9.00,9.10,9.00,9.10,7000,63250.00
2016-08-10,9.10,9.30,9.10,9.30,12000,110450.00
2016-08-12,9.30,9.35,9.15,9.34,7000,65060.00
2016-08-18,9.16,9.29,9.16,9.29,2000,18450.00
2016-08-19,8.89,9.30,8.89,9.30,3000,27190.00
2016-08-24,9.28,9.28,9.28,9.28,1000,9280.00
2016-08-25,9.23,9.23,9.23,9.23,1000,9230.00
2016-09-12,9.22,9.22,9.22,9.22,1000,9220.00
2016-09-27,9.24,9.24,9.24,9.24,1000,9240.00
2016-10-24,9.28,9.28,9.28,9.28,1000,9280.00
2016-10-28,9.29,9.29,9.29,9.29,1000,9290.00
2016-11-21,9.38,9.48,9.38,9.48,2000,18860.00
2016-11-24,9.49,9.49,9.49,9.49,1000,9490.00
2016-12-06,8.51,10.12,8.51,10.12,32000,275540.00
2016-12-16,9.68,9.68,9.68,9.68,2000,19360.00
2016-12-28,10.53,10.53,10.53,10.53,2000,21060.00
2016-12-29,11.26,11.26,11.26,11.26,3000,33780.00
2016-12-30,11.98,11.98,11.98,11.98,3000,35940.00
2017-01-09,11.30,11.30,11.00,11.00,2000,22300.00
2017-01-10,10.47,10.47,10.47,10.47,2000,20940.00
2017-01-16,10.00,10.00,9.60,9.87,11000,108130.00
2017-01-17,9.88,9.88,9.88,9.88,1000,9880.00
2017-01-19,9.72,10.98,9.72,10.65,34000,342380.00
2017-02-06,10.38,10.38,10.38,10.38,2000,20760.00
2017-02-07,10.30,10.40,9.90,9.90,6000,60480.00
2017-02-08,10.10,10.10,10.00,10.00,3000,30200.00
2017-02-15,9.75,9.75,9.75,9.75,2000,19500.00
2017-02-17,9.41,9.41,9.08,9.08,4000,36980.00
2017-02-21,8.85,8.85,8.56,8.56,3000,26260.00
2017-02-28,8.56,8.58,8.56,8.58,17000,145540.00
2017-03-01,8.56,8.70,8.43,8.70,22000,187220.00
2017-03-02,8.54,9.18,8.54,9.18,11000,97790.00
2017-03-03,9.10,9.36,9.00,9.15,13000,119020.00
2017-03-06,8.94,9.00,8.94,9.00,3000,26940.00
2017-03-07,9.14,9.20,9.14,9.20,2000,18340.00
2017-03-10,9.20,9.40,9.15,9.35,8000,74200.00
2017-03-15,9.36,9.36,9.30,9.30,2000,18660.00
2017-03-16,9.35,9.40,9.35,9.40,2000,18750.00
2017-03-17,9.40,9.46,9.40,9.46,2000,18860.00
2017-03-23,9.55,9.60,9.55,9.60,2000,19150.00
2017-03-24,9.75,9.80,9.75,9.80,4000,39100.00
2017-03-27,9.70,9.75,9.70,9.75,2000,19450.00
2017-03-28,9.75,9.80,9.75,9.80,2000,19550.00
2017-03-29,9.80,9.90,9.80,9.85,4000,39400.00
2017-03-30,9.80,9.85,9.75,9.80,4000,39200.00
2017-03-31,9.80,9.85,9.80,9.85,2000,19650.00
2017-04-05,10.10,10.20,10.00,10.00,18000,181550.00
2017-04-06,9.90,9.95,9.90,9.95,2000,19850.00
2017-04-07,9.80,9.95,9.80,9.90,5000,49350.00
2017-04-10,9.85,9.85,9.80,9.80,2000,19650.00
2017-04-11,10.00,10.06,9.65,9.80,6000,58960.00
2017-04-12,9.65,9.70,9.65,9.70,2000,19350.00
2017-04-13,9.87,9.92,9.87,9.92,2000,19790.00
2017-04-14,9.85,9.90,9.80,9.80,4000,39400.00
2017-04-17,9.70,10.06,9.65,10.06,5000,49060.00
2017-04-18,9.90,9.95,9.90,9.95,2000,19850.00
2017-04-19,9.90,9.90,9.85,9.85,2000,19750.00
2017-04-20,9.85,9.90,9.85,9.90,2000,19750.00
2017-04-21,9.80,9.85,9.80,9.85,2000,19650.00
2017-04-24,9.80,9.90,9.80,9.90,2000,19700.00
2017-04-26,9.95,10.00,9.80,10.00,6000,59550.00
2017-04-28,10.25,10.25,10.06,10.06,4000,40620.00
2017-05-11,9.85,9.90,9.70,9.75,4000,39200.00
2017-05-15,9.95,10.00,9.95,10.00,2000,19950.00
2017-05-23,9.90,10.10,9.80,10.05,14000,139400.00
2017-05-24,9.90,9.95,9.90,9.95,2000,19850.00
2017-05-25,10.11,10.16,10.11,10.16,2000,20270.00
2017-06-01,9.95,10.00,9.95,9.95,9000,89750.00
2017-06-02,9.70,10.00,9.51,10.00,11000,108240.00
2017-06-05,9.65,10.04,9.60,9.70,5000,48740.00
2017-06-06,9.85,9.90,9.80,9.85,14000,138050.00
2017-06-08,9.80,9.85,9.80,9.85,2000,19650.00
2017-06-09,9.90,9.90,9.80,9.80,4000,39400.00
2017-06-13,9.32,9.32,8.95,8.95,147000,1326570.00
2017-06-14,9.04,9.38,8.98,9.38,45000,406730.00
2017-06-15,9.43,9.84,9.40,9.84,12000,114380.00
2017-06-20,10.03,10.08,10.02,10.07,4000,40200.00
2017-06-21,10.10,10.19,9.69,10.00,6000,60270.00
2017-07-12,9.90,9.95,9.90,9.95,2000,19850.00
2017-07-27,9.70,9.70,9.22,9.22,3000,28620.00
2017-07-28,8.76,8.76,8.13,8.13,6000,50570.00
2017-07-31,8.34,8.34,7.80,7.80,17000,136640.00
2017-08-01,7.61,7.70,7.60,7.60,4000,30520.00
2017-08-03,7.42,7.43,7.28,7.28,4000,29540.00
2017-08-07,7.28,7.28,7.28,7.28,11000,80080.00
2017-08-15,7.22,7.22,7.20,7.20,1686000,12155880.00
2017-08-17,7.15,7.15,7.10,7.12,1933000,13743750.00
2017-08-18,7.10,7.12,7.10,7.12,149000,1059440.00
2018-01-08,5.50,5.50,5.50,5.50,807400,4440700.00
2018-01-12,9.70,10.50,7.00,10.00,14000,118300.00
2018-02-22,9.01,9.01,9.01,9.01,1000,9010.00
2018-02-27,9.30,9.30,9.30,9.30,1000,9300.00
2018-04-09,8.84,8.84,8.84,8.84,32000,282880.00
2018-04-27,10.00,11.00,10.00,11.00,2000,21000.00
2018-05-10,9.90,9.90,9.90,9.90,2000,19800.00
2018-05-11,9.20,9.20,9.20,9.20,2000,18400.00
2018-05-14,8.02,9.75,8.02,9.75,10000,85390.00
2018-05-15,12.49,12.49,12.49,12.49,1000,12490.00
2018-05-16,18.50,18.50,18.50,18.50,1000,18500.00
2018-05-21,25.00,25.00,25.00,25.00,1000,25000.00
2018-12-26,12.50,12.50,12.50,12.50,1000,12500.00
2018-12-27,7.00,7.00,7.00,7.00,1000,7000.00
2018-12-28,4.03,4.03,4.03,4.03,1000,4030.00
2019-01-07,7.83,7.83,7.83,7.83,1000,7830.00
2019-01-08,11.00,11.00,11.00,11.00,2000,22000.00
2019-03-06,11.00,11.00,11.00,11.00,135000,961200.00
2019-05-29,5.50,5.50,5.50,5.50,65800,361900.00
2019-06-18,10.10,10.10,10.10,10.10,1000,10100.00
2019-06-19,19.80,19.80,19.80,19.80,1000,19800.00
2019-06-26,9.90,9.90,9.90,9.90,1000,9900.00
2019-06-27,4.95,4.95,4.95,4.95,3000,14850.00
2019-06-28,4.95,4.95,4.95,4.95,13000,64350.00
2019-07-01,4.98,4.98,4.98,4.98,4000,19920.00
2019-07-03,4.98,4.98,4.98,4.98,1000,4980.00
2019-09-02,3.02,3.02,3.02,3.02,3800,11476.00
2019-12-30,3.00,3.06,3.00,3.06,5000,15060.00
2019-12-31,3.00,3.14,3.00,3.14,4000,12340.00
2020-01-14,3.60,3.60,3.60,3.60,4000,14400.00
2020-01-22,3.81,3.81,3.81,3.81,1000,3810.00
2020-03-10,5.00,5.00,5.00,5.00,5000,25000.00
2020-04-08,4.92,4.92,4.80,4.80,900,4392.00
2020-04-09,4.86,4.86,4.86,4.86,1200,5832.00
2020-04-10,4.82,4.99,4.82,4.99,500,2427.00
2020-04-13,5.00,5.00,5.00,5.00,200,1000.00
2020-04-17,5.06,5.06,5.06,5.06,2700,13662.00
2020-04-22,6.00,6.00,6.00,6.00,1000,6000.00
2020-04-24,6.00,6.00,6.00,6.00,1200,7794.00
2020-05-08,6.00,6.00,6.00,6.00,1000,6000.00
2020-05-13,5.68,5.68,5.30,5.30,2000,10980.00
2020-05-14,5.00,5.00,5.00,5.00,1000,5000.00
2020-06-01,7.86,7.86,7.60,7.60,11700,89907.20
2020-06-04,6.80,6.80,6.80,6.80,11900,80920.00
2020-06-08,7.50,9.50,7.50,9.50,145400,1259657.00
2020-06-09,9.98,9.98,9.70,9.70,168100,1198139.25
2020-06-10,9.70,9.70,9.50,9.50,156300,1081264.63
2020-06-11,8.16,8.16,8.16,8.16,150100,1020816.00
2020-06-12,9.50,9.97,9.40,9.97,211100,1596017.75
2020-06-15,9.96,9.96,9.00,9.00,136300,990594.25
2020-06-16,9.66,9.66,9.22,9.22,141100,983964.56
2020-06-17,9.20,9.20,9.10,9.10,5200,48229.50
2020-06-18,8.90,9.20,8.90,9.20,2100,19779.50
2020-06-19,9.20,9.25,9.20,9.25,20000,184750.00
2020-06-22,9.10,9.50,9.10,9.50,89400,829898.50
2020-06-24,9.50,9.60,9.50,9.60,72100,685986.50
2020-06-29,9.60,9.60,9.00,9.50,2100,20193.20
2020-06-30,9.50,9.50,9.50,9.50,28300,269163.50
2020-07-01,10.00,10.00,10.00,10.00,2000,20000.00
2020-07-03,9.03,9.05,9.03,9.05,2400,21709.05
2020-07-06,9.50,9.50,9.50,9.50,2000,19000.00
2020-07-09,9.80,9.85,9.80,9.80,4200,41266.00
2020-07-10,9.99,9.99,9.99,9.99,500,4995.00
2020-07-13,9.99,10.00,9.99,9.99,56000,560694.00
2020-07-14,10.00,10.00,9.99,9.99,14000,139970.00
2020-07-15,8.62,9.99,8.62,9.99,200,1861.00
2020-07-16,9.99,9.99,9.52,9.55,6200,60040.00
2020-07-17,9.60,9.62,9.60,9.62,9800,94221.44
2020-07-20,9.65,9.80,9.65,9.75,119400,1156691.25
2020-07-21,9.75,9.75,9.65,9.69,19000,184558.00
2020-07-22,10.19,10.19,9.87,10.09,26000,260388.58
2020-07-23,10.10,10.50,10.10,10.50,8100,83064.50
2020-07-24,10.38,11.40,10.38,10.88,17000,180840.00
2020-07-27,10.30,10.30,9.51,9.98,20500,205938.33
2020-07-28,10.07,10.92,10.00,10.00,69800,715809.38
2020-07-29,10.18,10.60,10.18,10.51,38600,406446.38
2020-07-30,10.90,10.90,10.49,10.49,33000,347056.28
2020-07-31,10.84,10.84,10.20,10.48,8000,83789.00
2020-08-03,10.49,10.49,10.49,10.49,10000,104900.00
2020-08-04,10.70,10.70,10.70,10.70,100,1070.00
2020-08-05,10.80,10.80,10.33,10.33,5500,59433.58
2020-08-06,10.27,10.27,10.27,10.27,300,3081.00
2020-08-10,10.00,10.00,10.00,10.00,4000,40000.00
2020-08-11,10.00,10.00,10.00,10.00,5000,50000.00
2020-08-14,9.11,9.90,9.11,9.90,2500,23109.08
2020-08-18,9.16,10.50,9.16,10.50,2100,20002.84
2020-08-20,9.99,9.99,9.99,9.99,2000,19980.00
2020-08-26,9.42,9.89,9.42,9.89,400,3815.00
2020-08-27,16.00,16.00,16.00,16.00,100,1600.00
2020-09-02,10.47,10.47,10.29,10.29,2300,23453.40
2020-09-07,9.99,9.99,9.92,9.92,1400,13958.00
2020-09-09,10.66,10.66,9.92,9.92,1000,10290.00
2020-09-16,9.74,9.74,9.74,9.74,500,4870.00
2020-10-09,9.00,9.00,9.00,9.00,2500,22491.00
2020-10-12,9.34,9.34,9.34,9.34,100,934.00
2020-10-13,9.20,9.70,9.20,9.70,200,1890.00
2020-10-14,9.78,9.78,9.78,9.78,100,978.00
2020-10-15,9.84,9.84,9.84,9.84,100,984.00
2020-11-02,9.00,9.73,9.00,9.73,1100,9973.00
2020-11-05,9.60,9.60,9.60,9.60,500,4800.00
2020-11-09,9.00,9.00,9.00,9.00,2000,18135.00
2020-11-10,8.80,8.80,8.80,8.80,600,5280.00
2020-11-11,8.50,8.55,7.50,7.50,13900,113738.70
2020-11-12,7.29,7.29,6.85,6.90,6300,44202.00
2020-11-13,9.40,9.40,9.40,9.40,100,940.00
2020-11-17,7.51,7.51,7.51,7.51,2500,18699.90
2020-11-18,7.98,7.98,7.98,7.98,1000,7980.00
2020-11-19,8.96,8.96,8.73,8.73,200,1769.00
2020-11-20,8.84,8.84,8.84,8.84,100,884.00
2021-11-15,20.01,32.70,20.01,23.05,11792000,285370880.00
2021-11-16,21.38,29.90,21.38,25.98,8665400,230746592.00
2021-11-17,24.88,24.89,20.70,21.48,6689200,147293424.00
2021-11-18,20.86,21.16,19.21,19.27,3929500,79078336.00
2021-11-19,19.75,19.95,18.70,18.90,2523000,48397720.00
2021-11-22,18.88,19.30,18.18,19.07,1856300,34954820.00
2021-11-23,18.99,20.55,18.90,19.88,2830300,56156112.00
2021-11-24,19.99,19.99,18.74,18.97,1983100,37804444.00
2021-11-25,18.97,19.30,18.80,18.83,979800,18573428.00
2021-11-26,18.69,18.80,18.20,18.30,1175700,21634682.00
2021-11-29,17.93,17.98,17.42,17.47,1474700,26074148.00
2021-11-30,17.68,17.69,16.91,17.01,997600,17242584.00
2021-12-01,16.97,17.28,16.37,16.49,1171300,19496658.00
2021-12-02,16.59,19.98,16.57,18.80,4878900,90258520.00
2021-12-03,18.60,18.60,17.10,17.23,2669000,47340712.00
2021-12-06,17.12,17.58,16.69,16.80,1095000,18580000.00
2021-12-07,16.91,17.06,16.20,16.41,910200,14942850.00
2021-12-08,16.56,16.98,16.29,16.71,528400,8817404.00
2021-12-09,16.71,16.82,16.32,16.50,855000,14080003.00
2021-12-10,16.43,16.65,16.40,16.48,479500,7904685.50
2021-12-13,16.41,17.20,16.41,17.17,1376100,23280506.00
2021-12-14,17.15,17.55,16.93,17.21,1342100,23280524.00
2021-12-15,17.00,17.18,16.53,16.66,921600,15394774.00
2021-12-16,16.75,16.76,16.50,16.53,517100,8573388.00
2021-12-17,16.55,16.64,16.15,16.15,736600,11969803.00
2021-12-20,16.00,16.00,15.08,15.35,1229500,18944978.00
2021-12-21,15.32,15.35,14.88,15.10,500900,7558423.50
2021-12-22,15.20,17.18,15.20,16.07,2044200,33648452.00
2021-12-23,15.60,16.09,15.38,15.70,948800,14829966.00
2021-12-24,15.51,15.67,15.00,15.01,864500,13162717.00
2021-12-27,15.02,15.34,14.94,15.19,310600,4717804.50
2021-12-28,15.19,15.98,15.10,15.71,696700,10895260.00
2021-12-29,15.80,16.36,15.58,15.99,1036600,16595702.00
2021-12-30,16.13,16.37,15.76,16.17,828700,13378313.00
2021-12-31,16.30,17.72,16.30,16.99,2737200,46987856.00
2022-01-04,16.85,19.24,16.40,18.97,3187400,56566136.00
2022-01-05,18.50,21.10,18.35,20.00,4572000,91207480.00
2022-01-06,19.09,19.60,17.58,17.75,2675600,48972376.00
2022-01-07,17.76,18.57,17.23,17.30,1292600,23317196.00
2022-01-10,17.98,17.98,17.08,17.48,678204,11818975.00
2022-01-11,17.29,17.60,16.75,16.90,1070570,18292376.00
2022-01-12,16.99,17.28,16.75,17.24,546928,9293380.00
2022-01-13,17.35,20.39,17.35,19.12,3982843,77458272.00
2022-01-14,18.40,18.69,17.56,17.72,2753528,49272240.00
2022-01-17,18.20,20.85,17.90,19.57,3924574,77100240.00
2022-01-18,19.50,21.39,18.57,20.37,4728699,94834568.00
2022-01-19,19.60,24.68,19.51,24.68,6469305,145162560.00
2022-01-20,23.51,28.00,22.70,24.11,7184362,181076272.00
2022-01-21,24.15,25.80,22.70,22.80,3410068,80771792.00
2022-01-24,21.20,22.70,20.37,20.43,2745741,58462568.00
2022-01-25,20.65,21.78,20.02,20.38,2013404,42320600.00
2022-01-26,20.01,20.57,18.82,19.93,1896958,37209012.00
2022-01-27,19.80,19.90,18.38,18.38,1658762,31505912.00
2022-01-28,18.40,19.50,18.40,18.54,1192692,22481396.00
2022-02-07,19.00,19.18,18.50,18.69,946624,17820184.00
2022-02-08,18.62,19.99,18.61,19.62,1755201,34380328.00
2022-02-09,19.79,20.69,19.37,20.10,1322248,26548368.00
2022-02-10,19.98,19.98,18.90,19.10,1129224,21733344.00
2022-02-11,19.10,19.10,17.23,17.39,1790037,31655468.00
2022-02-14,17.00,17.38,16.81,17.33,668671,11415364.00
2022-02-15,17.30,17.95,17.17,17.20,660952,11606580.00
2022-02-16,17.70,17.83,17.20,17.24,626827,10900792.00
2022-02-17,17.28,17.28,16.16,16.45,1665853,27538602.00
2022-02-18,16.58,16.78,16.31,16.60,596055,9880417.00
2022-02-21,16.70,17.40,16.70,17.25,1116854,19170340.00
2022-02-22,17.00,17.02,15.88,16.28,899109,14879460.00
2022-02-23,16.39,16.69,16.10,16.41,707507,11586863.00
2022-02-24,16.45,16.45,15.07,15.46,1302449,20425944.00
2022-02-25,15.40,15.85,15.38,15.61,761627,11816830.00
2022-02-28,15.57,15.66,15.30,15.44,378870,5856781.00
2022-03-01,15.44,15.56,15.34,15.46,313571,4842623.50
2022-03-02,15.48,15.57,15.25,15.32,299575,4599396.50
2022-03-03,15.45,15.47,15.18,15.27,494900,7581103.00
2022-03-04,15.00,15.34,14.88,14.89,506535,7605362.00
2022-03-07,15.00,15.00,14.40,14.48,401369,5894161.00
2022-03-08,14.75,14.78,13.50,13.62,696095,9653760.00
2022-03-09,13.80,13.80,12.87,13.33,450509,6015563.50
2022-03-10,13.75,13.81,13.40,13.43,359828,4867763.50
2022-03-11,13.06,13.40,12.57,13.32,378736,4954241.00
2022-03-14,13.08,13.26,12.71,12.72,386808,5006505.50
2022-03-15,12.72,12.72,11.82,11.82,682627,8298311.00
2022-03-16,11.39,12.49,11.39,12.05,542918,6478773.00
2022-03-17,12.29,14.53,12.10,13.40,2018358,27253856.00
2022-03-18,13.50,14.49,13.18,13.91,1147752,16022380.00
2022-03-21,14.05,14.12,13.34,13.60,806154,10939542.00
2022-03-22,13.64,13.66,13.36,13.36,301414,4055776.00
2022-03-23,13.55,13.55,13.20,13.25,272251,3640265.25
2022-03-24,13.16,13.37,12.60,12.64,387424,4987806.00
2022-03-25,12.88,12.90,12.44,12.63,263842,3341394.00
2022-03-28,12.40,12.66,12.39,12.49,203566,2542308.00
2022-03-29,12.55,13.48,12.39,12.85,701849,9183743.00
2022-03-30,12.97,13.59,12.85,13.35,572391,7610127.50
2022-03-31,13.47,13.65,13.24,13.49,347346,4679936.00
2022-04-01,13.65,14.26,13.35,14.00,773335,10813627.00
2022-04-06,14.17,14.25,13.71,13.94,337381,4704670.50
2022-04-07,14.20,14.20,13.60,13.61,255066,3508101.25
2022-04-08,13.75,13.75,13.31,13.36,177870,2382970.00
2022-04-11,13.48,13.59,12.37,12.57,428193,5443509.50
2022-04-12,12.56,12.86,12.40,12.82,121118,1523742.88
2022-04-13,12.84,12.88,12.40,12.44,92012,1167424.00
2022-04-14,12.51,12.63,12.38,12.44,167894,2090883.13
2022-04-15,12.52,12.55,11.94,11.99,310733,3790545.75
2022-04-18,11.84,12.25,11.84,12.12,126088,1518181.88
2022-04-19,12.26,12.26,11.85,12.00,101946,1223462.25
2022-04-20,12.15,12.19,11.80,11.87,133371,1592986.13
2022-04-21,11.87,11.87,11.18,11.33,431081,4911470.50
2022-04-22,11.03,11.34,11.01,11.15,242168,2703586.75
2022-04-25,11.16,11.27,10.11,10.27,266915,2838230.75
2022-04-26,10.16,10.58,9.90,9.95,232040,2359274.00
2022-04-27,10.02,10.35,9.78,10.24,280109,2816590.50
2022-04-28,10.01,10.08,9.67,9.68,407530,4011309.00
2022-04-29,9.71,10.06,9.64,10.02,353000,3478170.00
2022-05-05,10.33,10.42,10.08,10.20,444795,4560579.00
2022-05-06,10.08,10.10,9.89,9.97,197318,1971532.13
2022-05-09,10.08,10.23,10.01,10.13,126657,1280816.13
2022-05-10,10.11,10.30,9.90,10.27,134822,1368886.00
2022-05-11,10.35,10.54,10.17,10.45,233834,2441625.25
2022-05-12,10.45,10.45,10.15,10.28,162321,1660040.50
2022-05-13,10.38,11.13,10.20,10.78,490546,5259284.00
2022-05-16,10.77,11.38,10.77,10.99,455890,5017461.50
2022-05-17,10.91,10.93,10.57,10.65,249563,2674871.75
2022-05-18,10.65,10.79,10.60,10.65,118248,1261217.75
2022-05-19,10.51,10.51,10.28,10.48,131340,1369199.25
2022-05-20,10.72,10.75,10.20,10.42,193666,2016504.63
2022-05-23,10.59,10.59,10.33,10.47,70455,735191.94
2022-05-24,10.55,10.64,9.93,9.94,208551,2155612.00
2022-05-25,10.08,10.15,9.96,10.07,87395,878296.75
2022-05-26,9.87,10.11,9.87,10.01,111729,1118204.00
2022-05-27,10.09,10.09,9.97,10.01,66101,663144.44
2022-05-30,9.88,9.89,8.63,9.05,2066431,18745404.00
2022-05-31,8.90,9.02,8.85,8.99,416790,3720734.50
2022-06-01,9.02,9.03,8.73,8.80,999438,8823519.00
2022-06-02,8.81,8.95,8.74,8.90,383839,3393477.25
2022-06-06,9.04,9.40,8.88,9.18,564774,5163473.50
2022-06-07,9.08,9.25,9.02,9.15,271376,2483561.75
2022-06-08,9.20,9.25,9.00,9.02,318839,2894713.00
2022-06-09,9.00,9.07,8.86,8.87,215394,1922914.38
2022-06-10,8.93,8.93,8.84,8.92,142165,1263784.75
2022-06-13,8.82,8.90,8.77,8.82,169016,1491500.13
2022-06-14,8.80,8.80,8.57,8.74,255089,2215128.75
2022-06-15,8.83,8.96,8.69,8.90,338224,3004653.50
2022-06-16,8.99,9.04,8.89,8.98,195945,1757133.25
2022-06-17,8.88,8.95,8.85,8.94,211599,1882727.00
2022-06-20,8.88,8.97,8.86,8.94,163012,1451086.88
2022-06-21,8.99,9.15,8.96,9.05,302273,2722586.00
2022-06-22,9.14,9.17,8.96,9.04,187913,1700742.00
2022-06-23,9.00,9.07,8.73,9.07,330890,2968320.00
2022-06-24,9.05,9.09,8.96,9.06,203841,1844885.75
2022-06-27,6.01,6.12,6.01,6.03,382519,2323371.75
2022-06-28,6.10,6.55,6.01,6.35,1050341,6700537.50
2022-06-29,6.45,6.70,6.35,6.38,1068074,6985181.50
2022-06-30,6.40,6.40,6.21,6.22,649643,4082650.50
2022-07-01,6.22,6.38,6.18,6.19,325156,2041739.13
2022-07-04,6.20,6.23,6.07,6.15,539606,3304653.50
2022-07-05,6.15,6.15,5.97,6.02,467071,2817913.25
2022-07-06,5.98,6.05,5.94,5.96,288865,1729751.25
2022-07-07,5.97,6.07,5.92,5.97,218092,1299776.50
2022-07-08,6.05,6.07,5.91,5.97,295995,1763091.50
2022-07-11,5.92,5.98,5.83,5.91,206828,1214886.63
2022-07-12,5.90,5.90,5.75,5.76,281841,1635111.50
2022-07-13,5.76,5.80,5.71,5.73,271346,1553704.88
2022-07-14,5.71,5.77,5.64,5.76,317685,1816717.88
2022-07-15,5.76,5.76,5.52,5.56,630837,3544648.25
2022-07-18,5.57,5.62,5.56,5.61,408768,2281844.25
2022-07-19,5.61,5.68,5.59,5.66,379006,2136180.00
2022-07-20,5.69,5.97,5.68,5.86,709777,4173625.25
2022-07-21,5.86,5.93,5.72,5.73,286922,1663863.13
2022-07-22,5.74,5.81,5.55,5.66,223998,1269590.25
2022-07-25,5.74,5.74,5.55,5.59,194696,1088336.88
2022-07-26,5.54,5.64,5.53,5.62,286207,1597205.00
2022-07-27,5.68,5.70,5.55,5.64,832344,4682212.50
2022-07-28,5.65,5.68,5.60,5.62,444687,2502693.00
2022-07-29,5.65,5.65,5.52,5.53,313561,1743593.13
2022-08-01,5.50,5.55,5.50,5.54,122513,676628.13
2022-08-02,5.46,5.47,5.09,5.21,522051,2742891.50
2022-08-03,5.26,5.26,5.11,5.16,256728,1339900.75
2022-08-04,5.20,5.22,5.15,5.22,91698,474992.41
2022-08-05,5.25,5.26,5.16,5.24,154635,809192.63
2022-08-08,5.24,5.25,5.19,5.24,84969,442957.69
2022-08-09,5.25,5.27,5.18,5.25,139703,729052.31
2022-08-10,5.21,5.38,5.20,5.33,290147,1528013.75
2022-08-11,5.37,5.99,5.35,5.75,1294705,7465533.00
2022-08-12,5.65,5.66,5.53,5.56,447537,2498585.00
2022-08-15,5.75,5.75,5.56,5.60,113028,633298.38
2022-08-16,5.59,5.68,5.50,5.60,247611,1382338.00
2022-08-17,5.62,5.64,5.58,5.62,145564,816633.25
2022-08-18,5.59,5.63,5.51,5.56,163870,907628.94
2022-08-19,5.62,5.62,5.49,5.55,251727,1389599.13
2022-08-22,5.41,5.55,5.41,5.47,93009,508527.53
2022-08-23,5.35,5.40,5.20,5.25,463553,2454435.75
2022-08-24,5.25,5.25,4.98,5.05,477690,2420715.00
2022-08-25,5.01,5.05,4.94,4.97,460914,2294154.25
2022-08-26,4.95,5.00,4.92,4.92,189521,937242.31
2022-08-29,4.92,5.05,4.92,5.01,167435,836812.94
2022-08-30,5.03,5.04,4.97,4.98,92775,463767.28
2022-08-31,4.92,5.09,4.86,4.91,376914,1846569.25
2022-09-01,4.94,5.00,4.86,4.89,88457,436325.66
2022-09-02,4.78,4.94,4.78,4.88,146172,708395.06
2022-09-05,4.93,5.01,4.82,4.88,183750,898517.13
2022-09-06,4.88,4.88,4.78,4.84,271329,1309802.25
2022-09-07,4.87,4.89,4.80,4.85,309227,1497162.25
2022-09-08,4.84,4.90,4.80,4.84,77045,371428.03
2022-09-09,4.86,4.86,4.81,4.86,68396,330799.44
2022-09-13,4.88,4.92,4.85,4.91,169461,828409.50
2022-09-14,4.82,4.88,4.81,4.85,136368,659279.50
2022-09-15,4.87,4.87,4.74,4.77,140597,672430.44
2022-09-16,4.77,5.17,4.75,4.97,1082657,5444896.50
2022-09-19,4.97,5.20,4.95,5.01,602979,3058539.25
2022-09-20,4.94,5.11,4.94,5.10,422506,2139963.50
2022-09-21,5.13,6.00,5.05,5.94,3389921,18944222.00
2022-09-22,5.86,5.98,5.48,5.48,2091381,12011470.00
2022-09-23,5.59,5.68,5.13,5.17,1207112,6442010.00
2022-09-26,5.13,5.29,5.05,5.09,636581,3287411.75
2022-09-27,5.24,5.24,5.03,5.09,633028,3215686.25
2022-09-28,5.13,5.15,4.92,4.92,378800,1904126.00
2022-09-29,4.99,4.99,4.81,4.85,545659,2660498.00
2022-09-30,4.78,4.91,4.62,4.62,519752,2453371.50
2022-10-10,4.75,4.75,4.48,4.48,160277,744676.38
2022-10-11,4.57,4.59,4.48,4.50,224814,1021558.69
2022-10-12,4.46,4.57,4.46,4.56,238643,1078144.25
2022-10-13,4.55,4.71,4.53,4.65,282707,1313441.25
2022-10-14,4.66,4.74,4.61,4.72,285581,1334786.50
2022-10-17,4.69,4.87,4.66,4.86,310264,1485063.75
2022-10-18,4.90,4.99,4.85,4.98,405622,1995239.63
2022-10-19,4.94,4.97,4.82,4.91,247150,1203035.13
2022-10-20,4.82,4.95,4.82,4.88,210528,1027084.75
2022-10-21,4.86,4.91,4.80,4.87,90243,438301.41
2022-10-24,4.87,4.90,4.69,4.72,220054,1057195.00
2022-10-25,4.63,4.80,4.63,4.66,121780,571208.94
2022-10-26,4.57,4.81,4.57,4.69,124817,587320.19
2022-10-27,4.74,4.75,4.65,4.73,119865,563549.56
2022-10-28,4.65,4.73,4.53,4.59,271224,1249515.75
2022-10-31,4.51,4.68,4.44,4.64,564592,2574066.50
2022-11-01,4.62,4.70,4.52,4.67,324864,1493174.00
2022-11-02,4.66,4.90,4.60,4.86,518926,2499391.25
2022-11-03,4.78,4.84,4.75,4.80,196892,940618.88
2022-11-04,4.83,4.87,4.72,4.80,275672,1319438.13
2022-11-07,4.85,4.85,4.78,4.83,214780,1036187.31
2022-11-08,4.78,4.85,4.74,4.83,240674,1159592.50
2022-11-09,4.77,4.83,4.74,4.76,140180,667280.25
2022-11-10,4.75,4.81,4.74,4.76,92065,438810.94
2022-11-11,4.80,4.84,4.77,4.80,386032,1855922.88
2022-11-14,4.87,4.88,4.79,4.79,200429,965600.88
2022-11-15,4.85,4.85,4.79,4.84,366861,1762682.25
2022-11-16,4.85,4.88,4.78,4.79,171070,824936.19
2022-11-17,4.79,4.84,4.75,4.84,111147,534530.63
2022-11-18,4.85,4.85,4.79,4.83,198140,953547.13
2022-11-21,4.95,4.98,4.86,4.87,460303,2262387.00
2022-11-22,4.92,4.92,4.67,4.74,203489,979244.38
2022-11-23,4.75,4.80,4.71,4.76,66584,317213.50
2022-11-24,4.73,4.79,4.72,4.75,84426,400569.19
2022-11-25,4.72,4.76,4.66,4.72,109547,515614.13
2022-11-28,4.68,4.70,4.63,4.65,124491,579104.13
2022-11-29,4.69,4.70,4.60,4.68,324664,1508977.00
2022-11-30,4.64,4.68,4.60,4.67,141087,653804.69
2022-12-01,4.64,4.72,4.64,4.70,158699,743648.75
2022-12-02,4.70,4.72,4.67,4.68,73143,343721.50
2022-12-05,4.66,4.69,4.63,4.68,187100,871034.63
2022-12-06,4.63,4.68,4.63,4.68,73901,343560.16
2022-12-07,4.64,4.68,4.60,4.63,164060,757518.56
2022-12-08,4.60,4.63,4.58,4.63,191393,880854.69
2022-12-09,4.60,4.63,4.57,4.57,123937,568317.00
2022-12-12,4.56,4.60,4.54,4.56,100380,458709.53
2022-12-13,4.59,4.59,4.51,4.55,107575,488054.53
2022-12-14,4.49,4.59,4.49,4.54,113331,511799.97
2022-12-15,4.48,4.53,4.48,4.53,56649,255006.80
2022-12-16,4.49,4.49,4.44,4.46,121319,541366.50
2022-12-19,4.45,4.48,4.39,4.44,145652,643543.38
2022-12-20,4.39,4.44,4.35,4.39,32642,143503.88
2022-12-21,4.39,4.45,4.31,4.40,105197,456240.75
2022-12-22,4.21,4.40,4.21,4.26,190653,816748.25
2022-12-23,4.22,4.35,4.22,4.26,29894,127910.20
2022-12-26,4.22,4.55,4.22,4.30,56697,244544.36
2022-12-27,4.27,4.36,4.26,4.31,43076,185744.56
2022-12-28,4.28,4.34,4.24,4.28,45326,193220.34
2022-12-29,4.22,4.27,4.21,4.26,73756,311499.28
2022-12-30,4.26,4.26,4.19,4.26,87727,369988.66
2023-01-03,4.26,4.36,4.21,4.34,139687,598568.19
2023-01-04,4.33,4.34,4.28,4.31,35815,154554.00
2023-01-05,4.30,4.36,4.29,4.35,100452,435038.53
2023-01-06,4.34,4.34,4.26,4.34,63735,274232.09
2023-01-09,4.33,4.34,4.27,4.31,33458,144410.34
2023-01-10,4.28,4.33,4.23,4.28,103216,439528.56
2023-01-11,4.25,4.29,4.22,4.26,63503,269814.28
2023-01-12,4.26,4.29,4.24,4.27,43971,187774.97
2023-01-13,4.30,4.32,4.21,4.22,62678,265063.09
2023-01-16,4.22,4.32,4.21,4.29,96623,411149.84
2023-01-17,4.28,4.29,4.24,4.25,57790,246514.45
2023-01-18,4.29,4.33,4.26,4.31,105997,455022.63
2023-01-19,4.26,4.33,4.26,4.31,73542,316029.41
2023-01-20,4.31,4.70,4.31,4.54,530838,2404691.25
2023-01-30,4.59,4.59,4.49,4.53,299905,1352931.25
2023-01-31,4.53,4.82,4.50,4.80,978537,4601125.00
2023-02-01,4.81,4.85,4.72,4.78,407938,1948445.63
2023-02-02,4.78,4.79,4.67,4.70,262263,1237715.13
2023-02-03,4.69,4.75,4.68,4.69,114543,538901.88
2023-02-06,4.62,4.68,4.58,4.61,276347,1276072.13
2023-02-07,4.68,4.68,4.56,4.60,137035,629282.75
2023-02-08,4.64,4.64,4.54,4.59,122308,557560.06
2023-02-09,4.58,4.61,4.54,4.59,161754,739059.69
2023-02-10,4.53,4.59,4.53,4.58,57341,261637.41
2023-02-13,4.64,4.64,4.58,4.58,63394,291390.56
2023-02-14,4.58,4.61,4.56,4.58,48101,219733.77
2023-02-15,4.55,4.60,4.54,4.59,99170,453238.38
2023-02-16,4.56,4.61,4.46,4.56,266478,1206298.13
2023-02-17,4.53,4.54,4.49,4.54,77619,349755.69
2023-02-20,4.50,4.56,4.47,4.56,108970,491468.69
2023-02-21,4.56,4.56,4.50,4.55,126973,574365.06
2023-02-22,4.50,4.50,4.41,4.48,188045,837808.13
2023-02-23,4.54,4.54,4.43,4.48,109613,488670.75
2023-02-24,4.41,4.47,4.40,4.45,163854,723615.81
2023-02-27,4.41,4.41,4.34,4.37,240223,1047579.69
2023-02-28,4.39,4.43,4.33,4.39,56521,247720.88
2023-03-01,4.35,4.43,4.35,4.42,92962,409925.66
2023-03-02,4.43,4.43,4.40,4.42,61205,270177.16
2023-03-03,4.40,4.42,4.37,4.41,71777,314961.91
2023-03-06,4.45,4.45,4.35,4.36,130814,571989.88
2023-03-07,4.39,4.39,4.25,4.29,173918,747755.50
2023-03-08,4.32,4.32,4.27,4.30,53100,228001.09
2023-03-09,4.30,4.36,4.26,4.30,152372,654956.31
2023-03-10,4.25,4.31,4.25,4.31,34104,146017.70
2023-03-13,4.31,4.32,4.25,4.29,58689,250835.94
2023-03-14,4.26,4.27,4.22,4.23,99874,423556.19
2023-03-15,4.29,4.31,4.21,4.26,114238,483528.69
2023-03-16,4.23,4.26,4.20,4.23,93241,393129.50
2023-03-17,4.22,4.25,4.20,4.23,131518,554962.81
2023-03-20,4.28,4.28,4.21,4.25,70823,299440.38
2023-03-21,4.26,4.28,4.20,4.28,140265,594901.50
2023-03-22,4.23,4.29,4.23,4.28,138999,591606.13
2023-03-23,4.23,4.27,4.22,4.24,182912,774270.63
2023-03-24,4.22,4.72,4.22,4.42,1558895,7012453.50
2023-03-27,4.41,4.41,4.30,4.36,649542,2818649.50
2023-03-28,4.32,4.34,4.26,4.27,231224,991940.31
2023-03-29,4.25,4.38,4.25,4.32,343241,1484833.88
2023-03-30,4.30,4.30,4.22,4.24,209407,890045.69
2023-03-31,4.24,4.30,4.23,4.28,71512,304837.47
2023-04-03,4.32,4.32,4.23,4.28,127201,542828.25
2023-04-04,4.24,4.31,4.24,4.28,173825,745156.25
2023-04-06,4.30,4.30,4.21,4.23,209940,888383.44
2023-04-07,4.25,4.32,4.22,4.28,104704,447980.59
2023-04-10,4.25,4.25,4.22,4.24,166064,702226.88
2023-04-11,4.21,4.25,4.19,4.20,281581,1182320.88
2023-04-12,4.21,4.23,4.18,4.21,204327,857972.00
2023-04-13,4.22,4.22,4.17,4.20,125446,526395.56
2023-04-14,4.17,4.21,4.17,4.20,133462,558900.38
2023-04-17,4.20,4.20,4.14,4.17,106018,442737.09
2023-04-18,4.15,4.16,4.13,4.16,131497,544997.81
2023-04-19,4.16,4.16,4.12,4.13,141378,583865.44
2023-04-20,4.14,4.17,4.08,4.08,125412,515807.44
2023-04-21,4.08,4.09,4.03,4.03,148049,599820.13
2023-04-24,4.02,4.05,4.00,4.02,190917,767096.69
2023-04-25,4.08,4.08,3.94,3.96,128680,511378.63
2023-04-26,3.92,4.00,3.92,3.94,136544,539813.69
2023-04-27,3.90,4.03,3.90,3.98,143580,570134.94
2023-04-28,4.01,4.01,3.81,3.98,172110,679830.19
2023-05-04,3.89,3.98,3.86,3.94,185430,724481.81
2023-05-05,4.08,4.24,4.00,4.13,635448,2609749.25
2023-05-08,4.17,4.26,4.12,4.26,301268,1264041.63
2023-05-09,4.21,4.38,4.10,4.13,430499,1809768.00
2023-05-10,4.13,4.15,4.05,4.13,110827,453162.59
2023-05-11,4.08,4.34,4.08,4.22,298096,1256451.50
2023-05-12,4.24,4.29,4.11,4.22,250025,1062625.88
2023-05-15,4.35,4.35,4.12,4.23,121313,509008.34
2023-05-16,4.20,4.20,4.12,4.18,95270,396180.50
2023-05-17,4.12,4.20,4.12,4.19,27099,112704.93
2023-05-18,4.29,4.34,4.14,4.33,315081,1340849.63
2023-05-19,4.42,4.44,4.12,4.37,484487,2082596.88
2023-05-22,4.26,4.33,4.26,4.33,211705,908109.56
2023-05-23,4.19,4.32,4.19,4.30,102590,438930.50
2023-05-24,4.25,4.29,4.20,4.20,122061,516926.88
2023-05-25,4.27,4.27,4.15,4.20,63587,264896.41
2023-05-26,4.25,4.25,4.15,4.20,33258,138640.84
2023-05-29,4.10,4.19,4.10,4.15,73771,303483.34
2023-05-30,4.25,4.25,4.05,4.14,41881,173297.05
2023-05-31,4.23,4.23,4.09,4.10,25091,102810.19
2023-06-01,4.15,4.15,4.00,4.05,146716,594351.69
2023-06-02,4.06,4.06,4.02,4.05,47648,192702.94
2023-06-05,4.02,4.06,4.01,4.02,41599,167431.05
2023-06-06,4.05,4.05,3.95,4.00,71927,286005.97
2023-06-07,4.03,4.03,3.94,4.00,32788,130195.26
2023-06-08,4.01,4.01,3.91,3.94,49850,196699.48
2023-06-09,3.99,4.00,3.94,3.99,71171,282424.25
2023-06-12,4.00,4.00,3.93,3.98,17593,69801.47
2023-06-13,3.93,3.99,3.93,3.97,53206,210909.06
2023-06-14,3.92,3.98,3.92,3.97,52570,208425.95
2023-06-15,3.91,3.99,3.91,3.97,76824,305128.78
2023-06-16,3.99,4.03,3.94,4.00,77574,308461.13
2023-06-19,3.93,4.01,3.93,4.00,48907,193819.27
2023-06-20,3.94,4.01,3.80,3.92,136296,533118.63
2023-06-21,3.92,3.99,3.90,3.98,121250,479652.06
2023-06-26,3.88,3.99,3.88,3.98,56320,221989.80
2023-06-27,4.01,4.01,3.92,3.98,82902,327713.44
2023-06-28,3.98,3.98,3.88,3.94,19480,76327.60
2023-06-29,4.00,4.00,3.92,4.00,112319,444871.06
2023-06-30,4.01,4.01,3.95,3.99,43058,171660.03
2023-07-03,4.00,4.04,3.96,4.04,128633,516161.47
2023-07-04,3.92,4.05,3.92,4.03,112079,448814.00
2023-07-05,4.02,4.03,3.97,4.02,65349,260980.80
2023-07-06,3.97,4.02,3.95,3.98,167840,667302.50
2023-07-07,3.91,3.99,3.91,3.99,16502,64978.01
2023-07-10,4.00,4.01,3.97,3.99,20300,81100.33
2023-07-11,4.00,4.00,3.96,4.00,62218,246996.13
2023-07-12,3.94,4.00,3.93,3.93,33409,131648.09
2023-07-13,3.96,4.00,3.96,4.00,47021,187787.80
2023-07-14,4.02,4.03,3.94,4.00,58029,232589.20
2023-07-17,3.94,3.99,3.94,3.95,8405,33266.80
2023-07-18,3.95,3.98,3.91,3.97,50652,199252.36
2023-07-19,3.94,3.95,3.93,3.95,10549,41555.69
2023-07-20,3.96,3.96,3.91,3.94,45080,177169.69
2023-07-21,3.90,3.95,3.90,3.93,24535,96123.25
2023-07-24,3.94,3.94,3.91,3.94,8550,33646.50
2023-07-25,3.96,3.97,3.92,3.95,67767,268116.44
2023-07-26,3.97,4.08,3.92,3.97,138286,547533.56
2023-07-27,3.97,3.98,3.93,3.97,55182,217960.72
2023-07-28,3.93,4.00,3.93,3.98,72520,286853.09
2023-07-31,3.96,4.05,3.96,4.01,192706,776187.44
2023-08-01,4.02,4.06,3.92,4.01,113272,451457.56
2023-08-02,4.01,4.01,3.95,3.99,31716,125957.56
2023-08-03,3.99,4.01,3.95,4.00,31798,126724.10
2023-08-04,4.01,4.02,3.99,4.00,40115,160359.45
2023-08-07,3.96,4.00,3.95,3.98,62909,249204.70
2023-08-08,3.95,3.98,3.95,3.95,25041,99015.52
2023-08-09,3.97,3.97,3.93,3.97,38768,153321.23
2023-08-10,3.94,3.97,3.94,3.97,10022,39528.02
2023-08-11,3.94,3.97,3.93,3.95,46912,184921.48
2023-08-14,3.96,3.96,3.92,3.93,5920,23274.80
2023-08-15,3.98,3.98,3.90,3.91,94807,371050.63
2023-08-16,3.90,3.95,3.89,3.91,51103,199429.72
2023-08-17,3.90,3.93,3.80,3.93,36885,144045.30
2023-08-18,3.93,3.93,3.87,3.91,16928,65696.54
2023-08-21,3.92,3.94,3.81,3.86,113290,438716.09
2023-08-22,3.88,3.89,3.82,3.84,92155,353515.81
2023-08-23,3.87,3.87,3.79,3.80,62539,238312.69
2023-08-24,3.80,3.83,3.72,3.76,77237,290052.31
2023-08-25,3.72,3.75,3.59,3.65,188933,691495.81
2023-08-28,3.80,3.89,3.61,3.66,80452,299433.44
2023-08-29,3.71,3.73,3.64,3.72,104717,388129.38
2023-08-30,3.70,3.75,3.66,3.68,135024,497700.97
2023-08-31,3.70,3.73,3.67,3.71,81450,302373.00
2023-09-01,3.70,3.78,3.70,3.73,75420,282768.72
2023-09-04,3.85,3.98,3.80,3.90,484661,1890821.50
2023-09-05,3.88,3.94,3.80,3.91,319145,1237613.38
2023-09-06,3.91,4.15,3.90,4.04,545575,2191452.00
2023-09-07,4.02,4.05,3.96,3.99,236229,943009.25
2023-09-08,3.97,4.03,3.96,4.03,216250,866057.88
2023-09-11,4.01,4.06,3.98,3.99,81167,324852.38
2023-09-12,3.95,4.01,3.93,4.00,101726,405320.38
2023-09-13,3.98,4.00,3.92,3.98,33412,131667.64
2023-09-14,4.00,4.00,3.92,3.98,30852,121723.84
2023-09-15,3.96,3.97,3.90,3.96,13546,53222.39
2023-09-18,3.96,3.96,3.91,3.93,41405,162422.94
2023-09-19,3.95,3.95,3.88,3.93,14701,57311.58
2023-09-20,3.94,3.94,3.87,3.91,3950,15325.40
2023-09-21,3.91,3.91,3.88,3.89,25253,98532.62
2023-09-22,3.83,3.91,3.83,3.91,20602,80318.19
2023-09-25,3.90,3.95,3.90,3.94,12337,48244.50
2023-09-26,3.95,3.95,3.86,3.92,13195,51338.07
2023-09-27,3.93,3.93,3.83,3.87,140903,542963.88
2023-09-28,3.88,3.88,3.81,3.88,36569,141257.30
2023-10-09,3.89,3.89,3.81,3.83,72939,279159.47
2023-10-10,3.84,3.87,3.71,3.83,50709,192939.58
2023-10-11,3.81,3.83,3.75,3.83,63362,241909.89
2023-10-12,3.80,3.83,3.75,3.80,36776,139273.75
2023-10-13,3.79,3.79,3.71,3.77,83893,314151.31
2023-10-16,3.75,3.75,3.61,3.70,65293,239997.13
2023-10-17,3.72,3.72,3.63,3.64,73206,266859.38
2023-10-18,3.64,3.64,3.58,3.58,46600,168122.38
2023-10-19,3.58,3.58,3.46,3.58,93043,326933.22
2023-10-20,3.51,3.57,3.42,3.55,146507,510678.50
2023-10-23,3.48,3.55,3.42,3.50,66027,230734.48
2023-10-24,3.61,3.61,3.47,3.55,62589,220351.27
2023-10-25,3.58,3.60,3.52,3.57,32973,117429.15
2023-10-26,3.56,3.60,3.46,3.58,30223,106066.38
2023-10-27,3.64,3.68,3.51,3.62,92227,332889.59
2023-10-30,3.67,3.67,3.55,3.67,13800,50262.04
2023-10-31,3.56,3.68,3.56,3.65,61900,223884.00
2023-11-01,3.57,3.66,3.57,3.63,15702,56464.26
2023-11-02,3.63,3.63,3.52,3.60,29120,103720.96
2023-11-03,3.55,3.63,3.54,3.62,51753,186103.31
2023-11-06,3.61,3.68,3.61,3.68,70402,257491.48
2023-11-07,3.64,3.75,3.64,3.75,118962,442349.19
2023-11-08,3.79,3.83,3.75,3.80,159573,605808.56
2023-11-09,3.84,3.84,3.78,3.82,61383,233745.06
2023-11-10,3.78,3.85,3.74,3.74,59671,224330.69
2023-11-13,3.80,3.80,3.72,3.76,53907,201221.97
2023-11-14,3.77,4.01,3.68,3.90,486856,1906089.13
2023-11-15,3.90,4.01,3.89,3.94,293784,1163342.50
2023-11-16,3.97,3.97,3.84,3.89,100984,391738.75
2023-11-17,3.94,3.94,3.85,3.91,93853,366059.59
2023-11-20,3.95,4.10,3.91,4.04,450238,1818833.50
2023-11-21,4.25,5.25,4.25,5.25,4049338,20708114.00
2023-11-22,5.90,6.82,5.70,6.82,8594255,55266212.00
2023-11-23,8.86,8.86,8.36,8.86,9712253,85466128.00
2023-11-24,9.50,11.51,9.00,11.51,16764808,178572656.00
2023-11-27,12.75,14.95,10.80,13.42,21876301,289902304.00
2023-12-01,10.99,11.66,9.68,9.81,16096054,169345152.00
2023-12-04,8.88,9.68,8.42,8.77,11013716,97740864.00
2023-12-05,8.78,11.40,8.68,11.40,17745739,181299808.00
2023-12-06,10.83,12.68,10.32,10.62,14994577,170669456.00
2023-12-07,10.00,12.00,9.82,10.95,11142477,123277208.00
2023-12-08,10.95,11.30,10.33,10.63,7804484,83450656.00
2023-12-11,10.79,10.79,9.50,9.68,7010212,69545744.00
2023-12-12,9.64,10.46,9.61,10.12,6826304,68742624.00
2023-12-13,10.16,12.60,9.70,11.60,13855324,149612784.00
2023-12-14,11.38,13.10,11.01,11.50,13611044,163013760.00
2023-12-15,11.21,11.87,10.72,10.90,7500373,83752136.00
2023-12-18,10.53,11.52,10.52,11.42,8189422,92573048.00
2023-12-19,11.42,12.79,11.01,12.40,12526985,149873200.00
2023-12-20,12.02,13.07,11.90,12.42,11478813,143407888.00
2023-12-21,12.19,12.68,9.00,10.08,11209453,124587592.00
2023-12-22,10.04,10.45,9.58,10.39,6885491,69638552.00
2023-12-25,10.60,10.90,10.26,10.67,6693431,70679064.00
2023-12-26,11.00,12.40,10.64,11.90,12436905,142779024.00
2023-12-27,11.53,12.08,11.10,11.27,7774157,89143488.00
2023-12-28,11.41,12.20,11.02,11.08,7515128,86484888.00
2023-12-29,10.95,11.38,10.78,11.18,5585401,62221184.00
2024-01-02,11.00,12.38,11.00,11.95,10285592,120792272.00
2024-01-03,11.80,13.00,11.60,12.49,13637027,169302720.00
2024-01-04,12.40,13.46,12.18,13.29,12936397,167391504.00
2024-01-05,13.46,14.40,12.49,13.95,14968755,201648352.00
2024-01-08,13.14,13.88,12.21,12.33,11340916,148417824.00
2024-01-09,12.20,12.50,10.55,11.36,8873619,102553304.00
2024-01-10,11.22,11.54,10.69,11.10,5345814,59170384.00
2024-01-11,11.00,11.38,10.87,10.90,4953182,54642188.00
2024-01-12,10.75,11.00,8.89,8.90,7583428,74844304.00
2024-01-15,8.99,9.46,8.68,9.30,6265147,57539064.00
2024-01-16,9.18,10.33,9.00,10.26,8342445,81126680.00
2024-01-17,9.90,10.74,9.83,9.98,7025443,72097104.00
2024-01-18,9.80,10.33,9.78,10.17,6463029,65084516.00
2024-01-19,10.20,10.58,10.20,10.35,6477536,67318592.00
2024-01-22,10.40,10.46,9.39,9.76,5196317,51197320.00
2024-01-23,9.72,10.05,9.47,9.80,4506100,43996116.00
2024-01-24,9.79,9.87,9.08,9.30,4784451,44956720.00
2024-01-25,9.40,9.76,9.10,9.60,5445604,51480060.00
2024-01-26,9.07,11.80,9.07,10.84,13355029,141597296.00
2024-01-29,10.50,10.84,8.88,9.32,8057456,79257080.00
2024-01-30,9.00,9.60,8.60,8.84,6008599,54074060.00
2024-01-31,8.95,9.60,8.80,9.17,6948505,63945280.00
2024-02-01,9.01,9.28,8.51,8.65,5449084,48673248.00
2024-02-02,8.76,8.83,7.80,7.98,5609733,46412468.00
2024-02-05,8.04,8.12,6.87,7.20,4504154,33386788.00
2024-02-06,7.00,7.93,7.00,7.88,5319649,40611700.00
2024-02-07,7.99,8.38,7.36,7.41,6224110,49068636.00
2024-02-08,7.59,7.79,7.01,7.27,4106390,30380258.00
2024-02-19,7.49,7.85,7.35,7.77,4979397,37647704.00
2024-02-20,7.61,8.17,7.58,8.08,5653915,44915804.00
2024-02-21,7.90,8.68,7.87,8.23,6665917,55746196.00
2024-02-22,8.33,8.74,8.19,8.43,5772725,48886620.00
2024-02-23,8.40,8.88,8.11,8.23,5436486,45879124.00
2024-02-26,8.08,8.16,7.80,7.89,4167383,33129284.00
2024-02-27,7.94,8.94,7.85,8.68,7766333,64797460.00
2024-02-28,8.57,10.10,8.50,8.70,9841087,89502888.00
2024-02-29,8.45,9.12,8.44,9.02,6328396,55957668.00
2024-03-01,8.96,9.35,8.77,9.11,6818538,61814648.00
2024-03-04,9.07,9.20,8.58,8.68,4542877,39881860.00
2024-03-05,8.53,8.76,8.12,8.13,4697037,39239696.00
2024-03-06,8.19,8.40,8.00,8.16,2398151,19714748.00
2024-03-07,8.19,8.25,7.61,7.63,3647763,28683300.00
2024-03-08,7.63,7.85,7.60,7.67,2079495,16036373.00
2024-03-11,7.61,7.76,7.46,7.76,2212577,16873900.00
2024-03-12,7.73,7.95,7.67,7.79,1731974,13525364.00
2024-03-13,7.69,7.88,7.58,7.60,1829080,14015064.00
2024-03-14,7.65,7.65,7.22,7.38,2287158,16920410.00
2024-03-15,7.29,7.90,7.26,7.83,4565874,35061892.00
2024-03-18,7.85,7.85,7.57,7.75,2610356,20061982.00
2024-03-19,7.80,7.82,7.57,7.59,2263405,17320354.00
2024-03-20,7.60,7.82,7.53,7.68,2771401,21373748.00
2024-03-21,7.68,7.73,7.43,7.44,2482002,18688364.00
2024-03-22,7.46,7.58,7.35,7.35,1956723,14596982.00
2024-03-25,7.35,7.35,6.64,6.64,2286379,16137031.00
2024-03-26,6.78,6.83,6.50,6.74,1636891,10955667.00
2024-03-27,6.83,7.49,6.78,6.99,4056731,29107240.00
2024-03-28,6.98,7.33,6.81,7.09,2430995,17133638.00
2024-03-29,7.04,7.22,6.81,6.88,1674721,11676544.00
2024-04-01,6.94,6.96,6.73,6.82,1503098,10274270.00
2024-04-02,6.89,6.89,6.52,6.54,1745745,11569911.00
2024-04-03,6.60,6.62,6.18,6.21,1678607,10623159.00
2024-04-08,6.25,6.40,5.91,6.34,2812900,17291298.00
2024-04-09,6.38,6.46,6.20,6.33,1865412,11800356.00
2024-04-10,6.35,6.93,6.12,6.55,4760349,31856312.00
2024-04-11,6.56,6.62,6.37,6.37,1782336,11493245.00
2024-04-12,6.27,6.43,6.08,6.16,1410619,8813205.00
2024-04-15,6.18,6.22,5.71,5.80,1644486,9772579.00
2024-04-16,5.85,5.85,5.09,5.10,2185317,11561323.00
2024-04-17,5.20,6.63,5.20,6.63,10407182,66585024.00
2024-04-18,6.51,7.60,6.48,6.55,11748984,82796080.00
2024-04-19,6.25,7.25,6.08,6.85,8737215,57180328.00
2024-04-22,6.69,6.89,6.38,6.40,4934782,32653310.00
2024-04-23,6.31,6.51,6.12,6.14,4049616,25488370.00
2024-04-24,6.08,6.66,6.06,6.17,4000899,25189408.00
2024-04-25,6.26,6.46,6.04,6.05,3442358,21426850.00
2024-04-26,6.08,6.23,5.98,6.03,3286081,19959424.00
2024-04-29,6.00,6.11,5.95,6.03,2783327,16829504.00
2024-04-30,6.09,6.42,6.08,6.20,4016549,25146236.00
2024-05-06,6.20,6.29,6.10,6.24,2087841,12978148.00
2024-05-07,6.28,6.44,6.20,6.28,2515612,15835219.00
2024-05-08,6.29,6.46,6.19,6.44,2604722,16568082.00
2024-05-09,6.38,6.56,6.31,6.55,3550296,22848906.00
2024-05-10,6.51,7.35,6.45,6.76,6065366,42030696.00
2024-05-13,6.63,7.20,6.63,6.99,3744905,26008196.00
2024-05-14,6.89,7.15,6.46,6.50,4022343,26820974.00
2024-05-15,6.51,6.56,6.17,6.21,2612666,16635133.00
2024-05-16,6.18,6.28,6.03,6.08,1583459,9719086.00
2024-05-17,6.21,6.21,6.00,6.07,1185944,7209939.50
2024-05-20,6.15,6.15,5.92,5.95,1760668,10581831.00
2024-05-21,6.03,6.07,5.90,5.95,1079080,6466323.50
2024-05-22,5.88,6.05,5.88,6.00,1318911,7898910.50
2024-05-23,6.07,7.59,5.98,6.94,9079779,61839924.00
2024-05-24,6.81,6.94,6.31,6.35,4983838,32803592.00
2024-05-27,6.30,6.66,6.18,6.46,3459494,22301730.00
2024-05-28,6.38,6.66,6.30,6.47,2501020,16283765.00
2024-05-29,6.45,6.56,6.27,6.35,2335933,14865716.00
2024-05-30,6.30,6.51,6.13,6.35,2214723,14006819.00
2024-05-31,6.31,6.65,6.25,6.46,2223674,14381131.00
2024-06-03,6.39,6.53,6.29,6.36,1507363,9634946.00
2024-06-04,6.33,6.45,6.17,6.21,1345132,8391882.00
2024-06-05,6.16,6.30,5.88,5.93,1809392,10972701.00
2024-06-06,5.97,6.07,5.50,5.58,1631680,9325600.00
2024-06-07,5.68,5.83,5.50,5.73,1069761,6072643.50
2024-06-11,5.71,5.85,5.63,5.83,1605423,9242782.00
2024-06-12,5.93,5.93,5.81,5.85,1275024,7464327.00
2024-06-13,5.91,5.91,5.66,5.69,1437552,8255648.00
2024-06-14,5.72,5.78,5.65,5.68,811889,4626198.00
2024-06-17,5.60,5.69,5.58,5.59,670322,3767455.25
2024-06-18,5.65,5.85,5.58,5.78,1512919,8626517.00
2024-06-19,5.85,6.90,5.81,6.26,6394166,40943984.00
2024-06-20,6.30,6.59,6.05,6.15,4118533,25848586.00
2024-06-21,5.98,6.45,5.97,6.15,3946786,24653634.00
2024-06-24,6.11,6.16,5.66,5.68,3134305,18353896.00
2024-06-25,5.76,5.99,5.60,5.74,2066689,11964275.00
2024-06-26,5.84,5.89,5.68,5.87,1300864,7526782.50
2024-06-27,5.89,5.95,5.75,5.75,1521132,8899816.00
2024-06-28,5.82,5.85,5.75,5.77,1069887,6202150.00
2024-07-01,5.79,5.92,5.77,5.86,968776,5654007.00
2024-07-02,5.95,6.66,5.91,6.15,5190418,32747936.00
2024-07-03,6.11,6.11,5.89,5.89,3320303,19828354.00
2024-07-04,5.94,6.14,5.76,5.84,2067626,12333481.00
2024-07-05,5.83,5.95,5.70,5.88,1603180,9264055.00
2024-07-08,5.89,5.89,5.56,5.60,1357295,7704530.00
2024-07-09,5.60,5.75,5.36,5.75,1830466,10233918.00
2024-07-10,5.74,5.85,5.65,5.68,1360730,7789504.50
2024-07-11,5.79,5.97,5.70,5.90,1288219,7528307.00
2024-07-12,5.92,6.28,5.85,6.28,3206506,19498376.00
2024-07-15,6.40,6.48,6.00,6.12,3117532,19302936.00
2024-07-16,6.16,6.62,6.01,6.52,5533954,35189536.00
2024-07-17,6.46,7.45,6.46,7.40,9780239,69130560.00
2024-07-18,7.39,7.39,6.58,6.65,7138276,49243248.00
2024-07-19,6.70,6.98,6.44,6.44,4218301,28030994.00
2024-07-22,6.38,6.87,6.35,6.70,4322525,28840992.00
2024-07-23,6.58,6.81,6.40,6.41,3191858,20958152.00
2024-07-24,6.45,6.45,6.08,6.23,2495980,15552318.00
2024-07-25,6.21,6.39,6.16,6.30,1535947,9669474.00
2024-07-26,6.33,6.39,6.20,6.28,1648619,10349916.00
2024-07-29,6.24,6.34,6.20,6.29,1228511,7687970.00
2024-07-30,6.32,6.65,6.26,6.46,3319402,21584884.00
2024-07-31,6.50,6.82,6.38,6.70,3957983,26209494.00
2024-08-01,6.65,6.71,6.46,6.54,2677110,17582102.00
2024-08-02,6.45,6.53,6.30,6.40,2291435,14626571.00
2024-08-05,6.40,6.46,6.05,6.06,1714360,10696090.00
2024-08-06,6.17,6.25,6.06,6.15,958270,5865312.00
2024-08-07,6.18,6.21,6.09,6.16,588746,3611663.25
2024-08-08,6.15,6.16,6.01,6.04,989523,6010224.50
2024-08-09,6.05,6.29,6.05,6.22,1383888,8543618.00
2024-08-12,6.10,6.22,6.05,6.19,1044887,6418078.00
2024-08-13,6.25,6.27,6.09,6.17,702949,4333050.50
2024-08-14,6.20,6.25,6.05,6.08,836545,5122381.50
2024-08-15,6.08,6.44,6.03,6.36,2467609,15410076.00
2024-08-16,6.28,6.58,6.20,6.25,1789294,11267185.00
2024-08-19,6.26,6.26,6.12,6.14,1079286,6670578.00
2024-08-20,6.09,6.45,6.02,6.25,2107903,13172821.00
2024-08-21,6.21,6.29,6.10,6.19,1514042,9319552.00
2024-08-22,6.18,6.24,5.75,5.75,1037795,6243192.00
2024-08-23,5.80,5.94,5.76,5.92,1549813,9085307.00
2024-08-26,5.92,6.18,5.84,6.15,1381885,8358267.50
2024-08-27,6.06,6.15,5.84,5.94,1561548,9321044.00
2024-08-28,5.99,6.10,5.83,5.92,657144,3911835.75
2024-08-29,5.85,5.97,5.80,5.93,843083,4971374.00
2024-08-30,6.05,6.13,5.90,6.05,1275295,7714897.00
2024-09-02,6.02,6.15,5.88,5.94,709329,4236666.50
2024-09-03,6.15,6.15,5.92,5.97,594886,3570988.50
2024-09-04,5.95,5.95,5.81,5.83,774344,4534426.50
2024-09-05,5.85,6.01,5.85,5.89,660522,3901362.75
2024-09-06,5.84,5.93,5.81,5.89,936344,5484964.50
2024-09-09,5.90,5.92,5.71,5.80,797009,4615505.50
2024-09-10,5.73,5.84,5.60,5.79,791411,4513997.00
2024-09-11,6.03,6.03,5.73,5.80,893401,5237434.50
2024-09-12,5.77,5.89,5.69,5.69,741918,4274917.00
2024-09-13,5.69,6.24,5.40,6.05,3292393,19278108.00
2024-09-18,5.91,6.04,5.74,5.89,1599973,9401654.00
2024-09-19,5.86,6.03,5.83,6.01,1582542,9428650.00
2024-09-20,6.02,6.16,5.89,5.91,1478559,8921846.00
2024-09-23,5.90,5.95,5.80,5.81,1040858,6084584.00
2024-09-24,5.87,6.09,5.74,6.02,1682796,9972631.00
2024-09-25,6.12,6.86,6.07,6.35,6449180,42273896.00
2024-09-26,6.18,6.66,6.12,6.66,5763903,36514692.00
2024-09-27,6.81,8.35,6.61,8.10,12691080,95432168.00
2024-09-30,9.28,10.53,9.28,10.53,13970474,140510528.00
2024-10-08,13.68,13.68,12.53,13.68,15169984,204192928.00
2024-10-09,11.60,16.16,11.56,12.72,19655803,271300896.00
2024-10-10,12.60,13.60,11.00,11.05,10176415,122210896.00
2024-10-11,10.50,11.49,10.31,10.41,7141936,76770472.00
2024-10-14,10.41,12.36,9.94,12.30,9494850,106383360.00
2024-10-15,11.58,12.88,11.28,11.35,9668256,117113480.00
2024-10-16,11.03,11.97,10.80,11.79,6445990,73699488.00
2024-10-17,12.26,14.46,11.81,12.53,14883472,195200112.00
2024-10-18,12.04,14.41,12.04,13.70,14201343,189894896.00
2024-10-21,14.10,16.76,13.41,16.76,16269192,246574288.00
2024-10-22,15.91,16.47,13.38,13.40,12972218,190882480.00
2024-10-23,13.03,14.38,13.02,13.60,7122966,98073256.00
2024-10-24,13.27,14.87,13.10,14.18,7559906,105617336.00
2024-10-25,14.40,16.00,13.80,14.37,11421302,171504688.00
2024-10-28,13.92,14.70,13.61,14.22,7340765,102663304.00
2024-10-29,14.00,15.53,13.85,14.77,9340032,137298464.00
2024-10-30,14.91,15.18,13.20,13.87,7933993,111853872.00
2024-10-31,14.26,14.97,13.60,14.14,9131382,131207520.00
2024-11-01,13.40,13.77,11.37,11.60,9479621,119242248.00
2024-11-04,11.68,12.59,11.68,12.54,5289077,64288980.00
2024-11-05,12.63,16.30,12.60,16.30,11084810,172423664.00
2024-11-06,19.02,21.19,18.28,21.19,25065592,509908160.00
2024-11-07,19.41,27.54,18.60,27.54,26212876,582236160.00
2024-11-08,26.97,33.33,25.00,25.20,24929966,719212160.00
2024-11-11,23.50,26.74,23.00,24.33,17814477,436656736.00
2024-11-12,23.61,25.50,21.63,22.10,13584059,313846272.00
2024-11-13,21.21,23.20,20.88,22.81,10395269,231212416.00
2024-11-14,22.50,27.33,22.02,26.00,18079430,444390656.00
2024-11-15,25.30,29.00,25.16,26.95,17885530,481199200.00
2024-11-18,25.25,28.80,24.75,25.55,13650904,362036128.00
2024-11-19,24.71,26.60,21.70,24.16,14196981,343498592.00
2024-11-20,23.10,25.00,22.70,23.74,10860895,257000432.00
2024-11-21,23.30,24.96,23.00,24.08,11632073,279257856.00
2024-11-22,23.40,23.95,21.30,21.51,10686624,244365120.00
2024-11-25,21.70,21.95,20.50,21.77,6595776,140225232.00
2024-11-26,21.88,24.20,21.52,23.80,12881235,299742688.00
2024-11-27,22.95,28.70,22.74,25.76,17667096,460360160.00
2024-11-28,25.98,26.86,24.20,24.32,13185473,333844000.00
2024-11-29,23.55,31.31,23.54,27.60,20042775,545987200.00
2024-12-02,25.00,27.30,25.00,26.38,13514668,353102464.00
2024-12-03,26.38,26.38,26.38,26.38,0,0.00
#数据来源:通达信
