833171 国航远洋 日线 不复权
      日期	    开盘	    最高	    最低	    收盘	    成交量	    成交额
2015-09-08,1.01,1.01,1.01,1.01,10000000,10100000.00
2015-09-18,1.01,1.01,1.01,1.01,20000000,20200000.00
2015-09-25,1.01,1.01,1.01,1.01,20000000,20200000.00
2015-10-08,1.01,4.46,1.01,3.19,2700000,8609000.00
2015-10-09,5.55,5.55,5.55,5.55,1300000,7215000.00
2015-10-22,1.20,1.20,1.20,1.20,5000000,6000000.00
2015-10-23,1.20,1.20,1.20,1.20,1000,1200.00
2015-11-03,3.50,3.50,3.50,3.50,896000,3136000.00
2015-11-04,3.50,3.50,3.50,3.50,505000,1767500.00
2015-11-09,3.50,3.50,3.50,3.50,500000,1750000.00
2015-12-02,2.00,2.00,2.00,2.00,3000000,6000000.00
2015-12-03,3.80,3.80,3.75,3.75,4000,15140.00
2015-12-04,3.74,3.85,3.74,3.85,9000,33830.00
2015-12-09,3.66,3.66,3.66,3.66,1000,3660.00
2015-12-15,3.55,3.65,3.55,3.65,102000,362370.00
2015-12-16,3.55,3.75,3.55,3.75,103000,366250.00
2015-12-17,3.50,3.85,3.50,3.85,110000,387670.00
2015-12-18,3.66,3.66,3.60,3.60,3000,10860.00
2015-12-23,3.67,3.68,3.67,3.68,3000,11020.00
2015-12-25,3.84,4.15,3.84,3.95,15000,59820.00
2015-12-28,3.84,3.84,3.66,3.66,5000,18800.00
2015-12-29,3.50,3.50,3.50,3.50,100000,350000.00
2015-12-31,3.52,3.54,3.52,3.54,4000,14140.00
2016-01-11,3.44,3.44,3.28,3.28,12000,40300.00
2016-01-26,3.30,3.48,3.30,3.48,15000,50530.00
2016-01-27,3.48,3.59,3.48,3.59,13000,45900.00
2016-01-28,3.60,3.60,3.58,3.60,8000,28760.00
2016-02-02,3.60,3.63,3.60,3.60,8000,28830.00
2016-02-05,3.45,3.45,3.42,3.42,5000,17190.00
2016-02-15,3.35,3.35,2.91,2.91,19000,59520.00
2016-02-26,2.94,2.94,2.94,2.94,1000,2940.00
2016-02-29,2.94,2.94,2.94,2.94,3000,8820.00
2016-03-01,2.99,3.09,2.99,3.09,8000,24180.00
2016-03-02,3.09,3.20,3.09,3.20,9000,28210.00
2016-03-03,3.25,3.25,3.25,3.25,6000,19500.00
2016-03-04,3.30,3.32,3.30,3.32,6000,19840.00
2016-03-07,3.36,3.42,3.36,3.42,4000,13560.00
2016-03-08,3.42,3.46,3.42,3.46,6000,20700.00
2016-03-09,3.45,3.51,3.45,3.51,4000,13960.00
2016-03-10,3.50,3.55,3.50,3.50,7000,24610.00
2016-03-11,3.51,3.51,3.51,3.51,1000,3510.00
2016-03-14,3.51,3.51,3.51,3.51,1000,3510.00
2016-03-15,3.50,3.51,3.50,3.51,7000,24510.00
2016-03-16,3.51,3.51,3.51,3.51,6000,21060.00
2016-03-18,3.51,3.51,3.51,3.51,4000,14040.00
2016-03-23,3.52,3.52,3.51,3.51,2000,7030.00
2016-04-14,3.51,3.53,3.51,3.51,7000,24620.00
2016-04-15,3.51,3.51,3.51,3.51,5000,17550.00
2016-04-29,3.51,3.63,3.51,3.53,47000,166970.00
2016-05-03,3.48,3.48,3.46,3.46,5000,17350.00
2016-05-04,3.41,3.41,3.41,3.41,1000,3410.00
2016-05-13,3.36,3.36,3.36,3.36,1000,3360.00
2016-05-17,3.35,3.35,3.35,3.35,1000,3350.00
2016-05-18,3.33,3.33,3.33,3.33,1000,3330.00
2016-05-19,3.33,3.33,3.33,3.33,1000,3330.00
2016-05-20,3.31,3.31,3.31,3.31,1000,3310.00
2016-05-23,3.28,3.28,3.28,3.28,3000,9840.00
2016-05-24,3.26,3.26,3.26,3.26,1000,3260.00
2016-05-25,3.24,3.24,3.24,3.24,1000,3240.00
2016-05-27,3.23,3.23,3.23,3.23,4000,12920.00
2016-05-31,3.22,3.22,3.22,3.22,3000,9660.00
2016-06-01,3.17,3.17,3.17,3.17,4000,12680.00
2016-06-13,3.12,3.12,3.12,3.12,1000,3120.00
2016-06-16,3.12,3.12,3.12,3.12,1000,3120.00
2016-06-20,3.08,3.08,3.08,3.08,1000,3080.00
2016-06-21,3.06,3.06,3.06,3.06,1000,3060.00
2016-06-28,3.04,3.04,3.03,3.03,3000,9110.00
2016-06-29,2.98,2.98,2.94,2.94,3000,8870.00
2016-06-30,2.93,2.93,2.91,2.91,3000,8770.00
2016-07-01,2.90,2.90,2.85,2.85,4000,11500.00
2016-07-04,2.84,2.84,2.84,2.84,2000,5680.00
2016-07-07,2.81,2.81,2.81,2.81,1000,2810.00
2016-07-08,2.80,2.80,2.80,2.80,1000,2800.00
2016-07-11,2.76,2.76,2.71,2.71,2000,5470.00
2016-07-12,2.70,2.70,2.70,2.70,1000,2700.00
2016-07-14,2.69,2.69,2.69,2.69,1000,2690.00
2016-07-15,2.66,2.66,2.66,2.66,1000,2660.00
2016-07-18,2.62,2.62,2.62,2.62,1000,2620.00
2016-07-19,2.61,2.61,2.61,2.61,2000,5220.00
2016-07-20,2.57,2.57,2.57,2.57,2000,5140.00
2016-07-21,2.53,2.53,2.53,2.53,1000,2530.00
2016-07-22,2.51,2.51,2.51,2.51,1000,2510.00
2016-08-03,2.47,2.47,2.47,2.47,1000,2470.00
2016-08-10,2.46,2.46,2.46,2.46,1000,2460.00
2016-08-16,2.45,2.45,2.45,2.45,1000,2450.00
2016-09-21,2.45,2.45,2.45,2.45,1000,2450.00
2016-10-26,2.38,2.38,2.38,2.38,1000,2380.00
2016-10-27,2.36,2.36,2.33,2.33,4000,9410.00
2016-10-28,2.33,2.33,2.33,2.33,1000,2330.00
2016-10-31,2.29,2.29,2.28,2.28,5000,11420.00
2016-11-04,2.23,2.23,2.22,2.22,3000,6670.00
2016-11-07,2.20,2.20,2.19,2.19,4000,8780.00
2016-11-10,2.16,2.22,2.16,2.22,160000,353560.00
2016-11-11,2.24,2.27,2.24,2.27,4000,9030.00
2016-11-14,2.26,2.40,2.26,2.40,17000,39370.00
2016-11-15,2.43,2.75,2.43,2.75,19000,49060.00
2016-11-16,2.78,3.01,2.78,3.01,17000,49220.00
2016-11-17,3.03,3.35,3.03,3.35,23000,74060.00
2017-07-17,3.19,3.19,3.19,3.19,4000,12760.00
2017-07-18,3.07,3.07,3.06,3.06,5000,15340.00
2017-07-19,2.97,2.97,2.97,2.97,4000,11880.00
2017-07-20,2.90,2.90,2.87,2.87,2000,5770.00
2017-07-21,2.86,2.86,2.86,2.86,3000,8580.00
2017-07-25,2.85,2.85,2.85,2.85,1000,2850.00
2017-07-26,2.78,2.78,2.78,2.78,1000,2780.00
2017-07-27,2.76,2.76,2.76,2.76,3000,8280.00
2017-07-28,2.68,2.68,2.68,2.68,1000,2680.00
2017-08-01,2.66,2.66,2.66,2.66,3000,7980.00
2017-08-02,2.59,2.59,2.59,2.59,1000,2590.00
2017-08-03,2.57,2.57,2.57,2.57,2000,5140.00
2017-08-04,2.54,2.54,2.54,2.54,1000,2540.00
2017-08-07,2.52,2.52,2.52,2.52,1000,2520.00
2017-08-08,2.48,2.48,2.48,2.48,2000,4960.00
2017-08-09,2.41,2.41,2.41,2.41,1000,2410.00
2017-08-10,2.40,2.40,2.40,2.40,1000,2400.00
2017-08-11,2.38,2.38,2.38,2.38,1000,2380.00
2017-08-14,2.31,2.31,2.31,2.31,2000,4620.00
2017-08-15,2.30,2.30,2.30,2.30,2000,4600.00
2017-08-16,2.28,2.28,2.28,2.28,1000,2280.00
2017-08-21,2.25,2.25,2.25,2.25,1000,2250.00
2017-08-22,2.22,2.22,2.22,2.22,1000,2220.00
2017-08-23,2.21,2.21,2.21,2.21,1000,2210.00
2017-08-24,2.20,2.20,2.20,2.20,1000,2200.00
2017-08-25,2.19,2.19,2.19,2.19,2000,4380.00
2017-08-28,2.13,2.13,2.13,2.13,1000,2130.00
2017-08-29,2.11,2.11,2.11,2.11,1000,2120.00
2017-08-30,2.10,2.10,2.10,2.10,2000,4220.00
2017-08-31,2.04,2.04,2.04,2.04,1000,2040.00
2017-09-01,2.03,2.03,2.03,2.03,2000,4060.00
2017-09-04,2.02,2.02,2.02,2.02,2000,4040.00
2017-09-05,1.96,1.96,1.96,1.96,1000,1960.00
2017-09-06,1.95,1.95,1.89,1.89,5000,9630.00
2017-09-07,1.87,1.87,1.86,1.86,2000,3730.00
2017-09-08,1.82,1.82,1.81,1.81,2000,3630.00
2017-09-11,1.80,1.80,1.80,1.80,1000,1800.00
2017-09-12,1.74,1.75,1.74,1.75,4000,6970.00
2017-09-14,1.73,1.73,1.73,1.73,1000,1730.00
2017-09-15,1.70,1.70,1.70,1.70,3000,5100.00
2017-09-18,2.00,2.00,1.71,1.71,35000,60540.00
2017-09-19,1.68,1.68,1.68,1.68,2000,3360.00
2017-09-21,1.67,1.67,1.67,1.67,1000,1670.00
2017-09-26,1.66,1.66,1.62,1.62,4000,6540.00
2017-10-13,1.65,1.65,1.65,1.65,1000,1650.00
2017-10-19,1.66,1.66,1.63,1.63,4000,6610.00
2017-10-24,1.66,1.66,1.66,1.66,1000,1660.00
2017-10-25,1.68,1.68,1.62,1.62,6000,9870.00
2017-11-08,1.61,1.61,1.60,1.60,4000,6410.00
2017-11-17,1.60,1.86,1.60,1.73,46000,81290.00
2017-11-20,1.75,1.91,1.75,1.82,22000,40830.00
2017-11-21,1.83,1.90,1.83,1.90,5000,9340.00
2017-11-22,1.89,1.98,1.81,1.81,30000,56490.00
2017-11-23,1.83,1.89,1.83,1.89,3000,5550.00
2017-11-24,1.89,1.94,1.89,1.94,9000,17210.00
2017-11-27,1.95,2.03,1.95,2.03,8000,15980.00
2017-11-28,2.05,2.05,2.05,2.05,2000,4100.00
2017-11-29,2.05,2.09,2.05,2.09,4000,8310.00
2017-11-30,2.09,2.18,2.09,2.09,9000,19150.00
2017-12-01,2.18,2.21,2.18,2.21,7000,15380.00
2017-12-05,2.26,2.33,2.26,2.33,10000,23010.00
2017-12-08,2.40,2.40,2.40,2.40,1000,2400.00
2017-12-12,2.41,2.41,2.41,2.41,1000,2410.00
2017-12-19,2.42,2.42,2.42,2.42,1000,2420.00
2017-12-21,2.33,2.33,2.31,2.31,4000,9290.00
2017-12-27,2.33,2.33,2.33,2.33,1000,2340.00
2017-12-28,2.40,2.40,2.40,2.40,1000,2400.00
2017-12-29,2.42,2.42,2.38,2.38,3000,7180.00
2018-01-05,2.42,2.42,2.42,2.42,1000,2420.00
2018-01-08,2.42,2.42,2.42,2.42,1000,2420.00
2018-01-09,2.42,2.42,2.42,2.42,1000,2420.00
2018-01-10,2.40,2.40,2.38,2.38,2000,4780.00
2018-01-11,2.42,2.42,2.42,2.42,1000,2420.00
2018-01-17,2.43,2.43,2.43,2.43,1000,2430.00
2018-01-19,2.45,2.45,2.45,2.45,431000,991450.00
2018-01-22,2.47,2.47,2.47,2.47,101000,232470.00
2018-01-23,2.48,2.48,2.48,2.48,1000,2480.00
2018-01-24,2.48,2.48,2.48,2.48,1000,2480.00
2018-01-25,2.48,2.48,2.48,2.48,1000,2480.00
2018-01-26,2.50,2.50,2.50,2.50,1000,2500.00
2018-01-29,2.56,2.57,2.56,2.57,3000,7700.00
2018-01-30,2.58,2.58,2.58,2.58,1000,2580.00
2018-01-31,2.63,2.63,2.63,2.63,1000,2630.00
2018-02-01,2.63,2.63,2.63,2.63,1000,2630.00
2018-02-02,2.63,2.63,2.63,2.63,1000,2630.00
2018-02-05,2.64,2.64,2.64,2.64,1000,2640.00
2018-02-07,2.72,2.72,2.72,2.72,1000,2720.00
2018-02-08,2.73,2.73,2.73,2.73,1000,2730.00
2018-02-09,2.73,2.73,2.73,2.73,1000,2730.00
2018-02-12,2.73,2.73,2.73,2.73,1000,2730.00
2018-02-13,2.73,2.73,2.73,2.73,1000,2730.00
2018-02-14,2.74,2.74,2.74,2.74,1000,2740.00
2018-02-22,2.82,2.82,2.82,2.82,1000,2820.00
2018-02-26,2.84,2.84,2.84,2.84,101000,272840.00
2018-03-02,2.76,2.76,2.76,2.76,1000,2760.00
2018-03-09,2.84,2.84,2.84,2.84,1000,2840.00
2018-03-13,2.84,2.84,2.84,2.84,1000,2840.00
2018-03-19,2.84,2.84,2.84,2.84,1000,2840.00
2018-03-21,2.85,2.85,2.85,2.85,1000,2850.00
2018-03-28,2.85,2.85,2.85,2.85,1000,2850.00
2018-04-03,2.75,2.75,2.75,2.75,1000,2750.00
2018-04-19,2.80,2.80,2.80,2.80,1000,2800.00
2018-04-20,2.80,2.80,2.80,2.80,1000,2800.00
2018-04-23,2.75,2.75,2.51,2.58,5212000,18335760.00
2018-04-24,2.57,2.58,2.50,2.50,4000,10220.00
2018-04-26,2.47,2.47,2.47,2.47,2000,4940.00
2018-05-10,2.40,2.40,2.38,2.38,5000,11980.00
2018-05-11,2.30,2.30,2.30,2.30,3000,6900.00
2018-05-15,2.29,2.29,2.24,2.26,3000,6770.00
2018-05-16,2.22,2.22,2.22,2.22,1000,2220.00
2018-05-17,2.25,2.25,2.25,2.25,1000,2250.00
2018-05-18,2.28,2.28,2.28,2.28,1000,2280.00
2018-05-21,2.28,2.28,2.28,2.28,200000,600000.00
2018-05-22,2.31,2.31,2.31,2.31,4001000,12002310.00
2018-05-23,2.32,2.32,2.32,2.32,4001000,12002320.00
2018-05-24,2.32,2.33,2.32,2.33,6000,13960.00
2018-09-25,2.29,2.29,2.26,2.27,4000,9090.00
2018-09-26,2.30,2.30,2.30,2.30,2000,4600.00
2018-09-28,2.33,2.33,2.33,2.33,3000,7000.00
2018-10-09,2.33,2.50,2.33,2.43,13000,30990.00
2018-10-10,2.54,2.60,2.54,2.58,5000,12890.00
2018-10-11,2.68,2.68,2.68,2.68,1000,2680.00
2018-10-12,2.70,2.70,2.70,2.70,1000,2700.00
2018-10-15,2.65,2.69,2.59,2.64,3000,7930.00
2018-10-18,2.70,2.70,2.70,2.70,1000,2700.00
2018-10-19,2.70,2.70,2.70,2.70,1000,2700.00
2018-10-22,2.71,2.71,2.71,2.71,1000,2710.00
2018-10-23,2.71,2.71,2.71,2.71,1000,2710.00
2018-10-24,2.78,2.78,2.78,2.78,1000,2780.00
2018-10-25,2.82,2.82,2.82,2.82,1000,2820.00
2018-10-26,2.80,2.80,2.80,2.80,1000,2800.00
2018-10-29,2.82,2.82,2.82,2.82,1000,2820.00
2018-10-31,2.87,2.87,2.87,2.87,1000,2870.00
2018-11-01,2.91,2.91,2.91,2.91,1000,2910.00
2018-11-12,2.85,2.85,2.85,2.85,1000,2850.00
2018-11-15,2.90,2.90,2.90,2.90,1000,2900.00
2018-12-21,2.91,2.91,2.91,2.91,1000,2910.00
2018-12-24,2.96,2.96,2.96,2.96,2801000,9998960.00
2019-01-28,2.99,2.99,2.99,2.99,2001000,6342990.00
2019-01-29,2.99,2.99,2.99,2.99,1001000,3172990.00
2019-02-28,2.88,2.88,2.88,2.88,3000,8640.00
2019-03-01,2.87,2.87,2.87,2.87,1000,2870.00
2019-03-04,2.85,2.85,2.85,2.85,4000,11400.00
2019-03-06,2.78,2.78,2.77,2.77,4000,11110.00
2019-03-08,2.76,2.76,2.76,2.76,10000,27600.00
2019-03-11,2.75,2.75,2.75,2.75,2000,5500.00
2019-03-12,2.75,2.75,2.75,2.75,88000,369600.00
2019-03-13,2.75,2.75,2.75,2.75,1000,2750.00
2019-03-21,2.67,2.67,2.43,2.59,6000,15510.00
2019-04-03,2.59,2.59,2.59,2.59,182000,802620.00
2019-05-28,2.53,2.53,2.53,2.53,97000,245410.00
2019-05-29,2.59,2.59,2.59,2.59,9000,23310.00
2019-06-03,2.59,2.59,2.59,2.59,10000,25900.00
2019-06-17,3.69,3.69,3.69,3.69,28000,103320.00
2019-08-26,3.36,3.36,3.36,3.36,1000,3360.00
2019-08-27,3.38,3.38,3.38,3.38,1000,3380.00
2019-08-28,3.36,3.36,3.36,3.36,1561000,5010960.00
2019-12-26,3.36,3.36,3.36,3.36,2226000,10104860.00
2019-12-27,3.38,3.38,3.38,3.38,1000,3380.00
2019-12-30,3.39,3.39,3.39,3.39,1000,3390.00
2019-12-31,3.39,3.39,3.39,3.39,1531000,5006490.00
2020-01-09,2.78,2.78,2.78,2.78,861200,1706069.00
2020-01-15,2.33,2.33,2.33,2.33,1000,2340.00
2020-01-21,2.44,2.44,2.44,2.44,2000,4880.00
2020-04-02,2.44,2.44,2.44,2.44,100,244.00
2020-04-07,2.50,2.50,2.50,2.50,100,250.00
2020-04-08,2.50,2.50,2.50,2.50,400,1000.00
2020-04-09,2.65,2.65,2.65,2.65,100,265.00
2020-04-10,2.60,2.60,2.60,2.60,100,260.00
2020-04-13,2.65,2.65,2.65,2.65,100,265.00
2020-04-14,2.50,2.50,2.50,2.50,600,1500.00
2020-04-20,2.71,2.71,2.71,2.71,300,813.00
2020-04-21,2.70,2.70,2.70,2.70,500,1350.00
2020-04-22,2.70,2.70,2.70,2.70,200,540.00
2021-02-23,1.35,1.35,1.35,1.35,100,135.00
2021-02-24,2.50,2.50,2.50,2.50,200,500.00
2021-03-08,1.68,2.55,1.68,2.55,2000,3447.00
2021-03-09,2.68,2.68,2.68,2.68,100,268.00
2021-03-15,2.98,2.98,2.98,2.98,1800,5364.00
2021-03-22,1.53,1.53,1.53,1.53,100,153.00
2021-03-23,2.53,2.53,2.53,2.53,100,253.00
2021-03-24,1.53,1.53,1.53,1.53,1800,2754.00
2021-03-25,2.60,2.60,2.60,2.60,100,260.00
2021-03-30,3.20,3.20,3.20,3.20,1800,5760.00
2021-06-24,3.20,3.20,3.20,3.20,1000,3200.00
2021-07-02,3.30,3.30,3.30,3.30,1000,3300.00
2021-07-05,3.25,3.25,3.25,3.25,1000,3250.00
2021-07-16,3.10,3.10,3.10,3.10,1000,3100.00
2021-07-22,3.10,3.10,3.10,3.10,4000000,10000000.00
2021-08-04,3.10,3.10,3.10,3.10,4000000,10000000.00
2021-08-10,2.17,2.45,2.17,2.45,700,1575.23
2021-08-11,2.17,2.17,2.17,2.17,400,865.83
2021-08-12,2.17,2.17,2.17,2.17,1535900,2334511.75
2021-08-13,3.30,3.30,3.30,3.30,200,660.00
2021-09-03,3.35,3.35,3.35,3.35,400,1172.50
2021-09-06,4.02,4.02,4.02,4.02,2100,8634.96
2021-09-09,4.50,4.50,4.50,4.50,2000,9000.00
2021-09-10,4.30,4.30,4.30,4.30,1000,4300.00
2021-09-17,4.30,4.30,4.30,4.30,0,4.30
2021-09-27,4.30,4.30,4.10,4.10,2000,8400.00
2021-09-28,4.10,4.10,4.10,4.10,3333300,9999999.00
2021-09-30,4.60,4.86,4.60,4.86,100,490.60
2021-10-08,5.05,5.05,5.05,5.05,200,1010.00
2021-10-11,5.06,5.06,5.06,5.06,200,1012.00
2021-10-12,5.10,5.12,5.10,5.12,300,1532.00
2021-10-13,5.22,5.22,5.22,5.22,540300,2701566.00
2021-10-14,5.22,5.22,5.22,5.22,600000,3000000.00
2021-10-15,4.29,4.29,4.29,4.29,300,1287.00
2021-10-18,4.75,4.98,4.75,4.98,2100,10435.00
2021-10-19,5.15,5.15,3.81,3.81,48300,191383.00
2021-10-20,4.01,5.00,4.01,5.00,9065700,27262210.00
2021-10-21,5.00,5.00,5.00,5.00,524000,2956960.00
2021-10-25,5.00,5.00,5.00,5.00,120000,600000.00
2021-10-26,4.98,4.98,4.98,4.98,10500,52250.29
2021-10-27,6.50,6.50,6.29,6.29,3900,24580.00
2021-10-29,12.40,12.40,10.18,10.18,300,3276.00
2021-11-02,15.00,15.00,15.00,15.00,100,1500.00
2021-11-03,7.50,7.50,7.50,7.50,700,5250.00
2021-11-04,7.50,7.50,7.50,7.50,5000,37500.00
2021-11-08,7.50,7.50,7.50,7.50,400,3000.00
2021-11-15,7.00,15.00,7.00,7.03,2900,21139.00
2021-11-16,7.13,7.13,7.13,7.13,100,713.00
2021-11-17,6.88,13.50,6.88,13.50,2300,16293.36
2021-11-22,8.00,12.88,8.00,12.88,7100,57348.00
2021-11-25,8.00,10.00,8.00,10.00,7800,63587.23
2021-11-26,12.60,12.60,8.39,12.36,8900,98779.26
2021-11-29,9.00,9.72,8.30,8.30,20000,173770.00
2021-11-30,10.33,10.33,8.35,8.35,2100,17733.00
2021-12-01,8.35,8.35,8.35,8.35,3800,31747.00
2021-12-02,8.47,8.47,8.13,8.13,2677300,16118710.00
2021-12-03,8.50,8.50,8.50,8.50,6332000,37996956.00
2021-12-06,8.38,8.38,8.38,8.38,500,3938.60
2021-12-09,8.39,8.53,7.83,8.53,4700,38560.85
2021-12-14,7.17,7.17,7.17,7.17,200,1434.00
2021-12-15,7.14,8.50,7.00,7.00,1000,7370.00
2021-12-16,6.94,6.94,6.35,6.35,1305000,7833487.00
2021-12-27,7.00,7.00,7.00,7.00,1300,9093.00
2021-12-28,7.00,7.00,7.00,7.00,320000,1600000.00
2021-12-29,9.79,9.79,9.79,9.79,100,979.00
2021-12-30,6.51,9.70,5.93,5.93,1017000,6111984.00
2021-12-31,6.60,6.60,6.60,6.60,602900,3619140.00
2022-01-04,6.60,6.60,6.60,6.60,200,1320.00
2022-01-06,7.60,7.60,7.14,7.14,800,5706.60
2022-01-10,6.00,6.00,6.00,6.00,1900,11400.00
2022-01-11,6.98,6.98,6.02,6.02,400,2504.00
2022-01-12,6.90,6.90,6.58,6.58,2300,15246.00
2022-01-13,6.63,6.63,6.62,6.62,500,3311.00
2022-01-14,6.63,6.80,6.63,6.63,104000,631309.56
2022-01-17,6.63,6.63,6.57,6.57,8900,58806.00
2022-01-18,6.55,6.55,6.40,6.40,25200,163274.50
2022-01-19,6.40,6.40,6.39,6.39,7000,44750.00
2022-01-20,6.39,6.39,6.39,6.39,400,2556.00
2022-01-24,6.32,6.32,6.32,6.32,1500,9480.00
2022-01-26,6.29,6.29,6.25,6.25,4600,28858.00
2022-01-27,6.25,6.25,5.84,6.15,5800,35938.00
2022-01-28,6.15,6.15,6.15,6.15,1200,7380.00
2022-02-07,6.13,6.13,5.80,6.11,6700,39231.14
2022-02-08,6.09,6.09,6.09,6.09,1900,11571.00
2022-02-09,6.09,6.09,6.01,6.01,19100,115551.36
2022-02-10,6.02,6.02,6.02,6.02,1000,6020.00
2022-02-11,6.06,6.06,5.58,6.00,10400,59833.98
2022-02-15,5.51,5.90,5.51,5.90,1200,6690.00
2022-02-21,6.06,6.06,6.00,6.00,1300,7806.00
2022-02-22,6.00,6.00,6.00,6.00,500,3000.00
2022-02-23,5.95,5.95,5.95,5.95,877700,5266195.00
2022-02-24,5.75,5.99,5.75,5.99,672200,4033035.75
2022-03-01,5.90,5.90,5.88,5.88,2300,13782.60
2022-03-02,5.96,5.96,5.85,5.95,3200,18628.20
2022-03-04,5.95,5.95,5.71,5.94,4300,25398.50
2022-03-07,5.80,6.00,5.80,6.00,1500,8604.00
2022-03-08,6.00,6.00,6.00,6.00,600,3528.00
2022-03-09,5.97,5.97,5.97,5.97,100,597.00
2022-03-16,5.90,5.90,5.90,5.90,600,3363.00
2022-03-21,6.97,6.97,6.10,6.10,600,3921.00
2022-03-23,5.98,5.99,5.98,5.99,8400,50270.92
2022-03-24,6.48,6.48,6.10,6.12,17100,106387.08
2022-03-25,6.25,6.25,6.20,6.24,7300,45379.80
2022-03-28,6.00,6.00,6.00,6.00,1000,6000.00
2022-03-29,5.09,6.20,5.09,6.20,1400,8059.00
2022-03-30,6.30,6.30,6.30,6.30,200100,1206630.00
2022-03-31,6.27,6.27,6.27,6.27,500,3135.00
2022-04-01,6.17,6.17,6.17,6.17,2800,16967.50
2022-04-06,6.10,6.10,6.10,6.10,200,1220.00
2022-04-07,6.10,6.10,6.10,6.10,500,3050.00
2022-04-08,5.80,5.80,5.80,5.80,1000,5800.00
2022-04-14,5.93,5.99,5.50,5.95,800,4713.00
2022-04-15,5.31,5.99,5.31,5.58,1700,9140.00
2022-04-18,5.11,5.58,5.11,5.58,300,1580.00
2022-04-19,5.05,5.22,5.05,5.22,1400,7136.00
2022-04-20,5.27,5.34,5.23,5.34,300,1615.62
2022-04-21,5.00,5.43,5.00,5.43,900,4611.71
2022-04-25,5.88,5.88,4.36,5.88,400,2162.00
2022-04-26,5.97,5.97,5.97,5.97,100,597.00
2022-04-29,5.97,5.97,5.97,5.97,500,2985.00
2022-05-10,5.88,5.88,5.88,5.88,1000,5880.00
2022-05-12,5.85,5.85,5.85,5.85,1400,8190.00
2022-05-13,5.85,5.85,5.85,5.85,1500,8833.50
2022-05-16,5.84,5.84,5.84,5.84,600,3504.00
2022-05-17,5.79,5.79,5.79,5.79,1000,5790.00
2022-05-18,5.75,5.75,5.72,5.72,1900,10847.25
2022-05-19,5.43,5.43,5.10,5.13,22800,121831.34
2022-05-20,5.10,5.19,5.10,5.19,2900,14947.80
2022-05-23,5.71,7.20,5.71,6.52,68500,444426.41
2022-05-24,7.00,7.00,6.60,6.90,29700,206285.36
2022-05-25,7.00,7.00,6.75,6.85,4400,29890.01
2022-05-26,7.00,7.20,7.00,7.20,6400,44868.91
2022-12-15,4.68,5.00,4.56,4.83,27079441,130826816.00
2022-12-16,4.71,4.76,4.62,4.63,4765231,22311374.00
2022-12-19,4.63,4.63,4.53,4.56,2223592,10146385.00
2022-12-20,4.56,4.58,4.40,4.42,2261164,10058145.00
2022-12-21,4.47,4.50,4.42,4.46,930759,4155077.25
2022-12-22,4.48,4.50,4.34,4.37,1295623,5695638.50
2022-12-23,4.36,4.37,4.27,4.30,1220682,5270187.00
2022-12-26,4.26,4.34,4.18,4.30,1308516,5559815.00
2022-12-27,4.30,4.31,4.21,4.29,697154,2973085.75
2022-12-28,4.26,4.31,4.23,4.26,715690,3054908.25
2022-12-29,4.26,4.27,4.21,4.23,1270997,5723699.00
2022-12-30,4.22,4.23,4.19,4.21,924815,3894016.50
2023-01-03,4.24,4.24,4.19,4.22,853956,3591830.50
2023-01-04,4.23,4.23,4.19,4.20,943005,3959652.25
2023-01-05,4.21,4.22,4.19,4.21,673876,2831554.50
2023-01-06,4.21,4.23,4.19,4.20,626065,2629802.25
2023-01-09,4.19,4.22,4.16,4.18,1060067,4429862.00
2023-01-10,4.18,4.19,4.16,4.18,567960,2366979.75
2023-01-11,4.27,4.32,4.19,4.29,2342018,10006803.00
2023-01-12,4.28,4.33,4.24,4.27,818236,3516761.00
2023-01-13,4.30,4.31,4.24,4.26,452127,1931855.13
2023-01-16,4.28,4.28,4.25,4.27,305965,1304454.38
2023-01-17,4.30,4.30,4.25,4.27,215182,917343.94
2023-01-18,4.27,4.28,4.25,4.27,338216,1441672.63
2023-01-19,4.27,4.28,4.26,4.28,257735,1100557.25
2023-01-20,4.28,4.31,4.28,4.30,502357,2159431.25
2023-01-30,4.33,4.35,4.30,4.31,453635,1956536.13
2023-01-31,4.31,4.49,4.25,4.48,3069366,13560488.00
2023-02-01,4.48,4.51,4.42,4.46,2140403,9531061.00
2023-02-02,4.46,4.46,4.41,4.41,1184807,5240908.00
2023-02-03,4.44,4.44,4.37,4.40,769979,3381026.00
2023-02-06,4.37,4.39,4.34,4.37,353706,1544839.00
2023-02-07,4.36,4.40,4.35,4.37,330678,1445307.75
2023-02-08,4.35,4.38,4.35,4.37,516654,2253575.00
2023-02-09,4.36,4.40,4.35,4.38,490708,2148474.00
2023-02-10,4.39,4.39,4.35,4.36,454731,1985188.38
2023-02-13,4.39,4.39,4.35,4.37,505075,2205086.50
2023-02-14,4.37,4.38,4.34,4.35,771957,3359561.00
2023-02-15,4.35,4.36,4.32,4.35,524447,2276844.75
2023-02-16,4.33,4.36,4.31,4.33,873365,3786590.25
2023-02-17,4.32,4.35,4.30,4.32,544477,2350471.25
2023-02-20,4.34,4.35,4.30,4.33,670069,2892496.00
2023-02-21,4.33,4.33,4.28,4.30,941422,4051549.75
2023-02-22,4.31,4.31,4.29,4.30,564554,2423053.00
2023-02-23,4.30,4.30,4.27,4.28,445517,1909203.50
2023-02-24,4.30,4.31,4.27,4.29,603975,2594702.75
2023-02-27,4.28,4.28,4.23,4.23,693500,2951237.00
2023-02-28,4.25,4.25,4.22,4.23,612751,2588751.75
2023-03-01,4.23,4.24,4.22,4.24,675872,2858685.50
2023-03-02,4.27,4.28,4.24,4.25,861463,3666093.50
2023-03-03,4.24,4.32,4.24,4.30,1948053,8382252.00
2023-03-06,4.31,4.31,4.26,4.27,545606,2330261.75
2023-03-07,4.26,4.27,4.22,4.22,1000152,4245687.00
2023-03-08,4.25,4.25,4.22,4.23,383071,1620839.13
2023-03-09,4.25,4.25,4.22,4.23,276071,1168816.75
2023-03-10,4.23,4.23,4.20,4.20,544375,2290112.00
2023-03-13,4.20,4.21,4.18,4.19,313165,1311352.50
2023-03-14,4.20,4.21,4.17,4.19,521526,2179056.00
2023-03-15,4.19,4.20,4.16,4.18,500800,2095168.13
2023-03-16,4.19,4.19,4.16,4.16,437809,1824342.75
2023-03-17,4.17,4.18,4.16,4.18,458343,1913162.00
2023-03-20,4.20,4.20,4.15,4.17,556672,2317032.50
2023-03-21,4.16,4.17,4.15,4.17,457317,1902975.00
2023-03-22,4.19,4.19,4.12,4.14,912853,3776571.25
2023-03-23,4.13,4.14,4.12,4.13,356201,1472163.13
2023-03-24,4.13,4.15,4.12,4.14,589728,2439141.25
2023-03-27,4.14,4.15,4.12,4.14,265129,1094893.75
2023-03-28,4.12,4.14,4.11,4.12,461435,1903195.00
2023-03-29,4.13,4.13,4.11,4.11,308897,1271470.63
2023-03-30,4.11,4.12,4.08,4.10,613111,2513966.00
2023-03-31,4.11,4.11,4.06,4.11,1282256,5237092.50
2023-04-03,4.11,4.11,4.06,4.09,583926,2381344.00
2023-04-04,4.07,4.08,4.03,4.04,1076588,4362821.50
2023-04-06,4.06,4.06,4.03,4.03,316654,1279861.25
2023-04-07,4.03,4.06,4.00,4.03,662307,2667500.25
2023-04-10,4.02,4.04,3.99,4.00,715927,2868693.50
2023-04-11,4.01,4.01,3.97,3.98,465734,1855878.25
2023-04-12,3.98,3.99,3.95,3.96,579267,2297208.00
2023-04-13,3.94,3.96,3.94,3.95,675329,2668523.50
2023-04-14,3.95,3.96,3.93,3.93,600761,2367173.75
2023-04-17,3.93,3.94,3.92,3.94,393030,1544968.00
2023-04-18,3.93,3.94,3.92,3.93,370798,1455698.88
2023-04-19,3.92,3.94,3.92,3.93,203810,800958.31
2023-04-20,3.92,3.93,3.90,3.90,418218,1635691.00
2023-04-21,3.90,3.92,3.84,3.85,668642,2593169.00
2023-04-24,3.85,3.85,3.78,3.80,741019,2822333.00
2023-04-25,3.79,3.79,3.70,3.70,729854,2723026.50
2023-04-26,3.68,3.68,3.62,3.64,822644,2995320.25
2023-04-27,3.63,3.66,3.60,3.60,607925,2198276.75
2023-04-28,3.61,3.61,3.57,3.61,683568,2453911.75
2023-05-04,3.64,3.66,3.61,3.66,438749,1595207.38
2023-05-05,3.66,3.72,3.65,3.70,640432,2354990.75
2023-05-08,3.70,3.85,3.70,3.79,1066341,4046091.75
2023-05-09,3.95,4.04,3.84,3.86,2916528,11561048.00
2023-05-10,3.69,3.78,3.69,3.71,1874501,6953878.00
2023-05-11,3.71,3.75,3.70,3.71,446147,1662410.25
2023-05-12,3.72,3.74,3.70,3.71,421535,1565586.00
2023-05-15,3.70,3.73,3.69,3.71,398224,1476907.25
2023-05-16,3.71,3.72,3.69,3.70,3217054,11363435.00
2023-05-17,3.68,3.71,3.66,3.69,335786,1236381.63
2023-05-18,3.68,3.70,3.65,3.65,343705,1260549.88
2023-05-19,3.65,3.66,3.63,3.66,321268,1170271.50
2023-05-22,3.63,3.75,3.63,3.69,223071,822192.75
2023-05-23,3.66,3.70,3.66,3.69,187410,688573.63
2023-05-24,3.70,3.76,3.68,3.69,309324,1147667.38
2023-05-25,3.66,3.68,3.60,3.64,273214,992597.63
2023-05-26,3.63,3.67,3.62,3.67,187992,683307.75
2023-05-29,3.65,3.69,3.64,3.65,120285,439757.78
2023-05-30,3.68,3.68,3.64,3.67,120087,439189.91
2023-05-31,3.68,3.68,3.63,3.64,135197,491684.53
2023-06-01,3.63,3.67,3.60,3.65,430271,1560091.00
2023-06-02,3.66,3.67,3.63,3.67,173992,636728.81
2023-06-05,3.64,3.67,3.64,3.65,98800,360665.00
2023-06-06,3.69,3.69,3.63,3.65,131739,480827.13
2023-06-07,3.64,3.65,3.63,3.65,88200,321120.78
2023-06-08,3.62,3.64,3.59,3.60,603050,2175787.50
2023-06-09,3.51,3.55,3.49,3.50,276880,969647.44
2023-06-12,3.49,3.50,3.42,3.44,589032,2036290.75
2023-06-13,3.44,3.46,3.42,3.43,322759,1108578.38
2023-06-14,3.43,3.44,3.41,3.41,308153,1054724.50
2023-06-15,3.43,3.43,3.40,3.40,265650,906087.44
2023-06-16,3.47,3.47,3.41,3.44,355780,1223916.75
2023-06-19,3.47,3.47,3.43,3.43,205761,707593.06
2023-06-20,3.42,3.44,3.40,3.42,290681,992471.13
2023-06-21,3.40,3.44,3.40,3.41,193251,659613.38
2023-06-26,3.41,3.41,3.37,3.37,274743,927736.63
2023-06-27,3.37,3.41,3.37,3.39,220773,748350.06
2023-06-28,3.40,3.40,3.35,3.37,259563,874283.00
2023-06-29,3.34,3.37,3.34,3.37,153694,516641.84
2023-06-30,3.37,3.40,3.37,3.40,191992,651093.06
2023-07-03,3.40,3.42,3.40,3.41,280757,958655.56
2023-07-04,3.39,3.51,3.39,3.45,287200,994437.69
2023-07-05,3.43,3.48,3.43,3.46,266672,920428.75
2023-07-06,3.43,3.46,3.43,3.44,94830,326865.31
2023-07-07,3.43,3.49,3.43,3.46,225573,778051.25
2023-07-10,3.43,3.48,3.43,3.46,101671,352379.38
2023-07-11,3.44,3.47,3.44,3.45,156895,541163.63
2023-07-12,3.45,3.46,3.43,3.45,170127,585578.50
2023-07-13,3.43,3.45,3.42,3.45,203378,699306.94
2023-07-14,3.45,3.46,3.44,3.45,125360,432023.16
2023-07-17,3.43,3.45,3.43,3.44,47586,163519.23
2023-07-18,3.43,3.47,3.43,3.45,86347,297838.41
2023-07-19,3.45,3.45,3.42,3.43,80093,274935.56
2023-07-20,3.44,3.64,3.42,3.49,1017923,3583036.25
2023-07-21,3.49,3.53,3.47,3.48,189057,661073.06
2023-07-24,3.45,3.48,3.44,3.45,166134,573875.13
2023-07-25,3.45,3.49,3.45,3.47,312215,1083468.75
2023-07-26,3.45,3.52,3.45,3.49,230350,805639.13
2023-07-27,3.49,3.55,3.48,3.52,335820,1183130.63
2023-07-28,3.49,3.59,3.48,3.55,540286,1908957.13
2023-07-31,3.53,3.60,3.51,3.57,617742,2207762.75
2023-08-01,3.57,3.61,3.54,3.55,369180,1317609.63
2023-08-02,3.54,3.58,3.53,3.55,219047,777010.19
2023-08-03,3.55,3.58,3.55,3.58,421030,1505771.00
2023-08-04,3.56,3.58,3.55,3.57,351865,1254789.25
2023-08-07,3.59,3.59,3.53,3.53,654138,2334428.50
2023-08-08,3.53,3.54,3.49,3.50,993025,3491725.50
2023-08-09,3.48,3.54,3.47,3.48,1369920,4785714.50
2023-08-10,3.47,3.53,3.47,3.51,1193844,4188690.00
2023-08-11,3.50,3.54,3.50,3.54,1181353,4286513.00
2023-08-14,3.49,3.55,3.49,3.54,961244,3386263.25
2023-08-15,3.52,3.55,3.52,3.55,1056798,3735700.75
2023-08-16,3.53,3.59,3.53,3.56,1240921,4426156.00
2023-08-17,3.55,3.60,3.55,3.58,1364119,4877464.50
2023-08-18,3.57,3.79,3.56,3.70,5283712,19755662.00
2023-08-21,3.79,3.84,3.65,3.66,3338831,12440366.00
2023-08-22,3.71,3.76,3.64,3.70,3192856,11815042.00
2023-08-23,3.61,3.73,3.58,3.59,2385430,8689967.00
2023-08-24,3.58,3.60,3.53,3.58,1720928,6141712.00
2023-08-25,3.55,3.57,3.51,3.54,1638691,5787725.50
2023-08-28,3.62,3.62,3.53,3.55,1661654,5914717.50
2023-08-29,3.51,3.55,3.50,3.54,1608398,5668748.00
2023-08-30,3.55,3.58,3.54,3.55,1195671,4255181.00
2023-08-31,3.55,3.55,3.53,3.53,555994,2152681.25
2023-09-01,3.55,3.63,3.46,3.62,1464129,5205342.50
2023-09-04,3.63,3.74,3.63,3.70,3141088,11622263.00
2023-09-05,3.73,3.74,3.60,3.66,1731066,6339193.50
2023-09-06,3.69,3.70,3.61,3.68,1097312,4028705.25
2023-09-07,3.71,3.71,3.60,3.62,1978319,7183402.00
2023-09-08,3.62,3.66,3.61,3.63,1428265,5193495.50
2023-09-11,3.63,3.65,3.61,3.62,327059,1187535.13
2023-09-12,3.65,3.65,3.60,3.63,745386,2695683.25
2023-09-13,3.71,3.78,3.65,3.71,3198021,11884888.00
2023-09-14,3.62,3.62,3.51,3.56,2274004,8106117.50
2023-09-15,3.59,3.59,3.52,3.55,956759,3396802.25
2023-09-18,3.55,3.56,3.54,3.54,777425,2760041.75
2023-09-19,3.55,3.57,3.51,3.53,451758,1597610.25
2023-09-20,3.55,3.55,3.50,3.50,448858,1579322.50
2023-09-21,3.52,3.53,3.50,3.50,419879,1477398.75
2023-09-22,3.52,3.52,3.46,3.48,932085,3237278.00
2023-09-25,3.50,3.50,3.42,3.42,687234,2366853.50
2023-09-26,3.46,3.46,3.41,3.41,422125,1443547.38
2023-09-27,3.43,3.43,3.40,3.43,332939,1138664.00
2023-09-28,3.46,3.46,3.42,3.46,319902,1102969.13
2023-10-09,3.46,3.46,3.38,3.42,258181,879046.94
2023-10-10,3.45,3.47,3.42,3.44,149837,515288.88
2023-10-11,3.47,3.47,3.43,3.43,216234,744168.38
2023-10-12,3.45,3.49,3.44,3.46,229597,795656.44
2023-10-13,3.46,3.46,3.43,3.43,85381,293556.31
2023-10-16,3.44,3.45,3.42,3.42,111705,382946.88
2023-10-17,3.44,3.45,3.41,3.43,96722,330858.56
2023-10-18,3.41,3.42,3.35,3.37,492237,1665682.88
2023-10-19,3.34,3.40,3.34,3.35,136934,459916.69
2023-10-20,3.35,3.39,3.34,3.35,951762,3228996.00
2023-10-23,3.35,3.38,3.31,3.31,300422,1001635.44
2023-10-24,3.35,3.38,3.32,3.36,685648,2637445.50
2023-10-25,3.38,3.38,3.36,3.37,228763,771203.56
2023-10-26,3.36,3.38,3.33,3.38,146683,493352.34
2023-10-27,3.38,3.39,3.33,3.39,234746,791803.81
2023-10-30,3.36,3.40,3.34,3.38,131926,446857.63
2023-10-31,3.37,3.41,3.34,3.40,518695,1761153.25
2023-11-01,3.39,3.44,3.38,3.42,667936,2284320.50
2023-11-02,3.42,3.43,3.38,3.39,511924,1747589.88
2023-11-03,3.40,3.43,3.39,3.41,1046602,3576685.50
2023-11-06,3.40,3.42,3.38,3.41,497698,1689847.50
2023-11-07,3.42,3.42,3.39,3.41,308489,1049914.13
2023-11-08,3.40,3.43,3.39,3.42,854475,2916656.25
2023-11-09,3.40,3.42,3.39,3.40,737049,2511293.00
2023-11-10,3.40,3.41,3.38,3.40,439209,1492944.00
2023-11-13,3.49,3.60,3.40,3.47,5242610,18092324.00
2023-11-14,3.54,3.59,3.43,3.45,4454497,15581184.00
2023-11-15,3.38,3.50,3.35,3.42,3649419,12494170.00
2023-11-16,3.43,3.45,3.32,3.34,3268352,10989306.00
2023-11-17,3.35,3.37,3.32,3.35,860285,2881853.25
2023-11-20,3.37,3.42,3.33,3.38,1787601,6046824.00
2023-11-21,3.40,3.75,3.39,3.59,12221462,43607016.00
2023-11-22,3.52,3.91,3.50,3.88,17247445,64558920.00
2023-11-23,3.94,4.08,3.71,3.75,18301402,71257448.00
2023-11-24,3.74,4.04,3.64,3.99,21446038,83607912.00
2023-11-27,4.15,4.48,4.03,4.45,39729998,170194384.00
2023-11-28,4.33,4.45,4.11,4.20,19395391,83614120.00
2023-11-29,4.26,4.35,3.70,3.86,17424351,70579304.00
2023-11-30,3.86,4.11,3.82,3.97,14596500,58219368.00
2023-12-01,4.08,4.22,3.90,4.01,12363248,50269764.00
2023-12-04,4.04,4.12,3.81,4.02,10126371,40367692.00
2023-12-05,3.96,4.35,3.93,4.28,22446854,94209424.00
2023-12-06,4.15,4.33,4.06,4.17,14385826,59936520.00
2023-12-07,4.14,4.28,4.11,4.20,12887814,54045456.00
2023-12-08,4.22,4.25,4.04,4.07,12051564,50236316.00
2023-12-11,4.06,4.14,3.90,3.93,7694282,30506646.00
2023-12-12,3.99,4.04,3.92,3.97,6171347,24503326.00
2023-12-13,3.97,4.07,3.90,4.03,9533890,38269612.00
2023-12-14,4.16,4.27,4.10,4.16,16978875,71271744.00
2023-12-15,4.12,4.21,4.05,4.17,10520977,43483048.00
2023-12-18,4.80,5.42,4.66,5.42,85806267,440399744.00
2023-12-19,5.81,6.43,5.46,5.89,101684744,603092608.00
2023-12-20,5.40,6.18,5.21,6.18,74865200,430752384.00
2023-12-21,6.20,6.72,5.30,5.55,76134685,470642688.00
2023-12-22,5.50,6.59,5.46,6.46,82696679,505048992.00
2023-12-25,6.11,6.88,5.80,6.45,88426176,554885632.00
2023-12-26,6.80,6.99,6.04,6.25,68334576,441848672.00
2023-12-27,6.42,6.45,5.77,5.81,50785437,306965824.00
2023-12-28,5.63,5.74,5.31,5.47,52501628,289245952.00
2023-12-29,5.36,5.58,5.34,5.51,36822012,201053344.00
2024-01-02,5.88,6.54,5.71,6.20,74572786,458468032.00
2024-01-03,6.45,6.49,5.96,6.04,53091408,327096224.00
2024-01-04,5.97,6.37,5.90,6.12,47441978,292521472.00
2024-01-05,5.99,5.99,5.65,5.70,38181584,221071728.00
2024-01-08,5.76,5.86,5.45,5.45,25817403,144899440.00
2024-01-09,5.20,5.24,4.67,4.95,38915458,195245344.00
2024-01-10,4.89,5.00,4.72,4.93,20130508,98098304.00
2024-01-11,4.91,4.98,4.79,4.91,16410714,80386888.00
2024-01-12,5.02,5.58,5.00,5.19,55660604,294002592.00
2024-01-15,5.20,5.85,5.20,5.64,57155125,317957664.00
2024-01-16,5.39,5.80,5.15,5.69,54599854,298610912.00
2024-01-17,5.60,5.72,5.37,5.37,34670553,191193328.00
2024-01-18,5.22,5.37,5.08,5.28,29218734,152999280.00
2024-01-19,5.29,5.48,5.15,5.32,28917504,153989904.00
2024-01-22,5.23,5.30,4.69,4.94,25592921,129373648.00
2024-01-23,4.98,5.24,4.92,5.14,29318531,145894064.00
2024-01-24,5.09,5.19,4.89,5.02,21522924,108359480.00
2024-01-25,5.06,5.06,4.75,4.88,21690767,106681704.00
2024-01-26,4.88,5.08,4.77,4.79,20636750,101703544.00
2024-01-29,4.75,4.85,4.28,4.29,21599100,97336080.00
2024-01-30,4.30,4.49,4.19,4.45,16010754,69131552.00
2024-01-31,4.42,4.55,4.34,4.49,15760667,70247272.00
2024-02-01,4.42,4.43,4.14,4.15,13821944,59076996.00
2024-02-02,4.18,4.26,3.62,3.78,17098141,67272368.00
2024-02-05,3.83,3.83,3.41,3.45,18584303,65782004.00
2024-02-06,3.44,3.75,3.33,3.70,23475503,84828112.00
2024-02-07,3.76,4.20,3.71,3.83,31320511,123912856.00
2024-02-08,3.84,3.96,3.53,3.82,22102602,82962224.00
2024-02-19,3.85,3.94,3.80,3.92,16814248,65303520.00
2024-02-20,3.93,4.06,3.81,3.99,19791268,78344736.00
2024-02-21,3.99,4.17,3.93,4.03,19336961,78370320.00
2024-02-22,4.03,4.11,3.96,4.01,14943905,59894592.00
2024-02-23,4.07,4.14,3.99,4.02,16033042,64938328.00
2024-02-26,4.02,4.12,3.92,3.97,14921515,59664412.00
2024-02-27,3.95,4.55,3.93,4.36,36816754,157800848.00
2024-02-28,4.25,4.45,4.08,4.08,27444103,117035184.00
2024-02-29,4.04,4.20,4.04,4.17,16927377,70107160.00
2024-03-01,4.23,4.23,4.11,4.14,11516657,47720748.00
2024-03-04,4.14,4.15,3.93,4.02,13206827,53178108.00
2024-03-05,4.02,4.10,3.92,4.07,13865355,55568552.00
2024-03-06,4.02,4.12,4.00,4.06,11272632,45689724.00
2024-03-07,4.06,4.10,3.93,3.94,11379821,45368580.00
2024-03-08,3.91,3.97,3.88,3.92,7488234,29315368.00
2024-03-11,3.97,4.00,3.91,3.94,9295781,36654436.00
2024-03-12,3.92,3.94,3.86,3.91,9675556,37746712.00
2024-03-13,3.90,3.90,3.78,3.78,11537120,44100900.00
2024-03-14,3.79,4.07,3.77,4.03,28346531,111730504.00
2024-03-15,3.97,4.19,3.92,4.07,26503900,107645392.00
2024-03-18,4.09,4.12,4.01,4.05,14366565,58145092.00
2024-03-19,4.03,4.09,3.97,3.99,11380765,45775944.00
2024-03-20,3.97,4.07,3.95,4.03,11251159,44928748.00
2024-03-21,4.05,4.08,3.97,4.07,16034661,64750224.00
2024-03-22,4.03,4.08,3.92,3.94,12134476,48475936.00
2024-03-25,3.95,3.96,3.82,3.82,9519592,36954608.00
2024-03-26,3.80,3.85,3.70,3.74,8467518,31731416.00
2024-03-27,3.76,3.91,3.73,3.76,9930118,37957636.00
2024-03-28,3.74,3.81,3.70,3.80,8068102,30356632.00
2024-03-29,3.77,3.82,3.75,3.77,5774909,21794836.00
2024-04-01,3.73,3.82,3.73,3.78,6896358,25966298.00
2024-04-02,3.79,3.88,3.77,3.86,12027535,45894884.00
2024-04-03,4.10,4.24,3.98,4.03,32809676,135404896.00
2024-04-08,3.82,3.90,3.76,3.76,19826645,75896792.00
2024-04-09,3.79,3.85,3.73,3.76,8063667,30453186.00
2024-04-10,3.76,3.93,3.66,3.87,19835788,76059544.00
2024-04-11,3.83,4.06,3.75,3.94,19656556,76768456.00
2024-04-12,3.83,4.30,3.83,4.08,33464116,137132992.00
2024-04-15,4.01,4.25,3.90,4.18,29071763,119454152.00
2024-04-16,4.15,4.19,3.71,3.72,23543628,93209600.00
2024-04-17,3.72,3.95,3.72,3.88,16919133,65387940.00
2024-04-18,3.86,4.22,3.82,4.15,25884587,103273688.00
2024-04-19,4.10,4.73,4.10,4.33,50889272,227626048.00
2024-04-22,4.09,4.24,4.01,4.04,28324056,116527672.00
2024-04-23,4.03,4.10,3.92,3.93,18522170,73625256.00
2024-04-24,3.97,4.03,3.89,4.00,15672354,62250872.00
2024-04-25,4.07,4.18,4.03,4.11,20112545,82259256.00
2024-04-26,4.07,4.34,4.05,4.20,24556951,102139872.00
2024-04-29,4.16,4.24,4.11,4.14,19242866,80183448.00
2024-04-30,4.10,4.18,4.05,4.08,14032937,57745600.00
2024-05-06,4.15,4.32,4.09,4.26,19142971,80324848.00
2024-05-07,4.29,4.29,4.17,4.18,13191510,55510428.00
2024-05-08,4.17,4.28,4.14,4.19,11242311,47294812.00
2024-05-09,4.27,4.79,4.24,4.49,43242281,194308176.00
2024-05-10,4.49,4.58,4.38,4.42,28166367,125559312.00
2024-05-13,4.56,4.99,4.42,4.87,49859635,235515408.00
2024-05-14,4.87,4.96,4.62,4.71,36638449,174222896.00
2024-05-15,4.62,4.70,4.44,4.67,26397316,120238616.00
2024-05-16,4.80,4.85,4.45,4.45,24444872,113252448.00
2024-05-17,4.40,4.48,4.29,4.34,20083023,87475432.00
2024-05-20,4.30,4.58,4.28,4.51,21540728,96773920.00
2024-05-21,4.50,4.57,4.37,4.45,14277678,63441760.00
2024-05-22,4.40,4.47,4.33,4.35,12627906,55281644.00
2024-05-23,4.31,4.60,4.20,4.42,26150112,115504384.00
2024-05-24,4.37,4.48,4.31,4.45,14252221,62686060.00
2024-05-27,4.49,4.89,4.49,4.59,32683355,154010608.00
2024-05-28,4.50,4.80,4.42,4.66,28852238,132759928.00
2024-05-29,4.55,4.59,4.46,4.51,16004826,72337168.00
2024-05-30,4.49,4.55,4.30,4.35,14375166,63159604.00
2024-05-31,4.36,4.51,4.31,4.43,14541680,64111712.00
2024-06-03,4.47,4.65,4.42,4.42,20016447,90700696.00
2024-06-04,4.32,4.60,4.25,4.58,20693331,91583616.00
2024-06-05,4.53,4.56,4.36,4.37,13218459,59030724.00
2024-06-06,4.41,4.57,4.32,4.33,19570290,86937320.00
2024-06-07,4.31,4.39,4.26,4.32,12816127,55554900.00
2024-06-11,4.35,4.39,3.95,3.99,24666630,100276184.00
2024-06-12,3.76,3.87,3.70,3.84,18480002,70285736.00
2024-06-13,3.81,3.85,3.64,3.67,16548199,61525320.00
2024-06-14,3.72,3.80,3.70,3.73,10774727,40315076.00
2024-06-17,3.73,3.79,3.61,3.76,10183314,37459320.00
2024-06-18,3.95,4.03,3.88,3.89,17200368,67928776.00
2024-06-19,3.84,4.05,3.82,3.88,16137025,63370204.00
2024-06-20,3.90,4.00,3.88,3.97,12633638,49761216.00
2024-06-21,4.00,4.01,3.91,3.95,10081515,39910572.00
2024-06-24,3.96,4.00,3.82,3.83,7876099,30544412.00
2024-06-25,3.89,3.92,3.75,3.78,10155705,39136792.00
2024-06-26,3.82,3.89,3.75,3.88,9856975,37722364.00
2024-06-27,3.84,3.87,3.77,3.79,7438858,28392322.00
2024-06-28,3.77,3.83,3.77,3.79,8161088,31086164.00
2024-07-01,3.81,3.86,3.80,3.85,7183872,27548624.00
2024-07-02,3.87,4.18,3.83,4.04,21802911,87071312.00
2024-07-03,3.98,4.02,3.91,3.95,10698719,42204096.00
2024-07-04,3.97,4.02,3.91,3.93,9036502,35828592.00
2024-07-05,3.90,3.90,3.76,3.88,9312904,35729956.00
2024-07-08,3.82,3.83,3.67,3.70,10700200,40054028.00
2024-07-09,3.68,3.77,3.67,3.77,6563082,24425750.00
2024-07-10,3.77,3.82,3.72,3.73,7260925,27370662.00
2024-07-11,3.78,3.81,3.75,3.81,10126852,38405192.00
2024-07-12,3.78,3.81,3.75,3.80,6784382,25651862.00
2024-07-15,3.80,3.82,3.73,3.77,5924632,22315610.00
2024-07-16,3.76,3.87,3.73,3.87,11393048,43416576.00
2024-07-17,3.86,4.16,3.83,4.13,30295791,122781768.00
2024-07-18,4.05,4.05,3.92,3.93,16381732,65037824.00
2024-07-19,3.93,4.01,3.90,3.90,8756921,34557124.00
2024-07-22,3.92,3.92,3.83,3.87,5958708,23026234.00
2024-07-23,3.89,3.96,3.81,3.83,8574330,33379414.00
2024-07-24,3.81,3.84,3.71,3.77,8234051,30918444.00
2024-07-25,3.74,3.93,3.72,3.84,8755139,33418584.00
2024-07-26,3.79,3.86,3.79,3.83,6372597,24357210.00
2024-07-29,3.82,4.00,3.80,3.93,10357149,40424664.00
2024-07-30,3.86,3.95,3.84,3.90,8655506,33701584.00
2024-07-31,3.90,4.00,3.87,3.97,11695205,46125536.00
2024-08-01,3.93,3.99,3.92,3.93,7773899,30704518.00
2024-08-02,3.93,3.94,3.81,3.85,7635214,29576316.00
2024-08-05,3.83,3.87,3.74,3.74,7272093,27658196.00
2024-08-06,3.76,3.82,3.76,3.79,4252096,16084137.00
2024-08-07,3.80,3.81,3.76,3.77,3153663,11922633.00
2024-08-08,3.76,3.78,3.72,3.76,3945817,14788243.00
2024-08-09,3.77,3.79,3.73,3.76,3904425,14697110.00
2024-08-12,3.74,3.78,3.73,3.75,2669709,10017582.00
2024-08-13,3.78,3.87,3.77,3.82,8047023,30803654.00
2024-08-14,3.78,3.79,3.72,3.75,6259614,23419048.00
2024-08-15,3.73,3.77,3.72,3.73,5126345,19181356.00
2024-08-16,3.74,3.75,3.68,3.68,4909649,18207566.00
2024-08-19,3.67,3.69,3.61,3.63,4612316,16893448.00
2024-08-20,3.62,3.70,3.61,3.64,3645757,13344367.00
2024-08-21,3.65,3.67,3.63,3.65,2101530,7668044.00
2024-08-22,3.63,3.67,3.61,3.62,2999224,10900370.00
2024-08-23,3.60,3.60,3.46,3.51,6017258,21108776.00
2024-08-26,3.56,3.57,3.52,3.55,2167151,7684225.00
2024-08-27,3.55,3.56,3.49,3.53,2203825,7730482.00
2024-08-28,3.55,3.61,3.51,3.55,3670807,13075307.00
2024-08-29,3.55,3.58,3.52,3.57,2314001,8209605.00
2024-08-30,3.60,3.66,3.58,3.62,4519816,16408560.00
2024-09-02,3.62,3.69,3.57,3.57,3254382,11801796.00
2024-09-03,3.60,3.66,3.58,3.61,2786299,10099537.00
2024-09-04,3.59,3.59,3.51,3.53,3448966,12252160.00
2024-09-05,3.47,3.56,3.47,3.52,2017682,7116135.00
2024-09-06,3.53,3.54,3.47,3.48,2806924,9824325.00
2024-09-09,3.50,3.50,3.45,3.46,2906033,10109321.00
2024-09-10,3.47,3.48,3.43,3.47,2204985,7607790.00
2024-09-11,3.45,3.48,3.41,3.45,2653599,9143299.00
2024-09-12,3.43,3.48,3.42,3.42,2364152,8139005.00
2024-09-13,3.43,3.55,3.39,3.49,6009721,20868884.00
2024-09-18,3.45,3.53,3.41,3.47,3868389,13427446.00
2024-09-19,3.47,3.54,3.45,3.49,3635898,12720457.00
2024-09-20,3.50,3.52,3.48,3.49,1804462,6305274.00
2024-09-23,3.46,3.50,3.44,3.47,2597525,9007763.00
2024-09-24,3.49,3.59,3.47,3.57,8107341,28557874.00
2024-09-25,3.62,3.67,3.58,3.59,9225569,33404770.00
2024-09-26,3.70,3.92,3.69,3.80,18291221,69652040.00
2024-09-27,3.79,4.19,3.79,4.06,26367313,105006440.00
2024-09-30,4.32,5.09,4.17,5.06,38752260,178989360.00
2024-10-08,6.56,6.56,5.37,6.41,55972868,337129312.00
2024-10-09,6.29,6.29,5.10,5.23,45632544,263537504.00
2024-10-10,5.45,5.89,5.36,5.70,44405900,252154192.00
2024-10-11,5.55,6.18,5.19,5.60,35718702,200838736.00
2024-10-14,5.63,5.85,5.59,5.69,32441425,185582240.00
2024-10-15,5.59,5.95,5.43,5.62,35296989,200844288.00
2024-10-16,5.46,5.65,5.36,5.42,26210410,143609488.00
2024-10-17,5.42,5.87,5.37,5.52,38735210,216044560.00
2024-10-18,5.47,5.85,5.40,5.73,39166251,221253248.00
2024-10-21,5.95,6.28,5.93,6.27,55068575,338118656.00
2024-10-22,6.44,6.94,5.95,6.14,54314332,347269152.00
2024-10-23,6.01,6.44,6.00,6.25,36911718,229486128.00
2024-10-24,6.25,7.00,6.10,7.00,61608666,403287712.00
2024-10-25,7.25,7.57,6.61,6.71,64059098,456813568.00
2024-10-28,6.71,6.86,6.28,6.77,35225462,234436976.00
2024-10-29,6.90,7.82,6.70,7.49,63879872,458402880.00
2024-10-30,7.20,7.80,7.15,7.35,42682507,318965568.00
2024-10-31,7.36,7.63,6.89,6.99,41538065,298428032.00
2024-11-01,6.90,7.17,6.56,6.60,29353363,203239488.00
2024-11-04,6.59,6.91,6.54,6.80,24147344,162335104.00
2024-11-05,6.78,7.24,6.75,7.23,37480861,265732784.00
2024-11-06,7.40,7.70,7.19,7.34,46205475,342900608.00
2024-11-07,7.34,8.77,7.12,8.34,59928627,477062976.00
2024-11-08,8.38,8.58,7.84,7.88,38588164,313046464.00
2024-11-11,7.85,7.99,7.35,7.81,29908866,229597600.00
2024-11-12,7.79,7.98,7.48,7.68,24124656,187094240.00
2024-11-13,7.60,7.79,7.45,7.77,18187475,139149616.00
2024-11-14,7.90,7.90,7.42,7.43,18220834,139904240.00
2024-11-15,7.44,7.55,7.21,7.24,20149130,148564416.00
2024-11-18,7.25,7.42,6.82,7.16,20434663,147586688.00
2024-11-19,7.19,7.20,6.40,6.96,27140542,185128496.00
2024-11-20,6.90,7.90,6.80,7.51,32476934,240026672.00
2024-11-21,7.37,7.66,7.36,7.62,27531485,207498528.00
2024-11-22,7.63,7.99,7.33,7.33,29853480,230008448.00
2024-11-25,7.20,7.45,7.02,7.13,18802128,134901232.00
2024-11-26,7.14,7.28,7.00,7.02,19340698,137936736.00
2024-11-27,6.85,7.00,6.54,6.97,17622352,119508776.00
2024-11-28,7.07,7.27,6.96,7.00,19349050,137606560.00
2024-11-29,7.00,7.14,6.75,7.00,19237555,134180768.00
2024-12-02,7.07,7.38,6.98,7.36,23507060,169231184.00
2024-12-03,7.36,7.36,7.36,7.36,0,0.00
#数据来源:通达信
