833230 欧康医药 日线 不复权
      日期	    开盘	    最高	    最低	    收盘	    成交量	    成交额
2017-10-19,1.14,1.14,1.14,1.14,14000,15960.00
2017-10-30,1.14,1.14,1.14,1.14,61000,69540.00
2017-10-31,1.14,1.14,1.14,1.14,88000,100320.00
2017-11-02,1.14,1.14,1.14,1.14,43800,50000.40
2017-11-22,1.14,1.14,1.14,1.14,8700,10000.08
2018-02-08,1.60,1.60,1.60,1.60,17500,28070.40
2018-04-12,1.80,1.80,1.80,1.80,4000,7200.00
2018-04-13,1.81,1.81,1.81,1.81,6000,10860.00
2018-06-06,2.00,2.00,2.00,2.00,66800,133614.00
2018-06-12,4.00,4.00,4.00,4.00,10000,40000.00
2018-06-13,2.11,2.11,2.11,2.11,8000,16960.00
2018-07-19,2.16,2.16,2.16,2.16,2000,4320.00
2018-07-30,2.45,2.45,2.45,2.45,11400,27939.80
2018-09-06,2.47,2.47,2.47,2.47,11400,28167.88
2018-09-12,2.47,2.47,2.47,2.47,57000,140834.45
2019-01-28,2.50,2.50,2.50,2.50,11400,28507.50
2019-09-20,2.45,2.45,2.45,2.45,11400,27939.80
2019-09-30,2.50,2.50,2.50,2.50,13600,34210.00
2020-03-18,2.50,2.50,2.50,2.50,12000,30000.00
2020-03-19,2.50,2.50,2.50,2.50,12000,30000.00
2020-03-23,2.50,2.50,2.50,2.50,11000,27500.00
2020-03-24,2.50,2.50,2.50,2.50,8000,20000.00
2020-04-15,2.50,2.50,2.50,2.50,500,1250.00
2020-04-16,2.80,2.80,2.80,2.80,100,280.00
2020-04-17,2.80,2.80,2.80,2.80,400,1120.00
2020-04-20,2.80,2.80,2.80,2.80,700,1960.00
2020-04-21,2.80,2.80,2.50,2.50,1100,2780.00
2020-04-22,2.50,2.50,2.50,2.50,5300,13250.00
2020-04-23,2.50,2.50,2.50,2.50,3800,9500.00
2020-04-24,2.50,2.50,2.50,2.50,1300,3250.00
2020-07-14,2.50,2.50,2.50,2.50,6000,15000.00
2020-07-21,2.58,2.58,2.58,2.58,300,774.00
2020-07-22,2.60,2.60,2.60,2.60,100,260.00
2020-07-29,2.60,2.60,1.70,1.70,2567400,4621979.00
2020-08-27,2.50,2.50,2.50,2.50,1900,4750.00
2020-11-04,1.80,1.80,1.80,1.80,500,900.00
2020-11-11,1.83,1.83,1.83,1.83,100,183.00
2020-11-16,3.05,3.05,3.05,3.05,1176700,3577202.50
2020-11-18,3.07,3.07,3.07,3.07,1145300,3470158.75
2020-12-16,1.98,1.98,1.98,1.98,200,396.00
2020-12-17,3.00,3.00,3.00,3.00,200,600.00
2021-02-23,1.85,1.85,1.85,1.85,100,185.00
2021-03-05,2.28,2.28,2.28,2.28,100,228.00
2021-03-12,2.68,2.68,2.68,2.68,300,804.00
2021-03-23,3.33,3.33,3.33,3.33,11400,37915.38
2021-03-31,4.00,4.00,4.00,4.00,100,400.00
2021-04-06,4.00,4.00,3.90,3.90,700,2740.00
2021-04-07,3.68,3.74,3.68,3.74,1100,3945.52
2021-04-12,4.00,4.00,4.00,4.00,1100,4400.00
2021-04-16,3.85,3.85,3.85,3.85,1176600,3576897.50
2021-04-19,3.85,3.85,3.85,3.85,1144800,3468780.25
2021-04-26,3.65,3.65,3.65,3.65,900,3285.00
2021-04-29,3.40,3.40,3.40,3.40,1900,6494.00
2021-04-30,3.40,3.40,3.10,3.30,3300,10890.00
2021-05-06,3.20,3.20,3.20,3.20,11800,37638.40
2021-05-10,3.40,3.40,3.40,3.40,10300,34890.80
2021-05-14,3.51,3.51,3.51,3.51,1000,3510.00
2021-06-10,3.60,3.60,3.60,3.60,10000,36000.00
2021-06-24,5.00,5.00,5.00,5.00,10000,50000.00
2021-06-30,4.10,4.10,4.10,4.10,1200,4920.00
2021-07-01,4.80,4.80,4.80,4.80,500,2400.00
2021-07-08,4.50,4.50,4.50,4.50,1000,4500.00
2021-07-12,4.65,4.65,4.65,4.65,9000,41850.00
2021-07-15,4.69,4.69,4.69,4.69,1000,4700.00
2021-07-21,4.75,5.00,4.75,5.00,10500,50000.00
2021-07-26,5.50,5.50,5.50,5.50,800,4400.00
2021-07-30,5.25,5.25,5.25,5.25,3000,15750.00
2021-08-05,5.55,5.55,5.55,5.55,5000,27750.00
2021-08-23,5.15,5.15,5.15,5.15,2000,10300.00
2021-08-27,5.20,5.20,5.20,5.20,2000,10400.00
2021-08-30,5.30,5.30,5.30,5.30,2000,10600.00
2021-09-01,5.60,5.60,5.60,5.60,2000,11200.00
2021-09-03,6.00,6.00,6.00,6.00,22000,131994.00
2021-09-06,6.68,12.00,6.68,12.00,14700,161220.00
2021-09-08,11.99,11.99,11.98,11.98,15000,179750.00
2021-09-09,12.50,12.50,12.50,12.50,100,1250.00
2021-09-10,12.50,12.51,12.50,12.51,9200,115080.00
2021-09-13,12.51,12.51,12.51,12.51,4500,56295.00
2021-09-15,11.50,11.50,11.00,11.01,12100,137272.00
2021-09-16,10.01,10.56,10.01,10.56,6800,68167.99
2021-09-22,10.25,10.25,10.25,10.25,1000,10250.00
2021-09-23,11.00,11.00,11.00,11.00,300,3300.00
2021-09-24,10.65,10.65,10.65,10.65,500,5325.00
2021-09-27,10.65,10.65,10.49,10.49,1100,11562.00
2021-09-30,10.50,10.50,10.50,10.50,200,1575.00
2021-10-11,10.50,10.50,10.50,10.50,10100,106050.00
2021-10-12,10.50,10.50,10.50,10.50,3400,35700.00
2021-10-13,10.50,10.50,10.50,10.50,300,3150.00
2021-10-20,9.21,9.21,9.21,9.21,100,921.00
2021-10-21,9.30,9.30,9.30,9.30,200,1860.00
2021-11-04,10.50,10.59,10.50,10.59,21500,225822.00
2021-11-08,21.00,21.00,21.00,21.00,100,2100.00
2021-11-09,19.87,19.87,18.99,18.99,3500,67959.04
2021-11-10,15.00,18.90,15.00,16.01,19600,322945.06
2021-11-11,16.65,16.65,16.29,16.29,5100,84350.86
2021-11-12,13.01,16.00,13.01,15.99,1600,22130.83
2021-11-15,16.00,16.00,14.56,14.56,1900,29661.00
2021-11-16,18.99,18.99,14.66,17.66,400,6597.00
2021-11-18,17.66,18.76,15.76,18.70,800,14020.40
2021-11-19,18.50,18.50,17.99,17.99,1500,27905.61
2021-11-22,18.00,18.00,17.71,17.79,5000,89116.44
2021-11-23,16.90,18.18,16.90,18.18,100,1953.20
2021-11-24,18.50,18.50,18.35,18.35,3300,60833.50
2021-11-25,17.01,18.40,17.01,18.40,1000,18052.00
2021-11-26,15.08,18.50,15.08,18.50,300,4866.00
2021-11-29,18.79,18.79,18.54,18.54,1400,25567.35
2021-11-30,18.54,18.54,18.54,18.54,700,12985.00
2021-12-01,15.06,16.61,15.06,16.61,1400,22457.00
2021-12-08,15.50,16.95,15.44,16.95,2400,37237.00
2021-12-09,12.90,17.79,12.90,17.79,900,13678.00
2021-12-10,14.06,17.70,14.06,17.70,200,3176.00
2021-12-13,12.90,16.00,12.90,16.00,200,2890.00
2021-12-14,16.00,16.87,15.03,16.87,1000,15991.00
2021-12-16,16.79,16.79,16.79,16.79,100,1680.00
2021-12-17,16.00,16.00,15.15,15.95,400,6305.00
2021-12-22,14.36,16.00,14.36,16.00,200,3036.00
2021-12-27,14.46,16.39,14.46,16.39,200,3085.00
2021-12-29,13.68,15.96,13.68,15.96,600,9104.00
2021-12-30,16.00,16.00,16.00,16.00,1200,18496.00
2022-01-04,14.56,16.99,14.56,16.99,300,4611.00
2022-01-11,17.00,17.00,17.00,17.00,100,1700.00
2022-01-20,17.00,17.00,17.00,17.00,300,5100.00
2022-02-16,13.60,17.50,13.60,17.50,1100,15710.00
2022-02-22,17.98,19.02,17.98,19.02,10000,190247.28
2022-02-23,19.33,19.79,19.33,19.78,9600,188139.36
2022-02-24,19.61,19.61,19.56,19.56,900,17972.62
2022-02-25,20.00,20.00,20.00,20.00,1100,22000.00
2022-02-28,18.87,18.87,18.87,18.87,200,3794.88
2022-03-02,18.87,18.87,18.87,18.87,100,1888.00
2022-03-08,19.00,19.00,19.00,19.00,100,1900.00
2022-03-09,10.22,19.79,10.22,19.60,2700,49382.10
2022-03-10,16.50,16.50,16.50,16.50,2300,37933.50
2022-03-11,18.79,18.79,18.20,18.20,700,12858.00
2022-03-14,16.50,16.50,16.50,16.50,300,4950.00
2022-03-15,16.40,16.40,15.85,15.85,1900,29629.20
2022-03-24,17.44,17.44,17.44,17.44,100,1744.00
2022-03-25,15.50,15.50,15.50,15.50,100,1550.00
2022-03-30,17.00,17.00,17.00,17.00,200,3400.00
2022-04-06,16.94,16.94,16.94,16.94,100,1694.00
2022-04-18,16.98,16.98,16.98,16.98,100,1698.00
2022-12-09,11.87,12.80,11.28,12.12,5176636,62698216.00
2022-12-12,11.60,11.79,11.36,11.58,1306093,15143435.00
2022-12-13,11.49,12.34,11.42,11.87,1117892,13367828.00
2022-12-14,11.66,11.95,11.20,11.32,854652,9723494.00
2022-12-15,11.24,11.38,11.22,11.23,290511,3272521.25
2022-12-16,11.18,11.71,11.18,11.35,415148,4769286.00
2022-12-19,11.34,11.34,10.69,10.79,413686,4487471.50
2022-12-20,10.80,10.80,10.58,10.60,216513,2297045.75
2022-12-21,10.58,10.80,10.51,10.58,91413,966663.06
2022-12-22,10.75,10.75,10.26,10.28,153047,1599701.25
2022-12-23,10.20,10.39,10.20,10.29,79880,823649.81
2022-12-26,10.22,10.25,10.05,10.06,252912,2557327.50
2022-12-27,10.10,10.23,10.08,10.14,68908,696395.69
2022-12-28,10.11,10.14,10.06,10.11,49290,498488.75
2022-12-29,10.25,10.25,10.02,10.08,106171,1069137.88
2022-12-30,10.17,10.17,10.06,10.13,34669,350090.84
2023-01-03,10.05,10.33,10.05,10.30,102456,1049895.13
2023-01-04,10.22,10.41,10.22,10.37,77287,801764.81
2023-01-05,10.23,10.41,10.23,10.33,89162,919727.63
2023-01-06,10.51,10.52,10.30,10.32,36896,380776.63
2023-01-09,10.28,10.43,10.28,10.30,56799,587763.25
2023-01-10,10.31,10.32,10.12,10.21,98298,1008556.31
2023-01-11,10.17,10.23,10.09,10.12,89649,908989.19
2023-01-12,10.33,10.33,10.16,10.17,49941,508340.63
2023-01-13,10.12,10.28,10.11,10.14,60498,613225.69
2023-01-16,10.12,10.22,10.12,10.17,71541,726861.13
2023-01-17,10.29,10.29,10.13,10.14,56211,570106.88
2023-01-18,10.14,10.16,10.13,10.14,51000,517406.00
2023-01-19,10.13,10.21,10.13,10.20,118702,1208466.38
2023-01-20,10.18,10.28,10.18,10.27,61696,630954.88
2023-01-30,10.37,10.37,10.25,10.28,107833,1109449.88
2023-01-31,10.27,10.81,10.27,10.77,577768,6107728.00
2023-02-01,10.83,10.83,10.69,10.80,240803,2592531.25
2023-02-02,10.79,10.80,10.59,10.62,234483,2501818.25
2023-02-03,10.61,10.61,10.48,10.61,112168,1180956.25
2023-02-06,10.50,10.67,10.50,10.55,53662,567430.94
2023-02-07,10.55,10.60,10.54,10.57,46273,488563.84
2023-02-08,10.59,10.59,10.48,10.53,118722,1248353.50
2023-02-09,10.50,10.55,10.46,10.51,69062,725390.00
2023-02-10,10.48,10.61,10.47,10.55,68862,724767.00
2023-02-13,10.55,10.59,10.53,10.56,59512,629266.56
2023-02-14,10.55,10.57,10.51,10.53,68582,722728.94
2023-02-15,10.51,10.59,10.49,10.51,99873,1050552.38
2023-02-16,10.49,10.56,10.48,10.49,87693,922348.69
2023-02-17,10.49,10.50,10.45,10.47,55212,578245.00
2023-02-20,10.48,10.48,10.43,10.46,53787,561530.38
2023-02-21,10.42,10.46,10.41,10.43,36588,381666.97
2023-02-22,10.40,10.43,10.40,10.41,84235,876455.50
2023-02-23,10.40,10.40,10.34,10.34,98285,1018512.44
2023-02-24,10.32,10.34,10.30,10.32,52700,543654.63
2023-02-27,10.30,10.42,10.30,10.32,45882,475549.16
2023-02-28,10.32,10.42,10.30,10.37,50933,525699.75
2023-03-01,10.38,10.46,10.38,10.39,81996,854323.56
2023-03-02,10.40,10.42,10.33,10.35,49235,510858.78
2023-03-03,10.31,10.37,10.31,10.33,38500,398431.00
2023-03-06,10.35,10.37,10.32,10.32,40100,414684.00
2023-03-07,10.33,10.39,10.30,10.30,22851,236022.81
2023-03-08,10.31,10.32,10.29,10.32,26504,273082.06
2023-03-09,10.35,10.35,10.31,10.33,25266,260858.63
2023-03-10,10.32,10.32,10.27,10.27,36333,374013.19
2023-03-13,10.25,10.27,10.23,10.25,37900,388140.28
2023-03-14,10.25,10.26,10.19,10.20,25583,261435.06
2023-03-15,10.20,10.35,10.20,10.22,29820,304985.94
2023-03-16,10.21,10.21,10.10,10.12,45007,456515.19
2023-03-17,10.13,10.17,10.10,10.11,40300,408335.69
2023-03-20,10.10,10.11,10.06,10.07,41094,414246.22
2023-03-21,10.04,10.13,10.00,10.13,77816,780472.38
2023-03-22,10.15,10.15,10.04,10.06,33080,334507.94
2023-03-23,10.06,10.08,10.00,10.03,55946,560859.63
2023-03-24,10.05,10.08,10.03,10.03,35600,358387.75
2023-03-27,10.02,10.07,10.01,10.02,30537,306526.44
2023-03-28,10.02,10.04,10.01,10.02,23103,231494.53
2023-03-29,10.02,10.05,10.01,10.01,38877,389502.91
2023-03-30,10.02,10.03,10.00,10.00,52047,520817.00
2023-03-31,10.10,10.10,9.99,10.02,47470,475088.00
2023-04-03,10.00,10.37,9.99,10.26,125170,1268284.13
2023-04-04,10.26,10.27,10.09,10.11,41287,418025.56
2023-04-06,10.27,10.27,10.05,10.07,26408,266407.50
2023-04-07,10.03,10.12,10.02,10.04,23813,239562.11
2023-04-10,10.02,10.09,10.00,10.03,35729,358065.69
2023-04-11,10.01,10.07,9.99,10.06,89771,898497.69
2023-04-12,10.01,10.08,10.00,10.01,29400,294259.00
2023-04-13,10.00,10.02,9.99,10.00,42248,422549.28
2023-04-14,10.01,10.04,9.99,9.99,50289,502701.13
2023-04-17,9.97,10.00,9.97,9.98,22845,228149.55
2023-04-18,9.98,9.98,9.96,9.97,33968,338776.19
2023-04-19,9.96,10.11,9.96,10.05,37232,372566.72
2023-04-20,10.01,10.01,9.95,10.00,24049,239759.69
2023-04-21,9.96,9.98,9.90,9.92,42985,426523.50
2023-04-24,9.92,9.92,9.51,9.70,71045,694539.25
2023-04-25,9.70,9.70,9.53,9.55,100384,960325.00
2023-04-26,9.50,9.50,9.45,9.47,62156,588502.19
2023-04-27,9.31,9.48,9.31,9.38,22819,213817.34
2023-04-28,9.31,9.45,9.30,9.39,39389,369288.81
2023-05-04,9.39,9.48,9.31,9.35,25300,236045.23
2023-05-05,9.43,9.43,9.31,9.42,58111,543216.38
2023-05-08,9.42,9.78,9.29,9.71,71290,679519.31
2023-05-09,9.55,9.68,9.50,9.51,37307,356233.19
2023-05-10,9.76,9.76,9.42,9.43,14956,142562.53
2023-05-11,9.43,9.45,9.19,9.26,270234,2504244.75
2023-05-12,9.21,9.36,9.21,9.25,23899,221189.20
2023-05-15,9.21,9.40,9.20,9.26,36057,333018.41
2023-05-16,9.25,9.31,9.25,9.29,34799,322623.53
2023-05-17,9.22,9.30,9.22,9.28,24866,230889.58
2023-05-18,9.28,9.35,9.24,9.27,24000,222523.00
2023-05-19,9.27,9.33,9.20,9.30,18658,173029.28
2023-05-22,9.34,9.34,9.28,9.31,26775,248986.75
2023-05-23,9.20,9.34,9.19,9.29,80321,745457.00
2023-05-24,9.26,9.26,9.13,9.19,50722,465323.09
2023-05-25,9.28,9.28,9.15,9.18,11600,106466.20
2023-05-26,9.16,9.23,9.16,9.20,15427,141526.80
2023-05-29,9.20,9.34,9.10,9.21,26860,245445.78
2023-05-30,9.11,9.28,9.11,9.12,8984,82340.43
2023-05-31,9.13,9.16,9.10,9.16,16800,153158.00
2023-06-01,9.15,9.16,9.11,9.16,15874,144975.81
2023-06-02,9.10,9.20,9.10,9.13,8900,81185.00
2023-06-05,9.11,9.16,9.11,9.12,24328,221741.88
2023-06-06,9.07,9.10,9.07,9.08,19545,177484.59
2023-06-07,9.26,9.26,9.05,9.06,21396,194005.75
2023-06-08,9.06,9.07,9.04,9.05,21812,197281.98
2023-06-09,9.03,9.09,9.02,9.03,30957,279592.44
2023-06-12,9.00,9.01,8.99,9.01,43174,388619.13
2023-06-13,9.00,9.02,9.00,9.02,21800,196321.00
2023-06-14,8.99,9.09,8.99,9.02,27300,245988.00
2023-06-15,9.00,9.04,8.99,9.01,14597,131341.59
2023-06-16,9.08,9.09,9.00,9.07,27300,247484.00
2023-06-19,9.00,9.09,8.99,9.00,17264,155416.00
2023-06-20,9.00,9.00,8.92,8.95,22501,201370.95
2023-06-21,8.95,8.95,8.88,8.92,44326,395181.09
2023-06-26,8.89,8.89,8.70,8.70,117015,1022452.63
2023-06-27,8.68,8.75,8.60,8.70,39250,339849.56
2023-06-28,8.70,8.75,8.61,8.68,11111,96252.51
2023-06-29,8.63,8.69,8.63,8.69,19200,166318.00
2023-06-30,8.75,8.75,8.67,8.72,23291,203009.25
2023-07-03,8.63,8.82,8.63,8.71,22288,194625.00
2023-07-04,8.65,8.80,8.65,8.77,16619,145045.88
2023-07-05,8.67,8.82,8.67,8.79,46272,405902.28
2023-07-06,8.87,8.88,8.72,8.72,54135,474707.41
2023-07-07,8.66,8.79,8.66,8.78,34267,299755.03
2023-07-10,8.85,8.85,8.62,8.75,24434,213035.16
2023-07-11,8.74,8.75,8.68,8.68,111975,717235.13
2023-07-12,8.66,8.86,8.65,8.68,63890,561302.38
2023-07-13,8.67,8.76,8.67,8.69,27190,237307.30
2023-07-14,8.81,8.81,8.70,8.78,100100,876603.00
2023-07-17,8.70,8.77,8.69,8.69,26900,234313.00
2023-07-18,8.77,8.77,8.67,8.73,8879,77196.46
2023-07-19,8.70,8.70,8.66,8.67,27855,241696.91
2023-07-20,8.69,8.69,8.66,8.69,1414499,8638124.00
2023-07-21,8.74,8.83,8.71,8.80,101588,893106.94
2023-07-24,8.77,8.89,8.68,8.80,119028,1048283.00
2023-07-25,8.75,8.88,8.70,8.88,30550,269009.25
2023-07-26,8.92,8.92,8.83,8.83,27450,243196.50
2023-07-27,8.75,8.78,8.74,8.76,24824,217350.77
2023-07-28,8.70,8.85,8.70,8.75,40078,349602.97
2023-07-31,8.77,8.85,8.77,8.84,13778,121559.52
2023-08-01,8.84,8.88,8.78,8.85,15500,136854.00
2023-08-02,8.89,8.89,8.62,8.68,59695,520710.69
2023-08-03,8.68,8.77,8.65,8.70,27700,240378.25
2023-08-04,8.68,8.75,8.63,8.63,106658,923521.06
2023-08-07,8.70,8.70,8.62,8.64,34698,299486.81
2023-08-08,8.61,8.70,8.61,8.67,12600,108872.30
2023-08-09,8.61,8.70,8.61,8.70,27300,236278.00
2023-08-10,8.66,8.69,8.63,8.69,20100,174139.00
2023-08-11,8.70,8.70,8.61,8.63,17736,153309.44
2023-08-14,8.61,8.62,8.61,8.62,3600,31026.00
2023-08-15,8.62,8.69,8.62,8.63,22700,196158.00
2023-08-16,8.62,8.65,8.62,8.62,6900,59540.00
2023-08-17,8.62,8.71,8.62,8.66,6100,52820.00
2023-08-18,8.61,8.66,8.61,8.66,6500,56097.00
2023-08-21,8.62,8.63,8.61,8.63,21118,181987.52
2023-08-22,8.63,8.76,8.60,8.72,21017,181795.16
2023-08-23,8.62,8.66,8.62,8.66,4800,41452.00
2023-08-24,8.62,8.62,8.59,8.61,24650,212129.95
2023-08-25,8.59,8.60,8.57,8.57,36051,309430.91
2023-08-28,8.87,8.87,8.51,8.66,10745,92342.69
2023-08-29,8.52,8.66,8.52,8.65,9541,82285.89
2023-08-30,8.58,8.69,8.57,8.60,10662,91532.38
2023-08-31,8.56,8.58,8.50,8.58,13948,119143.13
2023-09-01,8.56,8.57,8.54,8.57,28984,247727.31
2023-09-04,8.60,8.83,8.60,8.77,124310,1091726.00
2023-09-05,8.69,8.79,8.60,8.78,44463,387557.19
2023-09-06,8.77,8.77,8.69,8.71,24041,209380.31
2023-09-07,8.66,8.76,8.66,8.72,18112,157306.05
2023-09-08,8.72,8.72,8.61,8.64,19922,172196.86
2023-09-11,8.61,8.72,8.61,8.72,5700,49552.00
2023-09-12,8.62,8.73,8.62,8.64,6762,58514.72
2023-09-13,8.65,8.66,8.63,8.65,4150,35878.50
2023-09-14,8.62,8.65,8.62,8.62,8600,74162.00
2023-09-15,8.59,8.65,8.59,8.60,6700,57803.05
2023-09-18,8.61,8.65,8.60,8.60,3521,30304.60
2023-09-19,8.68,8.68,8.56,8.67,17800,152769.23
2023-09-20,8.51,8.64,8.51,8.61,3800,32575.00
2023-09-21,8.61,8.64,8.49,8.50,34300,292455.13
2023-09-22,8.50,8.56,8.50,8.56,8800,75144.00
2023-09-25,8.54,8.54,8.50,8.51,12304,104717.32
2023-09-26,8.55,8.55,8.48,8.49,7578,64379.85
2023-09-27,8.44,8.50,8.44,8.46,11083,93953.58
2023-09-28,8.45,8.55,8.45,8.49,11531,98121.69
2023-10-09,8.45,8.51,8.42,8.42,14755,124675.93
2023-10-10,8.42,8.46,8.40,8.41,29611,249615.41
2023-10-11,8.41,8.58,8.40,8.48,20795,175869.44
2023-10-12,8.40,8.47,8.40,8.45,19930,167617.56
2023-10-13,8.41,8.47,8.40,8.47,9300,78253.00
2023-10-16,8.41,8.54,8.41,8.41,22534,190343.63
2023-10-17,8.40,8.47,8.40,8.41,8200,68919.00
2023-10-18,8.41,8.41,8.40,8.41,17424,146400.59
2023-10-19,8.40,8.46,8.38,8.38,36325,305065.50
2023-10-20,8.33,8.40,8.33,8.40,10410,86878.00
2023-10-23,8.45,8.45,8.25,8.25,46611,386370.13
2023-10-24,8.24,8.39,8.21,8.23,27066,222797.78
2023-10-25,8.31,8.35,8.22,8.23,7500,61829.80
2023-10-26,8.22,8.28,8.21,8.22,10300,84756.00
2023-10-27,8.29,8.29,8.21,8.29,20424,168636.72
2023-10-30,8.29,8.29,8.22,8.28,31202,257969.23
2023-10-31,8.24,8.25,8.22,8.25,6900,56818.58
2023-11-01,8.21,8.27,8.21,8.27,10100,82970.00
2023-11-02,8.26,8.29,8.25,8.29,10383,85801.58
2023-11-03,8.29,8.33,8.23,8.31,7238,60032.16
2023-11-06,8.33,8.34,8.23,8.32,54391,450502.72
2023-11-07,8.28,8.35,8.28,8.33,5200,43130.00
2023-11-08,8.30,8.40,8.26,8.38,55649,462624.63
2023-11-09,8.48,8.48,8.34,8.37,130181,951762.50
2023-11-10,8.48,8.48,8.33,8.40,14900,124905.00
2023-11-13,8.33,8.44,8.33,8.38,11790,98776.70
2023-11-14,8.34,8.41,8.34,8.35,7800,65257.00
2023-11-15,8.41,8.48,8.36,8.47,28896,243497.27
2023-11-16,8.46,8.47,8.36,8.37,10520,88392.57
2023-11-17,8.40,8.44,8.36,8.41,30110,252605.25
2023-11-20,8.54,8.54,8.36,8.48,80695,683740.63
2023-11-21,8.56,9.33,8.56,8.94,741689,6672721.50
2023-11-22,8.79,10.00,8.79,9.81,1579137,15378274.00
2023-11-23,9.81,12.08,9.81,10.61,3943162,44558756.00
2023-11-24,10.33,12.58,9.60,12.40,5379740,60583196.00
2023-11-27,12.38,14.09,11.80,13.84,7659969,100140944.00
2023-11-28,12.00,13.33,11.71,11.98,4344381,54031276.00
2023-11-29,12.03,12.40,10.41,10.72,3076849,34509192.00
2023-11-30,10.72,11.08,10.20,10.70,2327361,25547228.00
2023-12-01,10.70,11.08,10.02,10.14,1665049,17305202.00
2023-12-04,10.04,10.58,9.81,10.20,1435846,14724674.00
2023-12-05,10.10,11.25,10.10,11.25,3105231,33686460.00
2023-12-06,11.00,11.69,10.77,10.83,2047395,22704218.00
2023-12-07,11.00,11.47,10.67,11.37,2313123,25916384.00
2023-12-08,11.50,12.46,11.25,11.70,2982486,35273652.00
2023-12-11,11.80,12.15,11.11,11.23,2037625,23410892.00
2023-12-12,11.04,11.46,11.03,11.46,1111035,12518590.00
2023-12-13,11.53,12.63,11.31,12.09,3176464,38716560.00
2023-12-14,11.92,12.60,11.60,12.20,3033744,36980800.00
2023-12-15,12.10,12.44,11.85,12.20,1653948,20024056.00
2023-12-18,12.35,12.77,12.14,12.60,2183962,27396816.00
2023-12-19,12.50,12.52,11.90,12.25,1377619,16828794.00
2023-12-20,12.41,12.99,12.11,12.70,2875992,36839788.00
2023-12-21,12.99,13.19,11.36,11.90,3820556,47768540.00
2023-12-22,12.00,12.40,11.40,12.17,1706496,20262350.00
2023-12-25,12.55,15.60,12.30,15.60,8554481,118731200.00
2023-12-26,15.59,17.30,15.16,16.24,9644624,155287312.00
2023-12-27,15.77,16.10,14.30,14.90,6598615,99143616.00
2023-12-28,14.80,14.90,13.70,14.18,5284963,74524808.00
2023-12-29,13.68,14.49,13.68,14.25,4212581,59405272.00
2024-01-02,14.31,14.74,14.00,14.51,4423097,63366088.00
2024-01-03,14.54,15.35,14.20,14.75,4208886,62912468.00
2024-01-04,14.34,14.65,13.98,14.53,2852962,40832464.00
2024-01-05,14.60,14.65,13.37,13.80,2889966,40212736.00
2024-01-08,13.79,14.20,12.86,12.86,1512155,20447976.00
2024-01-09,12.90,13.20,11.62,12.50,1980334,24472146.00
2024-01-10,12.45,13.17,12.14,13.05,1765784,22663272.00
2024-01-11,13.17,13.80,12.75,13.80,1411766,18563754.00
2024-01-12,13.21,13.49,12.25,12.29,1483255,19124656.00
2024-01-15,12.27,12.27,11.30,11.47,1088902,12704558.00
2024-01-16,11.20,12.31,11.04,12.25,1474960,17337700.00
2024-01-17,11.95,12.52,11.90,12.10,1039725,12692564.00
2024-01-18,12.00,12.61,11.51,12.55,1479403,17978278.00
2024-01-19,12.69,13.16,12.33,13.07,1568535,20121124.00
2024-01-22,12.99,12.99,11.72,12.46,963377,12092252.00
2024-01-23,12.36,12.69,12.06,12.45,578727,7168216.00
2024-01-24,12.45,12.59,11.86,12.44,669818,8174475.00
2024-01-25,12.59,12.59,12.15,12.24,562586,6946483.50
2024-01-26,12.20,12.27,11.70,11.80,504027,6021257.50
2024-01-29,11.88,11.88,10.20,10.31,987535,10885119.00
2024-01-30,10.40,10.68,9.90,10.07,443687,4520814.00
2024-01-31,10.01,10.63,9.99,10.32,635970,6570481.50
2024-02-01,10.37,10.39,9.85,9.85,395692,4009677.75
2024-02-02,9.82,10.09,9.00,9.43,515077,4966536.00
2024-02-05,9.20,9.39,8.25,8.83,531531,4700868.00
2024-02-06,8.70,11.17,8.35,11.04,1669649,17498298.00
2024-02-07,10.89,11.97,10.01,10.49,1976556,21987584.00
2024-02-08,10.19,10.51,9.28,10.10,1102210,10838367.00
2024-02-19,10.10,10.20,9.70,10.20,715647,7162149.00
2024-02-20,9.87,10.92,9.87,10.59,817111,8691397.00
2024-02-21,10.37,10.84,10.26,10.65,869177,9176480.00
2024-02-22,10.68,10.84,10.56,10.71,653149,6980942.50
2024-02-23,10.75,10.85,10.45,10.57,492994,5242151.00
2024-02-26,10.70,10.70,10.00,10.55,464528,4829194.50
2024-02-27,10.54,11.20,10.41,11.12,1132124,12352645.00
2024-02-28,11.09,11.56,10.50,10.72,1055936,11733803.00
2024-02-29,10.61,11.00,10.44,10.90,635881,6857698.50
2024-03-01,11.09,11.09,10.71,10.81,489533,5309955.50
2024-03-04,10.79,11.50,10.53,10.89,571493,6195923.50
2024-03-05,10.59,10.70,10.29,10.29,520478,5424651.50
2024-03-06,10.30,10.44,10.23,10.31,318189,3283930.00
2024-03-07,10.32,10.32,9.97,10.00,473825,4789126.50
2024-03-08,10.17,10.17,9.88,10.06,216646,2168139.25
2024-03-11,9.83,10.13,9.83,10.04,235137,2350028.75
2024-03-12,10.44,12.58,10.30,11.25,3234700,36979296.00
2024-03-13,10.66,10.78,10.41,10.67,2128336,22541264.00
2024-03-14,10.99,12.68,10.99,11.36,3740408,44203604.00
2024-03-15,11.05,11.86,10.82,11.85,3138714,35557840.00
2024-03-18,11.98,12.37,11.27,11.80,2053841,24063934.00
2024-03-19,11.72,11.72,11.25,11.29,1693988,19293952.00
2024-03-20,11.25,11.80,11.13,11.48,1346034,15447670.00
2024-03-21,11.58,11.60,11.04,11.07,1091298,12267312.00
2024-03-22,11.09,11.16,10.61,10.73,837389,9069050.00
2024-03-25,10.73,10.96,10.35,10.37,466915,4976127.00
2024-03-26,10.36,10.58,10.06,10.18,541376,5516195.50
2024-03-27,10.35,10.64,10.13,10.34,817358,8542236.00
2024-03-28,10.74,10.74,10.25,10.64,834788,8742353.00
2024-03-29,10.53,10.57,10.23,10.50,539243,5610562.00
2024-04-01,10.36,10.50,10.29,10.39,396209,4102530.00
2024-04-02,10.31,10.39,10.05,10.05,497773,5056529.50
2024-04-03,10.06,10.17,9.91,9.97,307203,3070511.25
2024-04-08,9.93,9.97,9.22,9.36,451704,4332469.00
2024-04-09,9.55,9.64,9.26,9.51,308367,2905928.00
2024-04-10,9.47,9.99,9.20,9.70,446446,4349413.50
2024-04-11,9.70,9.81,9.40,9.44,257942,2468289.50
2024-04-12,9.34,9.58,9.29,9.30,153082,1438173.13
2024-04-15,9.43,9.45,9.01,9.02,230377,2106711.75
2024-04-16,9.05,9.05,8.50,8.50,372299,3222661.75
2024-04-17,8.45,8.96,8.45,8.93,411302,3628536.75
2024-04-18,8.70,9.26,8.70,8.82,311452,2814047.00
2024-04-19,8.65,8.98,8.65,8.70,171486,1499886.50
2024-04-22,9.02,9.15,8.70,8.72,155747,1381247.63
2024-04-23,8.63,8.87,8.60,8.83,164982,1439052.88
2024-04-24,9.19,9.19,8.79,9.00,311046,2772993.50
2024-04-25,8.94,8.97,8.81,8.96,206409,1836778.75
2024-04-26,9.10,9.15,8.76,9.10,305981,2758220.75
2024-04-29,9.40,9.94,9.24,9.92,1104304,10631697.00
2024-04-30,9.95,12.89,9.89,12.89,10822201,134495664.00
2024-05-06,12.60,14.73,12.30,12.30,11387703,149813040.00
2024-05-07,11.70,12.91,11.55,11.95,7686410,92513328.00
2024-05-08,11.58,14.70,11.58,13.80,10321125,132421656.00
2024-05-09,12.57,13.40,12.31,12.45,7574958,97115112.00
2024-05-10,12.69,13.49,11.82,12.00,5893467,74700280.00
2024-05-13,11.91,12.87,11.77,12.08,4465065,54847416.00
2024-05-14,11.73,12.12,11.16,11.26,4521538,52110308.00
2024-05-15,11.28,11.37,10.79,10.95,3144627,34620048.00
2024-05-16,11.01,11.24,10.67,11.24,2894872,31859208.00
2024-05-17,11.05,11.58,10.94,11.02,2798969,31372156.00
2024-05-20,10.95,11.49,10.85,11.25,2506299,27914158.00
2024-05-21,11.24,11.32,10.86,10.91,1954268,21573570.00
2024-05-22,11.19,11.49,10.82,10.88,3153316,35102164.00
2024-05-23,10.31,11.30,10.10,10.74,4775611,51074020.00
2024-05-24,10.80,11.49,10.60,10.92,4113751,45464360.00
2024-05-27,10.63,10.97,10.33,10.48,2587588,27223806.00
2024-05-28,10.52,10.57,9.99,10.06,1966110,20226944.00
2024-05-29,10.06,10.25,9.60,9.78,1999105,19724968.00
2024-05-30,9.68,9.82,9.45,9.58,1399681,13380047.00
2024-05-31,9.38,9.55,9.30,9.30,956387,8995753.00
2024-06-03,9.35,9.50,9.00,9.04,882164,8087345.00
2024-06-04,9.01,9.29,8.98,9.29,1154277,10595398.00
2024-06-05,9.37,9.37,8.99,9.05,740448,6752315.00
2024-06-06,8.99,9.15,8.71,8.71,1288143,11398717.00
2024-06-07,8.80,9.25,8.74,9.04,1249896,11285426.00
2024-06-11,9.10,9.48,8.98,9.31,1641328,15258310.00
2024-06-12,9.30,9.90,9.17,9.79,2431320,23183414.00
2024-06-13,9.68,9.88,9.37,9.41,1682816,16020098.00
2024-06-14,9.31,9.49,9.31,9.36,860425,8078648.50
2024-06-17,9.45,9.45,9.04,9.06,957223,8769634.00
2024-06-18,8.70,9.08,8.70,8.79,2433341,21457992.00
2024-06-19,8.69,9.08,8.68,8.88,1302418,11593015.00
2024-06-20,8.83,9.59,8.79,9.23,2400569,22243348.00
2024-06-21,9.03,9.80,8.98,9.47,2620483,24867910.00
2024-06-24,9.35,9.55,8.82,8.89,1805883,16358823.00
2024-06-25,9.08,9.17,8.72,9.00,1092453,9784336.00
2024-06-26,8.80,9.24,8.80,9.24,1096697,9950992.00
2024-06-27,9.15,9.19,8.85,8.86,948083,8540885.00
2024-06-28,8.99,9.00,8.85,8.90,661149,5902760.00
2024-07-01,8.90,9.15,8.73,9.02,944957,8486901.00
2024-07-02,8.91,9.13,8.91,9.06,999030,9010423.00
2024-07-03,9.10,9.10,8.87,8.92,942904,8432990.00
2024-07-04,8.90,9.07,8.75,8.76,920603,8173998.00
2024-07-05,8.70,9.28,8.52,9.17,1719613,15523708.00
2024-07-08,9.01,9.17,8.68,8.70,1135545,10106858.00
2024-07-09,8.64,8.84,8.52,8.80,623968,5448370.00
2024-07-10,8.94,8.94,8.61,8.63,592209,5187311.50
2024-07-11,8.78,8.90,8.62,8.88,749780,6621362.00
2024-07-12,8.78,9.01,8.77,8.93,674511,5999257.50
2024-07-15,8.97,8.97,8.65,8.70,472730,4122755.75
2024-07-16,8.68,9.07,8.62,9.05,1259595,11247470.00
2024-07-17,9.05,10.50,9.03,10.38,5034486,49722888.00
2024-07-18,10.24,10.37,9.50,9.50,3072845,30289184.00
2024-07-19,9.60,10.08,9.47,9.57,2067268,20199130.00
2024-07-22,9.45,9.57,9.27,9.44,1036950,9732039.00
2024-07-23,9.32,9.66,9.25,9.32,980165,9201496.00
2024-07-24,9.20,9.35,8.86,8.91,1263439,11363110.00
2024-07-25,8.88,9.15,8.85,9.06,650121,5884514.00
2024-07-26,9.13,9.26,9.00,9.20,611097,5581489.00
2024-07-29,9.24,9.24,8.90,9.03,438678,3972562.00
2024-07-30,9.10,9.67,9.05,9.53,1979868,18753718.00
2024-07-31,9.40,9.66,9.18,9.56,1714795,16140289.00
2024-08-01,9.77,9.98,9.38,9.38,1686337,16343144.00
2024-08-02,9.30,11.56,9.25,10.40,7620015,81446336.00
2024-08-05,10.19,10.70,9.60,9.69,4767037,47781784.00
2024-08-06,9.51,11.66,9.51,11.17,7208797,76401688.00
2024-08-07,10.70,11.19,10.45,11.03,5594166,60129640.00
2024-08-08,11.10,13.05,11.09,11.54,7950615,97112040.00
2024-08-09,11.00,11.20,10.40,10.55,6006220,64291920.00
2024-08-12,10.40,11.43,10.31,10.68,5310951,57801716.00
2024-08-13,10.35,10.49,9.99,10.21,3849509,39110936.00
2024-08-14,10.10,10.22,9.78,9.83,2886231,28795852.00
2024-08-15,9.80,10.07,9.52,9.63,2677374,26092288.00
2024-08-16,9.63,9.83,9.50,9.81,2083137,20218584.00
2024-08-19,9.70,9.81,9.30,9.33,2083232,19726242.00
2024-08-20,9.33,9.60,9.29,9.34,1415760,13367796.00
2024-08-21,9.40,9.40,9.19,9.26,969327,8960583.00
2024-08-22,9.28,9.28,9.00,9.07,747834,6816967.50
2024-08-23,9.07,9.15,8.95,9.03,481120,4348772.50
2024-08-26,9.13,9.24,9.03,9.20,686287,6294140.50
2024-08-27,9.24,9.90,9.12,9.61,2946818,28451802.00
2024-08-28,9.53,9.61,9.16,9.53,1517524,14246742.00
2024-08-29,9.40,9.50,9.30,9.45,1360920,12766553.00
2024-08-30,9.35,9.62,9.33,9.53,2005706,19049774.00
2024-09-02,9.43,9.70,9.22,9.40,990393,9360202.00
2024-09-03,9.38,9.42,9.08,9.12,1317094,12103087.00
2024-09-04,9.10,9.16,9.00,9.04,807953,7340324.00
2024-09-05,9.05,9.24,9.04,9.15,563901,5152321.00
2024-09-06,9.13,9.24,8.96,8.97,595424,5391607.00
2024-09-09,8.97,9.17,8.97,9.08,461894,4188455.50
2024-09-10,9.08,9.10,8.88,9.02,403120,3616283.50
2024-09-11,8.98,9.04,8.95,9.00,189870,1707543.50
2024-09-12,9.01,9.10,8.93,8.94,300276,2704603.25
2024-09-13,8.90,9.18,8.75,9.00,755160,6774627.50
2024-09-18,8.99,9.00,8.80,8.92,416222,3701853.00
2024-09-19,8.93,9.19,8.83,9.03,593944,5374170.50
2024-09-20,9.03,9.12,8.95,8.97,326418,2943543.25
2024-09-23,9.03,9.20,8.86,8.92,528624,4762167.00
2024-09-24,8.98,9.17,8.89,9.17,863232,7824623.00
2024-09-25,9.21,9.38,9.17,9.32,1137195,10575124.00
2024-09-26,9.33,9.54,9.21,9.52,1436534,13399736.00
2024-09-27,9.55,10.33,9.55,10.05,2563066,25567274.00
2024-09-30,10.55,12.18,10.20,11.75,3777646,42015780.00
2024-10-08,14.01,15.00,12.35,14.05,4817697,65849568.00
2024-10-09,13.30,13.35,11.58,11.80,2763539,34391152.00
2024-10-10,11.84,12.60,11.67,11.72,2103691,25502372.00
2024-10-11,11.50,11.91,10.38,10.62,2445426,26636630.00
2024-10-14,10.73,11.26,10.46,11.07,1598541,17421794.00
2024-10-15,11.00,11.73,10.80,11.15,2480328,28100302.00
2024-10-16,10.70,12.49,10.70,12.11,4880712,57264144.00
2024-10-17,11.80,13.20,11.70,12.83,5671309,70056784.00
2024-10-18,12.51,13.81,12.18,13.17,5714843,74121344.00
2024-10-21,13.00,17.12,12.81,17.12,8719168,130247120.00
2024-10-22,20.00,22.25,18.02,22.25,13815937,295450048.00
2024-10-23,19.77,21.68,18.33,21.15,11082160,221201552.00
2024-10-24,21.90,25.30,20.05,20.59,11157113,251132352.00
2024-10-25,19.50,21.58,18.88,19.07,9308650,186346144.00
2024-10-28,18.40,20.50,17.62,19.99,6642388,126689784.00
2024-10-29,21.39,21.39,19.60,20.15,6308524,128385872.00
2024-10-30,21.10,21.95,20.17,21.07,6433998,135142112.00
2024-10-31,20.09,20.61,19.00,19.54,5245198,103327904.00
2024-11-01,18.73,21.28,18.00,19.45,5715757,111922296.00
2024-11-04,19.50,21.00,18.00,20.31,4978544,98147352.00
2024-11-05,20.38,21.69,19.67,21.69,6346798,131900424.00
2024-11-06,22.00,26.50,21.11,23.02,9175417,213997040.00
2024-11-07,22.21,24.70,22.00,23.82,7164169,168393728.00
2024-11-08,24.03,25.23,22.51,23.75,5500879,130086296.00
2024-11-11,23.00,24.00,22.40,23.59,3226729,74773824.00
2024-11-12,24.10,26.79,22.70,23.61,7025549,175452560.00
2024-11-13,22.02,22.66,21.00,21.90,4601616,99762952.00
2024-11-14,21.99,21.99,20.11,20.19,3196157,66754776.00
2024-11-15,20.04,20.55,19.30,19.54,2968252,58895988.00
2024-11-18,19.60,19.88,18.70,19.36,2018839,38974752.00
2024-11-19,19.88,20.91,18.02,19.49,3044071,59600892.00
2024-11-20,19.08,20.37,18.57,19.97,2833549,55630116.00
2024-11-21,19.90,20.75,19.64,20.53,3447155,69799768.00
2024-11-22,20.56,20.84,19.01,19.25,2813958,56624608.00
2024-11-25,19.03,19.80,18.25,18.72,2197286,41599240.00
2024-11-26,18.60,19.99,18.57,18.62,2593353,49711020.00
2024-11-27,18.06,18.70,17.12,18.49,2334614,41711000.00
2024-11-28,18.60,19.66,18.26,19.02,2678510,51207104.00
2024-11-29,19.10,19.65,18.28,19.00,2191335,41485816.00
2024-12-02,18.80,20.33,18.80,20.17,3005473,59120024.00
2024-12-03,20.17,20.17,20.17,20.17,0,0.00
#数据来源:通达信
