833455 汇隆活塞 日线 不复权
      日期	    开盘	    最高	    最低	    收盘	    成交量	    成交额
2017-01-20,1.20,1.20,1.20,1.20,46100000,55320000.00
2017-07-05,1.20,1.20,1.20,1.20,600000,720000.00
2019-06-04,1.40,1.40,1.40,1.40,6434000,9007600.00
2022-05-11,1.76,1.76,1.76,1.76,100,176.00
2022-06-07,1.63,1.63,1.63,1.63,100,163.00
2022-06-13,1.63,1.63,1.63,1.63,178500,214184.41
2023-06-21,4.06,5.98,3.90,4.77,39569115,180846096.00
2023-06-26,4.06,4.46,4.01,4.28,20467018,86597960.00
2023-06-27,4.35,4.94,4.23,4.37,17582233,80332080.00
2023-06-28,4.20,4.31,3.82,3.97,15726110,63662356.00
2023-06-29,3.88,4.42,3.80,4.08,16591226,67678264.00
2023-06-30,4.09,4.32,3.90,4.09,9659833,40084972.00
2023-07-03,4.20,4.26,3.98,3.99,7420442,30274636.00
2023-07-04,3.92,4.14,3.90,4.03,9036944,36362808.00
2023-07-05,3.97,4.03,3.80,3.86,8191282,32029822.00
2023-07-06,3.86,3.90,3.74,3.75,6573177,24940400.00
2023-07-07,3.77,3.77,3.59,3.60,5416793,19843394.00
2023-07-10,3.63,3.63,3.42,3.44,5307888,18634086.00
2023-07-11,3.45,3.61,3.43,3.48,3414484,12025596.00
2023-07-12,3.47,3.49,3.31,3.34,4890878,16502425.00
2023-07-13,3.37,3.39,3.32,3.33,2431663,8117806.50
2023-07-14,3.34,3.44,3.33,3.38,2371031,8008476.00
2023-07-17,3.38,3.78,3.35,3.77,9661696,35146548.00
2023-07-18,3.80,3.93,3.70,3.74,6366718,24192088.00
2023-07-19,3.69,3.72,3.48,3.50,5165509,18284540.00
2023-07-20,3.52,3.56,3.40,3.42,3136900,10881277.00
2023-07-21,3.44,3.44,3.36,3.36,3325815,11266736.00
2023-07-24,3.36,3.46,3.32,3.39,1763120,5979640.00
2023-07-25,3.43,3.47,3.36,3.43,2585751,8815334.00
2023-07-26,3.43,3.43,3.35,3.37,2081754,7013263.00
2023-07-27,3.40,3.40,3.34,3.35,1201683,4035520.50
2023-07-28,3.36,3.37,3.33,3.35,1813714,6064867.00
2023-07-31,3.37,3.53,3.35,3.49,3733288,12895258.00
2023-08-01,3.46,3.51,3.38,3.40,2387500,8129092.00
2023-08-02,3.39,3.40,3.37,3.39,1189381,4025041.00
2023-08-03,3.37,3.38,3.34,3.38,1545683,5191277.00
2023-08-04,3.37,3.38,3.35,3.36,1195874,4016803.00
2023-08-07,3.38,3.38,3.32,3.33,1303300,4347871.50
2023-08-08,3.34,3.37,3.28,3.29,1428025,4724005.00
2023-08-09,3.30,3.30,3.24,3.25,981066,3197618.25
2023-08-10,3.28,3.42,3.25,3.33,3323640,11133025.00
2023-08-11,3.31,3.33,3.25,3.28,1552537,5077910.50
2023-08-14,3.26,3.26,3.24,3.25,625496,2029810.13
2023-08-15,3.27,3.27,3.22,3.24,637813,2061881.50
2023-08-16,3.25,3.25,3.20,3.21,734184,2361790.25
2023-08-17,3.23,3.26,3.21,3.24,791946,2562938.50
2023-08-18,3.24,3.27,3.19,3.19,1023069,3285810.25
2023-08-21,3.22,3.23,3.11,3.12,1405139,4426834.50
2023-08-22,3.17,3.17,3.09,3.12,1042284,3236980.00
2023-08-23,3.09,3.14,3.01,3.06,885345,2725826.50
2023-08-24,3.07,3.07,2.98,3.02,947797,2869404.75
2023-08-25,3.01,3.05,2.93,2.94,1623703,4840689.50
2023-08-28,3.06,3.15,2.94,2.96,1516058,4578808.50
2023-08-29,2.97,3.05,2.96,3.03,895995,2696557.50
2023-08-30,3.02,3.05,2.99,3.02,588743,1777862.38
2023-08-31,3.00,3.02,2.98,3.01,757249,2271788.50
2023-09-01,3.03,3.22,3.00,3.12,2799369,8788516.00
2023-09-04,3.22,3.39,3.18,3.25,5303689,17492706.00
2023-09-05,3.26,3.31,3.18,3.21,3567004,11606939.00
2023-09-06,3.23,3.24,3.15,3.17,1825754,5817812.50
2023-09-07,3.15,3.18,3.10,3.10,1043675,3263277.50
2023-09-08,3.09,3.12,3.02,3.06,1686137,5141642.50
2023-09-11,3.08,3.09,3.04,3.07,602446,1845370.38
2023-09-12,3.07,3.08,3.04,3.05,436704,1331881.00
2023-09-13,3.06,3.06,3.01,3.04,794352,2412123.75
2023-09-14,3.04,3.08,3.01,3.04,640017,1948979.00
2023-09-15,3.05,3.05,3.01,3.03,348592,1053927.75
2023-09-18,3.03,3.05,3.03,3.03,465117,1411345.75
2023-09-19,3.05,3.08,3.04,3.06,778725,2381005.25
2023-09-20,3.06,3.08,3.05,3.05,511733,1565853.63
2023-09-21,3.08,3.08,3.01,3.01,635839,1934925.63
2023-09-22,2.82,2.94,2.80,2.90,1195214,3453313.75
2023-09-25,2.88,2.93,2.88,2.90,562366,1638461.75
2023-09-26,2.93,2.93,2.85,2.88,229435,660273.56
2023-09-27,2.88,2.90,2.84,2.88,144376,414650.91
2023-09-28,2.91,2.91,2.87,2.90,373564,1079172.88
2023-10-09,2.90,2.90,2.85,2.88,296346,848254.69
2023-10-10,2.85,2.88,2.80,2.83,707434,1998566.25
2023-10-11,2.81,2.84,2.78,2.80,322025,903158.50
2023-10-12,2.80,2.83,2.79,2.82,196488,552225.94
2023-10-13,2.82,2.83,2.73,2.79,1137357,3167110.25
2023-10-16,2.80,2.80,2.74,2.77,538607,1483978.25
2023-10-17,2.77,2.77,2.74,2.77,270805,745726.63
2023-10-18,2.74,2.77,2.68,2.68,699158,1893206.38
2023-10-19,2.70,2.70,2.64,2.64,428633,1142335.50
2023-10-20,2.64,2.65,2.61,2.62,376159,987545.94
2023-10-23,2.61,2.61,2.52,2.56,719428,1841083.63
2023-10-24,2.56,2.64,2.55,2.58,223850,579314.44
2023-10-25,2.62,2.64,2.57,2.59,604993,1574528.38
2023-10-26,2.61,2.64,2.55,2.64,719988,1872804.50
2023-10-27,2.65,2.75,2.61,2.73,1222085,3288686.25
2023-10-30,2.75,2.77,2.70,2.73,1160462,3178144.50
2023-10-31,2.70,2.71,2.66,2.68,566613,1519472.13
2023-11-01,2.67,2.68,2.65,2.66,156853,417597.16
2023-11-02,2.67,2.67,2.59,2.62,639786,1683063.50
2023-11-03,2.61,2.69,2.61,2.67,1094480,2924122.25
2023-11-06,2.68,2.71,2.66,2.71,441197,1185368.38
2023-11-07,2.69,2.72,2.67,2.71,354179,953196.31
2023-11-08,2.71,2.98,2.70,2.90,3556173,10265407.00
2023-11-09,2.89,2.95,2.83,2.87,1286567,3706669.75
2023-11-10,2.83,2.89,2.82,2.83,758781,2166944.75
2023-11-13,2.85,2.85,2.81,2.85,417439,1182861.13
2023-11-14,2.86,2.89,2.80,2.89,1063528,3024418.50
2023-11-15,2.90,3.01,2.89,2.94,2758506,8169180.00
2023-11-16,2.93,2.93,2.84,2.85,1671714,4805054.50
2023-11-17,2.87,2.87,2.75,2.82,2269116,6335539.50
2023-11-20,2.82,3.08,2.80,3.04,4213603,12503511.00
2023-11-21,3.08,3.78,3.00,3.36,14873949,51369328.00
2023-11-22,3.30,4.29,3.28,4.23,18833848,70070024.00
2023-11-23,4.30,4.84,3.70,4.09,18825463,80732792.00
2023-11-24,4.02,4.83,3.86,4.56,17444701,76719000.00
2023-11-27,4.89,5.92,4.77,5.92,20927990,111088256.00
2023-11-28,5.40,5.94,5.11,5.20,15695799,85802872.00
2023-11-29,5.28,5.49,4.35,4.46,12628567,61866752.00
2023-11-30,4.50,4.76,4.21,4.60,8092155,36246652.00
2023-12-01,4.55,4.76,4.37,4.43,5989373,27391440.00
2023-12-04,4.29,4.48,4.09,4.30,5638877,24047568.00
2023-12-05,4.27,4.93,4.21,4.90,10220523,47771728.00
2023-12-06,4.97,5.10,4.75,4.98,8706990,43046092.00
2023-12-07,4.89,5.24,4.85,5.09,6916654,35004044.00
2023-12-08,5.15,5.40,5.01,5.25,7120317,37055612.00
2023-12-11,5.20,5.27,4.69,4.78,6707773,33243660.00
2023-12-12,4.78,4.99,4.74,4.94,3106773,15173599.00
2023-12-13,4.94,5.19,4.86,5.14,6715819,34239892.00
2023-12-14,5.20,5.86,5.08,5.36,10677121,58155956.00
2023-12-15,5.70,6.20,5.39,5.57,9298527,52631564.00
2023-12-18,5.45,5.99,5.45,5.85,7730671,44451488.00
2023-12-19,5.88,5.95,5.50,5.70,5738735,32502482.00
2023-12-20,5.68,6.06,5.62,6.00,7869244,46000820.00
2023-12-21,5.95,6.31,5.16,5.18,10006269,57904152.00
2023-12-22,5.09,5.32,5.00,5.19,3564881,18432522.00
2023-12-25,5.21,5.60,5.19,5.60,5070722,27406322.00
2023-12-26,5.61,5.81,5.40,5.77,5979850,33853872.00
2023-12-27,5.70,5.71,5.40,5.61,5197508,28774428.00
2023-12-28,5.65,5.86,5.56,5.80,5158519,29380614.00
2023-12-29,5.75,5.90,5.68,5.84,4823474,28064372.00
2024-01-02,5.83,6.21,5.83,6.14,7437892,45040704.00
2024-01-03,6.02,6.17,5.94,6.10,9062371,54783720.00
2024-01-04,6.09,6.13,5.87,6.07,7072654,42519804.00
2024-01-05,6.07,6.16,5.65,5.76,6339804,37487836.00
2024-01-08,5.72,5.85,5.41,5.41,2898066,16361253.00
2024-01-09,5.41,5.48,4.86,5.12,5394131,27956522.00
2024-01-10,5.10,5.23,5.01,5.20,2797388,14386477.00
2024-01-11,5.19,5.27,5.14,5.22,2223321,11574451.00
2024-01-12,5.15,5.19,4.69,4.70,3661273,18081104.00
2024-01-15,4.69,4.75,4.46,4.50,2389098,10918156.00
2024-01-16,4.52,4.79,4.18,4.77,5252065,23906986.00
2024-01-17,4.62,4.93,4.59,4.62,3277096,15579303.00
2024-01-18,4.62,4.88,4.46,4.83,3588522,16877130.00
2024-01-19,4.84,5.12,4.78,5.08,3625361,18119556.00
2024-01-22,5.03,5.19,4.68,4.84,3974230,19776002.00
2024-01-23,4.85,5.00,4.80,4.97,1899446,9338491.00
2024-01-24,5.02,5.05,4.81,5.01,1774505,8759299.00
2024-01-25,5.06,5.09,4.82,4.90,2333911,11582197.00
2024-01-26,4.88,4.98,4.74,4.79,1809267,8812126.00
2024-01-29,4.85,4.85,4.28,4.31,1886342,8497869.00
2024-01-30,4.30,4.40,4.13,4.30,1377524,5843419.00
2024-01-31,4.39,4.58,4.28,4.38,1792439,7904066.50
2024-02-01,4.34,4.43,4.06,4.08,1133236,4790931.50
2024-02-02,4.09,4.16,3.44,3.79,1718185,6539479.50
2024-02-05,3.72,3.91,3.30,3.60,2366791,8453045.00
2024-02-06,3.50,4.10,3.50,4.06,3744925,14471808.00
2024-02-07,4.18,4.38,3.86,3.99,3622770,15059222.00
2024-02-08,3.96,4.07,3.69,3.95,2785745,10742313.00
2024-02-19,4.01,4.15,3.83,4.02,1869068,7434898.50
2024-02-20,4.02,4.12,3.92,4.07,1415767,5753305.00
2024-02-21,4.02,4.25,4.02,4.12,2278977,9504806.00
2024-02-22,4.10,4.16,4.00,4.06,1447417,5917208.50
2024-02-23,4.08,4.13,3.92,3.96,2542762,10098092.00
2024-02-26,3.96,4.05,3.91,3.98,1567443,6226578.50
2024-02-27,4.02,4.27,3.96,4.24,3013190,12578693.00
2024-02-28,4.24,4.37,4.02,4.04,3073453,12906397.00
2024-02-29,4.05,4.14,4.01,4.14,1854975,7562706.00
2024-03-01,4.11,4.24,4.11,4.20,1825940,7603301.50
2024-03-04,4.18,4.20,4.02,4.05,1275510,5196492.00
2024-03-05,4.06,4.06,3.89,3.89,1442281,5686893.50
2024-03-06,3.92,4.01,3.89,3.99,1133269,4498843.00
2024-03-07,3.99,4.14,3.94,4.01,2075224,8365876.50
2024-03-08,4.00,4.01,3.92,3.95,767248,3032153.25
2024-03-11,3.93,3.99,3.93,3.98,570503,2258920.25
2024-03-12,4.00,4.05,3.96,3.99,825377,3297949.00
2024-03-13,4.00,4.13,3.98,4.00,1571355,6370807.00
2024-03-14,4.00,4.06,3.93,3.93,1096328,4368705.00
2024-03-15,3.93,4.37,3.91,4.17,3181695,13188837.00
2024-03-18,4.24,4.35,4.15,4.25,2309306,9743651.00
2024-03-19,4.22,4.27,4.15,4.18,1217834,5101532.00
2024-03-20,4.14,4.22,4.13,4.19,936936,3906933.00
2024-03-21,4.23,4.23,4.10,4.13,683970,2831641.25
2024-03-22,4.16,4.16,4.03,4.06,678376,2769868.50
2024-03-25,4.05,4.05,3.93,3.93,948986,3776323.25
2024-03-26,3.96,3.96,3.85,3.86,836183,3256661.50
2024-03-27,3.88,4.00,3.87,3.87,810245,3196213.50
2024-03-28,3.85,3.96,3.85,3.90,674425,2637022.25
2024-03-29,3.90,3.93,3.85,3.88,466228,1811409.38
2024-04-01,3.90,3.94,3.89,3.90,396963,1552750.63
2024-04-02,3.92,3.93,3.88,3.92,512350,1999406.38
2024-04-03,3.92,3.93,3.85,3.89,797272,3093620.25
2024-04-08,3.87,3.88,3.71,3.74,891107,3369995.50
2024-04-09,3.73,3.81,3.72,3.75,404572,1522296.38
2024-04-10,3.78,3.94,3.70,3.89,1739212,6741086.00
2024-04-11,3.85,3.86,3.75,3.83,672167,2562471.50
2024-04-12,3.81,3.87,3.78,3.82,493549,1889922.63
2024-04-15,3.80,3.82,3.59,3.61,882989,3241361.50
2024-04-16,3.58,3.60,3.27,3.30,1035298,3536949.50
2024-04-17,3.36,3.54,3.36,3.50,856375,2976666.00
2024-04-18,3.50,3.58,3.44,3.51,461321,1617588.00
2024-04-19,3.47,3.57,3.45,3.50,299816,1053049.75
2024-04-22,3.50,3.52,3.40,3.50,247504,858396.88
2024-04-23,3.50,3.73,3.48,3.60,843356,3017530.00
2024-04-24,3.62,3.62,3.55,3.59,514575,1838966.50
2024-04-25,3.55,3.65,3.50,3.55,613798,2176944.25
2024-04-26,3.54,3.57,3.48,3.55,557477,1963944.13
2024-04-29,3.59,3.63,3.51,3.63,903222,3251014.50
2024-04-30,3.71,3.99,3.71,3.92,4107072,15729107.00
2024-05-06,4.00,4.22,3.93,4.05,2735419,11161464.00
2024-05-07,4.00,4.09,3.96,3.99,1449658,5780814.50
2024-05-08,4.02,4.02,3.92,4.02,1311361,5217658.00
2024-05-09,4.05,4.06,3.98,4.03,1090840,4394274.00
2024-05-10,4.08,4.16,3.98,4.13,3081851,12575021.00
2024-05-13,4.15,4.25,4.10,4.22,2863102,11980353.00
2024-05-14,4.27,4.39,4.17,4.24,3422800,14716541.00
2024-05-15,4.30,4.30,4.02,4.07,2788276,11483918.00
2024-05-16,4.05,4.11,3.98,3.98,1147354,4614025.00
2024-05-17,3.97,4.00,3.92,4.00,999299,3962107.25
2024-05-20,3.98,4.04,3.98,4.00,454238,1818639.50
2024-05-21,4.03,4.03,3.92,3.93,939395,3728814.75
2024-05-22,3.94,4.02,3.92,3.96,1194938,4748555.50
2024-05-23,3.98,4.27,3.88,4.10,3466795,14273433.00
2024-05-24,4.06,4.34,4.04,4.32,5365506,22685394.00
2024-05-27,4.40,4.50,4.25,4.41,4481996,19499106.00
2024-05-28,4.39,4.55,4.35,4.47,3794304,17015618.00
2024-05-29,4.46,4.57,4.43,4.55,3215321,14475924.00
2024-05-30,4.60,4.65,4.49,4.58,3579345,16258848.00
2024-05-31,4.57,4.59,4.50,4.50,2266301,10255494.00
2024-06-03,4.63,4.63,4.43,4.55,1538207,6930130.00
2024-06-04,4.53,4.56,4.46,4.56,1280280,5768233.00
2024-06-05,4.55,4.55,4.41,4.42,1108300,4956177.00
2024-06-06,4.44,4.44,4.14,4.19,1470888,6286684.00
2024-06-07,4.25,4.34,4.16,4.32,737594,3166060.75
2024-06-11,4.50,4.79,4.41,4.58,2440273,11208826.00
2024-06-12,4.50,4.58,4.40,4.52,1995589,8924030.00
2024-06-13,4.68,4.74,4.53,4.59,2582586,11965702.00
2024-06-14,4.60,4.67,4.47,4.62,1542549,7022545.50
2024-06-17,4.58,4.58,4.51,4.55,834682,3787638.25
2024-06-18,4.55,4.55,4.41,4.41,804526,3592257.50
2024-06-19,4.42,4.55,4.40,4.43,1012130,4523312.00
2024-06-20,4.48,4.60,4.36,4.43,884798,3935074.50
2024-06-21,4.35,4.44,4.20,4.40,1384559,6039942.00
2024-06-24,4.80,4.85,4.37,4.40,1827350,8196708.00
2024-06-25,4.23,4.52,4.23,4.48,1669049,7376629.00
2024-06-26,4.52,4.52,4.41,4.48,1099783,4901036.50
2024-06-27,4.46,4.46,4.31,4.32,747593,3279520.25
2024-06-28,4.37,4.46,4.29,4.38,1281017,5600937.50
2024-07-01,4.42,4.42,4.29,4.40,447434,1954833.38
2024-07-02,4.46,4.46,4.34,4.40,527660,2314127.25
2024-07-03,4.38,4.40,4.31,4.40,569984,2489669.00
2024-07-04,4.42,4.43,4.28,4.32,773939,3365289.00
2024-07-05,4.33,4.33,4.25,4.28,599773,2575761.25
2024-07-08,4.29,4.29,3.44,3.79,5475889,20337872.00
2024-07-09,3.65,3.84,3.64,3.81,4514338,17027706.00
2024-07-10,3.82,3.92,3.69,3.78,2176566,8279858.00
2024-07-11,3.90,3.97,3.81,3.85,2847070,11066829.00
2024-07-12,3.82,3.89,3.73,3.89,2056607,7864116.00
2024-07-15,3.90,3.92,3.80,3.86,953082,3673857.25
2024-07-16,3.85,4.15,3.77,4.03,4477679,17879602.00
2024-07-17,4.00,4.40,4.00,4.36,7320001,31400862.00
2024-07-18,4.38,4.38,4.06,4.16,3381329,14172115.00
2024-07-19,4.16,4.35,4.12,4.24,2277348,9629802.00
2024-07-22,4.20,4.23,4.12,4.18,851840,3567737.75
2024-07-23,4.17,4.25,4.00,4.00,1415766,5790297.00
2024-07-24,4.11,4.29,4.05,4.10,2806045,11696135.00
2024-07-25,4.10,4.23,3.85,4.11,1520211,6183637.50
2024-07-26,4.19,4.19,4.10,4.14,771910,3191803.50
2024-07-29,4.12,4.17,3.99,4.13,1732900,7039359.00
2024-07-30,4.17,4.27,4.13,4.14,1932362,8056216.50
2024-07-31,4.11,4.23,4.08,4.23,2183561,9127151.00
2024-08-01,4.22,4.29,4.20,4.24,2371905,10093110.00
2024-08-02,4.26,4.26,4.08,4.19,1577899,6577219.50
2024-08-05,4.15,4.17,4.02,4.04,877262,3601005.50
2024-08-06,4.08,4.10,4.00,4.08,900413,3643015.25
2024-08-07,4.08,4.16,4.05,4.14,1171980,4828349.00
2024-08-08,4.19,4.25,4.12,4.16,2003523,8391155.00
2024-08-09,4.12,4.15,4.04,4.10,1006744,4111400.25
2024-08-12,4.09,4.09,4.04,4.05,626740,2540617.50
2024-08-13,4.07,4.07,4.02,4.05,523352,2111584.50
2024-08-14,4.06,4.07,3.95,4.00,483681,1941698.00
2024-08-15,4.01,4.07,3.95,4.00,555974,2230192.50
2024-08-16,4.01,4.03,3.95,3.97,327550,1308419.13
2024-08-19,3.97,3.99,3.87,3.90,469280,1842166.38
2024-08-20,3.92,3.96,3.84,3.88,726164,2829430.75
2024-08-21,3.89,3.89,3.80,3.82,482153,1846787.00
2024-08-22,3.85,3.85,3.68,3.76,769521,2880218.75
2024-08-23,3.80,3.85,3.73,3.83,953020,3627697.75
2024-08-26,3.85,3.90,3.84,3.86,450983,1740234.00
2024-08-27,3.90,3.90,3.84,3.87,642890,2484481.25
2024-08-28,3.87,3.91,3.80,3.88,731410,2827744.00
2024-08-29,3.88,3.92,3.84,3.90,481069,1865364.75
2024-08-30,3.94,4.03,3.88,3.96,1210928,4783734.00
2024-09-02,3.98,4.02,3.84,3.86,791393,3109066.25
2024-09-03,3.95,3.97,3.87,3.94,752740,2951915.25
2024-09-04,3.82,3.89,3.79,3.82,600298,2298105.00
2024-09-05,3.85,3.88,3.81,3.85,475000,1824335.75
2024-09-06,3.86,3.86,3.79,3.79,219268,835554.00
2024-09-09,3.79,3.82,3.77,3.79,281723,1066991.75
2024-09-10,3.81,3.81,3.71,3.76,331407,1242146.88
2024-09-11,3.73,3.77,3.71,3.75,187816,701346.94
2024-09-12,3.78,3.79,3.72,3.74,187507,703392.38
2024-09-13,3.73,3.81,3.66,3.76,614975,2305309.00
2024-09-18,3.74,3.77,3.68,3.71,335731,1250680.50
2024-09-19,3.71,3.77,3.69,3.75,304763,1141573.00
2024-09-20,3.75,3.77,3.71,3.74,290143,1085396.25
2024-09-23,3.73,3.77,3.65,3.73,144969,538518.38
2024-09-24,3.75,3.83,3.69,3.82,578169,2193298.75
2024-09-25,3.89,3.94,3.86,3.87,541937,2112338.00
2024-09-26,3.88,3.94,3.83,3.93,646439,2521043.25
2024-09-27,3.94,4.25,3.94,4.20,2658488,11015406.00
2024-09-30,4.45,5.15,4.28,5.05,9482166,44312384.00
2024-10-08,6.39,6.39,5.15,6.08,8821984,51215844.00
2024-10-09,5.78,5.78,4.95,5.01,5657731,30326360.00
2024-10-10,5.15,5.37,4.78,5.02,2643269,13469251.00
2024-10-11,4.97,5.06,4.53,4.58,2936786,13968525.00
2024-10-14,4.74,4.91,4.59,4.83,3235986,15469866.00
2024-10-15,4.86,5.04,4.75,4.80,2292540,11299581.00
2024-10-16,4.82,5.05,4.70,5.03,2843722,14046084.00
2024-10-17,5.12,5.51,5.00,5.08,5468056,28812390.00
2024-10-18,5.10,5.51,5.10,5.42,5391933,28913980.00
2024-10-21,5.52,6.16,5.52,6.13,8702388,51226516.00
2024-10-22,6.24,6.24,5.34,5.71,7942731,47196140.00
2024-10-23,5.80,6.18,5.71,6.04,4308556,25898516.00
2024-10-24,6.06,6.97,6.01,6.76,10057935,66156772.00
2024-10-25,6.97,7.47,6.41,6.45,9417346,65723204.00
2024-10-28,6.70,6.82,6.33,6.82,5205501,34392760.00
2024-10-29,7.01,7.40,6.85,7.22,6461905,46137472.00
2024-10-30,7.40,9.26,7.18,8.53,10919903,90827128.00
2024-10-31,8.53,8.53,7.51,7.90,9278349,73837760.00
2024-11-01,7.80,8.35,7.20,7.75,7072327,54878604.00
2024-11-04,7.60,9.25,7.60,9.02,9489840,80563712.00
2024-11-05,11.72,11.72,11.72,11.72,5626330,65940588.00
2024-11-06,13.87,13.87,11.20,11.28,20243049,251151008.00
2024-11-07,11.60,11.69,10.38,10.65,12325940,135264272.00
2024-11-08,10.90,10.94,9.75,9.88,8980524,92571184.00
2024-11-11,9.60,10.23,9.59,10.02,4617539,45489756.00
2024-11-12,10.10,10.41,9.66,9.93,4559753,45613816.00
2024-11-13,9.87,10.42,9.29,10.37,7154009,70297352.00
2024-11-14,10.49,10.49,9.90,9.93,4016599,40711476.00
2024-11-15,9.70,10.16,9.34,9.80,4156000,40753196.00
2024-11-18,9.90,10.07,9.42,9.86,3302234,32325846.00
2024-11-19,9.72,9.94,8.95,9.46,3649054,34116252.00
2024-11-20,9.60,10.16,9.40,9.99,4509907,44014288.00
2024-11-21,10.08,10.47,9.90,10.34,5864774,59933000.00
2024-11-22,10.65,11.43,10.20,10.85,9476556,101173072.00
2024-11-25,10.61,10.98,10.26,10.83,4857683,51605356.00
2024-11-26,10.55,11.00,10.02,10.03,3673826,38444156.00
2024-11-27,9.79,10.49,8.83,10.09,4041066,38260276.00
2024-11-28,9.95,10.68,9.90,10.13,4413609,45470876.00
2024-11-29,10.27,11.30,10.00,10.85,8037303,86687272.00
2024-12-02,10.91,11.88,10.66,11.67,7575754,85378088.00
2024-12-03,11.67,11.67,11.67,11.67,0,0.00
#数据来源:通达信
