833751 惠同新材 日线 不复权
      日期	    开盘	    最高	    最低	    收盘	    成交量	    成交额
2015-12-22,1.15,1.15,1.15,1.15,550000,632500.00
2015-12-24,1.15,1.15,1.15,1.15,100000,115000.00
2019-11-12,4.10,4.10,4.10,4.10,1000,4100.00
2020-07-02,4.71,4.71,4.71,4.71,90000,423900.00
2020-07-03,4.98,4.98,4.98,4.98,500,2490.00
2020-07-06,4.98,5.33,4.98,5.33,317000,1594539.25
2020-07-07,5.33,5.33,5.33,5.33,106900,570219.38
2020-07-08,5.09,5.09,5.09,5.09,1000,5090.00
2020-07-15,5.09,5.09,5.09,5.09,110000,559900.00
2020-07-21,5.33,5.33,5.33,5.33,65000,346450.00
2020-07-23,5.33,5.33,5.33,5.33,42700,227591.00
2020-08-03,5.98,5.98,5.98,5.98,2700,16146.00
2020-08-06,5.33,5.33,5.33,5.33,9400,50102.00
2020-08-07,5.33,5.33,5.33,5.33,10000,53300.00
2020-08-10,5.34,5.34,5.33,5.33,18000,96173.25
2020-08-12,5.33,5.33,5.32,5.32,2000,10659.75
2020-08-17,5.30,5.30,5.30,5.30,1000,5300.00
2020-08-18,5.35,5.35,5.35,5.35,10000,53500.00
2020-08-19,5.48,5.48,5.48,5.48,5000,27400.00
2020-08-21,5.48,5.48,5.48,5.48,4000,21920.00
2020-08-24,3.00,3.00,3.00,3.00,100,300.00
2020-08-25,3.00,3.00,3.00,3.00,329900,692790.00
2020-09-03,3.30,5.10,3.30,5.10,630200,2079962.13
2020-09-08,3.45,3.45,3.45,3.45,9000,31050.00
2020-09-24,3.45,3.45,3.45,3.45,200000,484000.00
2020-09-28,3.65,3.65,3.65,3.65,2000,7300.00
2020-09-30,3.59,3.80,3.59,3.80,4000,14780.00
2020-10-12,3.80,3.80,3.80,3.80,100000,266000.00
2020-10-13,3.80,3.80,3.80,3.80,2000,7596.20
2020-10-14,3.65,3.65,3.65,3.65,2000,7296.35
2020-10-15,3.81,3.92,3.81,3.92,15000,57710.84
2020-10-19,3.90,3.90,3.90,3.90,9000,35100.00
2020-10-20,3.90,3.90,3.90,3.90,9000,35100.00
2020-10-22,3.90,3.90,3.90,3.90,11000,42900.00
2020-10-23,3.90,3.90,3.90,3.90,9000,35100.00
2020-10-27,4.25,4.25,4.25,4.25,1000,4250.00
2020-11-06,4.00,4.21,4.00,4.21,25000,102960.00
2020-11-09,5.00,5.00,4.50,4.50,10000,45270.50
2020-11-10,4.17,4.17,4.17,4.17,11000,45980.00
2020-11-11,4.17,4.17,4.17,4.17,10000,41700.00
2020-11-13,4.16,4.16,4.16,4.16,5000,20800.00
2020-11-20,4.06,4.06,4.06,4.06,2000,8120.00
2020-11-23,4.48,4.48,4.48,4.48,1100,4928.00
2020-11-26,4.48,4.48,4.48,4.48,1400,6348.16
2020-11-27,4.40,4.48,4.17,4.48,12800,56857.76
2020-12-01,4.48,4.48,4.48,4.48,5000,22400.00
2020-12-02,4.44,4.44,4.44,4.44,9000,39960.00
2020-12-11,4.17,4.17,4.17,4.17,1000,4180.00
2020-12-22,4.48,4.48,4.48,4.48,7000,31360.00
2021-01-13,6.50,6.50,4.50,4.50,4100,18825.50
2021-01-15,4.38,4.38,4.38,4.38,200,709.56
2021-01-18,4.19,4.19,4.19,4.19,2800,11899.60
2021-01-19,4.19,4.19,4.17,4.17,3000,12550.00
2021-01-20,4.48,4.48,4.48,4.48,1000,4480.00
2021-02-02,4.28,4.28,4.28,4.28,5800,24824.00
2021-02-03,4.17,4.17,4.17,4.17,1000,4175.82
2021-02-05,4.00,4.00,4.00,4.00,13500,54000.00
2021-02-08,4.02,4.02,4.02,4.02,4000,15891.06
2021-03-04,4.10,4.10,4.10,4.10,300,1230.00
2021-03-05,4.98,4.98,4.98,4.98,100,498.00
2021-03-08,4.14,4.17,4.14,4.17,1100,4700.12
2021-03-09,4.10,4.10,4.10,4.10,200,820.00
2021-03-10,4.10,4.57,4.10,4.57,30800,139638.23
2021-03-11,4.67,4.78,4.61,4.65,21700,101323.84
2021-03-12,4.76,4.83,4.69,4.83,14200,67664.64
2021-03-15,4.71,4.71,4.42,4.44,7300,32990.60
2021-03-16,4.80,4.80,4.44,4.44,10000,45200.00
2021-03-18,4.60,4.60,4.55,4.55,6000,27425.00
2021-03-19,4.67,4.67,4.55,4.55,17600,81236.90
2021-03-23,4.55,4.55,4.55,4.55,2900,13208.65
2021-03-30,4.44,4.44,4.44,4.44,1000,4450.00
2021-04-02,4.50,4.50,4.50,4.50,800,3600.00
2021-04-06,4.30,4.30,4.30,4.30,10000,43000.00
2021-04-07,4.30,4.30,4.30,4.30,7700,33110.00
2021-04-08,4.17,4.21,4.17,4.21,6000,25140.00
2021-04-09,4.17,4.19,4.17,4.19,1000,4182.00
2021-04-12,4.00,4.02,4.00,4.02,33800,135776.00
2021-04-13,4.28,4.28,4.28,4.28,4000,17120.00
2021-04-14,4.29,4.29,4.14,4.14,13100,54616.35
2021-04-15,4.02,4.02,4.02,4.02,7000,28140.00
2021-04-16,4.02,4.02,4.02,4.02,3000,12060.00
2021-04-19,4.36,4.36,4.36,4.36,200,872.00
2021-04-20,4.12,4.19,4.12,4.19,24600,101551.60
2021-04-21,4.19,4.19,4.19,4.19,1200,5040.00
2021-04-22,4.19,4.19,4.19,4.19,1900,7975.80
2021-04-23,4.19,4.19,4.19,4.19,300,1255.80
2021-04-28,4.12,4.12,4.00,4.00,17200,70062.60
2021-04-29,4.98,4.98,4.01,4.01,2000,8277.40
2021-05-06,4.00,4.10,4.00,4.10,8300,33730.00
2021-05-07,4.01,4.01,4.01,4.01,15500,62155.00
2021-05-11,4.01,4.01,4.01,4.01,1000,4010.00
2021-05-20,4.02,4.02,4.00,4.00,2400,9636.00
2021-05-24,4.01,4.01,4.01,4.01,2300,9223.00
2021-05-25,4.01,4.01,4.01,4.01,10000,40059.90
2021-05-26,4.02,4.02,4.00,4.02,5100,20390.20
2021-05-27,4.01,4.01,4.01,4.01,5000,20050.00
2021-05-31,3.96,3.96,3.96,3.96,2000,7920.00
2021-06-03,3.96,3.96,3.96,3.96,700,2772.00
2021-06-08,3.88,3.88,3.85,3.85,19200,74091.00
2021-06-10,3.80,3.80,3.80,3.80,3600,13782.60
2021-06-15,3.83,3.83,3.83,3.83,4700,18077.60
2021-06-18,3.80,3.80,3.80,3.80,1000,3800.00
2021-06-29,3.75,3.75,3.75,3.75,2500,9375.00
2021-06-30,3.76,3.77,3.76,3.77,18600,70018.00
2021-07-01,3.94,3.94,3.80,3.80,700,2628.90
2021-07-02,3.98,3.98,3.81,3.81,60500,235610.00
2021-07-07,3.98,3.98,3.98,3.98,500,1990.00
2021-07-08,3.83,3.83,3.83,3.83,23500,90024.15
2021-07-12,3.83,3.83,3.83,3.83,50500,193415.00
2021-07-14,3.92,3.92,3.92,3.92,51200,200704.00
2021-08-02,3.92,3.92,3.92,3.92,50000,196000.00
2021-08-03,3.92,3.92,3.92,3.92,6800,26569.76
2021-08-04,3.92,3.92,3.92,3.92,40000,156800.00
2021-08-06,3.92,3.92,3.92,3.92,5000,19600.00
2021-08-09,3.92,3.92,3.92,3.92,200,780.08
2021-08-10,3.93,3.93,3.93,3.93,300,1179.00
2021-08-12,3.92,3.92,3.92,3.92,10700,41983.20
2021-08-23,4.05,4.05,4.05,4.05,100,405.00
2021-08-26,3.93,3.93,3.93,3.93,0,3.93
2021-08-27,3.99,3.99,3.99,3.99,5800,23142.00
2021-09-02,3.99,3.99,3.99,3.99,6800,27132.00
2021-09-03,4.35,4.35,4.07,4.15,11000,45820.00
2021-09-06,4.25,6.28,4.25,5.95,59500,319101.75
2021-09-07,5.95,6.50,5.80,6.00,3500,21415.00
2021-09-08,5.66,5.70,5.66,5.68,9500,54070.00
2021-09-09,5.68,5.68,5.32,5.68,25000,134715.16
2021-09-10,5.80,6.28,5.80,6.28,23200,142622.55
2021-09-13,6.28,6.40,6.28,6.29,11900,75465.49
2021-09-14,6.09,6.10,6.09,6.10,900,5488.00
2021-09-15,6.10,6.40,6.10,6.28,8200,51459.58
2021-09-16,6.00,6.50,6.00,6.50,1800,11348.00
2021-09-17,6.28,6.28,6.28,6.28,100,628.00
2021-09-22,6.50,7.00,6.50,6.82,15300,102458.16
2021-09-23,7.50,7.50,6.99,6.99,15600,109623.90
2021-09-24,7.97,7.97,7.50,7.60,38700,303708.00
2021-09-27,7.49,7.49,7.11,7.47,29500,220829.00
2021-09-28,7.50,7.79,7.50,7.50,20500,153779.00
2021-09-29,6.92,7.50,6.92,7.49,1700,12358.74
2021-09-30,7.49,7.49,7.00,7.10,62700,445429.19
2021-10-08,7.18,7.25,7.18,7.18,53600,388285.00
2021-10-11,7.00,7.00,6.83,6.87,2200,15266.00
2021-10-12,6.87,6.87,6.80,6.80,5600,38087.00
2021-10-13,7.00,7.00,6.50,6.51,5800,37910.00
2021-10-14,7.00,7.00,7.00,7.00,100,700.00
2021-10-15,6.98,6.99,6.90,6.90,2600,17866.90
2021-10-18,7.10,7.10,6.55,6.55,6100,41492.38
2021-10-19,6.96,6.98,6.96,6.98,900,6268.00
2021-10-20,6.90,6.90,6.62,6.79,65800,447017.00
2021-10-21,6.85,6.85,6.80,6.80,2500,17005.00
2021-10-22,6.60,6.80,6.60,6.80,4000,26942.20
2021-10-25,7.48,7.48,7.19,7.19,300,2187.00
2021-10-26,6.88,7.07,6.50,7.07,4300,28387.00
2021-10-27,6.74,6.99,6.48,6.48,8600,56148.69
2021-10-28,5.50,6.70,5.50,6.70,46200,258249.02
2021-10-29,6.20,6.20,5.60,5.70,21800,126854.60
2021-11-01,5.71,6.26,5.56,6.17,22100,125338.12
2021-11-02,5.95,5.95,5.95,5.95,13000,77350.00
2021-11-03,6.31,6.31,6.00,6.20,7500,45911.80
2021-11-04,6.20,6.25,6.20,6.21,27000,168225.36
2021-11-05,6.26,6.26,6.20,6.20,34600,215996.00
2021-11-08,6.25,6.26,6.08,6.26,25000,156339.28
2021-11-09,6.26,6.88,6.26,6.27,7800,48897.00
2021-11-10,7.00,7.00,6.71,7.00,76800,535385.00
2021-11-11,7.18,7.18,7.00,7.00,19400,137600.00
2021-11-12,7.09,7.49,7.09,7.49,118000,842390.88
2021-11-15,7.50,7.50,7.50,7.50,33000,247252.50
2021-11-16,7.00,7.50,7.00,7.50,23900,174248.00
2021-11-17,7.50,7.80,7.50,7.80,83500,631448.13
2021-11-18,7.95,7.95,7.92,7.93,19300,153230.00
2021-11-19,7.98,7.98,7.71,7.92,22900,180807.00
2021-11-22,7.80,7.80,7.29,7.50,221200,1660971.00
2021-11-23,7.50,7.50,7.44,7.44,8400,62940.00
2021-11-24,7.50,7.50,7.28,7.29,55100,406168.41
2021-11-25,7.49,7.79,7.49,7.49,148900,1116166.50
2021-11-26,8.76,8.76,7.50,7.64,158000,1216332.88
2021-11-29,7.65,7.66,7.49,7.52,39000,293703.00
2021-11-30,7.53,7.86,7.45,7.45,17000,127733.75
2021-12-01,7.30,7.59,7.29,7.29,312600,1761752.50
2021-12-02,7.29,7.29,7.25,7.26,19000,137864.58
2021-12-03,7.20,7.20,7.20,7.20,3700,26553.60
2021-12-06,7.48,7.49,7.32,7.36,14600,108955.92
2021-12-07,7.30,7.45,7.30,7.35,67300,498411.91
2021-12-08,7.70,7.70,7.51,7.51,213000,1150773.63
2021-12-09,7.59,7.59,7.40,7.40,6300,46820.00
2021-12-10,7.30,7.30,7.30,7.30,103900,548470.00
2021-12-13,7.60,7.60,7.38,7.38,3400,25395.00
2021-12-14,7.59,7.59,7.52,7.52,5800,43665.00
2021-12-15,7.12,7.50,7.12,7.48,2700,20126.44
2021-12-16,7.26,7.29,7.26,7.29,3000,21810.00
2021-12-17,7.47,7.47,7.44,7.44,1600,11934.00
2021-12-21,7.30,7.44,7.23,7.44,1800,13147.00
2021-12-22,7.14,7.15,7.14,7.14,22500,160672.00
2021-12-23,7.12,7.50,7.12,7.50,7400,52726.00
2021-12-24,7.11,7.30,7.01,7.30,23700,170129.67
2021-12-27,7.29,7.29,7.16,7.29,1100,7954.00
2021-12-28,7.20,7.20,7.18,7.20,12200,87728.00
2021-12-29,7.46,7.46,7.46,7.46,2000,14920.00
2021-12-30,7.01,7.10,7.00,7.00,76200,534589.50
2022-01-05,6.90,7.33,6.90,7.10,16600,115437.00
2022-01-07,7.48,7.48,7.35,7.35,800,5998.70
2022-01-10,7.44,7.44,7.00,7.20,12400,87186.70
2022-01-11,7.10,7.28,7.10,7.20,4300,30908.00
2022-01-12,7.77,7.77,7.35,7.35,25000,191176.98
2022-01-13,7.30,7.40,7.30,7.40,2100,15328.10
2022-01-14,7.20,7.24,7.10,7.24,43500,309817.00
2022-01-17,7.20,7.20,7.05,7.16,168700,894240.00
2022-01-18,7.18,7.18,7.00,7.10,175900,983115.00
2022-01-19,7.10,7.10,6.71,6.80,21600,147193.80
2022-01-20,6.80,6.85,6.80,6.85,1400,9540.00
2022-01-21,6.70,7.06,6.70,7.05,11200,77681.00
2022-01-24,7.16,7.16,6.90,6.90,25100,175110.00
2022-01-25,7.00,7.00,7.00,7.00,3100,21700.00
2022-01-26,7.09,7.09,6.80,6.80,14500,100686.26
2022-01-27,6.89,6.89,6.75,6.75,3000,20485.00
2022-01-28,7.00,7.00,6.98,6.98,18500,129492.00
2022-02-07,7.00,7.10,6.95,6.95,45600,317648.56
2022-02-08,6.81,6.95,6.81,6.85,139500,962766.06
2022-02-09,6.98,6.98,6.82,6.85,17800,122200.95
2022-02-10,6.80,6.86,6.75,6.75,33400,226501.34
2022-02-11,6.78,6.79,6.78,6.78,12300,83108.56
2022-02-14,6.80,6.80,6.80,6.80,4600,31103.20
2022-02-15,6.80,6.80,6.65,6.65,51000,341873.34
2022-02-16,6.70,6.97,6.70,6.75,17500,118651.50
2022-02-17,6.80,6.85,6.80,6.85,37000,252371.66
2022-02-18,6.45,6.80,6.45,6.67,76500,496756.00
2022-02-21,7.20,7.20,6.70,6.75,70300,477321.59
2022-02-22,6.71,6.84,6.71,6.82,16200,109247.64
2022-02-23,6.77,6.82,6.77,6.82,58500,395806.50
2022-02-24,6.82,6.82,6.63,6.63,45900,306125.47
2022-02-25,6.80,6.80,6.60,6.61,57900,385131.66
2022-02-28,6.61,6.62,6.61,6.62,19600,129368.87
2022-03-01,6.65,6.65,6.62,6.65,37200,247140.00
2022-03-02,6.83,6.83,6.61,6.65,24300,162659.00
2022-03-03,6.65,6.65,6.65,6.65,16300,108395.00
2022-03-04,6.65,6.65,6.59,6.59,23100,152959.00
2022-03-07,6.60,6.60,6.50,6.50,900,5890.00
2022-03-08,6.49,6.49,6.49,6.49,1100,7139.00
2022-03-09,6.78,6.78,6.64,6.65,7400,49571.00
2022-03-10,6.80,6.80,6.50,6.65,28200,188175.00
2022-03-11,6.65,6.65,6.50,6.50,8700,56685.00
2022-03-14,6.50,6.50,6.31,6.31,1700,10917.00
2022-03-15,6.19,6.23,6.00,6.00,14700,91109.00
2022-03-16,6.42,6.42,6.42,6.42,100,642.00
2022-03-18,6.40,6.40,6.38,6.38,3700,23659.20
2022-03-21,6.30,6.30,6.11,6.28,13500,83499.10
2022-03-22,6.03,6.27,6.03,6.27,6500,39315.00
2022-03-24,5.60,6.28,5.60,6.01,20000,114351.01
2022-03-25,5.98,6.00,5.98,6.00,2700,16156.00
2022-03-28,5.90,5.90,5.90,5.90,1500,8850.00
2022-03-29,6.19,6.19,5.74,5.74,254600,1059249.75
2022-03-30,5.80,5.97,5.80,5.97,360200,1471360.00
2022-03-31,5.95,6.02,5.95,6.01,13600,81899.20
2022-04-01,6.10,6.10,5.91,5.91,1600,9490.20
2022-04-06,6.00,6.00,6.00,6.00,432800,1797000.00
2022-04-08,6.00,6.10,6.00,6.10,6100,36429.40
2022-04-11,6.10,6.10,6.00,6.00,3000,18200.00
2022-04-12,6.00,6.00,6.00,6.00,3500,21150.00
2022-04-13,6.40,6.40,6.00,6.00,2100,12748.80
2022-04-14,6.29,6.29,6.29,6.29,1900,11951.00
2022-04-19,6.15,6.15,6.15,6.15,500,3075.00
2022-04-20,6.20,6.20,6.20,6.20,2500,15500.00
2022-04-21,6.15,6.15,6.15,6.15,4800,29366.25
2022-04-25,6.06,6.06,6.06,6.06,600,3636.00
2022-04-27,5.72,5.72,5.72,5.72,700,3809.52
2022-04-28,6.83,6.83,6.83,6.83,100,683.00
2022-04-29,6.59,6.59,6.12,6.12,10000,65353.00
2022-05-05,6.55,6.55,6.55,6.55,100,655.00
2022-05-06,6.11,6.53,6.11,6.53,5100,31203.00
2022-05-09,6.41,6.48,6.41,6.48,6900,44543.61
2022-05-10,6.20,6.37,6.17,6.17,600,3871.40
2022-05-11,6.30,6.30,6.29,6.29,1800,11076.70
2022-05-12,6.25,6.25,6.23,6.23,506800,3042452.00
2022-05-13,6.16,6.16,6.15,6.15,2700,16830.25
2022-05-16,6.15,6.15,6.15,6.15,645000,3117950.00
2022-05-17,6.00,6.30,6.00,6.30,5800,35918.01
2022-05-18,6.58,6.58,6.22,6.26,5600,36261.67
2022-05-20,6.59,6.59,6.11,6.18,3400,21061.00
2022-05-23,6.16,6.16,6.15,6.15,18500,113519.50
2022-05-24,6.15,6.35,6.15,6.35,22000,139465.55
2022-05-25,6.70,6.70,6.50,6.50,39300,261447.84
2022-05-26,6.35,6.45,6.35,6.45,22900,146223.00
2022-05-27,6.50,6.55,6.50,6.50,38000,247250.00
2022-05-30,6.50,6.96,6.45,6.78,190500,1269979.75
2022-05-31,7.04,7.04,6.80,6.80,53100,362915.03
2022-06-01,6.88,7.00,6.88,7.00,65200,453189.53
2022-06-02,6.90,6.95,6.88,6.88,17500,120940.00
2022-06-06,6.88,7.00,6.81,6.95,216300,1505216.25
2022-06-07,7.00,7.00,6.95,7.00,16600,116175.00
2022-06-08,7.00,7.00,6.99,7.00,10500,73480.00
2022-06-09,6.99,7.08,6.99,7.00,65900,460577.38
2022-06-10,7.00,7.20,7.00,7.20,143100,774395.00
2022-06-13,7.50,7.50,7.00,7.42,191600,1358737.13
2022-06-14,7.38,7.40,7.38,7.40,49000,362400.00
2022-06-15,8.39,8.39,7.08,7.70,45800,345050.00
2022-06-16,7.30,7.36,7.21,7.21,12900,93949.74
2022-06-17,7.03,7.11,7.03,7.11,111200,787040.88
2022-06-20,6.83,7.19,6.82,6.82,12600,86947.00
2022-06-21,6.81,6.90,6.81,6.86,31300,214801.83
2022-06-22,6.86,6.87,6.86,6.86,23900,164344.08
2022-06-23,6.88,6.88,6.81,6.81,15300,105040.24
2022-06-24,6.88,6.88,6.82,6.86,28900,198225.00
2022-06-27,6.83,6.83,6.81,6.81,14400,98232.10
2022-06-29,6.71,6.81,6.71,6.81,600,4036.00
2022-06-30,6.82,6.82,6.77,6.80,20800,141488.00
2022-07-01,6.85,6.85,6.84,6.85,13300,91095.00
2022-07-04,6.86,6.86,6.70,6.70,23200,157350.00
2022-07-05,6.70,6.70,6.60,6.60,2500,16550.00
2022-07-06,6.50,6.84,6.50,6.79,9000,58719.00
2022-07-07,7.00,7.00,6.87,6.88,10100,69450.00
2022-07-11,6.80,6.80,6.52,6.80,23900,161006.08
2022-07-12,6.84,6.84,6.50,6.50,12300,80630.00
2022-07-13,6.57,6.57,6.57,6.57,3000,19710.00
2022-07-14,6.50,6.88,6.50,6.88,3100,20188.00
2022-07-15,6.89,6.89,6.89,6.89,100,689.00
2022-07-18,6.80,6.80,6.50,6.79,4400,29888.00
2022-07-19,6.79,6.79,6.79,6.79,200,1358.00
2022-07-20,6.79,6.79,6.79,6.79,200,1358.00
2022-07-22,6.55,6.55,6.55,6.55,5700,37249.85
2022-07-25,7.34,7.34,6.58,6.59,23100,152274.00
2022-07-26,6.93,6.95,6.93,6.95,2800,19458.00
2022-07-27,6.95,7.03,6.95,7.03,3000,20816.30
2022-07-29,6.62,7.03,6.62,7.03,2000,13322.00
2022-08-01,6.75,7.20,6.75,7.20,200,1401.75
2022-08-03,6.68,7.18,6.68,7.18,1600,10738.00
2022-08-04,6.68,6.68,6.68,6.68,4400,29392.00
2022-08-05,7.20,7.20,6.90,7.07,9200,64253.60
2022-08-08,7.68,7.68,6.56,7.04,4400,29224.00
2022-08-09,7.20,7.20,7.20,7.20,100,720.00
2022-08-10,6.80,7.17,6.80,7.17,30700,212638.31
2022-08-11,7.16,7.16,7.16,7.16,400,2864.00
2022-08-12,7.00,7.11,7.00,7.10,43600,309341.19
2022-08-15,7.00,7.10,7.00,7.10,14400,100880.00
2022-08-16,7.00,7.17,7.00,7.17,2100,14717.00
2022-08-17,7.00,7.10,7.00,7.00,201700,1027760.00
2022-08-18,7.00,7.00,7.00,7.00,100,700.00
2022-08-19,6.95,6.95,6.95,6.95,13200,91740.00
2022-08-22,6.90,6.90,6.90,6.90,2500,17250.00
2022-08-23,7.06,7.07,7.06,7.07,4900,34639.00
2022-08-24,6.51,7.10,6.51,7.08,11800,83308.76
2022-08-25,7.07,7.07,6.98,7.06,31200,220029.00
2022-08-26,6.98,7.06,6.98,7.06,1100,7686.00
2022-08-29,7.00,7.08,7.00,7.00,13100,91913.00
2022-08-30,7.00,7.08,7.00,7.08,24700,174068.05
2022-08-31,7.02,7.08,7.02,7.08,22000,155040.00
2022-09-01,7.03,7.03,7.01,7.01,41200,288785.81
2022-09-02,7.01,7.01,7.01,7.01,6600,46266.00
2022-09-05,6.81,7.02,6.81,7.01,5600,38617.00
2022-09-06,7.01,7.10,7.01,7.10,15100,105860.00
2022-09-07,7.10,7.10,7.00,7.03,10300,72396.08
2022-09-08,6.85,7.30,6.85,7.30,700,4840.00
2022-09-09,7.00,7.28,7.00,7.28,5100,35728.00
2022-09-13,6.95,7.17,6.83,6.96,25300,173972.00
2022-09-14,6.80,7.10,6.80,7.00,4300,29798.00
2022-09-15,7.68,7.68,6.91,7.10,300,2169.00
2022-09-16,8.39,8.39,6.98,6.98,4600,32243.02
2022-09-19,8.18,8.18,6.90,7.46,7300,50944.06
2022-09-20,7.89,7.89,7.02,7.42,2400,18277.00
2022-09-21,7.50,7.50,7.22,7.32,4500,32335.00
2022-09-22,7.70,7.70,7.06,7.25,5500,38973.00
2022-09-23,7.01,7.03,6.98,7.03,8900,62474.42
2022-09-26,7.00,7.00,7.00,7.00,3500,24451.00
2022-09-27,7.00,7.68,7.00,7.48,3600,25376.00
2022-09-28,7.45,7.45,7.00,7.00,5700,40185.00
2022-09-29,7.00,7.25,6.98,7.19,1400,9835.00
2022-09-30,7.59,7.59,7.59,7.59,100,759.00
2022-10-10,7.21,7.59,7.21,7.59,1100,8047.00
2022-10-11,7.70,7.70,7.60,7.62,1300,9918.00
2022-10-12,7.75,7.75,7.00,7.60,1000,7525.00
2022-10-13,7.30,7.50,7.30,7.49,13800,103699.31
2022-10-14,7.48,7.50,7.48,7.49,8800,65888.00
2022-10-17,7.50,7.50,7.49,7.49,9900,74240.00
2022-10-18,7.12,7.60,7.12,7.49,17600,128700.00
2022-10-19,7.87,7.87,7.47,7.49,5800,43469.60
2022-10-20,7.15,7.38,7.00,7.30,44100,312420.19
2022-10-21,7.67,7.67,7.67,7.67,100,767.00
2022-10-24,7.70,7.70,7.30,7.47,6800,49492.60
2022-10-25,7.80,7.80,7.02,7.50,300,2232.00
2022-10-26,7.70,7.70,7.70,7.70,100,770.00
2022-10-27,7.01,7.37,7.01,7.30,400,2905.00
2022-10-28,7.50,7.50,7.50,7.50,100,750.00
2022-11-01,7.80,7.80,7.80,7.80,100,780.00
2022-11-03,7.78,7.78,7.78,7.78,1100,8558.00
2022-11-04,7.47,7.48,7.45,7.45,5500,41058.00
2022-11-07,7.45,7.45,7.45,7.45,100,745.00
2022-11-08,7.81,7.81,7.02,7.02,900,6397.00
2022-11-09,7.30,7.30,6.91,6.91,4400,30560.00
2022-11-10,7.00,7.00,7.00,7.00,15600,109200.00
2022-11-11,7.48,7.48,7.00,7.03,4900,34466.74
2022-11-14,7.90,7.90,7.90,7.90,100,790.00
2022-11-15,7.03,7.65,7.03,7.05,4000,28957.05
2022-11-16,7.50,7.50,7.20,7.20,200,1470.00
2022-11-17,7.50,7.50,7.00,7.00,14200,99691.00
2022-11-18,7.66,7.66,7.66,7.66,100,766.00
2022-11-23,7.00,7.10,7.00,7.10,1600,11310.00
2022-11-24,7.70,7.70,7.00,7.00,800,6043.00
2022-11-25,7.00,7.68,7.00,7.46,5800,40623.00
2022-11-28,7.01,7.30,7.01,7.30,1700,11975.00
2022-11-29,7.59,7.59,7.00,7.00,900,6095.00
2022-11-30,7.30,7.30,7.00,7.25,700,4955.00
2022-12-01,7.48,7.48,6.90,7.45,300,2183.00
2022-12-02,7.44,7.44,7.44,7.44,100,744.00
2022-12-05,8.00,8.00,8.00,8.00,100,800.00
2022-12-06,7.25,7.25,7.25,7.25,4900,35525.00
2022-12-07,7.25,7.25,7.23,7.24,13400,97171.15
2022-12-08,7.24,7.24,7.24,7.24,1900,14081.80
2022-12-09,7.20,7.20,7.20,7.20,9900,71568.00
2022-12-12,7.44,7.44,7.20,7.28,13600,99026.04
2022-12-13,7.70,7.70,7.30,7.30,1900,13661.20
2022-12-14,7.59,7.59,7.30,7.30,10400,76468.80
2022-12-15,7.30,7.30,7.02,7.30,3000,21620.00
2022-12-16,7.28,7.28,7.28,7.28,100,728.00
2022-12-19,7.32,7.32,7.32,7.32,1000,7320.00
2022-12-21,7.28,7.28,6.99,7.26,3900,28074.00
2022-12-22,7.29,7.29,7.29,7.29,5400,39366.00
2022-12-23,7.21,7.50,7.21,7.48,9100,66180.00
2023-07-17,8.10,9.35,7.80,7.81,19777729,169684064.00
2023-07-18,7.50,9.00,7.08,8.95,15505057,122818616.00
2023-07-19,8.50,9.04,8.30,8.35,10093370,86843544.00
2023-07-20,8.20,8.33,7.50,7.54,8720406,68606472.00
2023-07-21,7.41,7.60,7.10,7.13,6453617,47137536.00
2023-07-24,7.12,7.12,6.50,6.56,6341362,42685844.00
2023-07-25,6.67,6.73,6.36,6.43,3965346,25834130.00
2023-07-26,6.48,6.59,6.19,6.22,3717786,23609210.00
2023-07-27,6.29,6.39,6.14,6.33,2995750,18684358.00
2023-07-28,6.27,6.38,6.18,6.38,2063297,12932899.00
2023-07-31,6.70,7.15,6.70,6.78,7365527,50750812.00
2023-08-01,6.68,6.78,6.55,6.77,3398188,22643794.00
2023-08-02,7.02,7.14,6.82,6.83,3155914,21952728.00
2023-08-03,6.75,6.75,6.52,6.62,2777001,18347834.00
2023-08-04,6.59,6.64,6.53,6.61,2039124,13404349.00
2023-08-07,6.68,6.98,6.62,6.84,4311965,29496650.00
2023-08-08,6.90,7.28,6.85,6.92,5106071,36201476.00
2023-08-09,6.75,7.03,6.72,6.75,3697820,25287978.00
2023-08-10,6.76,6.91,6.68,6.82,2502330,17048868.00
2023-08-11,6.90,6.90,6.52,6.52,3142881,20991638.00
2023-08-14,6.46,6.62,6.37,6.59,1686138,10963398.00
2023-08-15,6.56,6.65,6.33,6.44,1385013,8927150.00
2023-08-16,6.39,6.43,6.28,6.32,1070495,6800136.00
2023-08-17,6.33,6.36,6.04,6.19,2977855,18317006.00
2023-08-18,6.17,6.18,6.06,6.07,1260570,7697624.50
2023-08-21,6.07,6.09,5.93,5.95,1083358,6516994.00
2023-08-22,5.95,6.03,5.80,6.01,1329225,7853546.50
2023-08-23,5.96,6.01,5.78,5.81,882125,5159184.50
2023-08-24,5.81,5.83,5.55,5.61,1485686,8417245.00
2023-08-25,5.57,5.63,5.38,5.44,1698971,9312016.00
2023-08-28,5.79,5.79,5.42,5.48,890489,4982436.50
2023-08-29,5.45,5.65,5.45,5.60,735052,4084020.50
2023-08-30,5.56,5.68,5.55,5.61,582781,3260383.00
2023-08-31,5.57,5.63,5.52,5.61,852605,4737981.00
2023-09-01,5.62,5.94,5.58,5.84,1564611,9098412.00
2023-09-04,5.99,6.28,5.90,6.13,3435389,20967058.00
2023-09-05,6.00,6.11,5.83,5.85,1928173,11510431.00
2023-09-06,5.89,5.90,5.82,5.89,758629,4453564.00
2023-09-07,5.87,5.92,5.51,5.59,1216785,6959446.00
2023-09-08,5.59,5.61,5.50,5.57,922748,5116734.50
2023-09-11,5.58,5.62,5.51,5.57,470952,2622077.50
2023-09-12,5.60,5.60,5.54,5.57,418624,2332755.00
2023-09-13,5.59,5.59,5.51,5.58,350151,1943196.00
2023-09-14,5.59,5.59,5.47,5.50,335126,1845861.88
2023-09-15,5.56,5.56,5.40,5.42,505568,2754678.50
2023-09-18,5.42,5.42,5.32,5.34,531703,2848376.25
2023-09-19,5.32,5.34,5.25,5.29,466783,2466597.75
2023-09-20,5.29,5.29,5.18,5.19,461672,2409533.50
2023-09-21,5.17,5.23,5.16,5.21,137560,713207.00
2023-09-22,5.22,5.26,5.15,5.26,393154,2046087.63
2023-09-25,5.25,5.26,5.18,5.22,280089,1459403.88
2023-09-26,5.22,5.22,5.15,5.18,274963,1420956.75
2023-09-27,5.15,5.20,5.13,5.14,215464,1108443.25
2023-09-28,5.16,5.18,5.14,5.17,291641,1504806.13
2023-10-09,5.16,5.16,5.09,5.12,238836,1221729.88
2023-10-10,5.11,5.11,4.98,5.00,783845,3944141.25
2023-10-11,5.00,5.04,4.93,4.97,504584,2514459.25
2023-10-12,4.95,5.03,4.95,5.00,141159,702949.25
2023-10-13,4.96,4.98,4.90,4.90,361937,1781158.50
2023-10-16,4.88,4.89,4.83,4.88,577308,2804863.75
2023-10-17,4.88,4.88,4.82,4.87,172337,834313.13
2023-10-18,4.84,4.84,4.79,4.82,214516,1031951.44
2023-10-19,4.76,4.82,4.70,4.73,186769,888454.44
2023-10-20,4.68,4.70,4.61,4.64,279257,1298121.50
2023-10-23,4.63,4.63,4.42,4.47,330093,1492238.13
2023-10-24,4.51,4.56,4.45,4.50,447613,2019969.50
2023-10-25,4.58,4.87,4.53,4.75,958605,4479586.00
2023-10-26,4.81,5.66,4.79,5.56,4710478,24940068.00
2023-10-27,5.64,5.68,5.25,5.60,3335738,18327694.00
2023-10-30,5.70,6.30,5.41,5.96,3679725,22048678.00
2023-10-31,5.74,5.89,5.45,5.66,2626510,14737778.00
2023-11-01,5.59,5.59,5.22,5.30,2263523,12183179.00
2023-11-02,5.30,5.47,5.28,5.34,1066273,5759889.50
2023-11-03,5.33,5.48,5.32,5.38,1181881,6385315.50
2023-11-06,5.39,5.48,5.21,5.41,1464966,7778431.00
2023-11-07,5.38,5.44,5.33,5.40,824253,4440366.50
2023-11-08,5.42,5.88,5.36,5.57,1581052,8871416.00
2023-11-09,5.53,5.63,5.48,5.59,1096641,6115618.00
2023-11-10,5.70,5.84,5.57,5.73,2116038,12158767.00
2023-11-13,5.63,5.90,5.63,5.81,1415182,8131090.00
2023-11-14,5.78,5.95,5.78,5.88,1407158,8260471.50
2023-11-15,5.93,6.10,5.84,5.96,2185668,13110650.00
2023-11-16,5.92,6.16,5.77,5.77,1439818,8537145.00
2023-11-17,5.71,5.83,5.68,5.76,755396,4344865.50
2023-11-20,5.73,6.12,5.73,6.05,1873432,11262879.00
2023-11-21,6.08,6.84,6.04,6.35,5855346,38192136.00
2023-11-22,6.34,7.03,6.22,7.03,7948753,53265812.00
2023-11-23,7.10,7.88,6.61,6.91,7397758,53215080.00
2023-11-24,6.93,8.00,6.83,8.00,8501570,63645044.00
2023-11-27,8.44,9.31,8.02,9.31,11696403,101404448.00
2023-11-28,8.67,9.42,8.34,8.63,7470114,66447284.00
2023-11-29,8.80,9.28,7.51,7.89,8046283,67878592.00
2023-11-30,7.80,7.94,7.21,7.32,4650172,35042104.00
2023-12-01,7.40,7.53,6.73,6.89,4354397,30785750.00
2023-12-04,6.90,7.30,6.77,7.18,3296276,23301368.00
2023-12-05,7.20,8.11,7.13,7.88,4901832,38112548.00
2023-12-06,7.81,8.35,7.58,7.72,4380902,34925092.00
2023-12-07,7.73,8.49,7.68,8.30,5248701,42751352.00
2023-12-08,8.50,8.78,8.28,8.50,4631740,39136296.00
2023-12-11,8.90,9.18,8.20,8.46,4456500,38533580.00
2023-12-12,8.47,8.60,8.11,8.43,3433081,28511502.00
2023-12-13,8.44,9.11,8.33,8.90,5910257,52075368.00
2023-12-14,9.30,11.57,9.21,10.71,19110001,210728848.00
2023-12-15,11.07,11.50,10.00,10.89,12089675,129777440.00
2023-12-18,10.50,11.13,10.33,10.80,7011283,75276712.00
2023-12-19,10.77,11.50,10.26,10.84,8740204,95089272.00
2023-12-20,10.72,11.48,10.50,11.16,7305725,80088488.00
2023-12-21,11.44,11.44,9.08,9.11,8150147,83314432.00
2023-12-22,9.08,9.46,8.91,9.19,4497222,41273980.00
2023-12-25,9.36,10.47,9.36,10.25,6852243,68415544.00
2023-12-26,10.12,10.53,9.80,10.30,7056381,71509456.00
2023-12-27,10.18,10.28,9.77,10.13,4567666,45742096.00
2023-12-28,10.08,10.40,9.89,10.25,4837283,49348020.00
2023-12-29,10.26,11.15,10.26,10.60,7235393,77515320.00
2024-01-02,10.51,12.15,10.36,12.10,11432597,128974904.00
2024-01-03,11.90,11.91,11.21,11.58,7681025,88269112.00
2024-01-04,12.16,12.93,11.63,11.84,9298073,113422000.00
2024-01-05,11.60,11.95,10.60,10.61,7534915,83908384.00
2024-01-08,10.65,11.07,10.39,10.60,4565641,49238276.00
2024-01-09,10.80,10.89,9.68,10.00,5409681,54977800.00
2024-01-10,10.08,10.35,9.69,10.21,3734531,37578712.00
2024-01-11,10.18,10.18,9.76,10.00,3981111,39630976.00
2024-01-12,9.91,10.00,8.50,8.50,5490786,50588736.00
2024-01-15,8.28,8.59,8.02,8.07,3041224,25133058.00
2024-01-16,8.04,8.76,7.68,8.69,6452540,53672828.00
2024-01-17,8.54,9.02,8.50,8.50,4775416,41759740.00
2024-01-18,8.35,9.20,8.17,9.10,4909341,42899348.00
2024-01-19,9.01,9.48,9.01,9.36,4702184,43561192.00
2024-01-22,9.30,9.38,8.44,8.67,3990617,36038032.00
2024-01-23,8.62,8.85,8.38,8.78,2614027,22655888.00
2024-01-24,9.00,9.33,8.62,9.19,4647933,42025552.00
2024-01-25,9.10,9.61,8.85,9.11,4939013,45488228.00
2024-01-26,8.98,9.50,8.86,8.97,3949425,36224324.00
2024-01-29,8.91,8.96,7.85,7.88,3649545,30463596.00
2024-01-30,7.59,8.15,7.48,7.86,2265196,17695044.00
2024-01-31,8.05,8.32,7.90,7.92,2272976,18453400.00
2024-02-01,7.85,8.05,7.50,7.55,2306782,17988294.00
2024-02-02,7.58,7.66,6.86,7.05,1918663,13897334.00
2024-02-05,6.99,7.15,6.21,6.80,2227091,14748102.00
2024-02-06,6.79,7.90,6.68,7.63,2904091,21160988.00
2024-02-07,7.68,8.19,7.58,7.85,3693814,29194440.00
2024-02-08,7.93,7.94,7.22,7.66,2705006,20551688.00
2024-02-19,7.77,7.88,7.59,7.77,2251152,17358004.00
2024-02-20,7.82,8.04,7.67,8.00,2077842,16339786.00
2024-02-21,7.90,8.64,7.82,8.17,3337668,27687414.00
2024-02-22,8.28,8.90,8.19,8.55,4773369,41037672.00
2024-02-23,8.79,9.10,8.28,8.34,3607654,30967928.00
2024-02-26,8.53,9.48,8.52,9.30,7194304,65273640.00
2024-02-27,9.78,9.95,9.18,9.58,6637873,63563356.00
2024-02-28,10.00,10.50,9.06,9.15,7803255,76852648.00
2024-02-29,8.81,11.89,8.71,11.89,10883270,116541672.00
2024-03-01,13.99,14.49,11.22,11.50,19275585,250298528.00
2024-03-04,10.69,11.23,10.50,10.66,12133623,130608320.00
2024-03-05,10.41,10.60,9.91,10.02,8618090,87953776.00
2024-03-06,9.95,10.82,9.90,10.37,7917433,82722920.00
2024-03-07,10.36,11.00,10.00,10.13,7503727,78286976.00
2024-03-08,10.01,10.29,9.52,9.67,5767593,56478492.00
2024-03-11,9.67,9.85,9.41,9.73,3868637,37250140.00
2024-03-12,9.73,9.77,9.35,9.49,3722757,35596780.00
2024-03-13,9.49,9.61,9.01,9.10,4025406,37161472.00
2024-03-14,9.01,9.15,8.47,8.85,3340885,29783966.00
2024-03-15,8.84,9.73,8.77,9.42,6331311,59382064.00
2024-03-18,9.49,9.97,9.22,9.80,6218621,60032004.00
2024-03-19,9.88,10.93,9.80,10.16,7733178,80545672.00
2024-03-20,10.38,10.50,9.96,10.19,5083598,51889396.00
2024-03-21,9.95,10.15,9.45,9.56,5744674,56040652.00
2024-03-22,9.65,10.15,9.60,9.76,5643236,55923140.00
2024-03-25,10.01,10.57,9.73,9.84,4839860,48102884.00
2024-03-26,10.10,10.35,9.68,10.33,5790546,57360628.00
2024-03-27,10.20,10.81,9.91,9.96,5554658,57596908.00
2024-03-28,10.08,10.15,9.70,9.86,4514118,44793576.00
2024-03-29,9.74,9.92,9.45,9.45,3564084,34348532.00
2024-04-01,9.46,9.58,9.20,9.21,3113762,29112998.00
2024-04-02,9.16,9.29,8.83,8.83,3432484,31017996.00
2024-04-03,8.89,9.51,8.60,9.51,4997090,45684784.00
2024-04-08,9.40,9.57,8.82,8.89,3321755,30499212.00
2024-04-09,8.89,9.08,8.82,8.96,1571235,14075075.00
2024-04-10,8.90,9.57,8.90,9.27,3823189,35210252.00
2024-04-11,9.13,9.25,8.78,8.79,3197328,28590936.00
2024-04-12,8.82,8.90,8.32,8.32,2555496,21930674.00
2024-04-15,8.41,8.53,8.03,8.10,1991384,16471709.00
2024-04-16,8.27,8.27,7.50,7.55,1994804,15454436.00
2024-04-17,7.66,8.47,7.66,8.16,2714618,22219576.00
2024-04-18,8.10,8.59,8.07,8.34,3299875,27593778.00
2024-04-19,8.18,8.40,8.17,8.21,1791606,14808848.00
2024-04-22,8.24,8.30,8.08,8.08,1183943,9664407.00
2024-04-23,8.17,8.23,8.05,8.23,1117257,9120183.00
2024-04-24,8.22,8.29,8.11,8.26,1250309,10284121.00
2024-04-25,8.18,8.63,8.18,8.51,2600144,21883542.00
2024-04-26,8.39,8.66,8.39,8.56,1605907,13716091.00
2024-04-29,8.67,8.95,8.45,8.67,1778273,15521555.00
2024-04-30,8.71,8.95,8.70,8.80,1605524,14147106.00
2024-05-06,8.89,8.95,8.68,8.74,2013672,17635454.00
2024-05-07,8.77,8.79,8.61,8.66,1747892,15182180.00
2024-05-08,8.73,8.92,8.59,8.71,1628500,14224113.00
2024-05-09,8.61,8.80,8.53,8.64,1478088,12833416.00
2024-05-10,8.71,8.72,8.34,8.34,1587327,13517508.00
2024-05-13,8.30,8.30,8.05,8.09,1253875,10201908.00
2024-05-14,8.24,8.24,8.07,8.12,770022,6273646.00
2024-05-15,8.17,8.18,7.92,7.94,1168253,9346489.00
2024-05-16,8.03,8.07,7.90,7.94,677362,5399576.50
2024-05-17,7.97,8.26,7.88,8.24,1689968,13698164.00
2024-05-20,8.35,8.39,8.20,8.23,893539,7380377.50
2024-05-21,8.20,8.25,8.00,8.07,784589,6366582.00
2024-05-22,8.14,8.25,8.00,8.13,751716,6103941.50
2024-05-23,8.15,10.56,7.96,9.56,11329476,107892672.00
2024-05-24,9.28,10.10,8.91,9.00,9790765,91984168.00
2024-05-27,8.80,9.00,8.50,8.72,4811986,41788296.00
2024-05-28,8.74,9.05,8.52,8.67,3276116,28924952.00
2024-05-29,8.61,9.05,8.59,8.96,3279482,28991748.00
2024-05-30,8.90,9.40,8.71,8.72,3531900,31896142.00
2024-05-31,8.72,8.89,8.51,8.74,2258777,19736764.00
2024-06-03,8.77,8.78,8.29,8.33,2482320,21073738.00
2024-06-04,8.36,8.55,8.28,8.50,1833305,15476635.00
2024-06-05,8.45,8.56,8.34,8.40,1205975,10153176.00
2024-06-06,8.10,8.16,7.77,7.81,1393329,11049413.00
2024-06-07,7.90,8.07,7.71,7.94,985040,7775109.50
2024-06-11,7.92,8.20,7.84,8.20,854994,6876569.50
2024-06-12,8.20,8.33,8.16,8.17,876186,7205461.00
2024-06-13,8.15,8.17,7.96,8.02,956008,7707127.00
2024-06-14,8.04,8.18,8.01,8.08,608147,4914047.00
2024-06-17,8.03,8.08,7.85,7.85,831289,6596765.00
2024-06-18,7.85,8.02,7.83,7.96,625732,4979024.00
2024-06-19,7.92,8.33,7.85,8.14,1596697,12995147.00
2024-06-20,8.15,8.16,7.86,7.91,1577103,12583690.00
2024-06-21,7.91,8.22,7.85,8.11,1684532,13683482.00
2024-06-24,8.37,8.90,8.20,8.49,4463061,37839320.00
2024-06-25,8.66,8.71,8.28,8.41,2707755,23006152.00
2024-06-26,8.41,8.67,8.26,8.48,2410450,20373100.00
2024-06-27,8.44,8.51,8.14,8.14,1983864,16424584.00
2024-06-28,8.06,8.28,8.03,8.15,1230029,10057295.00
2024-07-01,8.15,8.36,8.15,8.25,1125922,9305343.00
2024-07-02,8.12,8.28,8.03,8.09,1328437,10810063.00
2024-07-03,8.00,8.07,7.80,7.83,1528722,12079748.00
2024-07-04,7.93,8.08,7.80,7.80,952752,7567788.50
2024-07-05,7.79,7.89,7.63,7.81,852990,6588801.50
2024-07-08,7.88,7.93,7.60,7.68,658682,5071127.00
2024-07-09,7.82,7.82,7.58,7.80,878529,6785010.50
2024-07-10,7.77,7.92,7.68,7.78,646997,5061089.00
2024-07-11,7.95,8.10,7.79,7.98,1107231,8850385.00
2024-07-12,8.00,8.05,7.91,7.95,747826,5949001.00
2024-07-15,8.05,8.05,7.83,7.86,357628,2820035.25
2024-07-16,7.83,8.20,7.74,8.19,1915561,15387992.00
2024-07-17,8.21,9.00,8.12,8.95,5031637,43718004.00
2024-07-18,9.38,9.70,8.84,8.84,5888130,54132400.00
2024-07-19,9.00,9.16,8.53,8.53,3754547,33246946.00
2024-07-22,8.44,8.56,8.25,8.34,2095284,17562092.00
2024-07-23,8.40,8.58,8.30,8.39,1456861,12225710.00
2024-07-24,8.36,8.43,8.01,8.15,1452839,11929268.00
2024-07-25,8.16,8.68,8.08,8.53,2347639,19724102.00
2024-07-26,8.86,8.86,8.39,8.54,2281266,19601496.00
2024-07-29,8.70,8.88,8.43,8.48,2360750,20296462.00
2024-07-30,8.35,8.65,8.27,8.43,1434094,12122469.00
2024-07-31,8.44,8.67,8.36,8.60,1713040,14647987.00
2024-08-01,8.99,9.77,8.80,8.80,6726398,62049908.00
2024-08-02,8.57,8.99,8.57,8.63,3953313,34608628.00
2024-08-05,8.60,8.78,8.20,8.21,2253775,19057628.00
2024-08-06,8.29,8.38,8.16,8.27,1384405,11436149.00
2024-08-07,8.21,8.41,8.21,8.29,1006827,8340958.00
2024-08-08,8.25,8.27,8.10,8.16,911026,7453402.50
2024-08-09,8.24,8.38,8.15,8.20,807496,6653685.50
2024-08-12,8.23,8.42,8.15,8.42,1698218,14119741.00
2024-08-13,8.46,8.48,8.30,8.48,1198005,10039391.00
2024-08-14,8.43,8.56,8.31,8.33,1128108,9516083.00
2024-08-15,8.40,8.44,8.20,8.32,940977,7847150.00
2024-08-16,8.42,8.45,8.25,8.27,814741,6802910.00
2024-08-19,8.27,8.34,8.01,8.07,1460982,11868734.00
2024-08-20,8.08,8.35,8.05,8.11,994636,8126587.50
2024-08-21,8.08,8.12,7.98,8.01,744249,5986072.00
2024-08-22,7.97,8.03,7.81,7.84,849243,6735957.50
2024-08-23,7.81,7.97,7.75,7.84,611628,4798209.50
2024-08-26,7.88,8.03,7.84,7.91,626076,4981801.50
2024-08-27,7.93,7.93,7.75,7.76,681767,5322603.50
2024-08-28,7.74,7.92,7.71,7.84,461370,3620355.25
2024-08-29,7.94,8.00,7.80,7.91,561133,4447599.00
2024-08-30,7.87,8.22,7.87,8.11,1098352,8900664.00
2024-09-02,8.13,8.19,7.96,8.00,630047,5091110.50
2024-09-03,8.00,8.11,7.95,8.05,367955,2959144.25
2024-09-04,7.97,8.00,7.85,7.90,366390,2899228.25
2024-09-05,7.93,8.02,7.90,7.93,399226,3167922.75
2024-09-06,7.98,7.98,7.78,7.85,785808,6149986.00
2024-09-09,7.79,7.87,7.70,7.79,342622,2669521.25
2024-09-10,7.87,7.88,7.67,7.78,405182,3135944.75
2024-09-11,7.72,7.78,7.55,7.58,834361,6387404.50
2024-09-12,7.55,7.66,7.54,7.58,540790,4113427.50
2024-09-13,7.62,7.95,7.58,7.79,1172480,9074067.00
2024-09-18,7.72,7.95,7.68,7.80,770748,5987859.00
2024-09-19,7.80,7.94,7.76,7.90,460745,3629455.25
2024-09-20,8.06,8.30,8.00,8.10,1303282,10551898.00
2024-09-23,8.29,8.29,7.85,7.87,1098271,8842447.00
2024-09-24,8.20,8.30,7.90,8.26,1601257,13052573.00
2024-09-25,8.47,8.80,8.24,8.24,2578262,21882190.00
2024-09-26,8.05,8.38,8.05,8.35,1891075,15595344.00
2024-09-27,8.59,9.08,8.41,9.04,4918572,43254104.00
2024-09-30,9.50,10.85,9.08,10.59,8793887,87591768.00
2024-10-08,12.96,12.96,10.64,12.63,9729713,116661104.00
2024-10-09,11.49,11.80,10.21,10.21,5924308,65587612.00
2024-10-10,10.20,10.74,9.95,9.95,4200627,43203412.00
2024-10-11,9.99,10.08,9.30,9.47,3340533,31979484.00
2024-10-14,9.57,9.95,9.31,9.95,2506514,24311432.00
2024-10-15,10.14,10.40,9.74,9.75,2965611,29909348.00
2024-10-16,9.50,10.24,9.44,10.00,2371795,23515156.00
2024-10-17,10.09,11.08,10.09,10.36,6561434,69434328.00
2024-10-18,10.51,11.54,10.30,11.10,6724310,74362720.00
2024-10-21,11.75,13.28,11.41,13.20,11556946,143206256.00
2024-10-22,12.50,13.00,11.27,11.58,10898779,132236224.00
2024-10-23,11.23,12.53,11.11,12.14,7068351,84197504.00
2024-10-24,12.12,12.95,11.89,12.83,7005012,87338480.00
2024-10-25,13.20,14.50,12.25,12.30,11646042,156959360.00
2024-10-28,12.90,13.88,12.58,13.77,8062333,106705856.00
2024-10-29,13.60,14.98,13.23,14.52,10116134,142611440.00
2024-10-30,14.43,15.80,13.60,14.40,8519999,123227832.00
2024-10-31,14.30,14.60,13.23,14.00,8290275,115530584.00
2024-11-01,13.80,17.90,13.52,15.52,15458737,245262400.00
2024-11-04,14.80,16.32,14.50,16.15,10212282,155551504.00
2024-11-05,16.05,18.90,15.66,17.66,12604315,214135376.00
2024-11-06,17.30,18.35,17.00,17.39,11459540,202892112.00
2024-11-07,17.55,19.97,17.01,18.69,10053148,185231712.00
2024-11-08,18.22,18.89,17.11,17.20,7728518,139520192.00
2024-11-11,17.00,17.30,16.18,16.65,5842700,96866624.00
2024-11-12,16.92,17.13,15.20,15.80,6506898,104383520.00
2024-11-13,15.80,16.07,14.93,15.88,4913822,75873544.00
2024-11-14,15.98,16.77,15.67,15.73,4764218,77273352.00
2024-11-15,15.62,16.50,15.51,16.04,4054119,64881496.00
2024-11-18,16.50,17.27,15.91,16.83,5600789,93446656.00
2024-11-19,16.11,16.77,14.31,15.49,6906994,106387576.00
2024-11-20,15.31,16.88,15.31,16.86,7058924,116118712.00
2024-11-21,17.50,18.81,17.00,17.90,9868581,176538256.00
2024-11-22,17.72,18.88,17.40,17.66,8474394,153566144.00
2024-11-25,17.35,17.64,15.90,16.69,5134269,85076040.00
2024-11-26,16.50,17.18,15.68,15.69,3323457,53849764.00
2024-11-27,15.58,15.67,14.44,15.58,4404154,66246288.00
2024-11-28,15.50,16.27,15.50,15.58,4521883,71836152.00
2024-11-29,15.56,16.30,15.04,16.30,4190963,65970368.00
2024-12-02,16.41,17.15,16.21,17.08,4291214,71951000.00
2024-12-03,17.08,17.08,17.08,17.08,0,0.00
#数据来源:通达信
