833873 中设咨询 日线 不复权
      日期	    开盘	    最高	    最低	    收盘	    成交量	    成交额
2015-11-13,10.18,10.18,10.18,10.18,2000,20360.00
2015-12-30,6.00,10.25,6.00,6.05,243000,1470750.00
2015-12-31,10.30,10.30,10.30,10.30,1000,10300.00
2016-01-08,6.00,10.80,6.00,10.80,201000,1210800.00
2016-01-12,6.00,10.26,6.00,10.26,101000,610260.00
2016-05-17,7.00,7.00,7.00,7.00,340000,2380000.00
2016-05-19,7.50,7.50,7.50,7.50,20000,150000.00
2016-07-13,7.50,7.50,7.50,7.50,100000,750000.00
2016-07-14,7.50,7.50,7.50,7.50,10000,75000.00
2016-07-19,7.50,7.50,7.50,7.50,70000,525000.00
2016-07-28,7.50,7.50,7.50,7.50,1000000,7500000.00
2016-10-26,7.50,7.50,7.50,7.50,200000,1500000.00
2016-10-31,7.50,7.50,6.00,6.66,70000,466500.00
2016-11-02,7.50,7.50,7.50,7.50,50000,375000.00
2016-11-15,7.50,7.50,7.50,7.50,100000,750000.00
2016-11-21,7.50,7.50,7.50,7.50,130000,975000.00
2016-12-05,7.50,7.50,7.50,7.50,50000,375000.00
2016-12-30,8.00,8.00,8.00,8.00,50000,400000.00
2017-02-20,7.50,7.50,7.50,7.50,60000,450000.00
2017-02-21,7.50,7.50,7.50,7.50,40000,300000.00
2017-04-11,7.50,7.50,7.50,7.50,20000,150000.00
2017-06-28,5.30,5.30,5.30,5.30,200000,1060000.00
2017-06-30,7.50,7.50,7.50,7.50,1000,7500.00
2017-08-23,9.50,9.50,9.50,9.50,250000,2375000.00
2017-08-24,9.50,9.50,9.50,9.50,310000,2945000.00
2017-09-11,9.50,9.50,9.50,9.50,300000,2850000.00
2017-09-12,9.50,9.50,9.50,9.50,120000,1140000.00
2017-09-18,6.00,6.00,6.00,6.00,20000,120000.00
2017-09-19,9.50,9.50,9.50,9.50,1000,9500.00
2017-12-06,6.28,6.28,6.28,6.28,80000,502400.00
2017-12-07,8.00,8.00,8.00,8.00,1000,8000.00
2017-12-21,6.50,6.50,6.50,6.50,200000,1300000.00
2017-12-22,6.50,6.50,6.50,6.50,200000,1300000.00
2017-12-25,6.28,6.28,6.28,6.28,7326200,46009076.00
2017-12-27,6.38,6.38,6.38,6.38,695000,4434100.00
2017-12-28,6.38,6.38,6.38,6.38,1645000,10495100.00
2017-12-29,6.38,6.38,6.38,6.38,645600,4119004.50
2018-01-12,6.38,6.38,6.38,6.38,80000,510400.00
2018-02-02,7.50,7.50,7.50,7.50,1000,7500.00
2018-02-09,6.38,6.38,6.38,6.38,1000,6380.00
2018-02-12,7.50,7.50,7.50,7.50,1192000,8724960.00
2018-05-11,7.50,7.50,7.50,7.50,1000,7500.00
2018-07-19,4.00,4.00,4.00,4.00,500000,2000000.00
2018-07-24,4.00,4.00,4.00,4.00,397900,1193853.00
2018-07-27,4.50,4.50,4.50,4.50,56000,252000.00
2018-08-31,4.50,4.50,4.50,4.50,787600,4001389.00
2018-09-10,4.00,4.00,4.00,4.00,1000,4000.00
2018-09-13,4.00,4.00,4.00,4.00,545000,2180000.00
2018-09-14,4.00,4.00,4.00,4.00,160000,640000.00
2018-09-17,4.00,4.00,4.00,4.00,90000,360000.00
2018-09-21,4.00,4.00,4.00,4.00,595000,2380000.00
2018-10-09,4.00,4.00,4.00,4.00,250000,1000000.00
2019-04-11,4.00,4.00,4.00,4.00,112200,448976.00
2019-06-06,3.94,3.94,3.94,3.94,910000,3585400.00
2019-06-20,3.94,3.94,3.94,3.94,667500,3571419.25
2019-06-21,5.30,5.30,5.30,5.30,1000,5300.00
2020-01-07,5.30,5.30,5.30,5.30,100000,430000.00
2020-01-14,4.30,4.30,4.30,4.30,80000,344000.00
2020-01-16,4.30,4.30,4.30,4.30,20000,86000.00
2020-01-17,5.35,5.35,5.35,5.35,1000,5350.00
2020-03-12,5.35,5.35,5.35,5.35,4000,21400.00
2020-03-16,5.35,5.35,5.35,5.35,2000,10700.00
2020-03-18,5.35,5.35,5.35,5.35,1000,5350.00
2020-03-24,5.35,5.35,5.35,5.35,10000,53500.00
2020-03-25,5.35,5.35,5.35,5.35,10000,53500.00
2020-04-01,5.35,5.35,5.35,5.35,400000,1720000.00
2020-04-09,5.35,5.35,5.35,5.35,1000,5350.00
2020-07-17,5.35,5.35,5.35,5.35,100000,535000.00
2020-08-03,6.00,6.00,6.00,6.00,100,600.00
2020-09-02,6.00,6.00,6.00,6.00,1875000,8437500.00
2020-09-03,6.00,6.00,6.00,6.00,1130000,5085000.00
2020-10-26,6.00,6.00,6.00,6.00,905000,5611000.00
2020-10-27,6.00,6.00,6.00,6.00,532500,3301549.50
2021-11-15,8.10,16.58,8.10,10.81,33220000,375780672.00
2021-11-16,9.09,10.15,8.85,9.01,14954200,139850768.00
2021-11-17,9.00,9.00,8.03,8.19,10007900,83482552.00
2021-11-18,8.18,8.18,7.50,7.53,9171100,71411008.00
2021-11-19,7.60,7.68,7.18,7.26,5232600,38329648.00
2021-11-22,7.29,7.44,7.11,7.34,4060300,29609546.00
2021-11-23,7.27,7.75,7.26,7.64,7160800,54462480.00
2021-11-24,7.60,7.65,7.34,7.36,3994800,29707590.00
2021-11-25,7.32,7.39,7.24,7.24,2767200,20178560.00
2021-11-26,7.18,7.33,7.14,7.14,2370000,17027862.00
2021-11-29,7.01,7.01,6.86,6.88,3696400,25544938.00
2021-11-30,6.93,6.98,6.69,6.70,3165900,21545870.00
2021-12-01,6.70,6.75,6.52,6.60,2448200,16125616.00
2021-12-02,6.60,6.86,6.59,6.73,3083700,20888976.00
2021-12-03,6.75,6.84,6.64,6.66,1940700,13030332.00
2021-12-06,6.65,6.68,6.45,6.45,3356400,21374684.00
2021-12-07,6.49,6.52,6.18,6.25,3112200,19530366.00
2021-12-08,6.25,6.32,6.21,6.26,1246700,7804339.00
2021-12-09,6.26,6.29,6.18,6.20,1296200,8058624.50
2021-12-10,6.21,6.31,6.18,6.28,1069000,6697262.50
2021-12-13,6.28,6.41,6.23,6.40,1613000,10268856.00
2021-12-14,6.42,6.68,6.40,6.49,3428400,22490068.00
2021-12-15,6.53,6.55,6.40,6.47,2633900,16680277.00
2021-12-16,6.48,6.52,6.32,6.34,2585400,16516766.00
2021-12-17,6.34,6.38,6.25,6.26,1334800,8393687.00
2021-12-20,6.26,6.33,6.21,6.21,913700,5712807.50
2021-12-21,6.21,6.40,6.20,6.39,1233900,7778313.00
2021-12-22,6.39,6.60,6.34,6.47,3520900,22592584.00
2021-12-23,6.42,6.47,6.23,6.25,1693800,10695632.00
2021-12-24,6.23,6.28,6.12,6.12,1503900,9293962.00
2021-12-27,6.14,6.23,6.12,6.14,791000,4873209.50
2021-12-28,6.16,6.19,6.12,6.19,853000,5256083.00
2021-12-29,6.19,6.28,6.16,6.27,1279900,7996957.50
2021-12-30,6.26,6.42,6.20,6.35,3019900,19115328.00
2021-12-31,6.41,6.83,6.37,6.67,7134500,47509984.00
2022-01-04,6.70,6.75,6.51,6.56,3273300,21510614.00
2022-01-05,6.54,7.50,6.53,7.36,11833000,83045272.00
2022-01-06,7.30,7.30,6.82,6.92,7153200,50221648.00
2022-01-07,6.92,7.18,6.68,6.79,5128100,35753240.00
2022-01-10,6.81,6.89,6.61,6.78,1901203,12855619.00
2022-01-11,6.87,6.89,6.74,6.78,1459184,9920889.00
2022-01-12,6.81,6.87,6.69,6.74,1382185,9312567.00
2022-01-13,6.78,7.07,6.72,6.87,3776943,26170974.00
2022-01-14,6.80,6.86,6.60,6.63,3267136,21918788.00
2022-01-17,6.63,6.90,6.62,6.85,2174217,14759790.00
2022-01-18,6.83,7.00,6.54,6.87,3053938,20922428.00
2022-01-19,6.79,7.06,6.66,6.96,4272804,29493412.00
2022-01-20,6.90,7.41,6.88,7.21,11263810,80988408.00
2022-01-21,7.16,7.24,6.86,6.90,5254581,36913504.00
2022-01-24,6.80,6.89,6.55,6.55,3539426,23590390.00
2022-01-25,6.56,6.56,6.13,6.13,3986033,24917882.00
2022-01-26,6.17,6.27,6.14,6.22,1020008,6337916.50
2022-01-27,6.20,6.26,5.93,5.96,1746057,10610239.00
2022-01-28,6.07,6.15,6.00,6.07,1104227,6699355.50
2022-02-07,6.15,7.89,6.09,7.89,25377535,186770160.00
2022-02-08,7.57,7.68,6.85,7.18,20051400,144244416.00
2022-02-09,7.14,7.32,6.88,7.07,11993878,84618112.00
2022-02-10,7.09,7.70,7.00,7.39,17202546,127507920.00
2022-02-11,7.15,7.18,6.75,6.96,11776987,81176000.00
2022-02-14,6.77,6.96,6.60,6.74,5433731,36863052.00
2022-02-15,6.70,7.02,6.56,6.77,5886625,40021668.00
2022-02-16,6.80,7.28,6.78,7.16,10725687,75865064.00
2022-02-17,7.19,7.26,6.76,6.78,8336086,57633928.00
2022-02-18,6.65,6.83,6.56,6.72,4475086,29929940.00
2022-02-21,6.70,6.79,6.58,6.70,3814819,25494082.00
2022-02-22,6.68,6.68,6.35,6.39,5421417,35109964.00
2022-02-23,6.43,6.53,6.34,6.45,2901053,18624218.00
2022-02-24,6.46,6.58,6.19,6.28,5276256,33617864.00
2022-02-25,6.28,6.50,6.28,6.37,2737608,17509232.00
2022-02-28,6.34,6.39,6.26,6.37,1666004,10524160.00
2022-03-01,6.39,6.43,6.32,6.37,1222860,7788540.50
2022-03-02,6.38,6.38,6.26,6.29,1778383,11206368.00
2022-03-03,6.29,6.43,6.27,6.33,2209461,13994813.00
2022-03-04,6.30,6.31,6.14,6.17,2338121,14521975.00
2022-03-07,6.18,6.23,6.14,6.14,1268433,7823734.50
2022-03-08,6.18,6.18,5.98,6.01,1765409,10678324.00
2022-03-09,6.09,6.10,5.62,5.88,2400912,14070982.00
2022-03-10,5.99,6.05,5.95,5.99,1149145,6884885.50
2022-03-11,5.93,5.97,5.65,5.90,1571300,9143422.00
2022-03-14,5.82,5.90,5.67,5.67,1201947,6945290.50
2022-03-15,5.76,6.00,5.56,5.58,2466552,14165929.00
2022-03-16,5.67,5.71,5.49,5.67,1830397,10274190.00
2022-03-17,5.78,6.32,5.72,5.98,5595936,33917488.00
2022-03-18,6.01,6.26,5.98,6.10,3354902,20585314.00
2022-03-21,6.06,6.09,5.94,6.00,2612809,15663495.00
2022-03-22,5.95,6.06,5.90,5.90,1491377,8845006.00
2022-03-23,5.94,5.96,5.88,5.93,944708,5592671.00
2022-03-24,5.91,5.94,5.81,5.82,1147911,6726053.00
2022-03-25,5.87,5.88,5.72,5.72,895646,5170255.50
2022-03-28,5.81,5.81,5.60,5.70,926313,5243457.00
2022-03-29,5.67,5.87,5.65,5.73,1094683,6327608.50
2022-03-30,5.80,5.80,5.71,5.77,669545,3846794.00
2022-03-31,5.79,5.79,5.65,5.66,1047840,5974891.00
2022-04-01,5.65,5.90,5.65,5.73,1461562,8459235.00
2022-04-06,5.84,5.84,5.68,5.74,749710,4309521.50
2022-04-07,5.79,5.81,5.68,5.70,794784,4558578.50
2022-04-08,5.74,5.85,5.66,5.76,1722886,9937373.00
2022-04-11,5.79,5.79,5.57,5.62,1609451,9076082.00
2022-04-12,5.61,5.70,5.57,5.67,839006,4715957.00
2022-04-13,5.67,5.71,5.63,5.68,1196820,6786058.50
2022-04-14,5.75,5.76,5.63,5.65,632049,3577373.50
2022-04-15,5.61,5.61,5.51,5.51,1204449,6684424.00
2022-04-18,5.51,5.62,5.51,5.59,580522,3227493.75
2022-04-19,5.54,5.60,5.50,5.52,610902,3378810.25
2022-04-20,5.57,5.57,5.40,5.50,643743,3525777.50
2022-04-21,5.45,5.50,5.23,5.25,968092,5194372.00
2022-04-22,5.27,5.34,5.21,5.25,427883,2252171.25
2022-04-25,5.30,5.30,4.80,4.89,1450316,7219814.50
2022-04-26,4.91,4.96,4.60,4.64,858361,4109976.00
2022-04-27,4.60,4.75,4.56,4.72,1072186,5002335.00
2022-04-28,4.64,4.71,4.57,4.67,830618,3846371.50
2022-04-29,4.73,4.77,4.50,4.74,1316869,6213497.00
2022-05-05,4.77,4.82,4.69,4.74,1277040,6057772.00
2022-05-06,4.68,4.68,4.60,4.62,765411,3540275.25
2022-05-09,4.58,4.79,4.58,4.73,1257873,5939835.00
2022-05-10,4.67,4.89,4.61,4.82,2418707,11537964.00
2022-05-11,4.80,4.87,4.74,4.84,3059761,14734052.00
2022-05-12,4.79,4.88,4.77,4.79,820132,3944243.25
2022-05-13,4.83,5.10,4.74,5.00,3633004,18013884.00
2022-05-16,4.98,5.25,4.97,5.04,2365298,12087117.00
2022-05-17,5.04,5.10,4.84,4.95,1342199,6618328.00
2022-05-18,4.95,5.09,4.88,4.98,1121718,5605586.00
2022-05-19,4.92,5.02,4.88,4.97,660127,3267452.75
2022-05-20,4.95,5.04,4.95,4.99,762810,3806449.00
2022-05-23,5.04,5.05,4.94,4.96,986601,4902893.00
2022-05-24,4.93,5.00,4.71,4.79,1394508,6738276.50
2022-05-25,4.83,4.87,4.76,4.82,478792,2306896.25
2022-05-26,4.89,4.89,4.75,4.79,834028,3988825.75
2022-05-27,4.72,4.80,4.68,4.72,1301254,6153103.00
2022-05-30,4.73,4.76,4.60,4.65,911159,4245215.50
2022-05-31,4.67,4.67,4.59,4.66,403941,1866414.25
2022-06-01,4.66,4.67,4.62,4.66,504388,2341918.00
2022-06-02,4.67,4.73,4.62,4.72,920151,4300454.00
2022-06-06,4.70,4.79,4.66,4.79,824283,3912560.50
2022-06-07,4.79,4.82,4.73,4.75,432557,2059701.38
2022-06-08,4.79,4.79,4.63,4.68,947983,4442598.50
2022-06-09,4.72,4.72,4.60,4.61,676370,3132671.50
2022-06-10,4.60,4.66,4.60,4.66,304614,1410270.88
2022-06-13,4.64,4.73,4.64,4.69,521159,2441592.25
2022-06-14,4.60,4.68,4.60,4.62,801751,3710863.25
2022-06-15,4.63,4.72,4.63,4.69,731539,3421235.50
2022-06-16,4.65,4.71,4.65,4.69,536458,2506101.00
2022-06-17,4.68,4.70,4.62,4.65,308440,1438064.88
2022-06-20,4.64,4.68,4.62,4.66,518128,2413213.00
2022-06-21,4.68,4.70,4.64,4.68,479357,2242271.50
2022-06-22,4.69,4.70,4.62,4.65,478248,2226633.75
2022-06-23,4.68,4.69,4.60,4.67,583885,2709873.75
2022-06-24,4.69,4.69,4.62,4.68,480139,2238327.00
2022-06-27,4.68,4.70,4.61,4.69,651355,3046319.25
2022-06-28,4.69,4.88,4.64,4.79,1417854,6804992.00
2022-06-29,4.80,4.85,4.72,4.72,888749,4262997.50
2022-06-30,4.77,4.81,4.72,4.76,621492,2953358.25
2022-07-01,4.73,4.78,4.69,4.72,452513,2137204.25
2022-07-04,4.70,4.74,4.68,4.74,468602,2204323.50
2022-07-05,4.71,4.72,4.65,4.69,494607,2314111.50
2022-07-06,4.69,4.69,4.59,4.64,810355,3750151.25
2022-07-07,4.64,4.68,4.60,4.65,409914,1897831.25
2022-07-08,4.63,4.66,4.61,4.64,263848,1221963.63
2022-07-11,4.62,4.65,4.60,4.65,485954,2246070.25
2022-07-12,4.62,4.64,4.59,4.62,335327,1544514.50
2022-07-13,4.63,4.64,4.59,4.64,402994,1859834.00
2022-07-14,4.61,4.65,4.60,4.62,260843,1203094.75
2022-07-15,4.60,4.61,4.52,4.56,528006,2408181.75
2022-07-18,4.59,4.59,4.50,4.58,256488,1166344.00
2022-07-19,4.56,4.59,4.50,4.57,558267,2538127.00
2022-07-20,4.53,4.65,4.53,4.63,522212,2415984.25
2022-07-21,4.62,4.65,4.61,4.61,177008,819889.44
2022-07-22,4.63,4.63,4.58,4.58,168111,774224.94
2022-07-25,4.57,4.59,4.52,4.57,286815,1307781.75
2022-07-26,4.54,4.59,4.52,4.58,447210,2031156.00
2022-07-27,4.55,4.71,4.50,4.64,1804093,8295093.00
2022-07-28,4.66,4.68,4.62,4.66,528077,2451702.00
2022-07-29,4.67,4.67,4.56,4.57,357755,1648159.63
2022-08-01,4.55,4.61,4.55,4.60,332813,1525081.75
2022-08-02,4.57,4.57,4.40,4.40,1287895,5741565.00
2022-08-03,4.48,4.48,4.39,4.43,521984,2310578.75
2022-08-04,4.48,4.48,4.38,4.42,318122,1402003.88
2022-08-05,4.45,4.45,4.39,4.44,511701,2258697.00
2022-08-08,4.45,4.45,4.41,4.42,200908,888318.19
2022-08-09,4.41,4.44,4.40,4.43,467280,2063366.75
2022-08-10,4.40,4.43,4.35,4.41,560378,2461559.25
2022-08-11,4.42,4.48,4.40,4.45,871737,3886896.25
2022-08-12,4.47,4.47,4.41,4.44,324273,1438907.63
2022-08-15,4.41,4.43,4.37,4.43,467551,2055998.25
2022-08-16,4.44,4.45,4.41,4.45,323081,1431487.88
2022-08-17,4.45,4.45,4.39,4.43,464892,2049484.13
2022-08-18,4.43,4.43,4.38,4.41,377800,1659822.13
2022-08-19,4.40,4.41,4.37,4.38,289978,1270926.88
2022-08-22,4.42,4.42,4.35,4.39,383128,1673617.25
2022-08-23,4.40,4.40,4.36,4.38,164200,717262.19
2022-08-24,4.38,4.38,4.26,4.27,723459,3113874.75
2022-08-25,4.27,4.29,4.20,4.22,531059,2243490.00
2022-08-26,4.21,4.26,4.16,4.18,594985,2498284.25
2022-08-29,4.18,4.18,4.15,4.16,339715,1412821.50
2022-08-30,4.15,4.18,4.14,4.16,175013,726748.56
2022-08-31,4.17,4.17,4.09,4.11,379945,1560653.38
2022-09-01,4.07,4.14,4.05,4.05,350060,1427732.13
2022-09-02,4.09,4.09,4.03,4.06,284848,1153815.38
2022-09-05,4.09,4.09,3.99,4.02,371864,1510258.63
2022-09-06,4.02,4.03,3.99,4.01,497860,1996599.00
2022-09-07,4.00,4.02,4.00,4.00,316268,1267971.38
2022-09-08,4.02,4.02,3.98,3.98,366787,1465843.38
2022-09-09,3.99,4.05,3.98,4.04,433324,1742383.63
2022-09-13,4.06,4.06,4.02,4.02,283501,1146582.75
2022-09-14,4.01,4.01,3.97,4.00,263940,1051357.38
2022-09-15,4.00,4.01,3.94,3.96,244520,968337.44
2022-09-16,3.93,4.11,3.89,4.02,1332311,5355761.00
2022-09-19,4.02,4.08,3.90,4.00,566815,2260955.00
2022-09-20,4.03,4.05,3.99,4.04,482451,1939532.38
2022-09-21,3.99,4.30,3.99,4.24,3489270,14652225.00
2022-09-22,4.23,4.30,4.11,4.11,2021571,8465614.00
2022-09-23,4.11,4.17,4.01,4.02,1356535,5533861.00
2022-09-26,4.00,4.02,3.87,3.94,794710,3134333.00
2022-09-27,3.90,3.96,3.88,3.96,680318,2677156.00
2022-09-28,3.97,3.97,3.89,3.89,424923,1665978.50
2022-09-29,3.94,3.94,3.84,3.84,622319,2418009.00
2022-09-30,3.88,3.88,3.82,3.84,187200,719358.69
2022-10-10,3.88,3.88,3.77,3.77,273219,1041461.19
2022-10-11,3.77,3.83,3.77,3.80,95752,362620.75
2022-10-12,3.81,3.84,3.73,3.84,310644,1176221.00
2022-10-13,3.86,3.86,3.80,3.85,387757,1483864.75
2022-10-14,3.81,3.88,3.81,3.88,392516,1518963.25
2022-10-17,3.84,3.88,3.83,3.87,173756,671384.50
2022-10-18,3.90,3.90,3.85,3.86,264863,1024079.88
2022-10-19,3.88,3.88,3.83,3.86,177440,683560.44
2022-10-20,3.84,3.86,3.80,3.82,259091,991560.63
2022-10-21,3.91,3.91,3.82,3.84,227868,874305.06
2022-10-24,3.84,3.90,3.80,3.83,212460,814101.13
2022-10-25,3.76,3.84,3.76,3.79,126234,476780.28
2022-10-26,3.78,3.82,3.78,3.78,274468,1042051.75
2022-10-27,3.79,3.82,3.77,3.80,243098,918851.69
2022-10-28,3.75,3.80,3.70,3.71,420990,1569954.63
2022-10-31,3.71,3.71,3.51,3.61,745718,2685789.00
2022-11-01,3.61,3.75,3.61,3.70,341719,1253455.63
2022-11-02,3.71,3.72,3.65,3.69,634682,2340014.50
2022-11-03,3.69,3.69,3.65,3.67,232119,849487.75
2022-11-04,3.66,3.70,3.65,3.67,493453,1812941.88
2022-11-07,3.70,3.74,3.69,3.73,455328,1692937.75
2022-11-08,3.72,3.73,3.69,3.71,182376,675174.19
2022-11-09,3.73,3.74,3.68,3.69,296832,1097371.13
2022-11-10,3.73,3.73,3.67,3.69,370076,1362712.00
2022-11-11,3.73,3.73,3.69,3.70,458078,1697378.63
2022-11-14,3.73,3.73,3.65,3.69,335398,1240590.50
2022-11-15,3.72,3.72,3.68,3.72,233340,863191.94
2022-11-16,3.72,3.73,3.70,3.71,265611,986453.75
2022-11-17,3.69,3.70,3.68,3.70,277358,1022167.38
2022-11-18,3.73,3.73,3.68,3.68,168935,624036.50
2022-11-21,3.70,3.76,3.70,3.73,611445,2286205.00
2022-11-22,3.74,3.74,3.66,3.71,421363,1558250.38
2022-11-23,3.71,3.73,3.66,3.68,393946,1448732.13
2022-11-24,3.70,3.70,3.64,3.65,384766,1407122.38
2022-11-25,3.66,3.66,3.61,3.61,286365,1039425.50
2022-11-28,3.60,3.64,3.55,3.58,247660,885529.06
2022-11-29,3.60,3.62,3.57,3.62,501764,1804425.13
2022-11-30,3.62,3.64,3.60,3.63,248771,901690.06
2022-12-01,3.66,3.66,3.61,3.64,224852,815332.94
2022-12-02,3.63,3.67,3.63,3.66,311870,1138865.75
2022-12-05,3.68,3.71,3.66,3.68,457562,1688719.88
2022-12-06,3.69,3.71,3.66,3.68,364650,1341591.38
2022-12-07,3.65,3.69,3.64,3.66,136234,497273.94
2022-12-08,3.68,3.68,3.60,3.61,256765,932921.38
2022-12-09,3.62,3.63,3.56,3.57,566833,2032461.13
2022-12-12,3.60,3.60,3.53,3.56,356988,1264815.75
2022-12-13,3.56,3.56,3.52,3.53,240576,851951.38
2022-12-14,3.50,3.58,3.50,3.53,147549,521161.81
2022-12-15,3.55,3.58,3.55,3.55,118270,420292.72
2022-12-16,3.58,3.58,3.52,3.53,353753,1247809.88
2022-12-19,3.56,3.56,3.45,3.48,277833,968819.69
2022-12-20,3.48,3.48,3.43,3.46,194773,673161.13
2022-12-21,3.48,3.48,3.34,3.36,453363,1534546.63
2022-12-22,3.37,3.43,3.30,3.32,254530,847774.13
2022-12-23,3.33,3.35,3.31,3.33,152607,508301.47
2022-12-26,3.30,3.34,3.30,3.34,217867,723291.50
2022-12-27,3.34,3.34,3.30,3.31,189566,628036.00
2022-12-28,3.33,3.33,3.28,3.28,165871,546658.94
2022-12-29,3.28,3.30,3.27,3.27,159122,521038.28
2022-12-30,3.29,3.29,3.24,3.26,312932,1022200.19
2023-01-03,3.28,3.28,3.22,3.26,184650,603053.13
2023-01-04,3.29,3.29,3.25,3.27,107661,352227.38
2023-01-05,3.30,3.30,3.27,3.28,261524,856193.00
2023-01-06,3.30,3.30,3.27,3.27,91621,300371.19
2023-01-09,3.30,3.30,3.26,3.27,80196,262518.28
2023-01-10,3.30,3.30,3.26,3.28,47636,156154.66
2023-01-11,3.26,3.30,3.26,3.28,91424,299404.25
2023-01-12,3.30,3.30,3.27,3.27,85027,278817.50
2023-01-13,3.29,3.29,3.25,3.28,119985,391516.25
2023-01-16,3.29,3.31,3.27,3.29,192409,632711.00
2023-01-17,3.30,3.32,3.29,3.30,181234,598640.94
2023-01-18,3.30,3.37,3.30,3.36,392705,1313638.00
2023-01-19,3.38,3.39,3.34,3.38,291437,980271.13
2023-01-20,3.40,3.59,3.38,3.46,569568,1962538.25
2023-01-30,3.49,3.59,3.49,3.50,390139,1371583.88
2023-01-31,3.48,3.65,3.48,3.65,1177924,4245202.00
2023-02-01,3.66,3.66,3.59,3.64,633783,2303561.75
2023-02-02,3.65,3.65,3.56,3.59,746501,2690255.75
2023-02-03,3.60,3.60,3.53,3.58,615872,2193135.00
2023-02-06,3.55,3.58,3.53,3.54,216773,769204.69
2023-02-07,3.54,3.61,3.54,3.56,157302,559964.31
2023-02-08,3.54,3.59,3.53,3.55,75891,269819.16
2023-02-09,3.55,3.58,3.52,3.57,194776,692168.81
2023-02-10,3.59,3.59,3.55,3.58,91357,325461.81
2023-02-13,3.59,3.61,3.55,3.60,364467,1307259.88
2023-02-14,3.60,3.60,3.56,3.58,99219,353859.81
2023-02-15,3.58,3.59,3.54,3.58,96916,345256.72
2023-02-16,3.55,3.59,3.39,3.47,403366,1420261.75
2023-02-17,3.52,3.53,3.41,3.41,206501,715216.81
2023-02-20,3.49,3.49,3.41,3.47,118745,412009.25
2023-02-21,3.50,3.50,3.46,3.48,122922,427262.63
2023-02-22,3.49,3.49,3.44,3.46,122162,422552.47
2023-02-23,3.49,3.49,3.44,3.45,256607,887157.56
2023-02-24,3.45,3.50,3.41,3.43,178206,613880.56
2023-02-27,3.47,3.47,3.40,3.42,393256,1344323.63
2023-02-28,3.41,3.45,3.40,3.42,259367,885784.00
2023-03-01,3.41,3.43,3.40,3.42,216316,739231.75
2023-03-02,3.41,3.43,3.40,3.42,248025,845348.50
2023-03-03,3.41,3.41,3.37,3.39,248767,842790.63
2023-03-06,3.41,3.41,3.35,3.36,266680,896790.31
2023-03-07,3.37,3.37,3.30,3.31,336347,1121668.50
2023-03-08,3.28,3.33,3.28,3.31,308978,1018450.94
2023-03-09,3.30,3.35,3.30,3.35,330006,1098299.88
2023-03-10,3.33,3.33,3.19,3.28,551983,1809785.25
2023-03-13,3.25,3.29,3.23,3.27,273281,889354.00
2023-03-14,3.25,3.26,3.20,3.22,282117,908266.88
2023-03-15,3.22,3.22,3.20,3.22,657210,2107053.00
2023-03-16,3.20,3.20,3.14,3.17,731180,2315849.25
2023-03-17,3.20,3.21,3.18,3.18,250559,801314.31
2023-03-20,3.20,3.21,3.16,3.19,385031,1229234.25
2023-03-21,3.18,3.22,3.18,3.22,160352,514168.88
2023-03-22,3.22,3.31,3.20,3.26,413961,1351935.13
2023-03-23,3.24,3.25,3.20,3.24,241736,780265.69
2023-03-24,3.22,3.30,3.21,3.27,617464,2010525.50
2023-03-27,3.26,3.28,3.22,3.26,279968,906315.31
2023-03-28,3.23,3.25,3.19,3.23,267370,859336.06
2023-03-29,3.23,3.23,3.19,3.22,201449,646536.44
2023-03-30,3.20,3.22,3.17,3.21,122529,391110.16
2023-03-31,3.17,3.23,3.17,3.20,74117,237306.97
2023-04-03,3.20,3.23,3.18,3.21,187356,597281.19
2023-04-04,3.20,3.22,3.17,3.21,231952,739078.44
2023-04-06,3.18,3.20,3.14,3.17,476117,1509131.63
2023-04-07,3.15,3.18,3.14,3.17,276931,872378.13
2023-04-10,3.18,3.18,3.13,3.15,338105,1063640.75
2023-04-11,3.14,3.17,3.13,3.15,117888,370555.19
2023-04-12,3.16,3.17,3.12,3.15,183637,575784.50
2023-04-13,3.15,3.17,3.12,3.14,281173,884831.81
2023-04-14,3.13,3.17,3.12,3.14,266108,835063.88
2023-04-17,3.12,3.15,3.10,3.15,132339,412737.25
2023-04-18,3.12,3.14,3.10,3.12,241362,751367.88
2023-04-19,3.12,3.12,3.08,3.10,245848,761790.75
2023-04-20,3.10,3.10,3.05,3.07,250478,769301.50
2023-04-21,3.04,3.06,2.98,3.02,1005120,3033802.50
2023-04-24,2.98,3.02,2.98,3.00,190536,572829.63
2023-04-25,3.00,3.00,2.90,2.94,381942,1124175.38
2023-04-26,2.89,2.94,2.88,2.93,203281,590954.00
2023-04-27,2.88,2.94,2.88,2.93,175346,509552.63
2023-04-28,2.93,2.97,2.91,2.96,160228,471414.41
2023-05-04,2.99,2.99,2.93,2.97,91210,268832.13
2023-05-05,2.96,3.08,2.95,3.05,731288,2226351.50
2023-05-08,3.07,3.75,3.07,3.49,6468863,22769404.00
2023-05-09,3.41,3.43,3.20,3.22,3637733,12023406.00
2023-05-10,3.22,3.30,3.13,3.18,1226144,3923769.25
2023-05-11,3.25,3.25,3.14,3.19,646494,2069918.88
2023-05-12,3.17,3.19,3.12,3.16,655983,2068692.25
2023-05-15,3.18,3.18,3.11,3.12,303103,950903.81
2023-05-16,3.14,3.14,3.11,3.11,270616,845305.63
2023-05-17,3.13,3.14,3.11,3.12,249812,781718.00
2023-05-18,3.17,3.18,3.12,3.12,436469,1370092.00
2023-05-19,3.13,3.19,3.12,3.16,260717,823012.50
2023-05-22,3.18,3.29,3.14,3.24,814292,2628844.00
2023-05-23,3.30,3.38,3.20,3.24,485960,1590154.63
2023-05-24,3.21,3.21,3.15,3.16,323211,1026076.19
2023-05-25,3.15,3.18,3.13,3.14,242597,763736.81
2023-05-26,3.16,3.20,3.16,3.16,227999,725152.81
2023-05-29,3.16,3.22,3.12,3.13,199811,629575.69
2023-05-30,3.17,3.17,3.11,3.15,216947,678346.06
2023-05-31,3.15,3.15,3.08,3.08,439687,1364057.00
2023-06-01,3.10,3.10,3.01,3.03,371647,1131178.88
2023-06-02,3.06,3.09,3.03,3.05,242825,743493.31
2023-06-05,3.04,3.07,3.02,3.02,144057,437456.31
2023-06-06,3.03,3.06,2.99,2.99,337703,1018640.25
2023-06-07,2.96,3.04,2.96,3.00,105669,317581.28
2023-06-08,3.00,3.25,3.00,3.18,1779158,5638214.00
2023-06-09,3.16,3.17,3.04,3.06,915455,2818135.25
2023-06-12,3.09,3.09,3.03,3.03,201908,613454.56
2023-06-13,3.04,3.08,3.03,3.03,172808,525081.94
2023-06-14,3.05,3.10,3.03,3.05,248663,765607.50
2023-06-15,3.07,3.09,3.01,3.05,170015,516308.31
2023-06-16,3.06,3.10,3.04,3.04,176523,541507.63
2023-06-19,3.02,3.05,3.01,3.04,143247,432827.41
2023-06-20,3.04,3.06,3.01,3.02,231320,702271.31
2023-06-21,3.06,3.08,3.04,3.04,190512,582765.19
2023-06-26,3.05,3.05,3.02,3.02,185663,563556.63
2023-06-27,3.04,3.08,3.01,3.08,236463,722155.44
2023-06-28,3.05,3.08,3.03,3.06,145956,444621.59
2023-06-29,3.07,3.08,3.04,3.08,204212,625028.25
2023-06-30,3.09,3.10,3.06,3.08,177673,545843.69
2023-07-03,3.07,3.09,3.06,3.07,220947,676936.81
2023-07-04,3.07,3.07,3.03,3.06,207462,631801.25
2023-07-05,3.07,3.07,3.03,3.05,100475,306168.22
2023-07-06,3.06,3.06,3.03,3.05,125962,382341.56
2023-07-07,3.03,3.05,3.02,3.02,279095,844979.63
2023-07-10,3.02,3.04,3.01,3.03,343348,1035627.00
2023-07-11,3.04,3.04,3.01,3.04,114698,346848.22
2023-07-12,3.05,3.05,3.01,3.04,91380,276632.09
2023-07-13,3.05,3.06,3.03,3.05,156146,474522.22
2023-07-14,3.06,3.06,3.01,3.05,116775,354602.75
2023-07-17,3.05,3.05,3.02,3.04,117595,356171.06
2023-07-18,3.05,3.07,3.03,3.04,218146,663815.69
2023-07-19,3.03,3.05,3.01,3.04,216443,656364.81
2023-07-20,3.03,3.04,3.00,3.03,320050,965399.69
2023-07-21,3.01,3.03,3.01,3.03,352821,1063480.63
2023-07-24,3.07,3.28,3.07,3.10,1265682,3967798.25
2023-07-25,3.15,3.19,3.05,3.14,1358409,4254315.50
2023-07-26,3.09,3.58,3.09,3.34,6584916,22201466.00
2023-07-27,3.12,3.23,3.12,3.13,3578308,11296877.00
2023-07-28,3.12,3.17,3.09,3.12,1390117,4343007.50
2023-07-31,3.12,3.21,3.10,3.16,1199815,3787126.50
2023-08-01,3.15,3.18,3.11,3.13,1079814,3387055.75
2023-08-02,3.12,3.22,3.12,3.14,823598,2610118.75
2023-08-03,3.14,3.17,3.14,3.16,337360,1064461.75
2023-08-04,3.14,3.25,3.14,3.18,1102200,3524483.00
2023-08-07,3.15,3.16,3.10,3.13,996421,3116082.25
2023-08-08,3.12,3.18,3.11,3.12,590082,1851140.25
2023-08-09,3.12,3.13,3.09,3.09,424838,1318847.38
2023-08-10,3.08,3.12,3.08,3.10,250449,774510.75
2023-08-11,3.10,3.12,3.07,3.07,237479,732854.00
2023-08-14,3.06,3.08,3.05,3.06,207270,634441.50
2023-08-15,3.06,3.07,3.03,3.03,266552,811161.19
2023-08-16,3.03,3.06,3.02,3.05,167746,508906.91
2023-08-17,3.03,3.05,3.00,3.05,379022,1145221.75
2023-08-18,3.05,3.06,3.02,3.04,188715,573127.50
2023-08-21,3.02,3.06,2.99,3.01,368564,1112518.00
2023-08-22,3.02,3.03,2.99,3.02,422835,1271651.75
2023-08-23,3.00,3.02,3.00,3.01,144040,433361.53
2023-08-24,3.00,3.04,3.00,3.02,142896,431831.22
2023-08-25,3.03,3.04,3.00,3.01,195637,589046.13
2023-08-28,3.15,3.17,3.01,3.03,423176,1309927.38
2023-08-29,3.03,3.12,3.02,3.09,355155,1089997.50
2023-08-30,3.07,3.09,3.04,3.06,220447,673721.75
2023-08-31,3.06,3.06,3.01,3.02,144489,436924.69
2023-09-01,3.05,3.05,3.02,3.05,119904,364831.16
2023-09-04,3.09,3.19,3.09,3.12,1631464,5120988.50
2023-09-05,3.13,3.14,3.05,3.09,726524,2237486.25
2023-09-06,3.09,3.09,3.05,3.05,358199,1095615.00
2023-09-07,3.06,3.08,3.04,3.04,375141,1145286.88
2023-09-08,3.04,3.06,3.03,3.04,228204,695208.31
2023-09-11,3.04,3.06,3.04,3.05,140082,426572.56
2023-09-12,3.06,3.06,3.04,3.05,184490,561416.13
2023-09-13,3.04,3.06,3.04,3.05,244520,743451.56
2023-09-14,3.04,3.05,3.03,3.03,218604,663290.94
2023-09-15,3.05,3.05,3.03,3.04,121438,368964.91
2023-09-18,3.03,3.05,3.03,3.03,102183,310132.19
2023-09-19,3.03,3.05,3.02,3.03,147284,446788.53
2023-09-20,3.04,3.04,3.01,3.01,119039,359348.66
2023-09-21,3.01,3.02,2.99,3.01,201290,604585.06
2023-09-22,3.01,3.03,3.00,3.01,121326,365941.28
2023-09-25,3.02,3.03,2.97,2.98,281444,843107.31
2023-09-26,2.94,2.96,2.92,2.92,580566,1704122.50
2023-09-27,2.90,2.93,2.90,2.91,506290,1477846.88
2023-09-28,2.93,2.94,2.91,2.91,201121,587623.94
2023-10-09,2.93,2.95,2.90,2.91,133524,388990.75
2023-10-10,2.87,2.93,2.86,2.90,314665,907336.25
2023-10-11,2.90,2.92,2.89,2.90,85217,246613.73
2023-10-12,2.90,2.92,2.90,2.90,122924,356847.91
2023-10-13,2.88,2.92,2.88,2.90,60838,176149.27
2023-10-16,2.86,2.89,2.86,2.88,118834,341638.91
2023-10-17,2.88,2.91,2.88,2.89,50401,145744.55
2023-10-18,2.85,2.88,2.80,2.86,217157,617163.94
2023-10-19,2.85,2.86,2.83,2.84,126031,357669.97
2023-10-20,2.83,2.86,2.83,2.85,58076,164916.34
2023-10-23,2.82,2.86,2.78,2.79,163790,459669.66
2023-10-24,2.80,2.85,2.80,2.83,69287,195008.30
2023-10-25,2.86,2.90,2.85,2.87,289842,832641.69
2023-10-26,2.86,2.87,2.81,2.83,184516,521710.91
2023-10-27,2.84,2.88,2.84,2.86,193033,553048.81
2023-10-30,2.88,2.88,2.85,2.87,93960,269340.75
2023-10-31,2.85,2.87,2.83,2.86,103211,293878.69
2023-11-01,2.85,2.87,2.84,2.86,56815,161787.33
2023-11-02,2.84,2.86,2.83,2.83,153855,436671.91
2023-11-03,2.86,2.86,2.83,2.85,136259,388260.34
2023-11-06,2.86,2.88,2.84,2.88,284600,813981.13
2023-11-07,2.87,2.88,2.86,2.88,93163,267380.13
2023-11-08,2.88,2.94,2.86,2.94,615787,1795656.13
2023-11-09,2.92,2.96,2.92,2.94,380154,1117137.88
2023-11-10,2.90,2.94,2.90,2.94,91162,266566.22
2023-11-13,2.93,2.93,2.88,2.92,311975,903931.44
2023-11-14,2.92,2.92,2.89,2.91,166548,483061.31
2023-11-15,2.90,2.93,2.90,2.93,224808,656705.31
2023-11-16,2.93,2.93,2.88,2.91,352760,1023608.31
2023-11-17,2.90,2.90,2.87,2.90,182788,527605.31
2023-11-20,2.90,3.02,2.89,2.99,975437,2903865.25
2023-11-21,2.98,3.35,2.98,3.15,6497339,20795094.00
2023-11-22,3.14,3.55,3.12,3.53,10368863,35293832.00
2023-11-23,3.59,3.75,3.35,3.45,10229713,36308196.00
2023-11-24,3.44,3.74,3.32,3.71,10314935,37283904.00
2023-11-27,3.81,4.35,3.77,4.33,19285997,78679792.00
2023-11-28,4.33,4.48,4.03,4.13,13088384,55120960.00
2023-11-29,4.12,4.29,3.58,3.64,10132873,39215140.00
2023-11-30,3.70,3.77,3.53,3.59,4113825,14974462.00
2023-12-01,3.55,3.69,3.42,3.43,3381366,11890511.00
2023-12-04,3.43,3.54,3.34,3.45,3165560,10862752.00
2023-12-05,3.50,3.78,3.46,3.74,7193385,26435854.00
2023-12-06,3.75,3.85,3.60,3.70,4788024,17916524.00
2023-12-07,3.77,4.32,3.68,4.03,9662009,38345912.00
2023-12-08,3.96,4.08,3.88,3.97,6869843,27243354.00
2023-12-11,3.97,4.05,3.72,3.86,4402629,16970840.00
2023-12-12,3.88,4.20,3.76,4.09,8649175,34916212.00
2023-12-13,3.98,4.17,3.93,4.11,8859369,35854944.00
2023-12-14,4.08,4.30,4.05,4.15,11060096,46409756.00
2023-12-15,5.10,5.39,4.70,4.78,31099826,158200672.00
2023-12-18,4.40,4.88,4.31,4.78,21668488,99566736.00
2023-12-19,4.68,4.75,4.49,4.54,11763185,54055280.00
2023-12-20,4.54,4.70,4.54,4.64,9493211,43884500.00
2023-12-21,4.64,4.77,4.10,4.11,13415658,59297180.00
2023-12-22,4.12,4.18,3.92,4.06,8067990,32588576.00
2023-12-25,4.08,4.22,3.99,4.18,7193423,29729682.00
2023-12-26,4.22,4.47,4.16,4.39,11291511,48950052.00
2023-12-27,4.31,4.35,4.06,4.20,6650696,28068676.00
2023-12-28,4.22,4.31,4.15,4.26,5029607,21336694.00
2023-12-29,4.23,4.37,4.22,4.33,5645090,24347764.00
2024-01-02,4.33,4.55,4.33,4.52,9665246,43193280.00
2024-01-03,4.60,4.82,4.54,4.69,11658033,54445100.00
2024-01-04,4.40,4.75,4.40,4.70,8705350,40279104.00
2024-01-05,4.66,4.79,4.40,4.47,7657210,35127360.00
2024-01-08,4.63,4.93,4.48,4.50,13780054,65038040.00
2024-01-09,4.44,4.55,4.02,4.11,11173520,47195344.00
2024-01-10,4.06,4.16,3.99,4.10,5632068,22951734.00
2024-01-11,4.11,4.16,4.04,4.10,4153375,17049852.00
2024-01-12,4.10,4.23,3.79,3.80,7778276,31118898.00
2024-01-15,3.81,3.81,3.58,3.65,3644226,13410689.00
2024-01-16,3.65,3.92,3.50,3.90,6626170,24689128.00
2024-01-17,3.84,3.97,3.77,3.77,4542680,17578616.00
2024-01-18,3.77,3.88,3.66,3.83,4621037,17499442.00
2024-01-19,3.87,3.98,3.83,3.98,5678364,22313934.00
2024-01-22,3.99,3.99,3.65,3.72,3932634,14999862.00
2024-01-23,3.69,3.80,3.67,3.76,1826906,6810558.50
2024-01-24,3.83,4.12,3.69,3.94,6788088,26513750.00
2024-01-25,3.90,4.29,3.80,4.22,13954335,58082696.00
2024-01-26,4.22,4.22,3.99,3.99,9180349,37569656.00
2024-01-29,4.01,4.63,4.01,4.23,21571443,93477152.00
2024-01-30,3.78,4.06,3.70,3.92,12528782,48576156.00
2024-01-31,3.88,4.03,3.81,4.03,9550543,37656912.00
2024-02-01,3.96,3.98,3.56,3.56,7328679,27568100.00
2024-02-02,3.51,3.64,3.10,3.22,7082168,23865068.00
2024-02-05,3.22,3.26,2.88,3.01,5266169,16019929.00
2024-02-06,2.99,3.32,2.92,3.31,5553009,17678570.00
2024-02-07,3.32,3.53,3.21,3.29,6437633,21952558.00
2024-02-08,3.23,3.40,3.10,3.28,4765762,15408789.00
2024-02-19,3.29,3.55,3.28,3.46,7116915,24429938.00
2024-02-20,3.44,3.69,3.38,3.53,5951346,20989480.00
2024-02-21,3.47,3.65,3.41,3.49,6660914,23645422.00
2024-02-22,3.50,3.56,3.40,3.43,4592476,15928388.00
2024-02-23,3.46,3.55,3.40,3.43,5071143,17542344.00
2024-02-26,3.43,3.55,3.37,3.44,5925069,20472642.00
2024-02-27,3.44,3.59,3.38,3.56,9373458,32900754.00
2024-02-28,3.54,3.66,3.40,3.41,8751850,30952698.00
2024-02-29,3.37,3.49,3.36,3.46,3850300,13219694.00
2024-03-01,3.46,3.49,3.41,3.44,3810015,13085533.00
2024-03-04,3.45,3.45,3.25,3.32,3620428,12085578.00
2024-03-05,3.32,3.32,3.18,3.18,4215023,13577599.00
2024-03-06,3.18,3.24,3.18,3.21,2110594,6790540.00
2024-03-07,3.22,3.25,3.15,3.17,2204434,7032921.00
2024-03-08,3.18,3.18,3.12,3.16,1503354,4733086.00
2024-03-11,3.16,3.21,3.13,3.19,1737823,5513997.00
2024-03-12,3.20,3.25,3.17,3.22,1904664,6113854.50
2024-03-13,3.23,3.23,3.17,3.18,1392932,4441030.50
2024-03-14,3.18,3.24,3.17,3.22,2469142,7893037.00
2024-03-15,3.21,3.46,3.17,3.41,6584273,21976816.00
2024-03-18,3.42,3.48,3.37,3.40,2712603,9193103.00
2024-03-19,3.38,3.44,3.36,3.36,2440477,8242586.50
2024-03-20,3.36,3.45,3.35,3.40,1630941,5539952.00
2024-03-21,3.39,3.43,3.32,3.34,1472002,4943323.50
2024-03-22,3.35,3.37,3.28,3.30,1244926,4123340.25
2024-03-25,3.29,3.29,3.19,3.21,1190594,3867658.75
2024-03-26,3.21,3.24,3.15,3.19,1331166,4255184.00
2024-03-27,3.19,3.34,3.19,3.22,2146618,6993349.50
2024-03-28,3.23,3.28,3.19,3.23,1496655,4832384.00
2024-03-29,3.21,3.43,3.21,3.29,3048454,10146784.00
2024-04-01,3.25,3.33,3.23,3.27,1935708,6315829.00
2024-04-02,3.29,3.29,3.23,3.26,1036935,3372528.50
2024-04-03,3.26,3.26,3.20,3.20,944158,3045096.00
2024-04-08,3.20,3.20,3.12,3.12,1609798,5059481.50
2024-04-09,3.12,3.15,3.10,3.14,542754,1695087.75
2024-04-10,3.14,3.27,3.11,3.19,2502663,8037617.50
2024-04-11,3.18,3.19,3.13,3.13,1382305,4357836.50
2024-04-12,3.15,3.16,3.10,3.12,1069302,3344672.00
2024-04-15,3.14,3.15,2.92,2.98,2032143,6113207.50
2024-04-16,2.97,2.99,2.80,2.83,1731788,4954342.00
2024-04-17,2.83,2.99,2.83,2.96,1618705,4773853.50
2024-04-18,2.94,3.04,2.90,2.96,1581890,4677851.50
2024-04-19,2.94,3.12,2.87,3.03,3779513,11417650.00
2024-04-22,3.01,3.14,3.00,3.00,2677805,8185033.50
2024-04-23,3.02,3.48,3.00,3.26,8399685,27483646.00
2024-04-24,3.12,3.58,3.10,3.40,9698608,32794092.00
2024-04-25,3.29,3.46,3.20,3.29,7244403,23938006.00
2024-04-26,3.25,3.42,3.20,3.25,6489277,21479742.00
2024-04-29,3.16,3.26,3.10,3.19,4449087,14119569.00
2024-04-30,3.25,3.31,3.19,3.21,3454636,11220482.00
2024-05-06,3.28,3.28,3.17,3.21,2821176,9036174.00
2024-05-07,3.23,3.31,3.21,3.22,2648944,8611587.00
2024-05-08,3.22,3.22,3.17,3.18,1387042,4424471.50
2024-05-09,3.15,3.23,3.15,3.19,1256493,4007546.00
2024-05-10,3.18,3.22,3.14,3.16,1401180,4449225.00
2024-05-13,3.15,3.18,3.12,3.13,972580,3055701.75
2024-05-14,3.13,3.16,3.11,3.14,761593,2387628.25
2024-05-15,3.13,3.15,3.11,3.11,525982,1643190.50
2024-05-16,3.12,3.31,3.11,3.24,5505619,17876760.00
2024-05-17,3.23,3.28,3.10,3.18,4349431,13846152.00
2024-05-20,3.16,3.16,3.07,3.10,2035740,6322631.00
2024-05-21,3.08,3.11,3.00,3.01,1444030,4397411.00
2024-05-22,3.01,3.15,3.00,3.06,1907631,5859129.50
2024-05-23,3.03,3.28,2.98,3.14,5571353,17459016.00
2024-05-24,3.10,3.12,3.03,3.04,2541732,7818101.00
2024-05-27,3.05,3.06,3.01,3.03,789500,2396239.25
2024-05-28,3.04,3.07,3.01,3.02,508925,1543697.63
2024-05-29,3.02,3.04,3.00,3.00,584083,1760736.25
2024-05-30,2.99,3.01,2.96,2.97,859126,2562757.50
2024-05-31,2.96,3.00,2.96,2.97,360816,1074715.63
2024-06-03,2.96,3.00,2.91,2.92,1009314,2972581.50
2024-06-04,2.92,2.96,2.91,2.92,612416,1797208.00
2024-06-05,2.91,2.91,2.83,2.83,1116401,3202622.00
2024-06-06,2.85,2.86,2.71,2.82,1745043,4840297.00
2024-06-07,2.83,2.87,2.79,2.81,817836,2299597.25
2024-06-11,2.81,2.82,2.77,2.79,306631,855476.63
2024-06-12,2.81,2.84,2.74,2.82,614009,1725435.25
2024-06-13,2.81,2.83,2.77,2.77,368597,1028954.94
2024-06-14,2.79,2.79,2.74,2.79,489729,1354743.75
2024-06-17,2.78,2.78,2.75,2.76,498441,1374505.50
2024-06-18,2.73,2.77,2.73,2.76,263939,727987.25
2024-06-19,2.73,2.95,2.73,2.84,1824764,5216972.50
2024-06-20,2.84,2.98,2.78,2.86,2004956,5729769.50
2024-06-21,2.86,3.05,2.84,2.96,3800337,11298665.00
2024-06-24,2.96,2.98,2.77,2.80,2961653,8451198.00
2024-06-25,2.80,2.83,2.78,2.80,760983,2136728.50
2024-06-26,2.77,2.86,2.77,2.85,960212,2710604.00
2024-06-27,2.85,2.85,2.79,2.79,813495,2283509.00
2024-06-28,2.81,2.81,2.77,2.78,445247,1242952.25
2024-07-01,2.81,2.81,2.77,2.79,297864,831884.19
2024-07-02,2.78,2.81,2.77,2.78,417119,1164312.50
2024-07-03,2.80,2.80,2.75,2.78,477049,1323936.25
2024-07-04,2.78,2.80,2.74,2.75,552321,1530749.63
2024-07-05,2.73,2.80,2.70,2.79,739952,2036409.38
2024-07-08,2.77,2.77,2.70,2.72,601790,1645171.75
2024-07-09,2.71,2.74,2.69,2.73,507999,1382172.75
2024-07-10,2.73,2.75,2.71,2.74,438985,1200387.00
2024-07-11,2.77,2.84,2.73,2.80,1002087,2794415.50
2024-07-12,2.78,2.86,2.78,2.82,1050700,2964972.25
2024-07-15,2.81,2.81,2.76,2.77,461871,1280690.13
2024-07-16,2.76,2.86,2.76,2.86,1352294,3820771.75
2024-07-17,2.87,3.10,2.85,3.05,5411640,16369395.00
2024-07-18,3.03,3.06,2.93,2.95,2805170,8364271.00
2024-07-19,2.95,3.03,2.92,2.93,1709258,5063148.00
2024-07-22,2.92,2.94,2.89,2.90,632905,1839909.88
2024-07-23,2.90,2.94,2.86,2.88,934110,2707319.75
2024-07-24,2.86,2.89,2.80,2.80,862099,2435987.75
2024-07-25,2.80,2.84,2.75,2.83,475692,1335913.25
2024-07-26,2.83,2.86,2.82,2.85,808149,2297877.50
2024-07-29,2.83,2.84,2.81,2.82,564670,1594233.88
2024-07-30,2.80,2.87,2.80,2.84,482657,1373580.63
2024-07-31,2.83,2.92,2.83,2.90,835590,2413297.75
2024-08-01,2.92,2.97,2.89,2.90,808055,2361582.75
2024-08-02,2.87,2.92,2.86,2.90,743845,2143378.00
2024-08-05,2.87,2.90,2.82,2.83,650251,1859868.13
2024-08-06,2.83,2.87,2.82,2.85,450422,1279580.75
2024-08-07,2.83,2.86,2.83,2.84,334305,951077.00
2024-08-08,2.83,2.84,2.79,2.80,515996,1450217.13
2024-08-09,2.80,3.08,2.80,2.88,2992202,8871190.00
2024-08-12,2.83,2.95,2.82,2.88,2143044,6185174.00
2024-08-13,2.86,3.13,2.80,3.13,6966846,20991196.00
2024-08-14,3.15,3.46,2.98,3.03,11531524,37329020.00
2024-08-15,2.95,2.96,2.85,2.89,7776917,22613438.00
2024-08-16,2.89,2.91,2.85,2.86,2287091,6569091.50
2024-08-19,2.84,2.87,2.82,2.86,1097046,3124510.50
2024-08-20,2.85,2.90,2.83,2.83,1351372,3865799.50
2024-08-21,2.83,2.84,2.80,2.83,667267,1881764.00
2024-08-22,2.83,2.84,2.79,2.80,697447,1959834.00
2024-08-23,2.80,3.16,2.78,3.16,6647035,19750448.00
2024-08-26,3.16,3.45,3.06,3.17,11172528,36190792.00
2024-08-27,3.04,3.38,2.94,3.32,13395642,42179840.00
2024-08-28,3.13,3.15,2.98,3.04,9928496,30196360.00
2024-08-29,2.96,3.01,2.91,2.92,4715143,13868581.00
2024-08-30,2.91,3.01,2.88,2.91,4222717,12435724.00
2024-09-02,2.91,2.95,2.88,2.89,1768858,5129087.00
2024-09-03,2.87,2.92,2.86,2.89,1439023,4159387.25
2024-09-04,2.89,2.94,2.89,2.90,1255590,3653565.50
2024-09-05,2.88,2.92,2.88,2.91,1233761,3579394.25
2024-09-06,2.91,2.92,2.84,2.85,1746094,5000167.50
2024-09-09,2.85,2.87,2.83,2.84,533081,1516900.13
2024-09-10,2.83,2.90,2.81,2.87,786175,2239212.50
2024-09-11,2.86,2.88,2.84,2.85,568959,1626350.25
2024-09-12,2.86,2.89,2.84,2.85,833760,2390091.00
2024-09-13,2.84,2.94,2.83,2.87,1964388,5671372.50
2024-09-18,2.85,2.86,2.81,2.84,1265250,3580926.00
2024-09-19,2.84,2.95,2.83,2.89,1444664,4172022.25
2024-09-20,2.88,2.91,2.85,2.86,938366,2699439.25
2024-09-23,2.86,2.87,2.83,2.85,518803,1481324.63
2024-09-24,2.87,2.92,2.81,2.91,1292888,3727644.75
2024-09-25,2.95,3.02,2.93,2.95,2452889,7278642.50
2024-09-26,2.95,3.00,2.89,2.99,2309329,6825124.50
2024-09-27,2.99,3.25,2.98,3.19,6062811,19061596.00
2024-09-30,3.36,3.86,3.29,3.79,14338330,51384636.00
2024-10-08,4.60,4.92,3.90,4.92,24986130,116428800.00
2024-10-09,4.58,4.60,3.91,3.95,18191948,77528208.00
2024-10-10,3.98,5.13,3.81,4.88,35521711,169683168.00
2024-10-11,4.35,4.35,3.96,4.03,21822547,89843736.00
2024-10-14,4.22,4.64,3.98,4.38,18006138,77196360.00
2024-10-15,4.18,4.46,4.01,4.21,14991502,63818416.00
2024-10-16,4.37,5.47,4.33,5.47,51768821,271692352.00
2024-10-17,5.55,6.49,5.55,5.58,64361350,386519936.00
2024-10-18,5.00,6.00,4.96,5.65,48819910,266175232.00
2024-10-21,5.50,6.25,5.36,6.24,46194807,270123424.00
2024-10-22,5.99,5.99,5.26,5.30,27582478,153466016.00
2024-10-23,5.20,5.62,5.20,5.28,13831910,74747392.00
2024-10-24,5.30,5.50,5.20,5.44,15910542,85631872.00
2024-10-25,5.38,5.85,5.27,5.29,23652525,131771224.00
2024-10-28,5.36,5.50,5.01,5.47,14986835,79308840.00
2024-10-29,5.80,5.82,5.45,5.56,19029072,106597488.00
2024-10-30,5.50,6.08,5.35,5.97,28731079,167262400.00
2024-10-31,5.86,5.90,5.47,5.61,18132348,102747032.00
2024-11-01,5.45,5.98,5.13,5.64,20200848,113677000.00
2024-11-04,5.47,5.98,5.40,5.86,16748170,96919968.00
2024-11-05,5.98,7.18,5.98,6.54,30257652,198455856.00
2024-11-06,6.80,7.15,6.50,6.81,31329354,213630256.00
2024-11-07,6.77,8.85,6.45,8.85,53924511,440658912.00
2024-11-08,8.78,8.84,7.42,7.66,46569148,376397216.00
2024-11-11,7.67,7.70,6.82,7.06,28667188,204370800.00
2024-11-12,7.10,7.37,6.83,7.08,19611017,138809936.00
2024-11-13,6.95,7.14,6.73,7.05,15548501,107965728.00
2024-11-14,7.23,7.39,6.79,6.81,15723693,112031816.00
2024-11-15,6.71,7.07,6.51,6.78,15541207,105406200.00
2024-11-18,6.70,7.50,6.60,7.09,20727611,145826064.00
2024-11-19,6.86,6.93,6.06,6.53,19019869,124114456.00
2024-11-20,6.35,6.76,6.35,6.72,12679888,83687040.00
2024-11-21,6.79,7.06,6.63,6.98,15332145,105340472.00
2024-11-22,6.98,7.19,6.61,6.61,14933695,103548304.00
2024-11-25,6.65,6.69,6.35,6.50,8861825,57138024.00
2024-11-26,6.50,6.64,6.11,6.12,8645019,55032332.00
2024-11-27,6.16,6.25,5.65,6.15,10326511,61384212.00
2024-11-28,6.10,6.75,6.10,6.46,16692306,108779408.00
2024-11-29,6.31,6.91,6.31,6.85,18337367,122931120.00
2024-12-02,6.84,7.29,6.71,7.19,19892412,140417360.00
2024-12-03,7.19,7.19,7.19,7.19,0,0.00
#数据来源:通达信
