833943 优机股份 日线 不复权
      日期	    开盘	    最高	    最低	    收盘	    成交量	    成交额
2018-03-07,4.44,4.44,4.44,4.44,1000,4450.00
2020-09-14,8.26,8.26,8.26,8.26,100,826.00
2021-01-07,7.96,7.96,7.96,7.96,100,796.00
2021-01-12,7.96,7.96,7.96,7.96,400,3184.00
2021-03-26,9.00,9.00,9.00,9.00,1000,9000.00
2021-03-29,10.00,10.00,10.00,10.00,3000,30000.00
2021-03-30,10.00,10.00,10.00,10.00,2600,26000.00
2021-03-31,10.00,10.00,10.00,10.00,900,9000.00
2021-04-01,10.00,10.00,10.00,10.00,300,3000.00
2021-04-02,10.00,10.00,10.00,10.00,300,2990.00
2021-04-06,10.00,10.00,10.00,10.00,189000,1323000.00
2021-04-07,10.00,10.00,10.00,10.00,400,4000.00
2021-04-08,10.00,10.00,10.00,10.00,300,3000.00
2021-04-09,10.00,10.00,10.00,10.00,700,7000.00
2021-04-12,10.00,10.00,10.00,10.00,300,3000.00
2021-04-27,10.00,10.00,10.00,10.00,300,3000.00
2021-04-28,10.00,10.00,10.00,10.00,100,1000.00
2021-04-30,10.00,10.00,10.00,10.00,100,1000.00
2021-07-02,9.85,9.85,9.85,9.85,100,1300.20
2021-08-13,9.85,9.85,9.85,9.85,200,2324.60
2021-08-19,9.85,9.85,9.85,9.85,100,630.40
2021-08-26,9.85,9.85,9.85,9.85,100,985.00
2021-08-27,9.85,9.85,9.85,9.85,200,1970.00
2021-09-03,10.00,10.00,10.00,10.00,200,2000.00
2021-09-15,10.22,10.22,10.22,10.22,200,1749.33
2021-09-24,17.79,17.79,17.79,17.79,400,6603.80
2022-06-24,7.35,8.09,7.32,7.44,8363387,63041436.00
2022-06-27,7.01,7.39,7.01,7.29,3487727,24916982.00
2022-06-28,7.10,7.77,7.10,7.62,2782059,20958086.00
2022-06-29,7.60,7.99,7.46,7.50,1734873,13331061.00
2022-06-30,7.47,7.70,7.30,7.36,1206820,9025878.00
2022-07-01,7.41,7.45,7.27,7.31,785600,5751406.00
2022-07-04,7.30,7.34,7.23,7.31,559752,4081360.50
2022-07-05,7.34,7.34,7.21,7.24,482628,3504702.00
2022-07-06,7.25,7.25,7.04,7.09,910320,6466129.50
2022-07-07,7.06,7.14,7.04,7.08,453637,3205506.00
2022-07-08,7.15,7.15,7.07,7.09,349810,2477261.00
2022-07-11,7.05,7.07,7.00,7.02,472342,3317677.00
2022-07-12,7.01,7.05,6.99,7.03,290522,2038211.50
2022-07-13,7.00,7.04,6.96,7.03,417830,2922304.50
2022-07-14,7.00,7.04,6.97,7.02,114163,799110.94
2022-07-15,7.01,7.02,6.93,7.00,290766,2028837.88
2022-07-18,6.97,7.00,6.95,6.99,546357,3808919.25
2022-07-19,6.99,7.04,6.96,7.00,400521,2800641.75
2022-07-20,7.03,7.14,7.00,7.07,449206,3174976.25
2022-07-21,7.04,7.07,7.01,7.03,187823,1320797.38
2022-07-22,7.02,7.03,6.98,7.00,217387,1521650.25
2022-07-25,7.01,7.01,6.95,6.97,124777,868557.63
2022-07-26,6.96,7.23,6.96,7.22,960545,6845371.50
2022-07-27,7.18,8.08,7.18,7.70,2630564,20241336.00
2022-07-28,7.67,7.67,7.33,7.48,1448718,10791699.00
2022-07-29,7.32,7.48,7.26,7.30,827551,6052920.00
2022-08-01,7.23,7.37,7.23,7.37,426298,3121192.00
2022-08-02,7.32,7.32,7.08,7.18,592807,4249849.50
2022-08-03,7.18,7.30,7.15,7.25,368470,2666329.75
2022-08-04,7.19,7.34,7.19,7.31,207213,1508052.50
2022-08-05,7.25,7.34,7.25,7.27,94315,686323.94
2022-08-08,7.19,7.26,7.18,7.19,350459,2523500.25
2022-08-09,7.18,7.26,7.16,7.26,100068,721420.69
2022-08-10,7.21,7.60,7.17,7.49,860274,6402963.50
2022-08-11,7.51,7.81,7.51,7.71,1124846,8660040.00
2022-08-12,7.71,7.76,7.46,7.46,745447,5606165.50
2022-08-15,7.42,7.54,7.36,7.46,166722,1241805.38
2022-08-16,7.43,7.49,7.43,7.44,139368,1041138.25
2022-08-17,7.40,7.48,7.39,7.45,249803,1858149.13
2022-08-18,7.42,7.49,7.38,7.46,227347,1689052.25
2022-08-19,7.38,7.43,7.12,7.14,886527,6389242.50
2022-08-22,7.25,7.30,7.20,7.25,200611,1457763.75
2022-08-23,7.23,7.33,7.18,7.24,169639,1225671.38
2022-08-24,7.20,7.27,7.12,7.16,276796,1981641.00
2022-08-25,7.17,7.23,7.10,7.12,136724,975803.31
2022-08-26,7.17,7.22,7.14,7.14,76495,547862.25
2022-08-29,7.11,7.23,7.11,7.20,67014,481876.13
2022-08-30,7.20,7.25,7.18,7.24,116917,842008.25
2022-08-31,7.30,7.30,7.17,7.17,56280,404542.66
2022-09-01,7.24,7.24,7.14,7.17,69815,501098.81
2022-09-02,7.17,7.19,7.15,7.18,43918,314520.75
2022-09-05,7.22,7.27,7.20,7.26,110648,800178.81
2022-09-06,7.26,7.29,7.21,7.25,97131,702303.25
2022-09-07,7.24,7.26,7.21,7.24,129234,934553.19
2022-09-08,7.21,7.22,7.19,7.20,42938,309370.94
2022-09-09,7.20,7.22,7.16,7.21,54034,388868.44
2022-09-13,7.16,7.21,7.15,7.20,206650,1482677.13
2022-09-14,7.15,7.20,7.11,7.17,91094,651717.25
2022-09-15,7.19,7.20,7.02,7.06,195190,1387833.75
2022-09-16,7.01,7.65,7.01,7.56,1919989,14366527.00
2022-09-19,7.82,9.41,7.82,9.05,4611499,39667248.00
2022-09-20,8.60,9.18,8.15,8.81,2908473,25255180.00
2022-09-21,8.90,11.45,8.90,10.88,5525752,58167524.00
2022-09-22,10.50,10.98,9.88,10.18,5085947,52743056.00
2022-09-23,9.91,10.14,8.81,9.03,2970002,28060990.00
2022-09-26,8.80,9.28,8.44,8.88,2035102,18020200.00
2022-09-27,8.55,8.96,8.30,8.39,1670144,14264427.00
2022-09-28,8.39,8.94,8.03,8.44,1742414,14938809.00
2022-09-29,8.40,8.45,7.77,7.81,1948585,15727273.00
2022-09-30,7.78,7.92,7.46,7.50,1068011,8086112.50
2022-10-10,7.55,7.60,7.25,7.25,727911,5407041.00
2022-10-11,7.46,8.60,7.26,8.17,1577759,12742735.00
2022-10-12,8.23,8.63,8.11,8.18,1519175,12595383.00
2022-10-13,8.20,8.57,8.17,8.36,1217015,10166340.00
2022-10-14,8.59,8.60,8.22,8.41,840253,7093359.50
2022-10-17,8.75,8.87,8.41,8.56,737981,6318251.00
2022-10-18,8.57,9.45,8.39,9.13,1421768,12475546.00
2022-10-19,9.03,9.03,8.42,8.42,807629,6973967.00
2022-10-20,8.41,8.78,8.32,8.46,825354,7013784.00
2022-10-21,8.39,8.47,8.10,8.17,956823,7863486.50
2022-10-24,8.25,8.25,7.72,7.78,746323,5920753.00
2022-10-25,7.78,7.80,7.48,7.50,1204431,9156220.00
2022-10-26,7.60,7.99,7.45,7.90,1481617,11341932.00
2022-10-27,7.82,7.94,7.63,7.70,703439,5485825.00
2022-10-28,7.63,7.85,7.59,7.75,602942,4653793.50
2022-10-31,7.78,8.15,7.67,8.06,613087,4872422.00
2022-11-01,8.02,8.09,7.93,8.09,445967,3576223.50
2022-11-02,8.10,8.15,7.96,8.09,889702,7147999.00
2022-11-03,8.05,8.49,7.95,8.16,913973,7546680.50
2022-11-04,8.10,8.34,8.05,8.32,916681,7536228.00
2022-11-07,8.40,8.73,8.30,8.54,715033,6073925.00
2022-11-08,8.52,8.55,8.29,8.43,414944,3487344.25
2022-11-09,8.35,8.43,8.20,8.31,601981,4982517.50
2022-11-10,8.18,8.25,8.00,8.16,646414,5223743.50
2022-11-11,8.19,8.25,8.09,8.17,508517,4145435.00
2022-11-14,8.22,8.22,7.92,7.99,440633,3548521.00
2022-11-15,7.99,8.06,7.90,7.98,496199,3947238.00
2022-11-16,7.93,8.02,7.93,7.97,174861,1395420.13
2022-11-17,8.00,8.00,7.88,7.94,188503,1493626.00
2022-11-18,7.94,7.95,7.83,7.84,293142,2308853.50
2022-11-21,7.99,8.27,7.97,8.20,978814,7982247.50
2022-11-22,8.20,8.20,7.90,7.95,515201,4150805.50
2022-11-23,7.92,8.02,7.85,7.95,367142,2904281.50
2022-11-24,7.94,7.96,7.89,7.93,205385,1630335.00
2022-11-25,7.93,7.93,7.82,7.91,207460,1635951.00
2022-11-28,7.85,7.86,7.74,7.81,188477,1472364.88
2022-11-29,7.75,7.86,7.74,7.82,205280,1601388.00
2022-11-30,7.83,7.84,7.78,7.81,110732,864714.56
2022-12-01,7.83,7.84,7.80,7.81,143139,1118995.38
2022-12-02,7.79,7.81,7.76,7.76,139415,1084620.38
2022-12-05,7.76,7.78,7.65,7.75,316582,2439236.00
2022-12-06,7.78,7.95,7.78,7.87,253030,1991205.00
2022-12-07,7.90,8.00,7.81,7.90,168828,1332448.63
2022-12-08,7.81,7.87,7.69,7.74,162293,1255532.13
2022-12-09,7.75,7.75,7.54,7.70,358744,2745521.50
2022-12-12,7.62,7.72,7.57,7.63,171920,1305954.75
2022-12-13,7.69,7.69,7.56,7.63,113326,859616.50
2022-12-14,7.58,7.66,7.55,7.63,129163,978426.88
2022-12-15,7.52,7.62,7.52,7.58,64200,485540.28
2022-12-16,7.54,7.54,7.40,7.43,250145,1859433.88
2022-12-19,7.35,7.36,7.23,7.28,174460,1270696.63
2022-12-20,7.23,7.32,7.15,7.23,105092,763186.75
2022-12-21,7.23,7.29,7.18,7.28,214323,1551476.88
2022-12-22,7.35,7.39,7.17,7.19,55533,400751.78
2022-12-23,7.15,7.24,7.08,7.08,114592,817425.56
2022-12-26,7.08,7.19,7.05,7.11,157289,1114997.38
2022-12-27,7.11,7.16,7.09,7.15,27021,192417.98
2022-12-28,7.10,7.18,7.10,7.14,34228,243731.92
2022-12-29,7.17,7.23,7.12,7.21,81445,584303.50
2022-12-30,7.18,7.29,7.18,7.29,26928,195415.36
2023-01-03,7.28,7.39,7.21,7.38,57855,424687.56
2023-01-04,7.39,7.60,7.31,7.53,149324,1123450.75
2023-01-05,7.46,7.60,7.46,7.58,60336,456609.38
2023-01-06,7.61,7.62,7.38,7.59,41700,314820.72
2023-01-09,7.51,7.65,7.50,7.60,67460,512905.78
2023-01-10,7.55,7.63,7.55,7.63,51747,393587.78
2023-01-11,7.63,7.63,7.45,7.52,42001,317112.56
2023-01-12,7.53,7.58,7.47,7.54,60176,452973.56
2023-01-13,7.49,7.55,7.45,7.52,103181,770360.44
2023-01-16,7.48,7.57,7.42,7.46,127121,949457.13
2023-01-17,7.46,7.50,7.43,7.47,55892,416674.50
2023-01-18,7.48,7.55,7.43,7.55,44585,333092.22
2023-01-19,7.58,7.62,7.50,7.57,55939,422548.88
2023-01-20,7.62,7.67,7.52,7.59,143720,1089904.63
2023-01-30,7.69,7.76,7.60,7.71,149672,1148804.13
2023-01-31,7.60,8.28,7.60,8.21,1127078,9110159.00
2023-02-01,8.24,8.38,8.02,8.11,564684,4642097.50
2023-02-02,8.06,8.06,7.78,7.89,433096,3406657.50
2023-02-03,7.80,7.94,7.80,7.89,213800,1677553.38
2023-02-06,7.75,7.95,7.72,7.88,173498,1353120.88
2023-02-07,7.78,7.93,7.77,7.90,119898,939009.00
2023-02-08,7.81,7.84,7.75,7.78,160856,1252549.63
2023-02-09,7.74,8.47,7.73,8.39,1856171,15227808.00
2023-02-10,8.45,8.97,8.40,8.74,1598699,14031778.00
2023-02-13,8.60,8.81,8.38,8.61,1140449,9773692.00
2023-02-14,8.53,8.68,8.51,8.58,429734,3687604.75
2023-02-15,8.60,8.61,8.45,8.58,328663,2805126.75
2023-02-16,8.59,8.62,8.27,8.32,491494,4159609.00
2023-02-17,8.30,8.78,8.30,8.41,536985,4583449.50
2023-02-20,8.38,8.47,8.25,8.38,377142,3147191.50
2023-02-21,8.41,8.43,8.33,8.39,121551,1016740.13
2023-02-22,8.26,8.41,8.25,8.35,96752,807800.88
2023-02-23,8.35,8.36,8.21,8.29,186916,1547066.25
2023-02-24,8.18,8.28,8.18,8.28,97278,801172.44
2023-02-27,8.48,8.59,8.38,8.48,274946,2338099.75
2023-02-28,8.43,8.64,8.40,8.57,365236,3113950.50
2023-03-01,8.50,8.65,8.50,8.54,125667,1077832.00
2023-03-02,8.51,8.64,8.45,8.50,82026,699279.56
2023-03-03,8.47,8.53,8.41,8.51,134498,1140385.25
2023-03-06,8.45,8.58,8.20,8.54,289124,2440650.00
2023-03-07,8.42,8.57,8.38,8.50,371200,3060965.25
2023-03-08,8.40,8.55,8.29,8.47,120922,1009643.38
2023-03-09,8.46,8.46,8.24,8.38,275885,2295347.50
2023-03-10,8.31,8.37,8.02,8.33,316727,2596539.75
2023-03-13,8.23,8.39,8.21,8.39,213899,1780407.63
2023-03-14,8.39,8.39,8.13,8.32,204835,1681453.13
2023-03-15,8.39,8.43,8.22,8.41,78000,651658.44
2023-03-16,8.31,8.43,8.20,8.36,101296,842981.44
2023-03-17,8.38,8.38,8.21,8.32,135574,1120509.00
2023-03-20,8.37,8.37,8.13,8.21,77518,634246.50
2023-03-21,8.26,8.26,8.08,8.20,133648,1087430.13
2023-03-22,8.22,8.23,8.10,8.22,91969,752623.81
2023-03-23,8.24,8.24,8.08,8.17,52533,426793.88
2023-03-24,8.23,8.45,8.11,8.32,222278,1848071.75
2023-03-27,8.39,8.49,8.32,8.40,164302,1376634.63
2023-03-28,8.30,8.49,8.30,8.39,120193,1008011.75
2023-03-29,8.27,8.47,8.27,8.46,147470,1241747.63
2023-03-30,8.38,8.47,8.31,8.37,70096,585247.06
2023-03-31,8.33,8.45,8.32,8.36,99623,833842.31
2023-04-03,8.26,8.39,8.26,8.35,36678,305640.31
2023-04-04,8.22,8.46,8.22,8.41,100337,835376.75
2023-04-06,8.25,8.38,8.20,8.36,43687,361432.34
2023-04-07,8.27,8.42,8.27,8.30,129450,1075203.00
2023-04-10,8.15,8.34,8.15,8.27,43326,355938.25
2023-04-11,8.27,8.44,8.10,8.25,189283,1543364.75
2023-04-12,8.12,8.23,8.02,8.12,178497,1437886.88
2023-04-13,8.12,8.19,8.00,8.12,87174,703693.50
2023-04-14,8.04,8.13,8.02,8.10,64691,521085.78
2023-04-17,8.13,8.31,7.86,8.03,337054,2692957.50
2023-04-18,7.90,8.06,7.81,7.95,145879,1145929.50
2023-04-19,7.97,8.15,7.86,8.09,154314,1228496.88
2023-04-20,7.95,8.12,7.88,7.94,22900,182408.73
2023-04-21,7.86,8.06,7.86,8.01,242923,1928797.75
2023-04-24,8.01,8.70,8.01,8.47,957950,8083903.50
2023-04-25,8.38,9.17,8.38,8.91,1337129,11852993.00
2023-04-26,9.00,9.00,8.55,8.81,678384,5898752.00
2023-04-27,8.77,8.90,8.51,8.51,502363,4355407.00
2023-04-28,8.70,9.12,8.70,8.88,956832,8514990.00
2023-05-04,8.88,9.37,8.41,9.29,1193148,10793723.00
2023-05-05,9.28,9.44,9.03,9.35,897943,8278655.50
2023-05-08,9.35,9.92,9.35,9.88,1705292,16530850.00
2023-05-09,9.98,10.65,9.79,9.88,1715389,17428932.00
2023-05-10,9.78,9.78,9.10,9.60,1296401,12304287.00
2023-05-11,9.30,9.60,9.30,9.35,287100,2705505.50
2023-05-12,9.32,9.50,9.21,9.36,248204,2310511.25
2023-05-15,9.39,9.39,9.23,9.33,131375,1223835.13
2023-05-16,9.27,9.34,9.00,9.09,210331,1917562.00
2023-05-17,9.03,9.07,8.97,9.07,234400,2112211.75
2023-05-18,9.12,9.42,9.00,9.37,370568,3439704.00
2023-05-19,9.49,9.61,9.29,9.44,241507,2291634.50
2023-05-22,9.33,9.50,9.20,9.47,190962,1792936.00
2023-05-23,9.45,9.70,9.30,9.66,479493,4586420.50
2023-05-24,9.67,9.97,9.58,9.85,579437,5707960.50
2023-05-25,9.71,9.80,9.31,9.50,461752,4423744.50
2023-05-26,9.59,9.59,9.03,9.39,519675,4807889.00
2023-05-29,9.38,9.38,9.22,9.29,122430,1137893.25
2023-05-30,9.33,9.38,9.12,9.31,166333,1538305.25
2023-05-31,9.40,9.40,9.10,9.20,367584,3363066.00
2023-06-01,9.09,9.25,9.09,9.23,132196,1214996.63
2023-06-02,9.30,9.30,9.17,9.27,119411,1103405.50
2023-06-05,9.38,9.38,9.16,9.31,66784,616965.94
2023-06-06,9.30,9.35,9.18,9.22,161328,1493189.75
2023-06-07,9.23,9.44,9.23,9.32,112103,1040649.13
2023-06-08,9.23,9.27,9.08,9.15,211345,1938393.88
2023-06-09,9.13,9.30,9.10,9.21,124277,1140463.88
2023-06-12,9.20,9.21,9.02,9.14,181951,1653397.38
2023-06-13,9.03,9.16,9.03,9.16,57136,519297.81
2023-06-14,9.10,9.40,9.04,9.27,123595,1140998.50
2023-06-15,9.18,9.33,9.11,9.28,109440,1008884.50
2023-06-16,9.37,9.37,9.25,9.26,165984,1543787.50
2023-06-19,6.86,6.93,6.65,6.77,266655,1798198.88
2023-06-20,6.67,6.79,6.65,6.72,101916,682611.25
2023-06-21,6.66,6.95,6.61,6.92,531208,3631540.25
2023-06-26,6.85,6.89,6.74,6.79,157913,1070425.25
2023-06-27,6.88,6.89,6.75,6.89,107897,736193.19
2023-06-28,6.94,6.94,6.78,6.91,108417,740445.81
2023-06-29,6.85,7.46,6.84,7.20,863089,6196162.50
2023-06-30,6.98,7.25,6.98,7.06,302499,2147628.75
2023-07-03,7.09,7.30,6.90,7.22,428171,3028407.00
2023-07-04,7.18,7.52,7.13,7.40,620028,4588998.00
2023-07-05,7.30,7.55,7.30,7.45,819384,6075897.50
2023-07-06,7.56,7.60,7.21,7.30,606614,4457962.50
2023-07-07,7.24,7.42,7.20,7.28,494399,3613317.50
2023-07-10,7.33,7.35,7.07,7.12,388862,2801496.00
2023-07-11,7.06,7.12,6.92,6.98,564442,3968021.25
2023-07-12,7.07,7.07,6.90,6.96,165908,1155750.13
2023-07-13,7.10,7.10,6.96,7.07,158615,1116627.63
2023-07-14,7.10,7.60,7.09,7.55,1051289,7738390.00
2023-07-17,7.68,7.68,7.15,7.42,661256,4888485.50
2023-07-18,7.43,7.43,7.21,7.27,393925,2860423.25
2023-07-19,7.29,7.29,7.12,7.13,326281,2333990.25
2023-07-20,7.18,7.27,7.13,7.13,230893,1662576.75
2023-07-21,7.19,7.19,7.07,7.13,218338,1553298.00
2023-07-24,7.20,7.20,7.08,7.12,157324,1119686.88
2023-07-25,7.41,7.75,7.29,7.45,1295764,9608373.00
2023-07-26,7.46,7.54,7.36,7.46,385098,2872395.00
2023-07-27,7.38,7.46,7.35,7.40,201831,1490782.50
2023-07-28,7.44,7.49,7.30,7.49,362360,2687107.75
2023-07-31,7.44,8.05,7.44,7.96,1074331,8384402.00
2023-08-01,7.87,8.13,7.73,7.77,456252,3578609.50
2023-08-02,7.70,7.84,7.70,7.80,214999,1666723.38
2023-08-03,7.81,7.81,7.60,7.74,234856,1802761.50
2023-08-04,7.66,7.81,7.65,7.73,181821,1402717.25
2023-08-07,7.67,7.74,7.60,7.64,172832,1322843.50
2023-08-08,7.63,7.69,7.50,7.53,247446,1865464.75
2023-08-09,7.51,7.78,7.45,7.74,425992,3265330.00
2023-08-10,7.74,7.77,7.58,7.71,190119,1456115.00
2023-08-11,7.70,7.70,7.50,7.58,197280,1493459.50
2023-08-14,7.55,7.65,7.43,7.49,232619,1742220.50
2023-08-15,7.50,7.50,7.32,7.40,217153,1602637.25
2023-08-16,7.40,7.40,7.12,7.26,401439,2909100.50
2023-08-17,7.18,7.26,7.15,7.25,130130,936752.38
2023-08-18,7.30,7.32,7.13,7.25,314077,2272532.00
2023-08-21,7.26,7.36,7.20,7.29,286074,2081924.13
2023-08-22,7.30,7.35,7.21,7.25,124727,907551.81
2023-08-23,7.28,7.28,7.11,7.15,206328,1478291.13
2023-08-24,7.04,7.14,7.04,7.10,215483,1529232.00
2023-08-25,7.12,7.12,6.73,6.73,760885,5193960.00
2023-08-28,6.87,7.06,6.75,6.84,436110,3015497.50
2023-08-29,6.81,7.14,6.79,7.05,280989,1954064.75
2023-08-30,7.01,7.08,7.01,7.03,201099,1414013.88
2023-08-31,7.01,7.27,7.00,7.25,328569,2347387.75
2023-09-01,7.26,7.58,7.26,7.48,519563,3862899.50
2023-09-04,7.90,8.22,7.62,7.78,942028,7404353.50
2023-09-05,7.69,7.74,7.56,7.63,310196,2368269.00
2023-09-06,7.60,7.87,7.55,7.83,298904,2312298.00
2023-09-07,7.75,7.80,7.65,7.73,178821,1382968.38
2023-09-08,7.77,7.80,7.58,7.68,155126,1187897.88
2023-09-11,7.70,7.89,7.55,7.82,243118,1891872.13
2023-09-12,7.88,7.88,7.80,7.86,166404,1305760.00
2023-09-13,7.86,7.86,7.68,7.82,150966,1176315.75
2023-09-14,7.75,7.83,7.75,7.77,125816,980726.19
2023-09-15,7.64,7.83,7.64,7.71,87806,676093.00
2023-09-18,7.56,7.60,7.43,7.48,400676,3001801.75
2023-09-19,7.52,7.61,7.50,7.53,161632,1221262.00
2023-09-20,7.55,7.55,7.47,7.51,80978,606900.56
2023-09-21,7.51,7.53,7.43,7.53,75306,564145.38
2023-09-22,7.53,7.64,7.47,7.64,121974,922699.13
2023-09-25,7.64,7.67,7.52,7.55,26502,199961.70
2023-09-26,7.53,7.61,7.30,7.36,181989,1343898.13
2023-09-27,7.31,7.37,7.25,7.35,110345,806175.44
2023-09-28,7.29,7.37,7.27,7.30,180875,1318499.25
2023-10-09,7.30,7.32,7.22,7.29,58334,424495.63
2023-10-10,7.30,7.30,7.06,7.15,116530,832125.88
2023-10-11,7.10,7.15,7.08,7.10,126625,899400.69
2023-10-12,7.08,7.11,6.99,7.11,98242,693931.13
2023-10-13,7.08,7.10,7.00,7.06,133104,936202.50
2023-10-16,7.01,7.01,6.74,6.83,323141,2211951.25
2023-10-17,6.78,6.81,6.50,6.77,358407,2385624.50
2023-10-18,6.80,6.94,6.69,6.94,139058,950149.00
2023-10-19,6.89,6.90,6.65,6.76,69129,469198.47
2023-10-20,6.84,6.89,6.68,6.76,63357,426732.22
2023-10-23,6.72,6.72,6.56,6.63,47395,314095.00
2023-10-24,6.57,6.77,6.57,6.71,116390,772026.94
2023-10-25,6.74,6.81,6.71,6.72,56125,378605.06
2023-10-26,6.66,6.79,6.62,6.79,113468,759370.75
2023-10-27,6.91,7.09,6.75,6.99,430557,3000328.00
2023-10-30,7.12,7.12,6.97,7.02,175918,1236452.38
2023-10-31,7.01,7.05,6.87,6.96,154205,1068096.75
2023-11-01,6.88,6.98,6.88,6.95,96503,670460.81
2023-11-02,6.85,6.95,6.78,6.78,124370,856216.19
2023-11-03,6.90,6.94,6.82,6.84,266796,1833975.50
2023-11-06,6.79,6.89,6.79,6.86,354902,2424043.25
2023-11-07,6.93,7.11,6.82,6.91,250387,1728614.13
2023-11-08,6.92,7.13,6.92,7.08,509266,3602052.50
2023-11-09,7.05,7.17,7.00,7.10,225035,1600431.25
2023-11-10,7.07,7.10,6.99,7.05,395433,2780055.50
2023-11-13,7.03,7.17,7.03,7.13,161783,1150111.63
2023-11-14,7.12,7.27,7.06,7.22,280892,2015127.88
2023-11-15,7.30,7.47,7.23,7.29,591092,4348573.50
2023-11-16,7.27,7.30,7.08,7.14,375683,2696323.50
2023-11-17,7.10,7.19,7.10,7.18,204015,1457959.50
2023-11-20,7.17,7.48,7.15,7.38,720806,5315574.50
2023-11-21,7.44,8.28,7.36,7.84,3166627,25024624.00
2023-11-22,7.85,8.70,7.76,8.70,4163255,34317440.00
2023-11-23,8.89,9.30,8.23,8.46,4268514,37522472.00
2023-11-24,8.47,10.25,8.36,10.16,4233182,39787844.00
2023-11-27,10.80,12.36,10.54,12.15,6019879,68929600.00
2023-11-28,11.30,12.48,10.90,11.59,3978643,47175596.00
2023-11-29,11.66,11.88,10.04,10.20,3607779,39712056.00
2023-11-30,10.45,10.56,9.68,9.86,2221330,22245058.00
2023-12-01,9.98,10.25,9.52,9.54,1342035,13177693.00
2023-12-04,9.60,9.71,9.14,9.45,1126684,10569425.00
2023-12-05,9.54,10.53,9.35,10.36,2577000,26026584.00
2023-12-06,10.36,10.77,10.09,10.35,1447976,15036650.00
2023-12-07,10.48,10.87,10.31,10.78,2157907,22960104.00
2023-12-08,11.02,11.40,10.72,11.09,2473812,27394138.00
2023-12-11,11.18,11.56,10.70,10.95,1712316,18876818.00
2023-12-12,10.81,11.15,10.63,11.14,1397706,15204307.00
2023-12-13,11.14,11.96,10.92,11.96,3243000,37435412.00
2023-12-14,12.00,12.47,11.75,11.89,3237587,39252564.00
2023-12-15,11.95,11.99,11.40,11.71,1653522,19329420.00
2023-12-18,11.69,12.00,11.50,11.97,2285124,26995804.00
2023-12-19,11.88,12.30,11.58,11.86,1182351,13980142.00
2023-12-20,11.97,12.51,11.70,12.44,2706732,32821204.00
2023-12-21,12.58,15.79,12.02,13.05,7294569,100571752.00
2023-12-22,12.50,15.50,12.05,15.50,6387091,87154288.00
2023-12-25,15.28,17.62,14.70,16.83,7040029,113795696.00
2023-12-26,16.10,16.78,15.49,16.60,5387017,86942800.00
2023-12-27,15.90,16.17,14.80,14.88,4277064,65495000.00
2023-12-28,14.80,15.29,14.40,14.80,2883708,42814320.00
2023-12-29,14.63,15.51,14.63,15.50,3047878,45962176.00
2024-01-02,15.34,15.98,15.00,15.77,3049378,47436984.00
2024-01-03,15.68,15.85,15.20,15.60,1911279,29525668.00
2024-01-04,15.75,15.89,15.01,15.40,1557646,24075028.00
2024-01-05,15.60,15.60,14.11,14.29,1895587,28064456.00
2024-01-08,14.13,14.46,13.07,13.22,1376892,18916500.00
2024-01-09,13.29,13.48,12.24,12.85,1159516,14915397.00
2024-01-10,12.82,13.34,12.44,13.20,978364,12717773.00
2024-01-11,13.20,13.35,12.95,13.14,597138,7857784.50
2024-01-12,13.11,13.22,11.33,11.66,1670549,20260006.00
2024-01-15,11.03,11.87,10.99,11.01,1136753,12829536.00
2024-01-16,11.14,11.85,10.60,11.61,1431505,16151762.00
2024-01-17,11.61,13.36,11.44,12.21,3015185,37426276.00
2024-01-18,11.90,13.20,11.78,13.09,2631478,33196532.00
2024-01-19,13.06,13.95,12.83,13.60,2486371,33428916.00
2024-01-22,13.50,14.25,12.00,13.05,2288366,30872932.00
2024-01-23,12.90,13.23,12.45,13.07,1423841,18326454.00
2024-01-24,13.04,13.19,12.14,12.72,1358678,17184382.00
2024-01-25,12.70,12.71,11.82,12.22,1354173,16719208.00
2024-01-26,12.16,12.68,12.02,12.10,616688,7604554.50
2024-01-29,12.00,12.16,10.88,10.90,1149376,13130541.00
2024-01-30,10.90,11.15,10.15,10.49,918734,9761636.00
2024-01-31,10.41,11.15,10.41,10.79,920729,9908696.00
2024-02-01,10.68,10.93,10.16,10.28,769689,8031575.00
2024-02-02,10.25,10.34,9.16,9.72,1126714,10964130.00
2024-02-05,9.60,9.90,8.91,9.74,1157293,10963400.00
2024-02-06,9.58,10.90,9.50,10.89,1354489,14104383.00
2024-02-07,11.00,11.58,10.40,10.50,1443443,16071528.00
2024-02-08,10.31,10.93,9.90,10.67,1048493,10869369.00
2024-02-19,10.77,10.85,10.39,10.79,933911,9922153.00
2024-02-20,10.64,11.15,10.55,11.02,899856,9805393.00
2024-02-21,10.93,11.40,10.81,10.99,956536,10678666.00
2024-02-22,10.90,11.14,10.68,10.85,756808,8195494.50
2024-02-23,10.74,10.85,10.34,10.49,799125,8414897.00
2024-02-26,10.65,11.10,10.30,10.95,1469038,15939702.00
2024-02-27,11.08,11.82,10.80,11.69,1620859,18602470.00
2024-02-28,11.71,11.93,10.96,10.97,1534835,17674182.00
2024-02-29,11.04,11.46,10.94,11.38,1032622,11631813.00
2024-03-01,11.50,12.19,11.30,11.98,2008355,23698898.00
2024-03-04,12.00,12.20,11.50,11.70,1055985,12380744.00
2024-03-05,11.57,11.79,11.18,11.25,995942,11312011.00
2024-03-06,11.36,11.58,11.20,11.39,499483,5672426.00
2024-03-07,11.38,11.45,10.96,11.00,632377,7062313.50
2024-03-08,11.05,11.05,10.68,10.79,446755,4837848.00
2024-03-11,10.82,10.84,10.54,10.84,709176,7576526.50
2024-03-12,10.81,10.86,10.52,10.64,640294,6835055.00
2024-03-13,10.64,10.64,10.35,10.35,463124,4852652.50
2024-03-14,10.35,10.46,9.98,10.00,650793,6628431.50
2024-03-15,10.13,11.56,10.13,11.22,2534221,27689998.00
2024-03-18,11.29,11.29,10.80,11.12,1219712,13447183.00
2024-03-19,11.05,11.70,10.71,11.38,1568819,17497674.00
2024-03-20,11.20,11.45,11.11,11.40,773228,8731054.00
2024-03-21,11.34,11.39,11.11,11.20,524242,5878598.00
2024-03-22,11.15,11.15,10.67,10.73,566694,6167861.50
2024-03-25,10.75,10.75,10.40,10.40,424305,4463285.00
2024-03-26,10.43,10.49,10.15,10.42,549814,5683315.00
2024-03-27,10.30,10.89,10.26,10.26,407740,4348138.00
2024-03-28,10.14,10.56,10.14,10.36,399725,4145960.50
2024-03-29,10.33,10.56,10.28,10.38,290248,3016879.25
2024-04-01,10.50,10.65,10.32,10.47,362255,3778563.00
2024-04-02,10.56,10.82,10.37,10.63,391010,4114274.00
2024-04-03,10.62,10.63,10.36,10.47,234410,2446985.25
2024-04-08,10.53,10.53,9.79,9.84,777045,7776365.50
2024-04-09,9.87,10.06,9.83,9.99,291004,2898884.00
2024-04-10,10.07,10.65,9.87,10.22,688201,7111339.00
2024-04-11,10.06,10.24,9.94,10.06,301751,3037394.00
2024-04-12,9.99,10.19,9.80,9.92,401410,3999391.75
2024-04-15,9.88,9.98,9.50,9.68,377115,3685130.00
2024-04-16,9.58,9.58,9.21,9.33,459624,4292033.50
2024-04-17,9.46,9.88,9.45,9.83,690284,6696133.50
2024-04-18,9.85,10.05,9.61,9.86,655918,6491273.50
2024-04-19,9.75,9.75,9.33,9.47,658514,6253709.00
2024-04-22,9.51,9.68,9.37,9.43,413979,3914488.00
2024-04-23,9.55,9.58,9.33,9.49,413729,3919931.50
2024-04-24,9.50,9.59,9.30,9.50,380343,3599208.25
2024-04-25,9.42,9.55,9.37,9.44,346982,3285076.00
2024-04-26,9.57,9.57,9.33,9.41,394172,3712042.50
2024-04-29,8.86,8.87,8.49,8.83,1536992,13290404.00
2024-04-30,8.70,8.83,8.61,8.61,740725,6433376.00
2024-05-06,8.73,8.88,8.51,8.64,732162,6314727.00
2024-05-07,8.68,9.50,8.50,9.28,2126170,19204008.00
2024-05-08,9.19,9.28,8.81,8.89,1457462,13066265.00
2024-05-09,8.71,8.99,8.71,8.89,578666,5130545.00
2024-05-10,9.18,9.30,8.73,8.75,1063980,9600896.00
2024-05-13,8.76,8.76,8.44,8.50,1110942,9505174.00
2024-05-14,8.45,8.74,8.36,8.40,531896,4500773.00
2024-05-15,8.50,8.50,8.12,8.14,675840,5581162.00
2024-05-16,8.20,8.20,8.08,8.08,403787,3284807.75
2024-05-17,8.16,8.19,7.97,8.05,435857,3505641.00
2024-05-20,8.12,8.12,7.96,7.99,316871,2537331.25
2024-05-21,8.00,8.00,7.91,7.98,139545,1110097.00
2024-05-22,7.94,8.15,7.94,8.11,229429,1847106.75
2024-05-23,8.17,8.70,8.05,8.35,1054600,8905751.00
2024-05-24,8.36,8.68,8.20,8.24,539676,4523888.00
2024-05-27,8.24,8.34,8.16,8.26,176948,1452954.25
2024-05-28,8.22,8.42,8.20,8.26,222546,1849099.63
2024-05-29,8.37,8.67,8.16,8.25,210783,1769369.38
2024-05-30,8.27,8.28,8.04,8.04,292700,2379137.00
2024-05-31,7.94,7.94,7.74,7.89,209117,1640537.13
2024-06-03,7.88,7.99,7.68,7.69,248041,1922321.88
2024-06-04,7.50,7.68,7.50,7.67,147399,1121038.13
2024-06-05,7.56,7.74,7.36,7.42,154509,1164880.13
2024-06-06,7.50,7.57,7.04,7.06,288633,2078969.25
2024-06-07,7.20,7.28,7.06,7.16,129148,924688.00
2024-06-11,7.25,7.25,6.94,7.17,206440,1469486.50
2024-06-12,7.20,7.26,7.14,7.20,126183,908879.31
2024-06-13,7.26,7.26,6.91,7.09,163374,1155610.00
2024-06-14,7.04,7.16,7.04,7.11,125836,897738.31
2024-06-17,7.19,7.19,6.95,6.99,119491,839654.19
2024-06-18,7.09,7.09,6.95,6.99,140541,983137.00
2024-06-19,7.02,7.41,7.02,7.18,517422,3738246.75
2024-06-20,7.19,7.32,7.02,7.11,257596,1832094.50
2024-06-21,7.15,7.65,7.15,7.48,912506,6817969.00
2024-06-24,7.42,7.45,7.10,7.15,517468,3741290.00
2024-06-25,7.25,7.67,7.11,7.67,828331,6172840.50
2024-06-26,7.61,7.96,7.47,7.77,711243,5474935.50
2024-06-27,7.58,7.77,7.55,7.63,339407,2586709.50
2024-06-28,7.60,7.96,7.51,7.52,408112,3123697.75
2024-07-01,7.63,7.64,7.34,7.53,255190,1906917.13
2024-07-02,7.45,7.53,7.41,7.44,174867,1305224.00
2024-07-03,7.36,7.55,7.32,7.32,209456,1554353.00
2024-07-04,7.41,7.44,7.00,7.11,295242,2122662.50
2024-07-05,7.12,7.20,6.96,7.19,175956,1240729.25
2024-07-08,7.16,7.16,6.94,6.98,169900,1193791.50
2024-07-09,7.11,7.17,6.88,7.15,162134,1138714.88
2024-07-10,7.07,7.12,6.90,7.00,124892,872956.31
2024-07-11,7.15,7.18,6.92,7.08,521111,3657429.25
2024-07-12,7.14,7.14,6.98,7.03,191041,1343064.13
2024-07-15,7.03,7.03,6.85,6.89,261360,1807050.63
2024-07-16,6.84,7.28,6.84,7.26,701402,4979149.00
2024-07-17,7.30,7.99,7.30,7.95,1851823,14295072.00
2024-07-18,8.00,8.00,7.46,7.52,922213,7088264.50
2024-07-19,7.52,7.65,7.25,7.50,629181,4714593.50
2024-07-22,7.45,7.69,7.24,7.44,354199,2636100.25
2024-07-23,7.41,7.61,7.32,7.37,283353,2094474.38
2024-07-24,7.38,8.31,7.24,8.26,2944951,23228746.00
2024-07-25,7.99,10.10,7.92,8.76,5670339,51237084.00
2024-07-26,8.45,9.71,8.35,9.34,5088930,45987036.00
2024-07-29,9.10,9.99,8.85,9.45,4869012,45584208.00
2024-07-30,9.24,9.58,8.72,8.78,3760733,34435088.00
2024-07-31,8.80,8.95,8.36,8.63,3338808,28649930.00
2024-08-01,8.64,9.19,8.53,8.72,3060589,27158918.00
2024-08-02,8.61,8.81,8.15,8.24,2366189,20031008.00
2024-08-05,8.19,8.32,7.85,7.90,1331781,10737997.00
2024-08-06,7.92,8.32,7.82,8.13,1200043,9769240.00
2024-08-07,8.13,8.48,8.02,8.41,1847582,15347335.00
2024-08-08,8.42,8.45,7.95,8.06,1765767,14263289.00
2024-08-09,8.06,8.14,7.88,7.88,859979,6867873.50
2024-08-12,7.81,7.99,7.71,7.72,546947,4258183.00
2024-08-13,7.80,7.98,7.66,7.97,467513,3656403.75
2024-08-14,7.93,8.04,7.68,7.83,452058,3541161.00
2024-08-15,7.90,7.99,7.72,7.90,333730,2628474.25
2024-08-16,8.00,8.12,7.86,7.96,269225,2138181.50
2024-08-19,8.02,8.12,7.93,7.98,493844,3971448.50
2024-08-20,7.94,8.13,7.82,7.92,547055,4372463.50
2024-08-21,7.86,7.88,7.70,7.71,535817,4165213.75
2024-08-22,7.78,7.84,7.51,7.69,450199,3445644.50
2024-08-23,7.59,7.76,7.55,7.60,314141,2388386.50
2024-08-26,7.59,7.91,7.59,7.85,436057,3404005.00
2024-08-27,7.75,7.85,7.62,7.70,487708,3743869.75
2024-08-28,7.80,8.00,7.71,7.87,441137,3467385.00
2024-08-29,7.76,8.10,7.65,7.95,532658,4208974.00
2024-08-30,8.06,8.14,7.86,7.97,763182,6124646.50
2024-09-02,7.92,7.96,7.70,7.73,440665,3425635.00
2024-09-03,7.72,7.88,7.71,7.81,332325,2597236.00
2024-09-04,7.72,7.79,7.61,7.72,340124,2611529.50
2024-09-05,7.76,7.76,7.62,7.65,312057,2394740.50
2024-09-06,7.65,7.66,7.54,7.54,219305,1663201.75
2024-09-09,7.51,7.62,7.44,7.48,150892,1132921.75
2024-09-10,7.57,7.74,7.47,7.58,160705,1217815.38
2024-09-11,7.63,7.73,7.53,7.60,100009,758417.88
2024-09-12,7.58,7.73,7.54,7.61,201639,1537980.25
2024-09-13,7.58,7.84,7.45,7.72,335386,2568147.50
2024-09-18,7.60,7.67,7.48,7.50,236876,1787946.00
2024-09-19,7.48,7.66,7.47,7.56,230959,1742115.38
2024-09-20,7.55,7.71,7.50,7.54,218279,1651646.25
2024-09-23,7.51,7.59,7.41,7.48,156859,1173456.38
2024-09-24,7.49,7.71,7.41,7.65,328688,2495447.75
2024-09-25,7.84,7.92,7.72,7.78,374048,2920554.50
2024-09-26,7.68,8.01,7.66,7.94,701364,5528758.50
2024-09-27,7.95,8.62,7.95,8.47,1699873,14255844.00
2024-09-30,9.00,10.14,8.60,9.65,5166716,48456112.00
2024-10-08,11.99,12.20,10.25,11.38,6159833,68619120.00
2024-10-09,10.65,10.90,9.73,9.74,3409738,35073820.00
2024-10-10,9.84,10.10,9.43,9.58,1915525,18701470.00
2024-10-11,9.44,9.44,8.57,8.75,2454041,21767988.00
2024-10-14,8.87,9.37,8.70,9.21,1777282,16116326.00
2024-10-15,9.18,9.46,8.93,9.04,1713865,15753109.00
2024-10-16,8.91,11.75,8.82,11.75,10127680,108556480.00
2024-10-17,12.50,15.27,12.20,15.27,14105193,195576048.00
2024-10-18,15.00,19.20,13.70,16.36,15931753,258215088.00
2024-10-21,15.38,21.26,15.38,21.26,16080502,289846080.00
2024-10-22,20.00,20.95,16.50,16.56,11885030,215272240.00
2024-10-23,17.00,17.50,15.91,16.59,8609153,143729296.00
2024-10-24,16.00,17.47,15.35,16.47,6946216,114979768.00
2024-10-25,16.13,17.60,16.13,16.32,7813638,131984520.00
2024-10-28,16.38,16.40,15.12,16.08,4832834,76542952.00
2024-10-29,16.36,16.99,15.47,16.75,6146130,100674832.00
2024-10-30,16.75,17.54,15.63,16.43,5181239,87204016.00
2024-10-31,16.43,17.00,15.45,15.84,5383114,87403712.00
2024-11-01,15.19,15.82,13.72,13.99,4137439,59921340.00
2024-11-04,13.83,14.65,13.83,14.65,2429325,35066212.00
2024-11-05,14.93,17.20,14.70,16.89,6254634,100092744.00
2024-11-06,17.50,19.48,16.56,19.10,11039516,199931552.00
2024-11-07,18.08,19.12,17.40,18.53,8529877,155875184.00
2024-11-08,18.00,20.30,18.00,18.19,7384628,139608960.00
2024-11-11,18.18,19.50,17.11,17.60,4700013,84560520.00
2024-11-12,17.60,17.85,16.86,16.95,3735944,64233952.00
2024-11-13,16.88,17.16,15.85,16.62,3930194,64079008.00
2024-11-14,16.81,16.99,16.25,16.47,2813497,46923232.00
2024-11-15,16.71,18.26,16.58,18.11,6293385,110556728.00
2024-11-18,18.28,19.79,17.56,19.01,7918017,148301072.00
2024-11-19,19.10,19.15,15.62,17.15,5288281,90638792.00
2024-11-20,16.91,18.10,16.58,18.10,4022440,70086424.00
2024-11-21,19.00,19.67,18.20,19.39,6913205,131333736.00
2024-11-22,19.35,19.35,17.52,17.65,5381884,98900544.00
2024-11-25,17.05,17.50,16.60,17.28,2588970,43839244.00
2024-11-26,17.11,17.73,16.25,16.33,2196987,37490404.00
2024-11-27,16.33,17.08,14.89,16.89,2912699,46321024.00
2024-11-28,17.33,17.57,16.68,16.78,2239636,38569248.00
2024-11-29,16.59,17.83,16.59,17.76,3350326,58167620.00
2024-12-02,17.95,18.78,17.78,18.36,4020040,73129240.00
2024-12-03,19.20,23.86,18.51,23.86,13861765,306967264.00
#数据来源:通达信
