834261 一诺威 日线 不复权
      日期	    开盘	    最高	    最低	    收盘	    成交量	    成交额
2016-05-24,9.50,9.50,9.50,9.50,20000,190000.00
2016-07-25,9.50,9.50,9.50,9.50,10000,95000.00
2016-07-26,9.50,9.50,9.50,9.50,10000,95000.00
2016-12-12,9.50,9.50,9.50,9.50,20000,190000.00
2016-12-14,9.50,11.88,9.50,11.88,31000,296880.00
2016-12-15,9.80,9.80,9.80,9.80,3000,29400.00
2016-12-27,9.50,9.50,9.50,9.50,26000,247000.00
2017-01-04,9.50,9.50,9.50,9.50,72000,684000.00
2017-01-05,9.50,9.60,9.50,9.50,155800,1480570.50
2017-01-06,9.50,9.50,9.50,9.50,30000,285000.00
2017-01-12,9.60,9.60,9.60,9.60,10000,96050.00
2017-01-13,9.92,10.66,9.92,10.41,3000,31240.00
2017-01-16,9.50,9.50,9.50,9.50,5000,47500.00
2017-01-17,15.66,15.66,15.66,15.66,1000,15660.00
2017-01-19,9.50,9.50,9.50,9.50,110000,1045000.00
2017-01-24,9.50,9.50,9.50,9.50,2000,19000.00
2017-02-14,15.66,15.66,15.66,15.66,2000,31320.00
2017-02-16,15.66,15.66,15.66,15.66,1000,15660.00
2017-02-24,9.50,9.50,9.50,9.50,100000,950000.00
2017-03-02,9.50,9.50,9.50,9.50,270000,2565000.00
2017-03-03,9.50,9.50,9.50,9.50,100000,950000.00
2017-03-07,9.50,9.50,9.50,9.50,200000,1900000.00
2017-03-08,9.50,9.50,9.50,9.50,250000,2375000.00
2017-03-15,12.00,12.18,12.00,12.11,4000,48420.00
2017-03-16,12.88,12.88,11.11,12.04,10000,120420.00
2017-03-17,12.88,13.03,12.50,13.02,13600,175637.59
2017-03-20,13.00,13.00,13.00,13.00,600,8385.00
2017-03-21,13.60,14.86,13.60,14.03,12000,168400.00
2017-03-22,14.11,14.11,14.11,14.11,1000,14110.00
2017-03-24,14.86,14.86,14.86,14.86,1000,14860.00
2017-03-27,14.99,15.01,14.99,15.00,10000,149930.00
2017-03-28,15.00,15.00,15.00,15.00,10000,150000.00
2017-03-29,15.00,15.00,15.00,15.00,9000,135000.00
2017-03-31,15.05,15.10,15.05,15.06,4000,60250.00
2017-04-10,9.50,9.50,9.50,9.50,50000,475000.00
2017-04-11,9.50,15.20,9.50,11.64,80000,931000.00
2017-04-12,9.50,15.50,9.50,13.52,91000,1230500.00
2017-04-13,15.05,15.05,15.05,15.05,4000,60200.00
2017-04-17,15.05,15.05,15.05,15.05,3000,45150.00
2017-04-18,15.50,15.50,15.50,15.50,2000,31000.00
2017-04-20,15.10,15.10,15.10,15.10,1000,15100.00
2017-04-26,15.16,15.16,15.16,15.16,2000,30320.00
2017-04-27,15.10,15.10,15.10,15.10,3000,45300.00
2017-04-28,15.18,15.19,15.18,15.18,7000,106280.00
2017-05-05,15.00,15.00,15.00,15.00,14000,210000.00
2017-05-10,15.00,15.00,15.00,15.00,13000,195000.00
2017-05-16,15.00,15.00,15.00,15.00,10000,150000.00
2017-05-23,15.00,15.05,15.00,15.02,22000,330500.00
2017-05-26,15.05,15.05,15.05,15.05,10000,150500.00
2017-06-06,15.00,15.00,15.00,15.00,10000,150000.00
2017-06-09,15.00,15.00,15.00,15.00,36000,540000.00
2017-07-17,15.00,15.00,13.50,13.55,90000,1219500.00
2017-07-31,9.50,9.50,9.50,9.50,20000,190000.00
2017-08-07,15.50,15.50,15.50,15.50,1000,15500.00
2017-08-15,14.50,14.50,14.50,14.50,4000,58000.00
2017-08-28,14.50,14.50,14.50,14.50,1000,14500.00
2017-09-28,14.50,14.50,14.50,14.50,3000,43500.00
2017-10-09,14.50,14.50,14.50,14.50,5000,72500.00
2017-10-17,13.80,13.80,13.80,13.80,3000,41400.00
2017-11-16,14.50,14.50,14.50,14.50,1000,14500.00
2017-12-04,9.50,9.50,9.50,9.50,10000,95000.00
2017-12-07,14.00,14.00,14.00,14.00,1000,14000.00
2017-12-28,9.50,9.50,9.50,9.50,20000,190000.00
2018-01-29,13.50,13.50,13.50,13.50,20000,270000.00
2018-01-30,15.00,15.00,15.00,15.00,10000,150000.00
2018-02-08,15.00,15.00,15.00,15.00,180000,1875000.00
2018-03-19,13.60,13.60,13.60,13.60,10000,136000.00
2018-03-27,14.48,14.48,14.48,14.48,3000,43440.00
2018-04-10,13.80,13.80,13.80,13.80,2000,27600.00
2018-04-16,13.60,13.60,13.60,13.60,1000,13600.00
2018-04-19,13.15,13.15,13.15,13.15,12000,157800.00
2018-04-23,12.00,12.00,12.00,12.00,5000,60000.00
2018-04-24,12.00,12.00,12.00,12.00,3000,36000.00
2018-04-26,9.00,9.00,9.00,9.00,11000,99000.00
2018-04-27,9.00,9.00,9.00,9.00,20000,180000.00
2018-07-06,9.60,9.60,9.60,9.60,40000,384400.00
2018-07-10,11.50,11.50,11.50,11.50,5000,57500.00
2018-07-12,11.99,11.99,11.99,11.99,2000,23980.00
2018-07-13,11.30,11.30,11.30,11.30,1000,11300.00
2018-07-16,11.22,11.22,11.22,11.22,3000,33660.00
2018-07-17,11.99,11.99,11.99,11.99,2000,23980.00
2018-07-19,11.61,11.61,11.61,11.61,3000,34830.00
2018-07-23,11.03,11.03,11.03,11.03,2000,22060.00
2018-07-24,11.79,11.79,11.79,11.79,2000,23580.00
2018-07-25,12.00,12.00,12.00,12.00,15000,180000.00
2018-07-26,12.00,12.00,12.00,12.00,5000,60000.00
2018-08-01,12.00,12.00,12.00,12.00,19000,228000.00
2018-08-06,12.00,12.00,12.00,12.00,3000,36000.00
2018-08-07,9.00,9.00,9.00,9.00,1000,9000.00
2018-08-16,12.00,12.00,12.00,12.00,3000,36000.00
2018-08-17,12.00,12.00,12.00,12.00,2000,24000.00
2018-08-20,12.00,12.00,12.00,12.00,3000,36000.00
2018-08-21,12.00,12.00,12.00,12.00,3000,36000.00
2018-08-22,12.00,12.00,12.00,12.00,1000,12000.00
2018-08-30,11.99,11.99,11.99,11.99,1000,11990.00
2018-09-03,11.99,11.99,11.99,11.99,4000,47960.00
2018-09-04,11.90,11.90,11.90,11.90,2000,23800.00
2018-09-21,11.51,11.51,11.51,11.51,5000,57550.00
2018-09-25,11.80,11.80,11.80,11.80,2000,23600.00
2018-10-09,11.65,11.65,11.65,11.65,21000,244650.00
2018-11-13,10.90,10.90,10.90,10.90,1000,10900.00
2018-11-14,10.00,10.00,10.00,10.00,5000,50000.00
2018-11-20,10.00,10.00,10.00,10.00,5000,50000.00
2018-11-21,10.49,10.49,10.49,10.49,1000,10490.00
2018-11-22,10.00,10.00,10.00,10.00,4000,40000.00
2018-11-23,9.99,9.99,9.99,9.99,26000,259740.00
2018-11-29,9.51,9.51,9.51,9.51,6000,57060.00
2018-12-06,9.51,9.51,9.51,9.51,1000,9510.00
2018-12-07,9.51,9.51,9.51,9.51,3000,28530.00
2018-12-11,9.50,9.50,9.50,9.50,4000,38000.00
2018-12-14,10.00,10.00,10.00,10.00,8000,80000.00
2018-12-18,10.22,10.22,10.22,10.22,1000,10230.00
2019-01-09,9.71,9.71,9.71,9.71,1000,9710.00
2019-01-11,9.71,9.71,9.71,9.71,2000,19420.00
2019-01-14,9.53,9.53,9.53,9.53,4000,38120.00
2019-01-17,9.54,9.54,9.54,9.54,7000,66780.00
2019-01-21,9.55,9.55,9.55,9.55,10000,95500.00
2019-01-23,9.55,9.55,9.55,9.55,1000,9550.00
2019-01-24,9.55,9.55,9.55,9.55,2000,19100.00
2019-01-30,9.55,9.55,9.55,9.55,3000,28650.00
2019-01-31,9.55,9.55,9.55,9.55,3000,28650.00
2019-02-18,9.56,9.56,9.56,9.56,3000,28680.00
2019-02-20,9.56,9.56,9.56,9.56,3000,28680.00
2019-02-28,9.47,9.47,9.47,9.47,3000,28440.00
2019-03-05,9.50,9.50,9.50,9.50,2000,19000.00
2019-03-08,9.43,9.43,9.43,9.43,2000,18880.00
2019-03-12,9.49,9.49,9.49,9.49,2000,18980.00
2019-03-14,9.46,9.46,9.46,9.46,2000,18920.00
2019-03-15,9.45,9.45,9.45,9.45,2000,18900.00
2019-03-18,9.42,9.42,9.42,9.42,35000,329700.00
2019-03-19,9.43,9.43,9.43,9.43,1000,9430.00
2019-03-20,9.39,9.39,9.39,9.39,9000,84510.00
2019-03-26,9.39,9.39,9.39,9.39,1000,9390.00
2019-03-27,9.46,9.46,9.46,9.46,1000,9460.00
2019-04-02,10.00,10.00,10.00,10.00,3000,30000.00
2019-04-08,10.99,10.99,10.99,10.99,3000,32970.00
2019-04-12,11.00,11.00,11.00,11.00,1000,11000.00
2019-04-16,11.12,11.12,11.12,11.12,7000,77840.00
2019-04-17,11.09,11.09,11.09,11.09,7000,77630.00
2019-04-18,11.70,11.70,11.70,11.70,4000,46800.00
2019-04-19,11.70,11.70,11.70,11.70,3000,35100.00
2019-04-22,11.71,11.71,11.71,11.71,5000,58550.00
2019-04-30,11.40,11.40,11.40,11.40,1000,11400.00
2019-05-06,11.05,11.05,11.05,11.05,2000,22100.00
2019-05-07,11.99,11.99,11.99,11.99,12000,143880.00
2019-05-08,11.56,11.56,11.56,11.56,5000,57800.00
2019-05-09,11.50,11.50,11.50,11.50,8000,92000.00
2019-05-10,11.56,11.56,11.56,11.56,6000,69360.00
2019-05-13,11.75,11.75,11.75,11.75,1000,11750.00
2019-05-20,11.56,11.56,11.56,11.56,1000,11560.00
2019-05-21,11.30,11.30,11.30,11.30,2000,22600.00
2019-05-22,11.30,11.30,11.30,11.30,3000,33900.00
2019-05-24,11.23,11.23,11.23,11.23,3000,33690.00
2019-05-29,11.21,11.21,11.21,11.21,2000,22420.00
2019-05-31,10.99,10.99,10.99,10.99,1000,10990.00
2019-06-06,10.90,10.90,10.90,10.90,13000,141700.00
2019-06-10,9.95,9.95,9.95,9.95,2000,19900.00
2019-06-11,9.81,9.81,9.81,9.81,1000,9810.00
2019-06-12,9.66,9.66,9.66,9.66,3000,28980.00
2019-06-13,10.00,10.00,10.00,10.00,26000,260000.00
2019-06-14,10.00,10.00,10.00,10.00,5000,50000.00
2019-06-20,10.09,10.09,10.09,10.09,1000,10090.00
2019-06-26,10.09,10.09,10.09,10.09,3000,30270.00
2019-07-02,10.50,10.50,10.50,10.50,2000,21000.00
2019-07-03,10.50,10.50,10.50,10.50,18000,189000.00
2019-07-05,10.50,10.50,10.50,10.50,13000,136500.00
2019-07-08,11.27,11.27,11.27,11.27,2000,22540.00
2019-07-11,10.51,10.51,10.51,10.51,16000,168160.00
2019-07-16,10.51,10.51,10.51,10.51,11000,115610.00
2019-07-17,10.51,10.51,10.51,10.51,10000,105100.00
2019-07-18,10.51,10.51,10.51,10.51,13000,136630.00
2019-07-19,10.61,10.61,10.61,10.61,7000,74270.00
2019-07-23,10.50,10.50,10.50,10.50,12000,126000.00
2019-07-24,10.51,10.51,10.51,10.51,12000,126120.00
2019-07-25,10.60,10.60,10.60,10.60,3000,31800.00
2019-07-26,10.80,10.80,10.80,10.80,8000,86400.00
2019-07-29,10.70,10.70,10.70,10.70,11000,117700.00
2019-07-30,10.60,10.60,10.60,10.60,3000,31800.00
2019-07-31,10.79,10.79,10.79,10.79,5000,53950.00
2019-08-01,10.79,10.79,10.79,10.79,5000,53950.00
2019-08-02,10.69,10.69,10.69,10.69,5000,53450.00
2019-08-05,10.66,10.66,10.66,10.66,2000,21320.00
2019-08-06,10.64,10.64,10.64,10.64,1000,10640.00
2019-08-07,10.75,10.75,10.75,10.75,3000,32250.00
2019-08-08,10.79,10.79,10.79,10.79,7000,75530.00
2019-08-09,10.80,10.80,10.80,10.80,2000,21600.00
2019-08-12,10.80,10.80,10.80,10.80,3000,32400.00
2019-08-14,10.81,10.81,10.81,10.81,4000,43240.00
2019-08-15,10.82,10.82,10.82,10.82,2000,21640.00
2019-08-16,10.88,10.88,10.88,10.88,1000,10880.00
2019-08-19,10.91,10.91,10.91,10.91,3000,32730.00
2019-08-20,10.97,10.97,10.97,10.97,8000,87760.00
2019-08-21,10.99,10.99,10.99,10.99,3000,32970.00
2019-08-22,11.00,11.00,11.00,11.00,1000,11000.00
2019-08-23,11.03,11.03,11.03,11.03,3000,33090.00
2019-08-29,11.03,11.03,11.03,11.03,4000,44120.00
2019-08-30,11.07,11.07,11.07,11.07,9000,99630.00
2019-09-03,11.50,11.50,11.50,11.50,1000,11500.00
2019-09-04,11.50,11.50,11.50,11.50,1000,11500.00
2019-09-05,11.54,11.54,11.54,11.54,2000,23080.00
2019-09-06,11.68,11.68,11.68,11.68,1000,11680.00
2019-09-11,12.02,12.02,12.02,12.02,5000,60100.00
2019-09-16,12.18,12.18,12.18,12.18,5000,60900.00
2019-09-19,12.51,12.51,12.51,12.51,5000,62550.00
2019-09-20,12.60,12.60,12.60,12.60,18000,226800.00
2019-09-23,12.60,12.60,12.60,12.60,16000,201600.00
2019-09-27,12.65,12.65,12.65,12.65,2000,25300.00
2019-09-30,12.80,12.80,12.80,12.80,4000,51200.00
2019-10-08,12.91,12.91,12.91,12.91,6000,77460.00
2019-10-09,13.11,13.11,13.11,13.11,4000,52440.00
2019-10-10,13.40,13.40,13.40,13.40,4000,53600.00
2019-10-11,13.40,13.40,13.40,13.40,11800,158200.41
2019-10-14,13.50,13.50,13.50,13.50,3000,40500.00
2019-10-16,13.53,13.53,13.53,13.53,16000,216480.00
2019-10-17,13.56,13.56,13.56,13.56,8000,108480.00
2019-10-18,13.57,13.57,13.57,13.57,9000,122130.00
2019-10-24,13.61,13.61,13.61,13.61,3000,40830.00
2019-10-25,13.61,13.61,13.61,13.61,2000,27220.00
2019-10-28,13.72,13.72,13.72,13.72,3000,41160.00
2019-10-29,14.50,14.50,14.50,14.50,5000,72500.00
2019-10-30,14.60,14.60,14.60,14.60,2000,29200.00
2019-10-31,14.60,14.60,14.60,14.60,4000,58400.00
2019-11-01,14.58,14.58,14.58,14.58,6000,87480.00
2019-11-04,14.60,14.60,14.60,14.60,10000,146000.00
2019-11-05,14.66,14.66,14.66,14.66,10000,146600.00
2019-11-06,15.11,15.11,15.11,15.11,25000,377750.00
2019-11-07,16.00,16.00,16.00,16.00,4000,64000.00
2019-11-08,16.00,16.00,16.00,16.00,10000,160000.00
2019-11-11,16.00,16.00,16.00,16.00,6000,96000.00
2019-11-12,16.49,16.49,16.49,16.49,13000,214370.00
2019-11-13,16.27,16.27,16.27,16.27,10000,162700.00
2019-11-15,16.70,16.70,16.70,16.70,1000,16700.00
2019-11-18,16.11,16.11,16.11,16.11,5000,80550.00
2019-11-19,16.12,16.12,16.12,16.12,7000,112840.00
2019-11-20,15.92,15.92,15.92,15.92,4000,63680.00
2019-11-21,15.90,15.90,15.90,15.90,3000,47700.00
2019-11-22,15.91,15.91,15.91,15.91,2000,31820.00
2019-11-25,15.98,15.98,15.98,15.98,7000,111860.00
2019-11-26,16.00,16.00,16.00,16.00,9000,144000.00
2019-11-27,16.18,16.18,16.18,16.18,1000,16180.00
2019-11-29,15.99,15.99,15.99,15.99,7000,111930.00
2019-12-02,16.00,16.00,16.00,16.00,5000,80000.00
2019-12-03,16.20,16.20,16.20,16.20,3000,48600.00
2019-12-04,16.20,16.20,16.20,16.20,3000,48600.00
2019-12-05,16.29,16.29,16.29,16.29,4000,65160.00
2019-12-09,16.16,16.16,16.16,16.16,1000,16160.00
2019-12-10,16.20,16.20,16.20,16.20,3000,48600.00
2019-12-11,16.19,16.19,16.19,16.19,5000,80950.00
2019-12-12,16.19,16.19,16.19,16.19,10000,161900.00
2019-12-13,16.20,16.20,16.20,16.20,16000,259200.00
2019-12-16,16.50,16.50,16.50,16.50,2000,33000.00
2019-12-17,16.20,16.20,16.20,16.20,4000,64840.00
2019-12-18,16.20,16.20,16.20,16.20,5000,81000.00
2019-12-19,16.15,16.15,16.15,16.15,1000,16150.00
2019-12-23,16.19,16.19,16.19,16.19,10000,161900.00
2019-12-24,16.20,16.20,16.20,16.20,5000,81000.00
2019-12-26,16.18,16.18,16.18,16.18,13000,210340.00
2019-12-27,16.18,16.18,16.18,16.18,5000,80900.00
2019-12-30,16.10,16.10,16.10,16.10,13000,209300.00
2020-01-02,16.11,16.12,16.11,16.12,46000,741510.00
2020-01-03,16.20,16.20,16.20,16.20,11000,178200.00
2020-01-06,16.09,16.36,16.09,16.23,65000,1055290.00
2020-01-07,16.50,16.50,16.49,16.49,87000,1435340.00
2020-01-08,16.48,16.49,16.37,16.49,35000,576310.00
2020-01-09,16.19,16.19,16.19,16.19,5000,80950.00
2020-01-10,16.39,16.39,16.37,16.37,30000,491480.00
2020-01-13,16.37,16.37,16.37,16.37,64000,1048320.00
2020-01-14,16.41,16.41,16.41,16.41,21000,344610.00
2020-01-15,16.40,16.40,16.40,16.40,24000,393600.00
2020-01-16,16.40,16.45,16.40,16.45,24000,393800.00
2020-01-17,16.50,16.51,16.50,16.50,16000,264010.00
2020-01-20,17.00,17.00,16.78,16.83,7000,117830.00
2020-01-21,16.70,16.71,16.70,16.71,35000,585000.00
2020-01-22,16.54,16.71,16.54,16.71,15000,250630.00
2020-01-23,17.00,17.00,17.00,17.00,1000,17000.00
2020-02-03,16.00,16.00,16.00,16.00,88000,1408000.00
2020-02-04,16.07,16.07,16.07,16.07,1000,16070.00
2020-02-05,16.11,16.17,16.11,16.17,10000,161400.00
2020-02-06,16.20,16.20,16.20,16.20,3000,48600.00
2020-02-07,16.25,16.29,16.25,16.29,5000,81350.00
2020-02-12,16.90,16.90,16.90,16.90,1000,16900.00
2020-02-17,16.90,16.90,16.90,16.90,3000,50700.00
2020-02-18,17.00,17.00,17.00,17.00,1000,17000.00
2020-02-19,17.90,17.90,17.00,17.00,4000,69800.00
2020-02-20,17.01,17.01,17.01,17.01,2000,34020.00
2020-02-21,17.02,17.02,17.00,17.00,19000,323040.00
2020-02-24,17.00,17.01,17.00,17.01,36000,612300.00
2020-02-25,17.01,17.07,17.01,17.07,17600,301285.78
2020-02-26,17.09,17.09,17.09,17.09,8000,136720.00
2020-02-27,17.11,17.11,17.11,17.11,2000,34220.00
2020-02-28,17.25,17.29,17.25,17.29,24000,414160.00
2020-03-03,17.51,17.51,17.51,17.51,1000,17510.00
2020-03-04,17.56,17.87,17.56,17.87,3000,53320.00
2020-03-05,17.89,17.89,17.89,17.89,1000,17890.00
2020-03-09,18.00,18.12,18.00,18.12,48000,867840.00
2020-03-10,18.03,18.52,18.03,18.52,5000,90640.00
2020-03-11,18.52,18.52,18.52,18.52,5000,92600.00
2020-03-12,18.87,18.87,18.87,18.87,3000,56640.00
2020-03-18,18.87,18.87,18.86,18.86,14000,264220.00
2020-03-26,18.60,18.60,18.54,18.54,3000,55700.00
2020-03-27,18.53,18.53,18.53,18.53,6000,111180.00
2020-03-30,18.43,18.43,18.43,18.43,4000,73720.00
2020-04-03,18.36,18.36,18.02,18.02,6000,108460.00
2020-04-07,17.99,17.99,17.95,17.95,4400,79020.00
2020-04-09,17.79,17.79,17.79,17.79,3000,53400.00
2020-04-10,17.62,17.62,17.62,17.62,7600,133912.00
2020-04-13,17.62,17.62,17.60,17.60,27100,477302.00
2020-04-14,17.60,17.61,17.60,17.61,30000,528100.00
2020-04-15,17.62,17.79,17.62,17.62,21000,370267.06
2020-04-16,18.86,18.98,18.86,18.95,25200,477046.00
2020-04-17,18.79,18.79,18.52,18.52,6100,113812.00
2020-04-20,18.50,18.50,18.20,18.45,8800,162180.00
2020-04-21,18.45,18.50,18.45,18.50,21000,387950.00
2020-04-22,18.79,18.82,18.79,18.82,6400,120328.00
2020-04-23,19.04,19.79,19.04,19.77,6700,129864.00
2020-04-24,19.37,19.37,19.37,19.37,1000,19380.00
2020-04-27,19.86,19.99,19.52,19.99,9900,197885.50
2020-04-28,20.11,20.50,20.11,20.50,7100,145139.00
2020-04-29,20.50,21.98,20.50,21.98,18000,377347.00
2020-04-30,22.70,22.70,22.70,22.70,100,2270.00
2020-05-06,22.01,22.38,22.01,22.38,9900,218797.00
2020-05-07,22.50,22.60,22.41,22.60,15000,337739.00
2020-05-08,22.41,22.41,22.41,22.41,2000,44820.00
2020-05-11,22.44,25.99,22.44,25.99,8700,200531.70
2020-05-12,26.01,26.55,26.01,26.49,7000,186953.03
2020-05-13,25.10,25.10,25.10,25.10,5900,149671.30
2020-05-14,26.18,26.51,26.18,26.50,13400,353387.47
2020-05-15,26.50,26.50,26.42,26.42,12600,332988.00
2020-05-18,26.68,26.68,26.68,26.68,100,2668.00
2020-05-19,26.80,26.80,26.39,26.39,6800,182841.69
2020-05-20,25.98,25.98,25.98,25.98,1000,25980.00
2020-05-21,25.90,25.90,25.90,25.90,2000,51800.00
2020-05-22,25.30,25.30,25.00,25.00,5000,125600.00
2020-05-25,25.00,25.00,24.80,24.80,2000,49933.00
2020-05-26,24.70,24.70,23.40,23.40,20100,479069.00
2020-05-27,23.00,23.00,22.25,22.83,27200,620976.50
2020-05-28,22.80,22.80,22.11,22.18,17800,399070.91
2020-05-29,22.18,22.51,22.00,22.42,22800,507020.25
2020-06-01,23.50,23.50,23.50,23.50,1300,32430.00
2020-06-02,23.50,23.50,23.50,23.50,1400,33370.00
2020-06-03,23.50,23.51,23.50,23.51,15900,373810.50
2020-06-04,23.52,24.99,23.52,24.99,7600,183349.91
2020-06-05,24.99,24.99,24.99,24.99,100,2499.00
2020-06-08,25.00,25.10,24.98,25.00,10600,264952.00
2020-06-09,25.00,25.83,25.00,25.83,2000,50848.00
2020-06-10,26.49,26.49,26.48,26.48,1200,31785.00
2020-06-11,25.68,26.28,25.68,26.26,2400,64723.00
2020-06-12,26.08,26.26,26.08,26.20,8300,217341.00
2020-06-15,26.00,26.00,25.99,25.99,9000,233995.00
2020-06-16,24.99,24.99,24.99,24.99,1200,29988.00
2020-06-18,24.50,24.50,24.50,24.50,5000,122500.00
2020-06-19,24.50,24.50,24.50,24.50,5200,128380.00
2020-06-22,25.00,25.56,25.00,25.56,8900,229092.00
2020-06-23,25.88,26.00,25.88,25.88,4900,128358.96
2020-06-24,25.67,25.67,25.67,25.67,500,12835.00
2020-06-29,26.13,26.13,26.00,26.00,7500,195152.00
2020-06-30,25.88,25.95,25.88,25.95,24800,643682.06
2020-07-01,25.88,25.94,25.88,25.94,1300,33704.00
2020-07-02,24.96,25.12,24.96,25.12,2100,52654.00
2020-07-06,25.87,25.87,25.20,25.20,4100,103387.00
2020-07-07,25.19,25.80,25.19,25.80,3600,91148.00
2020-07-09,26.00,26.00,25.66,25.88,14100,365689.00
2020-07-10,25.98,26.00,25.80,25.80,14200,369618.00
2020-07-13,25.99,26.05,25.99,26.00,8700,226243.00
2020-07-14,26.00,26.00,25.80,25.81,15400,397792.00
2020-07-15,26.00,26.20,25.81,26.20,34200,888600.00
2020-07-16,26.20,26.20,25.82,25.82,2600,67359.00
2020-07-17,26.00,26.00,25.84,26.00,4900,127379.04
2020-07-20,25.21,26.90,25.21,26.90,15100,400616.00
2020-07-21,26.67,27.00,26.67,27.00,2800,75424.00
2020-07-22,26.55,28.00,26.55,27.50,13100,361265.00
2020-07-23,27.87,28.89,26.89,28.89,16400,461546.16
2020-07-24,27.10,29.85,27.10,29.80,2000,58431.40
2020-07-27,30.00,30.00,26.87,29.28,22400,617839.31
2020-07-28,29.00,29.00,28.89,28.89,2500,72370.00
2020-07-29,28.89,29.50,26.98,29.10,7400,217375.50
2020-07-30,29.00,29.00,28.49,28.50,4900,141091.00
2020-07-31,27.50,28.00,27.50,28.00,14000,390235.00
2020-08-03,27.50,28.00,27.50,28.00,500,13800.00
2020-08-04,27.96,28.00,27.02,27.98,6900,192976.00
2020-08-05,27.02,27.50,27.02,27.50,4000,109887.66
2020-08-06,27.50,27.58,27.01,27.57,3200,87434.00
2020-08-11,27.67,27.67,27.67,27.67,200,6917.50
2020-08-13,26.64,27.00,26.64,27.00,400,10692.00
2020-08-14,27.00,27.69,26.98,26.98,8900,239797.41
2020-08-19,25.00,26.70,25.00,26.67,4400,113902.50
2020-08-20,26.70,26.70,26.30,26.30,1400,36979.00
2020-08-24,26.00,26.85,26.00,26.77,1400,36959.00
2020-08-25,26.75,26.75,26.75,26.75,200,5350.00
2020-08-26,25.88,25.88,25.88,25.88,800,20704.00
2020-08-27,26.45,26.45,26.00,26.00,700,18342.00
2020-08-28,26.37,26.40,26.28,26.40,5400,140932.20
2020-08-31,26.45,26.49,26.45,26.49,3600,94316.85
2020-09-01,23.26,26.49,23.26,26.30,1800,46952.00
2020-09-02,24.86,27.00,24.86,25.80,13800,370906.00
2020-09-03,26.27,26.27,26.27,26.27,100,2627.00
2020-09-04,26.27,26.28,26.27,26.28,10100,265104.31
2020-09-07,26.50,26.50,26.50,26.50,300,7950.00
2020-09-08,26.50,26.50,24.61,26.00,17100,448931.00
2020-09-09,25.13,25.25,25.13,25.25,600,15108.25
2020-09-10,25.01,26.50,25.01,26.50,16200,423382.00
2020-09-11,26.50,26.50,26.00,26.40,8000,212566.39
2020-09-14,26.98,26.98,26.98,26.98,200,4856.40
2020-09-15,25.18,26.20,25.18,26.10,8100,210377.56
2020-09-16,25.72,26.10,25.72,26.10,1800,46942.00
2020-09-17,26.10,26.13,26.10,26.13,2600,67866.39
2020-09-18,26.03,26.15,26.03,26.13,12500,326621.00
2020-09-21,26.14,26.97,26.13,26.13,1000,26222.00
2020-09-22,26.13,26.14,25.81,26.05,6700,175167.59
2020-09-23,26.06,26.06,26.05,26.05,8300,216237.00
2020-09-24,26.05,26.05,25.14,26.05,7600,197814.00
2020-09-25,50.00,50.00,26.05,26.20,6300,211762.50
2020-09-28,26.20,26.20,26.20,26.20,500,13100.00
2020-09-29,25.80,26.00,25.80,26.00,3200,82580.00
2020-09-30,26.00,26.00,26.00,26.00,600,15600.00
2020-10-09,25.04,25.15,25.04,25.14,23200,581840.31
2020-10-12,25.13,25.13,25.13,25.13,900,23421.16
2020-10-13,23.24,24.31,23.24,24.31,1100,26634.00
2020-10-14,24.31,24.90,24.31,24.68,3900,96337.30
2020-10-16,25.40,25.40,25.40,25.40,1000,25400.00
2020-10-20,24.80,25.87,24.80,25.87,5600,139522.00
2020-10-21,25.87,25.87,25.87,25.87,4300,110749.47
2020-10-22,25.87,25.87,25.87,25.87,100,2587.00
2020-10-23,25.00,26.20,25.00,25.19,4800,120797.81
2020-10-27,24.34,25.01,24.34,25.00,6500,161802.00
2020-10-28,25.20,25.20,25.01,25.01,1000,25105.00
2020-10-29,25.00,25.00,25.00,25.00,800,20975.00
2020-10-30,25.02,25.02,25.02,25.02,1000,24969.96
2020-11-02,25.50,25.60,24.88,25.60,25600,638360.00
2020-11-03,25.50,26.29,25.50,25.53,12200,312696.00
2020-11-04,26.49,26.49,25.51,25.51,10400,266257.28
2020-11-05,25.80,26.30,25.80,26.30,1100,28430.00
2020-11-06,26.50,26.50,26.46,26.47,8500,223715.50
2020-11-09,26.40,26.46,25.83,26.35,11000,290232.41
2020-11-10,26.01,26.39,26.00,26.00,17300,449991.00
2020-11-11,26.10,26.40,26.10,26.35,13000,342617.00
2020-11-12,26.30,26.40,26.00,26.40,12400,325062.81
2020-11-13,26.00,26.03,26.00,26.03,5300,137872.00
2020-11-16,25.88,25.88,25.88,25.88,3900,99922.68
2020-11-17,25.90,26.20,25.90,25.98,8700,225384.00
2020-11-18,25.91,25.92,25.91,25.92,2600,67366.45
2020-11-19,26.00,26.30,25.95,25.95,12000,312553.34
2020-11-20,26.20,26.20,26.00,26.19,8200,214721.00
2020-11-23,26.15,26.15,26.15,26.15,1500,39486.50
2020-11-24,26.14,26.15,26.10,26.11,18400,480442.00
2020-11-25,26.11,26.26,26.11,26.11,16300,424958.63
2020-11-26,26.50,26.50,26.00,26.02,5900,153829.00
2020-11-27,26.01,26.04,26.01,26.04,1000,26019.00
2020-11-30,26.00,26.00,26.00,26.00,2900,76076.00
2020-12-01,26.00,26.10,25.99,26.10,10000,261396.05
2020-12-02,26.10,26.12,26.10,26.12,8300,217640.56
2020-12-03,26.50,26.50,26.50,26.50,100,2650.00
2020-12-04,26.33,26.33,26.33,26.33,6400,167195.50
2020-12-07,26.00,26.50,26.00,26.40,24700,651175.00
2020-12-08,26.50,26.80,26.33,26.80,25000,666427.00
2020-12-09,26.40,26.80,26.40,26.80,6700,179000.00
2020-12-10,26.80,26.94,26.80,26.94,7500,201700.00
2020-12-11,26.95,27.52,26.95,27.52,7100,194236.23
2020-12-14,28.44,28.44,28.44,28.44,1000,28440.00
2020-12-15,29.00,29.00,28.44,28.45,1600,45792.00
2020-12-16,28.45,28.45,28.45,28.45,500,14225.00
2020-12-17,28.71,28.71,28.71,28.71,1000,28710.00
2020-12-18,28.80,30.00,28.80,30.00,17300,514342.72
2020-12-21,30.00,36.00,30.00,36.00,3400,103200.00
2020-12-22,35.99,35.99,30.00,30.12,11400,344620.00
2020-12-23,30.50,30.50,30.50,30.50,11900,362950.00
2020-12-24,31.21,31.25,31.21,31.25,1900,59343.00
2020-12-25,33.89,33.98,31.97,31.97,5800,194821.27
2020-12-28,31.12,31.15,31.12,31.15,5700,177616.91
2020-12-29,31.15,31.16,31.15,31.16,15700,487912.44
2020-12-30,31.16,31.20,31.15,31.20,11100,346139.00
2021-01-04,31.50,31.50,31.50,31.50,6400,201631.50
2021-01-05,31.00,31.00,30.80,30.80,9300,287934.00
2021-01-06,28.80,29.78,28.80,29.78,6200,182037.64
2021-01-07,29.78,29.78,28.80,28.80,8300,238990.16
2021-01-11,29.40,29.40,29.00,29.40,41800,1215800.38
2021-01-12,29.01,29.04,28.81,28.81,27200,789402.88
2021-01-13,28.82,28.90,28.70,28.70,11100,320408.91
2021-01-14,28.80,29.60,28.80,29.60,15800,467045.00
2021-01-18,29.60,30.97,28.28,29.10,13300,401185.00
2021-01-19,30.00,30.99,29.41,29.51,1600,48159.00
2021-01-20,29.51,29.51,29.51,29.51,500,14755.00
2021-01-22,29.51,29.52,29.51,29.52,1300,38364.00
2021-01-25,29.52,31.50,29.52,31.48,5200,163200.00
2021-01-26,31.60,31.60,31.60,31.60,1300,41080.00
2021-01-27,31.58,31.58,31.58,31.58,3000,94740.00
2021-01-28,31.50,31.50,31.50,31.50,5600,176400.00
2021-01-29,31.50,31.51,31.50,31.51,500,15754.00
2021-02-02,32.00,32.00,32.00,32.00,6000,192000.00
2021-02-04,32.50,32.50,32.50,32.50,500,15600.00
2021-02-05,31.11,33.00,31.11,32.50,1800,57730.00
2021-02-08,33.00,33.00,32.21,32.21,14100,463720.00
2021-02-09,33.00,33.00,32.50,32.50,12800,422145.00
2021-02-10,32.98,32.98,32.50,32.98,3600,118460.49
2021-02-18,32.50,32.50,32.30,32.30,1500,48550.00
2021-02-19,31.04,31.19,30.20,30.52,19200,592698.06
2021-02-22,30.06,32.00,30.06,31.02,800,24820.00
2021-02-23,31.02,31.06,31.02,31.06,2600,80744.00
2021-02-24,31.01,32.00,31.01,32.00,5800,184162.00
2021-02-25,30.20,32.20,30.20,32.20,5900,188929.80
2021-02-26,32.00,32.00,31.20,32.00,6000,190448.00
2021-03-01,31.32,32.09,31.32,32.09,5700,181680.00
2021-03-02,34.98,34.98,32.00,32.66,4900,159090.00
2021-03-03,33.00,33.00,32.50,32.50,3200,104850.00
2021-03-04,32.50,32.50,31.50,31.50,14700,469646.09
2021-03-05,31.50,31.81,31.10,31.80,8100,253221.59
2021-03-08,31.80,31.98,31.60,31.98,4100,129286.00
2021-03-09,31.50,31.98,31.50,31.89,5000,159230.00
2021-03-10,31.98,31.98,30.88,30.88,8600,268432.81
2021-03-11,31.50,31.50,31.50,31.50,2200,69237.00
2021-03-12,31.80,31.80,31.80,31.80,2000,63600.00
2021-03-15,31.70,31.70,31.50,31.50,5500,173269.00
2021-03-16,31.61,31.98,31.48,31.48,4600,143997.64
2021-03-17,31.85,31.85,30.00,30.00,4600,143691.41
2021-03-18,30.88,30.88,29.01,30.45,5000,151266.45
2021-03-19,30.00,30.45,30.00,30.00,4100,124305.00
2021-03-22,30.45,30.45,30.00,30.00,4800,145002.00
2021-03-23,30.02,30.02,29.50,29.50,9300,277808.50
2021-03-24,29.90,29.90,29.50,29.50,3200,96187.50
2021-03-25,29.50,29.50,29.22,29.22,800,23460.00
2021-03-29,29.88,29.88,29.88,29.88,1200,35826.12
2021-03-30,31.00,31.00,30.00,30.00,3100,93390.00
2021-03-31,31.00,31.00,30.50,30.50,2900,89200.00
2021-04-01,30.51,30.51,30.51,30.51,1000,31150.71
2021-04-02,30.50,30.50,30.00,30.00,2900,87050.00
2021-04-06,30.03,30.06,29.98,29.98,17700,531404.00
2021-04-07,30.00,30.00,30.00,30.00,10600,317400.00
2021-04-08,30.50,30.50,30.50,30.50,800,24400.00
2021-04-09,30.50,30.50,30.50,30.50,400,12200.00
2021-04-13,30.50,30.50,30.00,30.30,3700,110814.50
2021-04-14,30.50,30.50,30.35,30.35,9700,295250.00
2021-04-15,31.00,31.00,31.00,31.00,600,18600.00
2021-04-16,33.02,34.00,32.06,32.06,17100,576640.00
2021-04-19,33.66,33.73,33.20,33.20,4100,139183.05
2021-04-20,33.00,34.00,33.00,33.79,6600,221936.70
2021-04-21,33.80,33.80,33.80,33.80,4000,134828.20
2021-04-22,33.80,33.80,33.79,33.79,4500,152080.00
2021-04-26,33.99,33.99,33.77,33.80,6300,211408.89
2021-04-27,33.80,33.80,33.20,33.20,9000,304537.25
2021-04-28,33.21,33.74,33.21,33.23,4700,156666.08
2021-04-29,33.23,33.50,33.23,33.50,3100,103580.00
2021-04-30,33.49,33.49,33.48,33.48,5600,187524.00
2021-05-06,33.45,33.45,33.45,33.45,900,30105.00
2021-05-07,33.45,33.46,33.45,33.46,5400,180645.00
2021-05-11,33.20,33.46,33.20,33.46,1300,43741.16
2021-05-12,33.46,33.46,33.46,33.46,500,16730.00
2021-05-13,33.40,33.40,33.00,33.40,6800,226374.20
2021-05-14,33.40,33.40,33.40,33.40,300,10020.00
2021-05-17,33.40,33.40,33.40,33.40,19800,661320.00
2021-05-18,33.46,33.46,33.46,33.46,500,16730.00
2021-05-19,34.20,34.20,34.09,34.09,5100,175433.00
2021-05-20,34.09,34.09,34.09,34.09,3400,114576.00
2021-05-21,16.50,16.50,16.50,16.50,2700,43923.00
2021-05-24,16.50,16.50,16.50,16.50,5300,88192.50
2021-05-25,16.29,16.29,16.29,16.29,27800,453205.19
2021-05-26,16.29,16.29,16.29,16.29,28400,462268.00
2021-05-27,16.29,16.29,16.29,16.29,3900,63504.80
2021-05-28,16.29,16.50,16.29,16.50,22000,358990.00
2021-05-31,16.02,16.50,16.02,16.50,4100,65740.00
2021-06-01,16.44,16.44,16.42,16.42,1900,31213.00
2021-06-02,16.41,16.41,15.11,15.11,3600,58571.00
2021-06-03,16.00,16.00,16.00,16.00,3200,51200.00
2021-06-04,16.37,16.37,16.37,16.37,600,9822.00
2021-06-07,16.50,16.50,16.50,16.50,1100,18150.00
2021-06-08,15.90,16.40,15.90,16.40,4600,75340.00
2021-06-09,16.10,16.10,16.10,16.10,1000,16100.00
2021-06-10,16.66,16.66,15.92,16.45,4600,76068.12
2021-06-11,16.21,16.50,16.21,16.50,1400,22353.18
2021-06-15,16.48,16.48,16.00,16.42,4400,70538.00
2021-06-16,16.02,16.40,16.02,16.40,1200,19268.00
2021-06-17,16.40,16.40,16.40,16.40,1900,31160.00
2021-06-21,16.37,16.37,16.37,16.37,1200,19644.00
2021-06-22,16.50,16.50,16.50,16.50,23900,394350.00
2021-06-23,16.54,16.54,16.54,16.54,3700,61235.00
2021-06-24,16.65,16.70,16.65,16.70,5500,91650.00
2021-06-25,16.51,16.85,16.51,16.85,3400,57192.98
2021-06-30,16.86,16.86,16.86,16.86,200,3372.00
2021-07-01,17.57,17.75,17.57,17.75,7800,137730.00
2021-07-02,18.00,18.00,18.00,18.00,100,1800.00
2021-07-05,18.60,18.60,18.60,18.60,100,1860.00
2021-07-06,18.71,18.76,18.71,18.76,3100,58112.00
2021-07-07,19.20,19.20,19.20,19.20,100,1920.00
2021-07-08,19.91,21.50,19.91,21.50,5700,115670.00
2021-07-09,21.52,23.00,21.52,23.00,2300,49780.00
2021-07-12,22.99,23.00,22.00,22.00,20800,477209.97
2021-07-13,22.88,22.95,22.88,22.95,23400,536281.38
2021-07-14,26.80,26.80,22.99,22.99,5500,126136.30
2021-07-15,23.50,23.58,23.47,23.47,23000,539854.75
2021-07-16,23.60,25.30,23.60,25.00,32100,787283.19
2021-07-19,25.30,25.30,25.30,25.30,1400,35268.20
2021-07-20,25.50,25.50,25.49,25.49,19200,489924.88
2021-07-21,25.00,25.52,25.00,25.52,1000,25052.00
2021-07-22,25.52,25.55,25.10,25.50,2200,56155.50
2021-07-23,26.80,26.80,25.88,26.00,200,5279.08
2021-07-26,26.50,26.50,25.00,25.00,29000,727912.00
2021-07-27,25.18,25.18,25.18,25.18,100,2518.00
2021-08-04,23.40,23.40,23.40,23.40,2000,46800.00
2021-08-05,23.40,23.40,23.40,23.40,1700,39218.40
2021-08-06,23.00,23.10,23.00,23.10,6500,149850.00
2021-08-09,25.00,25.00,24.98,24.98,11000,274906.00
2021-08-10,24.08,24.98,24.08,24.98,1000,25004.08
2021-08-11,25.00,25.00,24.68,24.68,2000,49680.00
2021-08-12,24.00,24.40,24.00,24.40,10600,256400.00
2021-08-16,23.02,26.50,23.02,26.50,2700,62502.00
2021-08-17,25.00,25.00,23.51,23.51,4600,108295.00
2021-08-18,23.51,23.80,23.51,23.80,2200,51777.00
2021-08-19,23.66,24.80,23.66,24.00,2000,49442.00
2021-08-20,24.49,24.50,24.10,24.10,3000,73451.30
2021-08-23,24.00,25.00,23.80,23.80,10300,247087.20
2021-08-24,23.80,23.80,23.77,23.78,5400,127610.36
2021-08-25,24.85,24.85,24.00,24.00,600,14825.00
2021-08-26,23.75,24.90,23.75,24.90,7600,181650.00
2021-08-27,23.76,24.50,23.76,24.50,6000,142652.00
2021-08-30,23.50,24.00,23.50,24.00,2600,61405.00
2021-08-31,23.80,23.80,23.71,23.71,18500,439024.50
2021-09-01,23.61,23.61,23.61,23.61,1800,42498.00
2021-09-02,23.78,23.78,23.78,23.78,6000,142680.00
2021-09-03,24.73,24.90,24.66,24.86,5600,138289.48
2021-09-06,25.01,28.00,25.01,27.50,76300,2025300.38
2021-09-07,28.80,32.20,27.50,32.20,132400,4148690.25
2021-09-08,33.28,33.90,33.00,33.20,28200,941290.00
2021-09-09,33.00,33.90,32.07,32.07,8300,275556.97
2021-09-10,31.00,31.00,30.90,30.90,6300,194122.25
2021-09-13,35.00,35.00,31.04,32.50,25100,863079.50
2021-09-14,32.50,32.50,30.00,30.90,20700,644613.00
2021-09-15,31.00,31.99,31.00,31.97,2600,82999.27
2021-09-16,32.37,32.37,32.00,32.00,1800,57063.60
2021-09-17,32.09,32.09,31.50,31.50,9600,305962.19
2021-09-22,32.91,33.00,31.50,32.97,38000,1249913.00
2021-09-23,33.00,33.00,31.62,31.98,12700,409516.00
2021-09-24,32.00,33.00,32.00,32.97,13000,427623.59
2021-09-27,33.04,33.25,32.25,32.34,26800,884819.88
2021-09-28,32.00,32.55,32.00,32.55,10000,322249.84
2021-09-29,32.55,32.55,32.55,32.55,2300,74148.90
2021-09-30,33.00,33.00,32.80,32.80,2600,85117.60
2021-10-08,32.93,32.93,32.50,32.59,2100,67470.45
2021-10-11,32.98,32.99,32.90,32.90,11400,375967.00
2021-10-12,32.80,32.89,32.80,32.80,2900,94364.00
2021-10-13,32.00,32.88,32.00,32.88,1300,42047.00
2021-10-14,32.56,32.56,32.52,32.52,6800,222364.80
2021-10-15,33.00,33.00,32.88,32.88,17400,573926.94
2021-10-18,32.88,32.88,32.22,32.50,6800,222558.14
2021-10-19,32.90,32.90,32.55,32.55,7800,255707.80
2021-10-20,33.00,33.00,32.84,33.00,46500,1534867.63
2021-10-21,33.09,33.09,32.00,32.50,19600,641620.69
2021-10-22,33.89,33.98,32.95,32.95,18100,613358.94
2021-10-25,32.95,32.95,32.95,32.95,62400,2055684.63
2021-10-26,32.95,32.95,32.50,32.50,9100,299620.00
2021-10-27,32.50,32.90,32.50,32.80,1800,59054.00
2021-10-28,32.71,32.78,32.65,32.65,127600,4168143.75
2021-10-29,32.65,32.65,32.50,32.54,405300,9808346.00
2021-11-01,32.50,32.79,32.47,32.47,308400,7695102.50
2021-11-02,32.00,32.49,31.45,32.46,20800,662613.25
2021-11-03,32.00,32.96,32.00,32.50,8500,274086.00
2021-11-04,32.50,32.50,32.40,32.40,11400,370581.59
2021-11-05,32.43,32.45,32.41,32.45,146300,4733107.00
2021-11-08,32.00,32.45,32.00,32.45,15900,514551.13
2021-11-09,32.46,32.50,32.40,32.41,94800,2461420.75
2021-11-10,32.43,33.00,32.43,32.56,36200,1188684.88
2021-11-11,32.59,33.59,32.02,32.68,65700,2136583.75
2021-11-12,32.41,32.81,32.40,32.40,29300,953990.75
2021-11-15,32.30,33.28,32.30,32.97,74400,2434728.50
2021-11-16,32.99,33.25,32.99,33.03,133100,4395488.00
2021-11-17,33.05,33.40,33.05,33.30,45500,1510955.00
2021-11-18,33.50,33.59,33.30,33.30,71800,2403171.50
2021-11-19,34.99,35.50,32.90,33.78,62800,2098165.00
2021-11-22,35.00,35.00,34.00,34.58,123200,4267352.00
2021-11-23,34.58,34.93,34.30,34.32,93000,2558022.25
2021-11-24,34.70,34.80,34.32,34.66,37200,1286024.50
2021-11-25,34.66,34.68,34.59,34.65,40600,1404643.13
2021-11-26,34.65,34.83,34.65,34.68,64900,2252867.75
2021-11-29,34.99,34.99,33.50,34.70,54600,1871262.25
2021-11-30,34.72,34.72,34.68,34.70,44900,1557134.13
2021-12-01,34.93,34.93,34.50,34.52,10300,357052.84
2021-12-02,34.52,34.78,34.52,34.59,43600,1511348.38
2021-12-03,34.52,34.66,34.52,34.59,88900,3074227.75
2021-12-06,34.59,34.66,34.59,34.62,27500,951552.69
2021-12-07,34.59,34.68,34.59,34.68,29200,1012025.81
2021-12-08,35.75,35.83,34.65,35.05,30200,1052074.00
2021-12-09,35.05,35.05,34.68,34.72,49400,1716859.50
2021-12-10,34.59,34.59,34.00,34.20,31200,1070954.75
2021-12-13,34.15,34.15,25.16,30.00,561700,15768834.00
2021-12-14,29.00,29.96,29.00,29.96,330300,9767122.00
2021-12-15,29.96,32.00,29.92,31.94,318700,9850967.00
2021-12-16,32.09,34.00,32.03,32.21,192500,6387251.50
2021-12-17,32.28,33.50,32.09,32.41,161400,4457406.50
2021-12-20,32.40,32.50,32.20,32.20,83100,2693448.50
2021-12-21,32.46,32.46,32.11,32.20,47700,1539453.38
2021-12-22,32.50,33.43,32.21,32.93,51000,1667496.63
2021-12-23,32.24,32.40,32.24,32.30,36400,1176041.88
2021-12-24,32.91,32.91,31.70,32.58,10500,339404.72
2021-12-27,33.07,33.14,32.95,32.95,66400,2195909.25
2021-12-28,33.20,33.20,32.16,32.99,61400,2024570.63
2021-12-29,32.97,32.98,32.84,32.93,64100,2123368.50
2021-12-30,33.00,33.00,32.89,32.99,49200,1618653.00
2021-12-31,34.99,34.99,33.15,33.80,74900,2538472.00
2022-01-04,33.16,33.79,33.16,33.79,14000,468626.53
2022-01-05,32.68,33.68,32.68,33.50,30500,1012938.31
2022-01-06,33.00,33.49,33.00,33.46,10900,365902.19
2022-01-07,34.00,34.00,33.45,33.50,72100,2412984.00
2022-01-10,34.30,34.49,34.30,34.45,46200,1591803.38
2022-01-11,34.50,34.86,34.50,34.80,93900,3268937.00
2022-01-12,35.29,35.29,35.00,35.20,75500,2252461.00
2022-01-13,34.09,35.27,34.09,35.12,13200,461018.13
2022-01-14,35.30,35.38,35.25,35.25,38100,1345120.38
2022-01-17,35.40,35.80,35.40,35.43,61500,2183126.25
2022-01-18,35.78,35.78,35.40,35.50,3000,106633.10
2022-01-19,35.59,35.81,35.59,35.65,36100,1288315.50
2022-01-20,35.83,35.83,35.29,35.29,29000,1032451.00
2022-01-21,35.75,35.75,34.30,34.50,15000,517465.38
2022-01-24,33.33,34.88,33.33,34.30,8500,291565.88
2022-01-25,34.00,34.50,34.00,34.38,30800,1058516.88
2022-01-26,34.38,34.38,34.38,34.38,2400,82512.00
2022-01-27,34.80,34.80,34.53,34.53,10100,347552.50
2022-01-28,34.53,34.53,34.00,34.00,21000,721440.75
2022-02-07,34.00,35.55,34.00,35.34,22400,788235.81
2022-02-08,34.68,35.88,34.68,35.88,57200,2044128.13
2022-02-09,35.88,36.93,35.88,36.59,36500,1331334.63
2022-02-10,36.59,38.80,36.59,38.50,74300,2316055.00
2022-02-11,38.59,39.86,38.59,39.30,27400,1080803.63
2022-02-14,39.50,42.00,39.50,40.56,128800,5226740.00
2022-02-15,40.56,40.70,40.30,40.34,76400,3093409.25
2022-02-16,40.34,40.50,40.34,40.36,52600,2123882.00
2022-02-17,40.09,40.57,40.09,40.30,66900,2703225.75
2022-02-18,41.70,41.70,40.70,40.98,94100,3854501.75
2022-02-21,41.00,41.80,41.00,41.60,50700,2103689.25
2022-02-22,42.96,42.96,41.51,41.96,118800,4987082.50
2022-02-23,40.22,42.00,40.22,41.34,43600,1808210.75
2022-02-24,41.88,41.93,41.35,41.72,67300,2804806.50
2022-02-25,41.72,41.72,41.50,41.50,17600,731500.81
2022-02-28,40.96,40.96,39.34,39.34,27000,1080434.88
2022-03-01,40.68,40.68,39.98,39.98,3100,122639.00
2022-03-02,39.93,39.93,38.99,38.99,25400,1010673.25
2022-03-03,40.00,40.00,39.00,39.61,2100,82968.00
2022-03-04,38.86,39.59,38.61,38.80,37500,1456704.75
2022-03-07,38.80,38.80,38.05,38.70,2600,99611.00
2022-03-08,38.64,38.64,37.05,38.50,10500,398485.28
2022-03-09,37.24,38.45,37.24,37.70,67000,2095344.13
2022-03-10,37.70,37.70,37.49,37.50,67100,2101110.75
2022-03-11,35.86,38.49,35.86,38.49,40200,1059435.00
2022-03-14,38.34,38.34,36.07,37.05,48300,1387577.38
2022-03-15,37.08,39.00,36.09,36.09,8200,300827.69
2022-03-16,36.09,36.09,34.55,35.05,24900,871726.00
2022-03-17,35.15,35.15,34.53,34.90,72900,2025222.63
2022-03-18,37.09,37.09,34.59,36.75,5000,173957.20
2022-03-21,36.70,39.00,35.80,35.80,7800,287981.63
2022-03-22,38.88,38.88,37.59,37.59,2600,100442.12
2022-03-23,40.00,40.00,37.00,37.59,24700,930373.75
2022-03-24,37.82,37.82,36.82,37.08,13600,503125.63
2022-03-25,18.48,19.20,18.48,18.68,141600,2681460.25
2022-03-28,18.98,18.98,18.54,18.54,136700,2555195.00
2022-03-29,18.60,18.79,18.60,18.79,61500,1152195.75
2022-03-30,18.79,18.82,18.70,18.79,83100,1562927.75
2022-03-31,18.79,18.79,18.75,18.78,4200,79188.15
2022-04-01,19.85,19.85,18.89,19.10,54500,1036057.81
2022-04-06,18.99,19.01,18.90,18.90,22900,435548.00
2022-04-07,19.00,19.00,18.75,18.75,50300,947209.38
2022-04-08,18.95,18.95,18.70,18.75,8700,162581.16
2022-04-11,19.00,19.00,18.54,18.65,44100,830636.75
2022-04-12,18.66,18.79,18.66,18.79,10300,193237.41
2022-04-13,19.00,19.00,18.79,18.79,43000,809800.00
2022-04-14,18.81,18.81,18.79,18.79,117200,1643062.25
2022-04-15,18.99,18.99,18.79,18.89,146400,2191133.50
2022-04-18,18.62,18.87,18.62,18.86,25400,478497.00
2022-04-19,18.20,18.96,18.20,18.92,5200,98318.00
2022-04-20,18.87,18.87,18.70,18.70,8000,149568.80
2022-04-21,18.70,18.70,18.67,18.68,6000,112666.26
2022-04-22,18.60,18.70,18.50,18.68,56400,1045664.50
2022-04-25,18.78,18.79,17.70,18.08,142300,2108026.50
2022-04-26,18.18,18.79,18.08,18.08,168700,2635852.75
2022-04-27,18.07,18.43,18.02,18.43,16500,299043.59
2023-04-03,10.80,10.80,8.98,10.17,9481757,91940696.00
2023-04-04,10.00,10.02,9.62,9.65,2845878,27890728.00
2023-04-06,9.65,9.69,9.50,9.54,819135,7817137.00
2023-04-07,9.60,9.70,9.54,9.68,671278,6454065.00
2023-04-10,9.73,9.73,9.47,9.56,621546,5947850.50
2023-04-11,9.50,9.57,9.48,9.49,503692,4790395.00
2023-04-12,9.49,9.55,9.44,9.46,327060,3099540.50
2023-04-13,9.42,9.47,9.25,9.28,523164,4903518.50
2023-04-14,9.30,9.35,9.22,9.26,345536,3196367.75
2023-04-17,9.25,9.33,9.20,9.26,310555,2870826.00
2023-04-18,9.25,9.25,9.00,9.04,671472,6106048.50
2023-04-19,9.02,9.08,9.01,9.04,225725,2041949.63
2023-04-20,9.05,9.35,9.03,9.28,364524,3373638.00
2023-04-21,9.10,9.38,9.05,9.28,280840,2611975.25
2023-04-24,9.25,9.34,9.25,9.32,221624,2059289.38
2023-04-25,9.25,9.33,9.24,9.25,206824,1919459.63
2023-04-26,9.25,9.33,9.11,9.21,258343,2372901.50
2023-04-27,9.27,9.27,9.10,9.16,218349,1996035.50
2023-04-28,9.11,9.35,9.11,9.26,267398,2477301.00
2023-05-04,9.11,9.33,9.11,9.30,177106,1645009.75
2023-05-05,9.23,9.32,9.20,9.28,182897,1697122.63
2023-05-08,9.28,9.32,9.00,9.30,338130,3132127.50
2023-05-09,9.30,9.36,9.16,9.23,229657,2122870.75
2023-05-10,9.15,9.26,9.12,9.19,116674,1073123.63
2023-05-11,9.16,9.24,9.10,9.18,334687,3072376.75
2023-05-12,9.18,9.20,9.11,9.20,92958,851056.69
2023-05-15,9.16,9.29,9.16,9.22,408911,3496809.50
2023-05-16,9.20,9.29,9.18,9.21,246776,2271842.25
2023-05-17,9.20,9.21,9.18,9.19,199499,1833688.13
2023-05-18,9.12,9.22,9.12,9.15,279446,2289292.25
2023-05-19,9.15,9.20,8.98,9.10,199499,1808991.00
2023-05-22,9.05,9.15,9.05,9.08,106091,962378.06
2023-05-23,9.07,9.07,9.00,9.03,245568,2216267.00
2023-05-24,9.05,9.05,8.98,9.01,259147,2330867.50
2023-05-25,9.02,9.02,8.87,9.00,169033,1510125.00
2023-05-26,8.88,8.99,8.80,8.92,159998,1416516.75
2023-05-29,8.88,8.95,8.75,8.79,298461,2620578.00
2023-05-30,8.71,8.76,8.50,8.55,383595,3289339.50
2023-05-31,8.55,8.55,8.39,8.39,210746,1780412.00
2023-06-01,8.35,8.48,8.32,8.40,110960,928197.69
2023-06-02,8.35,8.49,8.35,8.45,169229,1426436.88
2023-06-05,8.42,8.52,8.38,8.40,202366,1707159.00
2023-06-06,8.40,8.43,8.28,8.30,175397,1462265.25
2023-06-07,8.30,8.30,8.21,8.22,120114,991089.31
2023-06-08,8.20,8.23,8.16,8.22,150854,1234519.63
2023-06-09,8.31,8.32,8.12,8.23,151283,1237636.63
2023-06-12,8.12,8.30,8.12,8.26,219154,1806909.88
2023-06-13,8.15,8.33,8.15,8.33,123885,1026394.25
2023-06-14,8.28,8.37,8.28,8.37,142779,1190982.25
2023-06-15,8.42,8.53,8.37,8.53,172412,1457770.75
2023-06-16,8.53,8.94,8.52,8.85,468977,4131077.50
2023-06-19,8.80,8.97,8.80,8.83,439291,3919924.00
2023-06-20,8.83,8.93,8.83,8.84,139940,1245104.88
2023-06-21,8.85,8.92,8.85,8.89,112628,1001427.75
2023-06-26,8.86,8.94,8.86,8.89,90538,806056.31
2023-06-27,8.66,8.92,8.66,8.92,100315,889908.38
2023-06-28,8.76,8.92,8.66,8.67,150232,1311351.25
2023-06-29,8.67,8.82,8.60,8.64,131725,1142056.75
2023-06-30,8.61,8.76,8.61,8.74,43383,378362.09
2023-07-03,8.91,8.91,8.76,8.79,128961,1141679.88
2023-07-04,8.78,8.88,8.73,8.88,88601,783134.63
2023-07-05,8.80,8.89,8.76,8.78,143730,1262077.75
2023-07-06,8.87,8.97,8.77,8.90,265823,2349465.00
2023-07-07,8.66,8.66,8.43,8.58,389303,3328806.75
2023-07-10,8.46,8.63,8.46,8.60,358155,3066082.50
2023-07-11,8.50,8.67,8.45,8.58,337399,2891687.75
2023-07-12,8.56,8.66,8.56,8.61,572273,4670357.50
2023-07-13,8.51,8.64,8.51,8.60,64473,551376.75
2023-07-14,8.60,8.61,8.52,8.58,151065,1298829.88
2023-07-17,8.42,8.50,8.42,8.44,212364,1799546.75
2023-07-18,8.43,8.52,8.42,8.49,151800,1284564.00
2023-07-19,8.44,8.50,8.44,8.44,182805,1549518.13
2023-07-20,8.41,8.45,8.41,8.43,126986,1071492.13
2023-07-21,8.57,8.57,8.40,8.40,168615,1430182.25
2023-07-24,8.41,8.45,8.39,8.40,196000,1648798.00
2023-07-25,8.38,8.43,8.38,8.40,181058,1523113.38
2023-07-26,8.47,8.47,8.38,8.41,240966,2023464.75
2023-07-27,8.41,8.44,8.39,8.39,607471,3924991.75
2023-07-28,8.40,8.45,8.37,8.42,566657,3778274.00
2023-07-31,8.36,8.56,8.35,8.36,269304,2260128.75
2023-08-01,8.36,8.42,8.36,8.37,159535,1339064.88
2023-08-02,8.35,8.39,8.35,8.36,147100,1231723.00
2023-08-03,8.31,8.35,8.22,8.25,395051,2889887.00
2023-08-04,8.30,8.30,8.20,8.21,123768,1017698.56
2023-08-07,8.24,8.24,8.16,8.16,43768,358190.56
2023-08-08,8.15,8.15,8.04,8.04,152411,1231747.25
2023-08-09,8.05,8.16,8.05,8.07,45269,365453.13
2023-08-10,8.05,8.06,7.95,7.97,176291,1408496.88
2023-08-11,8.03,8.03,7.90,7.91,100522,796357.19
2023-08-14,7.78,7.83,7.78,7.80,122740,956738.19
2023-08-15,7.78,7.78,7.73,7.75,262162,1573805.63
2023-08-16,7.70,7.76,7.64,7.64,110773,851566.75
2023-08-17,7.65,7.65,7.50,7.51,179507,1357109.25
2023-08-18,7.68,7.77,7.54,7.54,430072,2476533.75
2023-08-21,7.55,7.68,7.46,7.62,286300,1921067.13
2023-08-22,7.83,7.83,7.53,7.63,170767,1305632.00
2023-08-23,7.60,7.67,7.53,7.53,126688,966233.31
2023-08-24,7.53,7.67,7.53,7.61,345350,2626304.00
2023-08-25,7.61,7.70,7.59,7.59,184050,1402196.00
2023-08-28,7.86,8.06,7.58,7.60,200278,1541695.00
2023-08-29,7.79,7.82,7.56,7.72,148260,1148581.13
2023-08-30,7.71,7.83,7.67,7.71,173150,1338228.38
2023-08-31,7.78,7.78,7.71,7.71,140100,1086199.00
2023-09-01,7.80,7.81,7.73,7.81,512885,3204117.50
2023-09-04,8.00,8.12,7.98,7.98,555718,4106419.75
2023-09-05,7.93,8.06,7.79,7.80,337081,2413821.50
2023-09-06,7.75,7.86,7.75,7.83,270427,1878768.88
2023-09-07,7.95,7.95,7.77,7.77,155318,1213671.63
2023-09-08,8.18,8.18,7.82,7.83,221308,1757626.38
2023-09-11,7.98,7.98,7.79,7.80,345677,2404091.50
2023-09-12,7.76,7.86,7.75,7.78,151010,1178630.63
2023-09-13,7.85,7.86,7.70,7.70,153234,1197173.38
2023-09-14,7.71,7.85,7.71,7.73,226659,1522681.63
2023-09-15,7.75,7.90,7.75,7.89,146171,1148981.25
2023-09-18,7.80,7.85,7.77,7.78,242302,1890902.88
2023-09-19,7.76,7.80,7.70,7.73,212964,1649381.75
2023-09-20,7.71,7.85,7.71,7.77,122700,950607.31
2023-09-21,7.75,7.86,7.75,7.80,184523,1437698.75
2023-09-22,7.80,7.85,7.75,7.80,201072,1567895.13
2023-09-25,7.91,7.91,7.74,7.75,189500,1475936.75
2023-09-26,7.80,7.88,7.76,7.76,147200,1152368.75
2023-09-27,7.75,7.85,7.75,7.84,119279,931694.75
2023-09-28,7.87,7.92,7.82,7.90,124033,978113.56
2023-10-09,7.78,7.89,7.77,7.78,204744,1601469.63
2023-10-10,7.79,7.90,7.79,7.86,116357,912659.75
2023-10-11,7.91,7.93,7.86,7.87,144300,1138996.75
2023-10-12,7.94,7.94,7.84,7.87,7583,59556.21
2023-10-13,7.81,7.81,7.71,7.75,221518,1717142.50
2023-10-16,7.70,7.79,7.68,7.68,50798,391390.41
2023-10-17,7.68,7.69,7.52,7.55,153718,1163999.88
2023-10-18,7.61,7.62,7.55,7.56,44589,338332.63
2023-10-19,8.13,8.13,7.51,7.53,33956,256709.69
2023-10-20,7.51,7.58,7.51,7.52,29272,220328.30
2023-10-23,7.50,7.50,7.24,7.35,139449,1020048.69
2023-10-24,7.31,7.40,7.25,7.25,64598,471288.94
2023-10-25,7.25,7.28,7.20,7.25,94841,686301.25
2023-10-26,7.25,7.27,7.20,7.27,38100,275112.19
2023-10-27,7.21,7.36,7.21,7.35,136524,998388.81
2023-10-30,5.38,7.42,5.38,7.23,333590,2405526.00
2023-10-31,7.10,7.18,7.08,7.10,206119,1463684.75
2023-11-01,7.14,7.14,6.88,6.89,165047,1152648.25
2023-11-02,6.99,6.99,6.60,6.61,266570,1791682.25
2023-11-03,6.61,6.61,6.45,6.48,233627,1520462.25
2023-11-06,6.67,6.67,6.45,6.55,228508,1488024.25
2023-11-07,6.51,6.56,6.48,6.56,148667,967755.88
2023-11-08,6.56,6.75,6.50,6.63,238337,1574433.63
2023-11-09,6.75,6.75,6.58,6.62,201550,1332984.50
2023-11-10,6.68,6.68,6.56,6.61,153508,1011258.38
2023-11-13,6.58,6.66,6.51,6.59,73399,483665.63
2023-11-14,6.67,6.67,6.53,6.61,112171,736887.38
2023-11-15,6.60,6.68,6.60,6.67,126205,839027.94
2023-11-16,6.74,6.74,6.60,6.68,98040,651501.25
2023-11-17,6.71,6.78,6.58,6.74,280478,1885057.38
2023-11-20,6.70,6.87,6.69,6.87,103237,704016.81
2023-11-21,6.94,7.59,6.93,7.21,1302172,9510289.00
2023-11-22,7.29,7.98,7.21,7.97,2543670,19524478.00
2023-11-23,8.01,8.53,7.54,7.63,3413596,27585506.00
2023-11-24,7.51,8.35,7.38,8.32,4017122,32487560.00
2023-11-27,8.72,9.67,8.33,9.50,7949939,72363544.00
2023-11-28,9.50,9.50,8.87,9.03,4759663,43668400.00
2023-11-29,8.81,9.20,8.00,8.00,4075288,35132968.00
2023-11-30,8.00,8.33,7.73,8.04,1755793,14084673.00
2023-12-01,8.15,8.15,7.53,7.63,1439335,11181018.00
2023-12-04,7.71,7.77,7.44,7.66,871536,6639028.00
2023-12-05,7.66,8.33,7.55,8.28,2198386,17822698.00
2023-12-06,8.29,8.65,8.16,8.33,2181819,18345192.00
2023-12-07,8.28,8.95,8.19,8.86,4025327,34996980.00
2023-12-08,8.76,9.11,8.76,9.03,3893318,34718204.00
2023-12-11,8.67,8.98,8.51,8.62,1807001,15615414.00
2023-12-12,8.68,8.68,8.26,8.50,1476052,12497042.00
2023-12-13,8.50,8.76,8.50,8.73,1653874,14319651.00
2023-12-14,8.79,9.10,8.65,9.01,3663011,32491878.00
2023-12-15,8.97,9.08,8.72,8.81,1841888,16308059.00
2023-12-18,8.75,9.47,8.75,9.43,4247166,38666280.00
2023-12-19,9.39,9.56,9.13,9.37,2422153,22441500.00
2023-12-20,9.43,10.20,9.31,10.01,6154039,59765924.00
2023-12-21,10.30,10.50,8.75,8.85,8409211,82652320.00
2023-12-22,8.60,9.05,8.25,8.83,3300781,28062472.00
2023-12-25,8.88,9.19,8.82,9.12,2988603,26513728.00
2023-12-26,8.91,9.63,8.80,9.63,4681887,43252948.00
2023-12-27,9.50,9.66,9.16,9.44,2601784,24493904.00
2023-12-28,9.55,10.00,9.37,9.80,3835878,36745600.00
2023-12-29,9.81,10.18,9.49,10.00,3744548,36787796.00
2024-01-02,10.00,10.30,9.85,10.30,4904617,49531032.00
2024-01-03,10.22,10.36,9.99,10.13,2698215,27348440.00
2024-01-04,10.12,10.18,9.68,9.97,2786919,27590926.00
2024-01-05,9.96,10.15,9.43,9.52,2526045,24589266.00
2024-01-08,9.56,9.70,9.05,9.15,1554033,14610816.00
2024-01-09,9.25,9.38,8.62,8.86,1722253,15438132.00
2024-01-10,8.84,9.19,8.69,9.04,1410211,12387111.00
2024-01-11,9.03,9.28,9.00,9.08,944208,8320936.50
2024-01-12,9.17,9.25,8.46,8.52,1993243,17494118.00
2024-01-15,8.42,8.63,8.02,8.08,1045195,8640655.00
2024-01-16,8.23,8.67,7.94,8.62,1938672,15858081.00
2024-01-17,8.48,8.76,8.43,8.47,1106819,9526400.00
2024-01-18,8.58,8.78,8.36,8.72,951816,8178013.00
2024-01-19,8.86,8.99,8.60,8.96,1173772,10426819.00
2024-01-22,8.83,9.00,8.48,8.66,969215,8436369.00
2024-01-23,8.54,8.84,8.49,8.84,657935,5745229.50
2024-01-24,8.89,8.97,8.58,8.92,730804,6422807.50
2024-01-25,8.97,8.98,8.72,8.85,741051,6568814.00
2024-01-26,8.75,8.92,8.50,8.53,862668,7491649.00
2024-01-29,8.39,8.41,8.06,8.08,761755,6206590.50
2024-01-30,7.95,8.25,7.93,8.05,489424,3694137.75
2024-01-31,8.03,8.18,7.97,8.05,525239,4001953.25
2024-02-01,8.05,8.09,7.89,7.91,755416,5559805.50
2024-02-02,7.94,8.07,7.50,7.50,829058,6385115.50
2024-02-05,7.45,7.45,6.70,7.17,849774,5913935.50
2024-02-06,7.16,8.08,7.00,7.82,881426,6420958.50
2024-02-07,7.76,8.10,7.58,7.70,879256,6934605.50
2024-02-08,7.70,8.02,7.48,7.99,866594,6741184.00
2024-02-19,8.18,8.18,7.90,8.01,430586,3443406.00
2024-02-20,8.17,8.17,7.82,8.06,560142,4502532.00
2024-02-21,7.95,8.15,7.92,8.06,1261649,10126624.00
2024-02-22,8.00,8.09,8.00,8.06,778760,6259156.00
2024-02-23,7.91,8.06,7.91,7.97,563289,4489279.50
2024-02-26,7.94,7.97,7.84,7.89,518133,4093490.25
2024-02-27,7.95,8.20,7.86,8.15,1180883,9488894.00
2024-02-28,8.20,8.30,8.04,8.10,1225312,10028511.00
2024-02-29,8.09,8.22,7.95,8.22,824015,6739469.50
2024-03-01,8.26,8.28,8.12,8.18,509864,4166897.75
2024-03-04,8.18,8.18,7.88,7.94,619312,4931099.00
2024-03-05,7.89,7.90,7.52,7.71,941482,7174462.50
2024-03-06,7.67,7.71,7.40,7.63,1230168,9295264.00
2024-03-07,7.60,7.61,7.25,7.29,1496273,11068776.00
2024-03-08,7.29,7.29,7.00,7.05,1947323,13828154.00
2024-03-11,7.10,7.18,7.01,7.11,1826480,12700632.00
2024-03-12,7.11,7.17,7.07,7.15,1027578,7312334.50
2024-03-13,7.14,7.17,7.04,7.08,809028,5740232.50
2024-03-14,7.08,7.12,7.00,7.06,524742,3709111.25
2024-03-15,7.02,7.39,7.00,7.28,1747884,12617029.00
2024-03-18,7.30,7.30,7.15,7.29,1006853,7268255.00
2024-03-19,7.30,7.30,7.22,7.25,693419,5033597.50
2024-03-20,7.32,7.32,7.19,7.24,573329,4152033.50
2024-03-21,7.20,7.25,7.15,7.16,553524,3970272.50
2024-03-22,7.19,7.19,7.03,7.07,555683,3942048.75
2024-03-25,7.01,7.13,7.01,7.04,368200,2597972.75
2024-03-26,7.06,7.09,6.90,6.96,443341,3088652.75
2024-03-27,7.02,7.21,6.95,7.00,380778,2682884.50
2024-03-28,6.96,7.08,6.94,7.03,320968,2254982.25
2024-03-29,7.20,7.20,6.96,6.98,414616,2916742.25
2024-04-01,7.12,7.12,7.03,7.04,346976,2450736.25
2024-04-02,7.05,7.06,6.96,6.99,314422,2200777.00
2024-04-03,7.00,7.08,6.94,6.98,325624,2274233.00
2024-04-08,6.98,6.98,6.80,6.80,525347,3611534.25
2024-04-09,6.82,6.95,6.82,6.94,141108,974004.31
2024-04-10,6.91,7.35,6.91,7.03,929933,6649772.50
2024-04-11,7.01,7.08,6.88,7.01,417124,2910357.50
2024-04-12,6.99,7.10,6.92,7.02,435721,3064877.75
2024-04-15,6.98,7.08,6.86,7.00,627430,4362551.50
2024-04-16,6.93,6.95,6.83,6.88,334252,2302951.50
2024-04-17,6.91,7.15,6.91,7.15,804916,5706511.50
2024-04-18,7.03,7.25,7.03,7.15,758255,5422496.00
2024-04-19,7.08,7.23,7.07,7.18,556447,3962978.00
2024-04-22,7.24,7.25,7.05,7.06,326995,2321277.75
2024-04-23,7.09,7.09,6.90,7.02,389422,2719156.75
2024-04-24,7.05,7.06,6.95,7.02,368226,2576509.25
2024-04-25,7.00,7.09,7.00,7.04,289946,2038105.00
2024-04-26,7.01,7.07,7.00,7.04,279764,1965767.63
2024-04-29,7.03,7.14,7.00,7.12,658720,4655030.00
2024-04-30,7.08,7.15,7.07,7.12,321556,2286016.00
2024-05-06,7.18,7.39,7.12,7.39,1665956,12150256.00
2024-05-07,7.47,7.56,7.30,7.42,1381227,10237298.00
2024-05-08,7.40,7.40,7.26,7.30,698903,5111882.50
2024-05-09,7.35,7.42,7.28,7.34,645179,4746462.00
2024-05-10,7.30,7.37,7.18,7.25,500981,3626431.25
2024-05-13,7.18,7.19,7.07,7.14,435619,3100411.50
2024-05-14,7.14,7.18,7.11,7.15,140006,999187.56
2024-05-15,7.12,7.15,7.05,7.08,466565,3304635.25
2024-05-16,7.05,7.10,7.03,7.07,287618,2032304.38
2024-05-17,7.03,7.10,7.03,7.10,269474,1905129.25
2024-05-20,7.20,7.20,7.06,7.08,195541,1389072.50
2024-05-21,7.12,7.12,7.01,7.01,355062,2497722.75
2024-05-22,7.02,7.11,7.00,7.06,401626,2824697.00
2024-05-23,7.00,7.38,7.00,7.25,1556523,11224673.00
2024-05-24,7.21,7.23,7.07,7.11,765144,5453443.50
2024-05-27,7.09,7.10,7.02,7.08,397614,2800504.75
2024-05-28,7.06,7.11,6.99,6.99,495634,3484779.75
2024-05-29,7.01,7.05,6.97,6.99,283864,1984907.25
2024-05-30,7.03,7.03,6.93,6.94,436513,3041135.00
2024-05-31,6.92,7.04,6.91,6.96,149499,1039505.00
2024-06-03,6.94,7.02,6.90,6.92,329965,2286600.75
2024-06-04,6.93,6.97,6.90,6.92,119805,830851.06
2024-06-05,6.90,6.92,6.88,6.91,212904,1468631.75
2024-06-06,6.98,7.00,6.70,6.72,592776,4010110.00
2024-06-07,6.43,6.53,6.43,6.50,166846,1080869.25
2024-06-11,6.60,6.60,6.47,6.57,174614,1137915.88
2024-06-12,6.57,6.63,6.52,6.57,113775,747690.75
2024-06-13,6.57,6.58,6.53,6.55,51461,337346.69
2024-06-14,6.60,6.60,6.52,6.56,91404,599313.25
2024-06-17,6.73,6.73,6.51,6.52,307728,1625945.50
2024-06-18,6.51,6.60,6.51,6.57,288695,1395920.75
2024-06-19,6.57,6.71,6.52,6.60,645411,3678506.25
2024-06-20,6.58,6.58,6.34,6.50,473483,2691840.50
2024-06-21,6.48,6.63,6.48,6.53,139108,911076.69
2024-06-24,6.60,6.60,6.43,6.43,236059,1527224.00
2024-06-25,6.41,6.51,6.41,6.49,351474,1842849.00
2024-06-26,6.50,6.55,6.45,6.52,184833,1200448.63
2024-06-27,6.53,6.53,6.45,6.48,424200,2288431.50
2024-06-28,6.56,6.60,6.53,6.58,349488,2296140.25
2024-07-01,6.52,6.60,6.52,6.58,168000,1103389.50
2024-07-02,6.60,6.64,6.59,6.60,282661,1872009.00
2024-07-03,6.63,6.63,6.55,6.59,212694,1395846.13
2024-07-04,6.57,6.64,6.53,6.57,204247,1342917.00
2024-07-05,6.51,6.57,6.51,6.55,56760,371369.63
2024-07-08,6.60,6.60,6.46,6.48,204043,1325830.88
2024-07-09,6.54,6.54,6.48,6.54,174859,1137262.13
2024-07-10,6.57,6.57,6.47,6.53,62601,409026.56
2024-07-11,6.59,6.69,6.53,6.66,567460,3755655.25
2024-07-12,6.60,6.67,6.60,6.65,167626,1112504.00
2024-07-15,6.70,6.70,6.59,6.60,108970,720628.88
2024-07-16,6.53,6.77,6.53,6.77,555460,3710265.00
2024-07-17,6.79,7.40,6.69,7.22,2588135,18426940.00
2024-07-18,7.17,7.18,6.84,6.91,1134933,7897485.50
2024-07-19,6.91,6.99,6.78,6.84,528575,3626300.75
2024-07-22,6.81,6.92,6.77,6.81,221542,1507791.38
2024-07-23,6.78,6.92,6.50,6.65,564225,3796924.50
2024-07-24,6.65,6.65,6.55,6.59,349457,2303500.00
2024-07-25,6.56,6.72,6.49,6.59,579822,3253199.25
2024-07-26,6.75,6.76,6.57,6.65,243842,1615827.13
2024-07-29,6.71,6.71,6.61,6.65,183333,1215724.25
2024-07-30,6.65,6.79,6.63,6.70,272101,1825436.13
2024-07-31,6.67,6.84,6.67,6.79,241533,1639154.88
2024-08-01,6.79,6.84,6.75,6.82,113886,774281.06
2024-08-02,6.73,6.82,6.70,6.76,130550,878833.50
2024-08-05,6.75,6.78,6.63,6.68,282538,1894566.13
2024-08-06,6.69,7.08,6.69,6.90,591337,4055506.25
2024-08-07,6.89,6.90,6.79,6.87,301443,2062162.25
2024-08-08,6.78,6.90,6.76,6.89,317061,2168472.25
2024-08-09,6.80,6.90,6.79,6.80,327848,2237495.50
2024-08-12,6.78,6.83,6.73,6.81,101671,690249.31
2024-08-13,6.71,6.83,6.71,6.83,84824,574671.44
2024-08-14,6.78,6.88,6.77,6.85,201135,1371603.63
2024-08-15,6.82,6.86,6.82,6.86,57032,390287.28
2024-08-16,6.82,6.83,6.79,6.82,231366,1575276.63
2024-08-19,6.82,6.86,6.80,6.84,67121,458558.13
2024-08-20,6.84,6.99,6.83,6.83,248317,1712305.50
2024-08-21,6.80,6.89,6.78,6.84,88654,604524.88
2024-08-22,6.86,6.91,6.81,6.88,173588,1193495.63
2024-08-23,6.94,6.94,6.84,6.88,162087,1115781.13
2024-08-26,6.89,6.94,6.83,6.89,167390,1149908.38
2024-08-27,6.93,6.93,6.82,6.82,87514,598291.81
2024-08-28,6.77,6.89,6.77,6.89,231737,1587656.50
2024-08-29,6.83,6.92,6.82,6.90,122484,843527.56
2024-08-30,6.86,6.98,6.86,6.97,277856,1927248.38
2024-09-02,7.01,7.01,6.85,6.89,146454,1008794.69
2024-09-03,6.87,6.95,6.87,6.90,78859,543417.56
2024-09-04,6.90,6.91,6.85,6.88,87426,602425.88
2024-09-05,6.86,6.98,6.85,6.94,117395,810857.50
2024-09-06,6.90,7.02,6.89,6.94,159853,1112432.75
2024-09-09,6.89,7.02,6.89,7.02,305288,2126499.25
2024-09-10,6.96,7.04,6.93,7.03,89236,624505.75
2024-09-11,7.05,7.11,6.96,7.11,295234,2086273.50
2024-09-12,7.10,7.10,7.00,7.02,251858,1771555.50
2024-09-13,7.08,7.08,6.94,6.98,202159,1414389.13
2024-09-18,6.93,6.98,6.83,6.89,380744,2625121.25
2024-09-19,6.78,6.99,6.75,6.94,301707,2089413.13
2024-09-20,6.94,6.97,6.88,6.92,111435,769360.50
2024-09-23,6.90,6.90,6.80,6.83,168791,1154536.63
2024-09-24,6.81,6.96,6.77,6.91,519334,3565728.00
2024-09-25,6.95,7.09,6.95,6.98,425131,2987585.75
2024-09-26,7.00,7.08,6.93,7.05,429950,3008856.00
2024-09-27,7.09,7.58,7.07,7.47,2877516,21249706.00
2024-09-30,7.75,9.00,7.50,8.80,5282289,43604596.00
2024-10-08,10.59,11.22,9.50,10.29,6590085,66305724.00
2024-10-09,9.79,9.79,8.80,8.88,3743878,34298300.00
2024-10-10,8.85,9.24,8.50,8.63,2196789,19412934.00
2024-10-11,8.45,8.48,7.85,7.99,2168948,17624882.00
2024-10-14,8.00,8.29,7.83,8.26,1612615,13020940.00
2024-10-15,8.19,8.46,8.05,8.08,1208212,9968385.00
2024-10-16,7.88,8.23,7.87,8.13,878860,7088132.50
2024-10-17,8.15,8.88,8.15,8.48,4288732,36519244.00
2024-10-18,8.39,9.15,8.39,8.97,3948054,34986804.00
2024-10-21,9.30,9.98,9.15,9.87,5938518,57271992.00
2024-10-22,9.91,9.91,8.99,9.27,4326090,40936276.00
2024-10-23,9.14,9.54,9.03,9.46,3450170,32437372.00
2024-10-24,9.42,9.99,9.25,9.87,6655031,64746036.00
2024-10-25,10.10,10.97,9.66,10.01,11891125,122790960.00
2024-10-28,9.80,10.13,9.28,10.13,6546121,64451280.00
2024-10-29,10.22,11.11,9.99,10.90,11146505,118151880.00
2024-10-30,11.51,11.68,10.30,10.63,10329673,112820632.00
2024-10-31,10.53,10.83,9.88,9.99,7495792,76404352.00
2024-11-01,9.95,10.55,9.43,10.08,7035004,70122192.00
2024-11-04,10.00,10.66,9.86,10.58,5657942,58410756.00
2024-11-05,10.63,11.23,10.58,11.21,10089820,110740224.00
2024-11-06,11.77,12.30,11.25,11.57,11174145,131832936.00
2024-11-07,11.28,12.82,11.08,12.82,11411259,139262960.00
2024-11-08,12.98,13.83,11.89,12.20,10576807,132544080.00
2024-11-11,12.29,12.29,11.33,11.84,5324749,62762424.00
2024-11-12,11.84,12.27,11.50,11.69,4178005,49529384.00
2024-11-13,11.85,11.85,11.20,11.84,3221221,37101692.00
2024-11-14,11.70,11.98,11.47,11.51,2970080,34870448.00
2024-11-15,11.40,11.76,11.24,11.40,3313790,38042008.00
2024-11-18,11.40,11.97,11.11,11.56,5016008,58116744.00
2024-11-19,11.57,11.69,10.30,10.96,5531432,60246348.00
2024-11-20,10.84,11.60,10.66,11.58,4908797,55766876.00
2024-11-21,11.96,12.31,11.74,12.13,7836533,94613992.00
2024-11-22,11.98,12.58,11.81,12.26,8496982,104433848.00
2024-11-25,12.40,12.70,11.45,11.83,5954515,71035944.00
2024-11-26,11.70,11.79,11.11,11.15,3658962,42208600.00
2024-11-27,11.08,11.40,10.42,11.26,3999118,43054648.00
2024-11-28,11.09,11.68,11.09,11.25,3950699,45106688.00
2024-11-29,11.20,11.52,10.86,11.22,3881914,43542020.00
2024-12-02,11.20,12.39,11.18,12.37,6919028,80893368.00
2024-12-03,12.37,12.37,12.37,12.37,0,0.00
#数据来源:通达信
