834599 同力股份 日线 不复权
      日期	    开盘	    最高	    最低	    收盘	    成交量	    成交额
2017-09-15,1.85,1.85,1.85,1.85,6400000,11840000.00
2017-11-06,0.80,0.80,0.80,0.80,100000,80000.00
2017-11-13,0.45,0.45,0.45,0.45,4800000,2160000.00
2017-11-17,0.45,0.45,0.45,0.45,8000000,3600000.00
2017-11-23,0.45,0.45,0.45,0.45,3200000,1440000.00
2017-11-29,0.45,0.45,0.45,0.45,4800000,2160000.00
2017-12-11,0.45,0.45,0.45,0.45,8000000,3600000.00
2017-12-29,0.40,0.40,0.40,0.40,500000,200000.00
2018-02-05,0.62,0.62,0.62,0.62,100000,62000.00
2018-02-06,0.66,0.66,0.66,0.66,7400000,2960260.00
2018-05-22,1.01,1.01,1.01,1.01,8000000,3200610.00
2018-06-27,2.00,2.00,2.00,2.00,1000,2000.00
2018-07-25,1.00,1.00,1.00,1.00,1000,1000.00
2018-07-27,0.51,0.51,0.51,0.51,8601000,4386510.00
2018-08-02,1.02,1.02,1.02,1.02,8001000,4081020.00
2018-08-03,2.04,2.04,2.04,2.04,15000,30600.00
2018-08-06,2.04,2.04,2.04,2.04,1000,2040.00
2018-08-08,1.50,1.50,1.50,1.50,2000,3000.00
2018-08-09,1.99,1.99,1.99,1.99,8003000,6005970.00
2018-08-10,2.01,2.01,2.01,2.01,2000,4020.00
2018-08-15,1.35,1.35,1.35,1.35,1047000,1057810.00
2018-08-16,2.00,2.00,2.00,2.00,3157000,2201540.00
2018-08-17,2.50,2.50,2.50,2.50,1000,2500.00
2018-08-21,2.50,2.50,2.50,2.50,83000,207500.00
2018-09-19,1.80,1.80,1.80,1.80,3416000,6148800.00
2018-09-21,1.80,1.80,1.80,1.80,1000,1800.00
2018-09-25,2.90,2.90,2.90,2.90,2983000,5668700.00
2019-02-18,2.88,2.88,2.88,2.88,1000,2880.00
2019-12-05,2.02,2.02,2.02,2.02,2000,4040.00
2019-12-10,2.61,2.61,2.61,2.61,2000,5220.00
2019-12-13,5.07,5.07,5.07,5.07,1000,5070.00
2019-12-16,5.07,5.07,5.07,5.07,2000,10140.00
2019-12-17,5.15,5.15,5.15,5.15,2000,10300.00
2019-12-23,8.74,8.74,8.74,8.74,1000,8740.00
2019-12-24,8.79,8.79,8.79,8.79,1000,8790.00
2019-12-25,7.60,7.60,7.60,7.60,3000,22800.00
2019-12-26,8.80,8.80,8.80,8.80,1000,8800.00
2020-01-02,9.96,10.01,9.96,10.01,5000,49980.00
2020-01-06,10.01,10.01,10.01,10.01,2000,20020.00
2020-01-07,10.00,10.00,8.00,8.00,5000,42200.00
2020-01-08,8.52,8.52,4.68,4.68,212000,1038240.00
2020-01-09,5.74,6.31,5.74,6.31,3524000,15899680.00
2020-01-10,6.97,8.51,6.97,8.51,2701000,12211240.00
2020-01-13,9.30,9.51,9.30,9.51,11000,104180.00
2020-01-14,9.74,9.79,9.74,9.79,8000,78120.00
2020-01-15,10.02,10.02,10.00,10.01,20000,200210.00
2020-01-16,10.08,10.10,10.08,10.10,3000,30260.00
2020-01-17,10.10,10.50,10.10,10.50,14000,142600.00
2020-01-20,10.10,10.10,10.10,10.10,31000,313100.00
2020-01-21,10.10,10.10,10.10,10.10,37000,373700.00
2020-01-22,10.10,10.10,10.10,10.10,21000,212100.00
2020-02-05,10.99,10.99,10.99,10.99,1000,10990.00
2020-02-25,9.99,9.99,9.99,9.99,3000,29970.00
2020-02-26,9.98,9.98,9.98,9.98,101000,709980.00
2020-02-28,9.98,9.98,9.98,9.98,1000000,5000000.00
2020-03-06,9.43,9.43,9.43,9.43,5000,47150.00
2020-03-09,9.40,9.50,9.40,9.50,10000,94500.00
2020-03-12,9.12,9.12,9.12,9.12,3000,27360.00
2020-03-17,9.60,9.60,9.60,9.60,3000,28800.00
2020-04-08,9.60,9.60,9.60,9.60,1000,9600.00
2020-04-10,9.60,9.60,9.60,9.60,100,960.00
2020-04-13,9.60,9.60,9.59,9.59,200,1919.00
2020-04-14,9.60,9.60,9.60,9.60,200,1920.00
2020-04-15,9.60,9.60,9.60,9.60,6500,62400.00
2020-04-16,9.70,9.70,9.70,9.70,300,2910.00
2020-04-17,9.99,9.99,9.99,9.99,1000,9990.00
2020-04-20,9.96,9.96,9.96,9.96,500,4980.00
2020-04-21,11.22,11.22,11.17,11.21,413800,2954651.25
2020-04-22,10.90,11.00,10.90,11.00,18500,202700.00
2020-04-23,11.05,11.05,11.01,11.01,411700,3209774.25
2020-04-24,11.08,11.08,10.99,10.99,124100,1005275.00
2020-04-27,12.00,12.00,11.84,11.85,4300,51336.32
2020-04-28,11.80,11.80,11.74,11.75,362700,3394165.75
2020-04-29,12.00,12.00,11.90,11.90,238500,2426850.00
2020-04-30,12.00,12.00,11.73,11.73,22400,267512.34
2020-05-06,12.00,12.05,12.00,12.05,908900,7883666.00
2020-05-07,12.05,12.05,12.05,12.05,949000,9410980.00
2020-05-08,12.48,12.50,12.48,12.50,39700,495458.00
2020-05-11,12.40,12.40,12.00,12.00,22800,276400.00
2020-05-13,12.30,12.30,12.30,12.30,401100,3374698.50
2020-05-14,12.10,12.10,12.08,12.08,15800,191070.00
2020-05-15,12.00,12.35,12.00,12.00,92000,1259130.00
2020-05-18,12.06,12.06,12.04,12.04,10100,121606.00
2020-05-19,12.00,12.00,12.00,12.00,37500,450000.00
2020-05-20,12.00,12.00,11.72,11.72,600,7172.00
2020-05-21,12.48,12.48,12.46,12.46,16800,209528.00
2020-05-22,12.18,12.18,12.18,12.18,3000,36540.00
2020-05-25,12.20,12.20,12.20,12.20,500,6100.00
2020-05-26,12.06,12.06,12.00,12.00,37200,446568.00
2020-05-27,5.00,5.00,5.00,5.00,36300,181500.00
2020-05-28,5.00,5.00,4.99,4.99,4400,22432.00
2020-05-29,4.91,4.91,4.91,4.91,1000,4910.00
2020-06-01,4.97,4.97,4.96,4.96,24200,120429.76
2020-06-02,4.67,4.67,4.67,4.67,1000,4670.00
2020-06-03,4.67,4.76,4.67,4.76,323700,1536012.00
2020-06-04,4.99,5.00,4.99,5.00,46600,232826.00
2020-06-05,5.45,5.45,5.02,5.03,18900,95072.69
2020-06-08,5.03,5.80,5.03,5.80,35200,197540.59
2020-06-09,5.83,6.73,5.83,6.64,28300,186242.95
2020-06-10,5.83,5.86,5.83,5.86,72900,426594.00
2020-06-11,6.08,6.08,5.86,5.86,31900,187320.81
2020-06-12,5.93,6.00,5.93,6.00,4400,26176.00
2020-06-15,6.86,6.86,5.96,5.96,6300,39793.00
2020-06-16,6.14,6.14,6.14,6.14,3500,21490.00
2020-06-17,6.15,6.17,6.06,6.10,13500,82877.64
2020-06-18,6.85,6.88,6.85,6.88,105300,721530.00
2020-06-19,6.92,6.94,6.92,6.94,96800,671670.00
2020-06-22,7.10,7.29,7.10,7.29,105500,759476.00
2020-06-23,7.70,8.00,7.70,8.00,73500,576733.50
2020-06-24,8.00,8.03,8.00,8.03,66500,532490.00
2020-06-29,8.06,8.06,8.00,8.00,43900,353276.00
2020-06-30,7.99,8.00,7.98,8.00,33700,269452.00
2020-07-01,8.00,8.00,8.00,8.00,54300,434400.00
2020-07-02,8.00,8.00,8.00,8.00,426300,3411168.00
2020-07-03,8.00,8.00,8.00,8.00,179500,1436128.00
2020-07-06,7.98,8.00,7.98,7.98,311100,2488764.00
2020-07-07,7.98,7.98,7.98,7.98,412600,3300548.00
2020-07-08,7.99,7.99,7.96,7.96,74900,596892.00
2020-07-09,7.82,7.97,7.82,7.97,37800,300696.00
2020-07-10,7.97,7.97,7.96,7.96,62200,495726.22
2020-07-13,7.96,8.00,7.96,8.00,201600,1609969.63
2020-07-14,8.50,8.50,8.50,8.50,124600,1059516.50
2020-07-15,8.50,9.02,8.50,9.02,54200,482041.00
2020-07-16,9.40,9.50,9.40,9.50,156900,1487700.00
2020-07-17,9.18,9.41,9.18,9.41,53200,493666.00
2020-07-20,9.80,9.98,9.80,9.98,24100,237708.50
2020-07-21,9.67,9.67,9.50,9.67,86200,833142.50
2020-07-22,9.67,9.75,9.67,9.75,208800,2035256.00
2020-07-23,9.96,9.96,9.90,9.90,7000,69420.00
2020-07-24,9.89,9.89,9.80,9.89,171500,1689495.88
2020-07-27,9.09,9.09,8.41,8.48,101400,894372.38
2020-07-28,8.42,8.42,7.98,8.01,153700,1250268.00
2020-07-29,8.01,8.38,8.01,8.38,75300,604192.44
2020-07-30,8.38,8.54,8.38,8.54,65300,556052.13
2020-07-31,8.80,8.93,8.60,8.60,14600,126553.00
2020-08-03,8.95,9.00,8.81,8.96,80000,717160.00
2020-08-04,9.20,9.21,9.19,9.21,84500,777665.00
2020-08-05,9.38,9.38,9.20,9.31,65900,607921.00
2020-08-06,9.20,9.20,9.00,9.18,131000,1202649.63
2020-08-07,9.49,9.49,8.80,9.20,67300,601940.00
2020-08-10,9.40,9.40,9.00,9.35,128700,1201196.00
2020-08-11,9.19,9.19,8.50,8.60,24400,210440.00
2020-08-12,8.60,8.61,8.60,8.60,12700,109231.00
2020-08-13,9.20,9.20,9.20,9.20,2000,18400.00
2020-08-14,9.20,9.20,8.78,8.78,24700,227132.00
2020-08-17,9.01,9.75,9.01,9.75,199200,1839129.25
2020-08-18,9.80,10.50,9.80,10.40,657400,6849090.00
2020-08-19,10.40,10.40,10.00,10.14,72700,735329.81
2020-08-20,10.01,10.28,10.01,10.18,23400,234746.00
2020-08-21,10.30,10.30,9.90,10.01,24000,239266.00
2020-08-24,10.00,10.00,10.00,10.00,10800,108000.00
2020-08-25,10.00,10.00,10.00,10.00,5600,56000.00
2020-08-26,9.98,10.00,9.70,9.95,27600,275330.00
2020-08-27,10.00,10.00,9.90,10.00,26400,263500.00
2020-08-28,9.99,9.99,9.90,9.99,11100,110439.00
2020-08-31,10.00,10.00,9.89,9.90,19100,190423.00
2020-09-01,9.99,9.99,9.86,9.95,8500,84630.00
2020-09-02,9.85,9.85,9.85,9.85,15200,149985.95
2020-09-03,9.90,9.90,9.85,9.85,2015400,19851844.00
2020-09-04,9.78,9.84,9.50,9.70,30400,297617.81
2020-09-07,9.69,9.69,9.50,9.69,31000,295364.91
2020-09-08,9.60,9.60,9.30,9.40,38600,364982.00
2020-09-09,9.50,9.50,9.45,9.49,30200,285848.00
2020-09-10,9.45,9.45,9.00,9.37,49500,447371.00
2020-09-11,9.49,9.49,9.00,9.43,69500,626813.06
2020-09-14,9.60,9.98,9.00,9.79,44400,400988.00
2020-09-15,9.10,9.49,9.10,9.38,6700,60886.93
2020-09-16,9.01,9.89,9.00,9.89,193000,1790050.00
2020-09-17,9.65,10.10,9.60,10.10,232100,2281427.25
2020-09-18,10.10,10.50,10.10,10.40,175600,1814174.00
2020-09-21,11.00,12.00,10.50,12.00,851100,9491946.00
2021-02-22,9.40,9.40,7.99,8.50,14587600,122318640.00
2021-02-23,8.16,8.29,8.05,8.20,3139900,25573572.00
2021-02-24,8.18,8.18,7.98,7.98,2659300,21313224.00
2021-02-25,7.97,8.10,7.94,8.00,1353000,10811066.00
2021-02-26,8.04,8.10,7.94,8.10,2535800,20328110.00
2021-03-01,8.25,8.41,8.04,8.07,2026200,16631395.00
2021-03-02,8.09,8.27,8.00,8.13,2220800,17994646.00
2021-03-03,8.13,8.35,8.05,8.20,2852700,23401720.00
2021-03-04,8.30,8.72,8.20,8.28,3712300,31225402.00
2021-03-05,8.20,8.33,8.06,8.09,1972800,16109031.00
2021-03-08,8.14,8.21,8.00,8.02,1782000,14363435.00
2021-03-09,8.04,8.08,7.96,7.97,1403700,11227433.00
2021-03-10,8.00,8.06,7.96,7.97,495100,3961651.25
2021-03-11,7.97,8.02,7.97,7.99,225700,1803807.13
2021-03-12,7.99,8.04,7.97,8.02,368900,2948557.25
2021-03-15,8.00,8.01,7.97,7.99,463600,3704258.75
2021-03-16,8.00,8.02,7.98,7.99,478100,3823058.75
2021-03-17,7.99,8.37,7.98,8.31,1964100,16129940.00
2021-03-18,8.38,8.45,8.26,8.38,962000,8051244.50
2021-03-19,8.33,8.56,8.33,8.51,1124300,9522761.00
2021-03-22,8.52,8.52,8.39,8.46,674000,5699921.00
2021-03-23,8.42,8.48,8.37,8.44,427600,3600470.75
2021-03-24,8.36,8.40,8.20,8.24,663300,5501757.00
2021-03-25,8.22,8.36,8.14,8.24,369100,3021689.00
2021-03-26,8.23,8.27,8.16,8.24,206800,1700952.13
2021-03-29,8.28,8.28,8.00,8.12,740100,5969374.00
2021-03-30,8.07,8.13,8.06,8.11,195300,1580624.63
2021-03-31,8.11,8.18,8.08,8.14,162400,1319926.00
2021-04-01,8.18,8.19,8.10,8.14,382500,3116563.75
2021-04-02,8.15,8.22,8.07,8.15,315500,2565376.50
2021-04-06,8.14,8.17,8.10,8.14,258600,2101166.50
2021-04-07,8.12,8.16,8.11,8.14,157900,1283603.13
2021-04-08,8.13,8.24,8.11,8.21,394900,3227250.50
2021-04-09,8.16,8.27,8.16,8.25,292100,2404913.00
2021-04-12,8.22,8.37,8.20,8.26,465800,3866309.50
2021-04-13,8.27,8.31,8.24,8.27,475500,3931186.75
2021-04-14,8.28,8.31,8.23,8.30,219500,1816758.50
2021-04-15,8.29,8.34,8.26,8.31,381200,3165647.00
2021-04-16,8.31,8.39,8.28,8.37,197100,1644069.25
2021-04-19,8.37,8.65,8.37,8.55,869300,7399945.50
2021-04-20,8.52,8.61,8.42,8.48,573800,4870334.00
2021-04-21,8.44,8.49,8.42,8.45,285300,2412824.00
2021-04-22,8.45,8.50,8.41,8.46,202100,1709542.63
2021-04-23,8.43,8.50,8.43,8.48,232400,1965698.13
2021-04-26,8.42,8.49,8.36,8.40,677300,5699640.00
2021-04-27,8.35,8.47,8.33,8.38,147800,1235839.88
2021-04-28,8.38,8.38,8.15,8.17,525500,4316429.00
2021-04-29,8.16,8.22,8.15,8.17,258100,2111280.00
2021-04-30,8.13,8.20,8.09,8.19,415200,3369081.25
2021-05-06,8.21,8.21,8.12,8.15,152100,1241950.38
2021-05-07,8.13,8.24,8.07,8.12,515100,4187679.50
2021-05-10,8.12,8.15,8.06,8.12,179500,1452850.25
2021-05-11,8.08,8.15,8.07,8.12,157400,1274942.63
2021-05-12,8.10,8.18,8.09,8.18,197100,1605185.88
2021-05-13,8.01,8.04,7.97,8.02,191100,1531305.75
2021-05-14,8.07,8.08,8.03,8.06,149500,1203902.63
2021-05-17,8.02,8.07,7.99,8.05,185400,1486946.00
2021-05-18,8.04,8.07,8.01,8.07,154100,1239433.88
2021-05-19,8.06,8.07,8.03,8.05,208300,1675949.00
2021-05-20,8.05,8.07,8.02,8.05,177900,1430439.38
2021-05-21,8.02,8.05,7.97,7.98,285600,2283868.00
2021-05-24,7.97,8.00,7.94,7.97,305700,2435345.75
2021-05-25,7.97,7.99,7.94,7.96,174400,1387631.00
2021-05-26,7.95,7.99,7.95,7.96,105000,836401.25
2021-05-27,7.95,7.97,7.94,7.94,210300,1672430.13
2021-05-28,7.95,7.95,7.86,7.88,428900,3385297.00
2021-05-31,7.88,7.88,7.82,7.84,188400,1477174.50
2021-06-01,7.82,7.89,7.82,7.85,185700,1453863.00
2021-06-02,7.85,7.90,7.79,7.81,174900,1366374.63
2021-06-03,7.80,7.82,7.79,7.79,206700,1611485.75
2021-06-04,7.78,7.78,7.72,7.75,315800,2446623.50
2021-06-07,7.72,7.72,7.62,7.68,427100,3275979.25
2021-06-08,7.66,7.81,7.66,7.77,286000,2219093.50
2021-06-09,7.77,7.88,7.77,7.86,278000,2183146.25
2021-06-10,7.91,7.98,7.84,7.87,298000,2363213.75
2021-06-11,7.88,7.96,7.88,7.92,161400,1279261.63
2021-06-15,7.95,7.98,7.94,7.95,366900,2921387.50
2021-06-16,7.93,7.93,7.82,7.86,145500,1144015.13
2021-06-17,7.81,7.87,7.81,7.86,67500,530271.13
2021-06-18,7.84,7.86,7.80,7.80,242700,1898084.75
2021-06-21,7.78,7.80,7.74,7.78,251300,1952005.13
2021-06-22,7.75,7.84,7.75,7.80,158100,1232841.00
2021-06-23,7.81,7.90,7.81,7.83,145900,1144722.50
2021-06-24,7.87,7.96,7.85,7.93,274800,2176821.00
2021-06-25,7.97,8.08,7.97,8.07,549800,4415623.00
2021-06-28,8.09,8.09,8.01,8.01,212500,1710924.63
2021-06-29,8.01,8.06,7.96,7.98,236200,1892871.50
2021-06-30,7.92,8.03,7.92,8.00,94100,751207.00
2021-07-01,7.97,8.03,7.95,7.97,257800,2053700.13
2021-07-02,7.98,7.99,7.92,7.96,259700,2066371.00
2021-07-05,7.99,8.04,7.95,8.02,254700,2041622.63
2021-07-06,8.02,8.07,8.02,8.05,278500,2242974.25
2021-07-07,8.00,8.07,8.00,8.06,295800,2383926.25
2021-07-08,8.10,8.13,8.06,8.07,341700,2760887.50
2021-07-09,8.05,8.06,7.98,7.99,237600,1903132.38
2021-07-12,8.00,8.07,7.99,8.00,280200,2243120.00
2021-07-13,8.00,8.06,8.00,8.06,445000,3567869.75
2021-07-14,8.08,8.11,8.05,8.10,300400,2429959.50
2021-07-15,8.13,8.18,8.10,8.18,440900,3591080.25
2021-07-16,8.22,8.26,8.21,8.25,498800,4108310.75
2021-07-19,8.25,8.50,8.15,8.15,664100,5538004.50
2021-07-20,8.13,8.21,8.12,8.16,313800,2559897.25
2021-07-21,8.16,8.22,8.11,8.16,104500,851654.44
2021-07-22,8.21,8.21,8.10,8.12,162400,1318366.38
2021-07-23,8.10,8.17,8.07,8.09,189500,1537235.13
2021-07-26,8.09,8.16,8.00,8.02,199600,1605859.13
2021-07-27,8.00,8.04,7.86,7.89,228700,1823269.00
2021-07-28,7.84,8.04,7.79,7.81,287400,2251690.50
2021-07-29,7.79,7.99,7.79,7.90,201300,1584578.50
2021-07-30,7.85,8.00,7.84,7.92,173500,1377109.38
2021-08-02,7.99,8.03,7.88,8.02,123900,988276.00
2021-08-03,7.93,8.05,7.91,8.04,194800,1559532.25
2021-08-04,8.00,8.15,8.00,8.15,180200,1463276.50
2021-08-05,8.06,8.18,8.06,8.13,235000,1915321.63
2021-08-06,8.07,8.20,8.07,8.20,309000,2520492.00
2021-08-09,8.12,8.28,8.12,8.24,366300,3015517.00
2021-08-10,8.24,8.28,8.17,8.18,186700,1535292.63
2021-08-11,8.15,8.20,8.12,8.14,109600,893213.38
2021-08-12,8.16,8.21,8.08,8.12,263400,2144053.25
2021-08-13,8.13,8.13,7.83,7.99,449600,3580904.25
2021-08-16,7.90,7.99,7.88,7.98,191800,1519406.63
2021-08-17,7.98,8.04,7.97,7.97,442200,3544391.50
2021-08-18,8.04,8.04,7.90,7.94,218700,1732556.25
2021-08-19,7.96,7.98,7.94,7.95,182900,1455124.13
2021-08-20,7.95,7.97,7.90,7.97,156700,1241098.25
2021-08-23,7.98,8.00,7.92,7.94,191200,1521495.75
2021-08-24,8.00,8.00,7.90,7.90,350200,2774736.75
2021-08-25,7.95,7.95,7.88,7.88,266700,2103700.00
2021-08-26,7.86,7.90,7.68,7.69,469300,3648899.00
2021-08-27,7.66,7.66,7.44,7.48,703600,5314108.00
2021-08-30,7.45,7.46,6.99,7.19,848300,6057128.00
2021-08-31,7.16,7.19,7.05,7.10,520700,3702703.75
2021-09-01,7.10,7.58,7.10,7.54,704000,5251866.50
2021-09-02,7.60,8.64,7.59,8.40,3262400,26738278.00
2021-09-03,8.35,9.05,8.35,8.70,3860700,33509750.00
2021-09-06,8.80,10.17,8.80,9.14,7958000,76597640.00
2021-09-07,9.33,9.55,8.98,9.18,2655900,24469350.00
2021-09-08,9.19,9.23,8.91,9.12,892600,8070788.00
2021-09-09,9.30,10.01,9.21,9.95,4163800,40631692.00
2021-09-10,10.12,10.34,9.53,9.86,2590000,25794804.00
2021-09-13,9.99,9.99,9.32,9.51,1449600,13796006.00
2021-09-14,9.52,9.57,9.31,9.33,1053700,9928700.00
2021-09-15,9.30,9.41,9.02,9.30,456700,4224928.00
2021-09-16,9.30,9.30,8.99,9.13,588100,5354480.00
2021-09-17,9.13,9.43,9.05,9.33,452700,4206146.00
2021-09-22,9.80,9.93,9.34,9.76,2636000,25580716.00
2021-09-23,9.67,9.69,9.30,9.47,1439500,13706652.00
2021-09-24,9.51,9.53,9.26,9.36,667300,6253718.50
2021-09-27,9.38,9.38,8.98,8.99,663100,6031890.50
2021-09-28,9.00,9.05,8.95,9.00,358300,3228162.50
2021-09-29,8.99,9.07,8.92,9.01,437200,3938236.00
2021-09-30,8.92,9.25,8.92,9.18,789500,7224716.50
2021-10-08,9.37,9.37,9.02,9.10,366800,3345734.75
2021-10-11,9.03,9.11,9.03,9.06,567300,5152811.50
2021-10-12,9.12,9.12,8.83,8.91,491000,4409551.00
2021-10-13,9.00,9.18,8.99,9.09,210900,1921740.75
2021-10-14,9.17,9.17,9.02,9.09,96300,873605.13
2021-10-15,9.13,9.13,9.03,9.08,670500,6085869.50
2021-10-18,9.11,9.11,9.02,9.06,178600,1614640.50
2021-10-19,9.07,9.07,8.98,9.06,225000,2030852.50
2021-10-20,9.06,9.16,9.01,9.06,147100,1329071.63
2021-10-21,9.07,9.17,9.04,9.12,268000,2446123.75
2021-10-22,9.12,9.16,9.09,9.13,142600,1300047.13
2021-10-25,9.10,9.13,9.02,9.05,224200,2031401.00
2021-10-26,9.26,9.26,8.82,8.86,603000,5423031.00
2021-10-27,8.98,8.98,8.75,8.83,312600,2761247.75
2021-10-28,8.78,9.03,8.50,8.78,492600,4347528.50
2021-10-29,8.93,8.95,8.85,8.94,259800,2311715.75
2021-11-01,9.33,9.35,9.17,9.21,956200,8866936.00
2021-11-02,9.26,9.40,9.10,9.22,587600,5444725.00
2021-11-03,9.22,9.30,9.18,9.22,326100,3007034.75
2021-11-04,9.30,9.59,9.24,9.58,1408800,13360057.00
2021-11-05,9.69,9.69,9.48,9.65,1718900,13184266.00
2021-11-08,9.70,10.08,9.62,10.05,3620500,33169016.00
2021-11-09,10.20,10.20,9.92,10.10,1402300,14095158.00
2021-11-10,10.10,10.35,10.08,10.22,1822700,18343684.00
2021-11-11,10.40,10.65,10.18,10.60,2410000,25267748.00
2021-11-12,10.69,11.85,10.69,11.78,4549900,51346976.00
2021-11-15,12.25,13.70,11.10,11.18,12160800,149284192.00
2021-11-16,11.00,11.08,9.71,10.10,5136500,52931472.00
2021-11-17,10.15,10.37,9.83,10.00,2600400,26231746.00
2021-11-18,9.94,10.18,9.86,9.93,1816100,18119428.00
2021-11-19,10.02,10.07,9.91,9.94,1350200,13460411.00
2021-11-22,9.98,10.04,9.91,9.93,1184100,11777971.00
2021-11-23,9.95,10.41,9.91,10.22,2391800,24359990.00
2021-11-24,10.17,10.22,9.89,9.92,1721100,17162940.00
2021-11-25,10.30,10.91,10.21,10.23,4593400,47873508.00
2021-11-26,10.05,10.10,9.87,10.04,1874200,18683648.00
2021-11-29,9.83,9.98,9.67,9.84,1511900,14831894.00
2021-11-30,9.88,9.96,9.59,9.62,1371800,13252309.00
2021-12-01,9.62,9.69,9.49,9.53,783700,7475371.50
2021-12-02,9.57,9.57,9.38,9.39,1257800,11897965.00
2021-12-03,9.37,9.46,9.20,9.30,931100,8686408.00
2021-12-06,9.30,9.30,8.90,8.93,1428500,12882676.00
2021-12-07,8.95,9.00,8.61,8.72,1268900,11068469.00
2021-12-08,8.73,9.07,8.61,9.00,1267800,11220890.00
2021-12-09,9.06,9.06,8.91,9.04,598000,5377446.00
2021-12-10,9.05,9.27,9.04,9.14,610400,5579955.50
2021-12-13,9.16,9.23,9.12,9.19,774700,7112908.50
2021-12-14,9.21,9.42,9.16,9.37,1149000,10743563.00
2021-12-15,9.37,9.45,9.24,9.26,537800,4992164.50
2021-12-16,9.26,9.36,9.12,9.31,930800,8598694.00
2021-12-17,9.26,9.43,9.26,9.38,802900,7528234.00
2021-12-20,9.45,9.45,9.10,9.30,808500,7517999.00
2021-12-21,9.30,9.37,9.25,9.29,344100,3198320.50
2021-12-22,9.24,9.27,9.10,9.12,444300,4070392.50
2021-12-23,9.18,9.18,8.98,9.08,748300,6766052.00
2021-12-24,9.07,9.08,8.84,8.94,401900,3572169.25
2021-12-27,8.81,8.98,8.81,8.93,284900,2541908.25
2021-12-28,8.91,9.09,8.91,9.08,380700,3440214.75
2021-12-29,9.09,9.09,8.98,9.00,309600,2790488.00
2021-12-30,9.04,9.55,9.04,9.43,1387500,12979583.00
2021-12-31,9.55,9.96,9.46,9.83,2225300,21730238.00
2022-01-04,9.88,9.89,9.37,9.48,1227000,11650156.00
2022-01-05,9.48,9.75,9.40,9.56,802900,7671174.50
2022-01-06,9.57,9.65,9.29,9.34,990800,9285599.00
2022-01-07,9.39,9.39,9.20,9.20,548300,5098422.50
2022-01-10,9.18,9.35,9.18,9.24,314718,2899699.00
2022-01-11,9.27,9.27,9.12,9.14,500652,4601060.50
2022-01-12,9.23,9.23,9.06,9.09,544728,4958526.50
2022-01-13,9.18,9.18,9.06,9.09,373672,3398178.50
2022-01-14,9.06,9.13,9.02,9.04,340223,3080404.75
2022-01-17,8.97,9.13,8.97,9.06,906798,8167911.50
2022-01-18,9.00,9.07,8.98,9.01,305357,2753412.25
2022-01-19,9.05,9.05,8.91,8.96,392759,3517060.75
2022-01-20,9.02,9.16,8.95,9.06,903757,8191732.50
2022-01-21,9.09,9.09,8.97,9.01,622215,5609571.50
2022-01-24,9.01,9.01,8.92,8.96,227835,2043087.13
2022-01-25,8.92,9.08,8.66,8.77,533717,4708486.00
2022-01-26,8.77,8.94,8.77,8.92,235276,2080190.88
2022-01-27,8.90,8.91,8.65,8.76,330877,2905027.75
2022-01-28,8.89,8.89,8.66,8.82,76231,667386.38
2022-02-07,9.02,9.02,8.85,8.90,214530,1908733.88
2022-02-08,8.97,8.97,8.84,8.88,218958,1943927.38
2022-02-09,8.82,8.93,8.82,8.88,445463,3963126.00
2022-02-10,8.85,8.90,8.80,8.83,215330,1902881.13
2022-02-11,8.82,8.87,8.63,8.64,444036,3870582.00
2022-02-14,8.62,8.62,8.43,8.48,453387,3852483.75
2022-02-15,8.55,8.55,8.38,8.40,440024,3706954.75
2022-02-16,8.49,8.49,8.33,8.40,272573,2285450.50
2022-02-17,8.36,8.46,8.36,8.38,134922,1136236.75
2022-02-18,8.38,8.42,8.32,8.38,306503,2560134.00
2022-02-21,8.37,8.45,8.32,8.38,122194,1021607.00
2022-02-22,8.33,8.38,8.23,8.26,175656,1453954.88
2022-02-23,8.26,8.29,8.17,8.20,344602,2830856.25
2022-02-24,8.23,8.26,8.00,8.06,663831,5399241.50
2022-02-25,8.09,8.10,8.00,8.05,528011,4234534.00
2022-02-28,8.05,8.05,7.89,7.90,328049,2600680.50
2022-03-01,8.01,8.09,7.95,8.00,415789,3333799.50
2022-03-02,7.91,8.02,7.90,7.98,311827,2491298.00
2022-03-03,7.98,8.08,7.95,8.02,333753,2667262.25
2022-03-04,8.04,8.04,7.96,8.01,174077,1389610.00
2022-03-07,8.03,8.15,7.92,7.96,435051,3479490.25
2022-03-08,8.02,8.03,7.52,7.63,617316,4695985.50
2022-03-09,7.75,7.80,7.32,7.53,218230,1653590.00
2022-03-10,7.76,7.77,7.60,7.60,197284,1511083.00
2022-03-11,7.57,7.57,7.33,7.53,457039,3392393.50
2022-03-14,7.57,7.57,7.32,7.32,350234,2579649.00
2022-03-15,7.32,7.32,6.87,7.02,773941,5483496.00
2022-03-16,7.20,7.20,6.94,7.14,544004,3839638.25
2022-03-17,7.19,7.76,7.16,7.39,1341903,9976614.00
2022-03-18,7.35,7.50,7.29,7.30,425054,3118028.75
2022-03-21,7.33,7.35,7.14,7.20,342271,2470983.75
2022-03-22,7.20,7.20,7.05,7.08,355169,2517540.25
2022-03-23,7.08,7.15,7.00,7.03,554552,3911603.00
2022-03-24,7.02,7.04,6.97,7.02,235107,1645753.38
2022-03-25,7.03,7.03,6.96,7.01,205352,1437325.25
2022-03-28,6.90,6.99,6.89,6.92,221938,1535884.75
2022-03-29,7.03,7.04,6.93,7.01,218182,1525501.75
2022-03-30,7.02,7.08,6.97,7.06,123137,866768.25
2022-03-31,7.08,7.11,7.01,7.10,211725,1491257.88
2022-04-01,7.09,7.22,7.07,7.22,250830,1797249.25
2022-04-06,7.18,7.24,7.18,7.24,503788,3632120.00
2022-04-07,7.23,7.24,7.18,7.19,197964,1425630.25
2022-04-08,7.22,7.25,7.08,7.25,421494,3027221.75
2022-04-11,7.18,7.22,7.11,7.11,618797,4422158.00
2022-04-12,7.24,7.24,7.12,7.17,247506,1764017.38
2022-04-13,7.16,7.16,7.08,7.12,155966,1106871.75
2022-04-14,7.08,7.18,7.06,7.12,144770,1029552.38
2022-04-15,7.15,7.15,7.09,7.11,62127,441642.78
2022-04-18,7.08,7.29,7.08,7.22,161819,1164879.88
2022-04-19,7.32,7.32,7.25,7.25,270418,1970173.75
2022-04-20,7.27,7.27,7.18,7.24,167898,1213562.50
2022-04-21,7.24,7.29,7.12,7.14,211140,1518386.13
2022-04-22,7.19,7.19,7.01,7.17,149033,1057285.63
2022-04-25,7.09,7.14,6.89,6.90,294257,2054802.88
2022-04-26,7.10,7.10,6.88,6.88,240463,1673670.25
2022-04-27,6.83,6.93,6.78,6.90,234362,1600241.88
2022-04-28,7.09,7.18,7.00,7.05,343530,2436727.25
2022-04-29,7.11,7.32,7.11,7.28,613725,4426129.00
2022-05-05,7.30,8.19,7.30,8.06,1947353,15316647.00
2022-05-06,7.97,8.47,7.93,8.20,1274264,10543226.00
2022-05-09,8.20,8.38,8.06,8.21,715426,5870388.50
2022-05-10,8.00,8.47,7.98,8.38,1135668,9435965.00
2022-05-11,8.45,8.67,8.38,8.50,1016320,8695358.00
2022-05-12,8.52,8.59,8.10,8.40,923883,7767110.50
2022-05-13,8.35,8.54,8.22,8.40,889511,7467339.50
2022-05-16,8.45,8.55,8.33,8.49,474069,4010679.75
2022-05-17,8.46,9.02,8.46,8.98,1674959,14711896.00
2022-05-18,8.89,9.06,8.88,8.91,302153,2700467.25
2022-05-19,8.79,9.07,8.56,9.03,918305,8200166.50
2022-05-20,8.90,9.11,8.90,9.05,292472,2640606.50
2022-05-23,9.09,9.09,8.90,8.90,267231,2391801.50
2022-05-24,8.60,8.63,8.08,8.20,995357,8278694.00
2022-05-25,8.11,8.31,7.88,7.96,455577,3628973.00
2022-05-26,8.00,8.16,7.94,8.13,128909,1040015.81
2022-05-27,8.15,8.16,7.98,8.02,367710,2961250.50
2022-05-30,7.95,8.05,7.89,8.00,260617,2075776.25
2022-05-31,7.93,8.00,7.93,7.97,155327,1238484.00
2022-06-01,8.01,8.01,7.96,7.97,286452,2289568.50
2022-06-02,8.00,8.00,7.87,8.00,232108,1850510.75
2022-06-06,8.00,8.00,7.92,7.98,573777,4576406.00
2022-06-07,7.95,8.08,7.93,7.97,362895,2894085.00
2022-06-08,7.92,7.98,7.79,7.86,606926,4772387.00
2022-06-09,7.86,7.99,7.75,7.77,277437,2183201.25
2022-06-10,7.66,7.80,7.66,7.67,319994,2470462.75
2022-06-13,7.66,7.74,7.38,7.68,610689,4615958.50
2022-06-14,7.68,7.71,7.62,7.67,134524,1032360.19
2022-06-15,7.62,7.85,7.59,7.74,332545,2574075.25
2022-06-16,7.74,7.87,7.70,7.77,113636,883541.00
2022-06-17,7.75,7.76,7.70,7.74,216864,1673677.63
2022-06-20,7.76,7.78,7.66,7.72,153139,1181936.50
2022-06-21,7.62,7.67,7.55,7.59,164373,1249193.25
2022-06-22,7.60,7.67,7.58,7.60,70596,536802.31
2022-06-23,7.58,7.63,7.54,7.60,212269,1608890.75
2022-06-24,7.60,7.60,7.47,7.54,316483,2378818.75
2022-06-27,7.55,7.69,7.43,7.69,777799,5888231.50
2022-06-28,7.74,7.95,7.63,7.90,649362,5084166.50
2022-06-29,7.65,7.92,7.60,7.67,574340,4419573.50
2022-06-30,7.64,7.78,7.59,7.70,502485,3836783.75
2022-07-01,7.70,7.74,7.60,7.68,284717,2180937.00
2022-07-04,7.74,7.74,7.56,7.62,247194,1881991.25
2022-07-05,7.70,7.70,7.57,7.58,139523,1063528.75
2022-07-06,7.67,7.67,7.53,7.57,177578,1342507.25
2022-07-07,7.63,7.64,7.50,7.57,237096,1787824.50
2022-07-08,7.53,7.62,7.51,7.57,179538,1357014.75
2022-07-11,7.60,7.60,7.50,7.57,116144,873364.63
2022-07-12,7.57,7.57,7.48,7.53,59372,446099.78
2022-07-13,7.63,7.63,7.40,7.45,359260,2673680.50
2022-07-14,7.50,7.50,7.31,7.36,511630,3767201.25
2022-07-15,7.39,7.39,7.22,7.27,266658,1933923.25
2022-07-18,7.34,7.38,7.23,7.29,266223,1937167.00
2022-07-19,7.24,7.27,7.16,7.19,672400,4839300.00
2022-07-20,7.26,7.26,7.15,7.18,301638,2166157.00
2022-07-21,7.24,7.24,7.11,7.15,214514,1531799.88
2022-07-22,7.18,7.18,7.05,7.10,157555,1119743.63
2022-07-25,7.12,7.12,7.01,7.08,216292,1528335.38
2022-07-26,7.12,7.12,7.03,7.09,521991,3682683.00
2022-07-27,7.13,7.23,7.07,7.13,521471,3745142.75
2022-07-28,7.15,7.19,7.00,7.08,567850,4021045.00
2022-07-29,7.04,7.12,6.96,7.01,916763,6423740.00
2022-08-01,7.00,7.05,6.99,7.00,256833,1799052.25
2022-08-02,6.95,7.05,6.79,6.99,453681,3138112.25
2022-08-03,6.99,7.06,6.91,6.99,321282,2251404.75
2022-08-04,7.04,7.05,6.92,6.98,224191,1573118.25
2022-08-05,6.98,7.10,6.98,7.07,527638,3710033.50
2022-08-08,7.02,7.12,7.00,7.01,507985,3574756.50
2022-08-09,7.08,7.08,7.00,7.05,109250,767521.00
2022-08-10,7.08,7.08,7.00,7.05,261647,1839828.00
2022-08-11,7.07,7.24,7.04,7.18,1047817,7493248.50
2022-08-12,7.20,7.26,7.14,7.18,616241,4433480.00
2022-08-15,7.18,7.23,7.05,7.16,1007809,7216670.50
2022-08-16,7.19,7.19,7.11,7.16,174631,1249947.88
2022-08-17,7.17,7.17,7.09,7.15,268596,1915520.63
2022-08-18,7.05,7.20,7.05,7.20,208258,1488334.75
2022-08-19,7.25,7.25,6.98,7.08,913334,6457830.00
2022-08-22,7.13,7.18,7.06,7.11,309306,2200749.25
2022-08-23,7.05,7.16,7.05,7.08,284044,2018095.00
2022-08-24,7.12,7.15,6.96,7.00,491708,3469472.25
2022-08-25,7.06,7.08,6.92,6.99,353597,2463050.25
2022-08-26,7.04,7.11,6.94,7.01,325748,2290889.00
2022-08-29,6.96,7.07,6.94,7.01,242981,1702703.50
2022-08-30,7.00,7.09,6.96,7.03,294194,2068494.25
2022-08-31,7.06,7.10,6.98,7.04,265654,1871881.75
2022-09-01,7.06,7.07,6.92,7.00,179633,1254514.88
2022-09-02,6.99,7.09,6.96,7.02,327455,2298923.75
2022-09-05,7.07,7.17,7.03,7.11,687049,4886609.00
2022-09-06,7.11,7.15,7.06,7.11,354362,2517505.25
2022-09-07,7.11,7.17,7.05,7.11,698238,4965062.00
2022-09-08,7.14,7.14,7.07,7.09,107495,762825.19
2022-09-09,7.11,7.14,7.05,7.10,349882,2482470.50
2022-09-13,7.04,7.12,7.03,7.08,276794,1960705.38
2022-09-14,7.03,7.12,7.02,7.08,368470,2610017.50
2022-09-15,7.11,7.12,7.04,7.07,366746,2600134.75
2022-09-16,7.07,7.25,7.07,7.09,765863,5483101.50
2022-09-19,7.15,7.15,7.05,7.08,599238,4246767.50
2022-09-20,7.12,7.13,7.07,7.09,1007608,7145492.50
2022-09-21,7.09,7.46,7.08,7.40,5235426,38447012.00
2022-09-22,7.39,7.47,7.22,7.28,3030505,19870024.00
2022-09-23,7.31,7.31,6.95,6.96,1774626,12637745.00
2022-09-26,6.96,6.98,6.70,6.73,1719870,10051281.00
2022-09-27,6.72,6.75,6.58,6.72,571969,3807736.00
2022-09-28,6.64,6.76,6.64,6.68,918136,5576034.00
2022-09-29,6.78,6.78,6.40,6.44,2068541,11426371.00
2022-09-30,6.42,6.44,6.36,6.36,709602,4540862.50
2022-10-10,6.39,6.43,6.33,6.33,435557,2631865.50
2022-10-11,6.35,6.38,6.21,6.26,384204,2414720.25
2022-10-12,6.25,6.36,6.24,6.34,143650,905219.19
2022-10-13,6.28,6.42,6.28,6.40,163458,1041242.13
2022-10-14,6.40,6.63,6.40,6.60,184138,1200587.75
2022-10-17,6.59,6.63,6.53,6.60,69914,459480.59
2022-10-18,6.57,6.67,6.53,6.59,134195,883968.25
2022-10-19,6.60,6.63,6.52,6.52,107521,704493.38
2022-10-20,6.55,6.67,6.46,6.58,294816,1941861.88
2022-10-21,6.54,6.65,6.50,6.62,190680,1253602.25
2022-10-24,6.63,6.64,6.57,6.61,217258,1434176.25
2022-10-25,6.50,6.62,6.50,6.57,87603,576727.81
2022-10-26,6.58,6.67,6.53,6.66,130439,863602.50
2022-10-27,6.80,7.17,6.80,6.88,701205,4901690.00
2022-10-28,6.90,6.91,6.70,6.76,321589,2187291.00
2022-10-31,6.82,7.02,6.77,6.89,236088,1632940.50
2022-11-01,6.96,7.03,6.91,7.00,206882,1442596.50
2022-11-02,6.92,6.92,6.79,6.89,449055,3077426.50
2022-11-03,6.86,6.96,6.86,6.93,232339,1605593.50
2022-11-04,6.95,6.97,6.89,6.93,550474,3814204.75
2022-11-07,6.95,7.02,6.95,6.97,540581,3773469.50
2022-11-08,6.96,6.97,6.92,6.96,197407,1370893.25
2022-11-09,6.93,6.97,6.91,6.95,92944,644559.44
2022-11-10,6.87,6.93,6.82,6.82,212087,1454247.00
2022-11-11,6.92,6.94,6.85,6.93,309167,2133036.00
2022-11-14,7.00,7.04,6.95,6.96,445441,3117607.75
2022-11-15,6.99,7.02,6.87,6.97,519155,3627891.25
2022-11-16,6.97,6.98,6.89,6.91,333885,2315466.00
2022-11-17,6.91,6.99,6.91,6.96,348634,2415289.25
2022-11-18,6.98,7.02,6.91,7.00,188389,1312034.75
2022-11-21,7.16,7.32,7.13,7.18,3494686,25209692.00
2022-11-22,7.21,7.24,7.14,7.15,797006,5723278.50
2022-11-23,7.17,7.22,7.14,7.20,866901,6237785.00
2022-11-24,7.19,7.23,7.11,7.17,719481,5156094.50
2022-11-25,7.14,7.17,6.85,6.92,1395553,9720479.00
2022-11-28,6.97,6.97,6.80,6.86,291886,2004086.38
2022-11-29,6.93,6.94,6.86,6.88,821632,5669484.00
2022-11-30,6.97,6.97,6.87,6.90,375261,2588825.00
2022-12-01,6.92,6.94,6.85,6.89,285587,1968504.38
2022-12-02,6.88,6.90,6.81,6.88,702389,4811434.50
2022-12-05,6.90,6.93,6.87,6.92,332399,2294061.00
2022-12-06,6.90,6.94,6.89,6.91,205916,1422489.63
2022-12-07,6.91,6.92,6.83,6.90,334806,2302542.75
2022-12-08,6.92,6.94,6.87,6.94,241775,1671143.13
2022-12-09,6.96,6.97,6.89,6.97,499849,3461876.50
2022-12-12,6.93,6.95,6.90,6.94,107067,741476.00
2022-12-13,6.96,6.96,6.92,6.96,175538,1219785.38
2022-12-14,6.97,6.97,6.92,6.96,150583,1045730.00
2022-12-15,6.96,6.97,6.91,6.97,197184,1369571.88
2022-12-16,6.96,7.03,6.95,7.01,456881,3193419.75
2022-12-19,6.97,7.18,6.96,7.18,1637222,11618074.00
2022-12-20,7.17,7.20,7.05,7.14,365201,2600512.75
2022-12-21,7.08,7.13,7.05,7.09,174293,1232634.13
2022-12-22,7.05,7.12,6.97,6.97,298878,2097973.75
2022-12-23,6.96,7.05,6.96,7.03,114760,805686.44
2022-12-26,6.97,7.03,6.92,6.99,380740,2652379.75
2022-12-27,7.00,7.06,6.99,7.04,279779,1965241.50
2022-12-28,7.10,7.13,7.00,7.05,211204,1488897.75
2022-12-29,7.00,7.05,6.94,7.03,258910,1808366.13
2022-12-30,7.03,7.09,7.02,7.08,223242,1577531.25
2023-01-03,7.13,7.13,7.01,7.09,318316,2235148.50
2023-01-04,7.01,7.11,6.99,7.09,722281,5066747.00
2023-01-05,7.06,7.08,6.99,7.05,706398,4948448.50
2023-01-06,7.04,7.06,6.99,7.06,457014,3200769.75
2023-01-09,7.04,7.15,7.01,7.13,689948,4870253.50
2023-01-10,7.07,7.12,6.99,7.06,806222,5657556.00
2023-01-11,7.05,7.05,6.92,6.98,1008497,7008153.00
2023-01-12,6.96,6.97,6.91,6.96,366156,2538416.25
2023-01-13,6.92,7.00,6.92,6.97,134625,936006.94
2023-01-16,6.95,7.00,6.90,6.96,561186,3901745.50
2023-01-17,6.93,6.97,6.92,6.95,296778,2060846.25
2023-01-18,6.92,6.98,6.92,6.95,373493,2594452.00
2023-01-19,6.94,6.98,6.92,6.98,355744,2471126.75
2023-01-20,6.98,7.06,6.97,7.01,440780,3087852.75
2023-01-30,7.09,7.09,6.99,7.03,457743,3218764.75
2023-01-31,7.03,7.32,7.00,7.29,1682974,12152198.00
2023-02-01,7.39,7.42,7.17,7.23,1463927,10631043.00
2023-02-02,7.24,7.25,7.02,7.04,1515035,10763955.00
2023-02-03,7.06,7.09,6.98,7.07,1169761,8240402.00
2023-02-06,7.06,7.11,7.04,7.08,699751,4957239.00
2023-02-07,7.10,7.10,7.05,7.08,290304,2057233.50
2023-02-08,7.08,7.10,7.06,7.08,157486,1115755.00
2023-02-09,7.07,7.14,7.06,7.12,495977,3520168.00
2023-02-10,7.13,7.15,7.08,7.14,279201,1986495.75
2023-02-13,7.19,7.24,7.14,7.17,1283684,9231163.00
2023-02-14,7.18,7.23,7.17,7.20,575185,4141493.50
2023-02-15,7.28,7.35,7.20,7.24,929587,6755401.50
2023-02-16,7.25,7.34,7.24,7.25,1016654,7414952.50
2023-02-17,7.19,7.29,7.18,7.27,933197,6735293.00
2023-02-20,7.27,7.34,7.27,7.30,656988,4801881.00
2023-02-21,7.28,7.38,7.27,7.34,581497,4267354.00
2023-02-22,7.34,7.39,7.30,7.39,768992,5663395.50
2023-02-23,7.40,7.42,7.31,7.34,607810,4464213.00
2023-02-24,7.28,7.33,7.21,7.23,549072,3969448.25
2023-02-27,7.21,7.29,7.13,7.19,580284,4152031.00
2023-02-28,7.21,7.22,7.15,7.22,538706,3858821.75
2023-03-01,7.19,7.21,7.16,7.19,446535,3196714.00
2023-03-02,7.20,7.21,7.13,7.18,809617,5795297.50
2023-03-03,7.15,7.15,7.12,7.15,529220,3763733.75
2023-03-06,7.14,7.16,7.11,7.12,485343,3444940.00
2023-03-07,7.15,7.16,7.07,7.11,626175,4436538.00
2023-03-08,7.08,7.14,7.06,7.11,410856,2900949.50
2023-03-09,7.12,7.12,7.05,7.10,429848,3031564.50
2023-03-10,7.05,7.08,7.02,7.04,472453,3311463.00
2023-03-13,7.05,7.06,6.95,6.98,991331,6908399.50
2023-03-14,6.95,6.98,6.91,6.95,495493,3421870.25
2023-03-15,6.95,7.02,6.92,6.99,477803,3313381.50
2023-03-16,6.97,6.97,6.87,6.91,703804,4856638.50
2023-03-17,6.90,6.96,6.90,6.94,348080,2409086.50
2023-03-20,6.98,6.98,6.87,6.91,207072,1429669.50
2023-03-21,6.91,7.02,6.90,7.00,166234,1154764.38
2023-03-22,7.00,7.06,7.00,7.04,260109,1830329.13
2023-03-23,7.00,7.08,7.00,7.03,403612,2841047.50
2023-03-24,7.01,7.09,7.01,7.05,282672,1997098.63
2023-03-27,7.08,7.09,6.97,7.05,414517,2910132.50
2023-03-28,7.06,7.10,7.01,7.09,752901,5319070.50
2023-03-29,7.08,7.10,7.05,7.08,193792,1370567.00
2023-03-30,7.10,7.10,7.02,7.08,288658,2039601.00
2023-03-31,7.05,7.09,7.05,7.09,148841,1053373.88
2023-04-03,7.09,7.09,6.96,6.99,609416,4266467.00
2023-04-04,7.03,7.03,6.96,6.98,489895,3421746.25
2023-04-06,6.98,7.04,6.95,7.03,436462,3059570.75
2023-04-07,7.04,7.13,7.02,7.09,614279,4354262.50
2023-04-10,7.11,7.15,7.09,7.13,644535,4590057.50
2023-04-11,7.15,7.15,7.08,7.12,158099,1123878.63
2023-04-12,7.13,7.13,7.02,7.06,390521,2756918.00
2023-04-13,7.08,7.09,7.02,7.05,72513,510250.88
2023-04-14,7.06,7.07,7.01,7.06,317550,2236506.75
2023-04-17,7.10,7.13,7.01,7.05,486146,3427408.25
2023-04-18,7.04,7.09,7.04,7.08,386404,2732044.75
2023-04-19,7.13,7.13,6.96,7.04,486796,3444903.25
2023-04-20,7.08,7.09,7.03,7.05,276831,1950665.13
2023-04-21,7.07,7.07,6.98,7.00,663441,4655242.00
2023-04-24,7.06,7.19,7.05,7.18,1036129,7388571.50
2023-04-25,7.19,7.20,7.09,7.12,386993,2754894.50
2023-04-26,7.16,7.22,7.06,7.22,639045,4580019.00
2023-04-27,7.29,7.43,7.24,7.41,2177742,15974072.00
2023-04-28,7.44,7.45,7.29,7.40,429536,3164490.50
2023-05-04,7.32,7.44,7.32,7.40,526272,3887582.25
2023-05-05,7.49,7.68,7.39,7.68,1535920,11572744.00
2023-05-08,7.99,8.55,7.80,8.16,3708984,30495444.00
2023-05-09,8.08,8.50,7.94,8.05,3146379,25724708.00
2023-05-10,8.08,8.08,7.62,7.73,2160962,16755140.00
2023-05-11,7.76,8.07,7.55,7.97,1268508,9982611.00
2023-05-12,7.90,7.98,7.77,7.85,757374,5955610.00
2023-05-15,7.76,7.90,7.76,7.86,1258700,9867670.00
2023-05-16,7.87,7.95,7.82,7.87,515557,4064057.50
2023-05-17,7.90,7.96,7.80,7.89,468860,3699433.00
2023-05-18,7.88,7.93,7.83,7.89,625223,4919516.00
2023-05-19,7.90,7.96,7.85,7.93,849678,6715007.50
2023-05-22,7.95,7.98,7.73,7.84,1703152,13396646.00
2023-05-23,7.85,7.85,7.58,7.69,2108691,16177890.00
2023-05-24,7.25,7.31,7.20,7.25,709385,5148989.00
2023-05-25,7.28,7.45,7.23,7.28,772955,5672096.50
2023-05-26,7.30,7.36,7.12,7.19,549108,3975724.25
2023-05-29,7.26,7.29,7.11,7.14,924800,6636995.50
2023-05-30,7.14,7.16,7.03,7.11,1114989,7911876.50
2023-05-31,7.11,7.14,7.03,7.07,578405,4096188.25
2023-06-01,7.10,7.10,6.95,7.04,854090,5994961.00
2023-06-02,7.03,7.10,7.00,7.08,204069,1441495.00
2023-06-05,7.07,7.09,7.05,7.08,182283,1286828.25
2023-06-06,7.07,7.08,6.99,6.99,322608,2264657.50
2023-06-07,6.99,7.00,6.94,7.00,589612,4107188.25
2023-06-08,6.96,7.00,6.87,6.91,620927,4289853.50
2023-06-09,6.90,6.93,6.77,6.84,698563,4769474.00
2023-06-12,6.84,6.86,6.67,6.75,893595,6013771.00
2023-06-13,6.75,6.78,6.69,6.74,475500,3195969.75
2023-06-14,6.74,6.80,6.70,6.75,421911,2845980.50
2023-06-15,6.74,6.94,6.74,6.94,711574,4881543.00
2023-06-16,6.95,6.99,6.86,6.93,335256,2324292.75
2023-06-19,6.92,6.93,6.81,6.89,266061,1828611.63
2023-06-20,6.91,6.91,6.82,6.83,235451,1612968.38
2023-06-21,6.78,7.26,6.77,7.09,2008687,14120441.00
2023-06-26,6.97,7.15,6.95,7.07,530432,3728201.50
2023-06-27,7.11,7.21,7.05,7.20,914574,6536450.50
2023-06-28,7.22,7.22,7.03,7.09,520920,3686484.75
2023-06-29,7.07,7.18,7.07,7.14,576570,4113461.25
2023-06-30,7.18,7.21,7.10,7.14,442010,3158216.25
2023-07-03,7.13,7.18,7.12,7.15,322012,2302265.50
2023-07-04,7.18,7.35,7.15,7.26,843024,6123575.00
2023-07-05,7.30,7.56,7.20,7.40,2100767,15614995.00
2023-07-06,7.37,7.37,7.25,7.36,611520,4467107.50
2023-07-07,7.38,7.45,7.29,7.38,516281,3804905.00
2023-07-10,7.39,7.49,7.38,7.43,430778,3203196.00
2023-07-11,7.35,7.42,7.33,7.38,367923,2708379.25
2023-07-12,7.34,7.39,7.17,7.21,874066,6324110.50
2023-07-13,7.18,7.27,7.18,7.27,230035,1666380.25
2023-07-14,7.27,7.36,7.25,7.36,459915,3353489.75
2023-07-17,7.27,7.40,7.27,7.34,277134,2032440.75
2023-07-18,7.31,7.35,7.22,7.26,374565,2720345.50
2023-07-19,7.26,7.28,7.18,7.22,414304,2987995.75
2023-07-20,7.22,7.27,7.09,7.09,716439,5122452.50
2023-07-21,7.08,7.12,7.02,7.07,235836,1670170.50
2023-07-24,7.05,7.12,6.97,7.03,261938,1839050.50
2023-07-25,7.06,7.11,7.05,7.09,231166,1635229.75
2023-07-26,7.10,7.11,7.06,7.07,198398,1405676.38
2023-07-27,7.08,7.08,6.92,6.94,1224151,8532003.00
2023-07-28,6.98,7.07,6.97,7.06,562062,3953293.75
2023-07-31,7.08,7.15,7.06,7.10,583521,4145382.75
2023-08-01,7.15,7.15,7.00,7.06,447178,3153737.50
2023-08-02,7.07,7.11,7.02,7.08,465969,3290141.75
2023-08-03,7.03,7.13,7.03,7.08,468714,3323149.50
2023-08-04,7.10,7.16,7.07,7.11,391799,2786052.50
2023-08-07,7.11,7.15,7.05,7.12,382473,2718563.00
2023-08-08,7.10,7.15,6.99,7.06,1132300,7994492.00
2023-08-09,7.02,7.09,7.01,7.07,440251,3108407.75
2023-08-10,7.05,7.09,7.01,7.08,898597,6336010.50
2023-08-11,7.08,7.09,7.02,7.04,632902,4465401.00
2023-08-14,7.02,7.07,7.01,7.01,844892,5943937.50
2023-08-15,7.01,7.04,6.96,7.02,497429,3477350.50
2023-08-16,6.99,7.05,6.95,7.00,875883,6133751.00
2023-08-17,6.98,7.00,6.96,6.98,440535,3070485.50
2023-08-18,6.96,7.00,6.96,6.98,301232,2101252.25
2023-08-21,6.99,7.00,6.96,7.00,377183,2634619.00
2023-08-22,7.00,7.17,7.00,7.15,1714168,12138489.00
2023-08-23,7.13,7.13,7.05,7.12,754106,5354453.50
2023-08-24,7.31,7.52,7.24,7.31,2965331,21891722.00
2023-08-25,7.31,7.56,7.29,7.54,3601079,26954092.00
2023-08-28,7.98,7.98,7.58,7.63,3047460,23494598.00
2023-08-29,7.65,7.94,7.52,7.75,2376650,18359432.00
2023-08-30,7.79,7.79,7.62,7.67,991075,7612513.50
2023-08-31,7.65,7.73,7.52,7.71,1325296,10083711.00
2023-09-01,7.71,8.52,7.71,8.34,6506159,53539888.00
2023-09-04,9.27,9.32,8.91,9.03,9021110,82350736.00
2023-09-05,8.86,9.59,8.86,9.03,7490468,68844432.00
2023-09-06,9.15,9.51,9.12,9.21,4193821,38947316.00
2023-09-07,9.16,9.28,8.96,9.10,3891890,35459068.00
2023-09-08,9.13,9.17,8.79,8.89,3582266,32085342.00
2023-09-11,8.95,9.12,8.80,9.05,2917305,26338060.00
2023-09-12,9.12,9.12,8.95,9.02,2229150,20170742.00
2023-09-13,9.05,9.10,8.98,9.07,2192444,19805376.00
2023-09-14,9.06,9.41,9.04,9.21,3497130,32264150.00
2023-09-15,9.21,9.28,9.10,9.16,2464384,22540882.00
2023-09-18,9.19,9.47,9.13,9.38,3529007,32891638.00
2023-09-19,9.45,9.50,9.30,9.42,3052071,28639396.00
2023-09-20,9.42,9.66,9.36,9.61,5050979,48205392.00
2023-09-21,9.69,10.12,9.66,10.08,6196020,61335704.00
2023-09-22,10.00,10.15,9.75,9.89,4607645,45695952.00
2023-09-25,9.82,9.90,9.47,9.53,4105406,39612432.00
2023-09-26,9.51,9.75,9.35,9.72,2772689,26564012.00
2023-09-27,9.74,9.74,9.37,9.40,2890194,27516722.00
2023-09-28,9.40,9.56,9.33,9.53,1575554,14871307.00
2023-10-09,9.65,9.66,9.10,9.11,3206044,29449062.00
2023-10-10,9.11,9.13,8.69,8.76,3061067,26994692.00
2023-10-11,8.78,8.79,8.53,8.58,2449087,21115334.00
2023-10-12,8.67,8.85,8.54,8.59,1102448,9596931.00
2023-10-13,8.59,8.72,8.57,8.65,1280493,11048902.00
2023-10-16,8.63,8.63,8.46,8.56,1352509,11525281.00
2023-10-17,8.56,8.61,8.46,8.56,1484870,12682712.00
2023-10-18,8.55,8.63,8.50,8.56,980793,8391665.00
2023-10-19,8.53,8.73,8.53,8.64,825154,7128578.50
2023-10-20,8.66,8.78,8.58,8.58,1323607,11490111.00
2023-10-23,8.53,8.70,7.93,7.93,3271351,26799012.00
2023-10-24,8.00,8.14,7.96,8.14,1360160,10965025.00
2023-10-25,8.23,8.64,8.21,8.51,1823021,15369093.00
2023-10-26,8.53,8.53,8.33,8.42,1068483,8969259.00
2023-10-27,8.50,8.79,8.49,8.62,3408369,29592128.00
2023-10-30,8.21,8.25,7.96,8.10,5405368,43771396.00
2023-10-31,8.10,8.11,7.95,7.98,3131262,23450542.00
2023-11-01,7.98,8.05,7.89,8.00,1999530,14487032.00
2023-11-02,7.96,8.02,7.96,7.97,693388,5540238.00
2023-11-03,7.96,8.33,7.91,8.20,2061292,16739645.00
2023-11-06,8.21,8.28,8.09,8.18,1445815,11780724.00
2023-11-07,8.17,8.37,8.12,8.37,1632060,13446181.00
2023-11-08,8.33,8.66,8.29,8.42,1965128,16685806.00
2023-11-09,8.42,8.59,8.35,8.58,1620060,13768018.00
2023-11-10,8.58,8.92,8.50,8.78,3073481,26930258.00
2023-11-13,8.75,8.85,8.63,8.80,2226983,19518308.00
2023-11-14,8.73,8.85,8.68,8.72,1476885,12904023.00
2023-11-15,8.75,8.86,8.74,8.80,2961773,23861574.00
2023-11-16,8.80,8.83,8.56,8.57,1789251,15465798.00
2023-11-17,8.53,8.61,8.48,8.54,1558219,13286794.00
2023-11-20,8.51,8.96,8.49,8.83,2923915,25751602.00
2023-11-21,8.95,9.97,8.88,9.14,6935073,65245640.00
2023-11-22,9.17,9.75,8.97,9.70,10165279,95742568.00
2023-11-23,9.88,10.31,9.20,9.37,14037740,136426304.00
2023-11-24,9.43,10.08,9.28,10.06,14322800,140980752.00
2023-11-27,10.51,11.33,10.21,11.26,26110191,284619776.00
2023-11-28,10.90,11.78,10.59,11.30,23818325,264951504.00
2023-11-29,11.36,11.66,10.25,10.31,17814042,190548016.00
2023-11-30,10.33,10.45,9.94,10.03,9432448,95723272.00
2023-12-01,10.15,10.26,9.60,9.73,7347129,72849296.00
2023-12-04,9.81,10.10,9.49,9.93,6734447,66232808.00
2023-12-05,9.93,10.66,9.90,10.52,15460250,157348160.00
2023-12-06,10.46,10.70,10.17,10.21,8195256,84947144.00
2023-12-07,10.26,10.50,10.16,10.33,7817101,80510272.00
2023-12-08,10.37,10.53,10.16,10.25,7213567,74478192.00
2023-12-11,10.19,10.35,9.80,9.90,6276374,62736204.00
2023-12-12,9.93,10.10,9.78,10.03,5696852,54095144.00
2023-12-13,10.03,10.39,9.93,10.33,9486484,94378056.00
2023-12-14,10.29,10.76,10.18,10.48,9581333,100758096.00
2023-12-15,10.42,10.55,10.19,10.30,4982842,51444992.00
2023-12-18,10.27,10.87,10.22,10.75,9712305,102869320.00
2023-12-19,10.75,10.75,10.42,10.55,7492764,76526640.00
2023-12-20,10.55,10.95,10.49,10.89,9711180,104988104.00
2023-12-21,10.90,11.36,10.03,10.03,16856765,179361280.00
2023-12-22,9.96,10.21,9.89,10.13,7559340,73917288.00
2023-12-25,10.18,10.44,10.09,10.41,7129483,73611280.00
2023-12-26,10.46,10.54,9.99,10.44,7299593,75356208.00
2023-12-27,10.32,10.41,10.21,10.30,5112034,49677152.00
2023-12-28,10.29,10.48,10.24,10.39,6570095,68312672.00
2023-12-29,10.39,10.66,10.32,10.57,6178449,65034180.00
2024-01-02,10.66,11.05,10.59,10.96,10413282,112882168.00
2024-01-03,11.03,11.16,10.80,11.07,7274962,79477008.00
2024-01-04,11.02,11.10,10.77,11.02,6288911,68694096.00
2024-01-05,11.00,11.10,10.50,10.52,7658541,82247512.00
2024-01-08,10.50,10.65,10.14,10.14,5994446,60044332.00
2024-01-09,10.15,10.25,9.73,9.86,4722950,47001648.00
2024-01-10,9.86,10.18,9.77,10.06,3538935,33135158.00
2024-01-11,10.01,10.18,9.97,10.08,2720897,27404930.00
2024-01-12,10.04,10.14,9.32,9.39,6537202,63253912.00
2024-01-15,9.38,9.54,9.16,9.20,3041890,28494656.00
2024-01-16,9.25,9.54,9.04,9.50,5499370,51463092.00
2024-01-17,9.42,9.59,9.34,9.34,3686912,34973884.00
2024-01-18,9.33,9.53,9.10,9.53,3709542,34611588.00
2024-01-19,9.53,9.82,9.53,9.72,4754188,46113832.00
2024-01-22,9.66,9.74,9.31,9.39,3446923,32934484.00
2024-01-23,9.34,9.52,9.21,9.42,2025424,19092486.00
2024-01-24,9.50,9.50,9.10,9.25,3251615,30029316.00
2024-01-25,9.32,9.40,8.97,9.24,3384568,31229642.00
2024-01-26,9.17,9.26,9.09,9.16,2524307,23167970.00
2024-01-29,9.22,9.23,8.81,8.82,3005183,27102656.00
2024-01-30,8.81,8.99,8.65,8.68,1546639,13587405.00
2024-01-31,8.69,8.85,8.64,8.73,1440577,12609868.00
2024-02-01,8.76,8.76,8.51,8.53,1386634,11917015.00
2024-02-02,8.54,9.00,8.38,8.90,5084138,44155076.00
2024-02-05,8.73,9.88,8.52,9.50,7376505,67997112.00
2024-02-06,9.21,10.10,9.11,9.99,8140131,79378048.00
2024-02-07,9.87,10.10,9.50,9.60,5044382,49583088.00
2024-02-08,9.68,9.90,9.30,9.62,3052967,29285184.00
2024-02-19,9.64,9.74,9.48,9.57,2699739,25829996.00
2024-02-20,9.50,9.64,9.25,9.63,2990783,28378682.00
2024-02-21,9.53,9.79,9.43,9.57,3798503,36625296.00
2024-02-22,9.51,9.62,9.47,9.56,2406945,22997628.00
2024-02-23,9.50,9.56,9.28,9.32,3055517,28715426.00
2024-02-26,9.38,9.87,9.29,9.73,4212385,40637936.00
2024-02-27,9.71,9.94,9.60,9.93,5060761,49866884.00
2024-02-28,10.40,10.58,10.01,10.05,8112871,83421920.00
2024-02-29,10.04,10.46,10.01,10.34,5178828,53279216.00
2024-03-01,10.36,10.39,10.19,10.21,3958038,40682888.00
2024-03-04,10.22,10.29,9.92,9.95,3882143,38833300.00
2024-03-05,9.97,10.20,9.80,10.09,3089639,30752740.00
2024-03-06,10.07,10.22,9.98,10.08,1833342,18506232.00
2024-03-07,10.04,10.24,9.86,9.92,2773928,27879836.00
2024-03-08,9.93,9.96,9.73,9.89,3021830,29708582.00
2024-03-11,9.93,9.93,9.74,9.89,3105311,30498762.00
2024-03-12,9.91,9.91,9.79,9.80,2527608,24842676.00
2024-03-13,9.81,9.85,9.75,9.78,1626914,15914373.00
2024-03-14,9.77,9.87,9.72,9.79,1192460,11680678.00
2024-03-15,9.83,10.16,9.74,10.04,4151669,41547464.00
2024-03-18,10.06,10.06,9.88,9.98,3009794,29942294.00
2024-03-19,10.00,10.01,9.88,9.93,1712990,16992590.00
2024-03-20,9.90,9.95,9.87,9.90,1178563,11667881.00
2024-03-21,9.90,9.90,9.80,9.84,1348506,13273799.00
2024-03-22,9.87,9.90,9.61,9.62,1708655,16606463.00
2024-03-25,9.64,9.79,9.53,9.54,1355056,13050100.00
2024-03-26,9.54,9.68,9.47,9.58,919291,8785625.00
2024-03-27,9.54,9.79,9.51,9.59,1343243,13011918.00
2024-03-28,9.57,9.67,9.51,9.55,1186915,11383723.00
2024-03-29,9.55,9.62,9.47,9.59,1153474,11007448.00
2024-04-01,9.58,9.65,9.56,9.61,1724881,16551426.00
2024-04-02,9.60,9.60,9.51,9.55,1004699,9595551.00
2024-04-03,9.54,9.55,9.49,9.52,1050649,9993678.00
2024-04-08,9.52,9.70,9.50,9.50,2012831,19265318.00
2024-04-09,9.60,9.64,9.55,9.61,928446,8907966.00
2024-04-10,9.65,10.05,9.65,9.86,4292361,42465156.00
2024-04-11,9.82,10.24,9.78,10.14,5399654,54321408.00
2024-04-12,10.10,10.23,9.92,10.10,3205893,32307096.00
2024-04-15,10.12,10.29,10.01,10.05,4318654,43937800.00
2024-04-16,10.06,10.10,9.70,9.86,3541446,34983096.00
2024-04-17,9.93,10.70,9.93,10.50,7126903,74213144.00
2024-04-18,10.54,10.93,10.34,10.39,5693255,60532924.00
2024-04-19,10.29,10.55,10.27,10.33,3016397,31238438.00
2024-04-22,10.30,10.78,10.30,10.61,3347668,35294492.00
2024-04-23,10.71,10.72,10.50,10.61,2169867,22985002.00
2024-04-24,10.62,10.82,10.48,10.48,2342626,24881010.00
2024-04-25,10.41,10.59,10.36,10.56,1530120,15998361.00
2024-04-26,9.84,9.84,9.35,9.41,11907924,114023960.00
2024-04-29,9.33,9.40,9.20,9.36,5266881,48898176.00
2024-04-30,9.35,9.43,9.30,9.37,2764642,25875048.00
2024-05-06,9.50,9.50,9.39,9.47,2560513,24178376.00
2024-05-07,9.47,9.50,9.39,9.42,1742307,16434264.00
2024-05-08,9.42,9.42,9.27,9.29,1876571,17484016.00
2024-05-09,9.26,9.34,9.20,9.30,2774401,25705102.00
2024-05-10,9.30,9.32,9.15,9.20,2259149,20772754.00
2024-05-13,9.10,9.20,9.05,9.05,1864336,16965266.00
2024-05-14,9.05,9.11,9.04,9.09,1154543,10479224.00
2024-05-15,9.13,9.13,9.01,9.04,1256571,11390678.00
2024-05-16,9.07,9.14,9.05,9.09,1163443,10585670.00
2024-05-17,9.13,9.14,9.08,9.14,1342172,12230933.00
2024-05-20,9.17,9.34,9.15,9.19,1497176,13758662.00
2024-05-21,9.17,9.21,9.12,9.16,1284117,11774603.00
2024-05-22,9.18,9.22,9.15,9.21,1915308,17587400.00
2024-05-23,9.19,9.58,9.15,9.34,4961163,46565468.00
2024-05-24,8.90,8.92,8.73,8.73,1963664,17309450.00
2024-05-27,8.81,8.81,8.55,8.58,1929936,16703864.00
2024-05-28,8.61,8.64,8.49,8.51,1254968,10719286.00
2024-05-29,8.55,8.62,8.51,8.53,674626,5768039.50
2024-05-30,8.50,8.56,8.40,8.40,1127363,9554744.00
2024-05-31,8.46,8.51,8.35,8.43,794222,6685032.00
2024-06-03,8.42,8.50,8.30,8.34,633834,5295705.00
2024-06-04,8.39,8.40,8.31,8.35,536528,4483471.00
2024-06-05,8.39,8.39,8.29,8.30,390777,3260335.75
2024-06-06,8.31,8.34,8.11,8.12,1372182,11251771.00
2024-06-07,8.17,8.27,8.12,8.14,1063438,8685472.00
2024-06-11,8.12,8.17,8.03,8.13,806664,6522562.50
2024-06-12,8.11,8.17,8.06,8.14,457516,3717642.25
2024-06-13,8.17,8.18,8.04,8.06,658170,5321630.00
2024-06-14,8.09,8.12,8.06,8.10,455176,3681147.25
2024-06-17,8.08,8.09,8.00,8.00,622055,4994364.50
2024-06-18,8.00,8.02,7.91,7.99,736447,5865186.00
2024-06-19,8.00,8.18,7.95,8.04,937515,7584199.50
2024-06-20,8.03,8.04,7.88,7.91,1168312,9281169.00
2024-06-21,7.87,8.09,7.87,7.98,713951,5724349.50
2024-06-24,7.95,7.98,7.71,7.74,1117042,8726739.00
2024-06-25,7.71,7.88,7.68,7.68,707075,5511697.50
2024-06-26,7.67,7.82,7.66,7.78,619992,4802862.00
2024-06-27,7.77,7.79,7.70,7.70,432606,3342920.75
2024-06-28,7.66,7.82,7.66,7.77,483971,3762232.50
2024-07-01,7.77,7.84,7.75,7.81,403793,3149469.50
2024-07-02,7.85,7.89,7.74,7.76,463372,3613995.50
2024-07-03,7.76,7.80,7.66,7.69,606511,4670258.50
2024-07-04,7.63,7.81,7.62,7.70,891785,6890603.50
2024-07-05,7.72,7.72,7.59,7.70,786970,6009531.00
2024-07-08,7.65,7.70,7.33,7.35,1079586,8071983.50
2024-07-09,7.35,7.44,7.23,7.38,943825,6917462.50
2024-07-10,7.38,7.49,7.33,7.40,1258821,9306053.00
2024-07-11,7.46,7.61,7.43,7.59,2021049,15191727.00
2024-07-12,7.59,7.62,7.46,7.54,618815,4654749.50
2024-07-15,7.51,7.52,7.36,7.38,498985,3713426.75
2024-07-16,7.39,7.64,7.29,7.64,1546682,11624773.00
2024-07-17,7.60,8.29,7.55,8.26,6388318,51604536.00
2024-07-18,8.40,8.44,7.89,7.97,5745082,45042988.00
2024-07-19,7.86,8.18,7.83,7.84,3761106,28813364.00
2024-07-22,7.86,7.88,7.67,7.73,1984823,14392847.00
2024-07-23,7.68,8.30,7.49,7.98,5617647,43866356.00
2024-07-24,7.87,8.34,7.81,8.03,6819495,54704012.00
2024-07-25,7.89,8.33,7.88,8.07,4581419,37384928.00
2024-07-26,8.04,8.12,7.85,7.92,3741043,29749854.00
2024-07-29,7.96,8.49,7.88,8.31,6180413,50859396.00
2024-07-30,8.25,8.70,8.10,8.40,6705137,56751216.00
2024-07-31,8.31,8.46,8.22,8.40,4852274,40485252.00
2024-08-01,8.37,8.55,8.27,8.27,3228224,27149444.00
2024-08-02,8.02,8.22,7.93,8.00,3461293,27961186.00
2024-08-05,7.97,8.17,7.75,7.75,2255458,17922662.00
2024-08-06,7.85,7.91,7.75,7.85,1219264,9555938.00
2024-08-07,7.82,8.10,7.80,7.87,1497709,11864670.00
2024-08-08,7.88,7.88,7.71,7.71,1948018,15101398.00
2024-08-09,7.77,7.78,7.68,7.72,893689,6908088.00
2024-08-12,7.72,7.75,7.61,7.63,832617,6391577.50
2024-08-13,7.68,7.76,7.60,7.75,1021971,7864389.50
2024-08-14,7.75,7.80,7.69,7.69,823991,6378001.00
2024-08-15,7.67,7.74,7.61,7.71,838717,6448515.50
2024-08-16,7.70,7.74,7.68,7.72,861407,6639372.00
2024-08-19,7.68,7.79,7.64,7.73,718235,5558778.50
2024-08-20,7.73,7.85,7.71,7.74,1131551,8811178.00
2024-08-21,7.74,7.85,7.70,7.78,939716,7311530.00
2024-08-22,7.81,7.83,7.67,7.71,1110565,8612296.00
2024-08-23,7.73,7.83,7.70,7.81,1197280,9312572.00
2024-08-26,7.86,7.97,7.77,7.87,1480240,11689973.00
2024-08-27,7.92,7.97,7.81,7.96,1551749,12280593.00
2024-08-28,7.96,8.26,7.91,8.13,2810388,22749144.00
2024-08-29,8.08,8.08,7.92,8.00,1559467,12477095.00
2024-08-30,8.00,8.23,7.96,8.13,1810502,14734209.00
2024-09-02,8.14,8.23,7.94,7.97,1054037,8494842.00
2024-09-03,7.97,8.10,7.92,8.02,1566512,12548309.00
2024-09-04,8.00,8.03,7.92,7.92,746562,5943067.50
2024-09-05,7.94,8.02,7.92,7.94,968115,7700081.00
2024-09-06,7.98,8.08,7.88,7.90,692288,5520153.00
2024-09-09,7.86,7.95,7.84,7.85,605852,4784932.50
2024-09-10,7.88,7.97,7.79,7.91,745937,5863654.50
2024-09-11,7.92,8.09,7.91,7.99,1133059,9049391.00
2024-09-12,7.95,8.03,7.84,7.85,1182805,9359374.00
2024-09-13,7.90,8.02,7.81,7.87,1132275,8932988.00
2024-09-18,7.83,8.02,7.83,8.00,1133302,8956687.00
2024-09-19,7.99,8.16,7.94,8.14,1921541,15542049.00
2024-09-20,8.14,8.18,8.08,8.14,1049085,8535815.00
2024-09-23,8.09,8.19,8.09,8.14,400451,3258807.00
2024-09-24,8.10,8.32,8.10,8.31,1911953,15771485.00
2024-09-25,8.40,8.55,8.31,8.32,2020442,17020494.00
2024-09-26,8.29,8.52,8.27,8.50,2118776,17758346.00
2024-09-27,8.67,9.28,8.53,9.08,6408750,57384716.00
2024-09-30,9.40,10.72,9.18,10.46,18376497,185904672.00
2024-10-08,13.00,13.30,10.90,12.76,28970065,352494432.00
2024-10-09,11.70,12.43,10.72,10.85,16833119,194798096.00
2024-10-10,10.94,11.62,10.94,11.12,10515066,118169800.00
2024-10-11,11.02,11.50,10.20,10.36,7789228,84079048.00
2024-10-14,10.30,10.84,10.20,10.68,7061266,74524320.00
2024-10-15,10.80,10.89,10.26,10.31,6912944,73236864.00
2024-10-16,10.15,10.73,10.08,10.58,5538839,57993676.00
2024-10-17,10.72,11.36,10.66,10.75,11887662,130468656.00
2024-10-18,10.52,11.48,10.50,11.19,13781046,152909936.00
2024-10-21,11.55,12.49,11.40,12.06,19369657,230928000.00
2024-10-22,12.45,12.80,11.61,11.85,19102072,232864704.00
2024-10-23,11.99,12.34,11.72,11.96,13605848,163256240.00
2024-10-24,12.00,12.68,11.77,12.29,16337883,200257088.00
2024-10-25,12.30,13.46,12.30,12.45,28525843,366742976.00
2024-10-28,12.26,12.56,11.82,12.50,15142029,185372112.00
2024-10-29,13.28,14.39,12.86,13.99,34826336,475940256.00
2024-10-30,14.29,15.40,13.69,15.40,33915271,501503296.00
2024-10-31,15.80,15.85,14.08,14.49,25518963,377166240.00
2024-11-01,14.50,15.00,13.26,13.30,17434939,243791600.00
2024-11-04,13.51,14.39,13.42,14.32,15260278,213684016.00
2024-11-05,14.63,15.30,14.48,15.10,21734009,326012832.00
2024-11-06,15.26,16.06,14.95,15.17,28346025,438070464.00
2024-11-07,14.90,17.58,14.76,16.70,32071606,519135360.00
2024-11-08,17.16,17.58,15.81,16.01,25174650,415895552.00
2024-11-11,16.09,16.78,15.51,16.35,16270850,262034432.00
2024-11-12,16.35,16.80,15.60,16.24,13904779,225409968.00
2024-11-13,16.20,16.24,15.36,15.91,12542244,197138368.00
2024-11-14,15.91,15.99,15.33,15.35,9407213,147517840.00
2024-11-15,15.22,15.50,14.60,14.85,13512026,203207632.00
2024-11-18,14.98,15.74,14.60,15.32,15554434,237667696.00
2024-11-19,15.44,15.45,14.21,15.05,14751219,218212928.00
2024-11-20,14.97,15.58,14.76,15.44,11896961,180778480.00
2024-11-21,15.42,15.99,15.23,15.97,15208631,238366992.00
2024-11-22,15.91,16.20,15.20,15.22,12571914,197589504.00
2024-11-25,15.10,15.29,14.31,14.65,10153880,149345968.00
2024-11-26,14.74,14.84,14.18,14.18,7015560,101511976.00
2024-11-27,14.11,14.26,13.36,14.25,7576566,104720368.00
2024-11-28,14.36,14.62,14.19,14.25,7837778,113069296.00
2024-11-29,14.00,14.50,13.56,14.12,11611235,163101840.00
2024-12-02,14.10,14.77,13.96,14.77,11887363,171752848.00
2024-12-03,14.77,14.77,14.77,14.77,0,0.00
#数据来源:通达信
