834765 美之高 日线 不复权
      日期	    开盘	    最高	    最低	    收盘	    成交量	    成交额
2016-03-25,7.97,7.97,7.97,7.97,1000,7970.00
2016-03-28,7.95,7.95,7.95,7.95,3000,23850.00
2016-04-05,7.92,7.92,7.92,7.92,1000,7920.00
2016-04-11,7.90,7.90,7.90,7.90,2000,15800.00
2016-05-09,7.83,7.83,7.83,7.83,2000,15660.00
2016-08-09,7.72,7.72,7.65,7.65,6000,46140.00
2016-08-10,7.69,7.69,7.69,7.69,1000,7690.00
2016-11-07,7.01,7.01,7.00,7.01,10000,70070.00
2016-11-08,7.01,7.22,7.01,7.03,19000,133900.00
2016-11-09,7.01,7.01,6.79,6.90,86000,589540.00
2016-11-10,6.85,6.88,6.80,6.88,18000,123320.00
2016-11-11,6.79,7.00,6.79,7.00,79000,544260.00
2016-11-14,6.90,6.90,6.81,6.81,14000,95830.00
2016-11-15,6.90,6.90,6.81,6.81,10000,68550.00
2016-11-16,6.81,6.84,6.80,6.80,20000,136290.00
2016-11-17,6.88,6.88,6.80,6.88,23000,156800.00
2016-11-18,6.86,6.86,6.86,6.86,4000,27440.00
2016-11-22,6.90,6.99,6.90,6.90,23000,159170.00
2016-11-23,6.98,6.99,6.98,6.99,11000,76840.00
2016-12-14,7.00,7.00,7.00,7.00,40000,280000.00
2016-12-15,7.00,7.00,7.00,7.00,84000,588000.00
2016-12-16,7.00,7.15,7.00,7.00,152000,1069630.00
2016-12-19,7.00,7.00,7.00,7.00,70000,490000.00
2016-12-20,7.10,7.15,7.10,7.15,35000,249680.00
2016-12-28,7.00,7.00,7.00,7.00,20000,140000.00
2016-12-29,7.14,7.14,7.14,7.14,1000,7140.00
2016-12-30,6.99,6.99,6.99,6.99,1000,6990.00
2017-01-03,7.10,7.12,7.10,7.12,6000,42620.00
2017-01-04,7.15,7.20,7.15,7.20,7000,50150.00
2017-01-05,7.27,7.90,7.27,7.90,35000,265810.00
2017-01-06,8.21,12.98,8.21,11.45,159000,1761230.00
2017-01-09,10.93,10.95,10.40,10.60,105000,1119640.00
2017-01-10,10.30,10.50,10.30,10.50,18000,187100.00
2017-01-11,10.30,10.59,10.13,10.55,51000,525510.00
2017-01-12,10.22,10.30,9.75,9.81,47000,467020.00
2017-01-13,9.79,9.90,9.50,9.89,22000,214800.00
2017-01-16,9.99,9.99,9.99,9.99,1000,9990.00
2017-01-17,9.99,10.00,9.36,9.36,14000,134210.00
2017-01-18,9.54,9.63,9.40,9.55,8000,76270.00
2017-01-20,9.60,10.30,9.60,10.30,29000,284360.00
2017-01-23,9.98,10.50,9.98,10.50,18000,181850.00
2017-01-24,10.19,10.25,10.17,10.18,15000,153170.00
2017-01-25,10.25,11.41,10.25,10.60,137000,1453090.00
2017-01-26,11.00,11.00,11.00,11.00,3000,33000.00
2017-02-03,11.00,11.20,11.00,11.20,12000,132400.00
2017-02-06,11.20,11.33,11.20,11.33,23000,259810.00
2017-02-07,11.33,11.35,11.33,11.35,5000,56670.00
2017-02-08,11.36,11.36,11.36,11.36,5000,56800.00
2017-02-09,11.39,13.50,11.39,13.50,2000,24890.00
2017-02-13,11.39,11.39,11.39,11.39,2000,22780.00
2017-02-14,11.40,11.40,11.40,11.40,1000,11400.00
2017-02-17,11.40,11.43,11.40,11.42,2000,22830.00
2017-02-20,11.55,11.55,11.55,11.55,2000,23100.00
2017-02-22,11.55,11.55,11.55,11.55,19000,219450.00
2017-02-28,11.61,11.61,11.61,11.61,4000,46440.00
2017-03-01,11.61,11.61,11.50,11.61,96000,1113130.00
2017-03-02,12.00,12.00,11.50,11.67,21000,245000.00
2017-03-03,12.00,12.00,12.00,12.00,7000,84000.00
2017-03-06,12.00,12.00,12.00,12.00,3000,36000.00
2017-03-07,11.50,11.50,11.50,11.50,1000,11500.00
2017-03-13,11.50,11.50,11.50,11.50,3000,34500.00
2017-03-14,10.50,10.50,10.50,10.50,6000,63000.00
2017-03-15,11.50,11.50,11.50,11.50,1000,11500.00
2017-03-21,11.40,11.40,11.40,11.40,10000,114000.00
2017-03-23,11.30,11.50,11.30,11.33,18000,203900.00
2017-03-24,11.50,11.50,11.50,11.50,3000,34500.00
2017-04-06,11.50,11.50,11.50,11.50,6000,69000.00
2017-04-10,11.50,12.00,11.50,12.00,5000,58000.00
2017-04-11,12.10,14.44,12.00,13.33,30000,399750.00
2017-04-12,14.10,14.50,14.10,14.50,12000,169600.00
2017-04-17,14.20,14.20,14.10,14.12,11000,155300.00
2017-04-18,14.80,14.80,14.80,14.80,1000,14800.00
2017-04-19,14.70,14.80,14.70,14.75,2000,29500.00
2017-04-26,15.80,15.80,15.80,15.80,3000,47400.00
2017-04-27,15.80,15.80,15.80,15.80,4000,63200.00
2017-04-28,16.00,16.98,16.00,16.49,2000,32980.00
2017-05-03,16.49,16.49,16.49,16.49,5000,82450.00
2017-05-04,8.42,16.50,8.42,12.46,2000,24920.00
2017-05-05,16.50,16.50,12.50,12.50,109000,1366500.00
2017-05-08,15.00,15.00,8.25,8.25,5000,54750.00
2017-05-09,8.25,8.25,8.25,8.25,10000,82500.00
2017-05-11,16.40,16.46,16.40,16.45,17000,279620.00
2017-05-17,17.65,17.65,17.65,17.65,1000,17650.00
2017-05-18,17.65,18.01,17.65,17.97,11000,197660.00
2017-05-19,19.97,19.97,19.65,19.82,12000,237780.00
2017-05-22,19.80,19.80,18.80,18.80,7000,134670.00
2017-05-23,30.00,30.00,17.00,17.34,19000,483340.00
2017-05-24,17.90,30.00,17.90,17.90,14000,395800.00
2017-05-25,18.28,30.00,17.17,18.98,59000,1203590.00
2017-05-26,19.75,30.00,18.38,18.97,113000,2215680.00
2017-05-31,19.00,19.00,17.00,17.75,242000,4345450.00
2017-06-01,18.08,18.10,11.61,17.33,105000,1839380.00
2017-06-02,25.88,25.88,17.88,18.98,32000,607390.00
2018-04-20,7.02,7.02,6.60,6.60,53000,369120.00
2018-04-23,6.10,6.10,5.89,5.89,38000,227560.00
2018-04-24,5.31,5.31,5.20,5.27,17000,89130.00
2018-04-25,5.15,5.15,5.15,5.15,1000,5150.00
2018-04-26,4.78,4.78,4.55,4.55,9000,41410.00
2018-04-27,3.90,4.00,3.90,4.00,28000,110600.00
2018-05-02,3.51,3.51,3.51,3.51,5000,17550.00
2018-05-03,3.45,3.50,3.45,3.50,25000,86520.00
2018-05-07,3.70,3.70,3.51,3.51,11000,38800.00
2018-05-08,3.51,3.51,3.51,3.51,12000,42120.00
2018-05-10,3.60,3.60,3.60,3.60,1000,3600.00
2018-05-17,3.01,3.01,3.01,3.01,5000,15050.00
2018-05-18,3.60,3.60,3.60,3.60,4000,14400.00
2018-05-22,3.60,3.60,3.60,3.60,11000,39600.00
2018-05-24,3.60,3.60,3.60,3.60,3000,10800.00
2018-05-31,3.90,3.90,3.90,3.90,5000,19500.00
2018-06-27,3.90,3.90,3.90,3.90,2000,7800.00
2018-07-03,3.90,3.90,3.90,3.90,8000,31200.00
2018-07-06,3.70,3.70,3.70,3.70,4000,14800.00
2018-07-12,3.60,3.60,3.60,3.60,3000,10800.00
2018-12-04,3.00,3.00,3.00,3.00,7000,21000.00
2018-12-11,3.01,3.01,3.01,3.01,1000,3010.00
2019-03-18,3.01,3.01,3.01,3.01,2000,6020.00
2019-04-11,3.15,3.15,3.15,3.15,1000,3150.00
2019-04-12,3.10,3.10,3.10,3.10,3000,9300.00
2019-04-16,3.15,3.15,3.15,3.15,3000,9450.00
2019-04-23,3.15,3.15,3.15,3.15,1000,3150.00
2019-05-06,3.12,3.12,3.12,3.12,3000,9360.00
2019-06-06,4.50,4.50,4.50,4.50,1000,4500.00
2019-10-11,5.00,5.00,5.00,5.00,1000,5000.00
2019-11-13,5.00,5.00,4.88,4.88,4000,19760.00
2019-11-18,4.88,4.88,4.88,4.88,2000,9760.00
2019-11-20,4.88,4.88,4.87,4.87,3000,14620.00
2019-12-05,4.87,4.87,4.87,4.87,1000,4870.00
2019-12-26,4.87,4.87,4.87,4.87,108000,700920.00
2020-01-06,4.87,4.87,4.87,4.87,2000,9740.00
2020-01-16,6.00,6.00,6.00,6.00,1000,6000.00
2020-03-12,6.00,6.00,6.00,6.00,3000,18000.00
2020-03-25,5.18,5.18,5.00,5.00,46000,230900.00
2020-03-30,5.00,5.00,5.00,5.00,2000,10000.00
2020-05-11,6.00,6.00,6.00,6.00,2000,12000.00
2020-05-12,6.00,6.00,6.00,6.00,2000,12000.00
2020-05-13,6.00,6.80,6.00,6.80,29500,185000.00
2020-05-14,6.80,6.80,6.80,6.80,10000,68000.00
2020-05-18,6.80,6.80,6.80,6.80,6000,40800.00
2020-05-19,9.78,9.78,7.85,8.00,11800,94518.00
2020-05-21,8.00,8.00,8.00,8.00,6700,54336.00
2020-05-26,8.00,8.00,8.00,8.00,14300,114664.00
2020-05-28,8.00,8.00,8.00,8.00,100,800.00
2020-06-03,6.49,6.50,6.49,6.50,10800,70160.00
2020-06-04,6.50,6.50,6.50,6.50,20000,130000.00
2020-06-05,7.58,7.58,7.58,7.58,19200,146104.50
2020-06-15,7.71,8.00,7.71,8.00,5700,44997.00
2020-06-16,8.39,8.39,8.39,8.39,500,4195.00
2020-06-22,9.79,9.79,9.79,9.79,100,979.00
2020-06-24,9.91,10.00,9.91,10.00,200,1991.00
2020-07-01,10.00,10.00,10.00,10.00,8000,80000.00
2020-07-08,10.00,10.00,10.00,10.00,1000,10000.00
2020-07-13,15.00,15.00,14.99,14.99,3000,44980.00
2020-07-14,14.80,14.80,14.80,14.80,100,1480.00
2020-07-16,12.25,12.25,12.20,12.20,11000,134300.00
2020-07-28,12.00,12.00,12.00,12.00,11300,135600.00
2020-07-29,11.80,12.00,11.80,12.00,8000,95600.00
2020-08-06,12.50,12.50,12.50,12.50,400,5000.00
2020-08-10,12.39,12.39,12.39,12.39,1000,12390.00
2020-08-11,12.37,12.37,12.37,12.37,4000,49480.00
2020-09-16,12.08,12.08,12.08,12.08,200,2416.00
2020-09-17,12.08,12.08,12.08,12.08,1000,12080.00
2020-09-18,12.08,12.08,12.08,12.08,800,9664.00
2020-09-21,11.88,11.88,11.88,11.88,10500,124740.00
2020-09-22,12.00,12.00,12.00,12.00,2000,24000.00
2020-09-23,12.00,12.00,12.00,12.00,3100,36600.00
2021-07-05,8.95,8.97,8.68,8.70,2880300,25278048.00
2021-07-06,8.68,8.70,8.60,8.61,621000,5366745.00
2021-07-07,8.61,8.75,8.59,8.66,681400,5900302.00
2021-07-08,8.62,8.65,8.55,8.64,461100,3971141.50
2021-07-09,8.63,8.70,8.59,8.68,247800,2143735.00
2021-07-12,8.67,8.74,8.67,8.71,418400,3644020.25
2021-07-13,8.70,8.77,8.70,8.74,330100,2883703.50
2021-07-14,8.72,8.85,8.70,8.80,738900,6496299.50
2021-07-15,8.78,8.83,8.72,8.72,251100,2199549.75
2021-07-16,8.73,8.96,8.71,8.94,776900,6888167.00
2021-07-19,8.92,9.26,8.90,8.92,1401400,12745580.00
2021-07-20,8.81,8.82,8.70,8.74,441900,3865008.00
2021-07-21,8.72,8.80,8.66,8.74,198200,1723968.13
2021-07-22,8.74,8.76,8.67,8.68,147300,1282550.38
2021-07-23,8.69,8.73,8.64,8.68,132000,1144900.88
2021-07-26,8.68,8.70,8.59,8.70,265200,2297247.25
2021-07-27,8.63,8.70,8.61,8.70,304000,2636784.00
2021-07-28,8.63,8.70,8.55,8.62,399500,3461450.00
2021-07-29,8.64,8.74,8.61,8.70,401800,3491280.00
2021-07-30,8.63,8.76,8.63,8.72,150400,1313840.25
2021-08-02,8.67,8.72,8.55,8.70,365800,3172381.25
2021-08-03,8.69,8.70,8.58,8.58,118900,1030485.63
2021-08-04,8.61,8.67,8.57,8.65,41000,352227.88
2021-08-05,8.58,8.62,8.51,8.52,53600,458419.88
2021-08-06,8.51,8.58,8.51,8.52,42800,364926.53
2021-08-09,8.50,8.58,8.48,8.52,62000,527714.44
2021-08-10,8.51,8.53,8.49,8.52,69300,589138.63
2021-08-11,8.47,8.57,8.47,8.48,61200,519759.13
2021-08-12,8.52,8.62,8.52,8.60,117600,1008220.31
2021-08-13,8.55,8.64,8.54,8.59,73400,629224.00
2021-08-16,8.53,8.64,8.48,8.57,95300,815955.88
2021-08-17,8.54,8.61,8.45,8.49,82100,698327.50
2021-08-18,8.48,8.50,8.46,8.46,31000,263159.88
2021-08-19,8.47,8.54,8.46,8.46,26700,226387.91
2021-08-20,8.45,8.53,8.43,8.49,49600,420489.53
2021-08-23,8.52,8.55,8.42,8.45,149100,1266469.75
2021-08-24,8.44,8.49,8.43,8.48,33600,284220.59
2021-08-25,8.43,8.45,8.29,8.36,88200,737679.25
2021-08-26,8.38,8.38,7.97,8.03,172300,1398666.63
2021-08-27,7.99,8.10,7.41,7.51,242700,1845066.25
2021-08-30,7.00,7.00,6.63,6.74,507200,3430719.25
2021-08-31,6.75,6.75,6.60,6.72,200900,1338284.13
2021-09-01,6.72,6.76,6.67,6.72,164800,1107022.50
2021-09-02,6.72,7.07,6.64,7.03,174900,1204039.50
2021-09-03,7.82,8.00,7.51,7.90,837400,6496106.00
2021-09-06,7.93,10.27,7.93,9.60,3366200,31416540.00
2021-09-07,9.80,10.15,9.16,9.35,993100,9449136.00
2021-09-08,9.52,9.85,9.23,9.85,1102300,10630088.00
2021-09-09,10.00,11.90,9.87,11.89,1803500,19516894.00
2021-09-10,12.55,13.68,11.51,13.60,1790600,22320936.00
2021-09-13,13.18,13.19,11.60,12.45,1482400,18202108.00
2021-09-14,12.09,12.60,10.67,10.80,943000,10686216.00
2021-09-15,10.85,11.11,10.01,10.29,638400,6691879.00
2021-09-16,10.50,10.50,9.78,9.78,296500,2971041.25
2021-09-17,9.68,10.46,9.66,10.33,897900,9144940.00
2021-09-22,11.25,11.83,11.00,11.69,1508000,17159120.00
2021-09-23,11.69,11.69,10.65,10.79,671400,7418773.50
2021-09-24,10.83,11.20,10.61,10.82,463500,5034619.50
2021-09-27,10.96,10.96,10.20,10.44,265200,2794273.50
2021-09-28,10.44,10.70,10.43,10.51,127000,1345050.75
2021-09-29,10.18,10.40,9.91,10.05,265800,2704642.00
2021-09-30,10.77,11.17,10.18,10.62,537400,5782611.50
2021-10-08,10.80,10.87,10.41,10.63,213700,2259345.25
2021-10-11,10.63,10.75,10.41,10.63,178600,1875078.38
2021-10-12,10.53,10.58,10.00,10.50,220300,2298954.25
2021-10-13,10.59,10.93,10.52,10.75,331800,3565311.75
2021-10-14,10.75,10.85,10.50,10.61,162900,1729750.88
2021-10-15,10.71,10.71,10.53,10.67,79400,844147.75
2021-10-18,10.10,10.62,10.08,10.62,153200,1616719.50
2021-10-19,10.60,10.60,10.48,10.48,68300,718397.31
2021-10-20,10.42,10.67,10.42,10.55,94200,988930.19
2021-10-21,10.55,10.57,10.27,10.38,174900,1814237.88
2021-10-22,10.30,10.33,10.13,10.33,143100,1459296.50
2021-10-25,10.20,10.20,10.00,10.03,83700,843796.50
2021-10-26,10.03,10.21,9.31,9.40,433100,4175164.50
2021-10-27,9.46,9.83,9.01,9.16,130600,1209494.50
2021-10-28,9.01,9.02,8.40,8.55,309700,2692892.00
2021-10-29,8.79,8.90,8.58,8.87,300700,2652748.00
2021-11-01,9.50,10.76,9.29,10.50,950500,9715159.00
2021-11-02,10.70,10.78,10.27,10.52,545100,5705995.50
2021-11-03,10.51,10.89,10.51,10.77,250500,2664640.50
2021-11-04,10.77,11.69,10.53,11.63,551800,6271093.50
2021-11-05,11.90,11.90,11.38,11.77,273300,3182344.50
2021-11-08,11.80,12.54,11.78,12.41,410700,5071328.00
2021-11-09,12.40,12.86,12.05,12.60,418700,5246279.00
2021-11-10,12.59,13.14,12.31,12.91,374600,4745766.50
2021-11-11,13.35,13.66,12.89,13.61,679100,9027815.00
2021-11-12,13.70,13.77,13.12,13.16,551600,7393158.00
2021-11-15,13.05,13.58,11.30,11.79,1679200,20622436.00
2021-11-16,11.78,11.97,10.80,11.02,711800,7999972.50
2021-11-17,11.30,11.39,10.85,11.15,537400,5959479.00
2021-11-18,11.12,11.15,10.70,11.04,424400,4636538.00
2021-11-19,11.05,11.05,10.79,11.00,253400,2760660.75
2021-11-22,10.99,11.10,10.89,10.89,249200,2733164.00
2021-11-23,11.09,11.17,10.81,10.96,555400,6113315.00
2021-11-24,10.90,10.92,10.75,10.75,440800,4767224.00
2021-11-25,10.75,10.75,10.52,10.57,253400,2694460.75
2021-11-26,10.51,10.60,10.27,10.29,293000,3043875.50
2021-11-29,10.10,10.37,10.08,10.21,218900,2225589.75
2021-11-30,10.20,10.26,9.91,10.00,245700,2469443.25
2021-12-01,9.95,10.03,9.85,9.90,262200,2600443.75
2021-12-02,9.91,9.98,9.89,9.90,150200,1491427.13
2021-12-03,9.90,9.90,9.69,9.69,163800,1602891.50
2021-12-06,9.61,9.61,9.14,9.24,406000,3779316.00
2021-12-07,9.39,9.39,8.95,9.08,167100,1517551.75
2021-12-08,9.17,9.27,9.10,9.20,90700,831791.25
2021-12-09,9.26,9.30,9.16,9.26,91700,848512.13
2021-12-10,9.20,9.43,9.20,9.39,78500,731977.06
2021-12-13,9.45,9.53,9.29,9.53,124800,1179040.13
2021-12-14,9.54,9.89,9.54,9.85,351200,3438428.00
2021-12-15,9.85,9.92,9.70,9.72,80400,785574.75
2021-12-16,9.72,9.86,9.61,9.63,130000,1262643.75
2021-12-17,9.65,9.66,9.51,9.53,97300,928595.00
2021-12-20,9.41,9.64,9.31,9.53,137800,1309382.13
2021-12-21,9.53,9.67,9.40,9.56,36700,350176.00
2021-12-22,9.37,9.64,9.37,9.56,65600,623084.06
2021-12-23,9.45,9.45,9.00,9.19,219300,2014125.38
2021-12-24,9.20,9.20,8.99,9.00,153200,1384889.75
2021-12-27,8.96,9.15,8.96,9.15,77200,702899.94
2021-12-28,9.28,9.33,9.09,9.25,126800,1176203.25
2021-12-29,9.34,9.41,9.27,9.36,86800,812283.81
2021-12-30,9.52,9.75,9.45,9.70,257700,2483303.00
2021-12-31,9.93,10.40,9.80,10.14,793400,8037510.00
2022-01-04,10.16,10.18,9.81,9.96,325000,3228405.00
2022-01-05,10.16,10.16,9.83,10.05,288000,2878734.00
2022-01-06,9.91,10.19,9.91,9.99,202400,2023285.88
2022-01-07,9.99,9.99,9.70,9.89,207600,2043621.25
2022-01-10,9.80,9.93,9.80,9.88,47680,471600.91
2022-01-11,9.90,10.01,9.80,9.81,214074,2127827.75
2022-01-12,9.71,9.80,9.67,9.69,183585,1783103.75
2022-01-13,9.76,9.76,9.55,9.55,94556,911404.63
2022-01-14,9.51,9.64,9.00,9.00,899920,8250773.50
2022-01-17,9.00,9.29,8.91,9.21,537687,4941025.00
2022-01-18,9.19,9.30,9.16,9.19,321563,2969679.50
2022-01-19,9.15,9.29,9.10,9.18,213476,1954253.25
2022-01-20,9.18,9.46,9.18,9.37,983379,9142547.00
2022-01-21,9.36,9.36,9.22,9.30,403449,3748422.50
2022-01-24,9.23,9.38,9.06,9.09,326742,2991510.50
2022-01-25,9.05,9.05,8.70,8.73,333482,2942790.50
2022-01-26,8.74,8.95,8.65,8.78,145296,1268806.00
2022-01-27,8.70,8.70,8.59,8.59,94844,818912.06
2022-01-28,8.69,8.69,8.55,8.58,149189,1285366.63
2022-02-07,8.60,8.77,8.60,8.75,117198,1019260.25
2022-02-08,8.75,8.82,8.74,8.81,172153,1512392.50
2022-02-09,8.82,8.91,8.79,8.88,221586,1964468.38
2022-02-10,8.82,8.95,8.78,8.85,127571,1126973.63
2022-02-11,8.77,8.77,8.52,8.58,296389,2553527.25
2022-02-14,8.61,8.63,8.50,8.55,46922,401128.88
2022-02-15,8.58,8.70,8.56,8.63,14538,125189.10
2022-02-16,8.69,8.69,8.48,8.59,102581,873772.31
2022-02-17,8.55,8.56,8.45,8.50,47151,401321.88
2022-02-18,8.58,8.58,8.45,8.49,50674,429266.59
2022-02-21,8.56,8.56,8.30,8.34,184223,1549833.38
2022-02-22,8.34,8.34,8.10,8.18,150540,1231881.50
2022-02-23,8.16,8.22,8.10,8.19,178503,1460140.13
2022-02-24,8.20,8.25,7.88,8.00,153423,1229770.63
2022-02-25,8.06,8.09,8.00,8.02,34003,274105.00
2022-02-28,7.85,7.85,7.60,7.67,418899,3214261.00
2022-03-01,7.55,7.67,7.47,7.56,299454,2255703.25
2022-03-02,7.51,7.60,7.46,7.56,176922,1326774.00
2022-03-03,7.62,7.62,7.48,7.55,145320,1098938.25
2022-03-04,7.62,7.62,7.45,7.46,113348,850874.56
2022-03-07,7.46,7.47,7.25,7.25,105383,770761.50
2022-03-08,7.24,7.37,7.02,7.02,71512,511736.63
2022-03-09,7.27,7.27,6.75,6.89,175380,1208276.50
2022-03-10,6.95,7.14,6.93,6.94,57568,406795.38
2022-03-11,6.81,7.00,6.59,6.81,151462,1012259.25
2022-03-14,6.80,6.80,6.60,6.61,77074,514216.94
2022-03-15,6.57,6.66,6.32,6.32,125469,820714.69
2022-03-16,6.59,6.60,6.16,6.34,108900,692237.44
2022-03-17,6.59,6.93,6.40,6.65,378344,2542150.50
2022-03-18,6.44,6.78,6.44,6.71,145465,973943.06
2022-03-21,6.93,6.93,6.62,6.70,84203,567348.13
2022-03-22,6.62,6.76,6.62,6.72,65287,437258.22
2022-03-23,6.68,6.73,6.50,6.63,161989,1068713.38
2022-03-24,6.53,6.55,6.40,6.49,142676,919353.94
2022-03-25,6.39,6.47,6.39,6.42,77233,496142.78
2022-03-28,6.49,6.49,6.30,6.32,53657,341300.25
2022-03-29,6.39,6.44,6.20,6.33,154172,972429.13
2022-03-30,6.35,6.36,6.30,6.33,81975,518762.22
2022-03-31,6.32,6.32,6.24,6.26,89095,559980.50
2022-04-01,6.32,6.49,6.25,6.44,141316,902972.25
2022-04-06,6.45,6.45,6.37,6.44,43318,278223.84
2022-04-07,6.43,6.44,6.30,6.35,65221,414264.75
2022-04-08,6.39,6.39,6.22,6.30,93172,584529.75
2022-04-11,6.38,6.38,6.10,6.23,59643,370011.28
2022-04-12,6.15,6.23,6.12,6.21,25791,159051.31
2022-04-13,6.12,6.21,6.12,6.16,28712,177337.80
2022-04-14,6.17,6.17,6.12,6.13,56846,348792.78
2022-04-15,6.14,6.14,6.00,6.08,45400,274947.16
2022-04-18,6.01,6.05,5.91,6.05,30800,183205.83
2022-04-19,6.07,6.11,6.00,6.06,20400,122963.68
2022-04-20,6.05,6.05,5.95,5.95,9501,57034.92
2022-04-21,5.89,5.98,5.82,5.85,95721,562786.19
2022-04-22,5.85,5.89,5.73,5.87,69282,402351.28
2022-04-25,5.73,5.79,5.48,5.64,100281,563580.13
2022-04-26,5.65,5.72,5.51,5.66,380223,1600978.38
2022-04-27,5.69,5.69,5.46,5.63,73592,407958.25
2022-04-28,5.46,5.58,5.41,5.51,46267,253967.30
2022-04-29,5.47,5.65,5.45,5.65,97791,547012.50
2022-05-05,5.69,5.75,5.59,5.66,56351,316946.72
2022-05-06,5.79,5.79,5.55,5.61,46402,259724.75
2022-05-09,5.75,5.75,5.59,5.59,47223,265765.03
2022-05-10,5.59,5.65,5.55,5.61,85304,476203.13
2022-05-11,5.68,5.75,5.61,5.61,96960,552788.44
2022-05-12,5.56,5.67,5.56,5.58,64536,360305.13
2022-05-13,5.69,6.19,5.58,6.00,562881,3332231.50
2022-05-16,5.98,6.05,5.82,5.99,307655,1826254.38
2022-05-17,6.00,6.00,5.86,6.00,112046,665044.44
2022-05-18,6.02,6.02,5.87,5.99,43125,255898.75
2022-05-19,5.83,5.94,5.83,5.92,172059,1005588.50
2022-05-20,5.96,5.96,5.84,5.96,115308,682747.88
2022-05-23,5.83,5.93,5.83,5.89,93818,553728.19
2022-05-24,5.78,6.03,5.68,5.69,127964,740566.25
2022-05-25,5.69,5.83,5.61,5.72,64802,368795.94
2022-05-26,5.87,5.87,5.71,5.78,59687,345135.59
2022-05-27,5.69,5.80,5.69,5.78,58444,335864.56
2022-05-30,5.72,5.94,5.71,5.81,20300,118054.00
2022-05-31,5.69,5.81,5.57,5.81,117023,662509.00
2022-06-01,5.70,5.84,5.68,5.84,297468,1725021.13
2022-06-02,5.86,5.96,5.72,5.93,74134,432736.13
2022-06-06,5.91,5.92,5.86,5.91,122762,723874.56
2022-06-07,5.86,5.94,5.80,5.86,217041,1270116.63
2022-06-08,5.86,5.90,5.80,5.86,84169,494195.44
2022-06-09,5.86,5.89,5.77,5.84,134540,781861.13
2022-06-10,5.86,5.98,5.77,5.90,192643,1136848.00
2022-06-13,5.87,5.94,5.83,5.92,56700,334691.81
2022-06-14,5.86,5.87,5.80,5.87,74247,431626.59
2022-06-15,5.91,5.92,5.81,5.91,101653,599895.50
2022-06-16,5.85,5.96,5.85,5.95,191101,1131145.63
2022-06-17,5.93,5.95,5.87,5.95,37581,221691.02
2022-06-20,5.88,5.91,5.88,5.91,9814,57837.69
2022-06-21,5.92,5.97,5.88,5.92,38146,225145.31
2022-06-22,5.93,5.93,5.89,5.90,44418,262122.45
2022-06-23,5.96,5.96,5.85,5.90,125607,737474.50
2022-06-24,5.87,6.11,5.87,6.04,360644,1652350.88
2022-06-27,5.98,6.07,5.98,6.05,375868,2266384.00
2022-06-28,6.00,6.34,5.98,6.30,269464,1678177.38
2022-06-29,6.19,6.41,6.19,6.35,101058,638420.25
2022-06-30,6.38,6.39,6.17,6.29,164186,1021559.94
2022-07-01,6.13,6.26,6.11,6.23,19467,119757.57
2022-07-04,6.22,6.22,6.02,6.16,51400,312158.00
2022-07-05,6.06,6.15,6.00,6.14,60067,362249.59
2022-07-06,6.01,6.14,6.00,6.14,74100,445092.78
2022-07-07,6.17,6.17,6.00,6.13,23200,139944.00
2022-07-08,6.02,6.17,6.02,6.10,37821,228314.98
2022-07-11,6.07,6.14,6.00,6.08,14321,86222.94
2022-07-12,5.97,6.12,5.96,5.96,58816,353029.88
2022-07-13,5.97,6.06,5.96,6.04,19331,115656.44
2022-07-14,5.97,6.02,5.96,5.96,37467,224049.44
2022-07-15,5.95,5.96,5.71,5.93,86431,505374.03
2022-07-18,5.92,5.93,5.81,5.93,23395,137876.16
2022-07-19,5.90,5.93,5.87,5.90,15409,90643.10
2022-07-20,5.90,5.97,5.89,5.94,70239,415018.69
2022-07-21,5.94,5.99,5.85,5.85,104904,617716.56
2022-07-22,5.85,5.90,5.82,5.84,29031,169474.91
2022-07-25,5.78,5.86,5.77,5.85,13058,75585.23
2022-07-26,5.80,5.88,5.80,5.87,17074,99975.66
2022-07-27,5.84,5.98,5.82,5.88,139289,822362.94
2022-07-28,5.90,5.90,5.86,5.89,17900,105401.00
2022-07-29,5.96,5.96,5.83,5.88,58588,344064.81
2022-08-01,5.83,5.90,5.83,5.88,61937,362155.44
2022-08-02,5.78,5.86,5.50,5.65,75226,424815.25
2022-08-03,5.71,5.71,5.58,5.68,29045,163003.34
2022-08-04,5.61,5.70,5.60,5.70,83022,465346.81
2022-08-05,5.68,5.72,5.57,5.69,13681,77411.89
2022-08-08,5.70,5.70,5.63,5.69,12000,68210.72
2022-08-09,5.60,5.72,5.60,5.71,46644,262778.19
2022-08-10,5.66,5.79,5.65,5.77,143477,813007.13
2022-08-11,5.77,5.87,5.72,5.87,135172,780053.56
2022-08-12,5.87,5.89,5.75,5.89,104978,610625.13
2022-08-15,5.88,5.88,5.70,5.79,52345,304095.56
2022-08-16,5.87,5.87,5.70,5.83,34400,199245.20
2022-08-17,5.85,5.86,5.73,5.85,285440,1645412.50
2022-08-18,5.83,5.85,5.76,5.81,102886,596655.81
2022-08-19,5.84,5.84,5.70,5.73,50419,289654.81
2022-08-22,5.71,5.79,5.68,5.77,51100,291540.13
2022-08-23,5.69,5.79,5.69,5.78,63654,364668.91
2022-08-24,5.78,5.78,5.62,5.75,45300,257659.05
2022-08-25,5.75,5.75,5.57,5.73,66562,374473.94
2022-08-26,5.72,5.88,5.67,5.83,211811,1219423.38
2022-08-29,5.67,5.86,5.67,5.86,27885,162288.86
2022-08-30,5.90,5.90,5.80,5.89,9061,52984.80
2022-08-31,5.91,5.97,5.80,5.96,74597,440627.31
2022-09-01,5.96,5.96,5.85,5.92,21398,126734.84
2022-09-02,5.82,5.98,5.82,5.95,7100,42138.00
2022-09-05,5.97,5.97,5.88,5.95,38720,229596.02
2022-09-06,5.96,6.00,5.90,5.93,29477,176020.38
2022-09-07,5.98,5.99,5.94,5.97,20000,119321.00
2022-09-08,5.91,5.96,5.90,5.96,27966,165892.36
2022-09-09,5.92,5.95,5.87,5.94,34520,203685.47
2022-09-13,5.96,5.98,5.94,5.95,67002,399362.28
2022-09-14,5.92,5.98,5.92,5.94,41027,244348.50
2022-09-15,5.96,5.97,5.88,5.93,131847,778356.44
2022-09-16,5.71,6.35,5.70,6.19,564411,3437026.25
2022-09-19,6.20,6.22,6.00,6.11,178539,1093710.50
2022-09-20,6.06,6.45,6.06,6.38,459789,2884946.25
2022-09-21,6.30,6.92,6.30,6.78,1056816,7084896.50
2022-09-22,6.79,7.31,6.70,6.70,912627,6337622.50
2022-09-23,6.68,6.68,6.26,6.36,501137,3205185.75
2022-09-26,6.29,6.53,6.20,6.20,210303,1339988.50
2022-09-27,6.16,6.26,6.10,6.19,162817,1005572.19
2022-09-28,6.29,6.29,6.08,6.16,298627,1842548.75
2022-09-29,6.16,6.16,5.90,5.98,267525,1604614.00
2022-09-30,5.94,5.98,5.83,5.88,117808,694812.19
2022-10-10,5.90,5.90,5.65,5.78,220886,1261866.38
2022-10-11,5.69,5.88,5.68,5.87,113721,658120.31
2022-10-12,5.87,5.91,5.79,5.89,101028,589608.13
2022-10-13,5.80,5.96,5.80,5.96,125196,737403.63
2022-10-14,5.97,6.05,5.96,6.03,91117,547303.38
2022-10-17,5.98,6.05,5.80,6.03,59771,355602.34
2022-10-18,5.95,6.06,5.95,6.06,52379,315937.13
2022-10-19,6.09,6.09,5.95,6.02,69278,417716.47
2022-10-20,6.05,6.05,5.98,6.03,42848,257632.11
2022-10-21,6.06,6.06,5.96,6.06,40800,244512.00
2022-10-24,6.10,6.10,5.91,6.04,59370,356096.72
2022-10-25,6.02,6.02,5.91,5.97,95129,563887.88
2022-10-26,6.03,6.13,6.02,6.09,201180,1217219.25
2022-10-27,6.20,6.20,6.03,6.07,171402,1043035.19
2022-10-28,6.00,6.08,5.92,6.01,148427,888523.00
2022-10-31,6.07,6.13,6.00,6.09,162883,985721.63
2022-11-01,6.14,6.19,6.11,6.19,49972,307028.69
2022-11-02,6.25,6.30,6.16,6.29,106448,663312.63
2022-11-03,6.21,6.39,6.21,6.39,113885,719555.13
2022-11-04,6.40,6.49,6.37,6.40,90307,579391.50
2022-11-07,6.41,6.60,6.41,6.55,212340,1383877.88
2022-11-08,6.64,6.64,6.34,6.49,129806,838553.13
2022-11-09,6.35,6.52,6.35,6.41,75550,490343.50
2022-11-10,6.42,6.54,6.34,6.48,104183,672051.88
2022-11-11,6.51,6.55,6.49,6.55,118976,776607.44
2022-11-14,6.62,6.63,6.45,6.58,199619,1316613.63
2022-11-15,6.57,6.73,6.57,6.65,79685,528546.13
2022-11-16,6.74,6.74,6.57,6.69,130363,870608.13
2022-11-17,6.68,6.72,6.38,6.67,65666,436341.91
2022-11-18,6.37,6.75,6.37,6.71,84681,567467.69
2022-11-21,6.79,6.90,6.67,6.88,136212,931317.88
2022-11-22,6.92,6.95,6.73,6.82,94900,649894.06
2022-11-23,6.68,6.91,6.68,6.88,29600,202566.33
2022-11-24,6.90,6.91,6.81,6.85,39433,270393.38
2022-11-25,6.58,6.90,6.58,6.88,44583,305512.63
2022-11-28,6.85,6.88,6.71,6.80,85468,576173.06
2022-11-29,6.72,6.96,6.68,6.87,83100,568005.00
2022-11-30,6.87,6.96,6.83,6.92,52417,361817.38
2022-12-01,6.92,6.99,6.71,6.80,138901,955176.00
2022-12-02,6.85,6.88,6.76,6.84,96990,662016.94
2022-12-05,6.85,6.88,6.80,6.80,40900,279696.47
2022-12-06,6.59,6.88,6.58,6.75,66595,452239.09
2022-12-07,6.72,6.87,6.72,6.75,110017,750288.94
2022-12-08,6.80,6.85,6.67,6.80,98362,667604.31
2022-12-09,6.87,6.93,6.79,6.86,66171,454887.50
2022-12-12,6.88,6.88,6.68,6.84,70841,480241.16
2022-12-13,6.83,6.84,6.70,6.75,17800,120023.92
2022-12-14,6.71,6.82,6.62,6.66,72665,485690.00
2022-12-15,6.60,6.70,6.45,6.48,95225,622503.63
2022-12-16,6.44,6.54,6.42,6.47,165493,1071787.25
2022-12-19,6.45,6.50,6.39,6.47,15820,102249.80
2022-12-20,6.52,6.52,6.33,6.47,31800,202725.00
2022-12-21,6.51,6.53,6.33,6.45,115051,744050.56
2022-12-22,6.48,6.48,6.28,6.42,102980,661597.06
2022-12-23,6.31,6.40,6.08,6.16,48981,303743.47
2022-12-26,6.07,6.20,6.07,6.08,75000,456962.59
2022-12-27,6.08,6.10,6.00,6.07,37551,227168.39
2022-12-28,6.10,6.10,6.00,6.05,24086,145216.73
2022-12-29,6.04,6.07,5.94,6.06,34626,206992.44
2022-12-30,5.98,6.07,5.90,6.04,9486,56166.52
2023-01-03,6.04,6.04,5.94,6.00,43152,259972.88
2023-01-04,6.04,6.06,5.92,6.03,94422,562778.63
2023-01-05,5.93,6.02,5.93,6.00,81400,483865.00
2023-01-06,5.95,5.98,5.86,5.90,36700,216581.00
2023-01-09,5.90,5.94,5.90,5.93,13520,79849.40
2023-01-10,5.91,5.95,5.91,5.94,9438,55968.96
2023-01-11,5.91,5.95,5.90,5.95,77323,458806.69
2023-01-12,5.95,5.98,5.91,5.93,17500,103751.00
2023-01-13,5.94,5.95,5.92,5.95,23785,141088.20
2023-01-16,5.95,5.97,5.95,5.97,21360,127367.64
2023-01-17,5.92,5.99,5.92,5.94,206760,1229962.88
2023-01-18,5.94,6.16,5.92,6.09,193127,1162689.38
2023-01-19,6.03,6.36,6.02,6.34,167956,1045772.69
2023-01-20,6.42,6.42,6.19,6.34,73516,459654.56
2023-01-30,6.28,6.44,6.20,6.34,30496,191202.08
2023-01-31,6.37,6.58,6.37,6.58,230468,1496890.88
2023-02-01,6.62,6.76,6.48,6.57,200113,1308884.13
2023-02-02,6.58,6.59,6.45,6.50,170447,1112723.75
2023-02-03,6.45,6.53,6.41,6.48,45492,292948.75
2023-02-06,6.35,6.46,6.34,6.40,15239,97449.26
2023-02-07,6.47,6.47,6.37,6.43,20555,131734.66
2023-02-08,6.35,6.40,6.35,6.40,9300,59170.00
2023-02-09,6.37,6.44,6.36,6.42,36212,232174.69
2023-02-10,6.37,6.45,6.36,6.44,19501,124476.38
2023-02-13,6.44,6.46,6.38,6.46,36579,234752.80
2023-02-14,6.38,6.46,6.38,6.46,24010,154388.16
2023-02-15,6.38,6.44,6.37,6.41,47474,303033.56
2023-02-16,6.34,6.42,6.33,6.33,57733,366874.84
2023-02-17,6.35,6.38,6.28,6.33,14139,89558.25
2023-02-20,6.27,6.35,6.27,6.35,89919,570473.44
2023-02-21,6.31,6.37,6.27,6.33,8177,51830.37
2023-02-22,6.25,6.35,6.25,6.35,28205,177702.34
2023-02-23,6.35,6.35,6.26,6.33,23122,145687.72
2023-02-24,6.26,6.32,6.20,6.32,58500,364340.59
2023-02-27,6.32,6.33,6.22,6.23,49471,312650.84
2023-02-28,6.31,6.31,6.22,6.29,20527,127948.84
2023-03-01,6.22,6.30,6.22,6.28,20212,125985.64
2023-03-02,6.29,6.29,6.23,6.26,8844,55361.44
2023-03-03,6.35,6.35,6.23,6.28,9656,60298.44
2023-03-06,6.23,6.26,6.08,6.24,95874,590875.50
2023-03-07,6.13,6.18,6.10,6.12,40244,246582.16
2023-03-08,6.07,6.11,6.05,6.05,63000,382103.00
2023-03-09,6.06,6.10,6.04,6.05,22766,137883.02
2023-03-10,6.04,6.06,5.99,6.02,24700,148361.27
2023-03-13,6.06,6.13,5.93,5.94,84644,504220.75
2023-03-14,5.98,5.98,5.87,5.89,57066,336844.59
2023-03-15,5.94,5.95,5.91,5.91,23900,141500.88
2023-03-16,6.08,6.08,5.91,5.91,13500,80094.00
2023-03-17,5.94,5.98,5.92,5.95,16439,97687.17
2023-03-20,5.92,6.00,5.92,5.94,39919,238636.48
2023-03-21,5.93,5.97,5.92,5.97,18434,109549.28
2023-03-22,6.04,6.04,5.97,6.00,9600,57661.00
2023-03-23,5.99,6.02,5.97,6.02,8400,50209.00
2023-03-24,5.98,6.03,5.97,6.03,32100,192502.00
2023-03-27,5.95,6.02,5.95,6.02,7300,43574.00
2023-03-28,5.95,5.97,5.95,5.97,300,1788.00
2023-03-29,5.88,6.02,5.88,5.91,7706,45766.12
2023-03-30,5.87,5.95,5.87,5.93,23288,137204.69
2023-03-31,5.91,5.97,5.91,5.97,12500,74505.00
2023-04-03,5.92,5.95,5.90,5.95,17400,102879.00
2023-04-04,5.91,5.93,5.90,5.91,6500,38404.00
2023-04-06,5.95,5.97,5.89,5.90,60109,355769.63
2023-04-07,5.92,5.94,5.92,5.94,232,1375.44
2023-04-10,5.94,5.94,5.82,5.91,25400,149296.00
2023-04-11,5.91,5.91,5.86,5.90,14339,84348.52
2023-04-12,5.85,5.93,5.85,5.90,12244,72312.92
2023-04-13,5.87,5.92,5.87,5.88,18191,107024.29
2023-04-14,5.92,5.92,5.85,5.90,17734,104094.90
2023-04-17,5.87,5.90,5.86,5.89,6311,37192.57
2023-04-18,5.87,5.89,5.86,5.86,17747,104016.49
2023-04-19,5.85,5.85,5.81,5.84,21388,124855.23
2023-04-20,5.81,5.85,5.81,5.85,28427,165201.91
2023-04-21,5.96,5.96,5.78,5.78,37357,216842.77
2023-04-24,5.78,5.78,5.74,5.77,34743,200043.59
2023-04-25,5.76,5.76,5.70,5.71,19143,109475.74
2023-04-26,5.75,5.84,5.74,5.79,10400,60312.00
2023-04-27,5.81,5.82,5.75,5.75,8605,49748.41
2023-04-28,5.79,5.85,5.76,5.83,44522,257216.72
2023-05-04,5.80,5.87,5.74,5.87,38508,223954.95
2023-05-05,5.86,6.06,5.80,6.02,66569,396710.47
2023-05-08,6.05,6.18,6.04,6.18,164251,1003222.81
2023-05-09,6.10,6.15,6.03,6.03,35260,214083.08
2023-05-10,6.03,6.04,6.03,6.04,5900,35578.00
2023-05-11,6.08,6.15,6.08,6.09,21100,129081.42
2023-05-12,6.12,6.13,6.12,6.12,5100,31242.00
2023-05-15,6.16,6.87,6.16,6.34,327911,2077616.00
2023-05-16,6.47,6.48,6.10,6.23,189057,1165884.63
2023-05-17,6.12,6.28,6.10,6.13,56000,343338.84
2023-05-18,6.21,6.21,6.13,6.17,44800,276389.00
2023-05-19,6.15,6.18,6.03,6.15,131862,800429.63
2023-05-22,6.16,6.16,6.11,6.14,19710,120683.05
2023-05-23,6.13,6.17,6.09,6.17,30201,185739.67
2023-05-24,6.13,6.16,6.13,6.13,30600,188053.00
2023-05-25,6.11,6.15,6.11,6.13,23700,145081.00
2023-05-26,6.14,6.17,6.13,6.13,11000,67664.00
2023-05-29,6.15,6.15,6.15,6.15,8300,51045.00
2023-05-30,6.19,6.19,6.09,6.15,2200,13533.00
2023-05-31,6.14,6.14,6.05,6.09,9900,60234.00
2023-06-01,6.11,6.13,6.06,6.06,13900,84592.00
2023-06-02,6.12,6.12,6.09,6.10,6728,41126.08
2023-06-05,6.08,6.12,6.08,6.12,11200,68206.00
2023-06-06,6.06,6.09,6.04,6.09,14600,88479.00
2023-06-07,6.09,6.09,6.03,6.04,36299,219309.92
2023-06-08,6.10,6.10,6.06,6.09,5879,35748.11
2023-06-09,5.80,5.84,5.79,5.84,8652,50313.36
2023-06-12,5.85,5.85,5.78,5.84,3200,18560.00
2023-06-13,5.75,5.86,5.75,5.84,10697,62157.89
2023-06-14,5.78,5.81,5.78,5.79,8600,49753.00
2023-06-15,5.79,5.81,5.77,5.79,9100,52748.00
2023-06-16,5.82,5.82,5.74,5.81,16979,97822.03
2023-06-19,5.74,5.78,5.73,5.78,7783,44651.59
2023-06-20,5.76,5.76,5.76,5.76,100,576.00
2023-06-21,5.72,5.83,5.70,5.83,9532,55103.38
2023-06-26,5.70,5.81,5.70,5.79,6282,36009.82
2023-06-27,5.80,5.80,5.69,5.76,3600,20687.00
2023-06-28,5.70,5.75,5.68,5.75,4900,28067.00
2023-06-29,5.75,5.81,5.75,5.76,45547,262066.73
2023-06-30,5.72,5.93,5.72,5.80,66165,384008.91
2023-07-03,5.78,5.85,5.75,5.78,37412,216341.30
2023-07-04,5.78,5.84,5.75,5.83,46981,271128.31
2023-07-05,5.82,5.85,5.80,5.82,66800,389416.00
2023-07-06,5.84,5.86,5.76,5.83,31322,181624.42
2023-07-07,5.77,5.82,5.75,5.82,32585,187859.84
2023-07-10,5.81,5.82,5.79,5.82,9143,53138.97
2023-07-11,5.81,5.82,5.80,5.82,8400,48746.00
2023-07-12,5.81,5.81,5.78,5.81,2800,16265.00
2023-07-13,5.79,5.81,5.76,5.81,15175,87525.00
2023-07-14,5.78,5.82,5.78,5.82,14044,81431.08
2023-07-17,5.82,5.82,5.81,5.81,3473,20205.13
2023-07-18,5.75,5.85,5.75,5.85,11644,67366.69
2023-07-19,5.82,5.82,5.78,5.82,30888,179636.89
2023-07-20,5.78,5.82,5.75,5.81,17559,101129.79
2023-07-21,5.75,5.81,5.75,5.81,3900,22539.00
2023-07-24,5.76,5.78,5.75,5.77,4000,23034.00
2023-07-25,5.80,5.83,5.78,5.83,38833,226024.31
2023-07-26,5.87,5.87,5.78,5.83,19092,111054.20
2023-07-27,5.85,5.85,5.78,5.80,15159,88155.02
2023-07-28,5.83,5.83,5.75,5.81,36071,208180.95
2023-07-31,5.84,5.84,5.81,5.82,15463,90099.29
2023-08-01,5.82,5.84,5.81,5.83,25001,145613.81
2023-08-02,5.83,5.83,5.75,5.83,29760,171747.00
2023-08-03,5.82,5.84,5.77,5.84,39852,231890.34
2023-08-04,5.85,5.86,5.81,5.85,25941,151231.63
2023-08-07,5.79,5.83,5.79,5.81,4200,24373.00
2023-08-08,5.82,5.82,5.77,5.82,1100,6386.00
2023-08-09,5.82,5.82,5.77,5.82,3100,17966.00
2023-08-10,5.78,5.82,5.77,5.82,9500,55010.00
2023-08-11,5.77,5.80,5.75,5.75,14500,83602.00
2023-08-14,5.76,5.76,5.72,5.76,10401,59647.72
2023-08-15,5.73,5.77,5.73,5.77,10200,58850.00
2023-08-16,5.73,5.77,5.72,5.77,13040,74681.80
2023-08-17,5.73,5.77,5.73,5.77,7100,40761.70
2023-08-18,5.77,5.77,5.71,5.73,36145,207211.81
2023-08-21,5.81,5.81,5.74,5.74,300,1729.00
2023-08-22,5.85,5.85,5.71,5.75,800,4587.00
2023-08-23,5.67,5.74,5.66,5.74,13000,73629.00
2023-08-24,5.62,5.82,5.61,5.74,29261,166695.20
2023-08-25,5.60,5.76,5.60,5.72,21071,118061.44
2023-08-28,5.81,5.88,5.64,5.66,35562,204180.30
2023-08-29,5.67,5.67,5.60,5.66,23726,134114.66
2023-08-30,5.63,5.63,5.50,5.50,93318,518207.81
2023-08-31,5.48,5.59,5.46,5.51,19948,109854.68
2023-09-01,5.49,5.54,5.48,5.52,31922,176043.81
2023-09-04,5.68,6.55,5.68,6.19,1245099,7611375.50
2023-09-05,5.95,6.07,5.67,5.76,823189,4776691.50
2023-09-06,5.69,5.74,5.56,5.65,294541,1663664.00
2023-09-07,5.63,5.72,5.50,5.53,185924,1042523.38
2023-09-08,5.52,5.66,5.52,5.62,118111,662262.88
2023-09-11,5.57,5.63,5.56,5.62,75331,420594.91
2023-09-12,5.62,5.66,5.56,5.63,54480,306243.41
2023-09-13,5.54,5.64,5.52,5.60,147640,817314.69
2023-09-14,5.57,5.57,5.52,5.53,29764,164863.59
2023-09-15,5.54,5.58,5.52,5.57,11648,64514.36
2023-09-18,5.57,5.58,5.54,5.56,22548,125514.40
2023-09-19,5.55,5.56,5.50,5.55,38788,214033.81
2023-09-20,5.62,5.62,5.50,5.52,38069,210171.95
2023-09-21,5.51,5.52,5.51,5.52,9800,54060.00
2023-09-22,5.50,5.53,5.50,5.53,33611,185154.00
2023-09-25,5.59,5.59,5.49,5.53,13548,74482.52
2023-09-26,5.47,5.55,5.47,5.47,35129,192712.92
2023-09-27,5.48,5.55,5.46,5.53,6588,36121.18
2023-09-28,5.58,5.58,5.47,5.48,23359,128250.02
2023-10-09,5.48,5.48,5.45,5.45,18630,101798.00
2023-10-10,5.45,5.45,5.25,5.34,42491,227104.19
2023-10-11,5.38,5.39,5.26,5.31,33512,178641.44
2023-10-12,5.29,5.34,5.28,5.31,18195,96409.55
2023-10-13,5.28,5.36,5.25,5.25,50259,265213.19
2023-10-16,5.32,5.32,5.25,5.27,6800,35812.55
2023-10-17,5.24,5.33,5.24,5.30,4100,21751.00
2023-10-18,5.30,5.33,5.26,5.33,9686,51362.01
2023-10-19,5.31,5.31,5.10,5.15,28791,150136.75
2023-10-20,5.21,5.23,5.08,5.22,28407,145834.84
2023-10-23,5.24,5.25,5.04,5.09,57293,289701.13
2023-10-24,5.04,5.12,5.04,5.09,13000,66311.00
2023-10-25,5.18,5.18,5.09,5.12,7000,35836.00
2023-10-26,5.12,5.13,5.06,5.13,1885,9653.58
2023-10-27,5.22,5.25,5.10,5.15,25049,129665.65
2023-10-30,5.15,5.21,5.15,5.19,11800,61399.00
2023-10-31,5.03,5.21,5.03,5.19,5500,28302.00
2023-11-01,5.09,5.23,5.08,5.14,1700,8811.00
2023-11-02,5.09,5.31,5.09,5.19,10900,56642.00
2023-11-03,5.49,5.49,5.14,5.25,40800,215455.00
2023-11-06,5.25,5.29,5.22,5.25,21200,110955.00
2023-11-07,5.34,5.34,5.25,5.28,26863,142585.91
2023-11-08,5.25,5.39,5.25,5.36,73621,393843.22
2023-11-09,5.37,5.38,5.33,5.38,31302,167750.25
2023-11-10,5.38,5.38,5.31,5.37,32640,174687.25
2023-11-13,5.32,5.37,5.30,5.37,38100,202766.88
2023-11-14,5.36,5.37,5.27,5.36,60656,322759.56
2023-11-15,5.36,5.45,5.32,5.39,38840,209125.80
2023-11-16,5.37,5.37,5.31,5.36,20999,112438.62
2023-11-17,5.33,5.42,5.33,5.41,46300,250354.17
2023-11-20,5.45,5.61,5.39,5.59,247880,1373976.38
2023-11-21,5.63,6.20,5.54,5.83,711591,4215791.00
2023-11-22,5.87,6.50,5.81,6.44,970461,6062597.50
2023-11-23,6.68,6.88,6.15,6.39,1083121,7088857.00
2023-11-24,6.26,7.23,6.25,7.17,1911542,13061233.00
2023-11-27,7.34,8.40,7.34,8.38,3202880,25625326.00
2023-11-28,8.06,8.53,7.51,7.99,1873695,15115625.00
2023-11-29,8.03,8.19,7.00,7.10,1389354,10336917.00
2023-11-30,7.00,7.26,6.80,6.88,807270,5620693.50
2023-12-01,6.96,7.13,6.59,6.61,706765,4826072.00
2023-12-04,6.52,6.67,6.32,6.61,419140,2734500.00
2023-12-05,6.58,7.39,6.58,7.15,988803,6938985.50
2023-12-06,7.18,7.50,7.00,7.28,858574,6246892.50
2023-12-07,7.30,7.66,7.17,7.47,953216,7108236.50
2023-12-08,7.59,7.98,7.44,7.80,1105994,8553289.00
2023-12-11,7.85,8.08,7.37,7.49,700824,5333567.00
2023-12-12,7.57,7.68,7.40,7.64,300446,2271928.75
2023-12-13,7.66,7.87,7.53,7.87,867055,6750559.00
2023-12-14,7.92,8.29,7.78,8.08,1530665,12443070.00
2023-12-15,8.18,8.50,8.03,8.44,1373317,11439543.00
2023-12-18,8.45,8.95,8.44,8.78,1467705,12754465.00
2023-12-19,8.72,8.72,8.28,8.61,1027921,8785893.00
2023-12-20,8.53,8.97,8.43,8.94,1495094,13079305.00
2023-12-21,9.00,9.36,7.60,7.89,1803310,15895755.00
2023-12-22,7.81,8.09,7.66,7.98,851285,6701219.50
2023-12-25,7.98,8.32,7.90,8.30,658574,5355172.00
2023-12-26,8.33,8.60,8.07,8.60,847952,7090117.50
2023-12-27,8.42,8.80,8.20,8.79,853956,7372498.00
2023-12-28,8.80,9.02,8.60,9.00,1194952,10661953.00
2023-12-29,8.91,9.29,8.86,9.19,1116702,10145071.00
2024-01-02,9.18,9.66,9.04,9.64,1510671,14097651.00
2024-01-03,9.69,9.98,9.43,9.84,1246136,12096048.00
2024-01-04,9.84,9.99,9.61,9.83,1064863,10425350.00
2024-01-05,9.84,9.88,9.00,9.13,848463,8004980.50
2024-01-08,9.13,9.79,9.02,9.18,943285,8892641.00
2024-01-09,9.50,9.50,8.52,8.79,839006,7444285.00
2024-01-10,8.70,9.00,8.48,9.00,641081,5625605.50
2024-01-11,9.01,9.18,8.80,9.01,1070757,9335071.00
2024-01-12,9.10,9.10,8.00,8.00,852019,7219461.50
2024-01-15,8.01,8.13,7.31,7.48,506480,3934535.25
2024-01-16,7.29,7.99,7.27,7.99,800795,6159010.00
2024-01-17,7.93,8.46,7.80,7.80,971738,7968699.50
2024-01-18,7.80,8.15,7.40,8.12,960737,7596582.00
2024-01-19,8.06,10.55,8.00,10.55,8810974,89147640.00
2024-01-22,9.90,10.11,9.02,9.30,6729138,63894968.00
2024-01-23,9.30,9.80,8.71,9.60,5183328,47446076.00
2024-01-24,9.34,9.70,8.95,9.02,3549030,32899282.00
2024-01-25,8.84,9.04,8.31,8.46,3078323,26465664.00
2024-01-26,8.41,8.70,8.20,8.20,2042529,17243718.00
2024-01-29,7.94,8.25,7.41,7.41,2062372,16204964.00
2024-01-30,7.43,7.53,7.00,7.39,1700093,12292526.00
2024-01-31,7.39,7.72,7.39,7.53,1607969,12110990.00
2024-02-01,7.56,7.66,6.90,6.90,1667836,12103039.00
2024-02-02,6.98,7.07,6.07,6.28,1734092,11244274.00
2024-02-05,6.17,6.17,5.56,5.74,1364805,8029814.00
2024-02-06,5.67,6.40,5.60,6.36,1495303,9175215.00
2024-02-07,6.40,6.80,6.34,6.34,1552715,10188203.00
2024-02-08,6.49,6.49,5.90,6.47,1018183,6426631.00
2024-02-19,6.53,6.63,6.40,6.60,1060436,6931511.50
2024-02-20,6.55,6.85,6.51,6.81,1025122,6846910.50
2024-02-21,6.78,7.05,6.58,6.83,1165143,8050631.50
2024-02-22,6.80,6.89,6.60,6.75,829647,5593272.00
2024-02-23,6.70,6.81,6.53,6.58,630348,4166470.00
2024-02-26,6.66,6.70,6.55,6.65,676496,4479884.50
2024-02-27,6.61,7.18,6.60,7.14,1341880,9274406.00
2024-02-28,7.14,7.38,6.78,6.80,1654340,11761284.00
2024-02-29,6.80,6.96,6.76,6.91,922097,6330828.00
2024-03-01,6.99,7.06,6.81,6.93,752373,5213180.00
2024-03-04,7.01,7.01,6.77,6.86,705555,4860393.00
2024-03-05,6.91,6.91,6.53,6.64,562324,3755423.75
2024-03-06,6.64,6.78,6.58,6.76,370239,2477172.75
2024-03-07,6.76,6.79,6.60,6.64,316592,2120656.00
2024-03-08,6.74,6.74,6.59,6.64,241856,1610071.25
2024-03-11,6.65,6.83,6.62,6.83,446986,3015185.50
2024-03-12,6.83,6.89,6.77,6.86,403021,2754796.00
2024-03-13,6.82,6.88,6.65,6.82,380401,2581464.25
2024-03-14,6.80,6.86,6.68,6.76,165460,1118651.88
2024-03-15,6.71,7.15,6.63,7.02,832208,5798060.50
2024-03-18,7.03,7.14,6.96,7.05,511929,3589602.50
2024-03-19,7.05,7.10,6.94,6.97,234065,1639927.75
2024-03-20,6.95,7.02,6.90,6.97,217119,1507946.00
2024-03-21,6.92,6.97,6.84,6.87,253082,1740928.63
2024-03-22,6.84,6.92,6.76,6.82,321110,2193755.25
2024-03-25,6.81,6.83,6.60,6.67,426012,2859660.75
2024-03-26,6.66,6.75,6.41,6.58,328724,2168725.75
2024-03-27,6.45,8.47,6.45,7.81,4901820,36847732.00
2024-03-28,7.32,7.47,7.04,7.38,3265381,23630828.00
2024-03-29,7.28,7.29,6.92,6.98,2301996,16287448.00
2024-04-01,7.03,7.03,6.80,6.85,1359699,9362105.00
2024-04-02,6.87,6.93,6.73,6.75,824682,5593475.50
2024-04-03,6.85,6.86,6.70,6.74,663215,4473492.50
2024-04-08,6.73,6.81,6.52,6.59,584871,3901876.00
2024-04-09,6.59,6.68,6.57,6.62,425640,2812559.25
2024-04-10,6.70,6.92,6.54,6.76,1252869,8496665.00
2024-04-11,6.76,6.76,6.61,6.64,677586,4510917.50
2024-04-12,6.63,6.72,6.55,6.61,455979,3019831.50
2024-04-15,6.61,6.67,6.18,6.21,575933,3672024.75
2024-04-16,6.28,6.28,5.53,5.62,875763,5053089.50
2024-04-17,5.78,6.03,5.64,5.96,729261,4304568.50
2024-04-18,5.93,6.37,5.87,6.13,709743,4367380.50
2024-04-19,6.06,6.10,5.89,5.99,467315,2792564.00
2024-04-22,5.98,6.09,5.89,6.06,172017,1036570.75
2024-04-23,6.03,6.22,6.03,6.18,225340,1379806.50
2024-04-24,6.28,6.32,6.10,6.21,262751,1630347.88
2024-04-25,6.09,6.21,6.05,6.17,240619,1475009.38
2024-04-26,6.10,6.22,6.10,6.21,178504,1104742.88
2024-04-29,6.45,6.72,6.37,6.53,1046928,6850617.00
2024-04-30,6.53,6.88,6.53,6.68,795435,5335112.00
2024-05-06,6.71,7.03,6.71,6.90,726656,4998835.00
2024-05-07,6.91,6.91,6.79,6.85,329678,2250429.25
2024-05-08,6.82,6.93,6.79,6.82,261778,1792511.88
2024-05-09,6.81,6.99,6.81,6.88,243683,1677695.63
2024-05-10,6.86,7.00,6.77,6.80,316051,2172274.25
2024-05-13,6.80,6.87,6.70,6.75,353459,2392152.25
2024-05-14,6.79,6.92,6.70,6.83,460738,3139358.25
2024-05-15,6.81,7.00,6.73,6.86,457493,3152403.50
2024-05-16,6.79,7.40,6.78,7.21,1631256,11632768.00
2024-05-17,7.35,7.94,7.24,7.69,2945179,22360944.00
2024-05-20,7.26,7.42,6.98,7.03,2525872,17944986.00
2024-05-21,6.95,7.01,6.80,6.83,832837,5732904.00
2024-05-22,6.81,6.98,6.79,6.93,571535,3937427.75
2024-05-23,6.90,7.23,6.59,7.03,1488231,10424247.00
2024-05-24,7.03,7.08,6.71,6.85,840450,5823693.50
2024-05-27,6.86,7.05,6.82,6.94,679575,4691116.50
2024-05-28,6.94,7.06,6.90,7.01,719541,5035025.00
2024-05-29,7.06,7.06,6.94,7.03,334273,2335257.75
2024-05-30,7.09,7.09,6.88,6.98,446767,3099777.75
2024-05-31,6.68,6.74,6.58,6.67,317988,2111481.50
2024-06-03,6.73,6.73,6.38,6.42,448521,2916158.00
2024-06-04,6.47,6.47,6.29,6.35,287810,1822685.13
2024-06-05,6.42,6.42,6.04,6.05,467676,2882239.75
2024-06-06,6.22,6.25,5.70,5.78,339863,2006701.25
2024-06-07,5.90,6.11,5.83,6.02,446741,2661718.75
2024-06-11,6.09,6.20,5.91,6.18,363263,2222386.25
2024-06-12,6.11,6.23,6.11,6.21,74476,459752.47
2024-06-13,6.13,6.25,6.10,6.16,146618,906373.94
2024-06-14,6.17,6.23,6.14,6.19,73708,455535.47
2024-06-17,6.29,6.29,6.06,6.08,145268,889307.00
2024-06-18,6.18,6.18,6.06,6.09,86062,524130.69
2024-06-19,6.17,6.31,6.09,6.18,202275,1260022.13
2024-06-20,6.30,6.30,5.99,6.18,228166,1405985.00
2024-06-21,6.27,6.40,6.22,6.28,284799,1798376.25
2024-06-24,6.24,6.24,6.09,6.11,265704,1634644.88
2024-06-25,6.11,6.30,6.06,6.19,159628,989144.25
2024-06-26,6.19,6.32,6.09,6.32,265512,1650163.13
2024-06-27,6.34,6.39,6.22,6.28,247645,1562389.63
2024-06-28,6.34,6.35,6.19,6.28,200123,1255328.25
2024-07-01,6.27,6.32,6.23,6.28,201854,1264760.75
2024-07-02,6.27,6.27,6.13,6.23,153930,953746.13
2024-07-03,6.20,6.20,6.07,6.13,263582,1613203.75
2024-07-04,6.04,6.28,5.85,5.88,371329,2225837.75
2024-07-05,5.84,5.96,5.72,5.83,188278,1092978.25
2024-07-08,5.95,5.99,5.72,5.75,214027,1252661.75
2024-07-09,5.89,5.95,5.74,5.88,213203,1246995.75
2024-07-10,5.81,5.97,5.81,5.88,182739,1073182.00
2024-07-11,5.93,6.05,5.86,6.02,203976,1217393.50
2024-07-12,5.97,6.09,5.96,6.03,109938,661187.31
2024-07-15,5.94,6.09,5.85,5.92,183166,1096141.00
2024-07-16,5.96,6.23,5.96,6.23,376660,2307245.00
2024-07-17,6.22,6.88,6.13,6.73,1528600,10091817.00
2024-07-18,6.73,6.73,6.39,6.52,654349,4284504.00
2024-07-19,6.52,6.79,6.47,6.51,367041,2408706.25
2024-07-22,6.46,6.49,6.30,6.33,394162,2505849.75
2024-07-23,6.36,6.44,6.21,6.21,354701,2239336.50
2024-07-24,6.18,6.35,6.01,6.09,278707,1725723.13
2024-07-25,6.05,6.29,6.05,6.20,263866,1636686.38
2024-07-26,6.27,6.37,6.23,6.32,285026,1798000.25
2024-07-29,6.20,6.44,6.20,6.37,260640,1658577.38
2024-07-30,6.27,6.59,6.27,6.48,530509,3434189.75
2024-07-31,6.55,6.74,6.38,6.57,391105,2582754.00
2024-08-01,6.66,6.68,6.37,6.40,329320,2127789.00
2024-08-02,6.41,6.47,6.34,6.37,236387,1511283.00
2024-08-05,6.34,6.44,6.12,6.27,301350,1896676.38
2024-08-06,6.35,6.35,6.20,6.28,215222,1349070.63
2024-08-07,6.32,6.32,6.13,6.22,217007,1352663.75
2024-08-08,6.22,6.27,6.13,6.20,159634,988802.38
2024-08-09,6.18,6.24,6.15,6.23,104158,645790.63
2024-08-12,6.27,6.39,6.24,6.26,169221,1064940.63
2024-08-13,6.25,6.34,6.15,6.28,123050,766776.31
2024-08-14,6.24,6.36,6.22,6.34,133182,839784.81
2024-08-15,6.34,6.47,6.29,6.43,278368,1781211.50
2024-08-16,6.45,6.45,6.29,6.32,109673,696710.69
2024-08-19,6.36,6.36,6.23,6.24,79051,495192.34
2024-08-20,6.26,6.31,6.19,6.24,101926,638193.63
2024-08-21,6.21,6.33,6.11,6.16,223341,1388413.00
2024-08-22,6.16,6.20,6.02,6.02,222549,1356623.50
2024-08-23,6.08,6.08,5.80,5.91,124487,738492.25
2024-08-26,6.06,6.06,5.89,5.96,133489,795720.06
2024-08-27,5.93,6.05,5.92,5.99,213602,1275182.63
2024-08-28,5.97,6.13,5.97,6.07,182775,1102811.38
2024-08-29,5.97,6.17,5.92,6.10,236087,1426571.50
2024-08-30,6.40,6.40,6.04,6.17,264258,1639172.75
2024-09-02,6.15,6.24,6.09,6.10,136244,837212.63
2024-09-03,6.12,6.17,6.07,6.12,61621,376076.38
2024-09-04,6.07,6.09,5.99,6.01,94829,572169.56
2024-09-05,6.01,6.08,5.93,6.06,146115,881736.75
2024-09-06,6.05,6.09,5.95,5.99,141499,848966.19
2024-09-09,5.96,6.00,5.93,5.99,45182,269284.81
2024-09-10,5.99,6.03,5.87,5.96,90139,534327.44
2024-09-11,5.94,6.11,5.88,5.96,128078,760758.00
2024-09-12,6.00,6.04,5.92,5.93,58921,350345.59
2024-09-13,5.91,6.06,5.91,5.93,107920,642385.81
2024-09-18,5.88,5.96,5.78,5.93,94999,559005.25
2024-09-19,5.85,6.04,5.85,5.99,90925,540048.63
2024-09-20,5.98,6.00,5.91,5.99,47074,280832.59
2024-09-23,5.97,6.04,5.78,5.96,57545,342056.09
2024-09-24,5.84,6.12,5.83,6.07,155543,940624.06
2024-09-25,6.17,6.23,6.06,6.08,310436,1902580.75
2024-09-26,6.09,6.22,6.07,6.22,263096,1619527.75
2024-09-27,6.49,7.49,6.31,6.98,2039987,14000614.00
2024-09-30,8.29,8.30,7.30,8.29,3425943,27400272.00
2024-10-08,9.97,10.40,8.69,9.94,4457879,42618124.00
2024-10-09,8.92,9.29,8.30,8.31,2154888,18716402.00
2024-10-10,8.39,8.67,8.03,8.03,1200167,10024572.00
2024-10-11,7.99,8.00,7.35,7.49,1097376,8403255.00
2024-10-14,7.72,7.95,7.51,7.79,632089,4870146.00
2024-10-15,7.79,8.11,7.74,7.75,622297,4923441.50
2024-10-16,7.70,7.97,7.55,7.92,697452,5441460.50
2024-10-17,8.02,8.69,7.99,8.23,1469686,12233494.00
2024-10-18,8.24,8.78,8.12,8.62,1673558,14296395.00
2024-10-21,8.90,9.45,8.78,9.24,2046215,18670040.00
2024-10-22,9.19,9.50,8.81,8.87,1822172,16583223.00
2024-10-23,9.08,9.48,8.92,9.48,1909465,17754676.00
2024-10-24,9.25,10.07,9.25,9.74,2473047,24038330.00
2024-10-25,11.61,12.66,11.51,12.66,5378814,67209208.00
2024-10-28,12.50,16.45,11.30,16.45,9080496,120927912.00
2024-10-29,15.10,21.38,15.10,18.93,9862514,182292032.00
2024-10-30,17.88,19.99,15.43,15.55,7037140,120169968.00
2024-10-31,15.08,16.49,14.38,15.20,6124557,93960384.00
2024-11-01,14.87,15.25,13.02,13.65,3511149,49526840.00
2024-11-04,13.80,14.42,13.55,14.17,2210664,31087456.00
2024-11-05,14.50,15.52,13.80,15.52,4339446,64643264.00
2024-11-06,15.95,16.43,15.30,15.78,4618862,73255288.00
2024-11-07,15.41,18.60,15.40,17.18,4699232,79131792.00
2024-11-08,16.50,17.17,16.00,16.28,3141016,51893804.00
2024-11-11,16.49,16.49,14.61,15.34,2417869,37140612.00
2024-11-12,15.35,15.80,14.88,15.26,1799996,27495522.00
2024-11-13,15.26,15.26,14.12,15.19,1728422,25270376.00
2024-11-14,15.15,15.23,14.58,14.58,1307618,19502646.00
2024-11-15,14.85,14.85,14.37,14.62,1127355,16514951.00
2024-11-18,14.67,15.49,14.53,14.99,1908194,28681280.00
2024-11-19,14.88,14.89,12.89,13.90,2018961,27543198.00
2024-11-20,13.56,14.36,13.56,14.36,1367656,19249940.00
2024-11-21,14.41,15.60,14.03,15.39,3188786,47867064.00
2024-11-22,15.19,16.50,15.14,15.47,4695955,73966824.00
2024-11-25,15.61,15.95,14.00,14.74,3221071,47119184.00
2024-11-26,14.61,14.89,13.93,14.00,1682679,24268556.00
2024-11-27,13.98,15.90,13.14,15.90,3438564,50988428.00
2024-11-28,18.20,20.67,18.20,20.67,3979022,80726200.00
2024-11-29,22.98,26.87,21.60,26.87,10725691,256236640.00
2024-12-02,29.00,34.93,26.00,34.93,13285210,404058080.00
2024-12-03,34.93,34.93,34.93,34.93,0,0.00
#数据来源:通达信
