835179 凯德石英 日线 不复权
      日期	    开盘	    最高	    最低	    收盘	    成交量	    成交额
2016-09-14,6.00,7.00,6.00,7.00,5000,32000.00
2016-09-19,7.50,8.00,7.50,7.75,2000,15500.00
2016-09-20,7.80,7.80,7.80,7.80,2000,15600.00
2016-09-22,8.00,8.00,8.00,8.00,1000,8000.00
2016-09-23,7.00,8.00,3.60,3.68,102000,375000.00
2016-09-26,6.80,7.00,6.80,6.80,51000,347000.00
2016-09-28,8.00,8.00,8.00,8.00,1000,8000.00
2016-09-29,8.20,8.20,8.20,8.20,1000,8200.00
2016-09-30,7.30,7.90,7.30,7.35,13000,95500.00
2016-12-06,3.60,7.40,3.60,7.38,52000,194750.00
2016-12-14,4.80,4.80,3.60,4.21,203000,854400.00
2016-12-15,4.80,4.80,4.35,4.35,180000,828000.00
2016-12-16,4.80,7.60,4.80,7.60,81000,391600.00
2016-12-19,2.50,2.50,2.50,2.50,650000,1625000.00
2016-12-20,7.50,7.50,4.00,7.50,651000,3955000.00
2016-12-26,3.00,7.60,3.00,7.60,653000,1963600.00
2017-03-24,7.60,7.60,7.60,7.60,2000,15200.00
2019-10-30,6.82,6.82,6.82,6.82,1000,6820.00
2019-11-01,6.82,6.82,6.82,6.82,282000,1861200.00
2019-11-15,6.82,6.82,6.82,6.82,1028000,9766000.00
2019-11-21,6.82,6.82,6.82,6.82,1068000,7476000.00
2019-11-28,6.82,6.82,6.82,6.82,352000,2464000.00
2019-12-04,6.82,6.82,6.82,6.82,1150000,8050000.00
2019-12-10,6.82,6.82,6.82,6.82,1420000,14200000.00
2019-12-17,6.82,6.82,6.82,6.82,1150000,11500000.00
2019-12-23,6.82,6.82,6.82,6.82,1285000,12207500.00
2020-03-12,7.01,7.01,7.01,7.01,1000,7010.00
2020-04-02,9.00,10.14,9.00,10.14,1100,11050.00
2020-04-03,15.00,15.01,15.00,15.01,2100,31520.00
2020-04-07,18.87,18.87,18.87,18.87,300,5664.00
2020-04-08,15.02,20.00,15.02,20.00,2900,53020.00
2020-04-09,15.04,15.10,15.04,15.10,8400,126774.00
2020-04-10,19.75,19.75,19.75,19.75,200,3950.00
2020-04-13,17.00,17.06,17.00,17.06,1100,18706.00
2020-04-14,15.00,15.00,15.00,15.00,3600,54000.00
2020-04-16,15.00,16.00,15.00,16.00,9000,136012.00
2020-04-24,15.00,15.00,15.00,15.00,641000,8975000.00
2020-04-28,15.30,16.00,15.30,16.00,600,9530.00
2020-05-06,19.00,19.00,19.00,19.00,3700,70300.00
2020-05-11,16.50,16.50,16.50,16.50,4800,79200.00
2020-05-12,16.56,16.56,16.54,16.54,1700,28136.00
2020-05-13,16.00,16.50,16.00,16.50,54000,865985.00
2020-05-14,16.60,16.60,16.60,16.60,5200,86320.00
2020-05-18,17.50,17.50,16.50,16.50,12100,199915.00
2020-05-25,16.50,16.50,16.50,16.50,400,6600.00
2020-05-27,16.50,16.50,16.50,16.50,600,9900.00
2020-06-01,17.00,17.50,17.00,17.50,2500,43250.00
2020-06-02,17.50,18.00,17.50,18.00,7800,139310.00
2020-06-03,18.32,18.79,18.32,18.79,9300,172032.00
2020-06-04,19.11,19.11,19.11,19.11,1900,36309.00
2020-06-05,19.78,20.02,19.78,20.02,2500,49810.00
2020-06-08,22.50,22.50,22.50,22.50,3900,87750.00
2020-06-09,24.00,25.11,24.00,25.11,3700,91823.00
2020-06-10,25.35,26.03,25.35,26.03,6600,170778.00
2020-06-11,26.21,26.80,26.21,26.80,16500,440800.00
2020-06-12,28.01,28.60,28.01,28.60,5100,143559.00
2020-06-15,28.05,28.05,26.21,26.21,9800,268270.00
2020-06-17,26.25,26.37,26.25,26.37,2600,68538.00
2020-06-18,25.01,25.01,23.35,23.35,40100,952205.00
2020-06-19,23.35,23.35,23.35,23.35,130000,2132000.00
2020-06-22,25.00,32.99,24.88,29.97,5800,163097.00
2020-06-24,31.80,31.80,29.99,30.30,9300,286693.59
2020-06-29,29.98,30.30,29.89,29.89,8300,249091.00
2020-06-30,29.90,31.00,29.90,31.00,10500,314809.91
2020-07-01,31.00,31.00,31.00,31.00,5300,164300.00
2020-07-02,30.00,30.00,28.90,29.82,16800,504606.19
2020-07-06,30.00,30.35,30.00,30.20,72500,2187101.25
2020-07-07,30.20,31.50,30.20,31.50,3100,94832.20
2020-07-08,38.55,38.55,38.54,38.54,300,11563.00
2020-07-09,36.08,38.80,36.08,37.20,4000,152768.00
2020-07-10,38.00,42.00,38.00,38.00,1600,61200.00
2020-07-13,39.00,39.00,38.00,38.09,1200,45710.00
2020-07-14,38.50,45.02,38.50,43.98,2000,86639.34
2020-07-15,40.00,45.50,40.00,45.50,9400,421082.47
2020-07-16,45.52,49.98,45.52,45.52,2900,135618.50
2020-07-17,48.00,48.00,46.00,46.00,1300,61424.00
2020-07-20,46.00,50.50,46.00,48.90,7500,364238.41
2020-07-21,50.00,50.91,50.00,50.00,4700,236227.00
2020-07-22,65.00,65.00,58.00,58.00,2200,131454.00
2020-07-24,50.00,55.00,50.00,55.00,4900,252700.00
2020-07-27,56.99,56.99,55.20,55.20,1500,83845.00
2020-07-28,54.00,54.00,45.02,49.00,4700,240149.58
2020-07-29,50.00,50.00,45.00,45.00,4800,218700.00
2020-07-30,45.97,45.97,45.97,45.97,100,4597.00
2020-07-31,45.85,45.85,45.85,45.85,500,22925.00
2020-08-03,40.11,40.11,40.00,40.09,1800,72065.00
2020-08-04,35.11,37.14,35.11,37.14,2900,108548.00
2020-08-05,45.89,45.89,44.98,44.98,700,32585.80
2020-08-06,44.00,44.04,44.00,44.04,7000,311787.44
2020-08-07,32.65,36.00,32.65,36.00,1300,43450.00
2020-08-11,36.84,36.84,36.84,36.84,600,22140.84
2020-08-13,34.43,34.43,34.43,34.43,100,2238.60
2020-08-14,36.43,36.43,36.43,36.43,1500,54222.72
2020-08-18,48.00,48.00,48.00,48.00,100,4800.00
2020-08-21,37.20,38.09,37.20,38.09,200,7530.00
2020-08-24,44.80,44.80,44.80,44.80,100,4480.00
2020-08-26,38.88,38.88,38.88,38.88,1000,38880.00
2020-08-27,38.00,38.00,38.00,38.00,300,11400.00
2020-08-31,38.00,38.00,38.00,38.00,100,3800.00
2020-09-04,40.00,40.00,40.00,40.00,1300,52008.14
2020-09-07,38.00,38.00,38.00,38.00,100,3800.00
2020-09-08,38.11,40.98,38.11,40.98,300,13482.14
2020-09-09,40.88,41.00,40.88,40.88,4600,188889.59
2020-09-10,38.00,38.00,38.00,38.00,11800,446690.00
2020-09-11,38.00,38.00,38.00,38.00,500,19000.00
2020-09-14,35.00,35.00,35.00,35.00,4000,140010.00
2020-09-15,35.32,35.32,35.32,35.32,100,3532.00
2020-09-16,35.00,35.00,35.00,35.00,800,28003.00
2020-09-17,31.00,34.30,31.00,32.03,8300,269743.50
2020-09-18,31.00,32.00,30.60,31.80,2800,86553.00
2020-09-21,31.80,31.88,31.80,31.80,13700,435820.00
2020-09-22,31.80,31.80,31.00,31.00,7000,221000.00
2020-09-23,31.05,31.05,31.05,31.05,100,3105.00
2020-09-25,35.00,38.04,35.00,38.04,900,33020.00
2020-09-28,35.16,38.88,35.00,38.88,1100,39710.12
2020-09-29,44.30,44.30,43.02,43.02,1100,48280.00
2020-09-30,40.00,40.00,38.00,38.00,1300,50400.00
2020-10-09,38.00,38.00,38.00,38.00,10000,380000.00
2020-10-12,38.00,38.00,38.00,38.00,1100,41800.00
2020-10-13,38.00,38.00,38.00,38.00,5000,190030.00
2020-10-14,40.02,40.02,40.00,40.00,4700,188054.00
2020-10-15,43.80,44.97,40.50,40.50,600,24671.40
2020-10-16,45.00,45.00,43.19,43.19,300,13183.19
2020-10-21,46.80,46.80,46.80,46.80,100,4680.00
2020-10-22,46.50,46.50,46.50,46.50,300,13950.00
2020-10-28,45.00,45.00,45.00,45.00,1000,45000.00
2020-11-06,40.88,40.88,40.88,40.88,500,20399.12
2020-11-10,43.86,43.88,43.86,43.88,3300,143222.20
2020-11-13,37.25,37.25,37.25,37.25,1000,37260.00
2020-11-16,39.99,39.99,36.66,36.66,221600,6658989.00
2020-11-18,39.95,39.95,39.95,39.95,300,11985.00
2020-11-23,40.28,40.28,40.28,40.28,300,12084.00
2020-11-24,40.25,40.25,40.25,40.25,300,12075.00
2020-11-25,40.00,40.00,40.00,40.00,100,4000.00
2020-11-27,39.00,39.00,39.00,39.00,100,3900.00
2020-11-30,37.99,37.99,34.00,37.99,300,11430.00
2020-12-01,35.00,35.00,35.00,35.00,100,3500.00
2020-12-02,40.88,40.88,40.55,40.55,7300,296001.81
2020-12-03,38.90,38.99,35.48,35.89,900,33637.22
2020-12-04,35.89,35.89,34.20,35.25,3700,128232.42
2020-12-07,35.93,35.95,35.30,35.30,1400,50193.00
2020-12-08,35.16,35.36,35.16,35.36,600,22722.56
2020-12-09,35.30,35.49,35.30,35.49,300,8995.46
2020-12-11,35.49,35.49,35.49,35.49,200,7098.00
2020-12-14,35.50,36.30,35.50,36.30,600,22267.50
2020-12-16,36.52,36.52,36.52,36.52,100,3652.00
2020-12-17,36.52,36.52,32.66,34.00,4400,157063.69
2020-12-18,31.00,31.00,29.90,29.90,21200,645920.00
2020-12-21,36.00,36.00,28.36,30.00,14700,449668.97
2020-12-22,32.90,32.90,30.04,30.04,2200,69155.95
2020-12-23,32.20,33.33,32.20,33.33,4400,144715.55
2020-12-24,42.00,42.00,41.59,41.59,1000,41207.00
2020-12-28,40.00,40.00,40.00,40.00,200,8000.00
2020-12-29,34.00,37.00,34.00,37.00,2600,91076.10
2020-12-30,35.50,37.00,35.50,36.88,3100,111216.39
2020-12-31,36.09,36.11,36.00,36.11,3200,115053.68
2021-01-04,38.00,38.00,38.00,38.00,900,34200.00
2021-01-06,41.70,41.70,41.70,41.70,100,4170.00
2021-01-07,37.21,39.00,37.20,39.00,1100,41146.20
2021-01-08,40.00,40.00,40.00,40.00,200,8000.00
2021-01-11,38.20,40.00,38.20,40.00,3100,118600.00
2021-01-14,39.98,39.98,39.88,39.88,3200,127855.00
2021-01-15,39.50,40.00,39.50,40.00,400,15850.00
2021-01-18,38.20,41.34,38.20,41.34,2000,80934.00
2021-01-19,41.32,41.33,41.32,41.32,1400,56365.48
2021-01-20,41.32,41.32,41.19,41.32,500,20632.00
2021-01-21,42.99,42.99,42.99,42.99,100,4299.00
2021-01-25,42.98,42.98,42.96,42.96,800,34382.00
2021-01-28,42.60,42.60,42.60,42.60,100,4856.40
2021-02-03,21.48,45.00,21.48,45.00,2100,47460.00
2021-02-04,40.00,44.98,38.00,44.98,1100,44574.60
2021-02-05,45.00,45.00,41.00,44.50,300,13185.00
2021-02-08,40.00,43.99,40.00,40.80,2200,88721.00
2021-02-09,40.80,43.80,40.80,43.10,1300,53580.00
2021-02-10,42.80,42.80,41.00,42.50,1300,54425.00
2021-02-18,42.50,42.50,41.00,42.45,1800,75306.00
2021-02-19,38.00,42.20,38.00,42.20,700,27116.28
2021-02-22,40.80,41.99,38.45,41.99,900,35397.80
2021-02-24,38.50,41.88,38.50,41.88,900,35438.00
2021-03-01,41.68,41.79,41.68,41.79,300,12473.32
2021-03-03,40.00,41.60,40.00,41.60,1000,40163.15
2021-03-04,36.00,43.80,36.00,43.80,200,8307.00
2021-03-05,39.68,42.99,39.68,42.99,1000,38742.00
2021-03-08,41.80,42.50,41.80,42.50,200,8430.00
2021-03-09,41.00,42.34,39.80,42.34,1000,40828.00
2021-03-10,39.25,42.34,39.25,42.34,300,12359.00
2021-03-11,40.58,42.29,40.50,42.29,900,36637.00
2021-03-12,40.84,40.84,40.84,40.84,1700,69036.50
2021-03-15,41.20,41.20,41.20,41.20,100,4120.00
2021-03-17,40.00,40.03,40.00,40.03,600,22406.80
2021-03-18,40.52,40.82,40.00,40.82,2600,102394.00
2021-04-02,40.81,40.88,40.81,40.88,800,32697.00
2021-04-06,40.88,40.88,40.79,40.79,1900,78889.40
2021-04-07,38.50,40.88,38.50,40.87,1100,43567.80
2021-04-15,41.00,41.00,41.00,41.00,100,4100.00
2021-04-16,44.25,44.25,43.99,43.99,500,22061.00
2021-04-19,43.99,43.99,43.99,43.99,2900,127571.00
2021-04-20,43.80,43.94,43.80,43.94,200,8774.00
2021-04-21,45.02,45.02,45.02,45.02,100,4502.00
2021-04-22,44.05,44.05,43.00,43.81,1100,46544.60
2021-04-28,44.03,44.03,44.03,44.03,100,4006.73
2021-04-29,43.00,43.00,40.02,40.02,2100,86444.06
2021-04-30,30.00,30.02,29.99,29.99,18300,549026.00
2021-05-11,39.00,39.00,39.00,39.00,0,351.00
2021-05-18,36.66,36.66,36.66,36.66,200,6048.90
2021-05-20,26.50,26.50,26.30,26.46,5900,155038.00
2021-05-21,20.04,29.88,20.04,29.88,400,9215.40
2021-05-27,30.38,30.49,26.50,26.50,29800,879400.00
2021-05-28,25.08,25.08,25.08,25.08,2000,50160.00
2021-06-01,12.60,12.60,12.60,12.60,120000,1812000.00
2021-06-02,24.98,25.10,24.98,25.10,100300,889518.00
2021-06-03,25.10,26.58,24.00,24.00,700,16298.00
2021-06-04,21.60,21.60,18.21,20.01,5400,102756.53
2021-06-07,20.15,21.00,20.01,20.19,22900,463595.38
2021-06-08,20.03,20.03,20.00,20.00,22800,456090.00
2021-06-09,21.90,21.90,20.03,20.03,4300,86459.20
2021-06-10,22.00,22.00,21.00,21.00,3100,66000.00
2021-06-11,21.55,21.98,21.44,21.98,1700,36628.00
2021-06-15,21.99,28.60,21.99,28.60,400,9457.00
2021-06-16,22.00,23.80,22.00,23.80,51900,1193979.38
2021-06-17,27.27,27.77,27.27,27.77,200,5504.00
2021-06-23,27.77,27.77,27.77,27.77,100000,2000000.00
2021-06-24,25.25,29.66,25.25,29.66,109800,2200646.75
2021-06-25,25.52,27.99,22.08,22.08,25600,601257.25
2021-06-28,22.17,24.60,22.06,22.68,391600,8071012.00
2021-06-29,21.00,21.50,20.88,21.08,526100,10872350.00
2021-06-30,21.00,22.30,21.00,22.30,96800,2020557.38
2021-07-01,22.87,24.32,22.87,23.77,21300,493557.91
2021-07-02,23.77,23.77,23.44,23.44,17300,405835.25
2021-07-05,23.43,23.53,22.41,23.53,9600,219175.50
2021-07-06,23.00,23.48,22.69,22.79,17200,391708.63
2021-07-07,22.79,22.79,22.01,22.42,26500,591879.94
2021-07-08,23.80,23.80,22.45,22.65,19200,432404.91
2021-07-09,23.80,23.80,23.00,23.00,2600,59930.00
2021-07-12,23.23,23.26,22.65,23.25,4500,103937.49
2021-07-13,22.02,23.43,22.02,22.52,37500,845048.13
2021-07-14,24.44,24.44,23.00,23.54,9400,221058.00
2021-07-15,23.66,23.67,23.53,23.53,11200,265080.25
2021-07-16,23.60,23.60,23.56,23.56,6900,163879.42
2021-07-19,23.65,23.78,23.65,23.65,22500,531891.88
2021-07-20,23.60,23.60,23.57,23.59,11400,267924.28
2021-07-21,23.33,23.33,23.33,23.33,6300,146582.39
2021-07-22,23.97,23.97,23.50,23.50,7600,180640.00
2021-07-23,23.50,23.50,23.50,23.50,11000,257748.00
2021-07-26,23.51,23.51,22.00,22.55,10600,243392.00
2021-07-27,23.00,23.30,22.44,23.30,10700,245872.00
2021-07-29,24.90,24.90,24.90,24.90,100,2490.00
2021-07-30,28.00,28.00,23.00,23.25,44900,1050946.13
2021-08-02,23.30,24.02,23.20,23.32,21900,512404.75
2021-08-03,23.74,23.74,22.66,23.55,5600,131085.53
2021-08-04,23.68,23.68,23.56,23.56,2200,50785.95
2021-08-05,23.68,23.96,23.33,23.34,8900,208488.00
2021-08-06,28.00,28.00,22.58,22.78,18000,417182.03
2021-08-09,23.38,23.38,22.80,22.80,15400,355360.81
2021-08-10,23.45,23.45,22.65,23.00,20100,455992.50
2021-08-11,23.00,23.35,22.80,22.80,8800,200162.20
2021-08-12,23.68,24.89,23.18,23.95,52600,1264555.63
2021-08-13,21.20,23.98,21.20,23.18,14700,337455.84
2022-03-04,23.00,23.85,20.36,20.38,8588559,186121056.00
2022-03-07,20.02,20.04,19.21,19.58,2889709,56729164.00
2022-03-08,19.67,20.08,19.40,19.98,1546932,30653058.00
2022-03-09,19.92,19.94,18.80,19.15,1264952,24477122.00
2022-03-10,19.52,19.75,19.18,19.75,847288,16442388.00
2022-03-11,19.35,19.70,19.01,19.70,700852,13530062.00
2022-03-14,19.55,19.65,19.31,19.65,389522,7601385.50
2022-03-15,19.40,19.40,18.85,18.90,454970,8707957.00
2022-03-16,18.81,18.88,17.00,17.90,1216199,21477766.00
2022-03-17,17.94,19.45,17.81,18.85,1020304,19116912.00
2022-03-18,19.10,19.18,18.46,18.60,470597,8840965.00
2022-03-21,18.60,18.90,18.40,18.49,239352,4428473.00
2022-03-22,18.33,18.61,18.28,18.30,154619,2836000.50
2022-03-23,18.47,18.48,18.17,18.18,138809,2537881.25
2022-03-24,18.11,18.21,17.71,17.83,146059,2608697.50
2022-03-25,17.91,17.91,17.55,17.55,238144,4210916.50
2022-03-28,17.40,17.51,17.34,17.48,68951,1199607.38
2022-03-29,17.70,18.09,17.53,17.67,120979,2157950.50
2022-03-30,17.70,17.85,17.60,17.72,63041,1116355.75
2022-03-31,17.70,17.80,17.50,17.51,78897,1387353.63
2022-04-01,17.55,18.22,17.55,17.96,131995,2369312.25
2022-04-06,17.89,17.98,17.68,17.89,115713,2064921.13
2022-04-07,17.92,17.92,17.50,17.60,137632,2430108.75
2022-04-08,17.55,17.70,17.51,17.63,53500,941200.25
2022-04-11,17.60,17.63,17.20,17.25,109642,1907110.00
2022-04-12,17.25,17.55,17.05,17.55,130323,2245987.50
2022-04-13,16.96,17.12,16.89,16.93,188992,3202605.50
2022-04-14,16.82,16.95,16.81,16.82,104416,1761924.38
2022-04-15,16.82,16.85,16.60,16.70,91843,1534978.00
2022-04-18,16.60,17.07,16.52,17.01,81873,1375320.75
2022-04-19,17.01,17.02,16.74,17.01,62333,1054024.38
2022-04-20,16.86,16.94,16.78,16.83,63451,1067888.25
2022-04-21,17.00,17.47,16.80,17.29,291403,5038337.50
2022-04-22,17.29,18.93,17.02,18.75,723375,13320510.00
2022-04-25,18.60,18.60,17.50,17.75,353042,6307903.00
2022-04-26,17.52,17.78,17.18,17.20,120029,2106216.50
2022-04-27,17.12,17.54,16.58,17.34,208124,3520665.75
2022-04-28,17.15,17.85,17.15,17.65,160817,2822101.00
2022-04-29,17.85,19.07,17.85,18.97,589589,11041834.00
2022-05-05,19.02,19.97,18.98,19.60,859346,16978284.00
2022-05-06,19.35,19.58,19.15,19.27,280014,5406550.00
2022-05-09,18.84,19.39,18.84,19.26,78442,1507209.63
2022-05-10,18.92,19.55,18.92,19.53,134231,2590718.25
2022-05-11,19.16,20.00,19.15,19.50,293628,5828808.00
2022-05-12,19.27,19.62,19.00,19.30,78094,1499293.63
2022-05-13,19.30,19.97,19.30,19.82,324382,6437302.00
2022-05-16,19.82,19.89,19.39,19.77,135902,2659344.75
2022-05-17,19.40,19.97,19.40,19.91,212304,4220327.00
2022-05-18,19.70,19.88,19.68,19.83,78994,1560898.25
2022-05-19,19.53,19.94,19.31,19.88,189835,3755272.25
2022-05-20,20.10,20.10,19.90,19.94,252576,5038295.50
2022-05-23,19.71,19.94,19.66,19.70,71120,1404729.63
2022-05-24,19.62,19.80,19.00,19.18,88088,1706710.25
2022-05-25,19.01,19.30,19.00,19.18,29197,557078.38
2022-05-26,19.19,19.57,19.11,19.44,61637,1197101.25
2022-05-27,19.31,19.53,19.31,19.33,46174,894791.00
2022-05-30,19.64,19.66,19.30,19.55,109201,2126957.50
2022-05-31,19.55,20.27,19.45,20.21,1025125,20455020.00
2022-06-01,20.05,20.05,19.68,19.88,236019,4666986.00
2022-06-02,19.87,20.20,19.47,20.04,281446,5613382.00
2022-06-06,20.06,21.21,19.90,20.72,952893,19691018.00
2022-06-07,20.95,21.13,20.30,20.41,304504,6285965.00
2022-06-08,20.31,20.73,20.06,20.39,190274,3859594.00
2022-06-09,20.49,21.22,20.32,20.57,868625,18210758.00
2022-06-10,20.56,20.95,20.30,20.70,411176,8518673.00
2022-06-13,20.42,24.54,20.39,22.74,1920593,42625832.00
2022-06-14,22.03,23.42,21.00,21.85,1042184,22916322.00
2022-06-15,21.51,21.76,20.60,20.97,789895,16566520.00
2022-06-16,20.95,21.10,20.20,20.25,454820,9359949.00
2022-06-17,20.25,20.58,20.25,20.56,275831,5635143.50
2022-06-20,20.53,21.00,20.01,20.90,467531,9495196.00
2022-06-21,20.71,20.71,20.00,20.12,350953,7082926.00
2022-06-22,20.12,20.50,20.06,20.34,186740,3796911.00
2022-06-23,20.40,20.49,20.14,20.45,100939,2054705.75
2022-06-24,20.36,20.98,20.36,20.85,280019,5815380.00
2022-06-27,21.12,21.95,20.76,21.50,406578,8704924.00
2022-06-28,21.70,22.40,21.21,22.15,717016,15767148.00
2022-06-29,22.01,22.33,21.05,21.32,433747,9349677.00
2022-06-30,21.32,21.93,21.03,21.65,201228,4345995.00
2022-07-01,21.87,22.25,21.80,21.90,412002,9086119.00
2022-07-04,21.85,21.85,21.20,21.50,160841,3447946.75
2022-07-05,21.50,21.50,20.72,21.05,299872,6301536.00
2022-07-06,20.80,21.00,20.60,20.67,103870,2152798.25
2022-07-07,20.96,21.05,20.60,20.80,68384,1421985.13
2022-07-08,20.70,21.03,20.65,20.95,60007,1248816.00
2022-07-11,20.87,20.95,20.71,20.75,57091,1188288.38
2022-07-12,20.58,20.87,20.58,20.73,75652,1567549.50
2022-07-13,20.79,20.87,20.42,20.72,144085,2965362.00
2022-07-14,20.51,20.71,20.46,20.71,79346,1631015.63
2022-07-15,20.54,20.66,20.40,20.40,105078,2158012.50
2022-07-18,20.38,20.58,20.30,20.35,109834,2236682.50
2022-07-19,20.23,20.49,20.00,20.36,250665,5055466.00
2022-07-20,20.38,20.49,20.18,20.33,67188,1369959.38
2022-07-21,20.39,20.60,20.24,20.44,62252,1271675.25
2022-07-22,20.47,20.50,20.25,20.44,49718,1010859.81
2022-07-25,20.30,20.45,20.12,20.33,51151,1036990.63
2022-07-26,20.37,20.98,20.21,20.89,132409,2735922.75
2022-07-27,20.88,21.00,20.50,20.64,99096,2049513.88
2022-07-28,20.80,20.82,20.45,20.50,74609,1531193.88
2022-07-29,20.56,20.79,20.41,20.52,76685,1571672.75
2022-08-01,20.41,20.57,20.37,20.50,67098,1372883.50
2022-08-02,20.35,20.35,19.90,19.95,348174,6967873.00
2022-08-03,20.29,20.29,19.93,20.11,88037,1765680.88
2022-08-04,19.99,20.28,19.95,20.15,67516,1351519.00
2022-08-05,20.10,20.83,19.98,20.42,211467,4306904.00
2022-08-08,20.25,20.71,20.22,20.43,178361,3628456.25
2022-08-09,20.31,20.66,20.25,20.66,333248,6834713.00
2022-08-10,20.43,20.88,20.43,20.80,370988,7651216.00
2022-08-11,20.90,21.77,20.88,21.12,550415,11692850.00
2022-08-12,21.12,21.18,20.62,20.83,225035,4685248.00
2022-08-15,20.84,20.87,20.48,20.58,198438,4087650.75
2022-08-16,20.63,21.20,20.63,21.15,339806,7124100.00
2022-08-17,21.19,22.00,21.03,21.11,627710,13487900.00
2022-08-18,21.00,21.16,20.82,21.08,402887,8447857.00
2022-08-19,21.30,21.30,20.49,20.49,288404,5977323.00
2022-08-22,20.49,20.97,20.41,20.90,200698,4145741.50
2022-08-23,20.68,21.00,20.68,20.89,189219,3944892.75
2022-08-24,20.90,20.95,20.21,20.27,222586,4562680.50
2022-08-25,20.22,20.30,19.72,20.00,222820,4464021.50
2022-08-26,19.86,20.10,19.81,19.83,88750,1766210.63
2022-08-29,19.72,20.25,19.72,20.17,71882,1441455.38
2022-08-30,20.18,20.37,20.10,20.29,73005,1478430.25
2022-08-31,20.11,20.27,19.91,20.08,46282,926868.63
2022-09-01,20.17,20.20,19.89,20.09,73159,1463763.63
2022-09-02,19.89,20.12,19.89,20.03,37836,754992.06
2022-09-05,20.11,20.40,19.95,20.07,79985,1609245.63
2022-09-06,20.01,20.14,19.90,20.07,33706,672581.25
2022-09-07,20.02,20.20,19.92,20.11,160970,3123756.00
2022-09-08,20.20,20.20,19.70,19.74,263086,5097551.00
2022-09-09,19.74,19.74,18.92,19.02,295566,5662706.00
2022-09-13,18.92,19.35,18.81,19.33,112662,2151365.25
2022-09-14,19.10,19.45,19.02,19.45,99142,1910344.75
2022-09-15,19.05,19.45,18.70,18.94,176100,3333836.25
2022-09-16,18.95,19.30,18.64,19.00,124537,2371617.75
2022-09-19,18.91,18.95,18.61,18.81,100141,1874613.88
2022-09-20,18.84,19.25,18.71,19.20,90767,1722919.50
2022-09-21,19.00,20.24,18.75,19.95,594857,11647809.00
2022-09-22,19.68,20.19,19.31,19.60,363856,7213121.50
2022-09-23,19.55,19.55,17.92,18.29,434164,8028267.50
2022-09-26,18.01,18.26,17.80,17.99,58564,1052193.50
2022-09-27,18.24,18.24,17.87,18.19,46316,832989.13
2022-09-28,18.18,18.24,17.80,17.99,77715,1396702.50
2022-09-29,17.99,18.00,17.53,17.85,113330,2013338.13
2022-09-30,17.85,18.16,17.53,18.00,77971,1388585.88
2022-10-10,17.94,17.96,17.34,17.50,161155,2833676.00
2022-10-11,17.60,17.60,16.88,17.19,126083,2150601.50
2022-10-12,17.02,17.79,16.60,17.50,199049,3379305.50
2022-10-13,17.41,17.75,17.01,17.33,70883,1223489.13
2022-10-14,17.33,17.64,17.33,17.55,229892,4039624.50
2022-10-17,17.36,17.62,17.35,17.60,98466,1726181.50
2022-10-18,17.66,17.66,17.28,17.57,96732,1688932.75
2022-10-19,17.62,17.62,17.00,17.29,202287,3468643.50
2022-10-20,17.26,17.46,17.00,17.18,61380,1061742.88
2022-10-21,17.37,17.49,17.10,17.48,55631,969106.81
2022-10-24,17.33,17.57,17.11,17.42,74618,1290982.38
2022-10-25,17.49,17.49,16.91,17.00,108188,1844888.75
2022-10-26,17.14,17.29,17.01,17.18,76128,1302736.38
2022-10-27,17.02,17.20,17.02,17.04,63063,1076076.00
2022-10-28,17.03,17.29,16.97,16.98,92374,1574348.00
2022-10-31,16.92,17.14,16.82,17.05,72293,1223222.25
2022-11-01,17.09,17.25,16.88,17.14,68609,1167830.00
2022-11-02,17.13,17.50,17.01,17.43,152277,2642656.50
2022-11-03,17.45,17.45,17.15,17.40,87277,1509083.75
2022-11-04,17.42,17.71,17.26,17.63,218360,3834788.00
2022-11-07,17.60,19.62,17.60,18.82,527103,9981685.00
2022-11-08,18.61,19.00,18.45,18.68,168038,3152253.25
2022-11-09,18.70,18.70,18.14,18.19,182843,3343247.00
2022-11-10,18.12,18.15,17.85,18.05,92707,1663326.13
2022-11-11,18.34,18.45,18.09,18.19,172458,3139861.50
2022-11-14,17.98,18.35,17.93,18.27,173442,3155481.50
2022-11-15,17.94,18.75,17.93,18.52,263452,4870084.50
2022-11-16,18.68,19.21,18.66,18.99,291071,5501550.50
2022-11-17,19.10,19.89,18.82,19.47,297743,5786229.50
2022-11-18,19.33,19.52,18.95,18.97,185698,3558197.25
2022-11-21,19.27,19.37,18.73,19.05,348845,6631335.50
2022-11-22,18.98,19.00,18.71,18.89,168798,3179429.00
2022-11-23,18.90,19.16,18.62,19.15,271941,5148361.00
2022-11-24,19.00,19.23,18.90,19.13,168815,3216096.50
2022-11-25,19.20,19.20,18.90,19.08,49105,934707.50
2022-11-28,19.23,19.27,18.99,19.08,69136,1319662.38
2022-11-29,19.08,19.11,18.91,19.03,215176,4091428.00
2022-11-30,18.96,19.05,18.81,18.92,94338,1781362.38
2022-12-01,18.91,18.99,18.70,18.70,195924,3677294.75
2022-12-02,19.16,19.16,18.82,18.93,144542,2743175.75
2022-12-05,18.91,18.92,18.63,18.70,150223,2811341.75
2022-12-06,18.79,19.12,18.64,18.76,140640,2657289.75
2022-12-07,18.76,18.78,18.41,18.58,117622,2182959.25
2022-12-08,18.68,18.75,18.36,18.40,85329,1576658.75
2022-12-09,18.35,18.69,18.27,18.41,89840,1650438.50
2022-12-12,18.41,18.47,18.01,18.16,75977,1378635.00
2022-12-13,18.17,18.28,17.93,18.06,78031,1409042.25
2022-12-14,18.37,18.46,18.02,18.06,125837,2286274.25
2022-12-15,18.15,18.19,17.91,18.05,82258,1482861.00
2022-12-16,17.98,18.08,17.76,17.83,103962,1859669.38
2022-12-19,17.95,17.95,17.63,17.82,48687,865196.56
2022-12-20,17.62,17.94,17.59,17.94,37999,674404.88
2022-12-21,17.64,17.91,17.63,17.88,25767,458853.50
2022-12-22,17.68,17.94,17.66,17.89,31827,567582.63
2022-12-23,17.67,17.97,17.65,17.92,57836,1029839.00
2022-12-26,17.70,18.15,17.70,18.13,64512,1160377.25
2022-12-27,17.99,18.16,17.25,17.93,93606,1667813.75
2022-12-28,17.75,18.02,17.70,18.01,51591,918970.13
2022-12-29,17.99,18.75,17.73,18.53,240209,4402330.50
2022-12-30,18.56,18.70,18.25,18.70,112234,2080647.13
2023-01-03,18.51,18.73,18.51,18.71,50825,947470.38
2023-01-04,18.75,18.86,18.55,18.83,91850,1719357.25
2023-01-05,18.70,18.95,18.61,18.93,74224,1397240.13
2023-01-06,18.67,18.98,18.66,18.98,64465,1217489.75
2023-01-09,19.00,19.08,18.79,19.08,64960,1234652.25
2023-01-10,18.91,19.13,18.85,19.05,73910,1406449.13
2023-01-11,18.90,19.16,18.78,18.80,55225,1044200.63
2023-01-12,18.94,18.94,18.74,18.86,33680,633397.88
2023-01-13,18.73,18.80,18.44,18.49,58167,1081394.75
2023-01-16,18.56,18.86,18.43,18.50,87093,1618018.75
2023-01-17,18.44,18.85,18.44,18.80,107396,2001510.13
2023-01-18,18.61,18.81,18.51,18.69,53311,994058.69
2023-01-19,18.72,18.80,18.56,18.80,28249,527719.88
2023-01-20,18.80,19.09,18.74,19.07,85241,1618374.88
2023-01-30,19.17,19.53,19.17,19.49,146719,2851914.50
2023-01-31,19.54,20.86,19.29,20.55,673302,13624383.00
2023-02-01,20.50,20.56,19.76,20.14,405011,8148358.00
2023-02-02,19.94,20.45,19.86,20.12,363071,7280300.00
2023-02-03,20.12,20.31,19.90,20.12,196977,3948619.50
2023-02-06,20.38,20.93,20.00,20.10,422058,8604901.00
2023-02-07,19.92,20.08,19.88,19.98,84069,1675866.00
2023-02-08,19.93,20.03,19.80,19.99,63852,1270356.25
2023-02-09,19.96,20.44,19.96,20.26,178447,3607533.00
2023-02-10,20.14,20.35,20.00,20.17,90719,1824816.00
2023-02-13,20.17,20.60,20.00,20.47,227941,4643003.00
2023-02-14,20.23,20.48,20.12,20.39,91225,1850919.25
2023-02-15,20.47,20.48,20.02,20.20,134837,2717750.75
2023-02-16,20.20,20.34,20.03,20.14,233024,4697467.00
2023-02-17,20.15,20.20,20.02,20.10,87020,1748229.63
2023-02-20,20.17,21.47,20.07,21.15,591184,12432448.00
2023-02-21,21.15,21.98,20.95,21.29,468236,10108627.00
2023-02-22,21.08,21.38,20.89,20.89,160284,3375774.75
2023-02-23,21.08,21.35,20.70,20.73,132916,2794416.75
2023-02-24,20.93,20.93,20.35,20.54,119806,2450300.75
2023-02-27,20.54,20.63,20.35,20.50,107053,2185678.25
2023-02-28,20.40,20.46,19.99,20.30,190395,3868877.25
2023-03-01,20.26,20.63,20.22,20.62,85052,1737101.25
2023-03-02,20.50,20.64,20.31,20.42,77370,1585598.63
2023-03-03,20.62,20.62,20.09,20.30,118137,2397517.75
2023-03-06,20.44,21.70,20.20,21.01,222520,4664435.00
2023-03-07,21.26,21.30,20.41,20.60,176369,3681432.75
2023-03-08,20.74,20.97,20.55,20.63,88511,1834369.50
2023-03-09,20.66,21.79,20.66,21.33,529628,11278331.00
2023-03-10,21.28,21.29,20.01,20.29,395887,8103005.00
2023-03-13,20.35,20.48,19.80,19.95,209607,4193021.00
2023-03-14,20.09,20.09,19.58,19.80,198021,3907505.25
2023-03-15,19.79,19.98,19.72,19.85,98512,1954584.38
2023-03-16,19.71,19.85,19.62,19.73,113968,2242713.50
2023-03-17,19.73,19.84,19.62,19.84,55354,1091775.63
2023-03-20,19.66,19.91,19.66,19.89,50410,999276.06
2023-03-21,19.96,20.02,19.73,20.01,112754,2233286.25
2023-03-22,20.05,20.11,19.85,20.00,92590,1850184.00
2023-03-23,19.98,20.06,19.84,19.97,107579,2145018.25
2023-03-24,19.99,20.51,19.85,20.38,137653,2780159.75
2023-03-27,20.29,20.38,20.11,20.18,44640,901119.50
2023-03-28,20.35,20.35,20.01,20.13,32981,664298.00
2023-03-29,20.29,20.29,19.88,19.98,54625,1091225.50
2023-03-30,19.96,20.07,19.84,19.93,74531,1485191.13
2023-03-31,20.09,20.09,19.85,19.95,46167,922454.06
2023-04-03,19.85,20.46,19.66,20.42,148567,3007015.75
2023-04-04,20.40,20.40,20.03,20.13,129609,2619339.75
2023-04-06,20.05,20.45,20.02,20.19,113999,2317409.25
2023-04-07,20.08,20.50,20.08,20.37,71255,1448655.75
2023-04-10,20.42,20.42,20.07,20.07,93062,1875875.75
2023-04-11,20.26,20.40,19.93,20.00,64599,1295306.88
2023-04-12,19.88,19.97,19.69,19.83,90011,1783388.13
2023-04-13,19.91,19.91,19.71,19.71,61358,1213050.75
2023-04-14,19.89,19.90,19.73,19.85,83250,1650892.00
2023-04-17,19.95,20.34,19.94,20.25,131770,2656539.25
2023-04-18,20.25,20.52,20.20,20.48,151597,3093420.50
2023-04-19,20.46,20.47,20.06,20.35,84604,1716582.63
2023-04-20,20.37,21.27,20.16,21.00,305482,6373338.00
2023-04-21,21.00,21.17,20.80,21.01,228299,4783891.00
2023-04-24,20.97,27.30,20.97,25.02,2345891,58167852.00
2023-04-25,24.10,24.20,21.82,22.65,1621509,36848464.00
2023-04-26,22.45,23.27,21.45,23.23,907282,20346966.00
2023-04-27,23.20,24.49,22.67,24.43,1348603,32129240.00
2023-04-28,24.29,24.40,22.61,23.23,1078188,25499152.00
2023-05-04,23.23,24.93,22.62,24.30,1579865,38132380.00
2023-05-05,23.99,25.81,23.80,25.09,2002158,49966388.00
2023-05-08,25.35,26.08,24.52,25.00,1694910,42614756.00
2023-05-09,25.05,25.34,22.65,22.80,1279186,30658714.00
2023-05-10,22.60,23.30,22.06,23.05,636970,14415924.00
2023-05-11,23.24,23.56,22.80,23.00,367207,8510189.00
2023-05-12,22.81,23.53,22.59,23.23,346776,8048031.00
2023-05-15,23.43,24.19,23.10,23.96,766799,18290972.00
2023-05-16,23.74,23.74,22.82,23.10,585869,13583489.00
2023-05-17,23.05,23.22,22.51,23.06,508157,11624659.00
2023-05-18,23.00,23.65,22.96,23.64,476767,11112974.00
2023-05-19,23.39,24.69,23.39,24.33,817113,19713312.00
2023-05-22,24.15,25.26,24.00,24.80,765260,18977172.00
2023-05-23,24.69,25.17,24.17,24.98,571359,14211524.00
2023-05-24,25.18,25.18,24.36,24.80,418777,10380421.00
2023-05-25,24.50,24.89,24.25,24.48,569496,13898278.00
2023-05-26,24.58,24.60,23.34,24.15,578275,13939781.00
2023-05-29,24.30,25.29,23.98,24.65,404365,9991562.00
2023-05-30,24.79,24.80,23.61,24.14,352291,8441059.00
2023-05-31,24.03,24.57,24.03,24.15,292968,7122471.00
2023-06-01,23.99,24.17,23.55,23.58,170592,4047939.50
2023-06-02,23.50,24.38,23.40,24.10,249805,5992722.00
2023-06-05,24.10,25.20,23.90,24.40,358072,8794939.00
2023-06-06,24.40,24.52,24.15,24.32,391694,9553783.00
2023-06-07,24.01,24.01,22.22,22.23,861919,19639070.00
2023-06-08,22.25,22.38,21.68,22.24,248124,5454703.50
2023-06-09,22.25,22.41,21.93,22.04,219199,4822319.50
2023-06-12,21.85,22.08,21.72,21.96,111439,2437722.00
2023-06-13,21.81,22.78,21.81,22.48,177388,3994944.25
2023-06-14,22.48,22.77,22.48,22.67,93991,2132036.00
2023-06-15,22.87,22.96,22.40,22.55,82521,1871395.00
2023-06-16,22.74,22.74,22.05,22.56,71199,1589744.63
2023-06-19,22.36,22.49,22.00,22.13,153052,3385457.00
2023-06-20,22.15,22.40,22.03,22.36,137450,3058691.00
2023-06-21,22.24,23.68,22.17,23.38,416485,9688097.00
2023-06-26,23.45,23.59,22.82,23.18,316482,7323265.00
2023-06-27,23.07,23.31,22.65,22.99,198627,4297089.00
2023-06-28,22.80,22.95,22.60,22.84,124354,2833964.50
2023-06-29,22.68,23.21,22.68,23.06,268670,6181665.00
2023-06-30,23.23,23.24,22.91,23.04,97827,2247136.75
2023-07-03,22.84,23.21,22.62,22.72,158322,3612291.00
2023-07-04,22.92,23.45,22.71,23.00,250324,5767797.50
2023-07-05,22.91,22.97,22.67,22.73,158430,3606572.00
2023-07-06,22.70,22.80,22.16,22.19,265788,5971153.50
2023-07-07,21.96,22.21,21.85,22.03,322498,7100761.50
2023-07-10,22.22,22.25,21.88,22.04,165649,3649632.50
2023-07-11,22.17,22.17,21.95,21.95,170203,3743583.50
2023-07-12,21.88,22.05,20.78,20.93,362062,7688815.50
2023-07-13,21.09,21.18,20.60,21.14,267256,5573028.50
2023-07-14,20.97,22.15,20.96,22.00,425684,9288123.00
2023-07-17,21.95,21.95,21.50,21.67,115775,2508240.75
2023-07-18,21.86,22.15,21.52,21.70,162232,3537594.25
2023-07-19,21.74,21.83,21.30,21.45,63484,1367166.25
2023-07-20,21.26,21.46,20.50,20.96,191973,4006477.00
2023-07-21,20.99,21.00,20.80,20.90,49238,1027887.63
2023-07-24,20.90,21.51,20.88,21.13,167538,3554047.00
2023-07-25,21.34,21.58,20.88,21.15,189868,4018860.75
2023-07-26,21.00,21.21,21.00,21.16,44367,936095.88
2023-07-27,21.01,21.19,21.01,21.15,52618,1112651.75
2023-07-28,21.01,21.20,21.00,21.08,74394,1571480.75
2023-07-31,21.05,21.49,21.05,21.32,162073,3454145.00
2023-08-01,21.30,21.78,21.29,21.64,232529,5013786.50
2023-08-02,21.79,21.90,21.70,21.82,107460,2344457.00
2023-08-03,21.70,21.85,21.70,21.82,45386,988702.31
2023-08-04,21.82,21.82,21.63,21.78,74802,1625725.75
2023-08-07,21.75,21.76,21.65,21.74,28628,621275.06
2023-08-08,21.65,21.70,21.17,21.36,183276,3922478.50
2023-08-09,21.36,21.36,21.10,21.17,91897,1945189.25
2023-08-10,21.15,21.38,21.12,21.33,50370,1073899.88
2023-08-11,21.32,21.40,21.20,21.40,76740,1636425.63
2023-08-14,21.37,21.38,21.19,21.20,113141,2407952.00
2023-08-15,21.20,21.39,21.09,21.24,92751,1964691.00
2023-08-16,21.20,21.24,21.10,21.20,110044,2329581.75
2023-08-17,21.20,21.38,21.15,21.22,56134,1190453.75
2023-08-18,21.30,21.30,20.80,20.81,204989,4318522.00
2023-08-21,20.70,20.98,20.29,20.39,178254,3667479.00
2023-08-22,20.53,20.53,20.00,20.02,151011,3049164.25
2023-08-23,20.19,20.19,18.95,19.10,302116,5892908.00
2023-08-24,19.04,19.04,18.70,18.81,88075,1654897.63
2023-08-25,18.63,18.92,18.63,18.63,58637,1103999.38
2023-08-28,19.25,21.29,18.85,19.09,150031,2896090.50
2023-08-29,19.25,19.98,18.99,19.91,158697,3110758.25
2023-08-30,19.36,19.88,18.47,19.76,286151,5489336.50
2023-08-31,19.57,19.82,19.18,19.82,112491,2187481.00
2023-09-01,19.93,20.79,19.75,20.09,270283,5457668.00
2023-09-04,20.51,22.27,20.50,21.51,931425,19694490.00
2023-09-05,21.53,21.81,20.54,21.10,416264,8707743.00
2023-09-06,20.60,20.98,20.45,20.88,240231,4974434.50
2023-09-07,20.95,21.05,20.29,20.52,162945,3372048.50
2023-09-08,20.34,20.68,20.26,20.36,227804,4641977.00
2023-09-11,20.40,20.62,20.18,20.44,147604,3009655.75
2023-09-12,20.32,20.52,20.32,20.50,48828,999441.19
2023-09-13,20.31,20.50,20.30,20.40,124640,2544597.25
2023-09-14,20.59,20.59,20.40,20.41,51754,1056667.75
2023-09-15,20.35,20.43,20.28,20.43,63586,1295401.25
2023-09-18,20.26,20.47,20.25,20.38,121587,2477231.75
2023-09-19,20.31,20.42,20.31,20.31,64101,1304523.75
2023-09-20,20.17,20.38,20.16,20.27,37028,750270.88
2023-09-21,20.10,20.10,19.97,20.00,115229,2305261.75
2023-09-22,19.84,20.14,19.84,20.05,75674,1513700.88
2023-09-25,20.01,20.11,19.93,19.95,67518,1351320.00
2023-09-26,19.76,20.04,19.55,19.75,59471,1174044.00
2023-09-27,19.78,19.84,18.96,19.11,209228,4000015.00
2023-09-28,19.19,19.19,18.95,19.01,138846,2639746.75
2023-10-09,19.00,19.00,18.80,18.85,71562,1351288.75
2023-10-10,18.86,18.95,18.18,18.28,271064,5005435.00
2023-10-11,18.19,18.47,17.90,18.04,247892,4462909.50
2023-10-12,18.27,18.27,17.74,17.85,187455,3347122.25
2023-10-13,17.89,17.89,17.59,17.76,107215,1895026.38
2023-10-16,17.66,17.66,16.86,17.04,200986,3444424.50
2023-10-17,17.20,17.20,15.95,16.05,601530,9760194.00
2023-10-18,16.15,16.15,15.20,15.20,447242,6907139.00
2023-10-19,15.16,15.20,14.88,14.99,566127,8468918.00
2023-10-20,14.91,15.33,14.76,14.94,392477,5879003.00
2023-10-23,15.07,15.07,14.17,14.80,309258,4508047.50
2023-10-24,14.80,15.40,14.52,15.40,611430,9101991.00
2023-10-25,15.54,16.28,15.54,16.04,576594,9268351.00
2023-10-26,15.88,15.88,15.27,15.34,328150,5047348.00
2023-10-27,15.40,16.40,15.34,16.31,490634,7869061.50
2023-10-30,16.44,16.45,16.15,16.40,177734,2903058.75
2023-10-31,16.31,16.31,15.84,15.97,116569,1866978.00
2023-11-01,15.82,16.05,15.73,15.96,87418,1388707.88
2023-11-02,16.03,16.04,15.62,15.74,88714,1397571.13
2023-11-03,15.81,16.09,15.67,16.09,154416,2456250.00
2023-11-06,16.18,16.84,16.00,16.83,347855,5762013.00
2023-11-07,16.73,17.16,16.50,17.16,174889,2939657.25
2023-11-08,17.30,18.35,16.80,18.00,389145,6902354.00
2023-11-09,17.79,18.27,17.51,17.80,329564,5930162.00
2023-11-10,17.64,18.15,17.63,17.90,83143,1490750.25
2023-11-13,18.03,18.20,17.57,18.15,370191,6662934.00
2023-11-14,18.05,18.08,17.87,17.95,107989,1937224.63
2023-11-15,18.12,19.07,18.02,18.99,593026,11153956.00
2023-11-16,18.82,18.93,18.40,18.49,223950,4179741.75
2023-11-17,18.54,18.67,18.40,18.58,87650,1622093.75
2023-11-20,18.76,19.08,18.36,19.04,434604,8189467.50
2023-11-21,19.05,20.50,18.97,19.18,1864301,36877948.00
2023-11-22,19.18,20.64,18.78,20.63,2850172,56269608.00
2023-11-23,20.95,21.77,19.20,19.25,2994704,60683024.00
2023-11-24,19.56,21.36,18.90,20.88,3062589,61631308.00
2023-11-27,21.50,23.36,21.00,22.95,4614685,102643608.00
2023-11-28,21.94,23.41,21.04,21.97,3365437,74507712.00
2023-11-29,21.67,22.44,20.20,20.80,1948000,41436400.00
2023-11-30,20.52,21.18,19.53,19.63,1057109,21306874.00
2023-12-01,19.87,20.02,18.29,18.49,1245102,23469372.00
2023-12-04,18.62,18.62,16.78,17.80,1143060,20119728.00
2023-12-05,17.90,19.07,17.73,19.03,1607774,29821062.00
2023-12-06,19.20,19.50,18.41,18.68,1027451,19350172.00
2023-12-07,18.64,19.86,18.43,19.62,1414363,27188608.00
2023-12-08,19.50,19.98,19.19,19.77,1096672,21566870.00
2023-12-11,19.85,21.09,19.58,20.03,1280887,25942742.00
2023-12-12,19.99,20.02,19.05,19.96,809592,15918063.00
2023-12-13,19.94,20.55,19.50,20.20,1164750,23532310.00
2023-12-14,19.94,20.88,19.94,20.30,1246193,25540372.00
2023-12-15,20.06,20.15,19.50,20.03,898742,17829152.00
2023-12-18,20.03,20.44,20.00,20.44,1355164,27388468.00
2023-12-19,20.65,21.83,20.50,21.09,1756817,37015872.00
2023-12-20,21.00,21.58,20.68,21.39,1486871,31535714.00
2023-12-21,21.46,21.75,18.44,19.50,1807559,37445344.00
2023-12-22,19.31,20.08,18.50,19.56,942892,18162980.00
2023-12-25,19.37,20.49,19.37,20.33,859921,17179182.00
2023-12-26,20.33,20.89,19.63,20.20,1000931,20378144.00
2023-12-27,20.05,21.70,19.90,21.34,2070283,43481972.00
2023-12-28,21.90,25.00,21.59,23.10,4127870,94839472.00
2023-12-29,22.52,24.01,22.03,23.04,3326862,76616344.00
2024-01-02,22.75,24.72,22.43,23.84,3075747,73058520.00
2024-01-03,24.00,24.52,23.00,23.35,1435446,33932356.00
2024-01-04,23.12,23.39,22.01,22.96,1397528,31746952.00
2024-01-05,22.84,23.06,21.20,21.30,2009760,44007108.00
2024-01-08,21.49,21.94,20.10,20.17,1303577,27126312.00
2024-01-09,20.27,20.48,19.44,19.88,1243989,24701884.00
2024-01-10,20.03,20.78,19.08,20.33,1088527,21742588.00
2024-01-11,20.21,20.96,20.21,20.70,841285,17281096.00
2024-01-12,20.90,20.98,19.47,19.83,1212381,24424952.00
2024-01-15,19.63,20.24,19.00,19.42,677877,13171948.00
2024-01-16,19.59,20.76,19.00,20.57,1249263,24634882.00
2024-01-17,20.37,21.42,20.00,20.22,1235640,25021754.00
2024-01-18,20.22,20.50,19.32,20.45,1207005,24052286.00
2024-01-19,20.26,21.00,20.26,20.77,1546079,31607476.00
2024-01-22,20.60,20.72,19.29,19.29,987218,19688010.00
2024-01-23,19.20,19.48,19.00,19.18,697035,13373277.00
2024-01-24,19.35,19.37,17.96,18.72,1248889,23002128.00
2024-01-25,18.53,18.72,18.10,18.52,749684,13806388.00
2024-01-26,18.37,18.88,18.07,18.15,494352,9127883.00
2024-01-29,18.08,18.29,17.12,17.24,541920,9479491.00
2024-01-30,17.07,17.50,16.86,17.01,469632,8042346.50
2024-01-31,17.01,17.59,16.86,16.93,456112,7863169.00
2024-02-01,17.07,17.19,16.50,16.68,263357,4440440.00
2024-02-02,16.68,16.80,15.46,15.93,620947,9949925.00
2024-02-05,15.78,15.78,14.44,15.20,699116,10479202.00
2024-02-06,15.35,16.73,14.90,16.15,630923,10147887.00
2024-02-07,16.31,17.40,16.10,16.66,773806,13096869.00
2024-02-08,16.83,18.79,16.00,18.07,1679778,29950984.00
2024-02-19,17.79,18.07,16.88,18.00,1050764,18348930.00
2024-02-20,17.69,18.20,17.45,17.72,715599,12694307.00
2024-02-21,17.60,17.95,17.31,17.72,682837,12060924.00
2024-02-22,17.58,18.00,17.50,17.56,530446,9374378.00
2024-02-23,17.73,17.79,17.04,17.12,638964,11040453.00
2024-02-26,17.12,17.43,17.01,17.15,450909,7765790.50
2024-02-27,17.07,18.05,17.07,17.95,958101,17043126.00
2024-02-28,17.95,19.34,17.51,17.69,1744323,31864288.00
2024-02-29,18.40,19.88,18.13,19.75,2398274,45427420.00
2024-03-01,19.70,19.99,18.80,19.86,2040314,39458264.00
2024-03-04,19.87,20.62,19.11,19.70,2026970,40334972.00
2024-03-05,19.30,19.30,18.50,18.73,1089413,20488506.00
2024-03-06,18.73,19.35,18.66,18.90,789301,15041435.00
2024-03-07,19.00,19.08,18.02,18.02,673241,12422466.00
2024-03-08,18.15,18.30,17.76,18.05,438243,7890922.50
2024-03-11,18.05,18.10,17.45,17.99,538114,9563060.00
2024-03-12,18.09,18.09,17.62,18.02,597816,10636362.00
2024-03-13,18.00,18.05,17.65,17.80,312752,5556439.50
2024-03-14,17.66,17.88,17.59,17.65,301186,5337996.00
2024-03-15,17.66,18.32,17.35,18.22,724032,13038142.00
2024-03-18,18.11,18.18,17.64,18.00,701177,12572986.00
2024-03-19,17.89,18.04,17.70,17.75,397280,7090728.00
2024-03-20,17.80,17.90,17.69,17.80,333850,5941013.50
2024-03-21,17.97,18.05,17.73,17.78,278782,4974644.00
2024-03-22,17.65,17.84,17.28,17.30,471885,8263723.00
2024-03-25,17.99,18.70,17.65,17.86,1367232,24893938.00
2024-03-26,18.09,18.50,17.15,17.44,783005,13813281.00
2024-03-27,18.33,18.33,17.11,17.23,407919,7198813.00
2024-03-28,17.12,17.86,17.10,17.54,436371,7638799.50
2024-03-29,17.46,17.61,17.14,17.39,214114,3704939.00
2024-04-01,17.49,17.88,17.25,17.60,318374,5578957.50
2024-04-02,17.73,17.73,17.20,17.44,219291,3807605.00
2024-04-03,17.50,17.50,17.15,17.33,182884,3152633.00
2024-04-08,17.23,17.39,17.00,17.00,209767,3605665.00
2024-04-09,17.00,17.22,16.63,16.90,281751,4748810.50
2024-04-10,16.99,17.46,16.82,16.97,346691,5962129.00
2024-04-11,16.75,17.00,16.38,16.51,269804,4476923.50
2024-04-12,16.66,16.67,16.37,16.37,98184,1618046.75
2024-04-15,16.53,16.68,16.10,16.12,208503,3391845.00
2024-04-16,16.28,17.08,15.19,16.23,438202,7096487.00
2024-04-17,16.39,17.05,16.39,16.96,239045,4022487.50
2024-04-18,17.05,17.27,16.75,16.82,247709,4213911.50
2024-04-19,16.70,16.82,16.34,16.39,133512,2202433.50
2024-04-22,16.52,16.52,16.00,16.00,176434,2859773.75
2024-04-23,16.15,16.24,15.98,16.08,127670,2052479.50
2024-04-24,16.07,16.28,16.07,16.22,181474,2930923.50
2024-04-25,16.28,16.35,16.14,16.21,64748,1052624.50
2024-04-26,16.16,16.39,16.08,16.36,152842,2489548.00
2024-04-29,16.33,16.79,16.33,16.66,201467,3351718.75
2024-04-30,16.66,17.34,16.66,17.00,280195,4765398.50
2024-05-06,17.16,17.32,16.90,17.21,382070,6558437.00
2024-05-07,17.26,18.28,17.08,17.79,669987,11918919.00
2024-05-08,17.62,17.66,17.35,17.50,265859,4653205.50
2024-05-09,17.54,17.79,17.50,17.65,181561,3208632.00
2024-05-10,17.66,17.69,17.40,17.60,141662,2486509.50
2024-05-13,17.48,17.80,17.43,17.76,330278,5846197.00
2024-05-14,17.79,18.08,17.67,17.73,273664,4899126.50
2024-05-15,17.77,17.81,17.21,17.39,171742,2998392.75
2024-05-16,17.39,17.72,17.22,17.29,153195,2673512.50
2024-05-17,17.41,17.54,17.27,17.49,189919,3300518.50
2024-05-20,18.10,18.48,17.92,17.93,743769,13560326.00
2024-05-21,18.05,18.05,17.50,17.88,320678,5661541.00
2024-05-22,17.86,18.16,17.85,18.13,191177,3456960.25
2024-05-23,18.03,18.77,17.74,18.25,737177,13514849.00
2024-05-24,18.23,18.23,17.50,17.51,297645,5292954.00
2024-05-27,17.50,17.75,17.46,17.60,148146,2604745.75
2024-05-28,17.66,18.95,17.59,18.25,803424,14837022.00
2024-05-29,18.05,18.35,17.56,17.77,531837,9547860.00
2024-05-30,17.75,17.79,17.48,17.63,288008,5068646.50
2024-05-31,17.71,17.74,17.10,17.13,359497,6207146.00
2024-06-03,17.25,17.37,16.86,16.86,238296,4083442.50
2024-06-04,16.80,17.10,16.80,17.10,157870,2681251.75
2024-06-05,17.12,17.59,16.93,17.00,146469,2525673.75
2024-06-06,17.10,17.42,16.16,16.17,263239,4373526.50
2024-06-07,16.19,16.70,16.19,16.24,180182,2950389.75
2024-06-11,16.26,17.40,16.20,16.91,354303,5984434.50
2024-06-12,16.93,17.00,16.66,16.90,163173,2746451.50
2024-06-13,16.92,17.19,16.70,16.78,168032,2842615.25
2024-06-14,16.78,17.10,16.74,16.78,282620,4759359.00
2024-06-17,16.77,17.09,16.50,16.98,331502,5569482.00
2024-06-18,16.96,17.05,16.68,16.79,153353,2577644.00
2024-06-19,16.80,17.76,16.72,17.13,494693,8518183.00
2024-06-20,17.11,17.82,16.83,17.55,749164,13061798.00
2024-06-21,17.44,17.88,17.25,17.44,440192,7717759.00
2024-06-24,17.42,17.42,16.39,16.43,483996,8059274.00
2024-06-25,16.44,16.57,16.03,16.36,310056,5072172.50
2024-06-26,16.34,16.49,16.14,16.34,394536,6455370.00
2024-06-27,16.36,16.59,16.12,16.39,260145,4253079.00
2024-06-28,16.39,16.67,16.30,16.40,203820,3355162.50
2024-07-01,16.38,16.44,16.32,16.43,117538,1924883.38
2024-07-02,16.44,16.49,16.36,16.44,78854,1294973.38
2024-07-03,16.42,17.35,16.32,16.72,313241,5267605.50
2024-07-04,16.70,16.74,16.00,16.26,279352,4580791.50
2024-07-05,16.28,16.28,15.65,15.95,213672,3391246.25
2024-07-08,15.97,16.07,15.63,15.86,79457,1262961.75
2024-07-09,15.88,16.36,15.82,16.30,136386,2189780.00
2024-07-10,16.28,16.39,16.19,16.19,34191,556344.13
2024-07-11,16.33,16.45,16.25,16.33,132967,2175506.75
2024-07-12,16.35,16.39,15.98,16.16,144632,2327545.50
2024-07-15,16.14,16.23,16.00,16.18,83324,1341071.75
2024-07-16,16.14,17.31,16.08,16.88,361449,6059755.50
2024-07-17,16.90,18.46,16.90,18.12,1464799,26249638.00
2024-07-18,18.30,18.30,16.83,17.30,970387,16825358.00
2024-07-19,17.13,18.77,17.13,17.90,1532803,27912414.00
2024-07-22,17.85,17.95,17.22,17.32,786374,13704016.00
2024-07-23,17.30,17.47,16.44,16.44,547613,9248987.00
2024-07-24,16.50,16.72,16.00,16.25,499412,8102101.50
2024-07-25,16.30,16.70,16.16,16.20,344925,5659815.00
2024-07-26,16.15,16.65,16.04,16.50,308580,5038695.00
2024-07-29,16.48,16.67,16.17,16.46,208849,3433696.50
2024-07-30,16.38,16.95,16.28,16.86,415920,6897742.00
2024-07-31,16.80,17.27,16.72,17.19,436168,7423335.00
2024-08-01,17.17,17.47,16.82,17.01,224561,3843546.00
2024-08-02,16.82,16.97,16.51,16.53,222997,3717606.25
2024-08-05,16.69,16.73,16.08,16.17,256419,4178092.25
2024-08-06,16.24,16.40,16.22,16.27,86734,1412936.38
2024-08-07,16.30,16.37,16.25,16.26,49024,798710.25
2024-08-08,16.21,16.33,15.97,16.11,179487,2893580.25
2024-08-09,16.30,16.69,16.19,16.19,204570,3366325.25
2024-08-12,16.05,16.16,15.99,15.99,138742,2226855.50
2024-08-13,15.95,16.07,15.88,16.05,63174,1009039.44
2024-08-14,16.04,16.15,16.00,16.03,36569,586575.50
2024-08-15,16.00,16.17,15.93,16.05,73674,1183852.00
2024-08-16,16.08,16.45,16.04,16.24,208156,3366829.00
2024-08-19,16.18,16.25,16.10,16.13,114515,1851590.38
2024-08-20,16.11,16.42,16.10,16.16,155959,2528238.50
2024-08-21,16.13,16.28,15.92,16.01,126873,2039508.38
2024-08-22,16.07,16.07,15.60,15.73,165220,2619665.75
2024-08-23,15.79,15.99,15.67,15.78,116097,1842596.38
2024-08-26,15.84,16.01,15.78,15.86,174191,2759157.25
2024-08-27,15.81,15.90,15.30,15.39,162959,2533648.25
2024-08-28,15.45,15.53,15.40,15.42,93796,1451221.13
2024-08-29,15.41,15.78,14.90,15.58,255998,3947375.25
2024-08-30,15.52,15.95,15.48,15.63,322028,5087890.00
2024-09-02,15.59,15.59,14.51,14.74,332946,5025414.50
2024-09-03,14.79,14.91,14.70,14.74,225174,3327221.50
2024-09-04,14.69,14.69,14.41,14.49,187288,2714189.75
2024-09-05,14.53,14.76,14.09,14.19,651316,9326055.00
2024-09-06,14.07,14.30,13.89,14.00,239119,3374893.75
2024-09-09,14.05,14.20,13.71,13.81,175269,2446751.50
2024-09-10,13.86,13.99,13.70,13.91,119564,1654818.13
2024-09-11,13.86,13.95,13.72,13.78,160717,2222573.25
2024-09-12,13.83,13.91,13.69,13.72,115781,1594389.75
2024-09-13,13.70,14.25,13.60,13.95,218601,3038525.50
2024-09-18,13.99,14.30,13.65,14.08,326202,4566424.00
2024-09-19,14.11,14.37,14.04,14.16,201832,2864304.25
2024-09-20,14.11,14.32,13.88,13.90,326155,4580261.00
2024-09-23,13.85,13.95,13.60,13.65,186060,2554222.75
2024-09-24,13.70,14.13,13.70,14.01,242154,3383844.50
2024-09-25,14.07,14.45,14.05,14.08,378754,5402303.00
2024-09-26,14.12,14.49,13.95,14.49,379530,5428979.50
2024-09-27,14.61,15.94,14.55,15.66,903652,13878707.00
2024-09-30,16.50,19.00,16.20,18.56,2676233,47172296.00
2024-10-08,24.12,24.12,22.82,24.12,8837937,212679760.00
2024-10-09,23.82,31.30,23.00,29.50,18679485,509329280.00
2024-10-10,28.28,28.28,20.65,23.40,11703912,289142592.00
2024-10-11,21.98,22.72,20.00,20.93,7389085,156311520.00
2024-10-14,21.13,23.88,19.90,23.28,7478597,163464256.00
2024-10-15,22.11,25.20,22.00,22.20,7537377,177085312.00
2024-10-16,21.00,22.98,20.53,22.19,4586619,101088448.00
2024-10-17,23.19,25.81,22.92,23.41,8652372,207863168.00
2024-10-18,23.94,30.43,23.85,30.43,13361788,366799200.00
2024-10-21,33.00,39.55,32.15,39.55,15208847,583745792.00
2024-10-22,37.00,41.98,31.65,35.40,15424386,571526208.00
2024-10-23,33.63,38.50,33.39,37.57,10934004,392061632.00
2024-10-24,35.50,45.60,35.20,43.04,14226135,583752192.00
2024-10-25,42.39,47.80,38.80,39.38,13461413,571012288.00
2024-10-28,37.80,39.97,36.13,37.60,8432806,317333568.00
2024-10-29,38.28,43.00,37.38,38.82,9812153,392081856.00
2024-10-30,37.78,39.51,34.82,36.52,7536908,277400000.00
2024-10-31,35.72,38.19,33.66,35.80,8363230,297394624.00
2024-11-01,35.02,36.30,30.34,30.66,6381527,210073808.00
2024-11-04,30.60,32.50,30.36,32.02,3631651,114994896.00
2024-11-05,32.01,36.78,31.33,35.82,7346486,258046400.00
2024-11-06,39.49,39.49,35.36,36.45,8228452,307589984.00
2024-11-07,35.33,37.70,34.60,37.03,6470404,234612688.00
2024-11-08,39.87,44.01,37.68,38.01,8614284,349587968.00
2024-11-11,38.60,41.99,38.10,39.59,7293658,290894912.00
2024-11-12,38.60,39.18,36.05,36.72,5568520,208326688.00
2024-11-13,36.00,38.21,35.35,38.08,4334784,160763664.00
2024-11-14,38.28,38.44,36.01,36.11,3249963,120768760.00
2024-11-15,36.15,37.37,35.07,35.58,3330880,120568360.00
2024-11-18,35.79,36.40,33.20,33.53,3018186,103705816.00
2024-11-19,33.60,35.16,30.60,35.16,4000974,132995752.00
2024-11-20,34.79,35.90,34.02,35.77,3419823,119632584.00
2024-11-21,35.70,36.60,35.40,36.20,3365940,121452272.00
2024-11-22,36.43,36.82,33.06,33.16,3195369,112601792.00
2024-11-25,33.00,33.81,31.29,32.55,2197969,71138712.00
2024-11-26,32.79,33.56,31.20,31.25,1720819,56111052.00
2024-11-27,31.13,32.50,29.52,32.20,2603444,81340768.00
2024-11-28,32.22,36.99,32.00,34.90,6572343,229534080.00
2024-11-29,33.90,36.60,33.20,35.49,5463313,190713232.00
2024-12-02,35.00,36.30,34.53,35.48,3593270,127175304.00
2024-12-03,35.48,35.48,35.48,35.48,0,0.00
#数据来源:通达信
