835508 殷图网联 日线 不复权
      日期	    开盘	    最高	    最低	    收盘	    成交量	    成交额
2016-01-15,6.00,6.00,6.00,6.00,19000,114000.00
2016-01-18,6.00,7.10,6.00,6.03,129000,776100.00
2016-01-19,6.00,12.00,6.00,6.00,122000,745420.00
2016-01-20,7.01,7.01,6.00,6.00,7000,43010.00
2016-01-21,6.00,7.03,6.00,6.00,9000,55030.00
2016-01-22,6.00,6.00,6.00,6.00,2000,12000.00
2016-01-25,6.00,7.12,6.00,6.56,4000,26240.00
2016-01-26,8.50,8.50,6.00,7.67,3000,23000.00
2016-01-27,8.50,8.50,8.00,8.10,5000,40500.00
2016-01-28,8.00,8.00,6.00,7.55,6000,42710.00
2016-01-29,7.50,7.50,7.50,7.50,1000,7500.00
2016-02-01,7.50,7.57,6.00,6.77,4000,27070.00
2016-02-02,7.80,7.80,7.80,7.80,1000,7800.00
2016-02-03,6.00,8.50,6.00,8.50,6000,46000.00
2016-02-04,6.00,6.00,6.00,6.00,1000,6000.00
2016-02-05,6.00,6.00,6.00,6.00,5000,30000.00
2016-02-17,9.00,9.00,9.00,9.00,1000,9000.00
2016-02-18,6.00,6.00,6.00,6.00,1000,6000.00
2016-02-19,8.00,8.00,8.00,8.00,1000,8000.00
2016-02-23,7.02,7.02,7.02,7.02,1000,7020.00
2016-03-02,8.20,8.20,8.20,8.20,2000,16400.00
2016-03-03,8.00,8.20,8.00,8.20,5000,40600.00
2016-03-09,7.20,7.20,7.20,7.20,1000,7200.00
2016-03-16,7.60,7.60,7.60,7.60,1000,7600.00
2016-03-17,7.65,7.65,7.65,7.65,1000,7650.00
2016-03-18,7.65,7.65,7.65,7.65,1000,7650.00
2016-03-21,7.68,7.68,7.68,7.68,1000,7680.00
2016-03-22,8.01,8.01,8.01,8.01,1000,8010.00
2016-03-23,7.60,7.60,7.60,7.60,1000,7600.00
2016-03-24,8.01,8.01,8.01,8.01,1000,8010.00
2016-03-25,8.00,8.10,8.00,8.05,4000,32100.00
2016-03-28,8.05,8.05,8.05,8.05,1000,8050.00
2016-03-29,6.00,8.08,6.00,7.04,2000,14080.00
2016-04-01,8.05,8.05,8.05,8.05,1000,8050.00
2016-04-11,7.95,7.95,7.95,7.95,1000,7950.00
2016-04-12,6.00,6.00,6.00,6.00,1000,6000.00
2016-04-14,7.80,7.80,7.80,7.80,1000,7800.00
2016-04-15,7.80,7.80,7.80,7.80,2000,15600.00
2016-04-19,6.00,7.98,6.00,6.99,2000,13980.00
2016-04-20,7.80,7.80,7.80,7.80,1000,7800.00
2016-04-21,7.00,7.07,7.00,7.07,2000,14070.00
2016-04-26,7.08,7.20,7.08,7.14,4000,28560.00
2016-04-27,7.80,7.80,7.80,7.80,4000,31200.00
2016-04-28,6.00,6.00,6.00,6.00,1000,6000.00
2016-04-29,7.50,7.50,6.00,7.50,3000,21000.00
2016-05-04,7.50,7.50,7.50,7.50,1000,7500.00
2016-05-09,7.50,7.50,7.50,7.50,1000,7500.00
2016-05-16,7.50,7.50,7.50,7.50,4000,30000.00
2016-05-18,7.50,7.50,7.00,7.25,2000,14500.00
2016-05-20,7.25,7.25,7.25,7.25,1000,7250.00
2016-05-25,7.88,7.88,7.88,7.88,1000,7880.00
2016-05-26,7.50,7.50,7.50,7.50,2000,15000.00
2016-05-27,6.88,7.80,6.88,7.35,5000,36760.00
2016-05-30,7.00,7.80,6.88,7.78,10000,76190.00
2016-05-31,7.80,7.88,7.79,7.83,9000,70340.00
2016-06-01,8.49,8.50,8.00,8.37,4000,33480.00
2016-06-02,7.31,7.31,7.31,7.31,1000,7310.00
2016-06-03,7.38,7.38,7.38,7.38,1000,7380.00
2016-06-06,7.20,7.20,6.00,6.60,2000,13200.00
2016-06-07,7.99,7.99,7.99,7.99,1000,7990.00
2016-06-08,8.00,8.00,8.00,8.00,1000,8000.00
2016-06-14,7.22,7.26,7.22,7.25,4000,29000.00
2016-06-15,6.99,6.99,6.99,6.99,1000,6990.00
2016-06-16,8.00,8.00,7.90,7.90,13000,103900.00
2016-06-17,7.08,8.00,7.08,7.54,2000,15080.00
2016-06-20,7.28,7.28,7.28,7.28,1000,7280.00
2016-06-24,7.10,7.18,7.10,7.18,2000,14280.00
2016-07-04,8.00,8.00,8.00,8.00,2000,16000.00
2016-07-13,7.50,7.58,7.50,7.58,10000,75720.00
2016-07-25,7.38,7.38,7.38,7.38,1000,7380.00
2016-07-26,7.51,7.51,7.51,7.51,2000,15020.00
2016-07-29,7.51,7.51,7.51,7.51,1000,7510.00
2016-08-01,7.95,7.95,7.95,7.95,1000,7950.00
2016-08-02,7.50,7.50,7.50,7.50,1000,7500.00
2016-08-03,7.88,7.88,7.88,7.88,6000,47280.00
2016-08-05,7.95,7.99,7.95,7.97,6000,47800.00
2016-08-08,7.58,7.58,7.58,7.58,1000,7580.00
2016-08-10,7.98,8.18,7.98,8.05,3000,24160.00
2016-08-18,8.00,8.00,8.00,8.00,1000,8000.00
2016-08-22,8.00,8.00,8.00,8.00,1000,8000.00
2016-08-23,8.00,8.00,8.00,8.00,1000,8000.00
2016-08-24,7.90,8.00,7.90,8.00,3000,23800.00
2016-08-31,8.00,8.00,8.00,8.00,1000,8000.00
2016-09-01,7.58,7.58,7.58,7.58,1000,7580.00
2016-09-08,7.58,8.30,7.58,8.29,3000,24160.00
2016-09-12,7.58,7.58,7.58,7.58,1000,7580.00
2016-09-13,7.59,7.77,7.59,7.68,2000,15360.00
2016-10-10,6.99,6.99,6.99,6.99,1000,6990.00
2016-10-11,6.99,6.99,6.99,6.99,1000,6990.00
2016-10-12,7.80,7.80,7.80,7.80,1000,7800.00
2016-10-13,7.80,7.80,7.80,7.80,2000,15600.00
2016-10-20,7.15,7.15,7.15,7.15,1000,7150.00
2016-11-09,8.00,8.00,8.00,8.00,1000,8000.00
2016-11-15,7.50,7.58,7.50,7.58,2000,15080.00
2016-11-23,7.90,7.90,7.90,7.90,1000,7900.00
2016-11-28,7.00,7.00,7.00,7.00,1000,7000.00
2016-11-29,7.60,7.66,7.60,7.66,2000,15260.00
2016-11-30,7.66,7.66,7.60,7.62,3000,22870.00
2016-12-07,7.58,7.58,7.58,7.58,1000,7580.00
2016-12-09,7.58,7.58,7.58,7.58,2000,15160.00
2016-12-12,7.57,7.58,7.57,7.57,3000,22720.00
2016-12-13,7.58,7.58,7.58,7.58,3000,22740.00
2016-12-14,7.60,7.60,7.60,7.60,1000,7600.00
2016-12-15,7.61,7.61,7.60,7.61,2000,15210.00
2016-12-16,7.58,7.58,7.58,7.58,3000,22740.00
2016-12-19,7.98,7.98,7.98,7.98,8000,63840.00
2016-12-21,7.58,7.98,7.58,7.85,3000,23540.00
2017-01-10,7.58,7.58,7.58,7.58,1000,7580.00
2017-01-12,7.58,7.58,7.58,7.58,1000,7580.00
2017-01-18,7.58,7.58,7.58,7.58,6000,45480.00
2017-01-19,7.58,7.58,7.58,7.58,7000,53060.00
2017-01-20,7.58,7.58,7.58,7.58,3000,22740.00
2017-01-26,7.00,7.00,7.00,7.00,5000,35000.00
2017-02-13,7.08,7.08,7.08,7.08,1000,7080.00
2017-02-14,7.08,7.08,7.08,7.08,1000,7080.00
2017-02-15,7.58,7.58,7.58,7.58,1000,7580.00
2017-02-16,7.58,7.58,7.58,7.58,1000,7580.00
2017-02-17,7.08,7.08,7.08,7.08,2000,14160.00
2017-02-21,7.58,7.58,7.58,7.58,4000,30320.00
2017-02-23,7.08,7.08,7.08,7.08,1000,7080.00
2017-02-27,8.00,8.00,8.00,8.00,3000,24000.00
2017-03-03,7.58,7.58,7.58,7.58,1000,7580.00
2017-03-06,7.58,7.58,7.58,7.58,1000,7580.00
2017-03-07,8.00,8.00,8.00,8.00,3000,24000.00
2017-03-15,7.60,7.60,7.60,7.60,1000,7600.00
2017-03-16,8.58,8.80,8.58,8.75,4000,34980.00
2017-03-17,8.80,8.80,8.80,8.80,1000,8800.00
2017-03-21,7.60,7.60,7.60,7.60,1000,7600.00
2017-03-23,8.80,8.80,7.38,7.38,2000,16180.00
2017-03-24,7.38,7.38,7.38,7.38,1000,7380.00
2017-03-27,8.88,8.88,7.70,7.70,3000,25460.00
2017-03-29,8.88,8.88,7.38,7.38,2000,16260.00
2017-03-30,8.88,8.88,8.88,8.88,1000,8880.00
2017-03-31,7.66,7.66,7.66,7.66,1000,7660.00
2017-04-05,8.88,8.88,8.88,8.88,3000,26640.00
2017-04-06,7.70,7.70,7.70,7.70,1000,7700.00
2017-04-11,5.00,5.00,5.00,5.00,2000000,10000000.00
2017-04-12,7.70,7.70,7.70,7.70,1000,7700.00
2017-04-14,8.00,8.00,8.00,8.00,1000,8000.00
2017-04-17,8.10,8.10,8.10,8.10,1000,8100.00
2017-04-18,8.88,8.88,7.66,8.07,3000,24200.00
2017-04-19,8.00,8.00,8.00,8.00,2000,16000.00
2017-04-21,8.20,8.20,8.00,8.10,2000,16200.00
2017-04-26,7.66,7.66,7.66,7.66,1000,7660.00
2017-05-04,8.18,8.18,8.18,8.18,15000,122700.00
2017-05-09,8.58,8.58,8.58,8.58,1000,8580.00
2017-05-11,8.58,8.58,8.58,8.58,6000,51480.00
2017-05-15,8.58,8.58,8.58,8.58,9000,77220.00
2017-05-31,7.66,8.00,7.66,7.83,2000,15660.00
2017-06-22,7.38,7.38,7.38,7.38,1000,7380.00
2017-06-28,7.88,7.88,7.88,7.88,1000,7880.00
2017-07-13,8.18,8.18,8.18,8.18,1000,8180.00
2017-07-21,7.38,7.38,7.38,7.38,1000,7380.00
2017-08-29,7.00,7.00,7.00,7.00,3000,21000.00
2017-08-30,7.00,7.00,7.00,7.00,3000,21000.00
2017-08-31,7.00,7.10,4.00,6.03,6000,36200.00
2017-09-01,6.60,7.20,6.60,6.90,4000,27600.00
2017-10-19,6.60,6.60,6.60,6.60,3000,19800.00
2017-12-22,7.28,7.28,7.28,7.28,30000,218400.00
2018-01-04,7.28,7.28,7.28,7.28,6000,43680.00
2018-01-08,7.38,7.38,7.38,7.38,1000,7380.00
2018-01-10,7.38,7.38,7.38,7.38,2000,14760.00
2018-03-07,7.18,7.18,7.18,7.18,1000,7180.00
2018-03-29,6.00,6.00,6.00,6.00,1000,6000.00
2018-03-30,6.00,6.00,6.00,6.00,1000,6000.00
2018-04-17,5.31,5.37,5.31,5.37,6000,32160.00
2018-04-18,5.37,5.37,5.37,5.37,5000,26850.00
2018-04-24,5.00,5.00,5.00,5.00,1000,5000.00
2018-05-10,4.78,5.00,4.78,5.00,18000,87800.00
2018-11-21,5.05,5.05,5.05,5.05,2000,10100.00
2019-03-26,5.05,5.05,5.05,5.05,500000,2000000.00
2019-07-03,4.85,4.85,4.85,4.85,260000,852800.00
2019-07-04,4.85,4.85,4.85,4.85,140000,459200.00
2019-12-24,5.28,5.28,5.28,5.28,7000,36960.00
2019-12-27,5.58,5.58,5.58,5.58,42000,234360.00
2020-01-07,6.58,6.58,6.58,6.58,6000,39480.00
2020-03-04,6.60,6.60,6.60,6.60,1000,6600.00
2020-03-18,6.60,6.60,6.60,6.60,1000,6600.00
2020-04-08,8.60,8.60,8.60,8.60,1000,8600.00
2020-04-20,8.60,8.60,8.60,8.60,1000,8600.00
2020-04-22,8.60,8.60,8.60,8.60,1000,8600.00
2020-04-23,8.60,8.60,8.60,8.60,1000,8600.00
2020-04-29,9.60,9.60,6.60,6.60,300,2580.00
2020-04-30,9.88,9.88,9.88,9.88,200,1976.00
2020-05-06,9.88,9.88,9.88,9.88,1800,17784.00
2020-05-12,9.00,9.90,9.00,9.42,4700,45134.00
2020-05-13,10.50,10.50,10.50,10.50,600,6300.00
2020-05-19,10.03,10.03,10.03,10.03,2000,20060.00
2020-07-27,18.00,18.80,8.01,11.20,4770700,54968500.00
2020-07-28,11.49,11.95,10.61,11.61,1567600,17856316.00
2020-07-29,11.90,13.81,11.79,13.26,1972800,25305284.00
2020-07-30,13.50,15.40,13.42,14.52,2093900,30566666.00
2020-07-31,14.50,17.77,14.50,17.40,1608500,25630580.00
2020-08-03,17.41,19.95,17.41,18.10,1810200,34297888.00
2020-08-04,18.09,18.34,16.63,16.83,1322800,22908282.00
2020-08-05,17.25,18.93,16.96,17.25,930900,16491607.00
2020-08-06,17.53,17.53,15.50,16.18,1043500,16993280.00
2020-08-07,16.15,16.48,15.35,15.60,492400,7727578.00
2020-08-10,15.89,16.05,14.80,15.08,607200,9272892.00
2020-08-11,15.09,15.70,14.70,15.00,577800,8823320.00
2020-08-12,15.03,15.05,13.39,13.95,959800,13390774.00
2020-08-13,13.93,14.43,13.69,13.88,303700,4254954.50
2020-08-14,13.61,14.09,13.60,14.07,168700,2330593.00
2020-08-17,14.00,14.66,13.73,14.25,415800,5912485.00
2020-08-18,14.29,14.60,14.00,14.00,213900,3038551.75
2020-08-19,13.73,13.88,13.15,13.19,412000,5513787.00
2020-08-20,13.21,13.43,12.78,13.08,93900,1236200.13
2020-08-21,13.27,13.27,12.61,12.99,292700,3771036.00
2020-08-24,12.89,12.99,12.51,12.65,210200,2680741.00
2020-08-25,12.86,12.86,12.50,12.76,275700,3486003.25
2020-08-26,12.83,14.99,12.81,13.75,607600,8471132.00
2020-08-27,13.42,13.50,12.26,12.50,934100,11834886.00
2020-08-28,12.59,12.63,12.03,12.40,592200,7244503.00
2020-08-31,12.55,12.55,12.23,12.39,162200,2004693.88
2020-09-01,12.25,12.45,12.22,12.35,83900,1037598.88
2020-09-02,12.30,12.45,12.00,12.07,242700,2945954.00
2020-09-03,12.05,12.12,11.99,12.00,180100,2167124.25
2020-09-04,11.96,12.15,11.92,12.07,48900,587813.44
2020-09-07,12.08,12.20,11.71,11.72,121700,1450367.75
2020-09-08,12.00,12.00,11.61,11.77,78100,920265.50
2020-09-09,11.65,11.88,11.51,11.52,190900,2222824.75
2020-09-10,11.52,11.75,11.05,11.18,111700,1278080.50
2020-09-11,11.20,11.26,11.01,11.18,116500,1291632.13
2020-09-14,11.78,11.78,11.10,11.35,66000,757030.50
2020-09-15,11.40,11.60,11.31,11.48,63300,722892.69
2020-09-16,11.68,11.68,11.34,11.35,36500,416308.59
2020-09-17,11.52,11.52,11.34,11.45,43000,490168.31
2020-09-18,11.40,11.57,11.35,11.46,94200,1076079.50
2020-09-21,11.35,11.65,11.32,11.45,84100,962732.94
2020-09-22,11.37,11.47,11.32,11.33,75100,852653.50
2020-09-23,11.63,11.63,11.31,11.35,16800,190215.11
2020-09-24,11.88,11.88,11.12,11.12,33900,380463.28
2020-09-25,11.09,11.54,11.07,11.33,60900,685536.00
2020-09-28,11.10,11.20,10.92,11.00,82400,909035.44
2020-09-29,10.75,10.98,10.75,10.94,55800,605484.38
2020-09-30,10.95,11.51,10.94,11.22,64000,715308.06
2020-10-09,11.20,12.28,11.19,12.00,320400,3811232.50
2020-10-12,12.02,12.30,12.00,12.30,277900,3384102.00
2020-10-13,12.47,12.61,12.15,12.54,381400,4710225.50
2020-10-14,12.41,13.26,12.41,13.02,423000,5479842.50
2020-10-15,12.68,13.00,12.50,12.54,239000,3047090.25
2020-10-16,12.54,12.69,12.33,12.56,152500,1913318.38
2020-10-19,12.79,12.96,12.56,12.72,106500,1357037.00
2020-10-20,12.98,12.98,12.04,12.33,190500,2346955.75
2020-10-21,12.46,12.46,11.95,12.02,122400,1477628.13
2020-10-22,12.03,12.14,11.83,12.10,73900,887435.38
2020-10-23,12.18,12.20,11.90,12.03,61000,737028.50
2020-10-26,11.96,11.99,11.51,11.70,85200,997802.06
2020-10-27,12.02,12.09,11.45,11.53,60700,701455.56
2020-10-28,11.50,11.55,11.40,11.42,58000,665561.63
2020-10-29,11.31,11.58,11.25,11.56,53100,605381.50
2020-10-30,11.32,11.70,11.29,11.39,104100,1184888.88
2020-11-02,11.33,11.45,10.96,10.96,182400,2020729.50
2020-11-03,10.88,11.18,10.80,11.04,115000,1256149.50
2020-11-04,10.90,10.99,10.85,10.85,145300,1583244.13
2020-11-05,10.88,11.00,10.78,11.00,89200,967086.44
2020-11-06,11.00,11.01,10.90,11.01,48600,531596.88
2020-11-09,11.10,11.10,10.74,10.83,346900,3754091.00
2020-11-10,10.87,10.91,10.50,10.52,213600,2268433.00
2020-11-11,10.68,10.68,10.22,10.28,167900,1745466.38
2020-11-12,10.29,10.38,10.25,10.27,186500,1889604.38
2020-11-13,10.29,10.29,10.08,10.10,138800,1403515.00
2020-11-16,10.12,10.36,10.09,10.15,48300,489785.88
2020-11-17,10.37,10.37,10.15,10.25,46800,478411.81
2020-11-18,10.20,10.25,10.10,10.17,57000,579934.19
2020-11-19,10.13,10.26,10.13,10.21,22400,228768.88
2020-11-20,10.15,10.27,10.05,10.16,118200,1196168.50
2020-11-23,10.03,10.18,10.03,10.12,44000,445546.69
2020-11-24,10.07,10.40,10.05,10.06,34600,349050.66
2020-11-25,10.06,10.15,9.99,10.00,95500,959072.75
2020-11-26,9.98,10.08,9.92,9.92,70000,697101.63
2020-11-27,9.91,9.99,9.88,9.97,59700,592727.13
2020-11-30,10.68,10.70,10.27,10.27,278800,2926238.75
2020-12-01,10.20,11.20,10.07,10.88,472400,5088409.50
2020-12-02,10.90,11.00,10.63,10.68,207900,2237093.00
2020-12-03,10.69,10.85,10.35,10.42,109400,1145265.88
2020-12-04,10.36,10.48,10.33,10.46,83500,867590.69
2020-12-07,10.23,10.63,10.23,10.39,62800,654364.50
2020-12-08,10.30,10.39,10.21,10.25,78800,810540.19
2020-12-09,10.15,10.19,9.90,9.92,138000,1383787.00
2020-12-10,10.05,10.05,9.90,10.02,33100,329710.06
2020-12-11,9.97,10.05,9.62,9.75,110400,1083017.88
2020-12-14,9.55,9.70,9.30,9.30,143700,1360089.13
2020-12-15,9.21,9.32,9.15,9.28,114600,1052402.88
2020-12-16,9.28,9.28,9.17,9.27,32700,301962.16
2020-12-17,9.21,9.35,9.21,9.29,98000,909251.25
2020-12-18,9.30,9.36,9.15,9.30,60400,563444.81
2020-12-21,9.30,10.31,9.28,10.30,453200,4462467.50
2020-12-22,10.37,10.57,9.90,9.98,113300,1146247.63
2020-12-23,9.98,10.20,9.78,9.99,55700,559989.63
2020-12-24,9.99,10.07,9.75,9.77,59500,583146.56
2020-12-25,9.54,9.77,9.54,9.72,21000,203183.73
2020-12-28,9.45,9.82,9.45,9.53,11900,113508.80
2020-12-29,9.48,9.70,9.48,9.70,48800,468533.81
2020-12-30,10.40,10.40,9.48,9.67,43400,425140.91
2020-12-31,9.66,9.96,9.63,9.67,24300,235381.75
2021-01-04,9.66,10.18,9.66,9.70,75500,739413.44
2021-01-05,9.69,9.69,9.49,9.56,56600,542897.94
2021-01-06,9.50,9.51,9.30,9.41,86100,809514.19
2021-01-07,9.25,9.33,8.81,9.04,195600,1776510.25
2021-01-08,9.00,9.03,8.75,8.86,75900,674182.69
2021-01-11,8.80,8.97,8.29,8.44,120700,1040236.00
2021-01-12,9.00,9.00,8.21,8.54,99400,838711.63
2021-01-13,8.42,8.51,8.18,8.24,134300,1110751.50
2021-01-14,8.15,8.23,8.03,8.17,141100,1139211.38
2021-01-15,8.30,8.30,8.10,8.13,50900,413834.81
2021-01-18,8.10,8.33,8.10,8.27,50500,417575.00
2021-01-19,8.24,8.30,8.17,8.29,24600,202713.55
2021-01-20,8.35,8.43,8.28,8.43,35800,300891.44
2021-01-21,8.56,8.75,8.46,8.62,145900,1263187.00
2021-01-22,8.66,8.95,8.55,8.88,79700,694133.25
2021-01-25,8.89,9.08,8.73,8.86,74200,661938.69
2021-01-26,8.56,8.86,8.51,8.54,48000,414902.69
2021-01-27,8.56,8.57,8.20,8.27,73700,612948.19
2021-01-28,8.15,8.32,8.15,8.20,25500,209717.55
2021-01-29,8.17,8.42,8.16,8.36,20800,170690.06
2021-02-01,8.21,8.37,8.21,8.33,26700,221711.20
2021-02-02,8.13,8.45,8.13,8.41,35400,295870.06
2021-02-03,8.30,8.34,8.21,8.34,15100,124711.40
2021-02-04,8.22,8.31,8.03,8.11,33200,270176.56
2021-02-05,8.39,8.40,8.10,8.14,27600,224516.34
2021-02-08,8.11,8.21,8.10,8.20,45100,366178.00
2021-02-09,8.17,8.19,8.03,8.17,34800,281133.75
2021-02-10,8.10,8.29,8.10,8.20,50900,414973.50
2021-02-18,8.30,8.35,8.18,8.31,54500,449686.16
2021-02-19,8.20,8.46,8.18,8.46,37500,312484.00
2021-02-22,8.27,8.62,8.27,8.40,52600,445876.59
2021-02-23,8.36,8.50,8.36,8.48,13800,115502.18
2021-02-24,8.48,8.48,8.26,8.47,24900,208886.00
2021-02-25,8.33,8.45,8.29,8.38,15200,127181.04
2021-02-26,8.23,8.31,8.22,8.30,22600,187161.00
2021-03-01,8.30,8.63,8.22,8.51,138800,1180016.38
2021-03-02,8.51,8.70,8.51,8.60,95400,822733.00
2021-03-03,8.70,8.70,8.47,8.69,63000,541115.63
2021-03-04,8.72,9.05,8.72,8.88,127300,1141683.75
2021-03-05,8.88,9.03,8.88,9.00,19800,176771.91
2021-03-08,9.06,9.06,8.55,8.81,62900,550278.13
2021-03-09,8.65,8.88,8.55,8.84,38000,332839.75
2021-03-10,8.85,8.97,8.62,8.80,27200,239332.52
2021-03-11,8.64,8.95,8.64,8.89,14600,128209.52
2021-03-12,8.80,8.85,8.76,8.82,18500,162410.53
2021-03-15,8.77,8.88,8.76,8.78,13000,114443.67
2021-03-16,8.77,8.99,8.77,8.96,30200,269247.25
2021-03-17,8.85,9.03,8.84,8.92,66800,593756.88
2021-03-18,8.89,8.93,8.63,8.93,52600,464127.72
2021-03-19,8.82,9.04,8.82,9.04,57100,514988.22
2021-03-22,9.15,9.43,9.05,9.39,165200,1520167.38
2021-03-23,9.36,9.48,9.29,9.40,64300,601515.13
2021-03-24,9.31,9.42,8.85,9.12,116000,1056801.25
2021-03-25,8.97,9.21,8.97,9.08,25200,229679.19
2021-03-26,8.92,9.27,8.92,9.12,15000,136997.69
2021-03-29,9.32,9.32,9.12,9.20,7500,69195.33
2021-03-30,9.08,9.23,9.08,9.19,2600,23811.00
2021-03-31,9.05,9.17,9.03,9.15,15800,143202.09
2021-04-01,9.05,9.15,9.02,9.11,16500,149955.56
2021-04-02,9.10,9.22,9.09,9.20,26800,245963.05
2021-04-06,9.13,9.35,9.10,9.25,14800,136402.00
2021-04-07,9.12,9.48,9.12,9.42,72300,679525.81
2021-04-08,9.54,9.70,9.35,9.59,133500,1278790.88
2021-04-09,9.59,9.72,9.59,9.68,90300,873052.19
2021-04-12,9.72,9.77,9.56,9.68,104600,1016451.25
2021-04-13,9.53,9.78,9.53,9.57,33800,328326.31
2021-04-14,9.43,9.65,9.42,9.55,22900,218489.70
2021-04-15,9.74,9.74,9.40,9.58,90700,854672.88
2021-04-16,9.45,9.70,9.45,9.68,18300,177036.16
2021-04-19,9.72,9.72,9.51,9.72,36100,350334.22
2021-04-20,9.61,9.72,9.60,9.68,45900,443943.75
2021-04-21,9.62,9.70,9.57,9.70,33300,321504.63
2021-04-22,9.60,9.70,9.60,9.61,33300,320447.84
2021-04-23,9.60,9.60,9.32,9.56,26300,249768.25
2021-04-26,9.59,9.90,9.57,9.61,74800,720048.31
2021-04-27,9.83,9.83,9.52,9.66,49000,471128.22
2021-04-28,9.60,9.80,9.35,9.35,81700,778973.81
2021-04-29,9.28,9.42,9.25,9.27,32200,299209.59
2021-04-30,9.28,9.29,8.88,9.01,165000,1497868.63
2021-05-06,9.12,9.14,8.88,9.13,64300,577212.38
2021-05-07,9.00,9.02,8.88,8.89,40800,363994.06
2021-05-10,8.92,8.94,8.74,8.75,108900,960282.13
2021-05-11,9.45,9.45,8.61,8.71,110300,962994.38
2021-05-12,8.71,8.78,8.65,8.77,13200,114574.66
2021-05-13,8.73,8.80,8.71,8.77,31800,277231.19
2021-05-14,8.73,8.85,8.73,8.83,47000,413996.19
2021-05-17,8.83,8.90,8.70,8.85,15100,133243.66
2021-05-18,8.80,8.87,8.73,8.75,73400,645665.69
2021-05-19,8.87,8.87,8.70,8.72,40300,352350.47
2021-05-20,8.78,8.78,8.71,8.75,54400,475152.19
2021-05-21,8.67,8.78,8.62,8.67,83000,720590.00
2021-05-24,8.70,8.70,8.58,8.69,37100,320134.91
2021-05-25,8.62,8.76,8.60,8.68,34500,299730.47
2021-05-26,8.66,8.79,8.65,8.77,40700,352919.06
2021-05-27,8.79,8.79,8.66,8.74,34100,298020.75
2021-05-28,8.72,8.79,8.45,8.68,37200,325067.53
2021-05-31,8.85,8.85,8.65,8.69,25400,221192.70
2021-06-01,8.78,8.78,8.66,8.77,43300,377370.38
2021-06-02,8.77,8.77,8.60,8.70,88000,760291.19
2021-06-03,8.64,8.76,8.64,8.69,23900,208016.98
2021-06-04,8.64,8.76,8.62,8.67,44800,388445.53
2021-06-07,8.80,8.94,8.68,8.89,130100,1142249.25
2021-06-08,8.90,9.03,8.86,9.01,132800,1190137.00
2021-06-09,9.06,9.30,8.95,9.27,102100,934314.44
2021-06-10,9.29,9.44,9.17,9.17,162100,1510644.25
2021-06-11,9.17,9.35,9.17,9.27,99000,922874.25
2021-06-15,9.29,9.35,9.12,9.16,114700,1054762.38
2021-06-16,9.13,9.17,9.02,9.12,52100,474507.78
2021-06-17,9.09,9.16,9.04,9.10,43000,390704.00
2021-06-18,9.07,9.16,8.96,9.16,58400,528309.50
2021-06-21,8.93,9.17,8.93,9.13,30900,281908.63
2021-06-22,9.10,9.21,9.00,9.13,114600,1049487.38
2021-06-23,9.15,9.27,9.15,9.26,56800,524177.56
2021-06-24,9.24,9.40,9.24,9.37,127000,1184741.75
2021-06-25,9.38,9.49,9.25,9.45,159400,1498159.88
2021-06-28,9.37,9.53,9.37,9.38,114900,1085624.88
2021-06-29,9.32,9.32,9.25,9.26,35600,330884.50
2021-06-30,9.23,9.44,9.23,9.28,13900,128958.04
2021-07-01,9.23,9.35,9.23,9.26,11100,103159.60
2021-07-02,9.27,9.40,9.20,9.33,14000,129895.46
2021-07-05,9.21,9.38,9.21,9.32,18000,167225.92
2021-07-06,9.39,9.39,9.21,9.33,25900,240818.00
2021-07-07,9.25,9.25,9.07,9.14,45100,410798.06
2021-07-08,9.10,9.15,9.00,9.11,26600,241255.00
2021-07-09,9.01,9.14,9.01,9.14,56000,510349.88
2021-07-12,9.14,9.29,9.14,9.24,94400,873112.81
2021-07-13,9.18,9.28,9.18,9.21,89900,829939.38
2021-07-14,9.35,9.35,9.25,9.30,97100,904416.75
2021-07-15,9.28,9.35,9.21,9.34,54600,506509.47
2021-07-16,9.44,9.53,9.35,9.49,219500,2068829.38
2021-07-19,9.50,9.86,9.50,9.50,303200,2953872.00
2021-07-20,9.54,9.63,9.21,9.37,131500,1234322.38
2021-07-21,9.50,9.50,9.26,9.38,57900,538781.88
2021-07-22,9.29,9.34,9.17,9.28,94500,870453.00
2021-07-23,9.11,9.30,9.11,9.19,70000,640410.13
2021-07-26,9.19,9.32,8.99,9.17,354400,3100774.25
2021-07-27,9.00,9.19,8.89,8.89,94700,854527.94
2021-07-28,8.84,8.84,8.68,8.68,89600,784838.19
2021-07-29,9.02,9.10,8.28,8.75,71500,621835.19
2021-07-30,8.95,8.95,8.54,8.70,75700,654511.44
2021-08-02,8.56,8.73,8.54,8.60,129900,1113469.75
2021-08-03,8.62,8.63,8.46,8.47,82700,703770.75
2021-08-04,8.49,8.58,8.42,8.42,115300,977405.25
2021-08-05,8.51,8.53,8.45,8.45,19800,168025.69
2021-08-06,8.43,8.58,8.38,8.40,75600,636154.56
2021-08-09,8.46,8.51,8.38,8.47,143300,1204353.00
2021-08-10,8.43,8.62,8.42,8.51,28100,238509.48
2021-08-11,8.48,8.54,8.47,8.52,43000,365830.19
2021-08-12,8.56,8.85,8.56,8.79,178000,1556161.75
2021-08-13,8.84,8.84,8.65,8.79,103000,898027.25
2021-08-16,8.89,8.93,8.70,8.71,108600,948423.44
2021-08-17,8.65,8.80,8.63,8.66,18600,161126.55
2021-08-18,8.48,8.71,8.43,8.67,30300,258692.55
2021-08-19,8.61,8.68,8.50,8.64,48200,413636.31
2021-08-20,8.57,8.68,8.51,8.68,50800,436790.03
2021-08-23,8.55,8.78,8.55,8.71,26900,232957.66
2021-08-24,8.62,8.92,8.60,8.70,37000,324193.47
2021-08-25,8.80,8.80,8.50,8.67,77600,663412.94
2021-08-26,8.53,8.66,8.31,8.43,142800,1200881.25
2021-08-27,8.13,8.25,7.95,8.00,442900,3567545.25
2021-08-30,7.79,8.04,7.76,7.76,152500,1193370.38
2021-08-31,7.95,8.00,7.73,7.85,134000,1049767.50
2021-09-01,7.98,8.04,7.86,8.00,89900,719528.31
2021-09-02,8.05,8.05,7.98,8.03,256800,2055602.00
2021-09-03,9.11,9.37,8.50,8.92,1087900,9719905.00
2021-09-06,9.15,11.59,9.15,11.23,2502200,26862074.00
2021-09-07,11.56,11.56,10.68,11.05,1056900,11696038.00
2021-09-08,10.99,11.35,10.68,11.24,646800,7117086.50
2021-09-09,11.25,12.60,11.00,12.55,978700,11693224.00
2021-09-10,12.75,13.78,12.55,13.08,957800,12634395.00
2021-09-13,13.30,13.78,12.15,12.72,836800,10748779.00
2021-09-14,12.89,13.10,12.48,12.64,374900,4797996.50
2021-09-15,12.60,12.68,11.78,11.98,298900,3626145.25
2021-09-16,12.05,12.25,11.18,11.24,330000,3791806.25
2021-09-17,11.40,11.87,11.25,11.86,144800,1676891.63
2021-09-22,12.98,13.27,12.28,12.96,640800,8235316.00
2021-09-23,13.27,13.39,12.85,12.93,283600,3729328.75
2021-09-24,12.93,13.47,12.29,12.89,275500,3474281.75
2021-09-27,12.94,12.94,12.04,12.35,143600,1780764.25
2021-09-28,12.56,12.56,12.23,12.36,74700,925982.50
2021-09-29,12.36,12.48,12.06,12.28,140600,1725214.13
2021-09-30,12.50,13.43,12.31,13.36,461200,6036759.00
2021-10-08,13.50,13.53,12.75,12.95,160000,2106271.25
2021-10-11,12.80,13.34,12.78,12.97,95200,1240522.50
2021-10-12,13.19,13.19,12.53,12.76,166800,2126857.50
2021-10-13,12.64,12.99,12.64,12.91,73400,941841.31
2021-10-14,13.00,13.02,12.58,12.74,81400,1033977.00
2021-10-15,12.63,12.83,12.63,12.82,31400,401248.94
2021-10-18,12.60,12.94,12.60,12.85,43200,547537.94
2021-10-19,12.61,12.88,12.61,12.80,88300,1128495.25
2021-10-20,12.90,13.32,12.73,13.10,104600,1363068.25
2021-10-21,13.06,13.20,12.91,13.10,80900,1055439.75
2021-10-22,13.09,13.16,12.85,13.09,58300,759106.06
2021-10-25,13.26,13.26,12.53,12.67,92900,1187807.88
2021-10-26,12.58,12.79,11.30,11.80,215300,2576524.25
2021-10-27,11.53,11.96,10.71,10.95,199200,2209847.00
2021-10-28,10.79,10.79,9.90,10.10,341900,3466587.00
2021-10-29,10.50,10.85,10.17,10.50,266600,2774607.00
2021-11-01,11.02,12.00,11.02,11.72,388500,4565570.00
2021-11-02,12.00,12.09,11.34,11.72,206100,2434172.25
2021-11-03,11.80,12.78,11.80,12.67,280000,3474201.75
2021-11-04,12.72,14.07,12.72,14.04,793600,10743520.00
2021-11-05,14.48,14.48,13.63,14.08,410600,5762868.50
2021-11-08,14.13,15.10,13.99,14.02,705200,10186940.00
2021-11-09,14.04,14.45,13.50,14.24,333900,4689927.00
2021-11-10,14.28,15.09,14.20,14.93,649200,9561427.00
2021-11-11,15.38,16.10,14.80,15.86,1026200,15954150.00
2021-11-12,15.45,16.07,14.80,15.55,772900,11943218.00
2021-11-15,15.50,16.48,13.16,13.30,1710600,24904634.00
2021-11-16,13.30,13.88,12.71,12.83,1177600,15585250.00
2021-11-17,12.93,13.25,12.69,12.92,567000,7309396.00
2021-11-18,12.90,12.94,12.03,12.41,592400,7367507.50
2021-11-19,12.31,12.49,12.07,12.19,352100,4300493.00
2021-11-22,12.37,12.80,12.35,12.59,480600,6041591.00
2021-11-23,12.60,13.31,12.50,13.03,529900,6896487.00
2021-11-24,13.14,13.30,12.70,12.74,268800,3459462.25
2021-11-25,12.70,12.92,12.66,12.84,247700,3167035.00
2021-11-26,12.72,12.84,12.41,12.59,242100,3037468.25
2021-11-29,12.48,12.48,12.18,12.34,332400,4083831.50
2021-11-30,12.40,12.45,12.16,12.24,188100,2310272.00
2021-12-01,12.24,12.24,11.89,12.00,283600,3407463.50
2021-12-02,11.93,12.20,11.91,12.01,248200,2980082.50
2021-12-03,12.14,12.15,11.71,11.73,223500,2651591.50
2021-12-06,11.74,11.77,11.01,11.24,260700,2975879.25
2021-12-07,11.39,11.39,10.88,11.02,196100,2180336.25
2021-12-08,11.10,11.25,11.05,11.10,155800,1737906.13
2021-12-09,11.10,11.38,10.94,11.37,183200,2053157.00
2021-12-10,11.30,11.37,11.16,11.23,128200,1443178.25
2021-12-13,11.24,11.43,11.24,11.33,104900,1190289.63
2021-12-14,11.32,11.78,11.23,11.74,362100,4222415.50
2021-12-15,11.52,11.78,11.52,11.67,179900,2095998.38
2021-12-16,11.67,11.79,11.61,11.64,104700,1224481.38
2021-12-17,11.70,11.83,11.10,11.40,149500,1719947.50
2021-12-20,11.37,11.57,11.05,11.28,120900,1364955.13
2021-12-21,11.22,11.40,11.22,11.40,81700,924599.50
2021-12-22,11.27,11.49,11.20,11.25,150800,1705213.00
2021-12-23,11.23,11.45,11.16,11.16,101200,1140654.88
2021-12-24,11.19,11.19,10.91,11.05,232100,2559715.00
2021-12-27,11.06,11.16,11.06,11.10,105400,1167746.38
2021-12-28,11.20,12.35,11.20,12.19,902900,10670862.00
2021-12-29,11.90,12.13,11.60,12.13,376200,4468353.00
2021-12-30,12.60,12.60,11.90,12.35,386400,4744349.00
2021-12-31,12.42,12.96,12.34,12.65,847300,10828883.00
2022-01-04,12.90,12.91,12.40,12.66,454600,5741859.50
2022-01-05,12.60,13.48,12.59,12.90,868200,11395735.00
2022-01-06,12.71,13.07,12.56,12.85,352200,4489618.50
2022-01-07,12.80,12.88,12.10,12.28,233900,2947675.50
2022-01-10,12.30,12.35,12.06,12.28,137053,1672908.88
2022-01-11,12.10,12.37,12.00,12.02,127105,1541674.50
2022-01-12,12.20,12.25,12.05,12.22,115358,1404197.88
2022-01-13,12.26,12.53,12.22,12.48,311185,3861168.50
2022-01-14,12.29,12.63,12.10,12.27,178075,2184156.50
2022-01-17,12.44,13.16,12.13,13.00,726746,9369739.00
2022-01-18,13.14,13.19,12.61,12.90,435689,5598251.50
2022-01-19,12.71,12.98,12.63,12.75,225655,2866086.75
2022-01-20,12.60,13.38,12.60,13.02,689833,9027244.00
2022-01-21,13.20,13.81,13.05,13.30,1013291,13593119.00
2022-01-24,13.31,13.40,12.60,12.62,505417,6541847.50
2022-01-25,12.69,12.69,11.80,11.81,448420,5422061.00
2022-01-26,12.00,12.10,11.60,11.84,152517,1810117.13
2022-01-27,11.80,11.80,11.12,11.14,191357,2176260.00
2022-01-28,11.21,11.49,11.16,11.35,114523,1293754.38
2022-02-07,11.50,11.80,11.50,11.74,148156,1737536.25
2022-02-08,11.63,11.74,11.55,11.66,106247,1241350.88
2022-02-09,11.66,12.15,11.66,11.97,159629,1913785.00
2022-02-10,11.80,12.17,11.58,11.90,71545,848082.25
2022-02-11,12.00,12.00,11.30,11.33,127652,1475796.25
2022-02-14,11.23,11.69,11.23,11.33,62418,715405.69
2022-02-15,11.31,11.47,11.20,11.47,104478,1174617.75
2022-02-16,11.46,11.57,11.28,11.38,80765,915390.31
2022-02-17,11.28,11.40,11.06,11.22,182606,2041927.63
2022-02-18,11.33,11.33,11.07,11.15,106949,1189161.50
2022-02-21,11.06,11.36,11.06,11.23,88753,989847.81
2022-02-22,11.15,11.21,11.00,11.14,91322,1010150.94
2022-02-23,11.23,11.23,11.06,11.18,75493,840522.63
2022-02-24,10.98,11.22,10.52,10.75,158328,1718536.25
2022-02-25,11.15,11.15,10.58,10.74,151486,1621281.75
2022-02-28,10.69,10.69,10.10,10.17,233217,2396401.00
2022-03-01,10.10,10.22,10.10,10.19,67332,682995.88
2022-03-02,10.07,10.50,10.07,10.25,60443,617309.50
2022-03-03,10.38,10.38,10.06,10.18,92676,940351.81
2022-03-04,10.07,10.22,9.81,9.91,171943,1708748.63
2022-03-07,9.93,10.00,9.62,9.70,111958,1095515.50
2022-03-08,9.85,9.85,9.45,9.70,101780,984097.19
2022-03-09,9.80,9.85,9.40,9.58,89185,858201.25
2022-03-10,9.83,9.86,9.61,9.68,61557,597427.63
2022-03-11,9.50,9.80,9.20,9.63,55980,532851.81
2022-03-14,9.68,9.70,9.32,9.32,48483,457121.06
2022-03-15,9.10,9.26,8.77,8.77,144044,1292962.75
2022-03-16,8.81,8.82,8.20,8.75,152809,1317929.50
2022-03-17,8.80,9.77,8.80,9.14,198225,1847470.88
2022-03-18,9.25,9.47,9.02,9.22,63650,590884.69
2022-03-21,9.26,9.26,9.05,9.18,48240,439604.22
2022-03-22,9.09,9.16,9.00,9.09,40699,368969.00
2022-03-23,8.95,9.18,8.95,9.00,54448,490672.84
2022-03-24,9.10,9.10,8.80,8.88,79433,708698.44
2022-03-25,8.76,8.90,8.76,8.80,28588,251920.41
2022-03-28,9.00,9.00,8.71,8.90,56397,500744.28
2022-03-29,9.18,9.18,8.81,8.82,53158,471382.88
2022-03-30,8.82,8.88,8.62,8.86,34547,303642.56
2022-03-31,8.88,8.88,8.65,8.77,58030,504532.69
2022-04-01,8.66,9.06,8.64,8.86,111679,991408.19
2022-04-06,8.73,8.89,8.72,8.81,80508,706966.69
2022-04-07,8.74,8.78,8.61,8.73,43000,374698.72
2022-04-08,8.79,8.79,8.54,8.67,53394,461577.13
2022-04-11,8.52,8.70,8.28,8.43,39659,336071.84
2022-04-12,8.28,8.63,8.23,8.61,65092,546479.81
2022-04-13,8.57,8.77,8.35,8.48,21150,180334.81
2022-04-14,8.65,8.67,8.35,8.51,40483,341768.41
2022-04-15,8.33,8.49,8.13,8.40,27912,232492.47
2022-04-18,8.20,8.48,8.20,8.40,25744,213178.88
2022-04-19,8.27,8.44,8.15,8.36,33398,273493.38
2022-04-20,8.35,8.42,8.15,8.31,48292,398484.69
2022-04-21,8.46,8.46,8.00,8.17,46989,382790.38
2022-04-22,8.08,8.10,7.94,8.00,68749,551174.06
2022-04-25,8.01,8.01,7.04,7.04,164418,1204735.00
2022-04-26,7.07,7.26,6.84,6.96,55337,391646.72
2022-04-27,6.94,7.13,6.70,7.13,62350,433966.53
2022-04-28,6.85,7.12,6.82,6.93,35900,250961.45
2022-04-29,6.93,7.59,6.87,7.21,32279,232036.06
2022-05-05,7.00,7.31,7.00,7.28,127356,914278.25
2022-05-06,7.18,7.25,6.99,7.13,147663,1038159.38
2022-05-09,7.11,7.14,7.04,7.11,68781,489445.13
2022-05-10,7.14,7.17,7.00,7.03,189118,1337165.38
2022-05-11,6.94,7.26,6.94,7.06,167146,1194322.75
2022-05-12,7.02,7.18,7.02,7.10,42555,301805.09
2022-05-13,7.11,7.77,7.06,7.48,238839,1750656.75
2022-05-16,7.48,7.77,7.46,7.55,196192,1490665.50
2022-05-17,7.62,7.62,7.37,7.56,77961,585333.75
2022-05-18,7.62,7.71,7.52,7.62,45967,350257.38
2022-05-19,7.21,7.74,7.21,7.69,70863,537231.88
2022-05-20,7.60,7.78,7.60,7.73,44051,337341.66
2022-05-23,7.57,7.77,7.57,7.72,64035,494863.66
2022-05-24,7.76,7.86,7.19,7.25,103406,774311.75
2022-05-25,7.47,7.47,7.29,7.43,28719,211695.39
2022-05-26,7.55,7.55,7.32,7.44,31390,235064.95
2022-05-27,7.54,7.54,7.36,7.38,28504,212292.55
2022-05-30,7.56,7.56,7.40,7.50,34244,255548.78
2022-05-31,7.59,7.65,7.47,7.58,55067,416570.69
2022-06-01,7.68,7.68,7.57,7.60,71926,547053.94
2022-06-02,7.62,7.77,7.55,7.69,106412,811299.88
2022-06-06,7.76,7.79,7.33,7.78,135265,1040172.25
2022-06-07,7.78,7.85,7.65,7.76,46453,359760.19
2022-06-08,7.75,7.80,7.51,7.72,74503,569836.50
2022-06-09,7.61,7.77,7.55,7.66,67153,512580.50
2022-06-10,7.65,7.75,7.62,7.75,42257,325931.50
2022-06-13,7.62,7.86,7.50,7.77,159219,1214818.88
2022-06-14,7.55,7.76,7.51,7.72,42089,322400.09
2022-06-15,7.73,7.81,7.64,7.77,52231,404727.00
2022-06-16,7.70,7.83,7.52,7.78,61545,472562.09
2022-06-17,7.74,7.74,7.52,7.63,21999,166735.09
2022-06-20,7.60,7.68,7.55,7.67,34056,260146.09
2022-06-21,7.68,7.68,7.61,7.62,51200,392184.00
2022-06-22,7.58,7.80,7.32,7.32,118409,888532.56
2022-06-23,7.44,7.46,7.30,7.46,80903,595752.88
2022-06-24,7.46,7.47,7.40,7.45,73617,546386.81
2022-06-27,7.52,7.52,7.41,7.46,51087,380139.47
2022-06-28,7.49,7.76,7.40,7.70,125375,958920.31
2022-06-29,7.68,7.77,7.61,7.67,87730,674197.75
2022-06-30,7.57,7.68,7.54,7.65,48989,372584.38
2022-07-01,7.67,7.67,7.56,7.65,15743,120092.89
2022-07-04,7.71,7.72,7.55,7.67,30577,232546.08
2022-07-05,7.61,7.62,7.56,7.62,9327,70752.66
2022-07-06,7.56,7.67,7.44,7.52,72285,543361.94
2022-07-07,7.57,7.57,7.42,7.49,36853,275004.50
2022-07-08,7.46,7.52,7.39,7.48,26805,199734.22
2022-07-11,7.46,7.49,7.35,7.44,47857,354368.97
2022-07-12,7.38,7.66,7.35,7.43,38598,285601.16
2022-07-13,7.43,7.46,7.38,7.43,38856,289238.13
2022-07-14,7.43,7.53,7.41,7.46,25274,187692.14
2022-07-15,7.43,7.46,7.30,7.33,48290,355052.91
2022-07-18,7.33,7.45,7.33,7.35,61000,449911.38
2022-07-19,7.29,7.39,7.28,7.31,43029,314589.59
2022-07-20,7.35,7.41,7.30,7.31,65903,482665.31
2022-07-21,7.28,7.35,7.20,7.25,53808,390492.75
2022-07-22,7.13,7.19,7.12,7.18,61024,436868.34
2022-07-25,7.22,7.22,7.15,7.16,50544,362533.59
2022-07-26,7.24,7.27,7.07,7.24,29167,208591.06
2022-07-27,7.32,7.42,7.19,7.37,57624,422163.09
2022-07-28,7.34,7.44,7.33,7.36,35373,261204.47
2022-07-29,7.34,7.39,7.27,7.39,31800,233357.92
2022-08-01,7.34,7.34,7.25,7.29,8529,62091.53
2022-08-02,7.25,7.36,6.92,7.10,88470,624014.31
2022-08-03,7.08,7.12,6.91,7.04,116307,815849.38
2022-08-04,7.01,7.04,6.93,7.02,79232,552542.69
2022-08-05,7.05,7.10,6.96,7.09,70191,493484.84
2022-08-08,6.98,7.11,6.98,7.08,33102,234998.84
2022-08-09,7.16,7.16,7.04,7.04,56136,396110.09
2022-08-10,7.11,7.14,6.98,7.14,90684,640556.75
2022-08-11,7.16,7.29,7.11,7.26,129545,932811.50
2022-08-12,7.21,7.29,7.17,7.24,89384,644347.81
2022-08-15,7.24,7.26,7.10,7.19,36730,263591.13
2022-08-16,7.23,7.29,7.07,7.25,59307,425602.78
2022-08-17,7.10,7.26,7.09,7.26,47421,340754.84
2022-08-18,7.16,7.23,7.00,7.09,208425,1472947.88
2022-08-19,7.03,7.10,6.91,6.99,219895,1536834.50
2022-08-22,6.94,7.02,6.92,7.00,53621,373811.28
2022-08-23,7.04,7.07,6.96,6.98,43067,302395.88
2022-08-24,6.97,7.02,6.83,6.98,308175,2130847.50
2022-08-25,6.96,7.00,6.80,6.88,78403,539799.81
2022-08-26,6.86,6.91,6.83,6.88,19980,136972.05
2022-08-29,6.80,6.96,6.80,6.83,38027,260710.91
2022-08-30,6.88,6.93,6.83,6.86,46883,320520.31
2022-08-31,6.96,6.97,6.80,6.97,23434,161012.25
2022-09-01,6.97,6.99,6.81,6.84,28221,194975.02
2022-09-02,6.89,7.00,6.83,6.98,40146,279000.97
2022-09-05,6.99,7.04,6.94,7.03,31101,217642.95
2022-09-06,7.06,7.08,7.02,7.05,18014,127088.04
2022-09-07,7.02,7.06,6.95,7.03,24101,168678.09
2022-09-08,7.05,7.06,6.96,7.00,70140,493715.72
2022-09-09,7.08,7.11,6.93,6.98,38010,267828.31
2022-09-13,6.92,7.05,6.84,6.96,61706,426698.75
2022-09-14,6.91,6.93,6.81,6.92,11400,78326.11
2022-09-15,6.97,6.97,6.79,6.80,20822,142046.36
2022-09-16,6.81,7.06,6.81,6.88,141980,989311.88
2022-09-19,6.90,7.07,6.88,7.07,138665,966713.06
2022-09-20,7.15,7.32,7.00,7.24,154361,1103870.88
2022-09-21,7.24,8.00,7.23,7.64,626018,4797406.00
2022-09-22,7.60,7.78,7.43,7.72,280634,2141633.25
2022-09-23,7.69,7.80,7.26,7.46,145337,1087354.63
2022-09-26,7.30,7.43,7.11,7.34,96899,700958.38
2022-09-27,7.29,7.31,7.11,7.26,108175,773783.81
2022-09-28,7.22,7.28,7.00,7.08,134150,948217.69
2022-09-29,7.14,7.14,6.80,6.97,95093,654866.25
2022-09-30,6.82,6.96,6.81,6.96,78107,533592.75
2022-10-10,6.94,6.94,6.71,6.84,55817,379146.44
2022-10-11,6.72,6.90,6.72,6.90,28440,193794.92
2022-10-12,6.74,6.91,6.71,6.91,63027,427554.56
2022-10-13,6.75,6.97,6.75,6.95,151604,1033285.69
2022-10-14,6.90,7.00,6.88,6.99,98614,685572.75
2022-10-17,6.85,7.01,6.85,7.01,21883,152513.30
2022-10-18,7.04,7.04,6.91,7.04,38635,269678.09
2022-10-19,7.05,7.05,6.93,7.02,20744,144406.77
2022-10-20,6.90,6.97,6.90,6.95,16500,114208.39
2022-10-21,6.87,7.01,6.86,6.97,34129,236131.00
2022-10-24,6.85,7.02,6.83,6.89,40801,280817.19
2022-10-25,6.92,6.92,6.73,6.91,13391,91869.71
2022-10-26,6.94,7.05,6.90,7.03,33651,233493.08
2022-10-27,7.05,7.05,6.90,6.99,9673,67066.99
2022-10-28,6.85,6.98,6.76,6.93,15746,108093.90
2022-10-31,6.60,6.89,6.42,6.70,96556,632475.69
2022-11-01,6.58,6.70,6.58,6.66,25748,171958.20
2022-11-02,6.71,6.77,6.69,6.77,30280,203822.41
2022-11-03,6.71,6.78,6.69,6.76,21406,144008.23
2022-11-04,6.76,6.88,6.64,6.86,30179,205840.16
2022-11-07,6.72,6.95,6.72,6.94,88417,610798.50
2022-11-08,6.95,6.95,6.72,6.88,17089,115759.80
2022-11-09,6.87,6.95,6.76,6.94,32887,226550.23
2022-11-10,6.86,6.94,6.81,6.83,5580,38260.80
2022-11-11,6.90,6.93,6.83,6.88,90062,618994.56
2022-11-14,6.95,6.96,6.79,6.90,14877,102197.86
2022-11-15,6.73,6.91,6.73,6.88,26456,181532.41
2022-11-16,6.82,6.92,6.70,6.89,41204,279488.81
2022-11-17,6.76,6.85,6.71,6.84,78279,528226.00
2022-11-18,6.75,6.87,6.75,6.80,41854,284066.84
2022-11-21,6.90,6.94,6.80,6.81,78808,541728.81
2022-11-22,6.82,6.96,6.76,6.76,43696,298337.13
2022-11-23,6.83,6.83,6.63,6.71,35852,241249.30
2022-11-24,6.77,7.07,6.71,6.76,17216,117596.33
2022-11-25,6.84,6.84,6.70,6.76,27888,187757.02
2022-11-28,6.66,6.69,6.63,6.66,163120,1086288.13
2022-11-29,6.72,6.72,6.65,6.70,39937,267161.56
2022-11-30,6.64,6.70,6.64,6.66,20932,139449.72
2022-12-01,6.78,6.78,6.64,6.69,41157,274981.75
2022-12-02,6.69,6.72,6.68,6.70,59501,398918.13
2022-12-05,6.66,6.90,6.66,6.85,176780,1209877.25
2022-12-06,6.83,6.92,6.83,6.89,108299,744766.81
2022-12-07,6.82,6.93,6.76,6.88,49263,336635.34
2022-12-08,6.87,6.87,6.75,6.76,36487,247300.09
2022-12-09,6.73,6.83,6.70,6.75,11399,76926.39
2022-12-12,6.81,6.81,6.68,6.78,20559,138340.02
2022-12-13,6.67,6.72,6.66,6.66,84247,562667.00
2022-12-14,6.63,6.69,6.52,6.53,112534,738024.50
2022-12-15,6.56,6.64,6.46,6.56,39942,260913.34
2022-12-16,6.61,6.61,6.43,6.52,45759,297391.34
2022-12-19,6.52,6.52,6.35,6.48,124675,795164.44
2022-12-20,6.36,6.44,6.32,6.35,26722,169690.53
2022-12-21,6.40,6.40,6.31,6.32,18397,116338.07
2022-12-22,6.31,6.44,6.28,6.28,37200,234372.66
2022-12-23,6.07,6.37,6.07,6.37,17293,108336.32
2022-12-26,6.15,6.39,6.02,6.37,10533,65583.19
2022-12-27,6.16,6.37,6.16,6.37,4084,25725.24
2022-12-28,6.28,6.36,6.27,6.27,4945,31098.98
2022-12-29,6.20,6.31,6.11,6.16,13700,84348.55
2022-12-30,6.16,6.81,6.16,6.19,36106,226942.69
2023-01-03,6.28,6.35,6.10,6.34,33614,210059.69
2023-01-04,6.24,6.33,6.24,6.33,200,1257.00
2023-01-05,6.21,6.33,6.21,6.21,48724,305019.97
2023-01-06,6.22,6.25,6.12,6.25,13636,84180.58
2023-01-09,6.19,6.20,6.16,6.16,58236,360141.31
2023-01-10,6.27,6.27,6.14,6.15,3993,24570.38
2023-01-11,6.15,6.22,6.15,6.22,7269,44800.04
2023-01-12,6.08,6.22,6.08,6.22,5900,36500.00
2023-01-13,6.35,6.38,6.17,6.22,7276,45317.72
2023-01-16,6.11,6.33,6.11,6.23,48349,304177.22
2023-01-17,6.34,6.34,6.23,6.24,9929,62263.70
2023-01-18,6.25,6.28,6.18,6.25,22579,141049.95
2023-01-19,6.32,6.36,6.18,6.36,14560,91725.64
2023-01-20,6.26,6.33,6.26,6.33,40700,256052.00
2023-01-30,6.33,6.42,6.33,6.34,28200,179525.66
2023-01-31,6.46,6.95,6.34,6.75,279290,1854436.25
2023-02-01,6.83,6.90,6.70,6.78,121418,820075.75
2023-02-02,6.58,6.84,6.58,6.60,93749,626338.06
2023-02-03,6.67,6.67,6.61,6.62,46762,310011.97
2023-02-06,6.78,6.78,6.55,6.62,8697,58041.99
2023-02-07,6.55,6.67,6.53,6.67,28158,185647.59
2023-02-08,6.60,6.66,6.56,6.66,19314,127514.49
2023-02-09,6.88,6.88,6.59,6.70,10125,67482.60
2023-02-10,6.61,6.70,6.61,6.68,28952,192218.56
2023-02-13,6.80,6.80,6.62,6.76,39720,267504.00
2023-02-14,6.68,6.76,6.59,6.59,41217,273131.28
2023-02-15,6.60,6.63,6.56,6.63,56460,372387.97
2023-02-16,6.60,6.63,6.51,6.53,81789,538665.88
2023-02-17,6.55,6.68,6.53,6.66,48500,320169.84
2023-02-20,6.31,6.78,6.31,6.65,32919,213969.09
2023-02-21,6.64,6.67,6.57,6.67,14200,93805.00
2023-02-22,6.61,6.61,6.56,6.60,14875,97764.25
2023-02-23,6.58,6.62,6.54,6.61,47595,312642.56
2023-02-24,6.54,6.61,6.51,6.54,23763,155427.44
2023-02-27,6.62,6.66,6.53,6.60,32200,212962.30
2023-02-28,6.62,6.62,6.56,6.60,1300,8568.00
2023-03-01,6.54,6.64,6.54,6.60,14538,95992.70
2023-03-02,6.56,6.63,6.50,6.60,15400,101065.82
2023-03-03,6.53,6.60,6.52,6.57,15303,99908.95
2023-03-06,6.62,6.64,6.53,6.64,93400,619281.25
2023-03-07,6.58,6.64,6.41,6.63,20047,131495.27
2023-03-08,6.51,6.62,6.47,6.58,32621,212301.77
2023-03-09,6.53,6.60,6.49,6.50,32320,211805.20
2023-03-10,6.58,6.58,6.30,6.52,32400,208316.00
2023-03-13,6.37,6.86,6.36,6.83,267978,1802370.75
2023-03-14,6.85,6.85,6.66,6.75,19500,131119.19
2023-03-15,6.60,6.77,6.60,6.76,45116,300941.31
2023-03-16,6.66,6.76,6.59,6.72,3200,21290.00
2023-03-17,6.56,6.81,6.56,6.69,29895,199331.84
2023-03-20,6.52,6.70,6.52,6.61,34317,224119.84
2023-03-21,6.60,6.76,6.60,6.76,22378,148582.92
2023-03-22,6.65,6.72,6.64,6.69,39352,262357.81
2023-03-23,6.70,6.70,6.58,6.68,67285,445457.31
2023-03-24,6.66,6.89,6.60,6.85,395075,2604140.50
2023-03-27,6.81,6.81,6.63,6.66,133356,891761.00
2023-03-28,6.61,6.65,6.54,6.54,50178,330392.63
2023-03-29,6.54,6.64,6.54,6.56,91540,602246.06
2023-03-30,6.56,6.58,6.45,6.54,68107,444885.03
2023-03-31,6.49,6.54,6.49,6.53,29114,189720.38
2023-04-03,6.65,6.65,6.50,6.53,59614,389211.03
2023-04-04,6.51,6.59,6.45,6.53,50744,330773.66
2023-04-06,6.44,6.51,6.39,6.41,39104,250815.98
2023-04-07,6.37,6.53,6.37,6.52,35915,230471.41
2023-04-10,6.52,6.52,6.40,6.40,26671,171777.05
2023-04-11,6.39,6.47,6.39,6.40,29500,189008.00
2023-04-12,6.50,6.50,6.39,6.44,37836,243328.80
2023-04-13,6.40,6.43,6.37,6.40,34469,220473.69
2023-04-14,6.38,6.46,6.38,6.38,30270,193613.59
2023-04-17,6.59,6.59,6.12,6.28,232759,1452523.13
2023-04-18,6.29,6.30,6.15,6.20,95728,593184.69
2023-04-19,6.16,6.24,6.13,6.14,29728,183263.55
2023-04-20,6.10,6.18,6.09,6.15,52231,319119.91
2023-04-21,6.15,6.16,6.04,6.06,56857,345845.22
2023-04-24,6.07,6.09,6.00,6.07,28877,174086.91
2023-04-25,6.19,6.19,6.00,6.05,45507,275527.59
2023-04-26,6.00,6.27,6.00,6.06,40109,242202.56
2023-04-27,6.08,6.08,5.99,6.07,71143,430122.47
2023-04-28,6.08,6.25,6.03,6.25,71709,442301.09
2023-05-04,6.20,6.25,6.10,6.25,26193,163196.66
2023-05-05,6.25,6.46,6.15,6.40,157940,1002502.75
2023-05-08,6.40,6.63,6.30,6.59,177936,1161679.50
2023-05-09,6.63,6.63,6.44,6.47,78512,514578.19
2023-05-10,6.41,6.58,6.32,6.39,41443,265556.16
2023-05-11,6.39,6.55,6.39,6.52,57306,372236.72
2023-05-12,6.60,6.61,6.41,6.52,68714,447188.78
2023-05-15,6.40,6.52,6.31,6.50,34300,222711.08
2023-05-16,6.42,6.53,6.42,6.49,40182,261119.30
2023-05-17,6.49,6.52,6.45,6.52,46103,299389.09
2023-05-18,6.45,6.51,6.44,6.50,9496,61551.27
2023-05-19,6.50,6.50,6.41,6.45,31074,200506.98
2023-05-22,6.48,6.60,6.38,6.56,165129,1074757.13
2023-05-23,6.47,6.53,6.41,6.52,106088,684390.88
2023-05-24,6.50,6.56,6.47,6.54,115021,747524.81
2023-05-25,6.52,6.52,6.43,6.51,36633,237898.50
2023-05-26,6.46,6.51,6.41,6.50,25256,162702.19
2023-05-29,6.48,6.50,6.45,6.49,31526,204096.56
2023-05-30,6.48,6.48,6.36,6.48,51667,331552.69
2023-05-31,6.44,6.48,6.39,6.46,47894,308100.91
2023-06-01,6.46,6.46,6.38,6.41,61530,394067.53
2023-06-02,6.36,6.42,6.32,6.36,202529,1292265.63
2023-06-05,6.10,6.24,6.06,6.07,118713,724953.38
2023-06-06,6.02,6.05,6.01,6.02,30091,181464.77
2023-06-07,6.01,6.11,6.00,6.06,27825,167354.81
2023-06-08,6.09,6.09,6.00,6.04,19146,115185.84
2023-06-09,5.99,6.00,5.95,6.00,39275,234988.36
2023-06-12,5.91,6.00,5.91,6.00,24504,145112.30
2023-06-13,5.97,5.98,5.90,5.98,28989,172128.03
2023-06-14,6.00,6.00,5.91,5.96,25904,153993.42
2023-06-15,6.00,6.01,5.94,5.98,21818,130636.88
2023-06-16,6.03,6.03,5.98,5.99,8875,53261.68
2023-06-19,5.90,6.12,5.90,5.97,6381,38322.52
2023-06-20,5.95,5.99,5.85,5.92,19607,115961.37
2023-06-21,5.92,6.13,5.88,6.01,25548,153157.09
2023-06-26,5.90,5.99,5.90,5.96,19601,115945.90
2023-06-27,5.87,5.98,5.87,5.98,5900,35173.00
2023-06-28,5.97,5.98,5.89,5.96,23223,137245.70
2023-06-29,5.96,6.19,5.94,6.08,76474,459028.63
2023-06-30,5.93,6.06,5.92,6.04,16700,99773.00
2023-07-03,6.05,6.11,6.03,6.10,9500,57596.26
2023-07-04,6.00,6.11,6.00,6.10,17542,106337.74
2023-07-05,6.03,6.12,6.03,6.12,10515,63919.70
2023-07-06,6.07,6.12,6.07,6.11,242700,1420884.00
2023-07-07,6.05,6.06,5.97,6.03,36165,218251.34
2023-07-10,6.01,6.10,6.01,6.10,183982,1113477.13
2023-07-11,6.00,6.12,6.00,6.11,134340,817119.69
2023-07-12,6.12,6.18,6.08,6.13,78525,481663.50
2023-07-13,6.14,6.19,6.14,6.18,60058,369764.38
2023-07-14,6.18,6.24,6.18,6.22,46186,287145.78
2023-07-17,6.12,6.18,6.02,6.16,66543,407211.69
2023-07-18,6.16,6.16,6.16,6.16,23070,142111.20
2023-07-19,6.29,6.29,6.16,6.17,35248,217440.94
2023-07-20,6.15,6.23,6.15,6.16,14806,91867.90
2023-07-21,6.16,6.20,6.16,6.20,11300,69614.00
2023-07-24,6.06,6.22,6.06,6.15,8400,51226.00
2023-07-25,6.18,6.23,6.18,6.23,12500,77453.96
2023-07-26,6.18,6.23,6.16,6.23,43573,269869.63
2023-07-27,6.19,6.25,6.19,6.20,7915,49047.79
2023-07-28,6.21,6.23,6.20,6.23,5640,35050.20
2023-07-31,6.29,6.30,6.25,6.28,18910,118790.90
2023-08-01,6.28,6.31,6.20,6.27,16973,106759.34
2023-08-02,6.21,6.28,6.18,6.24,6242,38839.56
2023-08-03,6.24,6.26,6.23,6.26,1900,11867.00
2023-08-04,6.38,6.38,6.25,6.28,6622,41769.26
2023-08-07,6.27,6.29,6.15,6.29,95589,594637.50
2023-08-08,6.24,6.27,6.23,6.27,47126,294254.97
2023-08-09,6.23,6.33,6.21,6.28,51066,317609.97
2023-08-10,6.29,6.29,6.23,6.25,19700,122929.87
2023-08-11,6.24,6.25,6.01,6.24,31794,197326.84
2023-08-14,6.11,6.19,6.08,6.19,14036,85677.71
2023-08-15,6.10,6.22,6.10,6.18,23181,141998.44
2023-08-16,6.11,6.17,6.05,6.07,13807,83976.60
2023-08-17,6.07,6.18,5.93,6.18,9370,56657.19
2023-08-18,6.12,6.16,6.08,6.08,6493,39663.56
2023-08-21,6.16,6.16,6.05,6.14,1700,10340.00
2023-08-22,6.02,6.14,6.02,6.14,22791,137789.31
2023-08-23,6.02,6.02,5.91,6.00,31912,191087.20
2023-08-24,6.06,6.08,5.93,6.00,18388,109764.61
2023-08-25,5.93,5.99,5.80,5.90,41503,243789.73
2023-08-28,5.37,6.49,5.37,5.93,53795,331065.97
2023-08-29,5.92,6.08,5.79,6.08,31696,187442.41
2023-08-30,6.13,6.13,5.96,6.05,18100,108376.00
2023-08-31,5.93,6.06,5.87,5.87,30265,180796.94
2023-09-01,5.96,5.98,5.94,5.94,12473,74386.08
2023-09-04,6.08,6.37,6.07,6.26,169080,1060411.00
2023-09-05,6.28,6.28,6.11,6.11,41895,257736.77
2023-09-06,6.22,6.22,6.13,6.18,10108,62293.06
2023-09-07,6.13,6.20,6.07,6.13,56555,344491.91
2023-09-08,6.07,6.12,6.03,6.10,33099,200836.69
2023-09-11,6.03,6.10,6.03,6.06,21943,133207.00
2023-09-12,6.06,6.13,6.06,6.08,9154,55603.49
2023-09-13,6.17,6.17,6.06,6.11,16780,102552.79
2023-09-14,6.06,6.15,6.06,6.13,21824,133800.20
2023-09-15,6.08,6.13,6.06,6.13,13185,79968.10
2023-09-18,6.06,6.12,6.05,6.10,50936,310151.75
2023-09-19,6.01,6.12,6.00,6.00,58031,349727.91
2023-09-20,5.98,6.05,5.98,6.03,14039,84093.85
2023-09-21,5.98,6.02,5.97,6.02,12600,75433.00
2023-09-22,5.97,6.04,5.95,6.04,11620,69758.80
2023-09-25,5.98,6.02,5.95,6.02,20696,123447.25
2023-09-26,6.02,6.02,5.87,5.95,20407,121356.35
2023-09-27,5.97,5.97,5.70,5.75,294526,1691271.13
2023-09-28,5.70,5.78,5.64,5.76,110758,635075.00
2023-10-09,5.77,5.77,5.64,5.71,38247,219163.45
2023-10-10,5.68,5.82,5.65,5.68,44909,256692.55
2023-10-11,5.81,5.81,5.68,5.71,27208,154844.14
2023-10-12,5.66,5.73,5.65,5.73,64187,364935.28
2023-10-13,5.65,5.70,5.65,5.70,14858,84088.98
2023-10-16,5.67,5.68,5.61,5.62,38004,214013.28
2023-10-17,5.65,5.65,5.57,5.62,55845,312359.31
2023-10-18,5.68,5.68,5.38,5.60,51262,282557.28
2023-10-19,5.55,5.67,5.52,5.65,10990,61319.82
2023-10-20,5.67,5.67,5.52,5.65,10003,56080.96
2023-10-23,5.67,5.67,5.44,5.57,71285,390754.72
2023-10-24,5.66,5.66,5.58,5.62,44489,250026.48
2023-10-25,5.81,5.81,5.62,5.70,30075,171697.95
2023-10-26,5.71,5.71,5.63,5.71,23936,135618.13
2023-10-27,5.79,5.79,5.67,5.75,17733,101778.39
2023-10-30,5.70,5.79,5.68,5.78,18852,107898.55
2023-10-31,5.76,5.83,5.70,5.80,9858,56680.54
2023-11-01,5.87,5.87,5.71,5.81,6400,37103.20
2023-11-02,5.81,5.87,5.70,5.79,41706,241792.20
2023-11-03,5.90,6.00,5.78,5.98,115854,687579.63
2023-11-06,5.98,6.12,5.90,6.03,51092,308085.75
2023-11-07,6.01,6.02,5.91,6.02,18562,110501.58
2023-11-08,6.01,6.18,6.01,6.14,77673,474095.78
2023-11-09,6.00,6.14,6.00,6.08,36894,224886.58
2023-11-10,6.09,6.19,6.00,6.08,24521,149438.66
2023-11-13,6.01,6.17,6.00,6.09,3692,22559.92
2023-11-14,6.02,6.20,6.02,6.20,87418,536480.25
2023-11-15,6.20,6.25,6.10,6.18,88683,549903.25
2023-11-16,6.17,6.18,6.08,6.14,49075,299923.47
2023-11-17,6.09,6.14,6.07,6.14,29426,179853.31
2023-11-20,6.16,6.34,6.01,6.33,115885,728902.31
2023-11-21,6.38,8.18,6.38,7.28,1782297,13278513.00
2023-11-22,7.20,9.46,7.00,9.46,3472894,29931444.00
2023-11-23,10.00,11.35,9.00,9.18,4350682,44366456.00
2023-11-24,8.65,11.93,8.62,11.93,6243975,68473064.00
2023-11-27,12.29,15.47,12.29,14.38,6891249,94679616.00
2023-11-28,12.08,13.80,12.03,12.44,4170230,54032164.00
2023-11-29,12.01,13.00,10.00,10.99,3680742,41561532.00
2023-11-30,10.90,11.18,10.10,10.58,1735553,18376768.00
2023-12-01,10.70,10.88,9.62,9.82,1866717,18928196.00
2023-12-04,9.82,10.08,9.38,9.58,1140979,11055848.00
2023-12-05,9.76,10.99,9.61,10.99,2957631,30980926.00
2023-12-06,11.40,12.50,10.65,10.71,3009751,34772188.00
2023-12-07,10.51,11.97,9.87,11.39,3527895,39768076.00
2023-12-08,11.43,12.90,11.21,12.85,4795894,58312300.00
2023-12-11,12.68,12.68,11.45,12.23,3301935,39547716.00
2023-12-12,11.88,13.31,11.76,13.15,3391793,43219952.00
2023-12-13,13.15,13.68,12.60,13.18,3411491,44926344.00
2023-12-14,13.19,13.66,12.72,13.01,3097384,41140132.00
2023-12-15,12.87,13.09,12.12,12.70,2501763,31423940.00
2023-12-18,12.88,13.40,12.65,13.08,2095929,27377834.00
2023-12-19,13.11,13.15,12.43,12.84,1692375,21498224.00
2023-12-20,12.76,13.97,12.71,13.57,3368962,44803180.00
2023-12-21,13.80,14.50,11.37,11.49,3341014,43080176.00
2023-12-22,11.30,11.77,10.84,11.50,1789542,20297916.00
2023-12-25,11.45,12.07,11.38,11.98,1804420,21212616.00
2023-12-26,11.98,12.49,11.61,12.37,1914417,22999334.00
2023-12-27,12.12,12.80,12.06,12.62,1902182,23618200.00
2023-12-28,12.62,13.08,12.26,12.80,2108492,26933214.00
2023-12-29,12.80,14.00,12.55,13.58,2961040,39688728.00
2024-01-02,13.55,14.34,13.15,14.17,3449313,48007928.00
2024-01-03,13.77,15.18,13.77,15.18,3644841,52728472.00
2024-01-04,14.79,15.51,14.04,14.92,3415653,50074684.00
2024-01-05,15.80,16.97,14.46,14.67,5942834,95189680.00
2024-01-08,13.68,15.20,13.18,13.20,4021002,56138352.00
2024-01-09,13.00,13.30,11.10,12.02,3272668,40701848.00
2024-01-10,11.88,12.43,11.33,12.36,2124842,25465530.00
2024-01-11,12.34,12.71,12.13,12.34,1739889,21550922.00
2024-01-12,12.30,12.63,10.75,10.75,2292256,26681262.00
2024-01-15,10.63,10.98,10.05,10.19,1258588,13078380.00
2024-01-16,10.60,11.31,9.80,11.28,1971257,20961068.00
2024-01-17,11.28,12.63,11.06,11.29,3347441,39741608.00
2024-01-18,11.03,11.80,10.64,11.80,2675835,30359732.00
2024-01-19,11.70,12.54,11.61,12.38,2683867,32725302.00
2024-01-22,12.31,12.98,11.80,12.75,2945049,36296604.00
2024-01-23,12.57,13.90,12.31,13.83,3745915,49617820.00
2024-01-24,13.43,13.64,12.70,13.20,3260702,42750860.00
2024-01-25,13.00,13.00,11.80,11.99,2894840,35609736.00
2024-01-26,11.99,12.26,11.38,11.47,1595865,18914008.00
2024-01-29,11.30,11.61,9.91,10.11,2091125,22029346.00
2024-01-30,9.79,10.36,9.75,10.28,1482035,14957705.00
2024-01-31,10.35,11.11,10.21,10.56,1888786,20162094.00
2024-02-01,10.45,10.58,9.86,9.97,1534732,15666742.00
2024-02-02,10.10,10.19,8.82,9.15,1415703,13347575.00
2024-02-05,9.12,9.12,7.87,8.40,1285293,10982948.00
2024-02-06,8.17,9.23,8.17,9.20,1372067,12310574.00
2024-02-07,9.40,10.50,9.30,9.55,2490918,24415002.00
2024-02-08,9.47,9.51,7.80,8.89,2683177,23416124.00
2024-02-19,8.98,9.34,8.83,9.27,1729509,15801460.00
2024-02-20,9.38,10.10,9.05,9.95,1873301,18104212.00
2024-02-21,9.87,10.26,9.70,9.76,1709722,17092270.00
2024-02-22,9.78,10.16,9.68,9.74,1342223,13194469.00
2024-02-23,9.66,9.82,9.35,9.44,1636583,15664928.00
2024-02-26,9.39,9.63,9.34,9.40,1037856,9846591.00
2024-02-27,9.40,10.10,9.38,10.10,2159761,21314022.00
2024-02-28,10.29,13.13,9.95,13.13,9308031,118057448.00
2024-02-29,11.70,13.20,11.65,12.80,7677525,94311224.00
2024-03-01,12.20,12.60,11.76,11.84,5010421,60555112.00
2024-03-04,11.71,12.50,11.36,11.36,3423114,40858288.00
2024-03-05,11.12,11.46,10.78,11.12,2656261,29386442.00
2024-03-06,11.09,12.36,10.93,11.84,4360718,51491192.00
2024-03-07,11.38,11.67,10.88,11.02,2853489,32245520.00
2024-03-08,10.91,11.26,10.43,10.66,2107408,22638438.00
2024-03-11,10.60,12.07,10.60,11.22,3257386,37106804.00
2024-03-12,11.00,11.33,10.74,11.00,2188928,23942968.00
2024-03-13,11.05,11.54,10.88,11.07,1864602,20737900.00
2024-03-14,11.07,11.26,10.42,10.72,1849330,19813892.00
2024-03-15,10.64,11.35,10.50,11.08,2074341,22956130.00
2024-03-18,11.20,11.50,11.01,11.35,1669624,18772820.00
2024-03-19,11.27,12.95,11.20,11.85,3618762,43670996.00
2024-03-20,11.61,12.80,11.44,12.00,2836621,34422736.00
2024-03-21,11.82,12.01,11.38,11.41,1898795,22058372.00
2024-03-22,11.37,11.57,10.80,10.85,1761230,19389658.00
2024-03-25,10.65,11.00,10.35,10.36,1246490,13261224.00
2024-03-26,10.30,11.45,10.22,11.45,3054913,33821088.00
2024-03-27,12.21,14.88,12.19,13.69,9460541,133588912.00
2024-03-28,12.65,13.38,12.21,13.00,6983667,88579936.00
2024-03-29,12.58,13.46,12.30,12.39,4488012,57241072.00
2024-04-01,12.39,13.24,12.10,12.10,3454845,43668648.00
2024-04-02,12.02,15.69,11.64,14.20,6718694,90205960.00
2024-04-03,13.46,17.51,13.30,15.33,7432558,117733008.00
2024-04-08,14.51,16.88,14.01,14.29,5672893,87848728.00
2024-04-09,14.01,18.57,14.01,18.57,8134774,137388704.00
2024-04-10,17.70,23.90,17.02,21.68,9445685,193273952.00
2024-04-11,21.00,23.00,19.66,21.68,7242045,153267280.00
2024-04-12,21.00,23.34,20.00,20.00,6521901,142637920.00
2024-04-15,20.00,20.00,17.08,17.57,5758609,105659952.00
2024-04-16,17.80,22.23,14.82,21.65,8450168,154593968.00
2024-04-17,20.80,27.99,20.37,25.25,8719019,205639456.00
2024-04-18,24.90,27.50,23.10,23.30,7354015,184795824.00
2024-04-19,22.41,24.90,22.20,23.28,6420818,151793056.00
2024-04-22,22.44,24.88,21.92,22.21,4942451,115533464.00
2024-04-23,22.22,23.42,21.02,21.50,5252848,116731520.00
2024-04-24,21.01,23.10,20.50,23.00,6221598,136344528.00
2024-04-25,22.57,26.66,22.34,24.49,7751212,189338784.00
2024-04-26,24.00,24.70,22.28,22.54,6005603,140408688.00
2024-04-29,21.99,23.66,21.82,22.08,5117422,115212768.00
2024-04-30,22.15,22.49,19.99,20.01,4341512,90258432.00
2024-05-06,20.51,21.67,20.00,21.33,4639280,97024072.00
2024-05-07,21.48,21.50,20.50,20.82,4072307,85347376.00
2024-05-08,20.04,20.47,19.23,19.35,3864848,76552544.00
2024-05-09,19.71,22.99,19.68,22.56,7552234,164300800.00
2024-05-10,21.80,21.85,20.16,20.33,5351234,112117152.00
2024-05-13,20.42,20.92,19.60,20.26,3004497,60701848.00
2024-05-14,20.78,21.60,20.18,20.52,3276701,68263424.00
2024-05-15,20.81,20.81,19.00,19.53,3487582,68935464.00
2024-05-16,19.70,20.58,19.30,19.61,3263103,64852024.00
2024-05-17,19.30,19.87,18.80,19.17,3079575,59276232.00
2024-05-20,19.10,19.18,18.30,18.48,2786847,51847564.00
2024-05-21,18.40,18.94,17.79,18.14,2253439,41129656.00
2024-05-22,18.39,19.43,18.20,18.70,3380236,63572128.00
2024-05-23,18.00,20.25,17.50,18.88,5190005,97431264.00
2024-05-24,18.33,20.68,18.16,19.68,5394393,106153512.00
2024-05-27,19.85,20.97,18.90,20.00,4732858,94950808.00
2024-05-28,19.99,20.00,19.00,19.25,3201212,61813624.00
2024-05-29,19.30,20.31,18.24,19.80,4230538,81004488.00
2024-05-30,19.30,19.90,18.58,18.59,3084332,59238944.00
2024-05-31,18.79,18.79,17.69,17.73,2427061,43899236.00
2024-06-03,17.70,18.26,17.17,17.23,1814933,31761828.00
2024-06-04,17.24,17.46,16.83,17.28,2082629,35847564.00
2024-06-05,17.18,17.38,15.95,16.06,2239184,37077676.00
2024-06-06,15.82,16.20,14.67,14.67,2305835,35279740.00
2024-06-07,14.77,15.09,14.37,14.72,1556207,23016444.00
2024-06-11,14.88,14.88,14.13,14.43,1211518,17564590.00
2024-06-12,14.49,14.80,14.40,14.53,1114104,16234443.00
2024-06-13,14.34,16.64,14.33,16.35,3525019,54344500.00
2024-06-14,15.98,17.77,15.82,16.60,4333487,73633120.00
2024-06-17,16.56,16.88,15.70,16.08,2481605,40264556.00
2024-06-18,16.00,16.20,15.35,15.45,2360780,37122584.00
2024-06-19,15.55,16.46,15.14,15.93,2842302,45208216.00
2024-06-20,15.62,15.82,14.63,14.79,2127170,32146358.00
2024-06-21,14.51,15.44,14.46,14.86,1354562,20200538.00
2024-06-24,14.70,14.95,14.00,14.01,1261221,18108568.00
2024-06-25,14.03,14.38,13.71,13.78,1146879,16070496.00
2024-06-26,14.00,14.67,13.49,14.35,1796334,25322670.00
2024-06-27,14.07,14.38,13.63,13.66,1460164,20255026.00
2024-06-28,14.12,15.30,14.03,14.41,2860903,42379268.00
2024-07-01,14.01,14.58,13.80,14.27,1753474,24823852.00
2024-07-02,14.01,14.48,14.01,14.04,1018947,14439139.00
2024-07-03,14.04,14.22,13.50,13.66,982439,13455251.00
2024-07-04,13.67,14.29,13.67,13.78,1010359,14093671.00
2024-07-05,13.98,13.98,13.28,13.54,835519,11300578.00
2024-07-08,13.38,13.56,12.43,12.53,1237719,15816674.00
2024-07-09,12.53,12.89,12.20,12.76,985544,12452568.00
2024-07-10,12.77,13.20,12.63,12.70,799311,10290849.00
2024-07-11,13.04,13.35,12.83,13.12,889464,11642533.00
2024-07-12,13.69,14.40,13.37,14.05,2442986,33990864.00
2024-07-15,13.79,14.22,13.51,13.51,1232966,16799934.00
2024-07-16,13.78,14.26,13.20,14.18,2022390,28098528.00
2024-07-17,13.99,16.35,13.99,15.95,4295567,66505520.00
2024-07-18,15.80,15.80,14.70,14.73,2544347,38323476.00
2024-07-19,14.73,15.52,14.40,14.53,1574254,23405686.00
2024-07-22,14.29,14.95,14.26,14.52,918647,13407734.00
2024-07-23,14.50,15.00,14.15,14.15,904826,13193008.00
2024-07-24,14.30,14.47,13.20,13.21,1380809,18749068.00
2024-07-25,13.21,13.81,13.21,13.50,985057,13286681.00
2024-07-26,13.52,13.80,13.37,13.52,686023,9284259.00
2024-07-29,13.45,13.88,13.24,13.68,864155,11725779.00
2024-07-30,13.67,13.95,13.46,13.71,1025218,14056419.00
2024-07-31,13.76,14.99,13.61,14.61,1907040,27451244.00
2024-08-01,14.80,14.99,14.20,14.42,1406795,20376932.00
2024-08-02,14.05,14.45,13.66,13.66,1146181,16039450.00
2024-08-05,13.49,13.84,12.93,13.00,889524,11848968.00
2024-08-06,13.30,13.47,13.00,13.33,807335,10683018.00
2024-08-07,13.46,14.55,13.46,13.85,1768664,24875598.00
2024-08-08,13.58,14.00,13.32,13.45,1313945,17923378.00
2024-08-09,13.88,13.89,13.20,13.27,639071,8566885.00
2024-08-12,13.54,13.54,12.90,12.97,778596,10196700.00
2024-08-13,12.92,13.18,12.92,12.97,581541,7588643.50
2024-08-14,12.98,13.25,12.89,13.01,399365,5211119.50
2024-08-15,13.04,13.21,12.87,13.01,507378,6622333.50
2024-08-16,13.02,13.13,12.85,12.90,532079,6883915.00
2024-08-19,12.93,12.93,12.43,12.47,724161,9124105.00
2024-08-20,12.48,13.10,12.43,12.58,662283,8435936.00
2024-08-21,12.33,13.91,12.33,13.29,2257341,30299318.00
2024-08-22,12.91,13.71,12.86,13.10,1854867,24694812.00
2024-08-23,12.73,12.90,12.30,12.39,1684781,21026204.00
2024-08-26,12.33,14.39,12.30,13.40,2719055,36883596.00
2024-08-27,12.89,13.24,12.58,12.66,1757659,22490002.00
2024-08-28,12.50,12.95,12.32,12.58,1012017,12731866.00
2024-08-29,12.45,13.09,12.41,12.66,1285953,16380937.00
2024-08-30,12.40,12.95,12.22,12.67,1439684,18151774.00
2024-09-02,12.98,12.98,12.36,12.40,789570,9976288.00
2024-09-03,12.43,12.77,12.34,12.56,773778,9697318.00
2024-09-04,12.42,14.31,12.20,13.10,2848488,38095056.00
2024-09-05,12.76,13.13,12.64,12.82,1798165,23011244.00
2024-09-06,12.89,13.38,12.58,12.66,1243487,16093792.00
2024-09-09,12.54,12.80,12.31,12.46,798139,9958725.00
2024-09-10,12.60,12.69,12.36,12.58,569343,7131503.00
2024-09-11,12.50,13.29,12.50,12.97,1523931,19815518.00
2024-09-12,12.72,13.08,12.72,12.78,1029153,13223540.00
2024-09-13,13.10,13.19,12.61,12.98,1138677,14723092.00
2024-09-18,12.87,13.10,12.70,12.90,860579,11091403.00
2024-09-19,12.80,13.27,12.80,12.96,885198,11526174.00
2024-09-20,13.31,13.32,12.63,12.73,821295,10583505.00
2024-09-23,12.69,12.99,12.55,12.75,446824,5682577.00
2024-09-24,12.80,13.07,12.58,12.98,1083048,13962908.00
2024-09-25,13.17,13.35,13.01,13.09,1576496,20792494.00
2024-09-26,13.02,13.27,12.93,13.27,1184931,15542596.00
2024-09-27,13.54,15.46,13.40,14.51,3221464,46110584.00
2024-09-30,15.30,18.00,14.82,17.82,4242972,69703104.00
2024-10-08,22.83,22.83,18.77,22.75,4579404,96846512.00
2024-10-09,20.30,22.40,17.59,18.47,3370192,68012968.00
2024-10-10,18.40,19.50,17.51,17.55,2633412,48369876.00
2024-10-11,17.25,17.80,15.60,16.00,1556524,25560554.00
2024-10-14,16.52,17.20,16.09,16.97,1580480,26382468.00
2024-10-15,16.72,17.95,16.38,16.80,2064327,35936096.00
2024-10-16,16.40,17.15,16.30,16.61,1373224,22931590.00
2024-10-17,16.16,18.85,16.16,17.95,3710604,66594024.00
2024-10-18,17.55,19.88,17.18,19.18,4002770,75068600.00
2024-10-21,19.88,22.50,19.33,21.84,5256732,110711288.00
2024-10-22,23.30,27.66,20.92,22.10,6639839,161168800.00
2024-10-23,16.58,25.50,16.58,24.35,6660986,149324496.00
2024-10-24,23.90,25.49,22.36,23.88,5162767,124699064.00
2024-10-25,24.50,27.66,22.88,23.35,5750138,147970384.00
2024-10-28,22.64,23.50,20.99,22.37,3765258,83457032.00
2024-10-29,22.79,24.33,22.00,23.47,3833019,88081264.00
2024-10-30,23.04,25.20,22.20,23.70,2767044,64887596.00
2024-10-31,23.67,24.20,21.53,21.85,3079700,69986088.00
2024-11-01,21.52,21.86,19.11,19.13,1950697,40001712.00
2024-11-04,19.10,21.80,19.01,21.31,2320957,48651180.00
2024-11-05,21.84,22.95,21.25,22.63,2438487,54636824.00
2024-11-06,24.50,29.41,24.50,29.41,3400301,96496224.00
2024-11-07,38.00,38.23,30.80,38.23,9527889,330717632.00
2024-11-08,40.00,48.94,39.88,43.30,7340331,327228800.00
2024-11-11,40.00,40.50,36.18,38.30,6756221,256736128.00
2024-11-12,36.28,37.54,33.17,35.10,5167218,180417120.00
2024-11-13,35.00,38.80,33.69,38.31,5014808,181454944.00
2024-11-14,38.80,39.90,36.40,38.00,4836783,184768848.00
2024-11-15,36.00,41.60,35.17,38.32,4410023,167864480.00
2024-11-18,37.98,38.99,34.00,35.63,3131866,114222176.00
2024-11-19,34.87,35.97,31.11,35.75,2873080,96417488.00
2024-11-20,34.66,37.37,34.20,36.80,2696435,98200768.00
2024-11-21,36.19,36.88,34.75,35.80,2573010,92511024.00
2024-11-22,35.01,35.60,32.50,32.57,1828097,62950680.00
2024-11-25,32.81,42.34,32.81,42.34,5344434,209923920.00
2024-11-26,42.88,52.00,41.28,47.40,10555123,477767904.00
2024-11-27,42.00,45.02,39.10,43.41,6927262,295373568.00
2024-11-28,44.40,44.99,39.47,39.89,6671142,282880832.00
2024-11-29,38.00,40.71,37.17,39.19,5254067,204135584.00
2024-12-02,38.49,40.00,37.90,39.19,3787820,147953904.00
2024-12-03,39.19,39.19,39.19,39.19,0,0.00
#数据来源:通达信
