835670 数字人 日线 不复权
      日期	    开盘	    最高	    最低	    收盘	    成交量	    成交额
2016-11-22,1.80,1.80,1.80,1.80,360000,648000.00
2016-11-24,1.80,1.80,1.80,1.80,367000,660600.00
2016-11-28,1.80,1.80,1.80,1.80,220000,396000.00
2016-11-30,1.80,1.80,1.80,1.80,650000,1170000.00
2016-12-01,1.80,1.80,1.80,1.80,95000,171000.00
2016-12-02,1.80,1.80,1.80,1.80,30000,54000.00
2016-12-30,2.00,2.00,2.00,2.00,232000,464000.00
2017-02-21,2.00,2.00,2.00,2.00,39000,78000.00
2017-03-24,13.00,13.00,13.00,13.00,770000,10010000.00
2017-05-11,13.50,13.50,13.50,13.50,105000,1417500.00
2017-08-21,13.50,13.50,13.50,13.50,147000,1984500.00
2017-08-29,13.50,13.50,13.50,13.50,130000,1755000.00
2017-09-01,13.50,13.50,13.50,13.50,122000,1647000.00
2017-09-14,9.00,9.00,9.00,9.00,676000,6084000.00
2017-12-01,9.00,9.00,9.00,9.00,20000,180000.00
2017-12-22,9.00,9.00,9.00,9.00,130000,1170000.00
2018-01-10,18.00,18.00,18.00,18.00,10000,180000.00
2018-04-16,18.00,18.00,18.00,18.00,10000,180000.00
2018-07-18,10.50,10.50,10.50,10.50,30000,315000.00
2018-12-27,10.50,10.50,10.50,10.50,210000,2205000.00
2019-04-17,10.50,10.50,10.50,10.50,150000,1575000.00
2020-01-21,9.04,9.04,9.04,9.04,1000,9040.00
2020-01-22,9.04,9.04,9.04,9.04,1000,9040.00
2020-02-03,9.04,9.04,9.04,9.04,4000,36160.00
2020-03-06,9.04,9.04,9.04,9.04,570000,4560000.00
2020-03-31,9.20,9.20,9.20,9.20,200,1840.00
2020-04-01,12.88,12.88,12.88,12.88,3200,41216.00
2020-04-02,13.00,13.00,13.00,13.00,100,1300.00
2020-04-03,11.24,11.24,11.24,11.24,130100,1190624.00
2020-04-07,14.54,15.35,14.54,15.35,122100,1129212.00
2020-04-08,15.85,15.86,15.85,15.86,1700,26960.00
2020-04-09,15.90,16.59,15.90,16.59,1400,22710.00
2020-04-10,16.61,17.35,16.61,17.35,2100,36297.00
2020-04-13,15.00,15.00,15.00,15.00,400,6000.00
2020-04-14,15.66,17.00,15.66,17.00,30700,494020.00
2020-04-15,16.00,16.08,16.00,16.08,4400,70560.00
2020-04-16,16.15,17.19,16.15,17.19,7800,132092.00
2020-04-17,18.03,18.03,18.00,18.00,14500,261405.00
2020-04-20,18.00,18.00,18.00,18.00,1300,23400.00
2020-04-22,18.33,18.33,17.50,18.30,4600,83485.00
2020-04-23,18.05,18.10,18.05,18.10,7000,126600.00
2020-04-24,17.18,17.18,17.18,17.18,8000,137440.00
2020-04-27,17.01,18.00,17.01,17.70,85300,1032870.00
2020-04-28,17.10,17.10,16.91,17.08,285000,3585292.00
2020-04-29,16.41,16.60,16.41,16.60,102300,1316373.88
2020-04-30,16.01,16.01,15.95,15.95,10600,169136.00
2020-05-06,8.00,16.18,8.00,16.18,557800,5800126.00
2020-05-07,17.00,17.00,17.00,17.00,120100,1501700.00
2020-05-08,17.10,17.10,16.17,16.18,223500,2807065.00
2020-05-11,17.80,17.80,17.00,17.00,16400,281140.00
2020-05-12,17.00,18.10,17.00,18.10,21600,385412.00
2020-05-13,17.20,17.70,17.20,17.70,22100,389994.00
2020-05-14,17.70,17.71,17.70,17.70,11400,201820.00
2020-05-15,17.50,17.80,17.50,17.80,14500,254380.00
2020-05-18,17.90,17.90,17.52,17.52,7100,126200.00
2020-05-19,17.75,17.75,17.50,17.50,2500,44000.00
2020-05-20,17.00,17.51,17.00,17.51,2100,35751.00
2020-05-21,17.51,20.00,17.51,20.00,2100,37020.00
2020-05-22,20.50,20.50,20.50,20.50,100,2050.00
2020-05-25,21.49,21.49,18.50,19.00,5200,97084.00
2020-05-26,17.22,18.86,17.22,18.25,6200,108751.00
2020-05-27,19.00,19.00,17.70,18.46,4400,78763.00
2020-05-28,19.80,19.80,18.00,18.40,4300,77720.00
2020-05-29,18.48,18.48,18.46,18.46,200,3694.00
2020-06-01,19.60,19.60,18.96,18.97,700,13339.00
2020-06-02,19.85,19.85,17.80,18.18,3400,62161.00
2020-06-03,17.80,18.48,17.80,18.45,131300,1733140.00
2020-12-08,14.90,14.99,13.16,13.19,5702100,78761736.00
2020-12-09,13.19,13.66,13.18,13.20,1233100,16446105.00
2020-12-10,13.20,13.33,12.98,12.99,990100,13004150.00
2020-12-11,13.02,13.03,12.53,12.65,1025700,13039118.00
2020-12-14,12.60,12.75,12.59,12.75,353100,4467478.00
2020-12-15,12.63,12.85,12.56,12.60,382900,4838655.00
2020-12-16,12.60,13.00,12.60,12.96,648800,7760949.00
2020-12-17,13.07,13.51,13.01,13.36,1502000,20010970.00
2020-12-18,13.37,13.42,13.18,13.33,336500,4471716.50
2020-12-21,13.35,13.98,13.35,13.94,644400,8834679.00
2020-12-22,13.98,14.38,13.61,13.66,762400,10667086.00
2020-12-23,13.70,13.86,13.21,13.40,405600,5447529.00
2020-12-24,13.41,13.46,13.23,13.40,169600,2254690.50
2020-12-25,13.40,13.40,12.97,13.01,353200,4635086.00
2020-12-28,12.90,12.90,12.60,12.63,402100,5113314.00
2020-12-29,12.77,12.88,12.63,12.76,127800,1628384.38
2020-12-30,12.82,12.87,12.69,12.71,125500,1599114.25
2020-12-31,12.71,12.80,12.65,12.76,145900,1852742.50
2021-01-04,12.77,12.77,12.55,12.65,387300,4884861.00
2021-01-05,12.60,12.77,12.56,12.65,330900,4171625.00
2021-01-06,12.83,12.83,12.55,12.71,243200,3070483.75
2021-01-07,12.62,12.66,12.54,12.57,250000,3146423.50
2021-01-08,12.58,12.58,12.20,12.24,337000,4164279.75
2021-01-11,12.23,12.23,11.21,11.25,656600,7597176.00
2021-01-12,11.40,11.40,11.00,11.23,152200,1696995.75
2021-01-13,11.18,11.26,11.09,11.15,97200,1085332.25
2021-01-14,11.15,11.30,11.10,11.28,53700,601045.69
2021-01-15,11.20,11.33,11.07,11.26,172800,1921374.00
2021-01-18,11.40,11.52,11.26,11.40,103200,1172819.13
2021-01-19,11.28,11.36,11.00,11.24,193700,2149529.00
2021-01-20,11.23,11.59,11.23,11.48,132500,1513514.63
2021-01-21,11.48,11.99,11.48,11.98,229400,2697327.50
2021-01-22,11.98,12.48,11.88,12.29,240500,2917659.75
2021-01-25,12.48,12.66,12.01,12.10,157700,1952356.75
2021-01-26,12.11,12.45,11.61,11.67,106400,1263967.38
2021-01-27,11.87,11.87,11.09,11.21,263400,2977051.50
2021-01-28,11.21,11.21,10.50,10.90,220100,2436522.75
2021-01-29,10.87,11.28,10.70,10.89,147300,1594101.38
2021-02-01,10.88,11.26,10.74,11.24,60000,667353.25
2021-02-02,11.25,11.25,10.94,10.95,64800,713128.94
2021-02-03,11.06,11.06,10.62,10.66,182900,1966144.13
2021-02-04,10.66,10.73,10.55,10.56,83100,884072.44
2021-02-05,10.57,10.80,10.50,10.51,170900,1807026.88
2021-02-08,10.60,10.60,10.30,10.39,168400,1753789.13
2021-02-09,10.38,10.59,10.30,10.48,97300,1011891.25
2021-02-10,10.40,10.71,10.39,10.67,54900,581538.94
2021-02-18,10.62,10.77,10.56,10.75,86300,921080.88
2021-02-19,10.79,10.81,10.67,10.81,104400,1120861.63
2021-02-22,10.80,10.86,10.73,10.78,161700,1422776.63
2021-02-23,10.70,10.77,10.68,10.70,26000,278836.78
2021-02-24,10.70,10.87,10.65,10.86,76400,819683.38
2021-02-25,10.75,10.86,10.71,10.74,20100,216186.77
2021-02-26,10.65,10.80,10.61,10.74,99800,1068144.88
2021-03-01,10.87,11.05,10.87,10.92,135000,1480436.75
2021-03-02,10.92,10.95,10.77,10.80,74300,802358.19
2021-03-03,10.80,11.37,10.80,11.33,120300,1336779.88
2021-03-04,11.40,11.65,11.35,11.35,135800,1567552.13
2021-03-05,11.29,11.50,11.29,11.43,30300,345924.69
2021-03-08,11.65,11.65,11.11,11.19,73500,837813.50
2021-03-09,11.16,11.25,11.09,11.14,16700,186716.09
2021-03-10,11.16,11.18,10.92,11.08,43000,476831.50
2021-03-11,11.07,11.09,10.98,11.05,21100,233121.89
2021-03-12,11.05,11.16,11.04,11.16,16200,180045.91
2021-03-15,11.16,11.16,11.04,11.13,59700,661953.25
2021-03-16,11.15,11.16,11.13,11.14,41200,459248.63
2021-03-17,11.14,11.15,11.07,11.15,33600,371784.88
2021-03-18,11.11,11.27,11.11,11.27,45600,511213.84
2021-03-19,11.28,11.40,11.22,11.28,54000,610592.81
2021-03-22,11.42,11.63,11.42,11.63,146200,1687994.50
2021-03-23,11.51,11.59,11.51,11.56,66200,764722.88
2021-03-24,11.58,11.64,11.43,11.44,41300,475446.72
2021-03-25,11.41,11.50,11.35,11.35,55400,635080.00
2021-03-26,11.60,11.60,11.37,11.41,27600,314729.75
2021-03-29,11.62,11.62,11.33,11.43,27800,317669.47
2021-03-30,11.41,11.48,11.35,11.46,26500,301040.25
2021-03-31,11.47,11.54,11.43,11.51,65200,749737.31
2021-04-01,11.41,11.52,11.41,11.52,8000,91721.48
2021-04-02,11.39,11.54,11.38,11.54,14700,168275.23
2021-04-06,11.52,11.66,11.52,11.66,78300,907132.50
2021-04-07,11.68,12.07,11.66,12.01,252800,3025288.25
2021-04-08,12.05,12.16,11.79,12.01,207600,2480694.00
2021-04-09,12.04,12.13,11.96,12.06,121300,1458971.13
2021-04-12,12.10,12.35,12.03,12.20,100300,1221058.88
2021-04-13,12.26,12.34,12.13,12.30,211600,2602378.50
2021-04-14,12.30,12.37,12.16,12.35,135300,1662440.75
2021-04-15,12.35,12.38,12.12,12.35,75300,926417.81
2021-04-16,12.23,12.42,12.22,12.38,100600,1245021.13
2021-04-19,12.34,12.40,12.30,12.38,121200,1495996.50
2021-04-20,12.35,12.40,12.30,12.38,69200,854435.88
2021-04-21,12.43,12.43,12.09,12.14,114200,1394157.13
2021-04-22,12.09,12.27,12.00,12.21,88000,1062841.50
2021-04-23,12.10,12.21,12.10,12.20,37800,459673.31
2021-04-26,12.18,12.19,11.94,12.13,156000,1875443.75
2021-04-27,11.93,12.37,11.93,12.05,40200,481406.69
2021-04-28,12.02,12.18,11.91,11.92,36000,431341.69
2021-04-29,11.91,11.92,11.28,11.56,250600,2861962.50
2021-04-30,11.40,11.63,11.39,11.63,64500,742235.19
2021-05-06,11.77,11.78,11.55,11.76,43400,509120.22
2021-05-07,11.88,11.88,11.71,11.84,66100,782094.69
2021-05-10,11.83,11.95,11.78,11.86,54700,647615.13
2021-05-11,11.80,11.88,11.60,11.77,46100,544023.94
2021-05-12,11.84,12.10,11.76,11.90,13700,163774.98
2021-05-13,11.80,11.86,11.78,11.85,57800,682726.94
2021-05-14,11.85,11.88,11.80,11.88,31600,373554.41
2021-05-17,11.75,11.85,11.70,11.85,19200,225291.16
2021-05-18,11.52,11.73,11.50,11.73,15100,175695.94
2021-05-19,11.70,11.75,11.56,11.73,11700,136653.30
2021-05-20,11.55,11.75,11.55,11.67,35200,411373.59
2021-05-21,11.54,11.68,11.54,11.68,21200,245418.95
2021-05-24,11.35,11.60,11.33,11.56,33000,378517.38
2021-05-25,11.43,11.66,11.42,11.66,63500,733907.31
2021-05-26,11.53,11.68,11.05,11.64,37700,436314.50
2021-05-27,11.55,11.79,11.55,11.75,9600,111292.34
2021-05-28,11.61,11.79,11.61,11.79,28400,332035.81
2021-05-31,11.79,11.79,11.61,11.78,11200,130649.50
2021-06-01,11.57,11.78,11.50,11.63,54200,627471.75
2021-06-02,11.54,11.67,11.38,11.63,79600,916358.19
2021-06-03,11.46,11.63,11.42,11.62,56100,646658.38
2021-06-04,11.60,11.60,11.44,11.44,21900,251566.20
2021-06-07,11.45,11.61,11.44,11.61,234700,2230511.50
2021-06-08,11.55,11.80,11.55,11.68,134400,1568035.13
2021-06-09,11.67,11.94,11.59,11.90,282100,2897893.75
2021-06-10,11.89,11.96,11.80,11.85,149100,1771646.88
2021-06-11,11.93,11.93,11.80,11.88,53600,635275.13
2021-06-15,11.88,11.94,11.70,11.72,68300,807449.63
2021-06-16,11.83,11.87,11.50,11.71,61600,723366.88
2021-06-17,11.54,11.70,11.54,11.68,39600,460024.06
2021-06-18,11.68,11.75,11.52,11.62,37800,437501.66
2021-06-21,11.45,11.58,11.42,11.52,72000,825926.94
2021-06-22,11.48,11.49,11.26,11.34,142600,1621198.63
2021-06-23,11.29,11.52,11.29,11.48,61500,702284.25
2021-06-24,11.55,11.76,11.40,11.68,95800,1110662.63
2021-06-25,11.56,11.89,11.56,11.84,274000,2691082.50
2021-06-28,11.92,11.93,11.68,11.81,71500,842034.75
2021-06-29,11.70,11.77,11.55,11.67,63000,734949.19
2021-06-30,11.59,11.69,11.40,11.57,164200,1897873.75
2021-07-01,11.48,11.59,11.40,11.55,195200,2239661.00
2021-07-02,11.61,11.61,11.28,11.35,123400,1403161.13
2021-07-05,11.35,11.37,11.20,11.27,108200,1220057.50
2021-07-06,11.21,11.22,11.18,11.20,59300,664159.56
2021-07-07,11.20,11.20,11.14,11.16,76900,858927.31
2021-07-08,11.15,11.16,11.08,11.13,127700,1420228.00
2021-07-09,11.13,11.32,11.12,11.31,83600,940188.56
2021-07-12,11.32,11.50,11.32,11.39,180400,2058764.88
2021-07-13,11.36,11.45,11.34,11.39,187300,2137237.75
2021-07-14,11.38,11.44,11.22,11.44,217600,2463630.75
2021-07-15,11.42,11.46,11.32,11.40,189300,2160030.00
2021-07-16,11.37,11.51,11.36,11.49,108300,1240692.38
2021-07-19,11.61,12.10,11.52,11.70,615000,7299510.00
2021-07-20,11.76,12.05,11.71,11.88,271000,3231658.25
2021-07-21,11.90,12.02,11.81,11.99,182300,2180826.75
2021-07-22,12.08,12.08,11.75,11.79,153900,1820302.13
2021-07-23,11.80,11.99,11.64,11.88,90800,1076710.38
2021-07-26,11.95,11.95,11.65,11.80,324900,3799945.50
2021-07-27,11.70,11.82,11.70,11.77,28800,337705.72
2021-07-28,11.76,11.76,11.20,11.30,230700,2622926.50
2021-07-29,11.26,11.45,11.25,11.39,115000,1298641.88
2021-07-30,11.21,11.30,11.21,11.22,78400,880706.56
2021-08-02,11.20,11.27,11.12,11.25,35900,401653.06
2021-08-03,11.23,11.46,11.10,11.22,57200,640947.25
2021-08-04,11.27,11.27,11.10,11.21,55000,611777.19
2021-08-05,11.16,11.21,11.12,11.21,7200,80625.53
2021-08-06,11.14,11.56,11.12,11.50,130400,1490830.13
2021-08-09,11.65,11.75,11.28,11.63,151400,1758222.38
2021-08-10,11.58,11.69,11.43,11.60,30400,353100.69
2021-08-11,11.50,11.65,11.41,11.46,68700,790866.06
2021-08-12,11.59,11.73,11.59,11.70,110200,1287638.25
2021-08-13,11.84,11.84,11.51,11.69,104500,1209974.13
2021-08-16,11.64,11.85,11.56,11.72,108800,1281822.13
2021-08-17,11.61,11.87,11.54,11.54,258600,3030602.00
2021-08-18,11.46,11.57,11.45,11.56,117400,1346293.63
2021-08-19,11.48,11.59,11.48,11.54,22300,256916.70
2021-08-20,11.36,11.58,11.36,11.55,245400,2668103.25
2021-08-23,11.51,11.52,11.30,11.38,200200,2269903.00
2021-08-24,11.32,11.45,11.23,11.23,445500,4778162.50
2021-08-25,11.26,11.30,11.21,11.27,118100,1325387.63
2021-08-26,11.10,11.10,9.94,10.01,739700,7675244.00
2021-08-27,10.03,10.24,9.95,10.00,82300,825426.75
2021-08-30,10.09,10.19,10.04,10.15,120200,1219217.13
2021-08-31,10.08,10.56,9.88,10.48,154600,1609457.00
2021-09-01,10.47,10.68,10.47,10.61,56300,595493.31
2021-09-02,10.68,10.93,10.55,10.93,129500,1398423.13
2021-09-03,12.01,12.24,11.05,11.47,943600,10814970.00
2021-09-06,11.74,14.50,11.71,12.94,2434600,31920770.00
2021-09-07,12.90,13.30,12.26,12.30,708500,8964488.00
2021-09-08,12.44,12.86,12.35,12.66,467400,5889207.50
2021-09-09,12.78,13.89,12.64,13.53,701800,9446367.00
2021-09-10,13.79,14.77,13.78,14.00,910900,12902870.00
2021-09-13,14.27,14.51,13.22,13.42,609800,8371028.00
2021-09-14,13.48,13.67,12.97,13.02,367700,4888000.50
2021-09-15,13.02,13.15,12.20,12.34,354500,4495464.00
2021-09-16,12.34,12.51,12.13,12.25,198500,2430972.75
2021-09-17,12.25,12.97,12.25,12.78,280200,3546137.00
2021-09-22,13.72,14.20,13.10,13.78,563000,7685785.00
2021-09-23,13.52,13.78,13.42,13.51,134500,1824542.13
2021-09-24,13.46,13.79,13.45,13.66,205500,2801169.00
2021-09-27,13.50,13.84,13.33,13.56,258100,3514660.00
2021-09-28,13.64,13.79,13.40,13.40,164700,2230361.50
2021-09-29,13.55,13.55,13.33,13.33,339100,4563417.50
2021-09-30,13.33,13.95,13.33,13.84,545900,7499681.00
2021-10-08,13.55,13.80,13.45,13.64,123800,1679478.25
2021-10-11,13.50,13.66,13.33,13.39,84400,1137783.38
2021-10-12,13.78,13.78,13.00,13.17,111700,1478272.13
2021-10-13,13.17,13.55,13.17,13.49,96200,1292036.38
2021-10-14,13.65,13.65,13.42,13.57,69900,947976.50
2021-10-15,13.70,13.70,13.41,13.50,95200,1292833.00
2021-10-18,13.72,13.90,13.51,13.70,458500,6267556.00
2021-10-19,13.70,13.88,13.55,13.84,105500,1453236.25
2021-10-20,14.22,14.50,13.95,14.50,415900,5927432.00
2021-10-21,14.55,14.96,14.22,14.92,512900,7509336.00
2021-10-22,14.92,14.92,14.19,14.45,246400,3554785.50
2021-10-25,14.55,14.92,14.44,14.64,119400,1749023.38
2021-10-26,13.90,14.56,13.48,13.84,407300,5609209.00
2021-10-27,13.56,13.78,13.22,13.52,139400,1873443.38
2021-10-28,13.25,13.53,12.62,12.80,269000,3527047.50
2021-10-29,12.79,13.56,12.79,13.56,205100,2739249.25
2021-11-01,14.20,14.90,14.10,14.60,703800,10167834.00
2021-11-02,14.79,14.82,13.93,14.18,272400,3916753.50
2021-11-03,14.28,14.71,14.19,14.71,293600,4250569.50
2021-11-04,14.98,16.86,14.76,16.24,1080900,17242124.00
2021-11-05,16.00,17.17,16.00,16.94,786700,13100272.00
2021-11-08,17.70,19.60,17.20,18.79,1386300,25741550.00
2021-11-09,19.01,19.80,18.20,19.40,896700,16950588.00
2021-11-10,19.39,19.70,18.68,19.10,598600,11421314.00
2021-11-11,19.95,19.95,18.50,19.26,842800,16177527.00
2021-11-12,19.37,19.85,18.81,19.78,765000,14836601.00
2021-11-15,20.88,21.74,18.20,18.82,4401700,88389760.00
2021-11-16,18.38,18.86,17.02,17.31,1626700,28790914.00
2021-11-17,17.90,17.90,16.51,16.75,1273500,21609518.00
2021-11-18,16.75,17.40,16.53,16.75,644000,10900598.00
2021-11-19,16.95,17.12,16.66,16.83,708000,12005910.00
2021-11-22,16.56,17.20,16.56,16.65,679400,11389147.00
2021-11-23,16.92,17.20,16.68,17.10,1230900,20972218.00
2021-11-24,17.08,17.15,16.50,16.59,668800,11221509.00
2021-11-25,16.60,16.78,15.96,16.00,756300,12219423.00
2021-11-26,16.26,19.45,16.19,18.33,3094500,55821184.00
2021-11-29,17.58,17.78,17.11,17.31,1567700,27205016.00
2021-11-30,17.31,17.49,16.68,16.87,744200,12677841.00
2021-12-01,16.75,17.45,16.42,16.61,493800,8215178.50
2021-12-02,16.68,18.17,16.68,17.33,1295400,22773406.00
2021-12-03,17.40,17.49,16.58,16.65,680100,11446734.00
2021-12-06,16.55,16.64,16.01,16.17,571900,9293058.00
2021-12-07,15.88,16.88,15.88,16.20,225000,3664687.00
2021-12-08,16.13,16.74,16.13,16.74,437300,7207725.00
2021-12-09,16.81,16.81,16.23,16.57,325600,5353755.50
2021-12-10,16.72,16.75,16.40,16.55,249800,4123529.00
2021-12-13,16.51,17.08,16.32,17.01,570400,9552988.00
2021-12-14,16.97,19.47,16.97,18.16,1825200,33738908.00
2021-12-15,18.03,19.30,18.01,19.30,1850900,34767712.00
2021-12-16,19.26,19.55,18.61,18.95,955600,18067768.00
2021-12-17,19.01,20.45,18.74,20.42,2247900,44466172.00
2021-12-20,20.56,26.54,20.35,24.13,4534400,107182056.00
2021-12-21,23.70,23.70,21.65,22.60,3059500,69232536.00
2021-12-22,22.90,27.12,22.12,22.92,3972900,97986696.00
2021-12-23,22.89,24.99,20.10,23.60,2439200,57174928.00
2021-12-24,23.99,25.80,22.25,23.39,2560400,61976056.00
2021-12-27,22.98,24.98,22.90,24.98,2259400,54240928.00
2021-12-28,25.60,27.60,24.98,25.05,2720400,70222280.00
2021-12-29,24.60,25.30,23.12,23.99,1623800,39421040.00
2021-12-30,23.20,24.69,22.65,23.13,2069800,48713808.00
2021-12-31,23.45,28.90,22.80,27.23,4736900,122730072.00
2022-01-04,27.45,29.92,25.79,28.98,3808000,106052024.00
2022-01-05,28.00,29.47,26.36,26.36,3256600,90874144.00
2022-01-06,26.57,26.59,24.07,24.53,2210100,54919876.00
2022-01-07,24.90,26.45,24.53,25.42,1856800,47535404.00
2022-01-10,24.82,25.85,24.00,24.57,1756058,43346864.00
2022-01-11,24.49,24.89,22.15,22.18,2494375,57790640.00
2022-01-12,22.19,23.49,21.91,23.00,1512333,34350912.00
2022-01-13,23.11,25.25,23.11,23.88,2498217,61078876.00
2022-01-14,23.78,24.49,23.03,24.00,1390695,33235746.00
2022-01-17,25.86,31.20,25.82,31.20,3845962,112814496.00
2022-01-18,38.33,38.50,29.90,30.00,8448432,294704032.00
2022-01-19,27.60,33.68,27.52,32.96,5732875,178935952.00
2022-01-20,31.60,41.60,31.00,37.49,7628419,280143968.00
2022-01-21,36.00,40.58,35.00,36.10,4887904,182175440.00
2022-01-24,35.00,39.89,34.68,35.40,4320081,161158080.00
2022-01-25,36.10,36.10,31.21,32.03,4194985,136378224.00
2022-01-26,31.89,32.88,29.00,30.10,3195801,96322552.00
2022-01-27,30.10,32.13,27.85,30.30,3595816,105408096.00
2022-01-28,30.28,32.75,29.80,30.73,2621171,82754752.00
2022-02-07,32.00,33.97,30.75,31.26,2302578,74045624.00
2022-02-08,30.03,33.70,30.03,32.84,2652097,85278032.00
2022-02-09,33.75,35.66,33.11,34.58,3556186,123059408.00
2022-02-10,33.50,33.80,31.08,31.20,3122673,100901888.00
2022-02-11,31.00,32.20,28.00,29.92,2634491,79013160.00
2022-02-14,29.00,31.50,28.28,31.39,2073840,61697872.00
2022-02-15,31.00,32.70,31.00,31.10,1767541,56090036.00
2022-02-16,32.02,32.70,30.50,30.69,1720511,53619036.00
2022-02-17,30.14,31.22,28.40,28.40,2448898,71362376.00
2022-02-18,29.29,29.50,28.20,28.55,1354248,39048048.00
2022-02-21,28.04,29.98,27.01,28.60,2359409,66462960.00
2022-02-22,28.00,28.31,26.56,26.56,2013718,54639380.00
2022-02-23,26.56,27.28,26.00,26.66,1394102,37223792.00
2022-02-24,24.80,25.57,21.90,23.09,4437956,105507568.00
2022-02-25,23.09,23.90,22.33,22.64,1816958,41643196.00
2022-02-28,22.80,23.98,22.01,22.50,1337408,30561456.00
2022-03-01,22.60,23.00,21.21,21.87,1847422,40371084.00
2022-03-02,21.68,21.95,21.00,21.18,1007092,21409818.00
2022-03-03,21.02,21.90,21.02,21.40,1345953,29098984.00
2022-03-04,21.48,23.18,21.10,22.45,2163762,48578568.00
2022-03-07,22.20,23.08,21.86,22.19,1456443,32732058.00
2022-03-08,22.20,22.79,19.61,19.88,2149070,45008896.00
2022-03-09,19.51,20.23,18.00,18.86,2358573,43946184.00
2022-03-10,19.55,19.64,18.53,18.68,1173628,22388856.00
2022-03-11,18.30,19.60,18.01,19.46,1272536,23658494.00
2022-03-14,19.08,20.49,19.08,19.29,1122821,22194050.00
2022-03-15,19.48,19.48,17.80,17.82,965971,17748206.00
2022-03-16,18.00,19.11,17.80,18.95,1539880,28414696.00
2022-03-17,19.48,21.95,18.88,20.40,3560033,73217440.00
2022-03-18,20.10,21.27,19.80,20.52,2272619,46509780.00
2022-03-21,20.39,20.80,20.06,20.14,1354012,27580462.00
2022-03-22,20.04,20.32,19.20,19.35,1229170,24057284.00
2022-03-23,19.12,19.82,19.05,19.25,631640,12271449.00
2022-03-24,19.25,19.48,18.60,18.80,785665,14871908.00
2022-03-25,19.00,19.44,18.19,18.27,1023135,19194184.00
2022-03-28,18.27,18.57,17.60,17.70,786211,14064463.00
2022-03-29,17.81,18.06,17.58,17.66,483654,8625571.00
2022-03-30,17.67,17.85,17.37,17.69,691874,12203773.00
2022-03-31,17.77,19.79,17.36,18.93,2097433,39388064.00
2022-04-01,19.06,19.69,18.51,18.76,1619168,31119924.00
2022-04-06,18.76,19.35,18.50,18.50,970149,18268042.00
2022-04-07,18.70,18.73,17.55,17.71,927929,16738600.00
2022-04-08,17.50,17.70,16.44,16.51,1247850,20957082.00
2022-04-11,15.78,16.59,15.51,15.54,733884,11588487.00
2022-04-12,15.77,16.18,15.59,16.07,659283,10459386.00
2022-04-13,16.01,16.01,15.40,15.42,558434,8752130.00
2022-04-14,15.60,16.00,15.51,15.94,561232,8889932.00
2022-04-15,15.64,15.89,15.54,15.60,353463,5536472.00
2022-04-18,15.38,15.63,15.07,15.07,576871,8819830.00
2022-04-19,15.42,15.46,14.49,14.50,821311,12188948.00
2022-04-20,14.95,14.95,13.84,14.00,731888,10463352.00
2022-04-21,13.90,13.90,12.91,13.01,964673,12748341.00
2022-04-22,13.00,13.00,12.57,12.72,511515,6523609.00
2022-04-25,12.92,13.99,12.79,12.86,1263933,16784712.00
2022-04-26,12.99,14.13,12.81,13.50,1237974,16847500.00
2022-04-27,13.32,14.21,13.15,14.10,992802,13620336.00
2022-04-28,14.07,14.07,13.48,13.66,638356,8715007.00
2022-04-29,13.05,14.05,13.05,13.76,749010,10284037.00
2022-05-05,14.78,14.78,13.75,14.13,567997,8034503.50
2022-05-06,13.62,13.95,13.59,13.70,512636,7055230.50
2022-05-09,13.70,14.08,13.70,13.82,411404,5718119.00
2022-05-10,13.82,13.99,13.70,13.88,310462,4310755.50
2022-05-11,14.18,14.57,13.90,14.01,700021,9982626.00
2022-05-12,14.00,14.38,14.00,14.03,349824,4944270.50
2022-05-13,14.26,15.13,13.85,14.70,1029043,14989608.00
2022-05-16,14.73,15.58,14.73,14.87,784496,11857563.00
2022-05-17,14.79,14.91,14.31,14.39,551057,7996975.50
2022-05-18,14.80,15.44,14.55,14.63,633552,9508264.00
2022-05-19,14.40,14.55,14.02,14.43,493477,7041821.00
2022-05-20,14.54,14.57,14.36,14.42,354243,5110661.50
2022-05-23,14.22,15.27,14.22,14.68,542331,8040226.50
2022-05-24,14.61,14.86,14.03,14.10,543234,7827149.00
2022-05-25,14.09,14.36,14.09,14.17,219235,3120461.50
2022-05-26,14.35,14.35,14.04,14.15,206011,2921812.50
2022-05-27,14.50,14.50,14.11,14.15,211356,3014402.00
2022-05-30,14.36,14.36,14.04,14.12,296543,4192963.75
2022-05-31,14.12,14.31,13.68,14.23,327114,4607096.00
2022-06-01,13.91,14.78,13.80,14.50,443053,6423370.50
2022-06-02,9.04,9.08,8.73,8.80,667893,5933690.50
2022-06-06,8.89,9.08,8.70,8.94,812318,7251072.00
2022-06-07,8.89,9.06,8.78,8.88,580507,5153889.00
2022-06-08,8.81,9.10,8.76,8.99,586985,5255134.00
2022-06-09,8.99,8.99,8.76,8.79,371797,3282711.25
2022-06-10,8.79,8.86,8.72,8.73,460439,4033104.00
2022-06-13,8.73,8.84,8.55,8.56,469849,4040960.00
2022-06-14,8.51,8.64,8.18,8.39,320796,2689645.25
2022-06-15,8.38,8.56,8.29,8.33,699034,5899307.50
2022-06-16,8.47,8.75,8.35,8.64,769606,6598000.00
2022-06-17,8.58,8.66,8.44,8.50,515016,4386631.00
2022-06-20,8.42,8.68,8.28,8.49,949733,8041521.50
2022-06-21,8.49,8.49,8.32,8.36,425094,3567456.00
2022-06-22,8.34,8.46,8.12,8.13,458041,3807426.00
2022-06-23,8.18,8.31,8.11,8.15,499923,4082887.25
2022-06-24,8.18,8.49,8.12,8.20,645223,5378091.50
2022-06-27,8.30,8.40,8.21,8.24,478900,3980718.50
2022-06-28,8.20,8.71,8.20,8.60,1206998,10343079.00
2022-06-29,8.68,10.90,8.68,9.79,3818520,37763112.00
2022-06-30,9.56,10.79,9.32,10.26,3675823,37520852.00
2022-07-01,10.18,10.62,9.86,9.95,2013660,20602882.00
2022-07-04,9.91,9.94,9.50,9.62,1539083,14842227.00
2022-07-05,9.66,10.43,9.66,10.14,1991364,20370898.00
2022-07-06,10.08,10.10,9.72,9.82,1037897,10246480.00
2022-07-07,9.99,10.01,9.66,9.74,763082,7455675.50
2022-07-08,9.83,9.83,9.15,9.31,1116202,10575293.00
2022-07-11,9.48,9.48,8.84,9.02,986771,8916302.00
2022-07-12,9.02,9.36,9.02,9.07,588186,5387873.00
2022-07-13,9.20,9.20,8.95,9.01,551972,4996374.00
2022-07-14,9.08,9.68,9.01,9.63,1370584,12940251.00
2022-07-15,9.60,9.81,9.28,9.28,735817,6974989.00
2022-07-18,9.30,9.44,9.26,9.34,433977,4059147.50
2022-07-19,9.25,9.99,9.24,9.86,1271810,12320727.00
2022-07-20,10.00,10.50,9.85,9.90,1450724,14765925.00
2022-07-21,9.98,10.19,9.65,9.72,752965,7411138.50
2022-07-22,9.87,9.99,9.60,9.63,542576,5298998.00
2022-07-25,9.84,9.85,9.56,9.66,421099,4069153.00
2022-07-26,9.56,10.77,9.56,10.30,1881335,19421698.00
2022-07-27,10.26,10.40,9.95,10.03,1270450,12881253.00
2022-07-28,10.05,10.20,9.91,9.91,692151,6919060.50
2022-07-29,9.91,10.08,9.77,9.80,647979,6397943.00
2022-08-01,9.77,10.28,9.71,10.06,669227,6713910.50
2022-08-02,9.95,9.99,9.31,9.46,1303783,12467260.00
2022-08-03,9.60,9.67,9.40,9.40,564752,5368243.50
2022-08-04,9.52,9.58,9.33,9.52,553620,5232027.00
2022-08-05,9.80,9.90,9.60,9.77,675326,6591247.50
2022-08-08,9.61,9.88,9.61,9.65,577653,5593506.00
2022-08-09,9.61,9.74,9.46,9.52,418692,4012853.00
2022-08-10,9.43,9.52,9.32,9.47,468057,4391628.00
2022-08-11,9.49,9.84,9.42,9.61,599982,5805487.50
2022-08-12,9.71,9.71,9.58,9.67,447653,4324357.50
2022-08-15,9.68,9.76,9.52,9.54,345688,3309105.75
2022-08-16,9.70,9.70,9.45,9.51,217690,2075675.13
2022-08-17,9.64,9.66,9.30,9.35,573366,5391722.50
2022-08-18,9.30,9.35,9.00,9.03,706591,6445651.00
2022-08-19,9.14,9.14,8.80,8.86,600223,5331763.50
2022-08-22,8.74,9.15,8.71,8.98,585061,5256861.50
2022-08-23,8.78,9.18,8.73,9.15,384147,3485901.25
2022-08-24,9.16,9.16,8.85,8.93,269771,2420103.50
2022-08-25,8.89,9.04,8.70,8.90,387968,3444293.00
2022-08-26,8.90,9.10,8.83,8.99,429483,3858626.25
2022-08-29,8.82,8.93,8.71,8.87,159340,1411611.25
2022-08-30,8.95,9.49,8.85,9.11,658958,6057435.50
2022-08-31,9.27,9.27,8.87,8.98,390903,3526636.00
2022-09-01,9.13,9.13,8.81,8.81,255865,2282972.50
2022-09-02,8.97,8.97,8.77,8.88,241280,2133562.75
2022-09-05,9.09,9.09,8.90,8.95,306105,2753929.00
2022-09-06,8.91,9.05,8.77,8.99,387042,3459940.00
2022-09-07,8.88,9.05,8.82,8.94,204119,1822936.38
2022-09-08,8.88,8.88,8.67,8.74,369419,3235844.00
2022-09-09,8.71,8.80,8.68,8.75,118468,1035123.44
2022-09-13,8.64,8.79,8.63,8.69,210462,1826370.25
2022-09-14,8.62,8.63,8.30,8.45,258293,2183402.25
2022-09-15,8.45,8.54,8.01,8.18,286367,2351564.75
2022-09-16,8.20,9.30,8.10,8.61,1052616,9228283.00
2022-09-19,8.58,8.88,8.24,8.39,475618,4011817.25
2022-09-20,8.30,8.47,8.30,8.46,314256,2641648.75
2022-09-21,8.36,9.11,8.36,8.99,1386277,12415657.00
2022-09-22,9.06,9.48,8.73,8.99,1060989,9655489.00
2022-09-23,9.08,9.11,8.75,8.87,556356,4939418.50
2022-09-26,8.87,8.89,8.50,8.62,257570,2230386.25
2022-09-27,8.58,8.80,8.46,8.64,270737,2322941.50
2022-09-28,8.53,8.69,8.22,8.22,356083,2998042.75
2022-09-29,8.28,8.37,8.00,8.01,637393,5188581.00
2022-09-30,8.14,8.29,8.02,8.04,294532,2396471.50
2022-10-10,8.04,8.24,7.90,7.97,175525,1411036.88
2022-10-11,8.00,8.14,7.84,8.07,209241,1674292.00
2022-10-12,8.00,8.12,7.86,8.12,459750,3705440.75
2022-10-13,8.09,8.59,8.09,8.27,611575,5092391.00
2022-10-14,8.28,8.77,8.02,8.49,1087976,9232361.00
2022-10-17,8.69,8.73,8.46,8.46,735128,6296751.00
2022-10-18,8.59,8.60,8.31,8.43,530784,4479116.00
2022-10-19,8.43,8.44,8.25,8.38,336904,2805554.50
2022-10-20,8.44,8.48,8.21,8.31,347666,2923216.50
2022-10-21,8.40,8.40,8.00,8.23,205741,1702967.13
2022-10-24,8.12,9.20,8.12,8.89,2559124,22619890.00
2022-10-25,8.80,9.65,8.70,9.27,2091771,19613850.00
2022-10-26,9.03,9.36,9.00,9.19,1163998,10602530.00
2022-10-27,8.98,9.10,8.49,8.50,979005,8591497.00
2022-10-28,8.49,8.58,7.99,8.14,1385252,11316825.00
2022-10-31,8.15,9.09,8.02,8.85,1968504,17197712.00
2022-11-01,8.84,8.84,8.55,8.73,687788,5962643.50
2022-11-02,9.77,11.01,9.62,9.99,5734662,59143068.00
2022-11-03,9.39,9.41,8.98,9.17,3472491,31754158.00
2022-11-04,9.15,9.17,8.86,9.06,1795731,16173061.00
2022-11-07,9.13,9.49,9.09,9.24,1708619,15766101.00
2022-11-08,9.12,9.30,9.09,9.18,798800,7314147.50
2022-11-09,9.10,9.24,9.00,9.05,638361,5796136.00
2022-11-10,9.17,9.17,8.89,8.94,1156855,10346374.00
2022-11-11,9.15,9.28,8.97,8.98,828825,7528266.50
2022-11-14,9.20,9.20,8.95,8.97,504505,4565571.00
2022-11-15,8.91,9.12,8.86,9.10,532285,4794658.50
2022-11-16,9.08,9.13,8.99,8.99,402172,3638852.00
2022-11-17,9.17,9.66,9.17,9.30,1304170,12252414.00
2022-11-18,9.11,9.49,9.11,9.30,917574,8497432.00
2022-11-21,9.47,9.97,9.40,9.73,2727289,26331446.00
2022-11-22,9.80,9.87,9.03,9.20,1524814,14307307.00
2022-11-23,9.28,9.28,9.08,9.14,536763,4906406.50
2022-11-24,9.11,9.25,9.06,9.11,351892,3228449.00
2022-11-25,9.19,9.19,9.07,9.10,305455,2779748.75
2022-11-28,9.26,9.26,9.00,9.12,290889,2643245.00
2022-11-29,9.13,9.16,9.06,9.13,561923,5113695.50
2022-11-30,9.09,9.14,9.01,9.04,390712,3541336.50
2022-12-01,9.09,9.48,9.06,9.19,776097,7194297.00
2022-12-02,9.29,9.29,9.06,9.14,416295,3800770.00
2022-12-05,9.17,9.22,9.05,9.08,456254,4153800.75
2022-12-06,9.10,9.11,9.00,9.02,468011,4227506.00
2022-12-07,9.02,9.20,8.98,9.11,611359,5549938.50
2022-12-08,9.15,9.16,9.02,9.02,260482,2356946.00
2022-12-09,9.02,9.02,8.90,8.97,537701,4806560.00
2022-12-12,9.04,9.08,8.87,8.99,432255,3880574.75
2022-12-13,9.12,9.12,8.94,9.05,437172,3945812.25
2022-12-14,9.05,9.08,8.92,8.99,194852,1748903.75
2022-12-15,8.94,9.06,8.88,8.89,362771,3235127.00
2022-12-16,8.90,8.90,8.78,8.89,358683,3168221.50
2022-12-19,8.70,9.00,8.62,8.68,500893,4372527.00
2022-12-20,8.79,8.79,8.56,8.66,229422,1979192.38
2022-12-21,8.66,8.76,8.56,8.59,150126,1289401.88
2022-12-22,8.59,8.59,8.13,8.23,448375,3706062.25
2022-12-23,8.22,8.24,8.04,8.16,237687,1933483.75
2022-12-26,8.12,8.35,8.12,8.26,173518,1427167.75
2022-12-27,8.42,8.42,8.16,8.27,121472,1000896.38
2022-12-28,8.13,8.27,8.13,8.25,92868,763904.31
2022-12-29,8.22,8.22,8.10,8.18,155898,1270443.25
2022-12-30,8.23,8.23,8.11,8.18,121688,992010.88
2023-01-03,8.10,8.30,8.08,8.29,284139,2338042.25
2023-01-04,8.34,8.34,8.21,8.28,184409,1529012.50
2023-01-05,8.28,8.65,8.28,8.47,856713,7041943.50
2023-01-06,8.49,8.49,8.08,8.20,582578,4781705.50
2023-01-09,8.22,8.33,8.12,8.22,437043,3572706.00
2023-01-10,8.25,8.25,8.16,8.17,146150,1196048.00
2023-01-11,8.12,8.32,8.12,8.20,105277,862667.75
2023-01-12,8.11,8.25,8.10,8.20,98774,808732.69
2023-01-13,8.23,8.23,8.16,8.18,110547,905014.50
2023-01-16,8.35,8.35,8.15,8.24,146297,1205163.63
2023-01-17,8.24,8.34,8.23,8.23,103408,854456.56
2023-01-18,8.24,8.31,8.18,8.27,182767,1512286.50
2023-01-19,8.14,8.30,8.13,8.22,148713,1215829.63
2023-01-20,8.23,8.38,8.23,8.33,285022,2367606.00
2023-01-30,8.50,8.61,8.36,8.48,1014613,8471259.00
2023-01-31,8.30,9.29,8.27,9.11,2012271,17729838.00
2023-02-01,9.10,9.16,8.90,8.97,1482716,13216613.00
2023-02-02,8.96,9.10,8.65,8.73,1034183,9164280.00
2023-02-03,8.67,9.36,8.65,9.01,1226620,11102183.00
2023-02-06,8.93,9.02,8.67,8.72,813034,7143742.50
2023-02-07,8.70,8.81,8.60,8.80,587279,5105218.50
2023-02-08,8.80,8.88,8.66,8.71,338661,2964078.00
2023-02-09,8.80,8.80,8.68,8.71,340589,2971199.50
2023-02-10,8.72,8.95,8.72,8.76,520852,4599096.00
2023-02-13,8.80,8.99,8.77,8.87,428177,3791606.25
2023-02-14,8.80,9.00,8.80,8.92,323941,2887880.25
2023-02-15,8.95,8.95,8.81,8.88,456932,4056561.50
2023-02-16,8.96,8.97,8.70,8.73,457669,4058576.75
2023-02-17,8.73,8.83,8.47,8.59,450936,3871661.00
2023-02-20,8.67,8.77,8.53,8.62,202871,1756415.63
2023-02-21,8.58,8.76,8.49,8.60,341143,2924614.50
2023-02-22,8.60,8.60,8.40,8.48,357357,3024187.25
2023-02-23,8.50,8.51,8.41,8.47,197275,1663770.50
2023-02-24,8.50,8.50,8.33,8.39,292115,2445337.00
2023-02-27,8.38,8.38,8.25,8.32,307408,2550943.25
2023-02-28,8.35,8.65,8.35,8.47,417703,3535127.25
2023-03-01,8.36,8.62,8.30,8.50,458106,3875612.75
2023-03-02,8.51,8.65,8.43,8.49,500437,4267032.50
2023-03-03,8.52,8.52,8.32,8.39,380152,3186098.75
2023-03-06,8.39,8.40,8.28,8.32,202928,1690057.38
2023-03-07,8.32,8.36,8.20,8.21,309433,2554248.50
2023-03-08,8.18,8.27,8.16,8.26,282447,2320080.25
2023-03-09,8.25,8.30,8.12,8.17,343802,2813737.50
2023-03-10,8.17,8.23,8.05,8.15,326221,2650048.00
2023-03-13,8.15,8.27,8.15,8.19,224084,1839316.13
2023-03-14,8.29,8.99,8.28,8.53,1182383,10218468.00
2023-03-15,8.42,8.56,8.30,8.38,532900,4470397.00
2023-03-16,8.40,8.40,8.19,8.26,384615,3173860.75
2023-03-17,8.28,8.32,8.23,8.30,281782,2332171.00
2023-03-20,8.12,8.38,8.12,8.16,217926,1793043.88
2023-03-21,8.16,8.36,8.13,8.28,329622,2713435.25
2023-03-22,8.25,8.32,8.18,8.26,264923,2180290.25
2023-03-23,8.28,8.28,8.13,8.18,283666,2323483.25
2023-03-24,8.20,9.30,8.19,8.76,3161176,27829182.00
2023-03-27,8.75,9.03,8.53,8.64,1733031,15095266.00
2023-03-28,8.60,8.70,8.43,8.43,605371,5146310.50
2023-03-29,8.40,8.97,8.38,8.53,1213274,10550863.00
2023-03-30,8.42,8.62,8.30,8.34,785262,6587929.00
2023-03-31,8.48,8.69,8.36,8.59,777122,6637083.50
2023-04-03,8.67,8.68,8.52,8.64,721850,6210974.50
2023-04-04,8.67,9.00,8.56,8.68,1385247,12148219.00
2023-04-06,8.50,8.77,8.49,8.55,810283,6944027.00
2023-04-07,8.50,8.87,8.50,8.66,692848,6009596.50
2023-04-10,8.80,9.26,8.66,8.80,1536736,13698393.00
2023-04-11,8.81,8.98,8.71,8.92,1078211,9583287.00
2023-04-12,8.94,9.24,8.86,8.96,840504,7567389.50
2023-04-13,8.83,9.29,8.83,9.10,1379826,12586799.00
2023-04-14,8.95,9.26,8.89,8.98,864387,7782471.50
2023-04-17,9.00,9.00,8.61,8.65,970146,8472759.00
2023-04-18,8.90,8.90,8.59,8.67,380201,3308596.75
2023-04-19,8.79,8.79,8.51,8.54,612077,5255241.00
2023-04-20,8.62,8.62,8.50,8.54,317923,2713187.25
2023-04-21,8.62,8.62,8.35,8.37,402453,3400769.25
2023-04-24,8.45,8.94,8.35,8.61,479972,4168038.00
2023-04-25,8.55,8.64,8.33,8.49,343859,2905845.25
2023-04-26,8.59,8.59,8.32,8.49,389876,3285634.50
2023-04-27,8.15,8.55,8.15,8.28,392968,3245340.75
2023-04-28,8.28,8.50,8.24,8.44,324428,2721809.00
2023-05-04,8.45,8.55,8.16,8.32,339667,2818517.50
2023-05-05,8.30,8.90,8.30,8.82,2027734,17739034.00
2023-05-08,9.06,9.29,8.83,8.92,1883237,17055726.00
2023-05-09,8.94,9.20,8.67,8.68,1412592,12631908.00
2023-05-10,8.67,8.88,8.52,8.71,840428,7275704.00
2023-05-11,8.75,11.32,8.75,11.32,9274687,98693752.00
2023-05-12,11.48,11.82,9.97,10.65,9607038,103360600.00
2023-05-15,10.02,11.38,9.89,11.00,7592048,80060184.00
2023-05-16,10.68,10.99,10.15,10.16,4678706,49109452.00
2023-05-17,10.00,10.52,9.80,10.35,3886774,39731920.00
2023-05-18,10.30,10.97,10.01,10.59,4001440,42043496.00
2023-05-19,10.30,13.16,10.30,12.22,8320813,96055984.00
2023-05-22,11.88,13.87,11.60,12.42,7800979,100167144.00
2023-05-23,12.10,13.10,11.72,12.19,5343295,67102476.00
2023-05-24,12.30,12.65,11.42,11.61,4260238,50480756.00
2023-05-25,11.57,11.59,10.40,10.75,3889976,42706188.00
2023-05-26,10.50,12.00,10.50,11.55,4244824,48315624.00
2023-05-29,11.60,12.50,11.30,11.90,3706181,44549344.00
2023-05-30,11.72,12.88,11.72,12.27,3949083,48680632.00
2023-05-31,12.47,12.47,11.50,11.83,3130820,37192832.00
2023-06-01,11.90,12.26,11.57,11.85,2937428,35274128.00
2023-06-02,12.27,13.90,12.27,12.66,5584818,72711112.00
2023-06-05,12.36,12.79,11.93,12.30,3574470,43854568.00
2023-06-06,12.90,13.25,12.00,12.30,3738977,47341804.00
2023-06-07,12.00,13.03,11.76,12.80,4069174,50449880.00
2023-06-08,12.70,12.93,12.30,12.49,2641344,33323346.00
2023-06-09,12.30,12.64,12.05,12.23,2260261,27741778.00
2023-06-12,12.29,12.35,11.88,11.98,2151208,25998028.00
2023-06-13,12.06,12.50,11.94,12.27,1974718,24143710.00
2023-06-14,12.30,12.45,11.51,11.54,2663881,31778816.00
2023-06-15,11.57,11.75,11.15,11.18,1951490,22096892.00
2023-06-16,11.20,11.67,11.06,11.38,1863367,21307524.00
2023-06-19,11.56,11.68,11.28,11.48,1382249,15865551.00
2023-06-20,11.47,11.78,11.23,11.58,1664427,19232014.00
2023-06-21,11.50,11.75,11.12,11.54,2259454,25893514.00
2023-06-26,11.55,11.56,11.02,11.13,1421325,15983187.00
2023-06-27,11.02,11.29,11.02,11.07,663265,7372177.00
2023-06-28,11.05,11.18,10.38,10.44,1399784,14911833.00
2023-06-29,10.55,10.80,10.49,10.51,1225373,13040985.00
2023-06-30,10.57,10.59,10.41,10.51,884792,9288336.00
2023-07-03,11.00,11.03,10.61,10.63,784618,8410446.00
2023-07-04,10.56,10.76,10.43,10.59,751676,7938487.00
2023-07-05,10.58,11.06,10.48,10.76,1128456,12200871.00
2023-07-06,10.73,10.88,10.60,10.67,557145,5984182.00
2023-07-07,10.76,10.76,10.50,10.54,392886,4161235.75
2023-07-10,10.51,10.70,10.12,10.14,774005,8021449.50
2023-07-11,10.08,10.45,10.06,10.27,589410,6056299.00
2023-07-12,10.10,10.23,9.70,9.70,1068867,10586987.00
2023-07-13,9.56,9.86,9.47,9.69,1128060,10891003.00
2023-07-14,9.82,10.14,9.69,9.90,878453,8749490.00
2023-07-17,9.80,9.97,9.67,9.68,560299,5464228.00
2023-07-18,9.66,9.75,9.53,9.55,486798,4667560.00
2023-07-19,9.49,9.68,9.49,9.56,307398,2944087.25
2023-07-20,9.65,9.76,9.55,9.56,508502,4907767.00
2023-07-21,9.52,9.65,9.36,9.60,431706,4117302.00
2023-07-24,9.65,9.65,9.55,9.58,247649,2378100.00
2023-07-25,9.62,9.84,9.60,9.67,437171,4219357.00
2023-07-26,9.78,9.78,9.62,9.65,248426,2409824.50
2023-07-27,9.62,9.73,9.46,9.48,358498,3427483.75
2023-07-28,9.48,9.59,9.40,9.51,422631,4003108.00
2023-07-31,9.51,9.63,9.50,9.57,306581,2932770.50
2023-08-01,9.56,9.63,9.43,9.45,353926,3366240.00
2023-08-02,9.48,9.59,9.45,9.53,234271,2232298.50
2023-08-03,9.49,9.55,9.43,9.44,234713,2223978.75
2023-08-04,9.43,9.54,9.40,9.50,321773,3057314.75
2023-08-07,9.58,9.58,9.32,9.33,683380,6430631.50
2023-08-08,9.26,9.41,9.26,9.29,384889,3579893.75
2023-08-09,9.30,9.32,9.16,9.20,291310,2688787.00
2023-08-10,9.18,9.28,9.05,9.07,309449,2819020.25
2023-08-11,9.01,9.11,8.87,8.87,408021,3644184.50
2023-08-14,8.85,8.94,8.82,8.87,268638,2388064.00
2023-08-15,8.82,8.90,8.71,8.74,189907,1664118.25
2023-08-16,8.77,8.81,8.65,8.71,171830,1497432.38
2023-08-17,8.62,9.20,8.59,8.96,607294,5436455.00
2023-08-18,9.00,9.19,8.84,8.93,340147,3076807.25
2023-08-21,8.86,9.00,8.79,8.80,182402,1624621.00
2023-08-22,8.93,8.93,8.54,8.85,392266,3409174.25
2023-08-23,8.84,8.84,8.61,8.61,161687,1411343.25
2023-08-24,8.60,8.84,8.58,8.60,348660,3026042.25
2023-08-25,8.63,8.68,8.21,8.39,505358,4227933.50
2023-08-28,8.90,8.96,8.40,8.50,535905,4665717.00
2023-08-29,8.47,8.75,8.15,8.66,428721,3685413.00
2023-08-30,8.74,9.17,8.61,8.91,873799,7830386.00
2023-08-31,9.15,9.15,8.85,8.94,571185,5135252.50
2023-09-01,8.89,9.28,8.88,9.14,826004,7528197.50
2023-09-04,9.39,10.79,9.39,10.52,3928258,40639164.00
2023-09-05,10.42,10.42,9.82,9.95,1932900,19448304.00
2023-09-06,9.94,9.94,9.62,9.75,1183896,11496376.00
2023-09-07,9.75,10.54,9.65,10.07,2138105,21790014.00
2023-09-08,10.10,10.54,9.96,10.24,1433215,14677377.00
2023-09-11,10.16,10.23,9.88,9.94,878802,8754926.00
2023-09-12,9.94,9.98,9.60,9.78,1125758,10957677.00
2023-09-13,9.78,9.80,9.30,9.42,573405,5431732.00
2023-09-14,9.32,9.79,9.32,9.40,650762,6227676.50
2023-09-15,9.40,9.60,9.40,9.50,284233,2699799.75
2023-09-18,9.50,9.79,9.30,9.50,321281,3076973.75
2023-09-19,9.50,9.73,9.37,9.42,366919,3480688.25
2023-09-20,9.33,9.52,9.20,9.29,397170,3702048.00
2023-09-21,9.23,9.34,9.12,9.12,328355,3017277.25
2023-09-22,9.01,9.30,9.01,9.29,270281,2499651.50
2023-09-25,9.60,10.35,9.58,9.68,1788517,17714140.00
2023-09-26,9.30,9.58,9.25,9.39,829632,7808134.00
2023-09-27,9.32,9.91,9.32,9.50,964577,9323705.00
2023-09-28,9.69,9.87,9.51,9.51,402980,3870604.50
2023-10-09,9.60,9.60,9.35,9.41,356661,3366086.75
2023-10-10,9.53,9.53,9.30,9.31,326863,3066082.25
2023-10-11,9.28,9.53,9.20,9.46,480898,4527861.00
2023-10-12,9.41,9.52,9.33,9.42,430556,4038337.75
2023-10-13,9.43,9.43,9.26,9.26,372927,3473870.00
2023-10-16,9.25,9.70,9.25,9.44,453908,4294747.00
2023-10-17,9.52,9.98,9.52,9.65,807731,7868038.50
2023-10-18,9.64,9.71,9.51,9.58,271925,2615182.25
2023-10-19,9.58,9.70,9.38,9.42,297134,2841296.25
2023-10-20,9.31,9.58,9.23,9.27,280061,2628685.25
2023-10-23,9.40,9.45,9.12,9.12,256169,2373024.25
2023-10-24,9.20,9.70,9.20,9.57,615912,5795604.00
2023-10-25,9.70,9.73,9.56,9.73,687330,6651961.00
2023-10-26,9.78,9.80,9.30,9.58,453371,4345596.00
2023-10-27,9.77,9.80,9.58,9.74,509442,4955268.00
2023-10-30,9.85,9.96,9.70,9.90,630484,6214506.00
2023-10-31,9.95,10.75,9.90,10.20,1506202,15673060.00
2023-11-01,9.92,10.17,9.74,9.80,737313,7273767.00
2023-11-02,9.64,10.26,9.64,10.06,919101,9250951.00
2023-11-03,10.25,10.53,10.18,10.40,1060932,10984011.00
2023-11-06,10.55,10.77,10.30,10.39,893678,9347023.00
2023-11-07,10.60,11.05,10.59,10.82,1628992,17659970.00
2023-11-08,10.50,11.30,10.50,10.98,1792534,19715544.00
2023-11-09,10.84,11.15,10.73,10.75,1183999,12952389.00
2023-11-10,10.74,11.02,10.52,10.52,815886,8783751.00
2023-11-13,10.49,10.80,10.48,10.70,571657,6090251.00
2023-11-14,10.78,11.26,10.77,11.13,1352517,15005574.00
2023-11-15,11.50,11.55,10.90,10.91,1409107,15784369.00
2023-11-16,10.98,10.98,10.34,10.47,1276003,13490081.00
2023-11-17,10.54,10.66,10.41,10.57,614627,6483439.00
2023-11-20,10.66,11.10,10.51,11.05,1616786,17526094.00
2023-11-21,11.25,13.88,11.18,12.50,6557069,82024776.00
2023-11-22,12.30,16.00,11.70,15.86,14525643,206771856.00
2023-11-23,15.88,18.70,14.50,15.06,15139318,248894288.00
2023-11-24,15.00,17.03,13.99,16.40,11791850,186611712.00
2023-11-27,16.40,19.31,16.04,18.38,14982849,267531248.00
2023-11-28,16.70,18.05,15.85,16.40,9836573,168993536.00
2023-11-29,16.65,16.99,14.45,14.86,7392034,116113296.00
2023-11-30,15.12,15.95,14.65,15.16,5301335,80897040.00
2023-12-01,15.60,15.94,14.70,15.00,5251160,80239928.00
2023-12-04,14.75,15.20,13.90,14.40,4150871,60307904.00
2023-12-05,14.50,15.88,14.12,15.57,6787963,103875432.00
2023-12-06,15.58,16.18,15.00,15.20,4439953,68161792.00
2023-12-07,14.90,16.48,14.90,16.11,6751530,107961936.00
2023-12-08,16.46,16.67,15.66,16.14,5263943,85392384.00
2023-12-11,16.02,16.30,15.01,15.37,3535880,54875440.00
2023-12-12,15.57,16.26,15.02,15.80,3628820,57501196.00
2023-12-13,15.82,16.72,15.63,16.58,7009262,115339224.00
2023-12-14,16.59,17.45,16.11,16.20,8536860,142650960.00
2023-12-15,16.29,16.55,15.52,15.88,4631258,73578840.00
2023-12-18,16.05,16.67,15.97,16.65,5943236,97305584.00
2023-12-19,16.50,16.65,15.86,16.31,4007789,65032724.00
2023-12-20,16.13,17.40,16.13,16.84,7599396,127596400.00
2023-12-21,17.00,17.31,12.22,14.30,8961461,139845376.00
2023-12-22,14.00,14.99,13.82,14.47,4182707,60072368.00
2023-12-25,14.48,14.92,14.44,14.90,3910697,57706476.00
2023-12-26,14.96,15.49,14.00,14.78,4497291,67070000.00
2023-12-27,14.69,15.25,14.51,15.03,3481439,52107448.00
2023-12-28,15.06,15.28,14.67,15.14,3601764,54019276.00
2023-12-29,15.08,15.43,14.83,15.28,4309648,65617080.00
2024-01-02,15.45,16.39,15.17,16.00,6238952,98813232.00
2024-01-03,15.98,16.60,15.70,16.35,5428160,88197480.00
2024-01-04,16.35,17.10,16.01,16.95,6210920,103073768.00
2024-01-05,17.01,17.39,16.00,16.27,5750013,96090080.00
2024-01-08,16.07,16.38,14.86,14.90,3876780,60079880.00
2024-01-09,14.93,15.35,14.00,14.23,3561397,51973744.00
2024-01-10,14.23,14.50,13.88,14.37,2023263,28875618.00
2024-01-11,14.32,14.97,14.32,14.68,2627827,38717228.00
2024-01-12,14.60,14.83,13.01,13.15,4298947,59563576.00
2024-01-15,13.10,13.37,12.13,12.35,2995754,37795036.00
2024-01-16,12.38,13.32,11.72,13.12,4853347,61135736.00
2024-01-17,12.82,13.48,12.80,12.85,2933903,38441100.00
2024-01-18,12.70,13.40,12.51,13.40,3186161,41459060.00
2024-01-19,13.44,13.86,13.25,13.76,4066403,55492388.00
2024-01-22,13.68,14.00,13.12,13.36,3192418,43302632.00
2024-01-23,13.49,13.66,13.10,13.45,2077793,27861220.00
2024-01-24,13.46,13.66,12.97,13.62,2112626,28337848.00
2024-01-25,13.51,13.63,13.12,13.31,2333181,31281828.00
2024-01-26,13.31,13.65,13.12,13.15,2045623,27396466.00
2024-01-29,13.37,13.37,11.81,11.90,2403578,29949728.00
2024-01-30,12.00,12.07,11.46,11.52,1718702,20222782.00
2024-01-31,11.43,11.78,11.40,11.57,2989849,34567068.00
2024-02-01,11.46,11.47,10.65,10.73,2481823,27463774.00
2024-02-02,10.55,10.88,9.51,9.88,2898333,29612264.00
2024-02-05,9.89,9.89,8.60,9.22,2731308,25216142.00
2024-02-06,9.23,10.66,8.80,10.48,4110874,41360700.00
2024-02-07,10.59,11.38,10.30,10.68,4341853,47341012.00
2024-02-08,10.75,10.98,9.90,10.81,3261448,34287936.00
2024-02-19,11.35,13.99,11.35,13.43,8001847,102790736.00
2024-02-20,12.65,13.89,12.51,13.23,7198893,96001360.00
2024-02-21,12.75,13.95,12.31,13.40,6620264,87116816.00
2024-02-22,13.30,14.77,13.02,13.86,6400578,89797888.00
2024-02-23,14.00,14.40,13.40,13.81,5036022,69232440.00
2024-02-26,13.73,13.73,13.10,13.10,4083416,54341812.00
2024-02-27,13.21,13.69,13.21,13.54,4416020,59566716.00
2024-02-28,13.56,14.20,13.28,13.62,6197129,85482984.00
2024-02-29,13.49,14.27,13.31,14.18,5473972,76559384.00
2024-03-01,14.51,14.90,13.85,13.86,5311884,75447560.00
2024-03-04,13.76,13.96,13.07,13.41,3858820,51875960.00
2024-03-05,13.40,13.40,12.67,12.69,3107328,40206060.00
2024-03-06,12.75,13.37,12.75,13.19,3379219,44555716.00
2024-03-07,13.41,13.49,12.58,12.61,2575956,33253692.00
2024-03-08,12.95,13.06,12.58,12.70,1352895,17254068.00
2024-03-11,12.90,12.90,12.36,12.72,1833824,23009706.00
2024-03-12,12.71,13.12,12.65,12.88,2108029,27298776.00
2024-03-13,13.01,13.06,12.60,12.68,1877894,23993326.00
2024-03-14,12.86,13.10,12.40,12.51,2014182,25728464.00
2024-03-15,12.42,13.00,12.15,12.90,3308507,41934344.00
2024-03-18,13.08,13.28,12.92,13.17,2750853,36100652.00
2024-03-19,13.51,14.51,13.51,13.67,6143601,85895512.00
2024-03-20,13.54,14.18,13.12,13.86,5421956,74296952.00
2024-03-21,13.61,13.93,13.46,13.47,3266186,44479328.00
2024-03-22,13.28,13.75,12.92,13.07,2998269,39945964.00
2024-03-25,12.95,13.20,12.42,12.43,2274078,29210362.00
2024-03-26,12.25,12.78,11.81,12.10,2107842,25709440.00
2024-03-27,12.08,12.47,12.01,12.03,1645897,20209304.00
2024-03-28,11.91,12.35,11.91,12.17,1277900,15567339.00
2024-03-29,12.33,12.33,11.75,11.98,1543621,18536864.00
2024-04-01,11.94,12.19,11.81,12.17,1579913,18999544.00
2024-04-02,12.10,12.24,11.84,11.86,1375207,16402821.00
2024-04-03,11.84,11.93,11.52,11.52,983048,11550439.00
2024-04-08,11.52,11.72,11.26,11.27,853528,9798666.00
2024-04-09,11.22,11.73,11.22,11.55,774844,8954419.00
2024-04-10,11.64,12.19,11.41,11.85,2323592,27765496.00
2024-04-11,11.70,11.85,11.52,11.54,1038522,12090564.00
2024-04-12,11.64,11.64,11.01,11.09,1202664,13586171.00
2024-04-15,11.20,11.35,10.73,10.80,1114689,12261426.00
2024-04-16,10.80,10.97,9.30,9.77,1909627,19353770.00
2024-04-17,10.38,11.68,10.00,11.15,3138779,34388856.00
2024-04-18,10.60,11.26,10.60,10.81,2077408,22611036.00
2024-04-19,10.70,10.85,10.45,10.52,1175700,12476740.00
2024-04-22,10.62,10.75,9.88,10.07,2816877,28805540.00
2024-04-23,10.17,10.18,9.78,9.92,2550859,25389674.00
2024-04-24,9.93,10.08,9.89,10.05,1988553,19881872.00
2024-04-25,10.15,10.35,10.00,10.03,1572703,15933944.00
2024-04-26,10.02,10.90,10.00,10.51,2945257,30603614.00
2024-04-29,10.77,11.00,10.50,10.61,2654720,28460592.00
2024-04-30,10.66,10.93,10.59,10.68,1653801,17792880.00
2024-05-06,10.85,11.12,10.70,10.93,2323754,25252264.00
2024-05-07,11.00,11.25,10.86,10.93,1610664,17662512.00
2024-05-08,10.86,11.00,10.70,10.71,1419668,15367310.00
2024-05-09,10.80,11.16,10.80,10.85,1490864,16300049.00
2024-05-10,10.87,10.91,10.55,10.56,1190065,12718593.00
2024-05-13,10.65,10.77,10.31,10.34,1135055,11957984.00
2024-05-14,10.35,10.53,10.26,10.34,857813,8896439.00
2024-05-15,10.16,10.44,10.03,10.13,996250,10147290.00
2024-05-16,10.12,10.30,10.09,10.09,726832,7392836.00
2024-05-17,10.18,10.38,10.07,10.28,1187035,12146681.00
2024-05-20,10.38,10.38,10.23,10.26,681385,7005073.00
2024-05-21,10.18,10.27,10.02,10.04,528183,5351332.00
2024-05-22,10.05,10.35,10.05,10.22,828523,8456736.00
2024-05-23,10.23,11.11,10.00,10.62,3535616,37832680.00
2024-05-24,10.61,10.77,10.12,10.18,1317496,13718541.00
2024-05-27,10.17,10.38,10.10,10.36,772462,7959125.50
2024-05-28,10.34,10.59,10.28,10.41,1022702,10708730.00
2024-05-29,10.39,10.62,10.36,10.44,733479,7689860.00
2024-05-30,10.53,10.66,10.38,10.44,802139,8434198.00
2024-05-31,10.42,10.53,10.32,10.41,610871,6367901.50
2024-06-03,10.35,10.38,10.02,10.11,825639,8399139.00
2024-06-04,10.15,10.38,10.01,10.10,725610,7383272.00
2024-06-05,10.17,10.17,9.62,9.72,1356269,13340714.00
2024-06-06,9.81,9.85,9.06,9.13,1898571,17661696.00
2024-06-07,9.23,9.44,9.13,9.26,861332,7979916.50
2024-06-11,9.35,9.66,9.19,9.50,1114553,10584941.00
2024-06-12,9.52,9.67,9.35,9.61,747484,7136114.00
2024-06-13,9.63,9.66,9.35,9.40,781161,7387328.50
2024-06-14,9.35,9.48,9.31,9.40,707764,6650038.50
2024-06-17,9.35,9.40,9.15,9.17,690964,6388418.00
2024-06-18,9.14,9.29,9.14,9.24,541425,4996921.50
2024-06-19,9.33,9.98,9.24,9.55,2352608,22664844.00
2024-06-20,9.54,9.70,9.33,9.37,1209236,11437835.00
2024-06-21,9.31,9.80,9.31,9.79,2030187,19622058.00
2024-06-24,9.75,9.75,9.34,9.38,1286282,12216827.00
2024-06-25,9.29,9.69,9.27,9.54,1258674,11995150.00
2024-06-26,9.62,10.00,9.50,10.00,2381356,23513490.00
2024-06-27,9.99,10.10,9.71,9.81,1437111,14139098.00
2024-06-28,9.89,9.97,9.64,9.75,1208919,11846175.00
2024-07-01,9.82,9.83,9.50,9.64,777293,7463332.50
2024-07-02,9.73,9.80,9.54,9.62,787954,7614107.50
2024-07-03,9.55,9.63,9.39,9.51,633365,5996827.00
2024-07-04,9.51,9.73,9.37,9.37,728424,6960701.00
2024-07-05,9.30,9.50,9.13,9.44,605368,5640407.00
2024-07-08,9.37,9.48,9.03,9.10,1056116,9669601.00
2024-07-09,9.18,9.38,9.04,9.29,524473,4829124.50
2024-07-10,9.22,9.37,9.08,9.22,436373,4033982.75
2024-07-11,9.40,9.47,9.16,9.41,830836,7811525.00
2024-07-12,9.41,9.49,9.31,9.40,669935,6301199.50
2024-07-15,9.43,9.46,9.30,9.38,399362,3749655.75
2024-07-16,9.32,9.70,9.21,9.67,1751734,16718942.00
2024-07-17,9.65,10.49,9.60,10.35,4990386,50967428.00
2024-07-18,10.23,10.25,9.76,9.91,2419619,24134496.00
2024-07-19,9.97,10.12,9.82,9.93,1629263,16304077.00
2024-07-22,9.83,10.15,9.83,9.95,1449259,14513060.00
2024-07-23,9.96,11.20,9.64,10.41,5032961,52224776.00
2024-07-24,10.11,10.33,9.72,9.81,2677400,26832342.00
2024-07-25,9.90,10.09,9.74,9.99,1687553,16800092.00
2024-07-26,9.92,10.14,9.92,10.03,1041636,10427034.00
2024-07-29,9.96,10.10,9.77,9.86,872119,8609548.00
2024-07-30,9.96,10.05,9.82,9.97,1327762,13238395.00
2024-07-31,10.02,10.26,9.92,10.21,1903444,19315420.00
2024-08-01,10.19,10.37,10.04,10.04,1373185,13911526.00
2024-08-02,9.91,10.27,9.81,9.83,1806699,18120734.00
2024-08-05,9.70,9.84,9.41,9.45,1340441,12916815.00
2024-08-06,9.55,9.61,9.45,9.58,797864,7610196.50
2024-08-07,9.58,9.75,9.51,9.59,594294,5719695.00
2024-08-08,9.56,9.65,9.50,9.56,516438,4945444.00
2024-08-09,9.57,9.82,9.57,9.61,1041708,10084118.00
2024-08-12,9.65,9.65,9.40,9.43,628289,5967080.00
2024-08-13,9.39,9.49,9.34,9.41,463570,4357613.50
2024-08-14,9.48,9.54,9.33,9.35,540496,5086229.50
2024-08-15,9.35,9.55,9.27,9.42,596630,5619493.00
2024-08-16,9.50,9.55,9.37,9.41,435296,4109840.00
2024-08-19,9.43,9.47,9.34,9.36,470284,4418679.00
2024-08-20,9.40,9.67,9.33,9.38,860374,8163340.00
2024-08-21,9.39,9.39,9.22,9.28,596396,5539678.50
2024-08-22,9.30,9.32,9.06,9.07,582314,5322264.00
2024-08-23,9.02,9.17,9.02,9.14,254687,2318977.50
2024-08-26,9.13,9.26,9.08,9.15,433232,3978072.00
2024-08-27,9.13,9.14,9.04,9.05,490770,4450879.50
2024-08-28,9.00,9.27,9.00,9.08,380368,3467713.25
2024-08-29,9.11,9.21,9.03,9.18,380268,3476731.75
2024-08-30,9.16,9.45,9.16,9.29,921531,8603242.00
2024-09-02,9.35,9.45,9.10,9.16,376729,3477006.50
2024-09-03,9.16,9.34,9.16,9.19,406521,3747989.25
2024-09-04,9.16,9.22,9.08,9.13,314527,2878344.00
2024-09-05,9.14,9.27,9.10,9.19,326565,3003355.50
2024-09-06,9.19,9.26,9.05,9.06,486253,4433129.50
2024-09-09,9.09,9.24,9.02,9.07,709251,6469847.00
2024-09-10,9.03,9.09,8.75,8.89,1032789,9204899.00
2024-09-11,8.94,8.94,8.78,8.80,445099,3928988.50
2024-09-12,8.79,8.92,8.64,8.66,604247,5339083.00
2024-09-13,8.66,9.13,8.64,8.91,1463603,13033299.00
2024-09-18,8.91,8.91,8.61,8.66,795248,6927762.00
2024-09-19,8.74,8.87,8.62,8.73,608921,5329219.00
2024-09-20,8.79,8.81,8.70,8.74,251919,2206586.75
2024-09-23,8.78,8.79,8.64,8.67,434340,3778400.00
2024-09-24,8.63,8.90,8.63,8.85,1095380,9646455.00
2024-09-25,8.89,9.18,8.89,9.00,1580766,14321151.00
2024-09-26,9.08,9.17,8.88,9.17,1485015,13481912.00
2024-09-27,9.50,10.47,9.21,10.08,4761423,47446500.00
2024-09-30,11.08,12.86,10.39,12.68,9363595,108603496.00
2024-10-08,16.35,16.48,13.85,16.48,13745327,210866816.00
2024-10-09,15.96,15.96,13.88,13.90,10117853,149128032.00
2024-10-10,13.90,14.80,13.66,13.75,5572912,79087824.00
2024-10-11,13.38,13.54,11.90,12.09,4826754,60207584.00
2024-10-14,12.20,12.88,11.76,12.69,4568544,56366684.00
2024-10-15,12.55,13.49,12.32,12.66,5067915,65316072.00
2024-10-16,12.23,12.89,12.02,12.47,3264678,41014348.00
2024-10-17,12.84,15.00,12.66,13.60,11100921,153218016.00
2024-10-18,13.60,14.89,13.21,14.28,10326702,147092784.00
2024-10-21,14.65,17.10,14.61,16.67,14252156,226261904.00
2024-10-22,16.55,16.55,14.43,14.56,10443149,160090640.00
2024-10-23,14.50,15.32,14.06,14.88,6826176,101902000.00
2024-10-24,15.10,16.19,14.80,15.79,7884882,122941576.00
2024-10-25,16.10,18.00,15.60,16.11,13246240,222360112.00
2024-10-28,16.76,16.76,15.37,16.06,7572713,121087008.00
2024-10-29,16.45,20.87,16.12,20.87,21030651,384702784.00
2024-10-30,22.66,22.66,18.00,18.31,17407052,338232384.00
2024-10-31,17.55,19.50,17.01,18.95,13651099,251176688.00
2024-11-01,18.20,18.78,15.59,15.80,10611750,181151312.00
2024-11-04,15.33,16.98,15.33,16.77,6319928,104324752.00
2024-11-05,17.00,19.03,16.79,18.05,9436449,170269888.00
2024-11-06,18.39,19.68,18.00,18.77,11404188,214850544.00
2024-11-07,18.80,20.00,17.00,19.58,11787210,224238336.00
2024-11-08,20.00,20.98,18.98,19.36,10228877,204375840.00
2024-11-11,19.01,19.36,18.23,19.05,6556263,122920584.00
2024-11-12,19.09,22.00,19.09,19.85,10650854,217086128.00
2024-11-13,19.96,20.53,18.76,19.58,7104589,138182704.00
2024-11-14,19.02,20.50,18.88,19.22,6817021,134109328.00
2024-11-15,19.90,21.95,19.60,20.84,13925746,288932160.00
2024-11-18,20.75,20.90,18.65,18.94,9499186,186462144.00
2024-11-19,18.70,19.16,16.50,18.17,8359063,147955248.00
2024-11-20,18.00,19.14,17.65,18.73,6477211,120533728.00
2024-11-21,18.99,19.70,18.50,19.44,7835414,150420800.00
2024-11-22,19.16,21.00,18.82,18.84,9488647,188012480.00
2024-11-25,24.49,24.49,20.20,20.63,18399811,415398528.00
2024-11-26,19.00,22.25,18.97,20.00,15737078,322119808.00
2024-11-27,18.88,20.97,18.00,20.03,11418201,219280112.00
2024-11-28,20.40,20.98,19.60,19.88,9329308,188721104.00
2024-11-29,21.14,25.39,20.56,22.88,21566146,487393536.00
2024-12-02,22.00,24.41,21.52,23.25,17029940,387846688.00
2024-12-03,23.25,23.25,23.25,23.25,0,0.00
#数据来源:通达信
