835857 百甲科技 日线 不复权
      日期	    开盘	    最高	    最低	    收盘	    成交量	    成交额
2016-11-22,5.20,5.20,5.20,5.20,4500000,23400000.00
2016-11-23,16.00,16.00,16.00,16.00,6000,96000.00
2016-11-24,15.50,16.00,15.00,16.00,546000,8376500.00
2016-11-25,16.00,16.00,15.00,16.00,651000,9911000.00
2016-11-28,16.00,16.00,15.00,15.00,327000,5006500.00
2016-11-29,16.00,16.00,15.50,15.54,205000,3233000.00
2016-11-30,16.00,16.00,15.50,15.50,312000,4928500.00
2016-12-01,15.50,16.00,15.50,16.00,177000,2774000.00
2016-12-02,16.00,16.00,16.00,16.00,2000,32000.00
2016-12-05,15.00,16.20,15.00,15.01,288000,4334200.00
2016-12-06,16.00,16.00,16.00,16.00,36000,576000.00
2016-12-07,16.00,16.10,15.00,16.10,260000,3940100.00
2016-12-08,16.00,16.00,15.00,15.48,159000,2462000.00
2016-12-09,16.00,16.50,15.00,16.11,289000,4462500.00
2016-12-12,16.00,16.00,15.00,16.00,316000,4895000.00
2017-03-23,16.00,16.00,16.00,16.00,7000,112000.00
2017-03-24,16.00,16.00,16.00,16.00,13000,208000.00
2017-03-27,16.00,16.00,16.00,16.00,13000,208000.00
2017-03-29,16.00,16.00,16.00,16.00,35000,560000.00
2017-03-30,15.50,16.00,15.50,15.77,103000,1624000.00
2017-03-31,16.00,16.00,15.00,15.50,492000,7577500.00
2018-04-17,8.95,8.95,8.95,8.95,67000,599650.00
2018-04-27,8.89,8.89,8.89,8.89,15000,133350.00
2018-05-22,5.89,5.89,5.89,5.89,1000,5890.00
2018-05-24,5.80,5.80,5.80,5.80,108000,626400.00
2018-08-06,3.75,3.75,3.75,3.75,13000,48750.00
2018-08-16,3.70,3.70,3.70,3.70,16000,59200.00
2018-08-27,3.70,3.70,3.70,3.70,377000,1131000.00
2018-09-06,3.70,3.70,3.70,3.70,118000,436600.00
2018-09-07,2.70,2.70,2.70,2.70,4000,10800.00
2018-09-17,2.00,2.00,2.00,2.00,11000,22000.00
2018-09-28,2.00,2.00,2.00,2.00,6000,12000.00
2018-11-05,2.00,2.00,2.00,2.00,1000,2000.00
2018-11-19,3.15,3.15,3.15,3.15,1000,3150.00
2018-11-21,5.43,5.43,5.43,5.43,1000,5430.00
2020-08-19,5.50,5.50,5.50,5.50,16000,88000.00
2020-09-02,5.50,5.50,5.50,5.50,1612800,6225408.00
2020-09-11,2.75,2.75,2.75,2.75,200,550.00
2020-09-14,2.75,2.79,2.75,2.79,1900,5239.00
2020-09-16,2.75,2.75,2.68,2.68,20200,55116.00
2020-09-18,2.69,4.87,2.69,4.87,1300,3933.00
2020-10-12,2.50,2.50,2.50,2.50,400,1000.00
2020-10-13,2.50,2.50,2.50,2.50,494000,1284400.00
2020-10-20,2.33,2.33,2.33,2.33,6000,13980.00
2020-10-21,2.09,2.22,2.09,2.22,20500,43107.78
2020-10-22,2.25,2.35,2.00,2.35,6300,14735.54
2020-10-23,2.93,2.93,2.93,2.93,100,293.00
2020-10-27,3.47,3.47,2.40,2.47,12900,31629.54
2020-10-28,1.91,2.93,1.91,2.93,2100,4593.00
2020-10-30,2.70,2.70,2.70,2.70,300,810.00
2020-11-23,1.98,1.98,1.95,1.95,6700,13155.00
2020-11-26,2.00,2.00,2.00,2.00,100,200.00
2020-11-27,2.20,2.20,2.20,2.20,1200,2640.00
2020-11-30,2.50,2.50,2.50,2.50,15400,38500.00
2020-12-02,2.50,2.50,2.50,2.50,7900,19627.50
2020-12-03,1.92,1.92,1.92,1.92,100,192.00
2020-12-09,2.42,2.42,2.42,2.42,13000,31460.00
2020-12-11,2.60,2.60,2.05,2.43,5200,10753.00
2020-12-14,2.40,2.40,2.40,2.40,100,240.00
2020-12-18,2.40,2.40,2.40,2.40,100,240.00
2020-12-21,2.28,2.28,1.95,1.95,3000,6510.00
2020-12-22,2.08,2.76,2.08,2.76,3000,6920.00
2020-12-23,2.21,2.21,2.01,2.03,44900,91359.00
2020-12-25,2.70,2.70,2.70,2.70,100,270.00
2020-12-28,2.20,2.30,2.20,2.28,20100,44564.78
2020-12-29,2.15,3.03,2.15,2.30,12600,27478.00
2020-12-31,3.00,3.00,3.00,3.00,18000,54000.00
2021-01-14,2.32,2.33,2.32,2.33,5500,12820.00
2021-01-15,2.50,2.50,2.50,2.50,5000,12500.00
2021-01-18,2.50,2.51,2.50,2.51,3500,8751.00
2021-01-20,2.51,2.51,2.50,2.50,2000,5010.00
2021-01-21,2.78,2.78,2.51,2.52,29800,76203.99
2021-01-22,2.90,2.90,2.62,2.62,2100,6062.00
2021-01-26,2.80,3.30,2.80,3.30,5800,19063.60
2021-01-27,3.30,3.30,3.30,3.30,1400000,5880000.00
2021-01-28,3.24,3.24,3.24,3.24,5500,17820.00
2021-02-05,2.80,2.80,2.80,2.80,5000,14000.00
2021-02-22,2.88,5.50,2.88,5.30,80600,336830.41
2021-03-03,3.88,3.88,3.66,3.66,12000,44800.00
2021-03-04,3.35,3.35,3.35,3.35,5000,16750.00
2021-03-05,3.30,3.30,3.30,3.30,100,330.00
2021-03-09,3.29,3.29,3.29,3.29,3200,10534.58
2021-03-18,3.18,3.18,3.18,3.18,1000,3180.00
2021-03-22,3.06,3.06,3.06,3.06,2900,8874.00
2021-03-23,3.00,3.00,3.00,3.00,4000,12000.00
2021-03-24,2.88,2.88,2.88,2.88,2100,6048.00
2021-03-26,2.88,2.88,2.88,2.88,9000,25920.00
2021-03-29,2.90,2.90,2.90,2.90,3800,11017.10
2021-03-30,2.89,3.49,2.89,3.49,7100,21160.61
2021-03-31,3.00,3.00,3.00,3.00,3300,9900.00
2021-04-06,3.00,3.00,3.00,3.00,3000,9000.00
2021-04-09,2.88,2.88,2.88,2.88,5000,14400.00
2021-04-13,3.08,3.08,3.08,3.08,3000,9240.00
2021-04-14,2.88,3.00,2.88,3.00,13000,38160.00
2021-04-16,3.03,3.05,3.03,3.05,1900,5745.75
2021-04-19,3.08,3.09,3.08,3.09,10100,31109.00
2021-04-20,3.03,3.03,3.03,3.03,4800,14540.97
2021-04-23,3.08,3.08,3.08,3.08,4000,12320.00
2021-04-26,4.00,4.00,3.99,4.00,1000,3996.00
2021-04-27,4.50,4.50,4.50,4.50,1000,4500.00
2021-04-28,3.55,3.55,3.55,3.55,9461000,39735552.00
2021-04-29,2.88,3.50,2.88,3.50,4300,12570.00
2021-04-30,4.88,4.88,4.00,4.00,11900,53567.00
2021-05-06,4.00,4.00,4.00,4.00,2200,8800.00
2021-05-07,4.00,4.00,4.00,4.00,1500,6000.00
2021-05-11,4.00,4.00,4.00,4.00,500,2000.00
2021-05-17,3.50,3.56,3.50,3.56,1100,3856.00
2021-05-19,3.88,3.88,3.88,3.88,1900,7360.36
2021-05-20,3.80,3.80,3.80,3.80,3000,11400.00
2021-05-21,3.72,3.72,3.72,3.72,7000,26040.00
2021-05-24,3.51,3.80,3.51,3.80,4500,16665.00
2021-05-25,3.60,3.60,3.60,3.60,0,3.60
2021-05-28,3.40,3.79,3.40,3.40,3000,10451.00
2021-06-03,3.40,3.40,3.40,3.40,2000,6800.00
2021-06-04,3.78,3.78,3.30,3.30,1100,3678.00
2021-06-07,3.59,3.59,3.59,3.59,100,359.00
2021-06-08,3.23,3.23,3.23,3.23,5000,16150.00
2021-06-09,3.39,3.39,3.39,3.39,500,1695.00
2021-06-15,3.75,3.75,3.75,3.75,100,375.00
2021-06-17,3.98,3.98,3.98,3.98,100,398.00
2021-06-21,3.00,3.00,3.00,3.00,3900,11694.00
2021-06-22,3.11,3.11,3.11,3.11,100,311.00
2021-06-23,3.10,3.10,3.10,3.10,10000,31000.00
2021-06-24,3.00,3.00,3.00,3.00,5000,15000.00
2021-06-25,3.20,3.20,3.20,3.20,7800,24960.00
2021-06-28,3.00,3.00,3.00,3.00,20100,60441.00
2021-06-30,3.00,3.00,3.00,3.00,3000,9000.00
2021-07-01,3.10,3.10,3.10,3.10,600,1860.00
2021-07-02,3.10,3.12,3.10,3.12,5500,17150.00
2021-07-06,3.12,3.12,3.12,3.12,3000,9360.00
2021-07-08,3.15,3.15,3.15,3.15,2000,6300.00
2021-07-14,3.15,3.15,3.15,3.15,10000,31500.00
2021-07-15,3.16,3.16,3.16,3.16,5100,16116.00
2021-07-16,3.18,3.18,3.18,3.18,100,318.00
2021-07-20,3.20,3.22,3.20,3.22,9000,28802.00
2021-07-22,3.25,3.25,3.25,3.25,100,325.00
2021-07-23,3.27,3.27,3.27,3.27,100,327.00
2021-07-28,6.50,6.50,6.50,6.50,100,650.00
2021-08-04,3.51,3.51,3.51,3.51,100,351.00
2021-08-10,3.16,3.16,3.16,3.16,1300,4108.00
2021-08-11,3.18,3.18,3.18,3.18,1800,5577.72
2021-08-17,3.25,3.25,3.25,3.25,8800,28596.75
2021-08-18,3.37,3.37,3.37,3.37,4000,13480.00
2021-09-01,3.50,3.50,3.50,3.50,100,350.00
2021-09-03,4.00,4.00,3.50,3.50,6900,25100.00
2021-09-06,3.65,3.65,3.65,3.65,4000,14600.00
2021-09-10,4.19,4.19,4.19,4.19,5000,20794.20
2021-09-14,4.30,4.90,4.30,4.90,1100,5510.10
2021-09-22,3.56,3.56,3.56,3.56,6000,21360.00
2021-09-24,3.80,3.80,3.80,3.80,100,380.00
2021-09-27,4.02,4.02,4.02,4.02,100,402.00
2021-09-28,4.15,4.15,4.15,4.15,15300,63495.00
2021-09-30,4.50,4.50,4.50,4.50,1000,4500.00
2021-10-11,4.00,4.15,4.00,4.15,4000,16238.00
2021-10-20,4.00,4.00,4.00,4.00,200,800.00
2021-10-21,4.00,4.00,4.00,4.00,1000,4000.00
2021-10-27,4.00,4.00,4.00,4.00,200,800.00
2021-10-28,4.00,4.00,4.00,4.00,100,204.00
2021-11-05,4.90,6.00,4.90,5.51,12500,69542.51
2021-11-08,5.53,5.99,5.53,5.61,13200,75263.00
2021-11-09,6.50,6.50,5.95,6.45,27200,168931.91
2021-11-10,6.48,6.48,6.30,6.31,16000,101026.69
2021-11-11,6.68,7.06,6.68,7.06,5900,41486.00
2021-11-12,12.48,12.48,6.61,7.02,1400,10485.23
2021-11-15,7.65,7.65,7.03,7.65,9100,69101.25
2021-11-16,7.65,8.00,7.65,8.00,16200,129485.00
2021-11-17,8.00,8.00,7.99,7.99,14200,113469.00
2021-11-18,8.50,8.50,7.18,7.18,21400,154615.50
2021-11-19,7.22,7.30,6.53,6.60,6000,39426.57
2021-11-22,6.68,6.99,6.68,6.99,11900,80734.34
2021-11-23,6.99,6.99,6.90,6.98,3200,22042.84
2021-11-24,6.98,6.98,6.65,6.70,14700,99893.00
2021-11-25,6.80,6.80,6.30,6.80,27800,187249.20
2021-11-26,6.98,6.98,6.85,6.95,17600,121777.80
2021-11-29,6.99,6.99,6.90,6.95,38200,266285.00
2021-11-30,12.00,12.00,6.68,6.95,13700,96726.68
2021-12-01,6.96,6.96,6.95,6.95,13200,91840.00
2021-12-02,6.97,6.98,6.60,6.75,5900,39060.40
2021-12-03,6.60,6.91,6.51,6.91,4500,29975.42
2021-12-06,7.58,7.58,6.50,6.84,4000,26402.30
2021-12-07,6.83,6.83,6.78,6.78,1300,8834.00
2021-12-08,6.30,6.70,6.30,6.70,4500,28450.00
2021-12-09,6.40,6.45,6.21,6.28,3200,20297.00
2021-12-10,6.25,6.55,6.25,6.48,700,4428.00
2021-12-13,4.19,6.28,4.19,6.28,300,1650.88
2021-12-14,6.28,6.28,6.28,6.28,500,3140.00
2021-12-16,6.03,6.28,6.03,6.26,300,1874.53
2021-12-17,6.26,6.26,6.26,6.26,100,626.00
2021-12-20,6.00,6.01,5.64,5.88,20700,120187.42
2021-12-21,6.10,6.10,5.85,5.90,3100,18210.00
2021-12-22,5.95,5.95,5.80,5.80,1500,8775.00
2021-12-23,5.88,5.88,5.80,5.80,1900,11100.00
2021-12-24,5.50,5.60,5.21,5.21,23400,124058.48
2021-12-27,6.26,6.26,5.20,5.20,23600,123033.00
2021-12-28,5.19,5.19,5.01,5.01,59600,304912.03
2021-12-29,5.30,5.30,5.02,5.02,7500,37698.00
2021-12-30,5.00,5.00,5.00,5.00,42100,210500.00
2021-12-31,5.01,5.01,4.98,5.00,31100,155638.36
2022-01-04,5.10,5.10,4.96,5.08,14000,70123.31
2022-01-05,5.00,5.00,5.00,5.00,2000,10000.00
2022-01-06,5.10,5.10,5.10,5.10,1000,5100.00
2022-01-07,5.02,5.02,4.92,4.92,3200,16042.00
2022-01-10,4.96,4.96,4.80,4.80,13600,67065.00
2022-01-11,4.80,4.90,4.80,4.80,52500,253144.00
2022-01-12,4.94,4.94,4.92,4.94,5100,25429.78
2022-01-13,4.85,4.85,4.80,4.80,6400,30935.00
2022-01-14,4.80,4.80,4.80,4.80,2600,12480.00
2022-01-17,4.80,4.88,4.80,4.81,23000,111281.00
2022-01-19,4.80,4.89,4.80,4.80,11000,53250.00
2022-01-20,4.75,4.75,4.75,4.75,1000,4750.00
2022-01-21,4.85,4.85,4.75,4.75,2500,12025.00
2022-01-24,4.69,4.69,4.69,4.69,11100,52074.00
2022-01-25,4.60,4.60,4.50,4.50,1200,5470.00
2022-01-26,4.78,4.94,4.38,4.38,9100,43369.00
2022-01-27,4.80,4.80,4.78,4.80,8500,40492.00
2022-01-28,4.94,4.94,4.80,4.88,1600,7703.00
2022-02-07,4.88,4.88,4.88,4.88,500,2440.00
2022-02-08,4.80,4.80,4.80,4.80,19300,92875.20
2022-02-09,4.88,4.88,4.80,4.80,6000,28890.00
2022-02-10,4.88,4.88,4.69,4.69,6600,31127.30
2022-02-11,4.75,4.75,4.75,4.75,1500,7125.00
2022-02-14,4.42,4.77,4.42,4.60,27200,122109.07
2022-02-15,4.57,4.57,4.42,4.42,6800,30777.00
2022-02-16,4.44,4.55,4.25,4.25,9900,43380.25
2022-02-17,4.46,4.46,3.00,4.00,21200,86946.00
2022-02-18,4.00,4.33,3.96,4.02,148100,474727.94
2022-02-21,4.00,4.02,4.00,4.00,24300,97214.66
2022-02-22,4.15,4.15,4.00,4.00,7700,31188.63
2022-02-23,4.04,4.04,4.00,4.03,135200,421594.00
2022-02-24,4.03,4.03,4.00,4.00,4000,16021.00
2022-02-25,4.00,4.01,4.00,4.00,6100,24420.00
2022-02-28,4.02,4.02,4.02,4.02,1000,4020.00
2022-03-01,4.02,4.02,4.02,4.02,5000,20100.00
2022-03-02,4.00,4.00,4.00,4.00,900,3600.00
2022-03-03,4.00,4.01,4.00,4.00,13200,52630.00
2022-03-04,4.00,4.00,4.00,4.00,7300,29200.00
2022-03-07,4.00,4.04,2.40,4.04,6100,22804.00
2022-03-09,3.64,3.99,3.64,3.99,200,781.20
2022-03-16,4.37,4.37,2.90,4.02,2400,7322.30
2022-03-21,3.00,3.80,3.00,3.80,200,680.00
2022-03-25,3.80,3.80,3.80,3.80,5400,20706.20
2022-03-28,4.00,4.00,3.52,3.77,6200,21909.00
2022-03-29,3.72,3.72,3.72,3.72,1500,5580.00
2022-03-30,3.76,3.76,3.76,3.76,200,752.00
2022-04-14,3.69,3.70,3.55,3.69,15000,55295.70
2022-04-19,3.67,3.67,3.67,3.67,200,734.00
2022-04-25,4.10,4.10,4.10,4.10,20000,82000.00
2022-04-29,3.89,3.90,3.89,3.90,900,3589.80
2022-05-05,3.80,3.80,3.61,3.80,1700,6307.50
2022-05-06,3.98,3.98,3.98,3.98,100,398.00
2022-05-09,3.50,3.50,3.50,3.50,3800,13223.00
2022-05-10,3.85,3.85,3.70,3.70,600,2235.00
2022-05-11,4.10,4.10,3.60,3.60,3800,14013.80
2022-05-12,3.80,3.80,3.21,3.78,16800,54137.09
2022-05-13,3.75,3.75,3.60,3.75,600,2246.25
2022-05-16,3.74,3.74,3.60,3.60,1800,6544.00
2022-05-17,3.66,3.66,3.58,3.58,1100,3956.00
2022-05-18,3.30,3.43,3.25,3.25,21800,71867.00
2022-05-19,3.20,3.20,3.19,3.19,4500,14367.00
2022-05-20,3.20,3.20,3.19,3.19,33100,105810.00
2022-05-23,3.19,3.19,3.19,3.19,27600,88155.65
2022-05-24,3.20,3.20,3.20,3.20,20900,66937.60
2022-05-25,3.18,3.20,3.18,3.20,11600,36934.10
2022-05-26,3.20,3.20,3.19,3.19,10100,32319.00
2022-05-27,3.15,3.15,3.14,3.15,38300,120455.50
2022-05-30,3.16,3.16,3.07,3.08,5900,18361.40
2022-05-31,3.19,3.19,3.08,3.09,7200,22224.91
2022-06-01,3.03,3.27,3.02,3.02,21000,63514.80
2022-06-02,3.02,3.29,3.02,3.29,14000,42974.00
2022-06-06,3.10,3.29,3.10,3.29,13200,43048.00
2022-06-07,3.29,3.29,3.20,3.22,12400,40050.00
2022-06-08,3.28,3.32,3.25,3.32,39700,129884.00
2022-06-09,3.38,3.38,3.35,3.35,17200,57851.00
2022-06-10,3.36,3.36,3.32,3.35,15000,50180.00
2022-06-13,3.50,3.50,3.35,3.35,18600,62753.75
2022-06-14,3.36,3.37,3.36,3.37,4400,14929.32
2022-06-15,3.50,3.50,3.40,3.40,900,3133.80
2022-06-16,3.50,3.50,3.50,3.50,400,1400.00
2022-06-17,3.55,3.62,3.55,3.62,1600,5701.00
2022-06-20,3.50,3.66,3.50,3.66,2200,7824.00
2022-06-21,3.60,3.60,3.50,3.50,4900,17308.00
2022-06-22,3.60,3.68,3.60,3.68,7000,25380.00
2022-06-24,4.69,4.69,3.51,3.80,1000,3852.49
2022-06-28,3.80,3.83,3.65,3.71,41700,156864.86
2023-03-14,4.00,4.04,3.65,3.65,17773374,69134208.00
2023-03-15,3.57,3.57,3.49,3.52,5131144,18051618.00
2023-03-16,3.53,3.56,3.50,3.52,1553208,5485645.50
2023-03-17,3.53,3.55,3.51,3.52,855277,3010027.25
2023-03-20,3.51,3.52,3.49,3.49,1369173,4794785.00
2023-03-21,3.49,3.55,3.49,3.54,957829,3374439.00
2023-03-22,3.54,3.57,3.52,3.53,752171,2667763.25
2023-03-23,3.53,3.54,3.50,3.52,730015,2562923.50
2023-03-24,3.51,3.55,3.50,3.53,647046,2285077.00
2023-03-27,3.53,3.54,3.50,3.52,532388,1869036.25
2023-03-28,3.53,3.53,3.49,3.51,847615,2969653.50
2023-03-29,3.50,3.52,3.50,3.51,428663,1504767.00
2023-03-30,3.51,3.51,3.49,3.50,444139,1552996.88
2023-03-31,3.49,3.51,3.37,3.44,2261686,7730323.50
2023-04-03,3.43,3.45,3.41,3.43,735183,2519075.50
2023-04-04,3.42,3.43,3.41,3.41,365928,1250370.38
2023-04-06,3.41,3.42,3.40,3.42,435769,1484526.38
2023-04-07,3.41,3.44,3.40,3.44,325139,1115174.63
2023-04-10,3.41,3.44,3.41,3.44,177084,607063.94
2023-04-11,3.45,3.45,3.41,3.43,229125,784220.75
2023-04-12,3.41,3.42,3.41,3.42,347895,1187135.25
2023-04-13,3.40,3.43,3.40,3.41,192561,657743.63
2023-04-14,3.42,3.43,3.41,3.42,168571,575489.63
2023-04-17,3.42,3.42,3.40,3.41,203451,693898.38
2023-04-18,3.41,3.43,3.40,3.41,918240,3001234.00
2023-04-19,3.41,3.41,3.37,3.37,853124,2882444.75
2023-04-20,3.37,3.38,3.35,3.36,400278,1344863.00
2023-04-21,3.34,3.36,3.32,3.33,458443,1530867.63
2023-04-24,3.33,3.34,3.31,3.32,252092,835739.63
2023-04-25,3.33,3.33,3.26,3.26,390726,1281751.75
2023-04-26,3.24,3.31,3.24,3.29,169336,557204.88
2023-04-27,3.27,3.30,3.27,3.29,101943,334987.03
2023-04-28,3.32,3.35,3.30,3.33,459342,1527189.75
2023-05-04,3.35,3.35,3.31,3.33,238931,795422.00
2023-05-05,3.33,3.41,3.32,3.40,886429,2987259.50
2023-05-08,3.40,3.51,3.40,3.51,2545869,8847128.00
2023-05-09,3.53,3.53,3.42,3.44,1581289,5475894.00
2023-05-10,3.44,3.46,3.41,3.43,679613,2327742.50
2023-05-11,3.46,3.49,3.44,3.47,1172639,4075249.75
2023-05-12,3.45,3.48,3.44,3.44,331274,1141998.75
2023-05-15,3.43,3.46,3.43,3.44,308041,1059158.88
2023-05-16,3.44,3.47,3.42,3.43,333823,1152325.75
2023-05-17,3.44,3.44,3.40,3.42,362074,1236117.50
2023-05-18,3.43,3.43,3.41,3.42,309061,1057198.88
2023-05-19,3.43,3.44,3.40,3.44,451429,1541535.50
2023-05-22,3.43,3.44,3.42,3.43,196286,673331.25
2023-05-23,3.42,3.44,3.39,3.41,312040,1066685.25
2023-05-24,3.41,3.44,3.41,3.42,332991,1139877.50
2023-05-25,3.41,3.43,3.39,3.41,279035,950624.94
2023-05-26,3.42,3.42,3.38,3.40,374996,1271312.13
2023-05-29,3.40,3.41,3.39,3.39,106450,361552.50
2023-05-30,3.39,3.40,3.35,3.40,396849,1340535.00
2023-05-31,3.39,3.41,3.36,3.40,298382,1009731.13
2023-06-01,3.38,3.40,3.38,3.39,105444,357258.16
2023-06-02,3.38,3.41,3.38,3.39,94959,322586.41
2023-06-05,3.40,3.41,3.39,3.40,363644,1234788.63
2023-06-06,3.40,3.41,3.38,3.38,383755,1300415.88
2023-06-07,3.37,3.40,3.37,3.38,188336,636258.69
2023-06-08,3.37,3.39,3.36,3.37,179510,605108.25
2023-06-09,3.37,3.38,3.35,3.36,216563,728453.94
2023-06-12,3.36,3.38,3.35,3.37,93545,314971.66
2023-06-13,3.36,3.38,3.36,3.37,150050,505124.50
2023-06-14,3.38,3.38,3.36,3.37,99602,335467.84
2023-06-15,3.36,3.37,3.35,3.35,280644,941290.81
2023-06-16,3.36,3.37,3.35,3.36,111818,375079.31
2023-06-19,3.35,3.35,3.33,3.34,151295,505397.63
2023-06-20,3.34,3.34,3.32,3.32,152113,505747.84
2023-06-21,3.31,3.34,3.31,3.34,161338,536557.50
2023-06-26,3.33,3.33,3.31,3.31,83776,277980.22
2023-06-27,3.31,3.35,3.31,3.32,47112,156933.20
2023-06-28,3.33,3.34,3.31,3.33,94376,313813.63
2023-06-29,3.32,3.36,3.32,3.35,161155,539258.88
2023-06-30,3.35,3.37,3.35,3.36,174961,588778.81
2023-07-03,3.36,3.37,3.36,3.36,106954,360105.06
2023-07-04,3.34,3.37,3.34,3.37,153261,515036.88
2023-07-05,3.36,3.39,3.36,3.38,194800,658138.00
2023-07-06,3.39,3.39,3.36,3.37,105465,355880.06
2023-07-07,3.34,3.39,3.33,3.38,147607,496802.78
2023-07-10,3.36,3.38,3.36,3.36,70100,235795.00
2023-07-11,3.37,3.37,3.35,3.36,99244,333841.28
2023-07-12,3.35,3.36,3.35,3.35,138469,464709.75
2023-07-13,3.35,3.37,3.35,3.37,52140,175295.41
2023-07-14,3.36,3.39,3.36,3.39,94029,317784.13
2023-07-17,3.37,3.38,3.37,3.37,45718,154130.84
2023-07-18,3.37,3.39,3.37,3.37,106246,358880.31
2023-07-19,3.37,3.38,3.14,3.26,2497596,8067764.00
2023-07-20,3.21,3.25,3.16,3.23,1118357,3588800.00
2023-07-21,3.21,3.24,3.21,3.22,86247,277853.25
2023-07-24,3.23,3.25,3.23,3.24,292617,948386.19
2023-07-25,3.24,3.27,3.23,3.26,319683,1039934.75
2023-07-26,3.24,3.31,3.24,3.29,365103,1200087.13
2023-07-27,3.30,3.30,3.24,3.27,248006,808087.38
2023-07-28,3.26,3.29,3.25,3.29,236759,774773.63
2023-07-31,3.29,3.31,3.29,3.30,385653,1273314.25
2023-08-01,3.30,3.36,3.30,3.33,512941,1711221.38
2023-08-02,3.31,3.32,3.27,3.30,371248,1223684.25
2023-08-03,3.28,3.31,3.14,3.22,2619660,8375278.00
2023-08-04,3.20,3.22,3.19,3.22,572974,1839705.88
2023-08-07,3.22,3.22,3.20,3.22,322780,1034289.13
2023-08-08,3.20,3.22,3.20,3.21,134476,431493.19
2023-08-09,3.22,3.22,3.20,3.21,229995,736927.94
2023-08-10,3.20,3.22,3.20,3.21,153450,492782.69
2023-08-11,3.21,3.24,3.20,3.21,316499,1018558.50
2023-08-14,3.21,3.21,3.19,3.21,206298,660435.25
2023-08-15,3.20,3.22,3.19,3.20,86556,277126.19
2023-08-16,3.20,3.21,3.19,3.20,100017,319515.84
2023-08-17,3.20,3.20,3.19,3.20,153557,490442.28
2023-08-18,3.20,3.21,3.09,3.14,2079214,6504144.00
2023-08-21,3.13,3.13,3.11,3.11,548232,1709326.88
2023-08-22,3.12,3.12,3.06,3.09,751001,2311487.25
2023-08-23,3.08,3.09,3.06,3.08,165732,509966.44
2023-08-24,3.07,3.08,3.05,3.06,357514,1094914.25
2023-08-25,3.05,3.06,3.04,3.05,249918,761429.06
2023-08-28,3.12,3.12,3.06,3.08,773682,2390847.50
2023-08-29,3.07,3.11,3.06,3.07,766163,2357968.50
2023-08-30,3.07,3.08,3.06,3.07,378272,1159328.88
2023-08-31,3.06,3.08,3.06,3.08,207750,636870.19
2023-09-01,3.08,3.11,3.06,3.10,1480335,4554269.50
2023-09-04,3.15,3.22,3.14,3.18,2102470,6690923.00
2023-09-05,3.17,3.17,3.12,3.14,893456,2806744.75
2023-09-06,3.12,3.15,3.12,3.15,343042,1075365.38
2023-09-07,3.15,3.15,3.12,3.13,303125,950405.19
2023-09-08,3.12,3.13,3.11,3.13,210425,657093.06
2023-09-11,3.14,3.14,3.12,3.14,165189,517636.59
2023-09-12,3.13,3.18,3.12,3.17,504860,1590629.50
2023-09-13,3.16,3.18,3.14,3.17,247446,782880.38
2023-09-14,3.16,3.18,3.13,3.16,417541,1316549.50
2023-09-15,3.14,3.17,3.14,3.16,65136,204996.13
2023-09-18,3.14,3.16,3.12,3.16,153869,482138.66
2023-09-19,3.16,3.17,3.12,3.15,188800,592190.81
2023-09-20,3.15,3.15,3.12,3.15,81358,254840.55
2023-09-21,3.12,3.14,3.12,3.14,78415,245464.95
2023-09-22,3.12,3.15,3.12,3.14,523655,1637551.25
2023-09-25,3.12,3.13,3.11,3.13,186048,580331.75
2023-09-26,3.11,3.12,3.10,3.11,124540,387493.34
2023-09-27,3.14,3.14,3.11,3.13,130013,404872.34
2023-09-28,3.12,3.14,3.12,3.13,138943,434688.59
2023-10-09,3.10,3.13,3.09,3.13,123960,385028.31
2023-10-10,3.11,3.11,3.07,3.07,244493,755087.94
2023-10-11,3.10,3.10,3.08,3.09,124929,385188.19
2023-10-12,3.08,3.10,3.08,3.10,96215,297414.41
2023-10-13,3.10,3.10,3.08,3.09,65949,203373.41
2023-10-16,3.09,3.09,3.08,3.09,60607,186861.16
2023-10-17,3.08,3.09,3.06,3.09,95448,293378.13
2023-10-18,3.07,3.08,3.05,3.06,184258,563470.19
2023-10-19,3.05,3.07,3.04,3.06,186981,570529.13
2023-10-20,3.04,3.07,3.04,3.07,158329,483975.25
2023-10-23,3.06,3.06,3.02,3.05,201057,609541.38
2023-10-24,3.03,3.07,3.03,3.07,130276,397883.56
2023-10-25,3.09,3.09,3.07,3.09,179181,552135.00
2023-10-26,3.10,3.10,3.04,3.08,127788,390483.41
2023-10-27,3.09,3.11,3.04,3.11,358474,1106821.38
2023-10-30,3.10,3.12,3.09,3.12,180794,561264.69
2023-10-31,3.09,3.09,3.06,3.09,196153,602446.25
2023-11-01,3.08,3.08,3.04,3.06,206374,630421.63
2023-11-02,3.06,3.06,3.03,3.04,386394,1176577.13
2023-11-03,3.04,3.06,3.01,3.05,236087,715046.31
2023-11-06,3.06,3.08,3.04,3.06,231585,710099.69
2023-11-07,3.06,3.09,3.06,3.08,158894,488627.66
2023-11-08,3.07,3.13,3.07,3.11,1095108,3412808.00
2023-11-09,3.12,3.13,3.10,3.12,479221,1493361.00
2023-11-10,3.11,3.12,3.10,3.11,177905,552130.13
2023-11-13,3.12,3.12,3.09,3.11,224324,696330.69
2023-11-14,3.10,3.12,3.09,3.11,188848,586918.25
2023-11-15,3.11,3.14,3.11,3.14,507473,1587061.25
2023-11-16,3.12,3.13,3.10,3.12,230223,717706.44
2023-11-17,3.10,3.14,3.10,3.12,225085,703113.00
2023-11-20,3.13,3.19,3.12,3.17,1203600,3806197.75
2023-11-21,3.19,3.58,3.18,3.37,10653013,36275548.00
2023-11-22,3.33,4.02,3.30,3.96,15373315,55841168.00
2023-11-23,3.90,4.33,3.66,4.04,14879091,59384404.00
2023-11-24,3.96,4.49,3.82,4.36,16602464,69681824.00
2023-11-27,4.38,5.24,4.32,5.19,19281913,91787184.00
2023-11-28,4.70,5.10,4.56,4.56,13420385,65506436.00
2023-11-29,4.60,4.75,3.98,4.09,10123898,44033580.00
2023-11-30,4.09,4.22,3.88,4.05,5635128,22710892.00
2023-12-01,4.07,4.16,3.91,3.98,4002525,16075019.00
2023-12-04,3.98,4.04,3.85,3.93,2994516,11782326.00
2023-12-05,3.91,4.39,3.89,4.37,8925327,37400764.00
2023-12-06,4.34,4.47,4.22,4.33,5855329,25547474.00
2023-12-07,4.26,4.54,4.25,4.48,7971636,35263524.00
2023-12-08,4.52,4.60,4.37,4.54,5698435,25773510.00
2023-12-11,4.55,4.57,4.20,4.27,5726312,24906222.00
2023-12-12,4.28,4.63,4.21,4.51,6997110,31167502.00
2023-12-13,4.41,4.64,4.37,4.56,6777672,30778208.00
2023-12-14,4.59,4.87,4.50,4.73,9583667,45341260.00
2023-12-15,4.80,5.13,4.70,4.89,8971075,43826488.00
2023-12-18,4.84,5.11,4.78,5.08,9390697,46629844.00
2023-12-19,5.16,5.18,4.86,4.93,6306626,31330050.00
2023-12-20,4.97,5.06,4.90,5.01,5806351,29035038.00
2023-12-21,5.01,5.15,4.22,4.50,8951479,43082784.00
2023-12-22,4.35,4.59,4.35,4.57,4198711,18831560.00
2023-12-25,4.58,4.75,4.57,4.75,3764638,17570082.00
2023-12-26,4.80,4.87,4.45,4.76,4758938,22543090.00
2023-12-27,4.70,4.75,4.45,4.64,5648102,26031016.00
2023-12-28,4.63,4.98,4.61,4.86,8247154,39515940.00
2023-12-29,4.83,4.99,4.77,4.90,6860468,33609064.00
2024-01-02,4.91,5.48,4.91,5.44,11164564,56972940.00
2024-01-03,5.44,5.65,5.21,5.49,10820423,58545180.00
2024-01-04,5.45,5.55,5.18,5.49,7127004,38533124.00
2024-01-05,5.49,5.54,5.05,5.06,6471462,33879104.00
2024-01-08,5.00,5.50,4.95,5.06,7707252,40257028.00
2024-01-09,4.90,5.10,4.71,4.76,6308275,30728238.00
2024-01-10,4.76,4.97,4.60,4.87,3699380,17683978.00
2024-01-11,4.82,4.95,4.68,4.87,3282833,15807198.00
2024-01-12,4.85,4.91,4.48,4.48,4284052,19989112.00
2024-01-15,4.46,4.50,4.21,4.29,3141190,13683697.00
2024-01-16,4.25,4.61,4.06,4.59,4982309,21696784.00
2024-01-17,4.53,4.70,4.42,4.45,3969393,18160304.00
2024-01-18,4.45,4.57,4.27,4.57,3341213,14813688.00
2024-01-19,4.61,4.76,4.54,4.70,4215507,19710604.00
2024-01-22,4.71,4.71,4.33,4.45,2389699,10856670.00
2024-01-23,4.45,4.54,4.35,4.46,1395431,6232163.00
2024-01-24,4.49,4.55,4.34,4.50,2178228,9707199.00
2024-01-25,4.57,4.70,4.42,4.46,3469027,15718319.00
2024-01-26,4.40,4.52,4.30,4.32,2259056,9999217.00
2024-01-29,4.33,4.35,3.98,3.99,2839809,11840065.00
2024-01-30,3.99,4.04,3.80,3.87,1561744,6090391.50
2024-01-31,3.88,4.01,3.87,3.92,1892315,7433599.00
2024-02-01,3.92,3.95,3.77,3.81,1431246,5478247.50
2024-02-02,3.82,3.85,3.37,3.58,2326491,8435199.00
2024-02-05,3.50,3.56,3.16,3.40,2552940,8536745.00
2024-02-06,3.39,3.75,3.33,3.71,3028100,10824142.00
2024-02-07,3.73,3.93,3.70,3.72,3476672,13324223.00
2024-02-08,3.70,3.84,3.43,3.78,2512499,9265941.00
2024-02-19,3.84,3.91,3.72,3.82,2080579,7952034.50
2024-02-20,3.87,3.91,3.78,3.88,1942836,7490699.00
2024-02-21,3.85,3.99,3.81,3.93,2629492,10341549.00
2024-02-22,3.91,3.98,3.85,3.92,1657171,6482583.50
2024-02-23,3.93,3.99,3.77,3.83,2721705,10528819.00
2024-02-26,3.81,3.87,3.71,3.77,2215773,8414229.00
2024-02-27,3.79,4.04,3.76,4.04,4332324,17009268.00
2024-02-28,4.07,4.18,3.86,3.89,3769462,15198193.00
2024-02-29,3.88,4.03,3.86,4.02,2650819,10452971.00
2024-03-01,4.05,4.17,3.95,4.08,3119541,12557342.00
2024-03-04,4.06,4.08,3.86,3.93,2474687,9749589.00
2024-03-05,3.93,3.93,3.78,3.82,1457997,5566820.50
2024-03-06,3.80,3.96,3.74,3.84,1740763,6708182.50
2024-03-07,3.84,3.98,3.71,3.76,3255724,12639604.00
2024-03-08,3.76,3.83,3.70,3.77,1436019,5386916.50
2024-03-11,3.76,3.85,3.73,3.83,945114,3592075.75
2024-03-12,3.85,3.85,3.76,3.82,1312477,4983009.50
2024-03-13,3.82,3.82,3.70,3.70,1176007,4405114.50
2024-03-14,3.72,3.77,3.70,3.72,1145052,4267430.50
2024-03-15,3.72,4.01,3.69,3.96,5037036,19626636.00
2024-03-18,3.95,4.07,3.90,3.99,4400184,17517726.00
2024-03-19,3.99,4.02,3.92,3.93,1499792,5941758.50
2024-03-20,3.96,3.98,3.91,3.97,1064319,4200864.00
2024-03-21,3.99,3.99,3.87,3.92,1105584,4337114.50
2024-03-22,3.94,3.94,3.83,3.85,1297733,5014569.50
2024-03-25,3.87,3.87,3.77,3.77,829361,3156654.50
2024-03-26,3.81,3.81,3.64,3.72,1277908,4746074.50
2024-03-27,3.72,3.84,3.71,3.72,1497089,5666875.50
2024-03-28,3.79,3.83,3.70,3.74,958244,3599030.00
2024-03-29,3.73,3.78,3.71,3.74,616503,2302714.25
2024-04-01,3.77,3.81,3.73,3.76,856831,3214839.25
2024-04-02,3.76,3.78,3.72,3.72,1238329,4625208.00
2024-04-03,3.73,3.76,3.69,3.69,833814,3098771.00
2024-04-08,3.72,3.72,3.55,3.57,931606,3369748.25
2024-04-09,3.56,3.65,3.56,3.65,886556,3210472.00
2024-04-10,3.64,3.83,3.62,3.74,2398160,8968445.00
2024-04-11,3.72,3.72,3.63,3.65,979540,3593770.75
2024-04-12,3.65,3.66,3.61,3.63,328912,1195749.75
2024-04-15,3.62,3.65,3.44,3.49,904487,3194354.25
2024-04-16,3.48,3.48,3.23,3.24,1471789,4876079.50
2024-04-17,3.32,3.40,3.30,3.40,1198810,4021693.25
2024-04-18,3.38,3.46,3.33,3.38,860154,2926913.00
2024-04-19,3.36,3.40,3.33,3.36,533682,1797049.50
2024-04-22,3.36,3.39,3.26,3.35,513954,1711528.38
2024-04-23,3.38,3.43,3.32,3.41,616256,2085412.25
2024-04-24,3.40,3.43,3.36,3.41,367783,1248738.88
2024-04-25,3.43,3.43,3.38,3.40,342798,1166538.25
2024-04-26,3.37,3.43,3.36,3.42,553338,1877802.63
2024-04-29,3.41,3.48,3.40,3.47,711761,2448465.75
2024-04-30,3.44,3.48,3.41,3.43,954035,3277867.75
2024-05-06,3.45,3.47,3.44,3.46,865616,2989748.00
2024-05-07,3.47,3.47,3.41,3.43,614583,2109245.25
2024-05-08,3.43,3.44,3.39,3.40,702213,2393062.25
2024-05-09,3.41,3.44,3.39,3.41,939762,3218348.75
2024-05-10,3.42,3.42,3.37,3.39,688470,2332234.25
2024-05-13,3.40,3.41,3.36,3.36,746866,2527812.50
2024-05-14,3.39,3.39,3.34,3.36,636128,2133260.50
2024-05-15,3.34,3.34,3.28,3.29,801368,2657624.00
2024-05-16,3.29,3.39,3.26,3.29,1315337,4359674.50
2024-05-17,3.28,3.32,3.21,3.29,1150795,3771939.25
2024-05-20,3.30,3.31,3.27,3.29,540393,1777046.63
2024-05-21,3.28,3.28,3.22,3.27,835165,2715020.50
2024-05-22,3.26,3.32,3.22,3.30,1069392,3515172.25
2024-05-23,3.30,3.50,3.24,3.37,2808886,9523599.00
2024-05-24,3.36,3.40,3.30,3.33,1164097,3887446.00
2024-05-27,3.33,3.33,3.28,3.31,588727,1939324.38
2024-05-28,3.32,3.36,3.27,3.29,716495,2369262.75
2024-05-29,3.30,3.30,3.26,3.28,363888,1191771.50
2024-05-30,3.27,3.29,3.24,3.26,488943,1595569.00
2024-05-31,3.26,3.29,3.26,3.29,595485,1948910.50
2024-06-03,3.29,3.29,3.21,3.24,656916,2126556.50
2024-06-04,3.25,3.25,3.18,3.23,661238,2118228.50
2024-06-05,3.24,3.24,3.16,3.18,603169,1922881.75
2024-06-06,3.13,3.18,3.04,3.06,1088694,3366677.25
2024-06-07,3.12,3.17,3.06,3.11,599585,1862660.00
2024-06-11,3.12,3.12,3.05,3.12,304711,939224.00
2024-06-12,3.12,3.14,3.10,3.13,304346,949725.13
2024-06-13,3.15,3.15,3.04,3.06,852578,2626844.75
2024-06-14,3.06,3.10,3.06,3.09,325395,1003297.88
2024-06-17,3.08,3.09,3.05,3.08,383971,1177611.38
2024-06-18,3.08,3.11,3.05,3.10,401760,1237728.50
2024-06-19,3.12,3.26,3.09,3.16,1503792,4756076.00
2024-06-20,3.15,3.17,3.09,3.13,420410,1312051.25
2024-06-21,3.15,3.24,3.11,3.20,1289420,4114508.50
2024-06-24,3.18,3.18,3.09,3.11,556083,1736117.63
2024-06-25,3.02,3.14,3.02,3.13,503208,1562203.00
2024-06-26,3.12,3.18,3.09,3.15,668521,2092185.13
2024-06-27,3.15,3.18,3.09,3.14,583286,1817623.88
2024-06-28,3.10,3.16,3.09,3.12,571438,1778804.88
2024-07-01,3.08,3.12,3.06,3.11,659397,2033281.63
2024-07-02,3.09,3.12,3.07,3.12,429006,1327625.25
2024-07-03,3.12,3.12,3.06,3.07,391198,1203529.63
2024-07-04,3.09,3.09,3.03,3.06,644876,1966534.13
2024-07-05,3.05,3.11,3.01,3.11,800150,2447223.75
2024-07-08,3.07,3.09,2.94,3.01,811831,2450270.75
2024-07-09,3.04,3.04,2.94,3.03,962977,2878708.75
2024-07-10,3.03,3.05,2.98,3.03,317146,958035.31
2024-07-11,3.05,3.12,3.03,3.12,1427863,4387343.50
2024-07-12,3.08,3.14,3.06,3.10,739403,2293834.00
2024-07-15,3.35,3.35,3.10,3.10,1557323,4932160.00
2024-07-16,3.06,3.22,3.05,3.22,1916761,6040870.00
2024-07-17,3.19,3.48,3.17,3.46,5034915,17076332.00
2024-07-18,3.46,3.46,3.28,3.35,2540917,8515847.00
2024-07-19,3.31,3.39,3.26,3.29,1336631,4441716.50
2024-07-22,3.30,3.30,3.23,3.24,603895,1967078.38
2024-07-23,3.25,3.31,3.21,3.21,776800,2523150.50
2024-07-24,3.21,3.23,3.15,3.18,630146,2001770.38
2024-07-25,3.20,3.24,3.17,3.22,606243,1948444.38
2024-07-26,3.25,3.25,3.17,3.21,747060,2394160.75
2024-07-29,3.19,3.20,3.09,3.13,1743123,5446673.00
2024-07-30,3.11,3.15,3.06,3.13,1237665,3848900.25
2024-07-31,3.13,3.19,3.11,3.17,820848,2591270.00
2024-08-01,3.19,3.19,3.14,3.15,533649,1690076.50
2024-08-02,3.15,3.17,3.11,3.12,1011818,3172139.75
2024-08-05,3.11,3.14,3.06,3.08,763161,2368605.25
2024-08-06,3.09,3.13,3.08,3.12,566774,1760926.00
2024-08-07,3.13,3.13,3.10,3.11,196031,610882.06
2024-08-08,3.11,3.14,3.08,3.12,360887,1125271.25
2024-08-09,3.12,3.14,3.09,3.11,235461,733247.25
2024-08-12,3.10,3.16,3.10,3.13,363409,1137781.13
2024-08-13,3.14,3.20,3.11,3.14,465684,1465867.13
2024-08-14,3.16,3.18,3.12,3.14,697013,2191616.25
2024-08-15,3.14,3.17,3.11,3.15,765319,2405540.50
2024-08-16,3.17,3.17,3.11,3.14,614098,1926933.13
2024-08-19,3.13,3.14,3.10,3.11,322774,1005085.88
2024-08-20,3.12,3.20,3.10,3.13,848266,2667614.75
2024-08-21,3.16,3.16,3.09,3.11,260526,809599.75
2024-08-22,3.13,3.13,3.05,3.06,357645,1099890.00
2024-08-23,3.06,3.08,3.03,3.06,300014,913913.56
2024-08-26,3.06,3.09,3.05,3.07,371283,1137442.63
2024-08-27,3.08,3.16,3.00,3.14,1498072,4611229.50
2024-08-28,3.12,3.26,3.07,3.12,1502475,4721681.00
2024-08-29,3.12,3.13,3.06,3.10,928060,2871278.25
2024-08-30,3.11,3.20,3.11,3.15,1298300,4101421.25
2024-09-02,3.17,3.19,3.11,3.11,582782,1829598.38
2024-09-03,3.14,3.14,3.11,3.13,134173,418630.47
2024-09-04,3.10,3.13,3.07,3.07,689807,2124768.25
2024-09-05,3.09,3.11,3.06,3.10,246245,760146.94
2024-09-06,3.11,3.12,3.04,3.11,481753,1481979.25
2024-09-09,3.10,3.10,3.05,3.07,145447,446120.66
2024-09-10,3.08,3.10,3.03,3.08,388657,1191296.00
2024-09-11,3.07,3.08,3.05,3.06,126976,388674.28
2024-09-12,3.08,3.08,3.04,3.04,192052,586133.13
2024-09-13,3.03,3.13,3.01,3.08,514481,1579210.00
2024-09-18,3.08,3.08,3.03,3.06,248109,756332.50
2024-09-19,3.04,3.09,3.02,3.08,502723,1543048.88
2024-09-20,3.07,3.09,3.04,3.07,240053,736488.88
2024-09-23,3.05,3.10,3.05,3.09,314645,967876.25
2024-09-24,3.09,3.71,3.08,3.46,7127403,24484462.00
2024-09-25,3.39,3.50,3.31,3.36,5510106,18678374.00
2024-09-26,3.31,3.39,3.26,3.39,3517424,11741835.00
2024-09-27,3.44,3.69,3.38,3.62,5576673,19673948.00
2024-09-30,3.98,4.45,3.70,4.30,9191174,37204036.00
2024-10-08,5.19,5.50,4.50,5.35,11381114,56656364.00
2024-10-09,4.92,4.92,4.23,4.26,7202621,33223122.00
2024-10-10,4.30,4.49,4.13,4.20,3955919,17131308.00
2024-10-11,4.12,4.17,3.80,3.83,3208019,12733984.00
2024-10-14,3.98,4.97,3.92,4.97,20123940,95216640.00
2024-10-15,5.30,6.46,5.10,5.23,30521706,176455600.00
2024-10-16,4.75,5.98,4.74,5.69,22024996,117581912.00
2024-10-17,5.60,6.50,5.23,6.05,27855046,161199664.00
2024-10-18,5.77,6.28,5.58,6.10,24326012,145016384.00
2024-10-21,5.89,6.93,5.81,6.51,25753079,163379712.00
2024-10-22,6.38,6.50,5.40,5.59,17164545,100831040.00
2024-10-23,5.53,5.86,5.51,5.73,8586962,49046920.00
2024-10-24,5.70,5.98,5.62,5.87,8797528,51536356.00
2024-10-25,5.87,6.28,5.79,5.86,14546547,87956688.00
2024-10-28,6.00,6.48,6.00,6.21,13201463,81989208.00
2024-10-29,6.10,6.53,6.02,6.48,15105386,95335584.00
2024-10-30,6.51,6.89,6.12,6.41,12072549,78945704.00
2024-10-31,6.71,6.92,6.04,6.15,12950493,83047448.00
2024-11-01,5.95,6.04,5.55,5.58,8145680,47075708.00
2024-11-04,5.73,5.89,5.59,5.79,5004922,28832128.00
2024-11-05,5.96,7.52,5.87,7.52,26301472,193078160.00
2024-11-06,8.46,9.77,7.60,9.77,43581891,377379008.00
2024-11-07,9.68,11.60,8.62,9.30,37995587,373490336.00
2024-11-08,8.99,9.18,8.18,8.21,25679044,222092192.00
2024-11-11,8.15,8.52,7.75,8.12,13686952,110347568.00
2024-11-12,8.17,8.60,8.00,8.58,15891701,131745352.00
2024-11-13,8.55,8.55,7.90,8.31,10263551,83919936.00
2024-11-14,8.39,8.44,8.08,8.10,7393107,60634364.00
2024-11-15,8.01,8.16,7.83,7.85,7801441,62375372.00
2024-11-18,7.85,8.20,7.55,7.86,8689867,68833568.00
2024-11-19,7.68,7.93,6.79,7.44,9751128,72042056.00
2024-11-20,7.38,7.89,7.27,7.88,7978379,61355412.00
2024-11-21,8.00,8.42,7.90,8.28,10478756,85893600.00
2024-11-22,8.36,8.44,8.00,8.01,10170520,83702896.00
2024-11-25,8.17,8.17,7.65,7.98,4713278,37184448.00
2024-11-26,7.91,8.23,7.80,7.82,4776752,38262516.00
2024-11-27,7.63,7.87,7.38,7.87,4517170,34276816.00
2024-11-28,8.09,8.38,7.92,8.32,11159133,91763192.00
2024-11-29,8.38,8.77,8.14,8.35,12793043,108255264.00
2024-12-02,8.47,9.19,8.22,9.09,16981326,148532224.00
2024-12-03,9.09,9.09,9.09,9.09,0,0.00
#数据来源:通达信
