835985 海泰新能 日线 不复权
      日期	    开盘	    最高	    最低	    收盘	    成交量	    成交额
2017-01-16,3.50,3.50,3.50,3.50,500000,1750000.00
2017-01-20,1.00,3.00,1.00,1.11,180000,200000.00
2017-01-23,1.00,3.50,1.00,1.38,130000,180000.00
2017-02-03,3.50,3.50,3.50,3.50,1000,3500.00
2017-02-08,3.50,3.50,3.50,3.50,200000,700000.00
2017-02-17,3.00,3.90,3.00,3.31,11000,36400.00
2017-02-20,4.00,4.50,4.00,4.25,2000,8500.00
2017-02-21,4.75,4.75,4.75,4.75,1000,4750.00
2017-02-22,4.75,6.00,4.75,5.42,3000,16250.00
2017-02-23,5.80,6.50,5.80,6.15,2000,12300.00
2017-02-24,6.45,7.00,6.45,6.73,2000,13450.00
2017-02-28,6.70,7.30,6.70,7.07,3000,21200.00
2017-03-02,6.00,6.00,4.50,5.00,6000,30000.00
2017-03-03,5.50,6.38,5.50,6.38,20000,118040.00
2017-03-06,6.08,6.35,5.89,6.35,7000,42270.00
2017-03-07,6.07,6.07,6.07,6.07,2000,12140.00
2017-03-08,6.05,6.05,6.05,6.05,2000,12100.00
2017-03-10,6.10,6.10,6.10,6.10,1000,6100.00
2017-03-13,6.30,6.30,6.30,6.30,1000,6300.00
2017-03-15,6.40,6.40,6.40,6.40,1000,6400.00
2017-03-16,6.40,6.40,6.20,6.40,4000,25200.00
2017-03-20,6.16,6.38,6.16,6.38,2000,12540.00
2017-03-23,6.40,6.45,6.40,6.45,6000,38450.00
2017-03-24,6.23,6.23,6.13,6.13,2000,12360.00
2017-03-27,6.10,6.30,6.10,6.30,3000,18500.00
2017-04-05,6.08,6.08,6.08,6.08,1000,6080.00
2017-04-10,6.05,6.05,6.05,6.05,5000,30250.00
2017-04-14,6.10,6.10,6.10,6.10,1000,6100.00
2017-04-19,6.11,6.11,6.11,6.11,1000,6110.00
2017-04-24,5.82,5.87,5.82,5.87,5000,29150.00
2017-04-27,5.82,5.82,5.82,5.82,1000,5820.00
2017-04-28,5.82,5.82,5.82,5.82,10000,58200.00
2017-05-02,5.70,5.70,5.54,5.70,9000,50330.00
2017-05-05,5.60,5.70,5.60,5.70,2000,11300.00
2017-05-08,5.64,5.64,5.64,5.64,1000,5640.00
2017-05-11,5.60,5.70,5.60,5.60,96000,538000.00
2017-05-12,5.60,5.70,5.60,5.70,4000,22700.00
2017-05-15,5.70,5.70,5.57,5.57,7000,39380.00
2017-05-24,5.63,5.63,5.63,5.63,1000,5630.00
2017-06-01,5.69,5.69,5.69,5.69,1000,5690.00
2017-06-09,3.91,3.91,3.90,3.90,5000,19530.00
2017-06-12,3.94,3.96,3.94,3.96,2000,7900.00
2017-06-20,4.00,4.00,4.00,4.00,1000,4000.00
2017-06-21,3.99,4.00,3.99,4.00,2000,7990.00
2017-06-22,4.01,4.01,4.00,4.00,3000,12010.00
2017-06-30,3.88,4.04,3.88,4.04,2000,7920.00
2017-07-10,3.85,3.85,3.82,3.82,5000,19170.00
2017-07-31,3.74,3.74,3.64,3.64,6000,22060.00
2017-08-04,3.67,3.67,3.67,3.67,2000,7340.00
2017-08-08,3.63,3.63,3.63,3.63,1000,3630.00
2017-08-16,3.63,3.63,3.52,3.52,6000,21230.00
2017-08-23,3.43,3.43,3.43,3.43,1000,3430.00
2017-08-30,3.42,3.42,3.33,3.33,4000,13410.00
2017-08-31,3.33,3.33,2.84,3.15,133000,405820.00
2017-09-01,3.15,3.23,2.90,2.90,278000,840300.00
2017-09-04,2.90,2.90,2.90,2.90,47000,136300.00
2017-09-05,2.90,2.90,2.90,2.90,81000,234900.00
2017-09-18,2.90,2.90,2.90,2.90,1000,2900.00
2017-09-21,2.89,2.89,2.89,2.89,3000,8670.00
2017-09-27,2.90,2.92,2.90,2.92,8000,23280.00
2017-09-29,2.90,2.98,2.90,2.98,54000,157560.00
2017-10-12,2.95,2.95,2.95,2.95,30000,88500.00
2017-10-13,2.95,3.00,2.95,2.98,68000,201780.00
2017-10-16,2.90,2.90,2.90,2.90,14000,40600.00
2017-10-17,2.90,2.92,2.90,2.91,37000,107740.00
2017-10-20,2.95,2.95,2.85,2.86,240000,704200.00
2017-10-23,2.85,2.90,2.85,2.87,77000,220970.00
2017-10-24,3.20,3.20,2.92,3.00,237000,736950.00
2017-10-25,2.95,2.95,2.90,2.91,13000,37850.00
2017-10-27,2.98,2.98,2.98,2.98,5000,14900.00
2017-11-01,2.98,2.98,2.98,2.98,150000,447000.00
2017-11-10,3.00,3.15,2.95,2.95,49000,146850.00
2017-11-13,3.00,3.00,2.85,2.86,1126800,3222220.00
2017-11-14,2.90,3.00,2.90,2.98,313000,932200.00
2017-11-15,3.00,3.00,2.95,2.98,455400,1349330.00
2017-11-17,2.85,2.85,2.85,2.85,260000,741000.00
2017-11-21,3.30,3.40,3.30,3.33,60000,200000.00
2017-11-23,2.95,2.95,2.95,2.95,1000,2950.00
2017-11-24,2.95,3.00,2.95,2.97,83000,246500.00
2017-11-27,3.05,3.05,2.97,3.02,21000,63490.00
2017-11-29,4.30,4.30,4.30,4.30,1000,4300.00
2017-11-30,6.40,6.40,6.40,6.40,1000,6400.00
2017-12-08,8.00,8.00,8.00,8.00,1000,8000.00
2017-12-11,5.00,5.00,5.00,5.00,50000,250000.00
2017-12-15,3.00,3.00,3.00,3.00,1000,3000.00
2017-12-26,4.48,4.48,3.20,3.72,10000,37160.00
2017-12-27,5.49,5.49,5.49,5.49,1000,5490.00
2017-12-28,6.99,6.99,6.99,6.99,1000,6990.00
2018-01-02,6.60,8.80,6.60,8.80,102000,677600.00
2018-01-03,8.80,8.80,8.80,8.80,49000,431200.00
2018-01-04,4.40,4.40,4.40,4.40,77000,338800.00
2018-01-05,8.68,8.80,8.68,8.78,35000,307400.00
2018-01-08,10.95,10.95,4.40,4.40,36000,387650.00
2018-01-09,4.40,8.80,3.30,8.80,22000,81200.00
2018-01-10,8.80,8.80,8.80,8.80,17000,149600.00
2018-01-11,4.40,4.40,4.40,4.40,1000,4400.00
2018-01-12,3.50,8.68,3.40,3.52,150000,524680.00
2018-01-16,3.49,3.49,3.49,3.49,10000,34900.00
2018-01-17,3.50,3.50,3.50,3.50,30000,105000.00
2018-01-18,3.45,3.45,3.45,3.45,153000,357850.00
2018-01-22,3.45,3.45,3.45,3.45,20000,69000.00
2018-01-23,3.40,3.40,3.40,3.40,27000,91800.00
2018-01-24,3.40,3.40,3.40,3.40,38000,129200.00
2018-01-25,3.40,3.40,3.40,3.40,13000,44200.00
2019-09-12,1.70,1.70,1.70,1.70,4000,6800.00
2019-09-16,1.70,1.70,1.70,1.70,513000,1744200.00
2019-09-25,1.70,1.70,1.70,1.70,6000,10200.00
2019-09-30,3.40,3.40,3.40,3.40,2756000,9370400.00
2019-10-16,3.40,3.40,3.40,3.40,2540000,9144000.00
2019-10-22,2.00,2.00,2.00,2.00,1000,2000.00
2019-12-30,2.50,2.50,2.50,2.50,10000,25000.00
2019-12-31,2.48,2.48,2.48,2.48,1000,2480.00
2020-01-02,2.49,2.49,2.49,2.49,1000,2490.00
2020-01-03,3.00,3.00,3.00,3.00,1000,3000.00
2020-01-06,3.00,3.00,3.00,3.00,33000,99000.00
2020-01-07,2.94,2.94,2.94,2.94,1000,2940.00
2020-01-08,2.50,2.50,2.50,2.50,4000,10000.00
2020-01-09,2.49,2.49,2.49,2.49,2000,4980.00
2020-01-10,2.09,2.43,2.09,2.43,38000,80460.00
2020-01-13,3.00,3.00,2.45,2.45,2000,5450.00
2020-01-14,2.50,2.58,2.50,2.58,3000,7660.00
2020-01-15,2.49,2.49,2.49,2.49,1000,2490.00
2020-01-16,2.45,2.45,2.45,2.45,1000,2450.00
2020-01-17,2.45,2.45,2.45,2.45,10000,24500.00
2020-01-20,3.00,3.00,3.00,3.00,1000,3000.00
2020-01-21,2.70,2.70,2.70,2.70,1000,2700.00
2020-01-22,2.74,2.74,2.74,2.74,1000,2740.00
2020-01-23,2.72,2.72,2.72,2.72,1000,2720.00
2020-02-03,2.75,2.75,2.75,2.75,1000,2750.00
2020-02-04,2.75,2.75,2.75,2.75,1000,2750.00
2020-02-05,2.74,2.74,2.74,2.74,1000,2740.00
2020-02-06,3.20,3.20,3.20,3.20,1000,3200.00
2020-02-07,2.80,2.80,2.80,2.80,1000,2800.00
2020-02-10,2.79,2.79,2.79,2.79,1000,2790.00
2020-02-11,2.60,2.60,2.60,2.60,1000,2600.00
2020-02-12,2.70,2.70,2.70,2.70,2000,5400.00
2020-02-13,2.70,3.10,2.70,3.10,2000,5800.00
2020-02-14,3.00,3.02,2.80,3.02,3000,8820.00
2020-02-17,4.02,4.02,4.02,4.02,1000,4020.00
2020-02-18,3.21,3.21,2.76,2.76,27000,74970.00
2020-02-19,2.76,2.76,2.76,2.76,11000,30360.00
2020-02-20,2.76,2.76,2.76,2.76,3000,8280.00
2020-02-21,2.76,2.76,2.76,2.76,13000,35880.00
2020-02-24,2.75,2.75,2.60,2.60,36000,95250.00
2020-02-25,2.60,2.76,2.50,2.76,11600,29960.00
2020-02-26,2.53,4.03,2.53,4.03,9000,25420.00
2020-02-27,2.90,3.08,2.90,3.08,3000,8880.00
2020-02-28,3.11,3.11,2.76,2.76,12000,33820.00
2020-03-02,2.80,2.82,2.80,2.82,8000,22460.00
2020-03-03,2.84,2.84,2.84,2.84,2000,5680.00
2020-03-04,2.86,2.87,2.86,2.87,5000,14310.00
2020-03-05,2.88,3.05,2.88,3.05,11000,31850.00
2020-03-06,3.20,3.20,3.20,3.20,3000,9600.00
2020-03-09,3.18,3.18,3.18,3.18,2000,6360.00
2020-03-11,3.18,3.18,3.18,3.18,2000,6360.00
2020-03-12,3.30,3.30,3.30,3.30,1000,3300.00
2020-03-13,3.21,3.21,3.21,3.21,1000,3210.00
2020-03-17,3.20,3.20,3.20,3.20,1000,3200.00
2020-03-19,3.19,3.19,3.19,3.19,2000,6380.00
2020-03-20,3.19,3.19,3.19,3.19,3000,9570.00
2020-03-23,3.19,3.19,3.19,3.19,1000,3190.00
2020-03-24,3.19,3.19,3.19,3.19,2000,6380.00
2020-03-25,3.26,3.26,3.26,3.26,1000,3260.00
2020-03-26,3.18,3.18,3.18,3.18,2000,6360.00
2020-03-27,3.51,3.51,3.51,3.51,2000,7020.00
2020-03-30,3.61,3.61,3.61,3.61,300,1083.00
2020-03-31,3.18,3.18,3.18,3.18,300,954.00
2020-04-01,3.18,3.18,3.18,3.18,1100,3498.00
2020-04-02,3.19,3.19,3.00,3.00,1800,5571.00
2020-04-03,2.80,3.03,2.80,3.03,1200,3429.00
2020-04-07,3.04,3.04,3.04,3.04,400,1216.00
2020-04-08,3.06,3.06,3.06,3.06,300,918.00
2020-04-09,3.07,3.07,3.07,3.07,300,921.00
2020-04-10,2.83,3.03,2.83,3.03,2100,6003.00
2020-04-13,2.80,2.88,2.80,2.88,3500,9936.00
2020-04-14,3.51,3.51,3.51,3.51,300,1053.00
2020-04-15,3.53,3.53,3.20,3.20,1300,4226.00
2020-04-16,3.15,3.15,3.15,3.15,200,630.00
2020-04-20,2.80,3.10,2.80,3.10,3200,9020.00
2020-04-21,3.08,3.08,3.08,3.08,200,616.00
2020-04-22,3.05,3.05,2.95,2.95,6200,18310.00
2020-04-23,3.15,3.15,3.15,3.15,300,945.00
2020-04-24,2.95,3.30,2.95,3.30,5100,15380.00
2020-04-27,3.53,3.53,3.30,3.30,3200,10666.00
2020-04-28,3.19,3.19,3.19,3.19,500,1595.00
2020-04-29,3.98,3.98,3.50,3.50,12400,44456.00
2020-05-06,3.00,3.00,3.00,3.00,12100,36300.00
2020-05-07,3.00,3.00,3.00,3.00,13200,39600.00
2020-05-12,3.05,3.05,3.05,3.05,5000,15250.00
2020-05-20,3.05,3.05,3.05,3.05,100,457.50
2020-05-25,3.00,3.30,3.00,3.30,1900,6000.00
2020-05-27,3.30,3.30,3.00,3.00,4900,15900.00
2020-05-28,3.40,3.40,3.40,3.40,2200,7480.00
2020-05-29,3.45,3.58,3.45,3.58,7000,24850.00
2020-06-01,3.41,3.50,3.40,3.50,6200,21180.00
2020-06-02,3.50,3.65,3.50,3.63,2500,8955.00
2020-06-03,4.48,4.48,4.48,4.48,22000,98780.00
2020-06-04,4.00,4.48,2.90,2.99,10300,33209.00
2020-06-08,3.80,3.82,3.80,3.82,10000,38100.00
2020-06-09,3.95,4.40,3.95,4.17,355000,1195680.00
2020-06-10,4.02,4.02,3.40,3.60,133300,476711.00
2020-06-11,3.40,3.40,3.40,3.40,100000,340000.00
2020-06-15,3.80,3.82,3.79,3.79,31900,121766.19
2020-06-16,3.78,3.80,3.70,3.80,1432100,5440306.00
2020-06-18,4.96,4.96,3.20,3.80,90000,375725.81
2020-06-19,3.61,3.61,3.50,3.50,35100,125734.78
2020-06-23,3.52,3.52,3.52,3.52,1200,4224.00
2020-06-24,3.93,3.93,3.40,3.52,209600,737108.13
2020-06-29,3.40,3.40,3.40,3.40,105000,357000.00
2020-06-30,3.40,3.48,3.40,3.48,3000,10280.00
2020-07-01,3.40,3.41,3.40,3.41,269900,919084.38
2020-07-02,3.41,3.41,3.40,3.40,2005300,6438067.00
2020-07-03,3.40,3.40,3.40,3.40,42200,143480.00
2020-07-06,3.40,3.40,3.26,3.35,1257800,4035122.00
2020-07-07,3.35,4.90,3.30,4.90,344200,852777.19
2020-07-08,3.87,3.87,3.87,3.87,500,1935.00
2020-07-09,3.87,4.12,3.87,3.87,14900,58976.28
2020-07-10,3.60,3.60,3.50,3.52,33800,120976.80
2020-07-13,6.30,6.30,3.90,3.90,17400,82260.00
2020-07-15,3.50,3.63,3.50,3.63,213700,773545.25
2020-07-16,4.50,4.50,4.00,4.00,331200,1106183.75
2020-07-17,4.00,4.00,3.61,3.61,5200,20761.00
2020-07-20,3.96,4.19,3.96,4.19,1254400,3290448.50
2020-07-21,4.13,4.13,3.91,4.10,15300,62823.00
2020-07-22,6.01,6.01,4.17,4.19,42900,185651.88
2020-07-23,4.19,4.19,4.19,4.19,6843000,21966030.00
2020-07-24,4.04,4.10,4.04,4.10,15000,61200.00
2020-07-27,3.98,3.99,3.98,3.99,4300,17152.93
2020-07-28,5.98,5.98,5.98,5.98,3900,23908.04
2020-07-29,3.64,4.00,3.64,4.00,22100,87114.00
2020-07-30,3.99,3.99,3.99,3.99,2452800,7881563.50
2020-07-31,3.21,4.14,3.21,4.14,122100,401232.94
2020-08-03,5.19,5.85,5.19,5.28,436600,2514906.00
2020-08-04,4.58,5.88,4.58,5.80,107700,724754.88
2020-08-05,4.60,5.79,4.60,5.29,278300,1990338.00
2020-08-06,5.74,5.75,5.65,5.70,342500,2249091.75
2020-08-07,6.56,6.56,5.20,5.79,269600,1964012.38
2020-08-10,6.39,6.39,5.30,5.55,267700,1889744.25
2020-08-11,5.56,5.56,5.05,5.38,285200,1884646.00
2020-08-12,5.02,5.35,5.00,5.05,174600,1110502.00
2020-08-13,5.63,5.63,5.14,5.33,6200,32408.86
2020-08-14,4.91,5.20,4.91,5.20,263100,1776730.00
2020-08-17,5.12,5.33,5.12,5.33,151900,1024022.00
2020-08-18,5.02,5.30,5.02,5.30,202000,1394103.00
2020-08-19,5.05,5.30,5.05,5.29,246700,1615883.00
2020-08-20,4.05,5.28,4.05,5.28,177700,1211479.75
2020-08-21,5.30,5.30,5.20,5.20,53000,276400.00
2020-08-24,5.60,5.60,5.05,5.40,47100,261705.00
2020-08-25,5.11,5.11,5.11,5.11,13800,70518.00
2020-08-26,4.10,5.34,4.10,5.34,64900,272487.81
2020-08-31,5.40,5.40,5.30,5.30,13600,72410.00
2020-09-01,5.30,5.30,5.29,5.29,7100,37625.00
2020-09-02,5.29,5.30,5.05,5.20,17200,88267.40
2020-09-03,5.06,5.06,5.06,5.06,10600,53636.00
2020-09-04,5.13,5.13,5.13,5.13,900,4617.00
2020-09-07,5.13,5.13,5.13,5.13,1000,5130.00
2020-09-08,4.55,5.18,4.55,5.18,30100,137018.00
2020-09-09,5.01,5.07,4.77,4.77,23800,118121.18
2020-09-10,4.61,4.89,4.61,4.89,5500,25635.00
2020-09-14,5.19,5.19,4.78,5.06,4200,20145.00
2020-09-15,4.86,4.98,4.86,4.98,6000,29290.00
2020-09-16,4.94,4.94,4.82,4.90,34200,166202.59
2020-09-17,5.39,5.39,5.39,5.39,80000,431200.00
2020-09-18,5.00,5.00,5.00,5.00,14000,70000.00
2020-09-21,5.26,5.26,5.00,5.00,7100,35526.00
2020-09-22,4.91,5.00,4.71,4.71,324100,1226983.00
2020-09-23,4.88,4.90,4.71,4.71,4400,21479.00
2020-09-24,4.83,4.83,4.83,4.83,6500,31395.00
2020-09-25,4.55,4.89,4.55,4.88,16700,78662.00
2020-09-28,4.98,4.98,4.98,4.98,13000,64740.00
2020-09-29,4.73,4.98,4.73,4.98,9000,44350.00
2020-09-30,5.08,5.08,4.98,4.98,37300,189001.89
2020-10-09,5.00,5.03,4.98,4.98,80400,402515.00
2020-10-12,4.98,5.01,4.69,4.75,62300,298805.72
2020-10-13,4.96,4.96,4.80,4.80,600,2988.20
2020-10-14,4.71,5.00,4.71,4.98,20600,102649.29
2020-10-15,5.00,5.00,4.98,4.98,24000,119730.00
2020-10-16,4.89,4.91,4.89,4.91,28000,137030.00
2020-10-19,5.00,5.00,4.81,4.81,7400,36886.00
2020-10-20,5.08,5.08,4.85,4.85,3300,16576.79
2020-10-21,4.85,4.96,4.85,4.96,146100,659621.63
2020-10-22,5.03,5.03,4.90,4.94,16400,80463.30
2020-10-23,4.85,4.98,4.85,4.98,7200,34934.00
2020-10-26,4.90,4.98,4.84,4.98,28300,138428.09
2020-10-27,4.90,4.98,4.90,4.98,3100,15199.00
2020-10-28,4.02,4.02,4.02,4.02,100,402.00
2020-10-29,4.94,4.94,4.94,4.94,100,494.00
2020-11-02,4.89,4.89,4.86,4.89,1105800,4725222.00
2020-11-03,4.88,4.89,4.85,4.88,35300,172131.70
2020-11-04,5.00,5.00,4.98,4.98,1200,5978.00
2020-11-05,6.78,6.78,4.59,4.98,3212800,13805420.00
2020-11-06,4.90,4.91,4.90,4.90,3378900,14781167.00
2020-11-09,4.94,6.10,4.94,5.20,82300,431198.03
2020-11-10,5.70,5.70,5.02,5.28,25200,139117.52
2020-11-11,5.34,5.34,5.00,5.00,56700,286634.00
2020-11-13,5.00,5.00,5.00,5.00,28800,144000.00
2020-11-16,5.15,5.15,5.00,5.04,49300,247284.44
2020-11-17,5.08,5.08,4.98,4.98,35400,176806.88
2020-11-18,4.98,5.00,4.98,5.00,36100,180036.77
2020-11-19,4.98,4.98,4.98,4.98,10000,49800.00
2020-11-23,4.73,5.00,4.73,4.90,700,3360.00
2020-11-24,5.00,5.00,5.00,5.00,26000,130000.00
2020-11-25,5.29,5.29,5.00,5.00,10100,50529.00
2020-11-26,5.00,5.00,5.00,5.00,38900,194735.00
2020-11-27,4.96,4.96,4.96,4.96,100,496.00
2020-11-30,5.00,5.00,5.00,5.00,318100,1440570.00
2020-12-01,4.80,4.80,4.80,4.80,272800,1241040.00
2020-12-02,4.98,4.98,4.98,4.98,1000,4990.00
2020-12-03,4.69,4.79,4.69,4.79,21000,99645.00
2020-12-04,4.80,4.80,4.80,4.80,23000,110606.40
2020-12-07,4.92,4.94,4.92,4.94,9500,46836.70
2020-12-08,4.90,4.90,4.90,4.90,2300,11363.10
2020-12-10,5.45,5.45,5.00,5.00,14000,70470.00
2020-12-11,5.00,5.00,5.00,5.00,1000,5030.00
2020-12-15,4.73,5.17,4.73,5.17,6300,31822.40
2020-12-18,5.00,5.00,5.00,5.00,5800,28760.00
2020-12-21,5.00,5.00,4.67,4.98,45800,222570.00
2020-12-22,5.00,5.00,4.94,4.98,24800,123111.06
2020-12-23,5.00,5.25,4.96,5.25,76600,382455.97
2020-12-24,5.44,5.44,4.98,4.98,17800,91889.94
2020-12-25,4.98,5.26,4.98,5.26,65100,333868.41
2020-12-28,5.18,5.32,5.18,5.30,41600,216184.34
2020-12-29,5.35,5.35,5.10,5.11,11800,61021.83
2020-12-30,5.20,5.30,5.20,5.30,3193600,13714140.00
2020-12-31,5.30,5.56,5.20,5.55,91200,487690.03
2021-01-04,5.59,6.42,5.59,6.05,70900,422820.38
2021-01-05,6.11,6.11,6.11,6.11,21000,128554.40
2021-01-06,6.30,6.40,6.24,6.30,102000,648820.00
2021-01-07,6.15,6.30,6.15,6.30,1100,6780.00
2021-01-08,6.10,6.50,6.10,6.49,110600,717945.88
2021-01-11,6.30,6.59,6.27,6.59,53000,333742.00
2021-01-12,6.28,6.38,6.28,6.38,33500,210886.00
2021-01-13,6.28,6.28,6.27,6.27,50100,314681.78
2021-01-14,6.16,6.77,6.16,6.33,24500,151799.41
2021-01-15,6.33,6.50,6.33,6.33,82500,522312.72
2021-01-18,6.27,6.27,6.20,6.22,45800,285912.47
2021-01-19,6.50,6.50,6.22,6.38,13000,81424.00
2021-01-21,6.35,6.35,6.15,6.15,132100,820367.00
2021-01-22,6.15,6.28,6.15,6.15,80400,496416.19
2021-01-25,6.30,6.30,6.16,6.16,92800,575371.19
2021-01-26,6.20,6.26,6.20,6.20,3200,19966.00
2021-01-27,6.10,6.26,6.10,6.25,10600,65126.10
2021-01-28,6.50,6.50,6.40,6.40,27600,178791.22
2021-01-29,6.40,6.40,6.18,6.28,16800,106489.50
2021-02-01,6.77,6.77,6.50,6.50,15100,98177.00
2021-02-02,6.40,6.40,6.16,6.39,52300,323932.38
2021-02-03,6.40,6.40,6.16,6.22,22900,143163.59
2021-02-04,6.38,6.38,6.18,6.20,25800,160284.36
2021-02-05,6.34,6.68,6.29,6.68,271000,1719754.88
2021-02-08,7.09,7.68,7.09,7.26,120300,883975.69
2021-02-09,7.65,7.65,7.19,7.19,350100,2641057.00
2021-02-10,7.45,8.60,7.45,7.66,168600,1301892.63
2021-02-18,7.80,7.86,7.78,7.78,120800,941432.38
2021-02-19,7.77,7.78,7.76,7.77,17400,135311.80
2021-03-03,6.15,7.44,6.15,7.42,6600,44063.26
2021-03-04,6.55,6.61,6.49,6.51,54800,357842.88
2021-03-05,6.05,6.05,5.80,6.00,84900,501995.84
2021-03-08,6.00,6.00,5.80,5.80,21200,124054.00
2021-03-09,5.65,5.85,5.60,5.61,20400,114597.20
2021-03-10,5.52,5.74,5.52,5.65,9200,51090.00
2021-03-11,5.66,5.66,5.55,5.62,73300,412181.69
2021-03-12,5.63,5.64,5.62,5.62,14700,82668.00
2021-03-15,5.62,5.62,5.52,5.52,28400,156968.00
2021-03-16,5.11,5.51,5.11,5.20,38700,204254.48
2021-03-17,5.21,5.21,5.20,5.20,19000,98900.00
2021-03-18,5.20,5.59,5.20,5.59,14100,73359.00
2021-03-19,5.60,5.60,5.49,5.49,4300,23842.00
2021-03-22,5.66,5.66,5.64,5.64,30100,170065.00
2021-03-23,5.50,5.51,5.50,5.50,116000,638160.00
2021-03-24,5.50,5.65,5.43,5.59,33800,185963.00
2021-03-25,5.45,5.60,5.33,5.60,33700,183560.00
2021-03-26,5.45,5.58,5.25,5.50,42900,233335.00
2021-03-29,5.50,5.50,5.25,5.25,123000,646330.25
2021-03-30,6.00,6.00,5.20,5.45,2700,14394.60
2021-03-31,5.23,5.23,5.00,5.17,91100,459831.00
2021-04-01,5.03,5.30,5.02,5.30,52100,262811.00
2021-04-02,5.25,5.29,5.25,5.29,2000,10540.00
2021-04-07,5.42,5.42,5.42,5.42,100,542.00
2021-04-08,5.27,5.50,5.27,5.49,3100,16769.00
2021-04-09,5.45,5.45,5.45,5.45,14600,79504.60
2021-04-12,5.11,5.45,5.11,5.45,26200,134769.00
2021-04-13,5.16,5.37,5.16,5.35,3100,16079.66
2021-04-14,5.16,5.25,5.16,5.25,14300,74130.00
2021-04-15,5.23,5.37,5.23,5.37,7900,41951.61
2021-04-16,5.23,5.28,5.23,5.26,18600,97838.00
2021-04-19,5.39,5.45,5.25,5.25,9800,51750.00
2021-04-20,5.30,5.53,5.30,5.53,3900,20861.40
2021-04-22,5.39,5.39,5.39,5.39,5000,26734.40
2021-04-23,5.42,5.58,5.34,5.58,33000,179944.00
2021-04-26,5.59,5.64,5.58,5.58,3700,20716.42
2021-04-27,5.66,5.66,5.66,5.66,6700,37922.00
2021-04-28,5.66,5.66,5.41,5.50,7900,44118.00
2021-04-29,5.55,5.59,5.55,5.59,34700,192590.41
2021-04-30,5.46,5.46,5.30,5.45,73700,398463.41
2021-05-06,5.50,5.50,5.40,5.40,19500,105374.00
2021-05-10,5.07,5.12,5.07,5.12,24000,122380.00
2021-05-11,5.28,5.49,5.28,5.39,4600,24798.00
2021-05-12,5.29,5.38,5.29,5.38,2300,12320.00
2021-05-13,5.49,5.49,5.34,5.34,4900,26311.80
2021-05-14,5.57,6.24,5.57,6.16,34800,203212.05
2021-05-17,6.23,6.24,6.23,6.24,4500,27787.96
2021-05-18,6.25,6.64,6.20,6.61,52300,326617.00
2021-05-19,6.50,6.50,6.50,6.50,8600,55900.00
2021-05-20,6.49,6.50,6.40,6.40,4000,25825.35
2021-05-21,6.00,7.00,6.00,7.00,1000,6142.00
2021-05-24,7.70,7.70,6.10,7.40,3500,21971.00
2021-05-25,7.00,7.00,7.00,7.00,3200,22400.00
2021-05-27,6.00,6.94,6.00,6.89,28900,177005.23
2021-05-28,6.60,6.60,6.30,6.30,44500,281433.13
2021-05-31,6.05,6.45,6.05,6.45,7000,42650.15
2021-06-01,6.40,6.40,6.18,6.34,9400,59444.00
2021-06-02,6.50,6.50,6.39,6.50,94600,614407.88
2021-06-03,6.50,6.51,6.50,6.50,21500,140053.00
2021-06-04,6.23,6.46,6.23,6.40,10000,63210.00
2021-06-07,6.40,6.50,6.25,6.33,31000,197961.00
2021-06-08,7.25,7.25,6.44,6.50,33400,217992.92
2021-06-09,6.46,6.46,6.45,6.46,21500,138467.00
2021-06-10,6.49,6.49,6.20,6.47,1900,11865.00
2021-06-11,6.50,6.50,6.10,6.37,41400,257146.94
2021-06-15,6.13,6.35,6.13,6.35,53500,328587.50
2021-06-16,6.37,6.37,6.30,6.30,38000,239888.20
2021-06-17,6.33,6.33,6.25,6.32,64400,404052.22
2021-06-18,6.36,6.36,6.35,6.35,50900,323415.00
2021-06-21,6.16,6.37,6.16,6.37,20600,127022.00
2021-06-22,6.36,6.36,6.20,6.36,35200,221292.41
2021-06-23,6.36,6.65,6.36,6.65,62400,405072.28
2021-06-24,6.56,6.74,6.50,6.72,70800,470954.91
2021-06-25,7.36,7.36,6.90,6.90,25200,173877.70
2021-06-28,6.90,7.06,6.90,6.99,70600,490778.75
2021-06-29,7.05,7.06,7.00,7.00,31000,217774.41
2021-06-30,6.95,7.00,6.75,7.00,12400,85554.00
2021-07-01,6.53,6.99,6.53,6.96,72700,502749.16
2021-07-02,6.95,7.80,6.95,7.10,227500,1587947.25
2021-07-05,7.05,7.10,7.00,7.10,103700,732844.50
2021-07-06,6.90,7.10,6.90,7.10,300,2195.20
2021-07-07,9.00,9.00,7.00,7.20,47600,341134.00
2021-07-08,7.15,9.89,7.15,7.48,73600,534263.25
2021-07-09,7.11,8.00,7.11,7.58,104000,754262.38
2021-07-12,7.15,8.00,7.15,7.97,21600,160590.00
2021-07-13,7.23,7.36,7.23,7.28,16700,121950.56
2021-07-14,7.20,7.35,7.20,7.30,22100,160962.00
2021-07-15,7.15,7.35,7.15,7.15,20700,149005.00
2021-07-16,7.20,7.25,7.11,7.16,157700,1135850.88
2021-07-19,9.99,9.99,7.10,7.18,23600,170109.64
2021-07-20,7.10,7.22,7.10,7.22,3900,27939.00
2021-07-21,7.15,7.15,6.50,7.15,49900,355992.84
2021-07-22,7.15,7.15,7.13,7.15,197500,1412350.50
2021-07-23,7.20,7.20,7.12,7.12,68800,491548.63
2021-07-26,6.00,7.10,6.00,6.99,61100,428640.28
2021-07-27,6.71,6.99,6.71,6.98,30800,211375.86
2021-07-28,6.77,6.95,6.57,6.95,25500,170766.55
2021-07-29,6.77,7.00,6.67,6.98,53400,361207.84
2021-07-30,6.28,7.17,6.28,7.09,180000,1199793.63
2021-08-02,6.60,7.09,6.60,7.09,16700,115352.81
2021-08-04,6.70,7.04,6.70,7.04,31600,211579.80
2021-08-05,6.98,6.98,6.95,6.95,3200,22291.00
2021-08-06,6.63,7.10,6.63,7.10,65100,445667.25
2021-08-09,7.10,7.10,6.63,7.00,68300,468776.00
2021-08-10,6.70,7.04,6.70,7.03,63600,439390.19
2021-08-11,7.06,7.10,7.06,7.10,50700,359432.97
2021-08-12,7.09,7.09,6.88,6.88,2800,19821.00
2021-08-13,7.10,7.49,6.97,7.15,160800,1135835.63
2021-08-16,7.31,7.31,7.06,7.06,11900,84764.00
2021-08-17,6.92,7.10,6.92,7.04,13600,94165.00
2021-08-18,7.48,7.48,6.82,7.00,38500,279537.00
2021-08-19,7.04,7.04,6.88,6.92,46100,319509.56
2021-08-20,6.90,6.98,6.66,6.87,37200,251765.00
2021-08-23,6.88,6.97,6.80,6.94,9400,64293.80
2021-08-24,6.89,6.98,6.89,6.90,64900,449063.03
2021-08-25,6.96,6.96,6.50,6.50,10500,68574.50
2021-08-26,6.50,6.50,6.09,6.37,22600,144109.00
2021-08-27,6.35,6.35,6.18,6.30,28800,181322.84
2021-08-30,7.38,7.38,6.19,6.99,2400,15254.00
2021-08-31,6.90,6.90,6.77,6.77,14700,100819.00
2021-09-01,6.30,6.88,6.30,6.88,4000,25082.90
2021-09-02,6.38,6.85,6.38,6.80,2300,15231.00
2021-09-03,7.00,7.12,6.25,6.80,48500,327182.81
2021-09-06,6.48,6.98,6.48,6.85,172300,1171675.00
2021-09-07,7.04,7.04,6.51,6.99,21500,151210.47
2021-09-08,7.01,7.01,6.99,6.99,6200,43458.00
2021-09-09,6.98,6.98,6.80,6.80,17200,118704.00
2021-09-10,7.98,7.98,6.97,6.97,70100,492538.00
2021-09-13,7.50,7.50,6.90,6.93,72200,515173.94
2021-09-14,6.93,6.96,6.68,6.88,59100,407010.13
2021-09-15,6.80,6.80,6.70,6.75,35900,242406.58
2021-09-16,6.68,6.98,6.66,6.95,12100,81256.00
2021-09-17,7.25,7.25,6.70,6.90,4200,28718.00
2021-09-22,6.97,6.97,6.05,6.84,89200,607162.13
2021-09-23,6.95,6.95,6.80,6.85,65400,449549.03
2021-09-24,6.90,6.90,6.71,6.79,46900,318643.28
2021-09-27,6.99,6.99,6.66,6.70,193900,1311489.38
2021-09-28,6.98,6.98,6.40,6.40,215800,1403233.75
2021-09-29,6.80,6.80,6.41,6.70,20700,134588.70
2021-09-30,6.59,6.59,6.35,6.55,220700,1429530.25
2021-10-08,6.60,6.60,6.21,6.48,74300,477130.25
2021-10-11,6.36,6.38,6.12,6.31,52200,323496.72
2021-10-12,6.50,6.50,6.17,6.28,26000,164719.31
2021-10-13,6.49,6.49,6.17,6.25,59200,368861.22
2021-10-14,6.50,6.50,6.18,6.30,25600,160736.11
2021-10-15,6.66,6.66,6.13,6.16,416600,2614204.50
2021-10-18,6.80,6.80,6.16,6.38,36400,228523.50
2021-10-19,6.43,6.43,6.25,6.39,1200,7532.00
2021-10-20,6.39,6.39,6.20,6.20,6500,41430.50
2021-10-21,6.15,6.40,6.15,6.16,23100,142960.00
2021-10-22,6.39,6.39,6.19,6.19,41000,254433.25
2021-10-25,6.40,6.40,6.19,6.30,114900,733867.69
2021-10-26,6.36,6.36,6.34,6.34,35900,227642.78
2021-10-27,6.34,6.36,6.28,6.35,121600,770791.06
2021-10-28,6.16,6.16,6.13,6.16,25400,156182.48
2021-10-29,6.12,6.30,6.10,6.27,1500,9463.20
2021-11-01,6.79,6.79,6.25,6.40,492300,3130718.50
2021-11-02,6.68,6.68,6.23,6.23,93700,598875.38
2021-11-03,6.35,6.35,6.20,6.26,75100,468195.81
2021-11-04,6.35,6.65,6.35,6.60,439400,2907238.00
2021-11-05,6.78,6.99,6.68,6.80,200600,1362307.88
2021-11-08,6.97,7.58,6.60,7.23,204900,1472548.13
2021-11-09,7.47,7.47,7.40,7.40,319600,2371805.50
2021-11-10,7.40,7.57,7.40,7.55,1286400,9696589.00
2021-11-11,7.50,7.51,7.00,7.02,314400,2316317.50
2021-11-12,7.37,7.47,7.36,7.45,271300,2008902.63
2021-11-15,7.45,7.54,7.45,7.53,833400,6238011.50
2021-11-16,7.93,7.93,7.50,7.59,220400,1665082.88
2021-11-17,8.25,9.60,8.25,9.00,1325900,11602617.00
2021-11-18,9.05,9.28,8.93,9.12,261600,2385003.50
2021-11-19,9.46,9.46,9.05,9.21,159100,1455056.63
2021-11-22,9.45,9.63,9.31,9.56,566400,5410517.50
2021-11-23,9.76,9.87,9.34,9.34,400600,3897208.25
2021-11-24,9.56,9.76,9.43,9.60,179700,1730773.50
2021-11-25,9.89,9.89,9.81,9.85,467900,4612603.00
2021-11-26,10.18,10.18,9.80,9.80,261500,2584766.75
2021-11-29,10.00,10.00,9.34,9.34,281700,2730573.75
2021-11-30,9.75,9.75,9.00,9.00,149300,1365101.50
2021-12-01,9.30,9.30,8.88,9.29,131400,1192594.75
2021-12-02,9.32,9.32,9.08,9.10,75200,686021.00
2021-12-03,9.39,9.39,9.00,9.14,661700,4559067.50
2021-12-06,9.49,9.49,8.67,8.67,166500,1485844.63
2021-12-07,8.60,9.20,8.60,8.64,94500,821001.94
2021-12-08,9.05,9.05,8.68,8.75,135100,1180438.13
2021-12-09,8.77,8.89,8.77,8.88,65800,582363.31
2021-12-10,9.14,9.21,9.10,9.10,106500,974819.19
2021-12-13,9.10,9.45,9.10,9.13,144000,1330264.63
2021-12-14,9.20,9.20,9.18,9.20,74700,686479.69
2021-12-15,9.20,9.20,9.01,9.05,80700,735243.19
2021-12-16,9.20,9.20,9.10,9.13,273700,1865954.50
2021-12-17,9.20,9.21,9.04,9.04,68400,621359.25
2021-12-20,9.05,9.22,9.00,9.00,180000,1630247.00
2021-12-21,9.26,9.26,9.10,9.10,499800,3573922.00
2021-12-22,9.10,9.18,9.01,9.01,831300,6904587.50
2021-12-23,8.92,9.17,8.92,9.12,76100,691871.81
2021-12-24,9.20,9.20,9.01,9.14,109500,1002286.44
2021-12-27,9.22,9.34,9.13,9.14,782100,7526670.00
2021-12-28,9.30,9.30,9.20,9.22,438600,4040177.50
2021-12-29,9.22,9.22,9.12,9.18,117200,1077571.13
2021-12-30,9.25,9.25,9.12,9.14,103700,951877.19
2021-12-31,9.68,9.68,9.22,9.30,169700,1581726.13
2022-01-04,9.68,9.68,9.14,9.24,148100,1363099.13
2022-01-05,9.47,9.47,9.18,9.18,63000,579784.75
2022-01-06,9.25,9.47,9.22,9.29,205500,1916162.38
2022-01-07,9.28,9.68,9.28,9.39,214700,2030998.25
2022-01-10,9.58,9.64,9.39,9.64,251400,2403701.50
2022-01-11,10.99,12.90,10.68,11.97,1060800,12110983.00
2022-01-12,11.98,13.00,11.98,13.00,511100,6557272.50
2022-01-13,13.30,13.30,12.60,12.66,220800,2827991.50
2022-01-14,12.65,12.65,12.39,12.48,73900,919426.88
2022-01-17,12.90,13.00,12.81,12.93,104100,1348060.38
2022-01-18,13.00,13.00,12.65,12.92,88400,1141583.25
2022-01-19,13.50,13.50,12.85,12.92,150300,1947152.50
2022-01-20,12.60,12.95,12.60,12.82,53000,680762.75
2022-01-21,12.82,12.90,12.65,12.86,98800,1267402.13
2022-01-24,12.73,13.11,12.73,13.10,246400,3210056.25
2022-01-25,13.00,13.35,12.88,13.35,262700,3446445.75
2022-01-26,13.02,13.88,13.02,13.77,239400,3242587.00
2022-08-08,11.05,12.65,10.61,11.53,37543798,431136064.00
2022-08-09,11.70,14.98,11.40,14.98,26879749,339776864.00
2022-08-10,14.78,18.88,14.40,16.50,32083853,536990912.00
2022-08-11,17.45,18.25,16.54,17.40,17984124,312275488.00
2022-08-12,17.16,17.16,15.30,15.40,14201086,227235376.00
2022-08-15,15.05,17.50,15.00,17.12,15652081,251193888.00
2022-08-16,16.75,17.15,15.99,16.33,10019467,164259904.00
2022-08-17,16.44,17.80,15.66,15.66,11578763,192727440.00
2022-08-18,15.20,16.27,15.06,15.80,7930057,123783576.00
2022-08-19,15.80,16.05,14.38,14.53,10357051,154364272.00
2022-08-22,14.05,14.05,12.75,13.03,12154582,161709008.00
2022-08-23,12.87,13.54,12.51,13.48,8441632,108518400.00
2022-08-24,12.58,12.85,11.89,11.89,9866122,121894184.00
2022-08-25,12.06,12.23,11.62,11.85,4817819,57431392.00
2022-08-26,11.90,11.97,11.24,11.50,6228086,71823304.00
2022-08-29,11.36,12.58,11.25,12.56,8299741,99076272.00
2022-08-30,12.49,12.74,11.96,12.43,5408773,67075588.00
2022-08-31,12.15,12.38,11.35,11.43,5967627,69625328.00
2022-09-01,11.60,11.68,11.01,11.12,2853620,32469872.00
2022-09-02,11.20,11.26,10.82,10.92,2847081,31229402.00
2022-09-05,11.10,11.38,10.97,11.15,2657613,29684894.00
2022-09-06,11.15,12.00,11.01,11.72,4212058,48521184.00
2022-09-07,11.50,12.22,11.35,12.05,4890831,58019864.00
2022-09-08,12.30,12.51,11.80,11.81,3371760,40999028.00
2022-09-09,11.69,11.80,11.35,11.45,2301757,26427928.00
2022-09-13,11.45,12.00,11.35,11.72,2522943,29387938.00
2022-09-14,11.53,11.72,11.31,11.48,2368052,27225348.00
2022-09-15,11.42,11.57,10.57,10.78,3573991,39435464.00
2022-09-16,10.80,11.24,10.58,10.86,3543537,39073632.00
2022-09-19,10.78,11.19,10.78,11.00,2461005,27001110.00
2022-09-20,11.00,11.90,11.00,11.90,5287568,61481600.00
2022-09-21,11.89,12.78,11.45,12.23,7094897,87015240.00
2022-09-22,11.99,12.58,11.70,12.05,4297810,52066940.00
2022-09-23,12.01,12.16,11.15,11.15,3279674,37840720.00
2022-09-26,11.15,11.74,11.11,11.27,2430015,27767156.00
2022-09-27,11.17,11.82,11.12,11.36,2238895,25484702.00
2022-09-28,11.24,11.42,10.72,10.72,2777026,30561844.00
2022-09-29,10.85,11.00,10.70,10.74,2068042,22384164.00
2022-09-30,10.73,10.93,9.96,10.02,2435809,25188534.00
2022-10-10,10.06,10.20,9.40,9.50,2212379,21488238.00
2022-10-11,9.50,9.90,9.50,9.77,1533741,14972784.00
2022-10-12,9.70,10.15,9.51,10.10,1981385,19487640.00
2022-10-13,10.00,10.18,9.81,9.81,1584333,15806637.00
2022-10-14,9.98,11.39,9.83,10.80,5004233,53285056.00
2022-10-17,10.61,10.90,10.41,10.82,2614312,27827156.00
2022-10-18,10.83,11.36,10.70,11.05,2516028,28007220.00
2022-10-19,11.11,11.49,10.89,11.00,2271581,25259360.00
2022-10-20,10.98,10.98,10.60,10.63,1925560,20696700.00
2022-10-21,10.71,10.83,10.56,10.75,1578858,16928390.00
2022-10-24,10.78,10.91,10.46,10.48,1348642,14414952.00
2022-10-25,10.48,10.80,10.46,10.62,1442151,15347491.00
2022-10-26,10.58,10.78,10.50,10.69,1664215,17754524.00
2022-10-27,10.92,11.33,10.71,10.73,2381910,26284308.00
2022-10-28,10.60,10.60,10.10,10.17,1765632,18210262.00
2022-10-31,10.21,10.35,9.90,10.29,1275728,12913959.00
2022-11-01,10.17,10.86,10.10,10.66,2415462,25670810.00
2022-11-02,10.50,10.77,10.48,10.67,1668966,17734242.00
2022-11-03,10.48,11.37,10.48,10.95,2603184,28655830.00
2022-11-04,11.04,11.37,10.87,11.12,3195508,35808116.00
2022-11-07,11.29,11.88,11.19,11.60,3643968,42278064.00
2022-11-08,11.60,11.90,11.40,11.45,2113225,24555708.00
2022-11-09,11.40,11.56,11.06,11.11,1727989,19493710.00
2022-11-10,11.12,11.12,10.80,10.89,1560614,17024272.00
2022-11-11,11.19,11.26,10.83,10.87,1695767,18643822.00
2022-11-14,10.92,10.95,10.48,10.64,1458170,15492555.00
2022-11-15,10.60,10.80,10.55,10.74,1104657,11825088.00
2022-11-16,10.78,10.78,10.53,10.60,1027511,10897035.00
2022-11-17,10.60,10.62,10.46,10.56,854436,8992724.00
2022-11-18,10.56,10.87,10.40,10.52,1714134,18250082.00
2022-11-21,10.76,10.86,10.57,10.72,1276869,13714030.00
2022-11-22,10.60,10.71,10.44,10.45,1162315,12269004.00
2022-11-23,10.54,10.81,10.37,10.60,1250246,13248239.00
2022-11-24,10.60,10.64,10.40,10.50,783284,8252971.00
2022-11-25,10.45,10.47,10.34,10.40,724885,7538285.00
2022-11-28,10.33,10.33,10.06,10.21,410217,4185050.00
2022-11-29,10.26,10.30,10.16,10.24,939292,9593053.00
2022-11-30,10.29,10.29,10.00,10.15,1165652,11837826.00
2022-12-01,10.20,10.34,10.16,10.22,906748,9272240.00
2022-12-02,10.24,10.34,10.06,10.13,1080874,11038986.00
2022-12-05,10.14,10.19,9.90,9.95,1628272,16236103.00
2022-12-06,9.95,9.99,9.74,9.83,774660,7639768.00
2022-12-07,9.80,9.92,9.59,9.60,1561965,15154789.00
2022-12-08,9.59,9.83,9.52,9.58,1202334,11624882.00
2022-12-09,9.40,9.52,9.04,9.06,3283756,30204942.00
2022-12-12,9.02,9.04,8.69,8.72,2192106,19268590.00
2022-12-13,8.86,8.86,8.50,8.63,1621841,13977370.00
2022-12-14,8.66,8.68,8.50,8.54,752652,6431510.50
2022-12-15,8.47,8.76,8.47,8.64,995899,8586708.00
2022-12-16,8.49,8.60,8.48,8.49,602016,5119564.50
2022-12-19,8.48,8.56,8.36,8.43,443652,3756734.00
2022-12-20,8.38,8.54,8.38,8.43,356720,3015335.75
2022-12-21,8.54,8.54,8.32,8.40,396770,3327881.25
2022-12-22,8.42,8.48,7.91,8.10,954560,7767498.00
2022-12-23,8.01,8.02,7.45,7.94,1282328,9988913.00
2022-12-26,7.77,8.37,7.73,8.15,1531861,12510524.00
2022-12-27,8.27,8.27,8.11,8.20,544500,4454726.50
2022-12-28,8.14,8.29,8.11,8.21,519573,4259785.00
2022-12-29,8.21,8.23,8.14,8.19,370392,3035961.75
2022-12-30,8.26,8.27,8.12,8.25,285590,2349476.75
2023-01-03,8.26,8.26,8.16,8.19,342657,2806863.00
2023-01-04,8.23,8.27,8.16,8.19,330829,2715669.75
2023-01-05,8.19,8.23,8.13,8.15,654192,5351427.50
2023-01-06,8.18,8.90,8.15,8.70,2650483,22985576.00
2023-01-09,8.89,8.90,8.61,8.70,1493979,13112969.00
2023-01-10,8.64,8.77,8.53,8.58,976018,8426684.00
2023-01-11,8.59,8.59,8.38,8.38,630579,5347112.50
2023-01-12,8.52,8.52,8.25,8.25,601767,5021210.50
2023-01-13,8.40,8.40,8.26,8.32,402719,3355888.75
2023-01-16,8.42,8.66,8.30,8.47,742932,6320028.00
2023-01-17,8.43,8.62,8.42,8.50,278900,2383008.75
2023-01-18,8.48,8.55,8.43,8.52,512340,4353221.50
2023-01-19,8.47,8.54,8.45,8.50,409246,3481063.00
2023-01-20,8.57,8.79,8.50,8.77,1401816,12128160.00
2023-01-30,8.70,9.19,8.70,8.97,1997617,17954424.00
2023-01-31,8.93,10.68,8.92,10.35,6575870,65439948.00
2023-02-01,10.17,10.46,9.71,9.89,4485232,44719740.00
2023-02-02,9.85,9.88,9.46,9.49,2652753,25442250.00
2023-02-03,9.45,9.67,9.45,9.56,1096866,10478089.00
2023-02-06,9.56,9.56,9.25,9.28,871660,8144896.00
2023-02-07,9.34,9.40,8.98,9.13,2024134,18459910.00
2023-02-08,9.17,9.17,8.91,8.96,832553,7518716.00
2023-02-09,9.08,9.12,8.95,9.07,1114382,10103490.00
2023-02-10,9.07,9.11,9.03,9.08,605747,5490776.00
2023-02-13,9.13,9.65,9.13,9.50,1803155,17074664.00
2023-02-14,9.53,9.64,9.35,9.43,931485,8796231.00
2023-02-15,9.54,9.88,9.43,9.60,2219189,21548120.00
2023-02-16,9.75,10.74,9.63,10.00,5528288,56486992.00
2023-02-17,9.88,10.58,9.86,9.94,3174379,32499694.00
2023-02-20,10.06,10.16,9.45,9.91,1766869,17386742.00
2023-02-21,9.84,10.07,9.74,9.80,1501937,14811195.00
2023-02-22,9.77,9.77,9.50,9.53,1710190,16425735.00
2023-02-23,9.50,9.59,9.44,9.47,1516239,14432570.00
2023-02-24,9.46,9.46,9.15,9.24,1601953,14820198.00
2023-02-27,9.04,9.24,8.81,9.09,1587406,14309951.00
2023-02-28,8.99,9.11,8.75,8.85,2102840,18689606.00
2023-03-01,8.89,8.95,8.71,8.94,1223327,10827007.00
2023-03-02,8.94,8.97,8.86,8.92,908134,8083834.50
2023-03-03,8.88,8.94,8.83,8.84,721410,6405281.50
2023-03-06,8.85,9.30,8.83,9.16,1630060,14863554.00
2023-03-07,9.20,9.26,9.00,9.06,732536,6636025.00
2023-03-08,9.04,9.13,8.96,9.00,583425,5259160.00
2023-03-09,9.07,9.07,8.92,8.98,667153,5997137.00
2023-03-10,9.01,9.19,8.94,9.06,1214248,11000987.00
2023-03-13,9.05,9.12,8.91,9.03,588064,5312983.50
2023-03-14,9.06,9.06,8.71,8.88,1026461,9049849.00
2023-03-15,8.91,8.96,8.73,8.80,455540,4023734.50
2023-03-16,8.89,8.89,8.42,8.42,1187978,10175859.00
2023-03-17,8.46,8.63,8.30,8.35,643357,5410085.50
2023-03-20,8.35,8.35,8.18,8.20,937752,7713526.00
2023-03-21,8.19,8.30,8.11,8.28,1015617,8315897.50
2023-03-22,8.29,8.47,8.15,8.18,1674894,13905632.00
2023-03-23,8.16,8.22,8.10,8.18,587178,4793733.50
2023-03-24,8.14,8.47,8.14,8.27,810375,6717624.50
2023-03-27,8.25,8.31,8.16,8.24,855342,7035748.50
2023-03-28,8.28,8.28,8.11,8.13,757008,6182368.50
2023-03-29,8.18,8.22,7.99,7.99,1015574,8200504.50
2023-03-30,8.00,8.05,7.95,7.97,536680,4285461.50
2023-03-31,8.03,8.26,7.98,8.26,775212,6259693.50
2023-04-03,8.23,8.26,8.05,8.10,855546,6989613.00
2023-04-04,8.10,8.10,7.95,8.05,1102200,8801581.00
2023-04-06,7.94,7.94,7.81,7.88,1135872,8945142.00
2023-04-07,7.91,7.91,7.78,7.90,772087,6050243.00
2023-04-10,7.94,7.94,7.80,7.85,738245,5791186.00
2023-04-11,7.88,7.89,7.65,7.66,996437,7700325.00
2023-04-12,7.65,7.71,7.60,7.65,449829,3435730.00
2023-04-13,7.70,7.72,7.61,7.62,451803,3456487.75
2023-04-14,7.67,7.69,7.62,7.66,454166,3481170.25
2023-04-17,7.66,7.80,7.62,7.76,761291,5860875.00
2023-04-18,7.80,8.05,7.80,7.93,1111557,8811998.00
2023-04-19,7.86,7.96,7.74,7.75,929065,7227384.50
2023-04-20,7.81,7.81,7.58,7.60,837119,6382041.00
2023-04-21,7.62,7.65,7.40,7.62,757692,5707064.00
2023-04-24,7.60,7.63,7.40,7.43,641576,4799566.50
2023-04-25,7.45,7.82,7.43,7.59,824007,6241132.50
2023-04-26,7.59,8.06,7.50,8.02,2664994,21060226.00
2023-04-27,7.40,7.50,7.26,7.45,2794578,20659572.00
2023-04-28,7.45,7.46,7.20,7.31,1666121,12075145.00
2023-05-04,7.29,7.29,7.10,7.10,1000658,7157044.00
2023-05-05,7.11,7.11,6.72,6.75,1911943,13065483.00
2023-05-08,6.82,6.95,6.76,6.94,750510,5175112.00
2023-05-09,6.90,6.94,6.75,6.76,665304,4540942.00
2023-05-10,6.72,6.85,6.70,6.78,368711,2496966.00
2023-05-11,6.75,6.97,6.75,6.95,1203658,8301871.50
2023-05-12,6.86,7.22,6.66,7.00,2519183,17414692.00
2023-05-15,7.00,7.03,6.77,6.94,1891502,12997588.00
2023-05-16,6.98,6.98,6.80,6.82,537019,3672837.25
2023-05-17,6.93,6.94,6.77,6.80,778066,5314146.00
2023-05-18,6.78,6.92,6.77,6.77,545535,3718223.50
2023-05-19,6.85,6.85,6.70,6.72,878233,5917359.50
2023-05-22,6.69,6.74,6.56,6.72,1138096,7561053.50
2023-05-23,6.72,7.18,6.66,7.04,1945291,13514326.00
2023-05-24,6.88,7.36,6.86,7.22,4037297,28812600.00
2023-05-25,7.05,7.67,6.90,7.27,4491625,32680102.00
2023-05-26,7.18,7.18,6.65,6.80,2937347,20150688.00
2023-05-29,6.76,6.76,6.55,6.58,1666449,11001077.00
2023-05-30,6.58,6.77,6.57,6.63,912594,6063591.00
2023-05-31,6.59,6.79,6.56,6.79,844062,5585168.00
2023-06-01,6.65,6.77,6.61,6.69,501901,3353436.75
2023-06-02,6.65,6.73,6.64,6.69,803668,5386396.00
2023-06-05,6.65,6.70,6.58,6.58,565988,3745719.50
2023-06-06,6.58,6.58,6.42,6.49,928802,6016125.00
2023-06-07,6.44,6.51,6.35,6.36,853937,5447786.00
2023-06-08,6.41,6.48,6.30,6.36,635731,4056683.00
2023-06-09,6.30,6.42,6.26,6.40,443931,2829734.50
2023-06-12,6.48,6.50,6.36,6.41,323217,2080066.25
2023-06-13,6.41,6.45,6.38,6.41,305586,1958142.50
2023-06-14,6.44,6.46,6.35,6.35,504121,3226511.25
2023-06-15,6.41,6.65,6.34,6.56,1372175,8978452.00
2023-06-16,6.60,6.73,6.46,6.64,1034438,6873481.50
2023-06-19,6.58,6.64,6.50,6.55,515966,3376652.25
2023-06-20,6.57,6.57,6.35,6.39,625460,4020236.25
2023-06-21,6.47,6.47,6.29,6.30,744740,4717910.00
2023-06-26,6.35,6.49,6.26,6.41,586943,3754768.50
2023-06-27,6.39,6.82,6.36,6.57,1074943,7114069.50
2023-06-28,6.56,6.56,6.32,6.38,1428291,9121645.00
2023-06-29,6.40,6.52,6.32,6.40,732705,4700475.00
2023-06-30,6.38,6.48,6.38,6.48,562506,3620364.25
2023-07-03,6.50,6.59,6.42,6.54,694664,4531020.00
2023-07-04,6.52,6.53,6.37,6.39,1104666,7086914.00
2023-07-05,6.40,6.44,6.30,6.34,750975,4775156.50
2023-07-06,6.34,6.37,6.27,6.31,588572,3719377.25
2023-07-07,6.34,6.34,6.27,6.32,476065,2994869.75
2023-07-10,6.34,6.43,6.34,6.39,363202,2321065.25
2023-07-11,6.42,6.42,6.30,6.33,370862,2345716.00
2023-07-12,6.33,6.41,6.28,6.35,431928,2741283.75
2023-07-13,6.42,6.43,6.34,6.39,345725,2203550.00
2023-07-14,6.40,6.40,6.32,6.39,474751,3023096.50
2023-07-17,6.39,6.39,6.30,6.34,336420,2130897.00
2023-07-18,6.30,6.30,6.18,6.21,829726,5184159.00
2023-07-19,6.26,6.26,6.16,6.21,738139,4576516.00
2023-07-20,6.21,6.24,6.16,6.18,471552,2919394.50
2023-07-21,6.21,6.24,6.12,6.17,575272,3552161.00
2023-07-24,6.15,6.16,6.09,6.13,434688,2657310.75
2023-07-25,6.16,6.18,6.12,6.17,439593,2703270.50
2023-07-26,6.18,6.19,6.12,6.15,515715,3179062.25
2023-07-27,6.19,6.19,6.13,6.14,287014,1765312.50
2023-07-28,6.16,6.19,6.12,6.17,340535,2099786.25
2023-07-31,6.17,6.28,6.13,6.26,934193,5794137.00
2023-08-01,6.26,6.28,6.20,6.26,393547,2460821.00
2023-08-02,6.26,6.28,6.21,6.25,383437,2390396.25
2023-08-03,6.23,6.43,6.23,6.35,1037451,6594210.00
2023-08-04,6.35,6.37,6.22,6.30,796919,5007092.00
2023-08-07,6.29,6.29,6.13,6.14,597478,3684272.00
2023-08-08,6.11,6.18,6.11,6.15,304577,1873382.88
2023-08-09,6.11,6.14,6.08,6.11,384841,2351454.25
2023-08-10,6.11,6.14,6.10,6.11,208392,1276091.13
2023-08-11,6.14,6.15,6.08,6.11,194997,1191540.00
2023-08-14,6.12,6.12,6.03,6.07,370216,2243684.25
2023-08-15,6.07,6.07,5.96,6.00,476011,2853357.00
2023-08-16,5.99,6.01,5.92,5.93,251317,1496254.00
2023-08-17,5.93,5.96,5.86,5.96,509128,3001370.75
2023-08-18,6.00,6.02,5.91,5.95,239344,1426425.25
2023-08-21,5.99,6.02,5.70,5.81,1175846,6852647.00
2023-08-22,5.79,5.80,5.41,5.45,1891445,10547669.00
2023-08-23,5.70,5.88,5.59,5.60,2266747,12930192.00
2023-08-24,5.60,5.70,5.40,5.47,1362210,7451073.50
2023-08-25,5.43,5.48,5.31,5.33,1067994,5733362.00
2023-08-28,5.73,5.73,5.35,5.36,641058,3516676.00
2023-08-29,5.38,5.54,5.33,5.53,565020,3096718.00
2023-08-30,5.50,5.55,5.46,5.49,533451,2941439.75
2023-08-31,5.50,5.59,5.45,5.55,716220,3947811.00
2023-09-01,5.56,5.77,5.52,5.68,1060891,6010825.50
2023-09-04,5.79,6.13,5.79,6.05,3046922,18379092.00
2023-09-05,6.02,6.02,5.83,5.94,1554242,9218584.00
2023-09-06,5.98,5.98,5.87,5.87,907012,5360801.50
2023-09-07,5.87,5.93,5.69,5.73,925546,5351424.50
2023-09-08,5.73,5.73,5.57,5.63,929624,5237091.00
2023-09-11,5.68,5.69,5.56,5.68,809087,4554231.50
2023-09-12,5.68,5.75,5.62,5.68,807700,4599116.50
2023-09-13,5.69,5.69,5.53,5.56,814408,4540750.50
2023-09-14,5.58,5.61,5.53,5.60,333891,1859980.88
2023-09-15,5.60,5.63,5.52,5.62,673108,3750884.50
2023-09-18,5.62,5.62,5.55,5.58,489336,2726288.25
2023-09-19,5.57,5.61,5.40,5.42,987947,5428933.50
2023-09-20,5.42,5.44,5.30,5.36,602225,3236476.25
2023-09-21,5.33,5.37,5.18,5.21,1161997,6106302.50
2023-09-22,5.25,5.38,5.21,5.35,952773,5058587.50
2023-09-25,5.32,5.32,5.24,5.26,543677,2860970.50
2023-09-26,5.29,5.29,5.17,5.18,559484,2921201.75
2023-09-27,5.20,5.48,5.17,5.32,1827452,9793073.00
2023-09-28,5.36,5.38,5.27,5.34,1319837,7027764.00
2023-10-09,5.36,5.38,5.32,5.37,539713,2885991.75
2023-10-10,5.38,5.38,5.25,5.29,622819,3309483.75
2023-10-11,5.30,5.37,5.24,5.29,663699,3514827.00
2023-10-12,5.25,5.33,5.25,5.32,609860,3220580.25
2023-10-13,5.31,5.31,5.19,5.26,769974,4025485.00
2023-10-16,5.22,5.24,5.13,5.15,537851,2780033.00
2023-10-17,5.15,5.18,5.14,5.15,230877,1189539.75
2023-10-18,5.15,5.15,5.05,5.05,401066,2039925.75
2023-10-19,5.02,5.07,4.93,4.98,676124,3380416.00
2023-10-20,4.94,4.97,4.74,4.75,1893231,9147801.00
2023-10-23,4.74,4.74,4.51,4.57,1048962,4849451.50
2023-10-24,4.56,4.67,4.49,4.60,1184173,5410629.50
2023-10-25,4.60,4.63,4.52,4.55,1221311,5588592.50
2023-10-26,4.51,4.53,4.46,4.53,622945,2798794.50
2023-10-27,4.52,4.71,4.46,4.70,1627570,7531221.50
2023-10-30,4.68,4.77,4.61,4.75,974802,4572008.50
2023-10-31,4.72,4.75,4.66,4.73,786255,3698111.00
2023-11-01,4.70,4.70,4.60,4.65,724966,3367790.25
2023-11-02,4.61,4.66,4.59,4.65,578963,2676515.00
2023-11-03,4.64,4.74,4.64,4.73,647196,3050783.25
2023-11-06,4.74,4.86,4.73,4.84,1386918,6658632.50
2023-11-07,4.85,4.89,4.76,4.85,752637,3309386.75
2023-11-08,4.86,4.95,4.79,4.94,1398346,6846969.50
2023-11-09,4.98,5.68,4.90,5.49,6492219,34897072.00
2023-11-10,5.40,5.40,5.17,5.23,3267890,17116062.00
2023-11-13,5.19,5.34,5.16,5.23,1572624,8216242.00
2023-11-14,5.22,5.32,5.17,5.28,1198120,6277813.00
2023-11-15,5.37,6.00,5.30,5.80,9098718,52880608.00
2023-11-16,5.58,5.66,5.41,5.50,4778989,26365160.00
2023-11-17,5.46,5.57,5.37,5.54,2690008,14736344.00
2023-11-20,5.50,5.68,5.48,5.68,3576848,19976080.00
2023-11-21,5.73,6.25,5.63,5.87,10076769,60582164.00
2023-11-22,5.83,6.41,5.70,6.37,12669389,77626352.00
2023-11-23,6.30,6.84,6.04,6.06,10905739,69552400.00
2023-11-24,6.16,6.60,6.10,6.50,12312495,78779360.00
2023-11-27,6.66,7.50,6.65,7.28,20180278,142178000.00
2023-11-28,7.10,7.30,6.90,6.97,11818625,83163664.00
2023-11-29,6.84,7.19,6.10,6.36,9535013,63734640.00
2023-11-30,6.36,6.48,6.10,6.24,4121852,25850132.00
2023-12-01,6.24,6.36,5.87,5.93,5081489,30792150.00
2023-12-04,5.93,6.14,5.78,5.96,3758710,22324824.00
2023-12-05,5.97,6.54,5.95,6.38,9655606,60463504.00
2023-12-06,6.38,6.78,6.18,6.62,11555685,75666912.00
2023-12-07,6.57,6.80,6.50,6.65,9241628,61452684.00
2023-12-08,6.78,6.88,6.48,6.59,8792949,58912820.00
2023-12-11,6.50,6.56,6.03,6.17,6894371,43015864.00
2023-12-12,6.11,6.32,6.07,6.21,4033735,25005842.00
2023-12-13,6.24,6.43,6.10,6.35,6136101,38866396.00
2023-12-14,6.41,6.78,6.35,6.64,10513834,69418480.00
2023-12-15,6.71,7.17,6.62,6.96,11896661,82627512.00
2023-12-18,6.85,7.20,6.68,7.14,11751211,81974112.00
2023-12-19,7.14,7.49,6.88,7.17,11645182,84213720.00
2023-12-20,7.15,7.50,7.03,7.37,10973918,79569232.00
2023-12-21,7.25,8.49,7.00,7.06,24186215,186333088.00
2023-12-22,6.70,7.45,6.67,7.36,15715580,110818712.00
2023-12-25,7.46,7.96,7.42,7.88,15461970,118752640.00
2023-12-26,7.79,8.19,7.52,7.90,15237180,119500104.00
2023-12-27,7.80,7.81,7.31,7.45,9614959,72741816.00
2023-12-28,7.50,9.59,7.43,8.95,36964905,318854688.00
2023-12-29,8.54,9.06,8.23,8.89,25707649,221954992.00
2024-01-02,8.68,9.12,8.42,9.01,18555070,162500896.00
2024-01-03,8.88,9.18,8.71,9.03,13333675,118771104.00
2024-01-04,9.00,9.00,8.52,8.65,10591365,92626944.00
2024-01-05,9.00,9.41,8.57,8.73,19513151,174867760.00
2024-01-08,8.52,9.10,8.40,8.75,11261869,99388344.00
2024-01-09,8.65,8.94,8.01,8.18,12846800,108101824.00
2024-01-10,8.40,8.89,8.01,8.61,13286240,113831592.00
2024-01-11,8.57,8.88,8.30,8.38,13030881,110591760.00
2024-01-12,8.40,8.53,7.34,7.34,14536779,116351432.00
2024-01-15,7.06,7.46,6.85,6.86,7916999,56033216.00
2024-01-16,6.90,7.42,6.58,7.41,11872569,84250744.00
2024-01-17,7.15,7.46,7.07,7.08,8264717,60024924.00
2024-01-18,7.08,7.85,7.06,7.55,13887383,103815904.00
2024-01-19,7.51,7.80,7.40,7.80,11898434,90302608.00
2024-01-22,7.55,7.89,7.36,7.46,8589637,65483220.00
2024-01-23,7.46,7.95,7.35,7.67,7859852,60253796.00
2024-01-24,7.57,7.74,7.15,7.47,7775887,57422568.00
2024-01-25,7.46,7.46,6.93,7.16,7372339,53099396.00
2024-01-26,7.06,7.33,6.92,6.96,5057509,35933324.00
2024-01-29,7.00,7.00,6.13,6.13,7676678,49369976.00
2024-01-30,6.13,6.30,5.96,6.13,4319166,26444506.00
2024-01-31,6.05,6.42,6.04,6.22,4767849,29824112.00
2024-02-01,6.15,6.45,6.01,6.02,8985710,56238236.00
2024-02-02,5.98,6.08,5.42,5.72,10995814,63615632.00
2024-02-05,5.70,5.71,4.94,5.19,6003825,31799002.00
2024-02-06,5.19,5.81,5.15,5.67,6967153,38498588.00
2024-02-07,5.82,6.01,5.66,5.68,6988803,40577556.00
2024-02-08,5.65,6.00,5.43,5.88,5078239,29258394.00
2024-02-19,5.90,6.06,5.85,6.03,3560121,21230680.00
2024-02-20,5.98,6.18,5.92,6.18,4549494,27649822.00
2024-02-21,6.14,6.44,6.08,6.22,4754827,29908984.00
2024-02-22,6.10,6.41,6.10,6.20,3546840,22057912.00
2024-02-23,6.16,6.45,6.16,6.23,4227814,26578052.00
2024-02-26,6.18,6.29,6.08,6.13,4038724,24874362.00
2024-02-27,6.11,6.40,6.07,6.38,5052083,31870536.00
2024-02-28,6.66,7.69,6.66,6.85,17845874,126798192.00
2024-02-29,6.70,7.55,6.65,7.18,14160544,100826304.00
2024-03-01,7.97,8.33,7.32,7.39,15956394,123594576.00
2024-03-04,7.08,7.59,7.08,7.13,8228073,59672432.00
2024-03-05,7.16,7.36,6.86,6.98,6547313,46340532.00
2024-03-06,6.98,7.55,6.93,7.40,9597308,70184752.00
2024-03-07,7.40,7.42,6.91,6.95,6992420,50069772.00
2024-03-08,6.98,7.33,6.96,7.16,5324406,38136176.00
2024-03-11,7.27,7.75,7.27,7.57,9869299,74414400.00
2024-03-12,7.44,7.53,7.26,7.36,7780749,57388892.00
2024-03-13,7.36,7.40,7.08,7.19,5649481,40518220.00
2024-03-14,7.20,7.23,6.98,6.99,4090855,28874416.00
2024-03-15,6.95,7.24,6.95,7.15,5641884,40248004.00
2024-03-18,7.20,7.22,7.03,7.13,5075696,36042740.00
2024-03-19,7.16,7.16,6.97,7.03,4124322,29147938.00
2024-03-20,7.00,7.13,6.95,7.06,2725151,19182876.00
2024-03-21,7.08,7.10,6.83,6.86,3481335,24168314.00
2024-03-22,6.81,6.90,6.59,6.65,4236299,28421456.00
2024-03-25,6.63,6.83,6.46,6.58,3722980,24685200.00
2024-03-26,6.54,6.68,6.43,6.62,3013471,19770696.00
2024-03-27,6.46,6.86,6.46,6.54,3564428,23911060.00
2024-03-28,6.65,6.75,6.51,6.57,2337937,15430374.00
2024-03-29,6.65,6.65,6.46,6.51,2362585,15429151.00
2024-04-01,6.53,6.65,6.48,6.60,2693524,17673234.00
2024-04-02,6.56,6.63,6.45,6.60,3130142,20484530.00
2024-04-03,6.62,6.62,6.30,6.32,2441617,15733937.00
2024-04-08,6.32,6.35,5.91,5.95,3281854,20011210.00
2024-04-09,5.91,6.06,5.91,6.01,1469259,8830126.00
2024-04-10,6.02,6.25,5.93,6.06,6583428,40237664.00
2024-04-11,6.00,6.00,5.72,5.74,5741947,33232030.00
2024-04-12,5.78,5.78,5.60,5.62,2446194,13890666.00
2024-04-15,5.58,5.71,5.35,5.47,2607336,14391557.00
2024-04-16,5.46,5.46,5.12,5.12,2853900,14899710.00
2024-04-17,5.18,5.50,5.18,5.43,4357628,23484176.00
2024-04-18,5.42,5.60,5.35,5.44,2935814,16101821.00
2024-04-19,5.40,5.46,5.30,5.32,2121959,11360160.00
2024-04-22,5.30,5.59,5.30,5.43,2440747,13292585.00
2024-04-23,5.48,5.58,5.39,5.56,1944715,10690612.00
2024-04-24,5.59,5.68,5.57,5.59,2236902,12574725.00
2024-04-25,5.56,5.67,5.49,5.53,1890016,10509242.00
2024-04-26,5.46,5.61,5.46,5.61,2826122,15686135.00
2024-04-29,5.59,5.81,5.55,5.73,4729840,27015228.00
2024-04-30,5.94,6.05,5.78,5.85,4320512,25420526.00
2024-05-06,5.95,5.98,5.84,5.89,3872367,22857298.00
2024-05-07,6.00,6.00,5.83,5.91,4148965,24464434.00
2024-05-08,5.90,5.96,5.85,5.87,3822837,22535132.00
2024-05-09,5.91,6.11,5.86,5.99,5753270,34568352.00
2024-05-10,5.95,5.98,5.76,5.82,2861188,16787576.00
2024-05-13,5.84,5.84,5.60,5.61,3318437,18883064.00
2024-05-14,5.60,5.70,5.57,5.59,1448084,8113488.50
2024-05-15,5.57,5.70,5.57,5.58,1300398,7330272.00
2024-05-16,5.59,5.64,5.40,5.42,2645259,14580615.00
2024-05-17,5.46,5.52,5.32,5.43,3499135,18954406.00
2024-05-20,5.38,5.48,5.38,5.43,1517519,8233214.50
2024-05-21,5.44,5.44,5.26,5.28,1640245,8763889.00
2024-05-22,5.33,6.02,5.32,5.87,10609966,60577132.00
2024-05-23,5.84,6.10,5.67,5.95,11228626,66072496.00
2024-05-24,5.89,6.15,5.81,5.90,7873529,47297468.00
2024-05-27,5.88,5.90,5.64,5.77,4950332,28343078.00
2024-05-28,5.78,5.98,5.72,5.83,4339825,25411290.00
2024-05-29,5.84,6.37,5.84,6.09,9833719,60657792.00
2024-05-30,6.15,6.19,5.88,5.92,5838206,35026472.00
2024-05-31,5.95,5.95,5.75,5.77,3904751,22712084.00
2024-06-03,5.76,5.80,5.53,5.57,2996160,16839662.00
2024-06-04,5.53,5.67,5.50,5.65,2497596,13954852.00
2024-06-05,5.63,5.65,5.48,5.51,1979892,10987178.00
2024-06-06,5.50,5.56,5.28,5.28,2603746,14041491.00
2024-06-07,5.33,5.46,5.29,5.41,1619023,8708569.00
2024-06-11,5.44,5.60,5.35,5.55,2341978,12880790.00
2024-06-12,5.50,5.59,5.47,5.54,1573896,8668934.00
2024-06-13,5.56,5.62,5.48,5.50,1589368,8808961.00
2024-06-14,5.55,5.59,5.49,5.51,1439857,7971462.00
2024-06-17,5.50,5.50,5.35,5.36,1959083,10579009.00
2024-06-18,5.39,5.41,5.31,5.35,1546372,8276168.50
2024-06-19,5.38,5.58,5.33,5.45,2415639,13188902.00
2024-06-20,5.44,5.44,5.31,5.36,1915101,10279475.00
2024-06-21,5.40,5.66,5.39,5.52,3344678,18528358.00
2024-06-24,5.46,5.53,5.32,5.39,2200598,11870357.00
2024-06-25,5.43,5.54,5.36,5.50,2306672,12563689.00
2024-06-26,5.31,5.38,5.23,5.36,2404807,12741031.00
2024-06-27,5.36,5.39,5.22,5.23,1387633,7358908.50
2024-06-28,5.25,5.33,5.21,5.23,1033695,5442109.50
2024-07-01,5.23,5.38,5.22,5.34,2382739,12689736.00
2024-07-02,5.30,5.35,5.27,5.35,2241040,11898172.00
2024-07-03,5.34,5.35,5.21,5.25,1059175,5566433.50
2024-07-04,5.22,5.32,5.12,5.12,1184884,6177772.00
2024-07-05,5.14,5.18,5.05,5.09,1068719,5443458.50
2024-07-08,5.09,5.12,4.90,4.92,1392507,6923851.50
2024-07-09,4.93,5.04,4.88,4.97,1180259,5853373.50
2024-07-10,4.95,5.17,4.95,5.04,1801292,9161080.00
2024-07-11,5.13,5.24,5.05,5.13,1676304,8651040.00
2024-07-12,5.19,5.30,5.16,5.20,2750445,14438103.00
2024-07-15,5.10,5.15,4.99,5.03,2094733,10552168.00
2024-07-16,5.00,5.21,4.96,5.21,2536423,12977297.00
2024-07-17,5.37,5.92,5.37,5.63,12288372,70078912.00
2024-07-18,5.46,5.68,5.32,5.42,7906092,43117268.00
2024-07-19,5.34,5.54,5.34,5.35,4293749,23212468.00
2024-07-22,5.32,5.35,5.22,5.25,2794520,14716634.00
2024-07-23,5.26,5.32,5.11,5.15,2217766,11592762.00
2024-07-24,5.15,5.17,5.00,5.05,2326437,11778038.00
2024-07-25,5.07,5.29,5.01,5.20,3349645,17398460.00
2024-07-26,5.14,5.23,5.10,5.18,2364172,12220894.00
2024-07-29,5.18,5.22,5.06,5.07,1967436,10015532.00
2024-07-30,5.07,5.14,5.06,5.09,1372459,6998299.00
2024-07-31,5.11,5.22,5.07,5.20,2018860,10420917.00
2024-08-01,5.22,5.29,5.14,5.14,1927125,10011325.00
2024-08-02,5.11,5.16,5.08,5.09,1643277,8401118.00
2024-08-05,5.07,5.15,4.96,4.98,1907953,9635555.00
2024-08-06,5.02,5.18,5.02,5.12,2074334,10618219.00
2024-08-07,5.07,5.11,5.06,5.07,1324725,6730428.00
2024-08-08,5.08,5.08,5.00,5.04,1086984,5484055.00
2024-08-09,5.02,5.08,5.01,5.01,842289,4242184.50
2024-08-12,5.09,5.16,5.04,5.07,2055914,10501369.00
2024-08-13,5.03,5.15,5.00,5.12,2008914,10159657.00
2024-08-14,5.13,5.16,5.03,5.04,1344321,6825179.50
2024-08-15,5.04,5.11,5.01,5.06,1038057,5251458.00
2024-08-16,5.06,5.08,5.03,5.04,695611,3509779.00
2024-08-19,5.10,5.10,5.02,5.03,528094,2664992.75
2024-08-20,5.06,5.10,5.00,5.01,1198535,6052819.50
2024-08-21,5.02,5.05,4.96,4.96,759884,3794264.00
2024-08-22,5.01,5.02,4.84,4.85,1446904,7110008.50
2024-08-23,4.84,4.90,4.84,4.88,875112,4263447.00
2024-08-26,4.92,5.01,4.92,4.97,981843,4885486.50
2024-08-27,4.97,5.06,4.90,4.96,1432894,7127557.00
2024-08-28,4.95,5.08,4.92,5.04,1479363,7434384.00
2024-08-29,5.02,5.21,5.00,5.15,3080795,15833716.00
2024-08-30,5.10,5.23,5.06,5.16,3290129,16965506.00
2024-09-02,5.15,5.15,5.02,5.04,1304048,6618205.50
2024-09-03,5.00,5.11,5.00,5.04,894345,4520784.50
2024-09-04,5.01,5.08,5.00,5.03,809799,4085500.25
2024-09-05,5.01,5.16,5.01,5.06,1487866,7584752.00
2024-09-06,5.04,5.10,4.99,5.00,1178138,5914792.50
2024-09-09,4.99,5.05,4.95,4.98,765801,3824223.75
2024-09-10,4.97,5.01,4.93,4.98,687474,3412303.50
2024-09-11,4.99,5.05,4.95,5.00,575295,2878869.25
2024-09-12,5.02,5.10,4.97,4.99,1151283,5794481.50
2024-09-13,4.96,5.10,4.93,5.03,1831106,9185129.00
2024-09-18,5.01,5.06,4.93,4.98,1080108,5388535.00
2024-09-19,5.02,5.07,4.96,5.02,1197849,6020057.50
2024-09-20,5.06,5.06,4.98,5.00,763349,3825151.25
2024-09-23,5.00,5.02,4.93,4.96,1163249,5779733.50
2024-09-24,4.98,5.09,4.95,5.09,2062260,10400934.00
2024-09-25,5.11,5.22,5.11,5.11,2964453,15325206.00
2024-09-26,5.14,5.20,5.07,5.20,2335108,12029821.00
2024-09-27,5.28,5.77,5.25,5.62,9150400,50755084.00
2024-09-30,5.91,6.79,5.75,6.77,18424462,115517648.00
2024-10-08,8.60,8.68,7.33,8.58,24627718,197181888.00
2024-10-09,7.95,8.17,7.04,7.10,15142212,116017312.00
2024-10-10,7.35,7.59,7.06,7.11,10408670,76128872.00
2024-10-11,7.04,7.06,6.28,6.44,9117669,60108216.00
2024-10-14,6.52,6.73,6.31,6.71,8755061,57543996.00
2024-10-15,6.58,6.86,6.50,6.54,8663028,57978800.00
2024-10-16,6.38,6.64,6.38,6.51,5679421,37017196.00
2024-10-17,6.57,7.13,6.56,6.75,12635687,85885400.00
2024-10-18,6.72,7.36,6.64,7.15,13653835,96351792.00
2024-10-21,8.00,9.00,7.81,8.82,30764379,259580144.00
2024-10-22,8.00,9.85,7.66,9.02,33748358,286935008.00
2024-10-23,8.76,11.66,8.50,11.34,47810152,490973536.00
2024-10-24,10.50,13.58,10.30,11.73,48478788,582314240.00
2024-10-25,11.88,15.24,10.80,15.23,64036869,895931776.00
2024-10-28,14.49,15.20,12.95,13.96,48676589,675446528.00
2024-10-29,14.39,14.90,13.30,13.40,32968691,457074560.00
2024-10-30,13.00,13.39,12.05,12.35,24709196,311894912.00
2024-10-31,14.35,16.05,13.88,15.31,47078114,694962112.00
2024-11-01,14.36,18.00,14.10,15.30,46550430,749007232.00
2024-11-04,14.60,16.21,14.58,15.30,23851697,362897760.00
2024-11-05,15.65,17.75,14.91,16.50,34474742,549606912.00
2024-11-06,16.40,18.79,16.15,16.85,33636739,579618688.00
2024-11-07,15.95,16.50,15.56,15.74,26982879,429112064.00
2024-11-08,15.79,16.58,14.85,14.88,20241212,316524192.00
2024-11-11,14.93,15.41,14.65,15.02,13652658,205752400.00
2024-11-12,15.26,15.53,14.20,14.78,12582076,187668736.00
2024-11-13,14.52,14.78,13.50,14.78,12466639,177534720.00
2024-11-14,14.83,15.99,14.83,15.19,18803341,289733376.00
2024-11-15,15.33,15.53,14.14,14.79,12882331,190950000.00
2024-11-18,14.32,14.94,13.68,13.70,12143423,171259424.00
2024-11-19,13.70,14.31,12.74,13.76,12121042,164561104.00
2024-11-20,13.77,14.28,13.48,13.99,9035523,125378128.00
2024-11-21,14.60,15.65,14.46,14.79,18101965,272799136.00
2024-11-22,14.23,14.88,13.80,13.88,11773027,168849392.00
2024-11-25,13.73,13.83,13.05,13.50,8882925,118923312.00
2024-11-26,13.47,13.93,12.86,12.86,8453534,113195448.00
2024-11-27,12.68,12.95,11.85,12.95,9143045,113339648.00
2024-11-28,12.88,13.36,12.78,12.81,8007931,104927240.00
2024-11-29,12.79,13.10,12.28,12.91,9628303,122501744.00
2024-12-02,12.59,13.30,12.50,13.30,10173023,132161616.00
2024-12-03,13.30,13.30,13.30,13.30,0,0.00
#数据来源:通达信
