836270 天铭科技 日线 不复权
      日期	    开盘	    最高	    最低	    收盘	    成交量	    成交额
2020-12-16,1.16,1.16,1.16,1.16,100,116.00
2020-12-30,1.16,1.16,1.16,1.16,100,116.00
2021-04-22,2.32,2.32,2.32,2.32,100,232.00
2021-04-23,4.64,4.64,4.64,4.64,100,464.00
2021-04-26,9.00,9.00,9.00,9.00,100,900.00
2021-04-27,9.00,9.51,9.00,9.51,4600,41553.00
2021-04-28,9.80,9.80,9.80,9.80,500,4900.00
2021-05-21,9.60,9.60,9.60,9.60,100,960.00
2021-05-25,9.00,9.00,9.00,9.00,100,900.00
2021-07-02,9.00,9.00,9.00,9.00,100,900.00
2021-08-09,9.10,9.10,9.10,9.10,200,1822.00
2021-09-06,9.97,9.97,9.97,9.97,100,998.00
2022-01-12,9.00,9.00,9.00,9.00,100,900.00
2022-01-25,10.28,10.28,10.28,10.28,100,1028.00
2022-01-28,11.02,13.88,11.02,13.88,300,3592.00
2022-02-09,13.11,13.77,13.11,13.77,200,2688.00
2022-02-15,13.00,13.00,13.00,13.00,100,1300.00
2022-02-17,15.00,15.00,15.00,15.00,100,1500.00
2022-02-24,15.06,15.06,15.06,15.06,100,1506.00
2022-03-07,13.00,13.06,13.00,13.06,800,10424.00
2022-03-08,15.02,18.00,15.02,18.00,800,13149.00
2022-03-09,18.00,20.00,18.00,20.00,300,5800.00
2022-03-10,22.22,22.22,20.00,20.00,200,4222.00
2022-03-11,21.98,21.98,21.98,21.98,200,4396.00
2022-03-14,22.77,22.77,21.94,21.94,200,4471.00
2022-03-15,20.00,20.00,20.00,20.00,900,18000.00
2022-03-16,20.00,22.00,20.00,22.00,300,6201.00
2022-03-18,22.00,22.00,22.00,22.00,200,4400.00
2022-03-29,23.88,23.88,23.88,23.88,200,4776.00
2022-09-02,18.90,18.95,17.15,17.40,3553960,64129556.00
2022-09-05,17.07,17.38,16.42,16.42,697209,11723664.00
2022-09-06,16.28,16.28,16.16,16.21,375977,6095544.00
2022-09-07,16.39,16.99,16.22,16.63,284079,4753697.50
2022-09-08,16.61,16.61,15.80,16.20,243943,3967734.50
2022-09-09,16.48,16.48,16.10,16.20,80252,1304091.88
2022-09-13,16.04,16.38,16.04,16.17,82630,1339255.38
2022-09-14,16.17,16.23,16.02,16.18,120205,1934829.75
2022-09-15,16.18,16.22,16.04,16.08,111793,1800537.63
2022-09-16,16.15,17.40,16.15,17.39,1114576,18958544.00
2022-09-19,17.11,17.38,15.06,15.58,655614,10358420.00
2022-09-20,15.75,16.21,15.18,16.08,401646,6359661.00
2022-09-21,15.78,17.46,15.64,16.75,737645,12387312.00
2022-09-22,16.60,17.42,16.36,17.18,747116,12771036.00
2022-09-23,17.30,17.30,15.86,16.42,611777,9961908.00
2022-09-26,16.27,16.27,15.42,15.64,292501,4609945.00
2022-09-27,15.48,16.45,15.47,15.60,281633,4470404.00
2022-09-28,15.50,15.69,15.21,15.26,196706,3021067.25
2022-09-29,15.58,15.65,15.32,15.38,113393,1745144.13
2022-09-30,15.32,15.45,15.22,15.30,93574,1430908.63
2022-10-10,15.24,15.40,14.62,14.63,133073,1977266.00
2022-10-11,14.64,14.99,14.64,14.82,34436,510565.50
2022-10-12,14.71,15.20,14.70,15.19,38113,572282.06
2022-10-13,15.18,15.65,15.00,15.25,60613,930495.88
2022-10-14,15.42,15.45,15.28,15.34,70321,1080302.13
2022-10-17,15.57,15.58,15.30,15.46,70702,1094917.63
2022-10-18,15.46,15.61,15.37,15.47,128023,1979203.25
2022-10-19,15.39,15.48,15.39,15.43,58449,901586.31
2022-10-20,15.37,15.45,15.28,15.43,34241,527101.75
2022-10-21,15.49,15.49,15.33,15.44,14276,219568.69
2022-10-24,15.44,15.45,15.11,15.27,66642,1015225.38
2022-10-25,15.02,15.27,15.00,15.14,31323,472531.09
2022-10-26,15.05,15.20,15.00,15.09,141058,2121154.25
2022-10-27,15.11,15.11,14.90,14.90,87311,1305970.88
2022-10-28,14.81,15.00,14.41,14.45,148541,2172297.00
2022-10-31,14.44,14.44,13.94,13.95,129495,1830488.63
2022-11-01,14.24,15.18,14.13,14.73,223542,3313042.75
2022-11-02,14.88,14.88,14.50,14.63,117456,1709230.63
2022-11-03,14.43,14.68,14.40,14.60,41174,600900.00
2022-11-04,14.60,14.90,14.55,14.82,62268,918775.19
2022-11-07,14.78,14.94,14.72,14.82,35636,527707.63
2022-11-08,14.70,14.90,14.70,14.80,26560,392857.50
2022-11-09,14.70,14.80,14.70,14.79,43652,643342.88
2022-11-10,14.66,14.84,14.66,14.77,31894,470863.50
2022-11-11,14.94,14.94,14.77,14.79,65561,971566.19
2022-11-14,14.91,15.00,14.75,14.78,45979,681871.31
2022-11-15,14.63,14.84,14.61,14.84,55653,820757.94
2022-11-16,14.75,14.88,14.75,14.80,45514,672690.50
2022-11-17,14.74,14.83,14.69,14.83,47436,698771.69
2022-11-18,14.97,14.97,14.77,14.79,32878,487800.31
2022-11-21,14.98,14.99,14.85,14.87,58266,868640.75
2022-11-22,14.91,14.91,14.81,14.81,26647,395466.09
2022-11-23,14.76,14.79,14.65,14.79,62087,913331.00
2022-11-24,14.78,14.79,14.69,14.72,19002,280322.72
2022-11-25,14.71,14.71,14.65,14.68,27405,402319.38
2022-11-28,14.51,14.53,14.44,14.53,33396,484026.59
2022-11-29,14.53,14.71,14.53,14.61,20817,304023.09
2022-11-30,14.56,14.75,14.56,14.62,23826,349993.88
2022-12-01,14.64,14.86,14.63,14.76,41916,618692.63
2022-12-02,14.73,14.82,14.73,14.75,20255,298670.00
2022-12-05,14.82,14.93,14.50,14.67,41908,615782.75
2022-12-06,14.64,14.68,14.62,14.63,32554,476502.03
2022-12-07,14.55,14.70,14.55,14.56,65024,949300.00
2022-12-08,14.56,14.56,14.41,14.41,60336,873329.63
2022-12-09,14.40,14.48,14.33,14.41,77201,1109901.75
2022-12-12,14.40,14.40,14.17,14.18,51616,734025.69
2022-12-13,14.12,14.25,14.12,14.24,19700,279411.00
2022-12-14,14.16,14.35,14.16,14.20,34300,487329.00
2022-12-15,14.20,14.20,14.11,14.16,47900,676959.63
2022-12-16,14.09,14.14,14.02,14.14,38521,541501.50
2022-12-19,14.08,14.08,13.72,13.74,66038,917922.19
2022-12-20,13.74,13.74,13.50,13.56,62458,847641.25
2022-12-21,13.50,13.85,13.43,13.43,35024,472860.63
2022-12-22,13.43,13.54,13.20,13.22,54888,729870.13
2022-12-23,13.20,13.20,12.96,13.04,64173,838108.63
2022-12-26,13.00,13.13,12.90,13.05,26923,349523.69
2022-12-27,13.02,13.10,12.96,13.08,26855,349858.53
2022-12-28,13.07,13.07,12.99,13.04,7900,102934.00
2022-12-29,13.00,13.04,12.98,12.99,13471,175151.84
2022-12-30,13.01,13.01,12.97,13.01,22488,291988.22
2023-01-03,13.01,13.08,12.99,13.08,21500,280691.00
2023-01-04,13.18,13.18,13.05,13.12,29448,385524.75
2023-01-05,13.12,13.13,13.07,13.12,29770,390596.59
2023-01-06,13.15,13.15,13.08,13.13,19696,258328.48
2023-01-09,13.05,13.16,13.05,13.13,13427,176059.20
2023-01-10,13.02,13.17,13.02,13.15,18365,240709.45
2023-01-11,13.06,13.13,13.06,13.12,8299,108817.88
2023-01-12,13.16,13.35,13.14,13.31,48631,644025.31
2023-01-13,13.32,13.61,13.16,13.53,103679,1391199.00
2023-01-16,13.67,13.67,13.50,13.60,55117,747017.50
2023-01-17,13.68,13.77,13.54,13.67,57030,779577.44
2023-01-18,13.74,13.87,13.62,13.70,43911,601402.56
2023-01-19,13.74,13.74,13.63,13.70,28318,387042.16
2023-01-20,13.77,13.77,13.66,13.77,95088,1305463.75
2023-01-30,13.86,13.86,13.73,13.79,34704,478597.47
2023-01-31,13.79,14.50,13.66,14.41,201147,2862948.00
2023-02-01,14.51,14.77,14.41,14.53,120012,1743993.00
2023-02-02,14.40,14.50,14.20,14.24,170872,2444029.75
2023-02-03,14.00,14.42,13.92,14.23,74156,1048220.88
2023-02-06,14.27,14.27,14.06,14.10,25931,366106.59
2023-02-07,14.27,14.27,14.09,14.19,37545,531499.88
2023-02-08,14.15,14.27,14.12,14.20,65489,928967.63
2023-02-09,14.11,14.31,14.11,14.25,40111,570290.19
2023-02-10,14.25,14.48,14.19,14.37,43663,624683.56
2023-02-13,14.44,14.47,14.33,14.40,82264,1185292.88
2023-02-14,14.49,14.50,14.30,14.47,102320,1475926.38
2023-02-15,14.35,14.56,14.35,14.46,37578,542864.50
2023-02-16,14.50,14.50,14.25,14.33,53758,771320.19
2023-02-17,14.27,14.47,14.05,14.17,45257,643656.44
2023-02-20,14.11,14.38,14.04,14.31,63973,912176.56
2023-02-21,14.38,14.44,14.25,14.37,30612,439714.44
2023-02-22,14.46,14.46,14.26,14.39,30000,431335.19
2023-02-23,14.39,14.43,14.24,14.32,49499,708717.63
2023-02-24,14.27,14.28,14.09,14.27,38024,540476.38
2023-02-27,14.23,14.29,14.08,14.17,24753,350547.72
2023-02-28,14.27,14.28,14.13,14.22,24900,353580.00
2023-03-01,14.13,14.26,14.13,14.20,18492,262321.16
2023-03-02,14.27,14.36,14.12,14.20,37300,529519.00
2023-03-03,14.28,14.28,14.05,14.13,59618,841720.69
2023-03-06,14.25,14.25,14.00,14.09,70898,998141.19
2023-03-07,14.17,14.17,13.93,13.99,79512,1112717.38
2023-03-08,14.14,14.15,13.96,13.97,31580,442038.38
2023-03-09,13.98,14.07,13.91,13.97,19070,266269.25
2023-03-10,13.91,14.11,13.80,13.85,32931,457065.75
2023-03-13,13.86,13.88,13.69,13.88,22129,304168.97
2023-03-14,13.95,13.95,13.63,13.71,20409,279804.34
2023-03-15,13.87,13.88,13.70,13.70,19398,267199.41
2023-03-16,13.70,13.70,13.53,13.63,26874,366191.06
2023-03-17,13.51,13.70,13.51,13.64,42654,580859.00
2023-03-20,13.78,13.78,13.52,13.65,10000,136137.02
2023-03-21,13.54,13.75,13.54,13.67,21718,295968.59
2023-03-22,13.76,13.76,13.61,13.73,68433,934734.56
2023-03-23,13.67,13.72,13.56,13.65,26341,358526.94
2023-03-24,13.70,13.91,13.60,13.75,58958,810027.06
2023-03-27,13.72,13.85,13.50,13.68,57538,784134.50
2023-03-28,13.60,13.68,13.53,13.61,36168,491949.94
2023-03-29,13.62,13.62,13.49,13.55,45231,612350.38
2023-03-30,13.70,13.70,13.20,13.39,71298,953978.50
2023-03-31,13.41,13.41,13.24,13.31,26900,358574.94
2023-04-03,13.30,13.38,13.22,13.31,31529,418382.44
2023-04-04,13.27,13.36,13.18,13.27,53281,705119.00
2023-04-06,13.17,13.17,13.05,13.09,72947,955885.94
2023-04-07,13.07,13.14,13.07,13.13,18550,243137.50
2023-04-10,13.15,13.15,13.04,13.10,34095,445366.56
2023-04-11,13.07,13.14,13.03,13.14,21500,280971.69
2023-04-12,13.04,13.15,13.04,13.12,14126,185068.38
2023-04-13,13.10,13.21,13.08,13.17,14489,190465.73
2023-04-14,13.10,13.29,13.10,13.28,17600,233010.95
2023-04-17,13.19,13.59,13.19,13.34,7200,95871.00
2023-04-18,13.24,13.40,13.24,13.36,10600,141391.05
2023-04-19,13.28,13.36,13.23,13.29,9749,129223.47
2023-04-20,13.20,13.20,13.03,13.17,15000,197077.00
2023-04-21,13.08,13.28,13.06,13.13,18444,241261.91
2023-04-24,13.20,13.54,13.20,13.30,55228,738770.69
2023-04-25,13.31,13.34,13.12,13.24,23658,311927.66
2023-04-26,13.37,13.42,13.19,13.33,26398,352827.28
2023-04-27,13.48,13.48,13.25,13.36,35181,469723.81
2023-04-28,13.31,13.38,13.31,13.36,22544,300548.19
2023-05-04,13.40,14.36,13.39,14.18,344784,4846367.50
2023-05-05,14.18,14.52,13.78,14.45,359853,5159603.50
2023-05-08,14.54,14.55,13.78,14.14,234280,3293204.00
2023-05-09,14.17,14.21,13.87,13.90,88556,1247300.00
2023-05-10,13.78,13.87,13.48,13.51,176571,2398936.75
2023-05-11,13.62,13.68,13.48,13.62,35313,479980.84
2023-05-12,13.70,13.77,13.60,13.69,45389,622217.38
2023-05-15,13.69,13.76,13.69,13.74,47403,649614.31
2023-05-16,13.62,13.73,13.62,13.73,25028,341995.81
2023-05-17,13.74,13.85,13.66,13.72,17181,236046.80
2023-05-18,13.77,13.77,13.69,13.71,32611,447774.13
2023-05-19,13.62,13.78,13.62,13.72,22938,314074.13
2023-05-22,13.79,14.23,13.72,14.10,115363,1619756.63
2023-05-23,14.16,14.17,13.96,14.10,102392,1441932.13
2023-05-24,13.99,14.40,13.99,14.40,204406,2921102.25
2023-05-25,14.19,14.27,14.11,14.27,83554,1186977.50
2023-05-26,14.20,14.30,14.18,14.30,65518,933095.56
2023-05-29,14.31,14.39,14.20,14.25,57206,818330.94
2023-05-30,14.11,14.18,14.08,14.11,56730,800501.81
2023-05-31,14.03,14.21,14.03,14.14,23303,328539.72
2023-06-01,14.06,14.17,14.04,14.15,32316,454839.69
2023-06-02,14.03,14.38,14.03,14.38,48034,680337.25
2023-06-05,14.15,14.38,14.12,14.24,19927,285234.63
2023-06-06,14.12,14.37,14.12,14.31,66496,948764.25
2023-06-07,14.30,14.31,14.16,14.22,16100,230054.00
2023-06-08,14.14,14.30,14.14,14.18,22590,320959.19
2023-06-09,14.17,14.28,14.17,14.22,10800,153796.00
2023-06-12,14.23,14.36,14.22,14.29,21577,308661.72
2023-06-13,14.36,14.45,14.28,14.31,42935,616299.88
2023-06-14,13.69,13.98,13.69,13.82,29180,403520.19
2023-06-15,13.99,14.00,13.82,13.94,32009,445233.44
2023-06-16,13.94,13.94,13.77,13.82,11451,158171.05
2023-06-19,13.62,13.72,13.61,13.67,47205,644391.38
2023-06-20,13.62,13.63,13.52,13.52,15477,209900.92
2023-06-21,13.65,13.92,13.58,13.91,30471,420738.75
2023-06-26,13.73,13.91,13.73,13.88,11355,156379.06
2023-06-27,13.76,13.84,13.76,13.82,4476,61745.84
2023-06-28,13.78,13.81,13.76,13.81,13900,191479.55
2023-06-29,13.63,14.42,13.63,14.28,138897,1968235.25
2023-06-30,14.01,14.38,14.01,14.32,101045,1442406.63
2023-07-03,14.44,14.44,14.02,14.24,20702,293090.44
2023-07-04,14.08,14.47,14.08,14.32,134425,1930523.13
2023-07-05,14.44,15.17,14.27,14.89,441466,6498403.00
2023-07-06,14.80,14.80,14.52,14.69,136070,1993043.38
2023-07-07,14.59,14.64,14.42,14.57,87550,1268444.00
2023-07-10,14.65,15.15,14.65,14.93,236260,3539265.25
2023-07-11,14.85,15.09,14.66,14.95,127733,1898525.88
2023-07-12,14.70,15.09,14.70,14.97,212461,3184334.00
2023-07-13,14.86,15.64,14.86,15.54,481728,7411914.50
2023-07-14,15.76,17.06,15.50,16.43,917406,15053887.00
2023-07-17,16.01,16.57,15.56,15.75,450663,7101526.50
2023-07-18,15.25,15.69,15.13,15.14,267822,4104308.00
2023-07-19,15.26,15.34,15.10,15.20,268932,4091460.50
2023-07-20,15.04,15.50,15.04,15.33,73662,1131352.13
2023-07-21,15.33,15.37,15.13,15.35,75963,1156021.13
2023-07-24,15.13,15.35,15.07,15.10,55037,833334.25
2023-07-25,15.21,15.29,15.12,15.24,37739,574265.69
2023-07-26,15.41,17.07,15.41,16.24,1090623,18206154.00
2023-07-27,16.01,17.18,16.01,16.76,609745,10258431.00
2023-07-28,16.79,16.80,16.55,16.60,269730,4481979.50
2023-07-31,16.90,17.59,16.90,17.03,402739,6940672.50
2023-08-01,16.78,17.25,16.68,16.85,108864,1838730.38
2023-08-02,16.86,16.86,16.51,16.76,105233,1757770.38
2023-08-03,17.00,17.46,16.58,17.45,163263,2792601.25
2023-08-04,17.53,17.59,17.18,17.42,181737,3172632.25
2023-08-07,17.38,17.49,17.32,17.46,49581,862387.81
2023-08-08,17.33,17.40,17.23,17.23,47076,815307.19
2023-08-09,17.01,17.30,16.75,16.96,114193,1943400.00
2023-08-10,16.99,17.00,16.52,16.73,62045,1038146.50
2023-08-11,16.59,16.85,16.59,16.82,179861,3020096.75
2023-08-14,16.92,16.99,16.88,16.96,60040,1016949.75
2023-08-15,17.00,17.37,17.00,17.30,54689,944169.69
2023-08-16,17.30,17.49,17.11,17.35,57273,992407.38
2023-08-17,17.30,17.34,17.19,17.31,50929,880060.44
2023-08-18,17.30,17.31,16.93,17.30,79182,1366469.63
2023-08-21,17.27,17.29,15.40,15.63,385664,6152725.50
2023-08-22,15.94,15.94,15.42,15.65,44140,687750.63
2023-08-23,15.66,15.70,15.55,15.62,69187,1082021.50
2023-08-24,15.43,15.88,15.43,15.70,16432,258114.41
2023-08-25,15.82,15.82,15.39,15.42,38435,596887.44
2023-08-28,16.01,16.36,15.43,15.61,141201,2215597.00
2023-08-29,15.44,16.18,15.21,16.15,83517,1311045.88
2023-08-30,15.51,16.24,15.50,16.10,33577,539276.25
2023-08-31,16.23,17.46,16.09,17.23,416412,7079014.00
2023-09-01,16.78,18.36,16.78,17.45,317339,5626621.50
2023-09-04,18.43,18.58,17.70,17.90,492193,9001906.00
2023-09-05,17.88,17.89,17.10,17.10,222926,3862544.75
2023-09-06,17.38,17.39,16.80,17.11,100754,1712747.38
2023-09-07,17.04,17.18,16.45,16.70,120882,2025089.38
2023-09-08,17.00,17.00,16.23,16.80,63831,1067694.63
2023-09-11,16.88,17.40,16.53,17.34,119845,2052867.75
2023-09-12,17.10,17.40,17.05,17.38,71661,1236574.00
2023-09-13,17.11,17.31,16.64,16.81,69516,1171993.50
2023-09-14,16.77,16.90,16.69,16.82,18167,304298.13
2023-09-15,16.53,16.79,16.35,16.55,82208,1359832.75
2023-09-18,8.05,8.22,7.95,8.17,214433,1723631.75
2023-09-19,8.01,8.16,7.97,8.14,142784,1153317.63
2023-09-20,8.18,8.23,7.92,8.05,120235,974385.63
2023-09-21,8.04,8.04,7.73,7.83,135673,1058870.00
2023-09-22,8.12,8.12,7.74,7.81,77164,601700.63
2023-09-25,7.77,7.79,7.71,7.77,25961,200963.91
2023-09-26,7.62,7.79,7.59,7.68,86204,658836.69
2023-09-27,7.55,7.70,7.55,7.70,39899,304327.41
2023-09-28,7.74,7.74,7.59,7.71,46998,360786.88
2023-10-09,7.89,7.89,7.53,7.68,338683,2332030.75
2023-10-10,7.62,7.73,7.58,7.65,20385,155946.41
2023-10-11,7.69,7.69,7.57,7.61,46723,355125.88
2023-10-12,7.70,7.70,7.63,7.63,27488,210720.31
2023-10-13,7.68,7.70,7.54,7.54,29797,225609.33
2023-10-16,7.62,7.62,7.35,7.43,66831,501448.72
2023-10-17,7.33,7.35,7.11,7.19,130286,934796.13
2023-10-18,7.16,7.21,7.07,7.12,33764,241088.63
2023-10-19,7.14,7.14,6.94,6.98,119063,835639.56
2023-10-20,7.05,7.05,6.85,6.86,101518,700818.56
2023-10-23,6.85,6.85,6.38,6.50,124692,819713.19
2023-10-24,6.51,6.87,6.51,6.65,28111,185693.39
2023-10-25,6.80,6.80,6.58,6.66,161930,1085872.75
2023-10-26,6.70,6.75,6.70,6.75,54980,369573.16
2023-10-27,6.93,6.93,6.63,6.92,195615,1319207.50
2023-10-30,7.21,7.99,7.20,7.50,625997,4758406.00
2023-10-31,7.33,7.57,7.28,7.53,508907,3759295.50
2023-11-01,7.40,7.76,7.40,7.51,204680,1541464.75
2023-11-02,7.30,7.64,7.30,7.54,158384,1183302.50
2023-11-03,7.62,7.68,7.61,7.62,221451,1691173.63
2023-11-06,7.74,7.74,7.55,7.66,184616,1417696.00
2023-11-07,7.61,7.76,7.60,7.76,187871,1444840.25
2023-11-08,7.80,8.42,7.80,8.21,527975,4298923.50
2023-11-09,8.29,9.30,8.06,8.59,1101971,9839538.00
2023-11-10,8.28,8.55,7.82,8.48,623964,5105153.50
2023-11-13,8.28,8.52,8.28,8.50,338125,2852017.25
2023-11-14,8.68,8.95,8.50,8.81,451090,3971257.00
2023-11-15,8.75,9.27,8.75,8.91,566477,5120071.50
2023-11-16,8.97,9.24,8.82,9.18,880657,7995487.50
2023-11-17,9.11,9.24,8.89,9.08,414246,3763740.25
2023-11-20,9.25,9.34,8.96,9.19,1126669,10423851.00
2023-11-21,9.10,10.23,9.10,9.49,2728903,26514764.00
2023-11-22,9.56,10.63,9.32,10.60,3343600,33211398.00
2023-11-23,10.64,11.50,9.71,10.16,3066259,33014486.00
2023-11-24,10.03,11.36,10.03,11.36,3146693,34318356.00
2023-11-27,12.14,14.76,12.00,14.76,7934245,111369192.00
2023-11-28,13.97,14.89,12.36,13.67,6212312,86015768.00
2023-11-29,13.35,14.30,12.16,12.20,3503029,45515272.00
2023-11-30,12.05,12.50,11.21,11.48,2464875,28902164.00
2023-12-01,11.58,12.98,11.33,11.76,3011414,36927044.00
2023-12-04,11.80,12.00,10.51,11.35,2373411,26627386.00
2023-12-05,11.05,12.95,10.89,12.95,3112116,38067140.00
2023-12-06,12.96,13.89,12.29,12.43,3173503,41655616.00
2023-12-07,12.12,13.91,12.12,13.91,3795771,50515640.00
2023-12-08,13.91,14.97,13.78,14.03,3995392,56494556.00
2023-12-11,13.65,14.17,13.00,13.19,1731917,23305946.00
2023-12-12,13.05,13.62,13.04,13.27,1269439,16858818.00
2023-12-13,13.38,13.97,13.05,13.75,2145202,29272876.00
2023-12-14,13.75,14.29,13.11,13.60,2931675,40915272.00
2023-12-15,13.50,13.79,13.08,13.57,1586753,21346342.00
2023-12-18,13.65,14.88,13.21,14.88,3616168,51280416.00
2023-12-19,14.91,15.93,14.22,15.15,4531255,68017984.00
2023-12-20,14.96,15.74,14.45,15.57,3178166,48245184.00
2023-12-21,15.77,15.80,12.93,13.56,3443616,49496780.00
2023-12-22,13.38,15.60,13.03,15.60,3376013,47949140.00
2023-12-25,15.35,16.76,15.30,16.14,3936825,63054612.00
2023-12-26,15.80,16.01,14.82,15.85,2198644,34301652.00
2023-12-27,15.45,16.16,15.11,16.16,2054280,32136434.00
2023-12-28,16.50,16.84,15.64,16.07,2607766,41994232.00
2023-12-29,15.97,16.38,15.70,16.07,2963676,47833592.00
2024-01-02,16.06,16.37,15.33,16.33,2652637,42622800.00
2024-01-03,16.10,16.40,15.75,16.01,1180119,18878510.00
2024-01-04,16.28,16.28,15.61,15.67,1402095,22217176.00
2024-01-05,15.68,15.81,14.35,14.70,2726619,40447980.00
2024-01-08,14.89,14.89,14.43,14.45,1456288,21188252.00
2024-01-09,14.22,14.66,14.01,14.32,1100881,15786602.00
2024-01-10,14.47,14.76,14.11,14.58,476352,6886127.50
2024-01-11,14.62,14.76,14.23,14.55,483354,6949788.00
2024-01-12,14.46,14.56,13.09,13.09,1255597,17151894.00
2024-01-15,13.07,13.07,12.51,12.51,816567,10326652.00
2024-01-16,12.52,15.10,12.21,15.10,1642253,22698620.00
2024-01-17,15.34,17.46,15.10,15.84,4104927,66743744.00
2024-01-18,15.00,18.20,14.78,17.60,6266601,105611880.00
2024-01-19,18.50,18.88,17.20,17.87,5836438,106143848.00
2024-01-22,17.40,17.80,16.41,16.99,2921624,50117408.00
2024-01-23,17.06,17.40,15.88,16.85,2995741,49751640.00
2024-01-24,16.70,16.74,15.10,15.84,3468898,54841652.00
2024-01-25,15.03,15.60,14.42,14.75,3328058,49243060.00
2024-01-26,14.80,15.68,14.22,15.17,2430366,36685568.00
2024-01-29,15.33,15.33,12.68,12.80,2723919,37540516.00
2024-01-30,12.52,13.36,12.11,13.10,1106882,14154108.00
2024-01-31,13.40,13.90,13.07,13.41,1697556,22961854.00
2024-02-01,13.50,13.60,12.51,12.77,1154708,14955240.00
2024-02-02,13.21,13.21,12.17,12.85,1724574,21792130.00
2024-02-05,12.80,12.80,10.81,11.80,2304743,27416452.00
2024-02-06,11.23,13.48,11.02,13.05,2287846,29495030.00
2024-02-07,13.30,13.60,12.13,12.20,2257174,29345770.00
2024-02-08,12.10,12.51,11.22,11.58,1281545,14929051.00
2024-02-19,11.89,11.92,11.52,11.84,886021,10364288.00
2024-02-20,11.62,12.46,11.62,12.33,1033692,12566862.00
2024-02-21,12.23,13.54,12.10,12.52,1908429,24565742.00
2024-02-22,12.52,12.59,12.20,12.41,1130628,13950487.00
2024-02-23,12.21,12.39,11.80,11.94,1192477,14378318.00
2024-02-26,11.60,12.26,11.60,11.95,822588,9862229.00
2024-02-27,12.10,12.93,11.91,12.74,1950046,24510890.00
2024-02-28,12.92,12.92,12.17,12.22,1612311,20263712.00
2024-02-29,12.33,12.60,12.05,12.56,1216356,15010821.00
2024-03-01,12.53,12.95,12.38,12.80,1283495,16282638.00
2024-03-04,12.60,12.80,12.20,12.27,838190,10382656.00
2024-03-05,12.50,12.50,11.91,11.91,826784,10050617.00
2024-03-06,11.92,12.26,11.82,12.18,422505,5094591.50
2024-03-07,11.90,12.30,11.84,11.85,367806,4405027.00
2024-03-08,11.87,11.97,11.55,11.66,368075,4294800.50
2024-03-11,11.61,11.85,11.41,11.78,291419,3393124.25
2024-03-12,11.77,11.87,11.50,11.56,369169,4283125.50
2024-03-13,11.43,11.64,11.25,11.32,331076,3777441.50
2024-03-14,11.32,11.52,11.23,11.26,286272,3245373.75
2024-03-15,11.33,12.50,11.24,12.07,1477883,17716248.00
2024-03-18,12.33,12.34,11.68,12.01,883315,10542289.00
2024-03-19,11.81,12.04,11.70,11.72,475451,5628542.00
2024-03-20,11.80,11.85,11.67,11.75,295130,3463299.00
2024-03-21,11.88,11.88,11.36,11.41,490175,5635728.50
2024-03-22,11.59,11.68,11.23,11.26,537965,6088418.00
2024-03-25,11.22,11.22,10.71,10.89,367671,4043915.00
2024-03-26,10.71,11.08,10.53,10.76,204681,2205839.25
2024-03-27,10.87,11.47,10.76,10.83,434101,4837395.50
2024-03-28,11.07,11.10,10.74,10.95,308493,3363276.75
2024-03-29,10.83,10.95,10.70,10.80,234187,2530271.00
2024-04-01,10.80,11.19,10.71,11.02,282181,3071372.00
2024-04-02,11.01,11.01,10.76,10.88,218149,2366657.00
2024-04-03,10.75,10.84,10.70,10.75,135159,1452574.50
2024-04-08,10.57,11.01,10.56,10.62,179550,1937380.75
2024-04-09,10.75,10.88,10.62,10.70,116139,1244605.38
2024-04-10,10.53,11.49,10.50,11.01,685395,7635226.00
2024-04-11,11.00,11.16,10.72,10.85,294998,3206215.25
2024-04-12,10.75,10.81,10.60,10.65,291031,3103690.25
2024-04-15,10.70,10.77,10.22,10.35,409396,4293735.00
2024-04-16,10.41,10.41,9.30,9.93,269095,2666920.50
2024-04-17,10.09,10.90,9.92,10.80,597607,6228815.00
2024-04-18,10.72,11.28,10.54,11.28,807054,8925700.00
2024-04-19,11.51,11.80,11.04,11.11,562171,6329720.00
2024-04-22,11.13,11.38,11.01,11.18,446374,5012189.50
2024-04-23,11.05,11.17,11.00,11.14,409403,4526040.00
2024-04-24,11.16,11.34,11.06,11.08,389090,4343743.50
2024-04-25,11.19,11.19,10.69,11.11,287447,3183600.75
2024-04-26,11.11,11.13,10.96,11.09,289151,3203561.00
2024-04-29,11.11,11.31,10.96,11.25,563114,6297047.00
2024-04-30,11.14,11.29,11.05,11.05,419382,4663218.50
2024-05-06,11.26,11.26,10.93,10.97,476496,5239795.50
2024-05-07,10.98,11.03,10.87,10.99,384300,4201896.50
2024-05-08,10.99,10.99,10.83,10.84,211089,2302012.75
2024-05-09,10.92,10.93,10.83,10.87,254096,2760423.75
2024-05-10,10.97,10.97,10.69,10.69,266246,2871684.50
2024-05-13,10.65,10.70,10.49,10.54,259407,2745953.00
2024-05-14,10.38,10.62,10.37,10.59,167974,1767121.63
2024-05-15,10.47,10.62,10.41,10.52,128815,1358566.13
2024-05-16,10.58,10.58,10.35,10.36,147871,1543496.13
2024-05-17,10.29,10.39,10.22,10.36,147598,1517535.75
2024-05-20,10.43,10.43,10.20,10.32,102105,1054100.75
2024-05-21,10.25,10.37,10.21,10.22,129355,1325443.25
2024-05-22,10.14,10.28,10.14,10.20,171597,1751211.88
2024-05-23,10.29,10.86,10.18,10.59,709722,7502462.00
2024-05-24,10.59,10.76,10.50,10.50,268081,2839848.50
2024-05-27,10.46,10.64,10.46,10.60,188387,1990672.88
2024-05-28,10.64,10.72,10.49,10.55,153129,1623222.50
2024-05-29,10.49,10.62,10.46,10.50,91059,957163.44
2024-05-30,10.69,10.69,10.38,10.44,131210,1374187.00
2024-05-31,10.66,10.66,10.30,10.30,141053,1463978.88
2024-06-03,10.23,10.28,9.97,10.01,354233,3556640.00
2024-06-04,9.95,10.07,9.90,9.91,245647,2441420.00
2024-06-05,9.90,10.08,9.58,9.61,230860,2254595.50
2024-06-06,9.79,9.79,9.13,9.23,247550,2303109.25
2024-06-07,9.67,9.67,9.17,9.29,78422,734459.13
2024-06-11,9.45,9.45,9.20,9.28,73077,678774.19
2024-06-12,9.28,9.37,9.19,9.30,104202,966912.19
2024-06-13,9.30,9.38,9.15,9.19,84086,775893.50
2024-06-14,9.15,9.78,9.15,9.33,124958,1186419.88
2024-06-17,9.38,9.42,9.21,9.24,80705,751345.50
2024-06-18,9.30,9.57,9.30,9.31,62053,580698.56
2024-06-19,9.29,9.70,9.29,9.39,305224,2909139.50
2024-06-20,9.37,9.46,9.29,9.35,192934,1812460.38
2024-06-21,9.38,9.62,9.35,9.51,180874,1719954.50
2024-06-24,9.40,9.52,9.22,9.35,103005,959188.75
2024-06-25,9.17,9.49,9.16,9.46,162125,1510926.00
2024-06-26,9.40,9.75,9.33,9.69,214479,2057593.00
2024-06-27,9.62,9.69,9.45,9.48,153846,1463109.75
2024-06-28,9.37,9.73,9.36,9.57,98156,938268.44
2024-07-01,9.58,9.70,9.46,9.59,74471,712637.19
2024-07-02,9.58,9.69,9.40,9.63,133998,1282572.88
2024-07-03,9.63,9.67,9.50,9.62,223986,2154386.75
2024-07-04,7.64,7.64,7.36,7.40,287530,2162352.00
2024-07-05,7.38,7.38,7.13,7.22,136748,984992.06
2024-07-08,7.02,7.15,6.72,6.82,286599,1971707.00
2024-07-09,6.61,6.90,6.61,6.88,161457,1094948.25
2024-07-10,7.07,7.08,6.82,6.84,158543,1098889.50
2024-07-11,7.08,7.18,6.85,6.99,172329,1209747.00
2024-07-12,7.00,7.05,6.95,7.01,118999,831799.63
2024-07-15,7.03,7.03,6.90,6.97,73127,510945.22
2024-07-16,7.00,7.35,6.97,7.30,410137,2969793.75
2024-07-17,7.40,8.25,7.31,8.16,1787224,14055108.00
2024-07-18,8.40,8.85,7.91,7.96,2079580,17490908.00
2024-07-19,7.77,8.16,7.50,7.62,1324805,10291731.00
2024-07-22,7.55,7.58,7.30,7.38,573704,4248356.50
2024-07-23,7.30,7.43,7.10,7.14,432260,3142566.50
2024-07-24,7.15,7.20,6.88,6.89,437852,3067080.50
2024-07-25,6.97,7.13,6.87,7.04,410781,2872868.50
2024-07-26,7.04,7.14,6.93,7.10,285062,2008447.00
2024-07-29,7.20,7.22,7.00,7.10,253652,1793272.63
2024-07-30,7.08,7.20,6.97,7.15,225808,1603463.13
2024-07-31,7.13,7.32,7.05,7.25,258375,1867856.25
2024-08-01,7.44,7.44,7.22,7.26,319217,2330696.50
2024-08-02,7.35,7.35,7.08,7.12,221640,1595030.75
2024-08-05,6.93,7.11,6.72,6.85,415599,2874680.00
2024-08-06,6.75,6.97,6.75,6.89,216194,1483771.75
2024-08-07,6.88,6.89,6.80,6.83,113140,773449.13
2024-08-08,6.81,6.97,6.78,6.97,210030,1447936.00
2024-08-09,6.81,7.11,6.80,6.91,267118,1843134.00
2024-08-12,6.91,6.99,6.83,6.89,123905,853028.94
2024-08-13,6.79,6.91,6.76,6.91,78915,538617.06
2024-08-14,6.99,6.99,6.76,6.85,60572,415634.38
2024-08-15,6.82,6.98,6.82,6.88,184542,1272658.13
2024-08-16,6.88,6.96,6.82,6.90,106876,733130.56
2024-08-19,6.90,7.14,6.82,6.84,192257,1329619.00
2024-08-20,6.85,7.00,6.60,6.86,261808,1788639.63
2024-08-21,6.71,6.80,6.68,6.71,171594,1153805.13
2024-08-22,6.65,6.76,6.55,6.58,161667,1075343.50
2024-08-23,6.53,6.64,6.45,6.54,71691,468109.69
2024-08-26,6.80,6.80,6.64,6.64,114708,769801.75
2024-08-27,6.60,6.75,6.59,6.66,155950,1036387.94
2024-08-28,6.80,6.86,6.64,6.78,168270,1140008.13
2024-08-29,6.75,6.91,6.75,6.84,140790,963171.38
2024-08-30,6.78,7.06,6.78,6.94,319707,2225246.25
2024-09-02,6.86,6.99,6.80,6.83,235763,1621942.38
2024-09-03,6.84,6.93,6.76,6.83,124378,850223.44
2024-09-04,6.73,6.81,6.70,6.81,160146,1079838.63
2024-09-05,6.77,6.89,6.74,6.81,133301,905965.75
2024-09-06,6.81,6.81,6.66,6.66,454598,3045084.75
2024-09-09,6.68,6.71,6.56,6.63,144494,955068.56
2024-09-10,6.64,6.70,6.55,6.65,127801,844011.00
2024-09-11,6.74,6.74,6.57,6.65,67252,449132.69
2024-09-12,6.78,6.78,6.55,6.55,186598,1232926.50
2024-09-13,6.64,6.68,6.41,6.55,301263,1979628.25
2024-09-18,6.52,6.56,6.36,6.43,204336,1318481.13
2024-09-19,6.58,6.58,6.35,6.49,217578,1404001.88
2024-09-20,6.59,6.59,6.39,6.45,47625,307897.06
2024-09-23,6.44,6.53,6.36,6.38,121581,778666.50
2024-09-24,6.50,6.56,6.36,6.54,252145,1639317.75
2024-09-25,6.58,6.76,6.55,6.57,504872,3355413.50
2024-09-26,6.58,6.76,6.50,6.74,439379,2928648.75
2024-09-27,6.81,7.47,6.81,7.32,1264799,9138405.00
2024-09-30,7.66,8.90,7.66,8.73,2327909,19370632.00
2024-10-08,10.95,10.98,9.16,10.46,3579976,36374512.00
2024-10-09,9.61,10.26,8.85,9.14,1863572,17824040.00
2024-10-10,9.23,9.57,8.91,8.94,1325844,12202171.00
2024-10-11,8.76,8.92,8.02,8.36,1454378,12116819.00
2024-10-14,8.47,8.79,8.16,8.72,1080769,9188044.00
2024-10-15,8.67,8.95,8.41,8.47,956459,8295672.00
2024-10-16,8.55,8.82,8.02,8.60,902212,7693337.00
2024-10-17,8.80,9.48,8.70,9.01,2307387,21093792.00
2024-10-18,8.85,9.75,8.85,9.66,2514658,23683518.00
2024-10-21,10.15,11.60,9.83,11.60,5726529,61376812.00
2024-10-22,11.60,11.66,10.02,10.17,3851396,41060828.00
2024-10-23,10.19,10.99,10.05,10.64,2505042,26629448.00
2024-10-24,10.65,11.48,10.29,11.28,3215821,35465824.00
2024-10-25,11.58,12.29,10.94,10.94,5133079,59804756.00
2024-10-28,10.78,11.37,10.38,11.37,2693602,29505422.00
2024-10-29,11.51,12.48,11.17,12.30,5817270,69324264.00
2024-10-30,12.44,13.94,11.80,13.86,5312172,66995376.00
2024-10-31,13.61,13.98,12.40,12.68,4803094,62511220.00
2024-11-01,12.58,12.87,11.11,11.12,3060113,36592252.00
2024-11-04,11.14,12.28,11.14,12.17,2871676,34298284.00
2024-11-05,12.17,13.53,12.06,13.05,4913698,63626888.00
2024-11-06,13.38,16.96,13.30,16.96,12038843,189894976.00
2024-11-07,17.20,17.20,15.00,15.69,11005681,176917648.00
2024-11-08,15.38,15.88,14.82,14.85,5762105,88028496.00
2024-11-11,15.20,15.23,14.22,15.01,3085409,45667680.00
2024-11-12,15.30,15.88,14.47,14.79,3007367,45770088.00
2024-11-13,14.58,14.87,13.81,14.81,2773581,39651116.00
2024-11-14,14.85,15.13,14.45,14.45,1888984,27982970.00
2024-11-15,14.45,14.99,14.07,14.45,1973548,28836330.00
2024-11-18,14.39,15.08,14.11,14.81,2314344,34003244.00
2024-11-19,14.82,14.88,13.11,13.96,3307482,45847620.00
2024-11-20,13.99,14.51,13.64,14.40,2039184,28950174.00
2024-11-21,14.70,15.80,14.26,15.32,4447735,67210584.00
2024-11-22,15.13,15.58,14.56,14.75,2988548,45071280.00
2024-11-25,14.87,14.87,13.76,14.28,1859278,26393458.00
2024-11-26,14.45,14.50,13.66,13.75,1235471,17517958.00
2024-11-27,13.53,13.75,12.51,13.70,1657652,21888282.00
2024-11-28,13.85,14.25,13.51,13.60,1991801,27749286.00
2024-11-29,13.79,14.06,13.25,13.83,2047703,28161176.00
2024-12-02,14.05,15.79,13.83,15.70,4922346,73302904.00
2024-12-03,15.70,15.70,15.70,15.70,0,0.00
#数据来源:通达信
