836720 吉冈精密 日线 不复权
      日期	    开盘	    最高	    最低	    收盘	    成交量	    成交额
2020-03-31,6.05,6.16,6.05,6.16,600,3680.00
2020-04-02,6.21,6.21,6.21,6.21,200,1242.00
2020-04-03,6.20,6.20,6.20,6.20,100,620.00
2020-04-07,6.20,6.20,6.12,6.12,200,1232.00
2020-04-08,6.00,6.32,6.00,6.20,500,3116.00
2020-04-09,5.00,5.01,4.00,4.00,0,14.01
2020-04-13,5.28,5.28,5.28,5.28,0,15.84
2020-04-16,2.70,2.70,2.70,2.70,8100,21870.00
2020-04-17,2.70,2.70,2.70,2.70,10449800,19758314.00
2020-04-20,5.40,5.40,5.40,5.40,500000,950005.38
2020-04-21,6.88,6.88,6.88,6.88,7500,51627.52
2020-04-22,7.14,13.76,7.14,13.76,2100,18404.18
2020-04-23,9.40,9.51,9.40,9.50,4500,42714.00
2020-04-24,9.51,10.00,9.51,10.00,1400,13489.00
2020-04-28,7.50,7.50,7.50,7.50,400,3000.00
2020-05-08,5.16,5.16,5.16,5.16,430100,2236516.00
2020-05-21,10.18,10.18,10.18,10.18,200,2036.00
2020-05-28,10.00,10.00,10.00,10.00,100,1000.00
2020-06-19,11.79,11.79,11.79,11.79,300,3537.00
2020-07-01,11.00,11.00,11.00,11.00,300,3300.00
2020-07-07,11.10,11.10,11.10,11.10,200,2220.00
2020-08-03,11.10,11.10,11.10,11.10,300,3330.00
2020-08-17,11.30,11.30,11.30,11.30,100,1130.00
2020-09-01,11.00,11.00,11.00,11.00,200,2200.00
2020-09-03,11.00,11.00,10.99,10.99,200,2199.00
2020-09-07,10.70,10.70,10.70,10.70,100,1070.00
2021-01-08,6.51,6.51,6.51,6.51,100,651.00
2021-01-15,8.00,8.00,8.00,8.00,100,800.00
2021-03-15,12.88,12.88,12.88,12.88,200,2576.00
2021-03-16,14.38,14.40,11.14,14.40,1700,21267.60
2021-03-17,14.90,14.90,14.90,14.90,500,7464.90
2021-03-18,15.97,15.97,15.97,15.97,100,2155.95
2021-03-19,15.97,15.97,15.97,15.97,500,7969.03
2021-03-22,14.50,14.50,14.50,14.50,100,1450.00
2021-03-26,14.56,14.56,14.56,14.56,100,1456.00
2021-03-29,14.56,14.56,14.56,14.56,100,1456.00
2021-05-12,5.50,5.50,5.50,5.50,200,1320.00
2021-05-13,6.66,6.66,6.66,6.66,200,1332.00
2021-06-08,6.00,6.00,6.00,6.00,200,1440.00
2021-11-24,40.88,43.50,31.16,31.16,13877000,510772544.00
2021-11-25,31.60,31.68,28.78,29.00,5991300,179512576.00
2021-11-26,28.51,29.00,27.77,27.88,3018800,84934544.00
2021-11-29,27.33,29.40,27.32,27.50,2465100,69900408.00
2021-11-30,27.87,28.59,27.45,28.05,1767800,49452812.00
2021-12-01,28.00,28.03,26.50,26.59,2123100,57372344.00
2021-12-02,26.67,27.38,26.00,26.55,1065600,28475060.00
2021-12-03,26.55,27.02,25.40,25.56,1761200,45850664.00
2021-12-06,25.39,25.68,24.01,24.32,1539200,37861572.00
2021-12-07,24.41,25.25,24.24,24.60,815200,20121916.00
2021-12-08,24.60,24.90,24.35,24.63,559300,13773612.00
2021-12-09,25.11,25.11,24.07,24.29,828300,20167384.00
2021-12-10,24.32,24.50,23.66,24.25,905300,21786636.00
2021-12-13,24.35,24.90,23.95,24.71,915400,22363304.00
2021-12-14,24.60,25.97,24.55,25.31,1213800,30791840.00
2021-12-15,25.35,25.40,24.45,24.53,690300,17047850.00
2021-12-16,24.68,24.69,23.97,24.21,702800,16988224.00
2021-12-17,24.08,24.41,23.90,24.10,516100,12424691.00
2021-12-20,23.96,24.02,23.12,23.20,594700,13893895.00
2021-12-21,23.16,23.29,22.89,22.91,325800,7513031.50
2021-12-22,22.90,23.78,22.50,23.21,514600,11979798.00
2021-12-23,23.15,23.30,22.69,22.90,505400,11583657.00
2021-12-24,22.70,22.90,21.70,22.20,605200,13490582.00
2021-12-27,22.26,22.99,22.20,22.73,433700,9781204.00
2021-12-28,22.73,23.18,22.40,23.10,413700,9425570.00
2021-12-29,24.00,26.91,24.00,26.30,3154800,81192168.00
2021-12-30,25.49,27.69,25.49,26.84,2737700,73042424.00
2021-12-31,26.98,28.00,26.80,27.30,2726200,74632848.00
2022-01-04,27.20,27.48,25.65,25.90,1729200,45317260.00
2022-01-05,25.80,26.25,25.33,25.60,951100,24446352.00
2022-01-06,25.27,25.60,24.50,24.70,953500,23615748.00
2022-01-07,25.40,25.61,24.75,25.12,775200,19525266.00
2022-01-10,24.82,24.93,24.12,24.58,467805,11429180.00
2022-01-11,24.70,24.95,24.27,24.35,299746,7357665.00
2022-01-12,24.59,24.72,24.30,24.72,347095,8486141.00
2022-01-13,24.39,24.95,24.00,24.57,690433,16841516.00
2022-01-14,24.30,24.49,23.36,23.43,716975,17082362.00
2022-01-17,23.40,24.17,23.16,23.94,403603,9577695.00
2022-01-18,24.01,25.60,23.82,24.66,1120636,27783950.00
2022-01-19,25.00,25.00,24.00,24.52,684950,16636423.00
2022-01-20,24.10,25.85,24.10,25.24,1153904,28937374.00
2022-01-21,24.90,25.48,24.61,24.72,598492,14963876.00
2022-01-24,24.75,24.98,24.40,24.43,459990,11307363.00
2022-01-25,24.35,24.35,22.30,22.40,890469,20635094.00
2022-01-26,22.40,22.70,22.00,22.25,315300,6994543.50
2022-01-27,22.24,22.24,21.21,21.58,503098,10926303.00
2022-01-28,21.65,21.78,21.24,21.34,319552,6843576.50
2022-02-07,21.69,21.88,21.69,21.80,140204,3053671.50
2022-02-08,21.93,21.93,21.61,21.88,70258,1531659.63
2022-02-09,22.19,22.48,21.82,22.29,191708,4224020.50
2022-02-10,22.25,22.41,21.81,21.84,193652,4254344.00
2022-02-11,21.80,21.89,20.92,21.00,251755,5360418.50
2022-02-14,20.95,20.95,19.74,19.90,411703,8278349.00
2022-02-15,19.96,20.09,19.75,19.83,212106,4212350.50
2022-02-16,19.90,20.25,19.90,20.00,132027,2645513.50
2022-02-17,20.16,20.16,19.51,19.65,261300,5125752.50
2022-02-18,19.52,19.80,19.49,19.59,154573,3029303.50
2022-02-21,19.60,19.75,19.41,19.69,95421,1872129.63
2022-02-22,19.69,19.80,19.19,19.69,232797,4535004.50
2022-02-23,19.52,19.68,19.12,19.45,314994,6105391.00
2022-02-24,19.30,19.60,18.60,18.68,410692,7811446.50
2022-02-25,18.97,19.18,18.63,18.67,123853,2325392.75
2022-02-28,18.60,18.65,17.52,17.68,444868,7959960.00
2022-03-01,17.71,17.88,17.35,17.54,347138,6085641.00
2022-03-02,17.50,17.50,17.00,17.14,285353,4925643.50
2022-03-03,17.32,17.70,17.15,17.46,203237,3537102.50
2022-03-04,17.40,17.40,16.87,16.97,285551,4851435.00
2022-03-07,17.04,17.04,15.50,15.81,751395,12036289.00
2022-03-08,15.80,15.88,15.20,15.22,467061,7181961.00
2022-03-09,15.30,15.30,14.58,15.08,332080,4973523.00
2022-03-10,15.43,15.49,15.20,15.20,127683,1957712.25
2022-03-11,14.93,15.20,14.45,15.03,245618,3623802.25
2022-03-14,14.98,14.98,14.52,14.70,169419,2490583.25
2022-03-15,14.72,14.72,13.53,13.55,455310,6367941.00
2022-03-16,13.80,14.09,13.33,13.97,358485,4932387.00
2022-03-17,14.20,16.69,14.05,15.55,1349307,21133402.00
2022-03-18,15.67,15.91,15.10,15.38,733185,11332906.00
2022-03-21,15.25,15.25,14.93,15.07,275443,4133566.25
2022-03-22,14.99,15.25,14.81,15.12,106214,1594866.25
2022-03-23,15.18,15.28,14.90,14.93,106007,1601222.50
2022-03-24,14.82,14.99,14.31,14.47,335932,4864456.00
2022-03-25,14.35,14.53,13.96,13.96,210991,2996294.50
2022-03-28,13.80,13.80,13.60,13.63,236674,3239225.25
2022-03-29,13.70,15.56,13.70,14.43,445377,6612415.00
2022-03-30,14.50,14.50,14.03,14.41,272701,3885648.00
2022-03-31,14.38,14.38,13.58,14.04,252261,3525371.25
2022-04-01,13.95,15.04,13.92,14.64,353535,5166037.00
2022-04-06,14.64,14.64,14.37,14.57,355080,5143042.50
2022-04-07,14.71,14.89,14.55,14.68,229560,3363540.25
2022-04-08,14.43,14.69,14.40,14.60,157267,2287430.00
2022-04-11,14.67,14.67,14.02,14.11,213527,3042963.25
2022-04-12,14.01,14.17,13.82,14.17,111382,1557845.38
2022-04-13,14.13,14.13,13.73,13.96,99995,1392492.88
2022-04-14,13.85,14.07,13.82,13.85,125355,1746127.63
2022-04-15,13.77,14.01,13.66,13.68,211777,2918980.00
2022-04-18,13.71,13.77,13.50,13.72,90220,1228096.63
2022-04-19,13.87,13.88,13.64,13.73,44370,609155.81
2022-04-20,13.92,14.12,13.74,13.77,108960,1520201.88
2022-04-21,14.02,14.02,13.15,13.39,218435,2951024.50
2022-04-22,13.58,13.58,13.16,13.40,73267,974461.06
2022-04-25,13.40,13.40,12.01,12.16,202934,2544394.75
2022-04-26,12.50,12.50,11.60,11.81,288609,3431442.00
2022-04-27,11.63,12.42,11.51,12.30,245403,2929205.75
2022-04-28,12.13,12.23,11.66,11.67,149818,1784679.25
2022-04-29,12.01,12.58,11.88,12.55,366835,4489426.00
2022-05-05,12.54,12.97,12.43,12.86,291224,3745461.50
2022-05-06,12.66,12.83,12.44,12.62,99335,1252447.00
2022-05-09,12.68,12.88,12.37,12.68,112585,1427468.63
2022-05-10,12.68,12.89,12.50,12.80,118613,1508688.25
2022-05-11,12.88,13.79,12.86,13.54,404064,5423163.50
2022-05-12,13.53,14.04,13.49,13.96,267512,3684244.00
2022-05-13,13.96,15.11,13.96,14.76,620321,9166798.00
2022-05-16,14.78,15.10,14.56,14.69,229409,3398738.75
2022-05-17,14.60,14.75,14.10,14.16,166688,2369755.00
2022-05-18,14.15,14.28,14.09,14.19,55060,777441.50
2022-05-19,14.01,14.28,13.88,14.28,82515,1156859.75
2022-05-20,14.30,14.58,13.90,14.50,226334,3247859.25
2022-05-23,14.50,14.58,14.37,14.46,60126,866672.69
2022-05-24,14.59,14.67,14.01,14.11,84788,1212968.50
2022-05-25,14.38,14.38,13.93,14.24,44752,630751.81
2022-05-26,14.21,14.29,14.06,14.24,5322,75386.41
2022-05-27,14.27,14.27,13.66,13.90,139122,1936409.13
2022-05-30,14.18,14.18,13.68,13.89,59063,813070.00
2022-05-31,14.08,14.08,13.71,13.95,76676,1065361.75
2022-06-01,13.90,13.97,13.80,13.96,78966,1094473.38
2022-06-02,13.99,14.66,13.86,14.51,248297,3559398.75
2022-06-06,14.60,14.76,14.30,14.41,185752,2694362.25
2022-06-07,14.24,14.51,14.15,14.35,119310,1710871.00
2022-06-08,14.15,14.25,13.88,14.02,117172,1640620.25
2022-06-09,13.90,13.90,13.50,13.51,810996,10668294.00
2022-06-10,13.73,13.73,13.00,13.15,670381,8793474.00
2022-06-13,13.06,13.30,13.00,13.22,54214,715719.63
2022-06-14,13.07,13.27,12.98,13.25,120417,1575380.38
2022-06-15,13.34,13.76,13.34,13.55,263507,3555369.50
2022-06-16,13.55,13.55,13.21,13.33,99001,1321307.63
2022-06-17,13.34,13.35,13.15,13.35,67466,892864.00
2022-06-20,13.20,13.39,13.16,13.25,69403,915783.19
2022-06-21,13.17,13.35,13.17,13.28,72285,957582.44
2022-06-22,13.19,13.28,13.18,13.28,28228,373443.16
2022-06-23,13.13,13.46,13.13,13.43,54824,733245.00
2022-06-24,13.50,13.90,13.45,13.80,263481,3623140.25
2022-06-27,13.88,15.90,13.88,14.95,1303074,19629834.00
2022-06-28,14.82,15.70,14.50,15.58,912169,13842104.00
2022-06-29,15.02,15.29,14.41,14.41,602982,8898575.00
2022-06-30,14.67,14.68,14.36,14.58,302978,4394575.00
2022-07-01,14.59,14.76,14.00,14.49,286113,4099452.25
2022-07-04,14.40,14.40,14.10,14.22,167972,2380137.50
2022-07-05,14.12,14.29,14.00,14.12,94620,1336127.25
2022-07-06,14.12,14.20,14.01,14.10,60359,849230.94
2022-07-07,14.09,14.20,14.03,14.18,82626,1166551.38
2022-07-08,14.27,14.27,14.05,14.13,67008,945473.69
2022-07-11,14.03,14.14,13.92,14.08,65191,910651.38
2022-07-12,14.09,14.09,13.81,14.06,82680,1147984.38
2022-07-13,13.77,13.97,13.76,13.92,53641,741150.81
2022-07-14,13.73,14.12,13.73,14.12,62387,875592.06
2022-07-15,14.10,14.10,13.88,14.03,34679,484418.56
2022-07-18,13.96,14.05,13.88,14.03,58608,819722.31
2022-07-19,14.06,14.08,13.98,14.07,38821,543924.13
2022-07-20,14.00,14.14,14.00,14.11,35670,502159.41
2022-07-21,14.02,14.08,13.93,13.96,41160,575925.50
2022-07-22,13.86,14.03,13.86,13.99,30185,420087.84
2022-07-25,13.99,14.00,13.87,13.87,67720,941099.44
2022-07-26,13.86,14.12,13.83,14.11,55878,782186.50
2022-07-27,14.01,14.35,14.01,14.22,103825,1474983.25
2022-07-28,14.25,14.32,14.14,14.22,48771,693393.13
2022-07-29,14.29,14.38,14.09,14.23,81419,1161250.00
2022-08-01,14.22,14.30,14.09,14.29,159082,2264080.00
2022-08-02,14.28,14.28,13.70,13.81,148482,2064243.75
2022-08-03,13.83,13.93,13.70,13.75,46011,637557.63
2022-08-04,13.71,13.89,13.71,13.85,18963,262329.28
2022-08-05,13.86,14.06,13.78,14.03,85319,1187551.63
2022-08-08,13.94,14.04,13.80,13.92,52722,733115.50
2022-08-09,13.98,13.99,13.85,13.94,17777,247137.69
2022-08-10,13.84,13.97,13.74,13.95,64434,891486.06
2022-08-11,13.98,14.27,13.82,14.25,246373,3468731.00
2022-08-12,14.23,14.28,14.07,14.21,124725,1769792.38
2022-08-15,14.25,14.25,14.18,14.24,69938,994154.94
2022-08-16,14.29,14.29,14.21,14.22,96365,1371869.13
2022-08-17,14.28,14.39,14.25,14.36,90791,1299455.88
2022-08-18,14.38,14.38,14.08,14.08,150208,2135483.75
2022-08-19,14.06,14.11,13.92,14.05,87574,1223692.88
2022-08-22,13.91,14.09,13.88,14.00,72641,1013778.25
2022-08-23,13.97,14.10,13.93,14.08,62191,873597.88
2022-08-24,13.95,13.95,13.55,13.60,166061,2283846.00
2022-08-25,13.60,13.80,13.50,13.54,59144,802179.44
2022-08-26,13.54,13.70,13.43,13.63,102173,1381667.00
2022-08-29,13.63,13.65,13.44,13.65,44061,598510.19
2022-08-30,13.67,13.67,13.30,13.47,60391,809344.75
2022-08-31,13.49,13.49,13.09,13.22,108492,1434275.25
2022-09-01,13.12,13.26,13.12,13.23,26967,355747.41
2022-09-02,13.23,13.30,13.12,13.24,53307,702078.38
2022-09-05,13.59,13.59,13.17,13.21,56797,755004.94
2022-09-06,13.25,13.29,13.13,13.15,71365,941637.00
2022-09-07,13.13,13.24,13.12,13.15,45000,592410.00
2022-09-08,13.16,13.22,13.01,13.01,72795,955060.38
2022-09-09,12.97,12.97,12.10,12.32,333862,4160346.00
2022-09-13,12.45,12.45,12.15,12.20,71058,868426.44
2022-09-14,12.01,12.14,11.89,12.04,76220,913738.50
2022-09-15,11.91,11.95,11.60,11.76,90807,1064643.63
2022-09-16,11.76,12.40,11.76,11.99,155155,1881627.25
2022-09-19,11.99,12.18,11.69,11.76,164906,1957245.63
2022-09-20,11.80,12.25,11.62,12.15,202537,2412375.75
2022-09-21,12.00,12.96,11.92,12.68,536061,6791623.00
2022-09-22,12.60,12.92,12.36,12.36,392839,4971997.50
2022-09-23,12.31,12.35,11.68,11.76,278094,3300087.75
2022-09-26,11.80,11.80,11.46,11.50,80830,936634.44
2022-09-27,11.42,11.59,11.31,11.55,50342,575205.38
2022-09-28,11.53,11.53,11.29,11.38,29439,335112.16
2022-09-29,11.54,11.54,10.78,10.89,198619,2176368.00
2022-09-30,10.85,10.89,10.73,10.88,81564,879853.69
2022-10-10,10.80,10.86,10.70,10.76,62912,678274.50
2022-10-11,10.61,10.89,10.61,10.86,21159,228457.34
2022-10-12,10.85,10.86,10.62,10.86,66014,709863.06
2022-10-13,10.92,10.92,10.77,10.77,55487,600146.31
2022-10-14,10.85,11.00,10.83,10.99,91937,1005130.25
2022-10-17,10.91,11.14,10.81,11.00,126929,1387475.75
2022-10-18,11.00,11.44,10.98,11.18,136006,1524883.38
2022-10-19,11.25,11.25,11.00,11.00,107932,1195225.75
2022-10-20,11.00,11.14,10.92,10.95,119164,1307325.25
2022-10-21,11.01,11.01,10.73,10.88,77299,841315.44
2022-10-24,10.87,10.93,10.65,10.78,113936,1225506.88
2022-10-25,10.74,10.80,10.71,10.79,46970,504905.06
2022-10-26,10.82,10.90,10.81,10.88,62999,684405.38
2022-10-27,10.88,10.88,10.77,10.83,26767,290171.50
2022-10-28,10.85,11.22,10.73,10.87,75902,821213.06
2022-10-31,10.77,10.89,10.71,10.87,57301,618678.69
2022-11-01,10.89,11.10,10.81,11.05,150986,1664798.63
2022-11-02,11.10,11.27,11.07,11.20,247783,2768094.00
2022-11-03,11.17,11.28,11.15,11.16,104196,1165696.88
2022-11-04,11.16,11.38,11.16,11.37,269238,3047444.25
2022-11-07,11.50,11.95,11.48,11.71,242532,2849935.00
2022-11-08,11.71,11.75,11.57,11.71,145237,1692334.13
2022-11-09,11.68,11.84,11.60,11.68,110786,1298762.00
2022-11-10,11.64,11.69,11.51,11.65,68460,793383.00
2022-11-11,11.75,11.83,11.61,11.70,127398,1486623.00
2022-11-14,11.80,11.84,11.69,11.79,111092,1307045.75
2022-11-15,11.81,11.81,11.62,11.79,70548,827881.31
2022-11-16,11.73,11.86,11.72,11.79,95606,1128520.75
2022-11-17,11.75,11.83,11.74,11.80,66601,783928.94
2022-11-18,11.80,11.84,11.73,11.80,148372,1829242.50
2022-11-21,12.06,12.10,11.92,11.97,173817,2089873.25
2022-11-22,12.04,12.04,11.78,11.80,129494,1539344.13
2022-11-23,11.82,11.82,11.56,11.75,114008,1330002.13
2022-11-24,11.78,11.79,11.60,11.72,170957,1991924.00
2022-11-25,11.69,11.69,11.48,11.49,120019,1386305.63
2022-11-28,11.67,11.67,11.50,11.63,84645,983506.06
2022-11-29,11.56,11.88,11.56,11.83,77840,919361.88
2022-11-30,11.76,11.88,11.76,11.84,86518,1022928.00
2022-12-01,11.95,12.26,11.94,12.04,214658,2599893.25
2022-12-02,12.05,12.09,11.94,12.07,92643,1113163.25
2022-12-05,12.12,12.13,11.97,11.97,75585,908094.88
2022-12-06,12.00,12.03,11.81,11.90,106431,1267094.75
2022-12-07,11.90,11.90,11.78,11.82,118440,1400456.63
2022-12-08,11.83,11.83,11.71,11.79,79568,934647.44
2022-12-09,11.66,11.80,11.66,11.73,131242,1535802.38
2022-12-12,11.76,11.76,11.41,11.54,203122,2341794.00
2022-12-13,11.58,11.59,11.42,11.50,93149,1068319.63
2022-12-14,11.44,11.54,11.40,11.46,126126,1442569.00
2022-12-15,11.45,11.54,11.44,11.50,50022,573977.75
2022-12-16,11.59,11.59,11.40,11.57,97681,1127739.88
2022-12-19,11.40,11.57,11.38,11.38,51006,584196.50
2022-12-20,11.47,11.48,11.34,11.46,74810,852820.38
2022-12-21,11.45,11.46,11.20,11.35,246897,2706703.75
2022-12-22,11.18,11.35,11.00,11.23,59254,661322.63
2022-12-23,10.93,11.17,10.87,10.98,67747,741621.94
2022-12-26,10.89,11.16,10.88,11.13,38592,426614.91
2022-12-27,11.18,11.33,11.06,11.14,27543,306412.00
2022-12-28,11.07,11.65,11.07,11.56,271435,3117983.00
2022-12-29,11.45,11.79,11.44,11.66,190283,2230082.75
2022-12-30,11.75,11.82,11.65,11.77,133414,1571099.75
2023-01-03,11.60,11.78,11.60,11.74,39836,465210.47
2023-01-04,11.77,11.82,11.66,11.80,33159,390759.66
2023-01-05,11.67,11.75,11.50,11.73,75455,877876.88
2023-01-06,11.75,11.81,11.59,11.76,40330,474370.03
2023-01-09,11.79,11.80,11.61,11.78,60146,705478.63
2023-01-10,11.78,11.78,11.68,11.76,28045,329132.16
2023-01-11,11.79,11.79,11.60,11.72,26003,303683.06
2023-01-12,11.75,11.75,11.58,11.68,26072,303301.38
2023-01-13,11.58,11.66,11.55,11.60,39033,451437.63
2023-01-16,11.67,11.67,11.51,11.59,45352,524784.13
2023-01-17,11.64,11.65,11.58,11.65,77990,905775.25
2023-01-18,11.64,11.71,11.58,11.68,42325,493913.28
2023-01-19,11.69,11.69,11.61,11.69,71237,831220.31
2023-01-20,11.68,11.90,11.68,11.84,103932,1226948.88
2023-01-30,11.89,11.98,11.86,11.98,93604,1116877.25
2023-01-31,11.96,12.69,11.89,12.61,577112,7186965.50
2023-02-01,12.73,12.78,12.35,12.61,327101,4111077.25
2023-02-02,12.51,12.64,12.20,12.31,175067,2161883.25
2023-02-03,12.37,12.38,12.14,12.24,130638,1601262.38
2023-02-06,12.16,12.29,11.89,11.94,175226,2098887.25
2023-02-07,12.00,12.04,11.91,11.96,59406,709826.38
2023-02-08,12.02,12.02,11.85,11.92,86884,1035509.25
2023-02-09,11.82,12.05,11.80,12.05,101355,1215054.38
2023-02-10,11.93,12.10,11.92,11.98,28380,340289.81
2023-02-13,12.14,12.44,12.02,12.34,154134,1884392.75
2023-02-14,12.27,12.44,12.24,12.33,49610,610180.50
2023-02-15,12.27,12.30,12.14,12.23,43675,532928.38
2023-02-16,12.33,12.35,12.06,12.18,81137,993069.44
2023-02-17,12.28,12.29,12.00,12.07,97088,1169853.75
2023-02-20,12.15,12.55,12.14,12.51,204638,2541534.75
2023-02-21,12.37,12.79,12.36,12.58,167334,2108205.25
2023-02-22,12.42,12.46,12.36,12.42,110840,1376507.50
2023-02-23,12.42,12.44,12.25,12.33,53869,663565.69
2023-02-24,12.45,12.54,12.27,12.50,97733,1214498.38
2023-02-27,12.50,12.52,12.30,12.36,98324,1213494.50
2023-02-28,12.47,12.47,12.28,12.36,41761,514043.59
2023-03-01,12.28,12.48,12.26,12.42,127930,1580738.25
2023-03-02,12.53,12.53,12.37,12.45,138517,1724683.13
2023-03-03,12.40,12.42,12.33,12.38,45649,564770.56
2023-03-06,12.46,12.46,12.22,12.30,135748,1666223.50
2023-03-07,12.31,12.77,12.30,12.55,427950,5354666.00
2023-03-08,12.39,12.68,12.35,12.55,120458,1508697.13
2023-03-09,12.53,12.53,12.28,12.39,145084,1789217.63
2023-03-10,12.41,12.43,12.30,12.37,105563,1303501.50
2023-03-13,12.35,12.35,12.25,12.31,96541,1186825.75
2023-03-14,12.28,12.28,12.16,12.23,81378,995316.38
2023-03-15,12.23,12.33,12.21,12.30,59285,726483.94
2023-03-16,12.25,12.35,12.22,12.32,85571,1049739.88
2023-03-17,12.31,12.53,12.20,12.40,813448,10007581.00
2023-03-20,12.40,12.66,12.40,12.55,154018,1931878.50
2023-03-21,12.50,12.58,12.44,12.58,50571,632087.94
2023-03-22,12.51,12.69,12.51,12.63,80349,1014492.50
2023-03-23,12.65,13.08,12.53,13.01,424685,5423078.00
2023-03-24,13.10,13.14,12.66,12.71,476340,6104388.50
2023-03-27,12.73,12.82,12.70,12.80,199156,2540598.50
2023-03-28,12.71,12.82,12.58,12.60,128169,1625422.25
2023-03-29,12.55,12.65,12.51,12.55,188676,2370034.00
2023-03-30,12.59,12.73,12.50,12.61,261955,3313781.50
2023-03-31,12.59,12.59,12.46,12.54,151978,1901626.38
2023-04-03,12.54,12.58,12.48,12.57,119169,1492887.38
2023-04-04,12.58,12.72,12.50,12.65,118654,1500903.50
2023-04-06,12.65,12.72,12.61,12.65,102067,1291787.13
2023-04-07,12.65,12.67,12.51,12.66,119247,1504139.00
2023-04-10,12.65,12.65,12.48,12.53,192685,2417950.50
2023-04-11,12.42,12.54,12.42,12.50,41761,522253.63
2023-04-12,12.48,12.64,12.47,12.49,203149,2551792.75
2023-04-13,12.44,12.58,12.44,12.51,182316,2278872.25
2023-04-14,12.53,12.53,12.34,12.43,130124,1616010.38
2023-04-17,12.35,12.39,12.19,12.20,250256,3074948.00
2023-04-18,12.30,12.30,12.15,12.23,118621,1446962.25
2023-04-19,12.20,12.29,12.18,12.19,79626,974378.63
2023-04-20,12.12,12.28,12.12,12.23,133732,1627382.25
2023-04-21,12.15,12.22,12.12,12.21,123508,1503314.00
2023-04-24,12.16,12.48,12.16,12.37,177950,2190078.25
2023-04-25,12.44,12.50,12.06,12.18,156090,1918419.38
2023-04-26,12.29,12.35,12.20,12.30,107777,1324171.38
2023-04-27,12.24,12.25,11.97,12.05,163545,1974523.63
2023-04-28,11.80,11.80,11.52,11.77,350002,4078224.50
2023-05-04,11.72,11.82,11.61,11.81,140561,1649277.50
2023-05-05,11.80,12.59,11.78,12.29,232671,2806239.50
2023-05-08,12.28,12.57,12.18,12.45,175998,2185343.25
2023-05-09,12.54,12.63,12.29,12.29,172938,2157072.75
2023-05-10,12.23,12.50,12.10,12.36,149075,1830989.63
2023-05-11,12.37,12.46,12.36,12.45,115398,1433486.50
2023-05-12,12.39,12.50,12.35,12.45,112302,1395084.00
2023-05-15,12.48,12.68,12.40,12.60,298318,3743470.00
2023-05-16,6.19,6.19,6.00,6.09,294832,1795541.63
2023-05-17,6.13,6.32,6.10,6.19,635668,3958738.25
2023-05-18,6.14,6.16,6.05,6.13,252399,1537702.00
2023-05-19,6.08,6.16,6.05,6.10,160100,974490.63
2023-05-22,6.07,6.18,6.07,6.17,203103,1249953.25
2023-05-23,6.16,6.16,6.08,6.10,190837,1166204.00
2023-05-24,6.16,6.18,6.11,6.17,177258,1089410.38
2023-05-25,6.19,6.19,6.10,6.14,223729,1371408.75
2023-05-26,6.14,6.19,6.11,6.18,85775,527083.31
2023-05-29,6.12,6.19,6.09,6.17,174758,1072289.13
2023-05-30,6.12,6.18,6.11,6.18,152594,939449.88
2023-05-31,6.13,6.19,6.11,6.12,157737,967886.50
2023-06-01,6.12,6.15,6.08,6.13,191806,1171437.63
2023-06-02,6.13,6.13,6.09,6.11,109769,669768.81
2023-06-05,6.10,6.11,6.06,6.06,129123,785341.56
2023-06-06,6.05,6.05,5.97,5.99,282817,1694715.50
2023-06-07,5.99,6.00,5.85,5.90,199825,1183458.88
2023-06-08,5.89,5.89,5.72,5.77,373135,2156660.00
2023-06-09,5.78,5.80,5.66,5.76,185323,1058504.13
2023-06-12,5.70,5.84,5.69,5.69,149077,854740.81
2023-06-13,5.73,5.84,5.67,5.70,225386,1287172.88
2023-06-14,5.68,5.73,5.66,5.66,138088,785636.81
2023-06-15,5.63,5.72,5.63,5.72,135875,769471.38
2023-06-16,5.77,5.82,5.72,5.75,112282,645685.44
2023-06-19,5.71,5.78,5.71,5.76,86487,497317.22
2023-06-20,5.71,5.80,5.71,5.73,83457,478585.63
2023-06-21,5.80,6.02,5.70,5.91,259497,1515547.75
2023-06-26,5.85,5.86,5.70,5.75,132999,770115.44
2023-06-27,5.79,5.80,5.75,5.79,36684,211966.47
2023-06-28,5.74,5.85,5.74,5.82,84487,490056.13
2023-06-29,5.83,6.31,5.81,6.05,967275,5898063.50
2023-06-30,6.05,6.08,5.88,5.99,290595,1734177.25
2023-07-03,6.02,6.02,5.90,5.98,212139,1264732.63
2023-07-04,6.01,6.58,5.95,6.34,2233808,14145552.00
2023-07-05,6.36,6.48,6.16,6.24,1038104,6525275.50
2023-07-06,6.26,6.27,6.03,6.07,491186,3001804.25
2023-07-07,6.05,6.28,6.00,6.21,879403,5429226.00
2023-07-10,6.11,6.13,6.00,6.05,509641,3077632.75
2023-07-11,6.05,6.06,5.91,5.97,397323,2364131.75
2023-07-12,5.98,6.01,5.91,5.95,247467,1478202.13
2023-07-13,6.00,6.15,5.97,6.02,243768,1466129.00
2023-07-14,6.04,6.18,5.96,6.09,335303,2029772.50
2023-07-17,6.05,6.07,5.98,6.02,63636,382133.00
2023-07-18,6.04,6.04,5.97,6.00,67550,404120.81
2023-07-19,5.94,5.96,5.86,5.96,285464,1686504.50
2023-07-20,5.91,5.93,5.83,5.83,143339,840654.81
2023-07-21,5.81,5.89,5.81,5.83,115073,671337.31
2023-07-24,5.80,5.88,5.80,5.88,50722,295772.66
2023-07-25,5.78,5.92,5.78,5.88,429000,2494237.50
2023-07-26,5.85,5.88,5.83,5.87,120575,705288.94
2023-07-27,5.85,5.89,5.82,5.86,77126,451196.31
2023-07-28,5.82,5.89,5.80,5.89,84769,495872.66
2023-07-31,5.90,5.90,5.79,5.85,736606,4283610.00
2023-08-01,5.83,5.87,5.79,5.80,198782,1155410.25
2023-08-02,5.82,5.83,5.70,5.76,318619,1827741.00
2023-08-03,5.76,5.80,5.74,5.78,37446,215886.27
2023-08-04,5.77,5.83,5.76,5.80,89844,522220.63
2023-08-07,5.76,5.80,5.70,5.74,113390,649355.94
2023-08-08,5.73,5.77,5.65,5.76,240029,1371344.50
2023-08-09,5.70,5.75,5.66,5.74,134853,766891.44
2023-08-10,5.68,5.74,5.66,5.73,161300,915635.00
2023-08-11,5.69,5.75,5.68,5.75,75417,430583.84
2023-08-14,5.79,5.79,5.65,5.71,49262,279882.38
2023-08-15,5.67,5.71,5.66,5.68,27847,157890.09
2023-08-16,5.69,5.70,5.65,5.68,152230,862162.94
2023-08-17,5.65,5.69,5.63,5.68,35619,201519.19
2023-08-18,5.68,5.70,5.61,5.64,50690,286788.97
2023-08-21,5.60,5.64,5.55,5.59,84402,472439.13
2023-08-22,5.59,5.59,5.28,5.28,761215,4072139.25
2023-08-23,5.28,5.28,5.18,5.23,281639,1468840.25
2023-08-24,5.21,5.26,5.13,5.16,202402,1052467.38
2023-08-25,5.19,5.19,4.99,5.05,165185,835547.88
2023-08-28,5.37,5.37,4.96,4.96,135107,695017.25
2023-08-29,4.91,5.09,4.90,5.02,288955,1432136.75
2023-08-30,5.00,5.20,4.91,5.07,167047,846838.56
2023-08-31,5.04,5.16,5.04,5.11,74147,377863.44
2023-09-01,5.17,5.40,5.10,5.23,236972,1239144.25
2023-09-04,5.46,5.63,5.36,5.55,610865,3374472.00
2023-09-05,5.60,5.75,5.50,5.53,644173,3644935.75
2023-09-06,5.47,5.68,5.30,5.40,310759,1691523.25
2023-09-07,5.46,5.49,5.25,5.28,178835,952083.69
2023-09-08,5.28,5.30,5.23,5.27,126312,663689.75
2023-09-11,5.27,5.28,5.21,5.26,102883,538631.94
2023-09-12,5.29,5.29,5.18,5.25,56087,292760.44
2023-09-13,5.21,5.22,5.00,5.08,290415,1474832.25
2023-09-14,5.05,5.07,5.03,5.04,72272,364830.06
2023-09-15,5.04,5.08,5.03,5.04,101293,511097.84
2023-09-18,5.04,5.39,5.04,5.24,325022,1703180.88
2023-09-19,5.15,5.19,5.10,5.15,185221,952533.88
2023-09-20,5.13,5.15,5.11,5.12,43754,224106.33
2023-09-21,5.11,5.12,5.03,5.05,87197,441761.94
2023-09-22,5.05,5.14,5.02,5.13,129459,657307.75
2023-09-25,5.13,5.13,5.02,5.10,58607,296396.41
2023-09-26,5.03,5.06,5.03,5.06,36617,184701.69
2023-09-27,5.06,5.09,5.01,5.02,52018,262204.78
2023-09-28,5.03,5.14,5.02,5.14,92883,470860.41
2023-10-09,5.15,6.03,5.08,5.97,4303079,24847002.00
2023-10-10,5.80,5.94,5.50,5.55,2602629,14689564.00
2023-10-11,5.50,5.57,5.24,5.31,2098025,11124231.00
2023-10-12,5.25,5.51,5.25,5.30,1404550,7610772.00
2023-10-13,5.35,5.36,5.24,5.32,796015,4210351.00
2023-10-16,5.28,5.55,5.25,5.42,921385,4973346.00
2023-10-17,5.37,5.45,5.19,5.21,597969,3158924.75
2023-10-18,5.21,5.28,5.15,5.24,466326,2431384.00
2023-10-19,5.20,5.20,5.05,5.05,478490,2454211.50
2023-10-20,5.05,5.11,5.01,5.03,273552,1380593.25
2023-10-23,5.01,5.02,4.65,4.69,951268,4575702.50
2023-10-24,4.75,4.79,4.62,4.64,489082,2282467.75
2023-10-25,4.65,4.76,4.64,4.72,493454,2314041.50
2023-10-26,4.67,4.79,4.66,4.79,249048,1179635.25
2023-10-27,4.81,4.98,4.68,4.95,514522,2502852.00
2023-10-30,4.93,4.98,4.83,4.86,557059,2715450.25
2023-10-31,4.84,4.97,4.81,4.85,255784,1245548.00
2023-11-01,4.83,4.88,4.73,4.78,314505,1497182.00
2023-11-02,4.76,4.81,4.73,4.77,71757,342432.44
2023-11-03,4.76,4.89,4.75,4.80,312707,1504947.25
2023-11-06,4.80,5.29,4.79,5.07,1286083,6571735.50
2023-11-07,5.05,5.25,5.01,5.16,897612,4629084.50
2023-11-08,5.12,5.36,5.06,5.29,1018167,5337325.00
2023-11-09,5.28,5.29,5.12,5.17,717131,3717097.75
2023-11-10,5.21,5.23,5.09,5.13,469982,2423561.75
2023-11-13,5.12,5.25,5.11,5.18,414086,2150022.75
2023-11-14,5.15,5.22,5.14,5.21,229786,1192848.13
2023-11-15,5.24,5.37,5.24,5.32,589711,3139347.25
2023-11-16,5.45,5.75,5.39,5.39,2786320,15540631.00
2023-11-17,5.24,5.37,5.12,5.30,1990673,10391706.00
2023-11-20,5.30,5.55,5.21,5.53,2016775,10982226.00
2023-11-21,5.55,6.59,5.54,6.12,8124185,49899172.00
2023-11-22,6.17,7.95,6.11,7.95,15961806,115494384.00
2023-11-23,8.00,10.23,7.54,9.42,22712262,204383376.00
2023-11-24,8.80,10.88,8.00,9.79,19943160,191028032.00
2023-11-27,9.68,11.60,9.68,10.96,20437804,216956608.00
2023-11-28,10.59,14.23,10.10,12.65,22086490,275205056.00
2023-11-29,14.00,14.88,11.58,12.17,21563397,290671360.00
2023-11-30,11.00,11.93,10.16,10.30,15356047,167745216.00
2023-12-01,10.10,10.63,9.19,9.30,12853300,125711144.00
2023-12-04,9.15,9.60,8.68,9.30,9586705,87232344.00
2023-12-05,9.15,11.98,9.10,11.88,18862370,197699520.00
2023-12-06,11.20,12.34,10.74,10.86,13206190,149904736.00
2023-12-07,10.62,11.99,10.55,11.45,11743001,135171600.00
2023-12-08,11.37,11.63,11.00,11.24,8565864,96717280.00
2023-12-11,11.30,11.50,10.00,10.50,6919769,74170408.00
2023-12-12,10.35,11.32,10.22,11.17,8790629,96522848.00
2023-12-13,11.25,12.10,10.88,11.59,11614719,134411072.00
2023-12-14,11.38,12.65,11.21,11.81,13510364,161286528.00
2023-12-15,11.96,12.15,11.55,11.75,8583696,101574208.00
2023-12-18,11.88,13.89,11.72,13.45,16016871,205352800.00
2023-12-19,13.13,13.99,12.55,13.72,12964838,171856912.00
2023-12-20,13.53,15.72,13.30,14.62,16078449,234838880.00
2023-12-21,14.47,15.27,11.80,12.19,15729304,216012288.00
2023-12-22,11.88,14.18,11.82,14.04,14006611,181549120.00
2023-12-25,14.59,18.22,14.52,18.21,22212691,372263936.00
2023-12-26,17.50,18.23,16.18,17.70,19381444,337512832.00
2023-12-27,17.47,17.65,16.20,16.22,11985192,201250896.00
2023-12-28,16.00,16.89,15.30,15.67,12688215,203669184.00
2023-12-29,15.70,16.50,15.07,16.29,11964489,188785440.00
2024-01-02,16.35,16.35,15.60,16.19,10166184,162872000.00
2024-01-03,16.00,16.00,14.95,15.38,8388134,130020320.00
2024-01-04,15.38,16.16,15.38,15.50,7179360,113482232.00
2024-01-05,15.59,15.66,14.23,14.45,8139821,119956568.00
2024-01-08,14.48,14.60,13.10,13.10,6383808,88184336.00
2024-01-09,13.28,14.25,13.00,13.79,8490910,116215456.00
2024-01-10,13.57,13.97,13.13,13.60,4584971,62053272.00
2024-01-11,13.60,13.78,13.17,13.34,4577167,61463800.00
2024-01-12,13.50,13.93,11.36,11.88,9153668,118086704.00
2024-01-15,11.88,11.95,10.53,10.70,7302163,80899352.00
2024-01-16,10.43,12.92,10.30,12.71,11730158,137140944.00
2024-01-17,12.50,13.14,12.16,12.27,8504563,108683656.00
2024-01-18,12.10,12.75,11.62,12.66,7210414,88773744.00
2024-01-19,12.63,13.70,12.49,13.20,9477055,125321640.00
2024-01-22,13.15,13.58,12.13,12.72,7071076,92351552.00
2024-01-23,12.86,12.98,12.14,12.68,5337623,67183728.00
2024-01-24,12.66,12.85,11.89,12.17,5039178,61578816.00
2024-01-25,12.16,12.44,11.20,11.66,6255495,74225984.00
2024-01-26,11.49,12.50,11.30,11.94,6495763,78554344.00
2024-01-29,11.92,12.42,11.33,11.61,5320989,63240764.00
2024-01-30,11.57,11.80,10.60,10.96,5141831,56926732.00
2024-01-31,11.24,12.53,10.90,12.28,9377699,110410424.00
2024-02-01,12.00,12.10,11.32,11.32,6337996,74616112.00
2024-02-02,11.80,12.24,10.61,11.68,7579534,88276816.00
2024-02-05,11.89,12.25,10.70,11.54,7540927,87590576.00
2024-02-06,11.00,12.43,10.82,12.40,8010605,94955456.00
2024-02-07,13.10,14.88,12.41,12.41,13975026,188303200.00
2024-02-08,11.98,12.25,10.00,11.18,8747860,98722408.00
2024-02-19,11.26,11.64,10.75,11.39,6078296,68245488.00
2024-02-20,11.59,11.89,11.11,11.79,6565320,76138816.00
2024-02-21,11.60,12.55,11.25,11.98,7675130,93502800.00
2024-02-22,11.64,12.20,11.52,11.95,5501479,65022420.00
2024-02-23,12.35,12.35,11.49,11.95,6412228,76161928.00
2024-02-26,12.05,12.55,12.02,12.39,8021397,98795232.00
2024-02-27,12.16,13.52,11.96,13.22,10294323,132942256.00
2024-02-28,13.00,13.58,12.50,12.50,9684149,125902368.00
2024-02-29,12.32,12.87,12.28,12.75,6770358,85054040.00
2024-03-01,13.00,13.56,12.56,13.07,8892634,116576152.00
2024-03-04,12.94,13.17,12.30,12.36,5690570,71826016.00
2024-03-05,12.32,12.32,11.63,11.66,4918650,58178920.00
2024-03-06,11.74,12.46,11.50,11.97,4437602,53129792.00
2024-03-07,12.02,12.09,11.20,11.25,4186019,48219372.00
2024-03-08,11.20,11.33,10.88,10.95,3172732,35098100.00
2024-03-11,10.91,11.19,10.84,11.04,2132715,23536284.00
2024-03-12,11.00,11.45,10.89,11.22,2997260,33676860.00
2024-03-13,11.05,11.40,10.79,10.90,2950992,32884462.00
2024-03-14,10.91,11.09,10.39,10.57,3937872,41975008.00
2024-03-15,10.43,11.34,10.43,11.20,6444502,71159776.00
2024-03-18,11.09,11.27,10.89,11.06,3887593,42882140.00
2024-03-19,11.18,11.18,10.80,10.84,2943137,32139118.00
2024-03-20,10.87,11.06,10.80,10.87,2247891,24598208.00
2024-03-21,10.96,10.96,10.55,10.58,2655548,28333264.00
2024-03-22,10.51,10.74,10.24,10.35,1951832,20437552.00
2024-03-25,10.30,10.53,10.01,10.09,1408325,14500010.00
2024-03-26,10.19,10.37,9.84,9.92,2240845,22393110.00
2024-03-27,9.95,10.66,9.79,10.37,5355430,55786448.00
2024-03-28,10.42,10.54,10.01,10.31,2709522,27776724.00
2024-03-29,10.34,10.88,10.18,10.26,2960459,31115752.00
2024-04-01,10.38,10.38,10.03,10.10,2588231,26159924.00
2024-04-02,10.09,10.14,9.72,9.75,2781434,27387550.00
2024-04-03,9.75,9.77,9.22,9.29,2665866,25031154.00
2024-04-08,9.30,9.30,8.52,8.54,3424626,30084570.00
2024-04-09,8.65,8.78,8.57,8.60,1602730,13873119.00
2024-04-10,8.65,9.61,8.56,9.25,6089402,56315700.00
2024-04-11,9.20,9.20,8.88,8.90,2617812,23501284.00
2024-04-12,9.00,9.03,8.58,8.66,2227802,19516016.00
2024-04-15,8.66,8.78,8.13,8.39,2072758,17384776.00
2024-04-16,8.43,8.43,7.47,7.65,2671502,20724972.00
2024-04-17,7.85,8.33,7.79,8.32,3402868,27687314.00
2024-04-18,8.38,8.80,8.20,8.46,3760176,32204672.00
2024-04-19,8.25,8.46,8.00,8.00,2182500,17780350.00
2024-04-22,8.10,8.20,7.97,7.98,1409878,11394045.00
2024-04-23,7.92,8.98,7.90,8.48,3894597,32843276.00
2024-04-24,8.48,8.60,8.27,8.42,2444133,20548914.00
2024-04-25,8.45,8.53,8.18,8.23,1930266,16102740.00
2024-04-26,8.15,8.34,8.10,8.27,1724540,14212271.00
2024-04-29,8.47,8.88,8.47,8.50,3056185,26367964.00
2024-04-30,8.57,9.17,8.57,8.89,4364936,38798944.00
2024-05-06,9.18,9.18,8.70,8.93,3158695,28287656.00
2024-05-07,8.84,9.02,8.74,8.97,2011255,17901704.00
2024-05-08,8.98,9.28,8.85,8.96,1893558,17177576.00
2024-05-09,9.06,9.06,8.90,8.93,1499421,13409090.00
2024-05-10,9.02,9.02,8.58,8.62,1809185,15802172.00
2024-05-13,8.53,8.76,8.34,8.35,1413400,12022078.00
2024-05-14,8.42,8.68,8.41,8.45,851846,7248307.50
2024-05-15,8.55,8.55,8.24,8.34,833622,7003793.50
2024-05-16,8.40,8.43,8.17,8.20,1062859,8818116.00
2024-05-17,8.20,8.35,8.15,8.21,1069498,8783085.00
2024-05-20,8.31,8.43,8.18,8.24,895001,7431471.00
2024-05-21,8.35,8.94,8.35,8.57,3616324,31147900.00
2024-05-22,8.57,8.72,8.50,8.68,1623106,14007058.00
2024-05-23,8.68,9.72,8.45,9.38,7378730,68178288.00
2024-05-24,9.12,9.27,8.80,8.81,4142336,37356168.00
2024-05-27,8.76,9.06,8.61,8.90,2180183,19302314.00
2024-05-28,8.90,9.05,8.71,8.82,1694867,15082911.00
2024-05-29,8.89,8.89,8.71,8.78,1254229,11003741.00
2024-05-30,8.81,8.92,8.55,8.56,1554725,13515939.00
2024-05-31,8.56,8.75,8.51,8.56,1555981,13399423.00
2024-06-03,8.51,8.60,8.30,8.31,1309659,11007698.00
2024-06-04,8.34,8.49,8.09,8.23,1534692,12692418.00
2024-06-05,8.31,8.31,7.89,7.95,1352182,10870997.00
2024-06-06,7.86,7.97,7.41,7.49,2172517,16527691.00
2024-06-07,7.57,7.71,7.49,7.58,1266765,9610002.00
2024-06-11,7.56,7.77,7.43,7.70,1118283,8547365.00
2024-06-12,7.78,7.94,7.68,7.74,1017458,7943139.50
2024-06-13,7.80,7.80,7.52,7.56,963595,7366458.50
2024-06-14,7.51,7.71,7.51,7.61,829540,6333738.50
2024-06-17,7.51,7.61,7.42,7.45,901958,6750180.50
2024-06-18,7.49,7.59,7.44,7.53,760597,5705498.00
2024-06-19,7.58,8.07,7.51,7.81,2900231,22718600.00
2024-06-20,7.77,7.95,7.58,7.85,2437144,18874760.00
2024-06-21,7.80,8.16,7.77,8.10,2834314,22829170.00
2024-06-24,8.05,8.05,7.71,7.81,1663071,13010958.00
2024-06-25,7.75,8.19,7.71,8.19,3505870,28393036.00
2024-06-26,8.31,8.31,7.95,8.13,3096110,25091870.00
2024-06-27,8.02,8.17,7.84,7.89,1699944,13559560.00
2024-06-28,7.94,8.03,7.83,7.89,779580,6189306.00
2024-07-01,7.91,7.95,7.76,7.84,894287,7002415.00
2024-07-02,7.90,7.91,7.66,7.71,899437,6988156.00
2024-07-03,7.84,8.08,7.78,7.79,1523643,12033404.00
2024-07-04,7.83,8.10,7.76,7.96,2871032,22918636.00
2024-07-05,7.87,7.92,7.55,7.73,1850233,14213140.00
2024-07-08,7.62,7.62,7.06,7.09,1451485,10551127.00
2024-07-09,7.10,7.35,7.01,7.29,1110994,7988027.00
2024-07-10,7.31,7.45,7.13,7.28,1007143,7369774.00
2024-07-11,7.46,7.56,7.32,7.43,1300274,9713064.00
2024-07-12,7.50,8.00,7.49,7.80,3610582,28178104.00
2024-07-15,7.69,7.84,7.46,7.52,1984679,15017142.00
2024-07-16,7.52,8.07,7.33,8.06,4571426,35878732.00
2024-07-17,8.06,10.42,8.02,9.90,13331713,122446520.00
2024-07-18,9.62,9.80,8.91,8.98,8801735,81301656.00
2024-07-19,8.87,9.44,8.68,8.73,5178379,46821396.00
2024-07-22,8.63,8.75,8.33,8.50,3534646,30043344.00
2024-07-23,8.55,8.80,8.40,8.49,3343337,28762320.00
2024-07-24,8.49,8.56,8.09,8.18,2789176,22972050.00
2024-07-25,8.18,8.92,8.18,8.85,6060399,52256348.00
2024-07-26,8.85,8.95,8.50,8.68,3811355,33036876.00
2024-07-29,8.68,8.68,8.32,8.36,2366399,19911806.00
2024-07-30,8.20,8.75,8.20,8.53,2974882,25524474.00
2024-07-31,8.53,8.80,8.37,8.70,3174885,27360632.00
2024-08-01,8.69,8.79,8.46,8.47,2755478,23722208.00
2024-08-02,8.45,8.54,8.11,8.14,2443141,20214482.00
2024-08-05,8.10,8.20,7.67,7.75,2242408,17787300.00
2024-08-06,7.91,8.00,7.71,7.89,1751847,13759185.00
2024-08-07,7.75,7.92,7.75,7.82,1024641,8009080.50
2024-08-08,7.80,7.80,7.60,7.70,1133717,8713948.00
2024-08-09,7.76,7.82,7.69,7.70,1074414,8319814.50
2024-08-12,7.65,7.88,7.60,7.72,1229315,9500058.00
2024-08-13,7.73,7.75,7.62,7.68,732688,5611806.00
2024-08-14,7.70,7.70,7.58,7.61,507360,3876528.25
2024-08-15,7.63,7.75,7.51,7.66,980779,7490148.00
2024-08-16,7.66,7.82,7.64,7.68,818233,6315305.00
2024-08-19,7.74,7.74,7.50,7.54,882226,6704109.00
2024-08-20,7.54,7.95,7.52,7.78,2232389,17417312.00
2024-08-21,7.74,8.01,7.60,7.87,1777241,13932789.00
2024-08-22,7.84,7.89,7.54,7.58,1450435,11137394.00
2024-08-23,7.65,7.73,7.52,7.56,792084,6016187.00
2024-08-26,7.54,7.69,7.52,7.58,705806,5348123.50
2024-08-27,7.54,7.54,7.23,7.29,1285395,9430586.00
2024-08-28,7.20,7.52,7.18,7.36,903348,6646575.50
2024-08-29,7.32,7.44,7.21,7.35,712678,5240247.00
2024-08-30,7.46,7.80,7.46,7.66,1905913,14565357.00
2024-09-02,7.68,7.93,7.65,7.67,2031563,15841809.00
2024-09-03,7.52,7.87,7.52,7.67,1320839,10152350.00
2024-09-04,7.64,7.68,7.46,7.54,938445,7061708.00
2024-09-05,7.55,7.61,7.50,7.54,648893,4900661.00
2024-09-06,7.59,7.65,7.38,7.43,807094,6060042.00
2024-09-09,7.53,7.62,7.47,7.50,725074,5462817.00
2024-09-10,7.57,7.61,7.39,7.54,898017,6740583.00
2024-09-11,7.50,7.59,7.44,7.44,732615,5483254.00
2024-09-12,7.44,7.51,7.29,7.31,826360,6114311.50
2024-09-13,7.30,7.85,7.24,7.60,2447603,18585772.00
2024-09-18,7.43,7.78,7.43,7.68,1446894,11070145.00
2024-09-19,7.70,7.80,7.61,7.65,1402426,10787278.00
2024-09-20,7.62,7.71,7.53,7.60,779201,5925766.50
2024-09-23,7.60,7.61,7.42,7.43,778595,5842376.00
2024-09-24,7.50,7.68,7.41,7.62,1142377,8662791.00
2024-09-25,7.67,8.09,7.67,7.75,2610873,20505306.00
2024-09-26,7.79,7.94,7.66,7.93,2036361,15962294.00
2024-09-27,8.07,9.05,8.05,8.66,5936083,50774552.00
2024-09-30,9.30,10.88,8.88,10.75,11145795,109645136.00
2024-10-08,13.97,13.97,11.45,13.88,13040000,169282896.00
2024-10-09,12.30,13.26,11.37,11.40,8128072,101334144.00
2024-10-10,11.52,12.44,11.25,11.63,5805345,68835168.00
2024-10-11,11.45,11.45,9.95,10.45,5368094,56691260.00
2024-10-14,10.35,11.08,10.05,10.89,3869182,41069300.00
2024-10-15,10.77,11.33,10.50,10.50,4713452,51265460.00
2024-10-16,10.40,10.71,10.13,10.30,2939268,30573572.00
2024-10-17,10.36,11.44,10.36,10.81,6834772,74376096.00
2024-10-18,10.68,12.30,10.68,11.71,9278774,106636016.00
2024-10-21,12.65,13.45,12.00,13.29,12542351,162281344.00
2024-10-22,12.86,13.02,11.86,12.10,9464460,116634888.00
2024-10-23,11.92,13.98,11.81,13.08,12067219,157964368.00
2024-10-24,16.70,16.92,14.56,14.91,19513187,305001280.00
2024-10-25,17.20,17.83,14.20,14.49,19601154,318739008.00
2024-10-28,16.00,17.65,15.01,17.50,17918456,291519552.00
2024-10-29,16.60,22.58,16.18,19.42,20371727,372206112.00
2024-10-30,18.33,20.89,17.50,18.02,13391036,251135200.00
2024-10-31,17.52,18.58,16.35,17.14,11328455,197965056.00
2024-11-01,17.00,17.36,14.80,15.00,9021595,143751328.00
2024-11-04,15.82,17.25,15.36,16.82,10500050,174031728.00
2024-11-05,16.20,18.18,16.00,17.90,12815144,224048432.00
2024-11-06,17.91,23.27,17.33,23.27,23507855,491983776.00
2024-11-07,24.00,29.99,23.38,27.59,26193888,714152576.00
2024-11-08,25.40,29.89,24.27,25.08,18313973,479298016.00
2024-11-11,25.61,25.78,23.60,24.58,10586650,260255184.00
2024-11-12,25.50,27.04,24.10,24.85,9478898,240936704.00
2024-11-13,23.40,24.08,22.49,24.06,9766847,226566848.00
2024-11-14,23.99,23.99,22.39,22.59,6403381,147912416.00
2024-11-15,22.10,25.60,21.40,24.49,11457384,264513952.00
2024-11-18,24.90,24.92,22.50,22.86,7498464,178001904.00
2024-11-19,21.43,22.49,20.02,21.57,8226950,176043776.00
2024-11-20,21.17,22.38,20.70,22.01,7174524,156724496.00
2024-11-21,22.19,23.49,21.51,22.60,7875107,176640816.00
2024-11-22,22.30,22.58,20.82,20.82,5887906,128016112.00
2024-11-25,20.40,21.94,19.50,20.92,4741424,97453032.00
2024-11-26,21.13,21.63,19.88,19.89,3393184,70227088.00
2024-11-27,19.50,20.58,18.56,20.34,4009059,78684056.00
2024-11-28,20.40,20.93,20.03,20.15,3744563,76874576.00
2024-11-29,20.35,21.58,20.06,21.40,6220147,130118584.00
2024-12-02,21.40,23.50,21.38,23.22,10388018,236075696.00
2024-12-03,23.22,23.22,23.22,23.22,0,0.00
#数据来源:通达信
