837092 汉鑫科技 日线 不复权
      日期	    开盘	    最高	    最低	    收盘	    成交量	    成交额
2018-03-20,8.00,8.00,8.00,8.00,29000,232000.00
2018-03-21,8.60,8.60,8.60,8.60,21000,180600.00
2018-06-06,5.38,5.38,5.38,5.38,800000,2496000.00
2018-06-27,8.16,8.16,8.16,8.16,1000,8160.00
2020-01-07,10.00,10.00,10.00,10.00,600,6000.00
2020-01-22,13.77,13.77,13.77,13.77,1000,13770.00
2020-04-01,14.80,14.80,14.80,14.80,200,2960.00
2020-04-21,20.00,20.00,20.00,20.00,1000,20000.00
2020-04-24,10.00,15.00,10.00,15.00,1000,10532.00
2020-04-27,15.80,15.90,15.80,15.90,200,3170.00
2020-04-29,19.50,19.50,19.50,19.50,200,3900.00
2020-06-12,12.36,12.36,12.36,12.36,200,2472.00
2020-06-15,14.01,14.01,14.01,14.01,0,14.01
2020-06-16,18.80,18.80,18.80,18.80,200,3760.00
2020-06-17,18.80,18.80,18.80,18.80,100,3741.20
2020-06-24,18.80,18.80,18.80,18.80,100,3741.20
2020-07-10,19.00,19.00,19.00,19.00,300,5700.00
2020-08-21,25.00,25.00,25.00,25.00,200,5000.00
2021-11-15,30.55,51.70,30.55,37.80,7046700,280692672.00
2021-11-16,34.10,42.00,33.44,39.45,3519600,137681856.00
2021-11-17,37.60,39.83,33.58,34.30,2169900,77291008.00
2021-11-18,34.00,34.88,31.00,31.80,1610100,52269968.00
2021-11-19,32.10,32.28,30.11,30.60,875700,26884272.00
2021-11-22,30.88,32.30,30.35,32.10,920200,28896264.00
2021-11-23,32.60,34.88,31.99,33.69,1280400,42843524.00
2021-11-24,33.20,33.44,32.22,32.32,839900,27286502.00
2021-11-25,32.24,33.30,31.68,32.14,570700,18616580.00
2021-11-26,32.14,32.79,31.60,31.84,476300,15256639.00
2021-11-29,31.00,31.84,30.48,30.60,670800,20622916.00
2021-11-30,31.00,31.00,29.29,29.41,602500,18014518.00
2021-12-01,29.38,29.70,28.00,28.58,441300,12624713.00
2021-12-02,28.58,30.21,28.33,29.48,584200,17398710.00
2021-12-03,29.26,29.26,28.23,28.53,323700,9240890.00
2021-12-06,28.28,28.98,27.55,27.72,304900,8553508.00
2021-12-07,28.01,28.43,27.62,27.86,205700,5769423.50
2021-12-08,27.81,28.09,27.60,27.90,156900,4356678.00
2021-12-09,27.77,28.00,27.35,27.46,294200,8123431.00
2021-12-10,27.45,27.46,27.02,27.03,327800,8877641.00
2021-12-13,27.04,27.70,27.00,27.55,279400,7651809.00
2021-12-14,27.72,28.56,27.39,28.09,446600,12568196.00
2021-12-15,28.38,28.40,27.50,27.50,234500,6497022.50
2021-12-16,27.50,27.81,27.25,27.40,111600,3058499.25
2021-12-17,27.77,27.77,26.65,26.67,283200,7627845.00
2021-12-20,27.25,27.25,26.03,26.12,176100,4639757.50
2021-12-21,26.20,26.35,26.00,26.12,137200,3581439.75
2021-12-22,26.00,26.93,25.94,26.39,176500,4685968.50
2021-12-23,26.40,26.61,25.93,26.09,127800,3338209.25
2021-12-24,26.09,26.09,25.10,25.18,177700,4535702.50
2021-12-27,25.21,25.36,24.88,25.02,128400,3226293.50
2021-12-28,25.05,25.55,25.00,25.55,141700,3567681.50
2021-12-29,25.56,26.88,25.56,26.60,395900,10487264.00
2021-12-30,26.85,27.29,26.11,27.20,452300,12121892.00
2021-12-31,27.49,28.51,27.27,28.03,701300,19699894.00
2022-01-04,28.30,28.40,27.00,27.26,369900,10116938.00
2022-01-05,27.26,28.76,27.15,28.57,731300,20729232.00
2022-01-06,28.18,28.74,27.21,27.45,403100,11124304.00
2022-01-07,27.45,27.64,26.66,26.69,336100,9079269.00
2022-01-10,26.70,26.75,26.06,26.36,169307,4451472.00
2022-01-11,26.36,26.76,26.26,26.30,142292,3766786.00
2022-01-12,26.30,26.50,26.06,26.37,102295,2687854.50
2022-01-13,26.46,27.58,26.46,26.88,357997,9756726.00
2022-01-14,26.80,26.80,26.20,26.38,187054,4921620.50
2022-01-17,26.70,28.38,26.30,28.15,598333,16617080.00
2022-01-18,28.90,29.95,27.21,27.78,670760,19251774.00
2022-01-19,27.30,30.79,27.25,30.71,1424541,41978640.00
2022-01-20,30.80,36.36,29.73,34.93,2679978,89330504.00
2022-01-21,33.20,35.20,31.78,32.25,1232939,41064832.00
2022-01-24,32.00,32.01,29.27,29.28,813087,24712900.00
2022-01-25,29.33,30.20,28.20,28.39,527979,15334883.00
2022-01-26,28.60,29.80,28.19,28.87,402757,11650143.00
2022-01-27,28.70,29.18,26.66,26.97,631335,17326866.00
2022-01-28,27.20,27.75,26.66,26.75,335839,9128183.00
2022-02-07,27.50,27.69,25.50,26.92,207393,5605519.00
2022-02-08,26.84,27.83,26.84,27.27,218030,5946289.00
2022-02-09,27.33,28.97,27.18,28.15,319276,8934177.00
2022-02-10,28.15,28.35,27.10,27.12,275155,7535817.00
2022-02-11,27.14,27.37,24.61,25.25,560198,14266825.00
2022-02-14,25.00,25.10,24.66,24.68,186798,4630071.50
2022-02-15,24.69,25.08,24.50,24.96,102792,2556009.00
2022-02-16,25.20,25.76,24.90,24.98,133693,3367446.00
2022-02-17,25.01,26.06,24.60,25.88,370240,9390393.00
2022-02-18,25.88,26.18,25.33,26.17,176823,4586766.50
2022-02-21,25.72,27.50,25.72,27.12,296561,8066739.00
2022-02-22,27.01,27.40,25.70,25.78,222441,5843018.50
2022-02-23,26.10,26.30,25.75,25.95,169635,4404725.50
2022-02-24,25.70,26.19,24.68,25.00,248368,6272391.00
2022-02-25,25.20,25.49,24.80,25.00,119593,3000322.50
2022-02-28,24.97,24.97,24.50,24.74,143356,3539646.25
2022-03-01,25.18,25.29,24.95,25.04,95701,2405450.25
2022-03-02,25.04,25.05,24.72,25.04,88059,2193067.50
2022-03-03,25.00,25.18,24.62,24.70,208717,5192684.00
2022-03-04,24.66,24.80,24.50,24.59,90798,2230721.75
2022-03-07,24.59,24.59,24.10,24.16,150498,3647568.50
2022-03-08,24.18,24.18,23.19,23.30,140100,3296931.50
2022-03-09,24.00,24.00,22.31,23.20,143317,3284984.50
2022-03-10,23.38,23.80,23.36,23.37,92093,2158726.25
2022-03-11,23.36,23.36,22.30,22.60,192086,4320406.50
2022-03-14,22.62,22.64,22.02,22.15,80176,1794819.50
2022-03-15,22.03,22.05,21.00,21.01,148470,3174880.75
2022-03-16,21.30,21.30,20.10,20.99,125838,2616390.75
2022-03-17,21.60,24.18,21.12,23.13,512689,11740361.00
2022-03-18,23.12,23.64,22.49,23.04,265303,6143335.50
2022-03-21,22.78,23.40,22.28,22.59,106860,2431793.00
2022-03-22,22.30,22.75,22.30,22.33,60289,1349293.25
2022-03-23,22.53,22.97,22.32,22.59,52592,1181057.75
2022-03-24,22.32,22.32,21.59,21.87,167955,3697709.50
2022-03-25,21.86,21.86,21.21,21.33,94026,2016708.38
2022-03-28,21.11,21.52,20.98,21.04,65893,1389851.88
2022-03-29,21.13,21.53,21.04,21.27,83164,1773748.50
2022-03-30,21.27,21.52,20.61,21.42,118781,2527447.75
2022-03-31,21.44,21.45,20.82,21.33,82917,1748915.00
2022-04-01,21.40,22.60,21.28,22.12,268550,5941713.50
2022-04-06,22.30,22.38,22.02,22.27,76868,1702262.50
2022-04-07,22.11,22.12,21.52,21.53,94135,2058428.88
2022-04-08,21.66,21.80,21.18,21.67,88663,1910781.25
2022-04-11,21.41,21.41,20.50,20.68,105612,2196230.25
2022-04-12,20.68,20.97,20.50,20.96,71713,1484854.75
2022-04-13,20.91,20.91,20.30,20.39,60740,1243436.50
2022-04-14,20.35,20.52,20.20,20.49,63568,1290933.00
2022-04-15,20.19,20.35,20.00,20.06,73918,1486239.75
2022-04-18,20.10,20.10,19.38,19.99,126382,2490657.50
2022-04-19,20.15,20.16,19.54,19.79,66824,1319072.00
2022-04-20,19.00,19.80,18.91,18.91,218346,4171130.50
2022-04-21,18.97,18.97,17.91,18.05,198055,3653327.50
2022-04-22,17.73,17.95,17.28,17.30,140474,2453620.75
2022-04-25,17.02,17.02,16.17,16.40,147906,2444567.25
2022-04-26,16.46,16.46,15.26,15.28,117782,1848387.25
2022-04-27,15.28,15.47,14.70,15.45,113260,1705721.00
2022-04-28,15.38,15.38,14.33,14.38,156455,2307492.25
2022-04-29,14.46,15.00,14.11,14.99,271919,3943464.00
2022-05-05,14.52,14.84,14.23,14.70,194745,2834965.25
2022-05-06,14.58,14.65,14.16,14.31,97528,1409729.00
2022-05-09,14.26,14.40,14.04,14.31,123083,1747515.75
2022-05-10,14.12,14.42,14.10,14.42,111675,1598375.63
2022-05-11,14.39,14.85,14.39,14.60,210476,3089109.50
2022-05-12,14.76,14.76,14.30,14.51,72270,1050252.38
2022-05-13,14.53,15.48,14.51,15.08,193773,2903391.00
2022-05-16,15.08,15.20,14.98,15.19,144083,2171576.50
2022-05-17,15.19,15.20,14.85,15.05,115264,1729806.13
2022-05-18,15.00,15.20,14.85,15.09,42247,635421.94
2022-05-19,15.03,15.03,14.50,14.95,81595,1205058.63
2022-05-20,14.99,15.18,14.85,15.07,33378,499928.56
2022-05-23,14.89,15.02,14.88,14.96,48914,730352.38
2022-05-24,14.88,15.20,14.56,14.70,75768,1131083.88
2022-05-25,14.70,14.79,14.50,14.69,18966,279102.88
2022-05-26,14.96,15.95,14.89,15.79,335281,5214665.50
2022-05-27,15.32,15.77,15.32,15.57,140683,2188865.00
2022-05-30,15.57,15.64,14.76,14.87,233157,3492228.25
2022-05-31,15.03,15.03,14.70,14.93,44331,656421.94
2022-06-01,14.83,14.96,14.80,14.96,40179,598749.81
2022-06-02,14.94,15.31,14.92,15.18,83004,1249653.63
2022-06-06,15.16,15.50,15.08,15.47,127742,1959956.38
2022-06-07,15.48,15.64,15.40,15.50,88820,1377301.50
2022-06-08,15.40,15.76,15.40,15.70,110791,1730972.75
2022-06-09,15.77,15.77,15.41,15.53,99119,1543814.50
2022-06-10,15.80,15.80,15.36,15.54,50515,786590.56
2022-06-13,15.32,15.68,15.32,15.40,41607,645901.75
2022-06-14,15.34,15.45,15.01,15.45,54006,824100.19
2022-06-15,15.40,15.58,15.31,15.48,60311,931744.38
2022-06-16,15.88,16.28,15.30,15.71,56221,881441.56
2022-06-17,15.79,15.79,15.61,15.69,91019,1430437.13
2022-06-20,15.78,15.78,15.56,15.58,19065,298147.03
2022-06-21,15.80,15.80,15.35,15.52,31150,482353.97
2022-06-22,15.79,15.79,15.35,15.36,62303,959822.88
2022-06-23,15.70,15.70,15.43,15.60,43938,681290.69
2022-06-24,15.71,15.71,15.60,15.70,62160,971346.38
2022-06-27,15.78,15.79,15.60,15.68,72346,1135783.75
2022-06-28,15.64,17.97,15.64,17.97,451728,7638961.50
2022-06-29,17.80,17.80,17.16,17.35,158762,2764262.00
2022-06-30,17.36,18.20,17.04,18.20,220888,3914113.75
2022-07-01,18.15,18.15,17.72,18.13,157127,2830936.00
2022-07-04,18.17,18.36,17.76,17.76,102261,1841624.25
2022-07-05,17.77,18.08,17.62,17.83,59458,1061115.63
2022-07-06,17.84,18.14,17.62,18.14,72593,1297423.25
2022-07-07,18.00,18.20,17.73,17.98,38027,683597.75
2022-07-08,17.98,18.05,17.70,17.99,54989,980652.94
2022-07-11,17.98,17.98,17.40,17.75,60436,1060152.75
2022-07-12,17.50,17.67,17.05,17.34,66895,1152608.38
2022-07-13,17.34,17.34,16.96,17.14,45196,769842.31
2022-07-14,16.90,17.18,16.80,17.11,73864,1251482.50
2022-07-15,16.90,17.07,16.75,16.92,36292,609550.63
2022-07-18,16.75,16.98,16.74,16.90,44922,754111.69
2022-07-19,16.90,16.90,16.50,16.50,71296,1185700.50
2022-07-20,16.50,16.67,16.38,16.51,69035,1136756.88
2022-07-21,16.51,16.51,16.22,16.39,58267,955009.44
2022-07-22,16.38,16.54,16.15,16.34,49331,799613.44
2022-07-25,16.37,16.37,15.95,16.15,24800,399877.53
2022-07-26,16.15,16.15,15.72,16.00,36469,579801.25
2022-07-27,16.14,16.14,15.81,16.00,52858,846523.69
2022-07-28,15.95,16.33,15.95,16.27,49509,798838.75
2022-07-29,16.04,16.49,16.04,16.49,68350,1120753.50
2022-08-01,16.20,16.51,16.20,16.50,34871,573869.81
2022-08-02,16.50,16.50,15.00,15.41,180938,2848794.75
2022-08-03,15.42,15.70,15.30,15.63,52661,812123.69
2022-08-04,15.59,15.59,15.00,15.48,34432,530707.69
2022-08-05,15.18,15.98,15.18,15.85,147088,2306425.50
2022-08-08,15.50,15.93,15.40,15.79,77607,1213656.63
2022-08-09,15.80,16.19,15.70,16.19,52533,832370.56
2022-08-10,16.15,16.45,15.85,16.00,142738,2293729.50
2022-08-11,16.02,16.30,15.95,16.12,283853,4564889.50
2022-08-12,16.23,16.23,15.89,16.02,70362,1123847.50
2022-08-15,16.03,16.10,15.80,16.09,82537,1316906.00
2022-08-16,16.22,16.22,15.90,16.02,144968,2311429.00
2022-08-17,16.04,16.04,15.82,15.99,32317,514324.53
2022-08-18,15.99,16.00,15.31,15.93,48001,761482.88
2022-08-19,15.93,15.93,15.70,15.91,56081,883502.75
2022-08-22,15.91,15.91,15.50,15.76,29706,467504.56
2022-08-23,15.74,15.74,15.51,15.73,62072,967231.38
2022-08-24,15.58,15.59,15.11,15.12,62570,958126.00
2022-08-25,15.11,15.16,14.73,15.02,74410,1113171.38
2022-08-26,14.82,14.98,14.73,14.88,38053,567003.88
2022-08-29,14.87,14.93,14.64,14.92,32121,474515.13
2022-08-30,14.88,15.17,14.88,15.06,61432,923584.88
2022-08-31,15.20,15.29,14.73,15.04,65510,980405.50
2022-09-01,14.81,15.20,14.81,14.90,53219,798779.81
2022-09-02,14.80,15.10,14.80,15.02,29100,436663.66
2022-09-05,15.09,15.18,14.80,14.88,42315,632669.00
2022-09-06,15.02,15.10,14.71,14.91,35690,532407.44
2022-09-07,15.04,15.04,14.86,14.99,12080,179942.33
2022-09-08,15.16,15.16,14.88,15.00,6447,96268.30
2022-09-09,14.89,14.97,14.67,14.96,33663,497208.66
2022-09-13,14.96,14.96,14.80,14.88,6166,91670.42
2022-09-14,14.53,14.88,14.51,14.71,37527,546852.25
2022-09-15,14.71,14.74,14.25,14.55,72665,1047934.56
2022-09-16,14.59,15.25,14.41,15.07,168967,2512008.75
2022-09-19,14.99,15.13,14.73,14.87,92717,1382062.75
2022-09-20,14.86,15.07,14.68,14.99,63015,939079.31
2022-09-21,15.05,16.19,15.01,16.09,411951,6477274.00
2022-09-22,15.81,16.14,15.62,15.76,181210,2873251.50
2022-09-23,15.70,15.75,14.31,15.12,120294,1837765.00
2022-09-26,15.00,15.00,14.42,14.43,110294,1606834.25
2022-09-27,14.40,14.60,14.20,14.53,189926,2723822.25
2022-09-28,14.32,14.38,14.19,14.30,81041,1155250.25
2022-09-29,14.30,14.40,13.80,14.29,71538,1015676.81
2022-09-30,14.30,14.35,13.80,14.03,20971,296535.63
2022-10-10,14.03,14.29,13.91,14.12,49905,704016.50
2022-10-11,13.86,14.19,13.86,14.15,35391,498657.09
2022-10-12,14.14,14.27,14.00,14.22,65316,924210.69
2022-10-13,14.29,14.67,14.09,14.50,88046,1260024.25
2022-10-14,14.33,14.54,14.21,14.53,108746,1567192.75
2022-10-17,14.37,14.50,14.35,14.50,89290,1285220.50
2022-10-18,14.68,14.68,14.37,14.46,22435,324507.44
2022-10-19,14.46,14.46,14.20,14.22,48830,697509.38
2022-10-20,14.36,14.36,14.11,14.22,46140,652333.81
2022-10-21,14.13,14.32,14.12,14.24,62133,878266.31
2022-10-24,14.37,14.37,14.01,14.18,73714,1040311.75
2022-10-25,14.36,14.36,13.85,14.03,59733,831766.56
2022-10-26,14.07,14.18,13.90,14.13,50096,704791.81
2022-10-27,14.20,14.20,13.96,14.13,19307,270726.97
2022-10-28,14.12,14.13,13.80,14.04,58395,809109.00
2022-10-31,13.29,13.70,12.80,13.47,190602,2524642.50
2022-11-01,13.47,13.51,13.26,13.49,80624,1082926.88
2022-11-02,13.52,13.62,13.36,13.59,65122,880812.56
2022-11-03,13.25,13.89,13.22,13.65,59670,810705.69
2022-11-04,13.60,13.80,13.60,13.62,36573,500410.28
2022-11-07,13.87,14.14,13.83,14.10,105062,1471919.25
2022-11-08,13.97,13.99,13.66,13.94,63064,873003.81
2022-11-09,13.94,13.94,13.54,13.60,63692,868305.38
2022-11-10,13.65,13.73,13.50,13.72,38681,527322.69
2022-11-11,13.72,13.80,13.61,13.77,83315,1141375.88
2022-11-14,13.78,14.00,13.78,13.95,49916,692097.56
2022-11-15,13.94,14.16,13.83,14.09,72127,1002503.50
2022-11-16,13.85,14.13,13.85,14.10,43706,612597.94
2022-11-17,14.17,14.17,13.85,14.09,33235,463539.16
2022-11-18,14.07,14.07,13.88,14.02,36802,513240.72
2022-11-21,14.30,14.40,14.11,14.24,121785,1737622.00
2022-11-22,14.28,14.28,14.10,14.11,91457,1298971.00
2022-11-23,14.10,14.15,13.92,14.10,45914,644872.44
2022-11-24,14.10,14.10,13.83,13.98,24138,336133.88
2022-11-25,13.97,14.01,13.80,13.80,20119,279743.56
2022-11-28,13.98,13.98,13.58,13.90,25133,346767.09
2022-11-29,13.89,13.90,13.70,13.83,33844,466987.63
2022-11-30,13.69,13.91,13.69,13.90,16400,226852.73
2022-12-01,13.90,13.93,13.72,13.93,51898,719184.00
2022-12-02,13.93,13.96,13.91,13.95,10400,144961.27
2022-12-05,13.84,13.99,13.84,13.96,12800,177940.00
2022-12-06,13.95,13.96,13.81,13.93,8800,122479.00
2022-12-07,13.82,13.88,13.80,13.80,17696,244507.80
2022-12-08,13.87,13.87,13.65,13.81,21049,289669.72
2022-12-09,13.69,13.84,13.60,13.82,23128,318605.41
2022-12-12,13.82,13.82,13.63,13.68,13550,185212.48
2022-12-13,13.65,13.75,13.65,13.73,7586,103950.88
2022-12-14,13.73,13.78,13.65,13.75,4947,67850.74
2022-12-15,13.79,13.95,13.68,13.91,12924,178454.73
2022-12-16,13.71,13.89,13.71,13.86,10812,149516.86
2022-12-19,13.66,13.87,13.66,13.66,18419,253077.14
2022-12-20,13.78,13.78,13.68,13.77,4252,58494.76
2022-12-21,13.62,13.62,13.43,13.58,42873,580193.94
2022-12-22,13.48,13.69,13.33,13.58,28375,382784.78
2022-12-23,13.50,13.50,13.29,13.42,11724,156922.13
2022-12-26,13.30,13.54,13.20,13.44,13129,174782.30
2022-12-27,13.24,13.80,13.20,13.78,16802,226933.80
2022-12-28,13.51,13.69,13.51,13.53,8008,108929.20
2022-12-29,13.50,13.65,13.50,13.65,7248,98493.24
2022-12-30,13.71,13.71,13.54,13.70,4500,61629.24
2023-01-03,13.65,13.74,13.65,13.74,19976,273672.59
2023-01-04,13.55,13.77,13.55,13.77,25979,356115.84
2023-01-05,13.63,13.77,13.58,13.77,26891,366683.09
2023-01-06,13.74,13.74,13.62,13.71,11187,153037.05
2023-01-09,13.77,13.77,13.56,13.76,21525,294184.78
2023-01-10,13.74,13.74,13.56,13.74,29538,403475.28
2023-01-11,13.76,13.76,13.64,13.73,10821,148364.61
2023-01-12,13.74,13.74,13.62,13.73,11515,157531.28
2023-01-13,13.76,13.77,13.64,13.71,12437,170357.16
2023-01-16,13.76,14.39,13.76,14.24,54044,758387.13
2023-01-17,14.03,14.18,14.02,14.03,7023,98747.63
2023-01-18,14.20,14.23,14.02,14.15,21958,308629.34
2023-01-19,14.01,14.21,14.01,14.20,21545,304856.41
2023-01-20,14.08,14.24,14.07,14.20,26556,376537.81
2023-01-30,14.22,14.27,14.13,14.25,68192,968998.19
2023-01-31,14.10,15.18,14.06,15.16,296859,4390973.00
2023-02-01,15.18,15.67,14.87,15.49,191845,2901002.25
2023-02-02,15.47,15.48,14.90,15.43,158701,2400655.75
2023-02-03,15.20,15.50,15.02,15.39,201860,3074635.75
2023-02-06,15.20,15.39,15.06,15.38,69564,1057558.75
2023-02-07,15.35,15.36,15.25,15.30,24830,379748.03
2023-02-08,15.34,15.34,15.02,15.16,44121,670272.31
2023-02-09,15.02,15.22,15.02,15.12,37195,562644.63
2023-02-10,15.08,15.24,15.02,15.04,28348,427375.41
2023-02-13,15.22,15.22,15.00,15.15,57751,872006.25
2023-02-14,15.09,15.09,15.00,15.07,27553,414301.72
2023-02-15,15.16,15.16,14.99,15.00,20442,306970.06
2023-02-16,14.92,15.10,14.82,15.00,74455,1118032.88
2023-02-17,14.82,14.97,14.82,14.97,24253,360759.53
2023-02-20,14.94,14.94,14.73,14.87,63426,937957.94
2023-02-21,14.75,14.86,14.63,14.73,68605,1007336.75
2023-02-22,14.70,14.70,14.18,14.60,90129,1293338.63
2023-02-23,14.51,14.52,14.18,14.35,55783,795490.88
2023-02-24,14.35,14.38,14.19,14.38,27337,389796.91
2023-02-27,14.05,14.20,14.05,14.20,23846,338105.13
2023-02-28,13.70,14.20,13.70,14.17,30950,435671.13
2023-03-01,14.30,14.37,14.05,14.34,45231,642942.44
2023-03-02,14.48,14.48,14.22,14.42,15176,218862.28
2023-03-03,14.47,14.47,14.21,14.45,22933,328913.91
2023-03-06,14.31,14.53,14.30,14.53,35411,510535.69
2023-03-07,14.41,14.54,13.80,14.20,70654,1012352.06
2023-03-08,13.91,14.47,13.88,14.44,57271,817119.31
2023-03-09,14.40,14.40,14.20,14.36,29911,426167.94
2023-03-10,14.41,14.46,13.82,14.37,132245,1878167.50
2023-03-13,14.10,14.41,14.10,14.15,17298,246100.52
2023-03-14,14.30,14.30,13.85,14.11,44858,630259.81
2023-03-15,14.20,14.30,13.93,14.30,27041,384681.34
2023-03-16,14.03,14.32,14.03,14.27,27526,391068.44
2023-03-17,14.25,14.46,14.12,14.37,31637,451204.91
2023-03-20,14.36,14.42,14.15,14.42,26362,375760.50
2023-03-21,14.21,14.41,14.20,14.35,20488,291701.94
2023-03-22,14.21,14.33,14.20,14.32,17993,256413.48
2023-03-23,14.17,14.19,13.98,14.19,64406,902946.69
2023-03-24,14.01,14.97,14.01,14.74,206790,3027815.25
2023-03-27,14.95,15.02,14.50,14.97,271832,4038409.25
2023-03-28,14.93,15.00,14.61,14.95,142533,2113123.00
2023-03-29,14.89,16.75,14.83,15.77,480619,7589389.00
2023-03-30,15.56,15.80,15.15,15.34,226502,3482750.75
2023-03-31,15.22,15.83,15.22,15.70,92107,1423307.25
2023-04-03,15.85,16.00,15.38,15.99,166988,2620858.75
2023-04-04,16.20,19.64,16.20,17.94,1215650,21916498.00
2023-04-06,16.99,17.45,16.39,17.41,982129,16568077.00
2023-04-07,17.37,17.50,16.68,17.03,455146,7692712.50
2023-04-10,16.75,16.95,16.16,16.56,355646,5839541.00
2023-04-11,16.50,16.56,16.23,16.29,102192,1664333.75
2023-04-12,16.11,16.52,16.11,16.45,90889,1484824.63
2023-04-13,16.37,16.53,16.15,16.39,98114,1597596.00
2023-04-14,16.18,16.52,16.03,16.34,96726,1570906.63
2023-04-17,16.19,16.24,15.80,16.04,153585,2446187.50
2023-04-18,15.78,16.08,15.72,15.97,77317,1225751.00
2023-04-19,17.00,17.54,16.18,16.29,418820,7046367.50
2023-04-20,16.21,16.29,15.56,15.71,320363,5079160.00
2023-04-21,15.90,15.90,14.88,15.13,171716,2618969.75
2023-04-24,14.80,14.80,14.21,14.66,259098,3756986.75
2023-04-25,14.42,14.72,14.27,14.48,49364,709273.13
2023-04-26,14.31,14.55,14.31,14.51,67426,972165.63
2023-04-27,14.31,14.60,14.27,14.32,38555,552916.94
2023-04-28,14.25,14.62,14.25,14.55,52262,756310.69
2023-05-04,14.86,14.86,14.47,14.67,11952,174274.02
2023-05-05,14.65,16.48,14.65,16.39,656080,10455862.00
2023-05-08,16.01,16.38,15.40,15.81,437610,6875627.50
2023-05-09,15.81,15.85,15.40,15.45,158824,2469384.25
2023-05-10,15.12,15.70,15.10,15.42,118149,1821343.75
2023-05-11,15.41,16.80,15.21,16.40,493386,8010610.00
2023-05-12,16.30,17.86,16.05,16.86,618300,10596113.00
2023-05-15,16.48,16.50,15.57,16.23,400708,6393366.00
2023-05-16,16.01,16.47,15.70,15.98,200367,3187137.25
2023-05-17,15.68,16.03,15.68,15.77,175254,2768097.75
2023-05-18,15.97,15.97,15.61,15.65,185220,2915328.50
2023-05-19,15.76,15.90,15.58,15.87,115886,1825773.38
2023-05-22,15.88,15.99,15.67,15.91,97367,1547364.00
2023-05-23,15.75,16.28,15.75,16.13,162691,2598813.25
2023-05-24,16.30,16.40,16.00,16.08,173219,2810418.50
2023-05-25,15.88,16.23,15.50,15.66,136060,2135479.00
2023-05-26,15.76,15.96,15.56,15.92,123816,1960813.88
2023-05-29,16.10,16.10,15.56,15.79,116637,1830659.50
2023-05-30,15.88,15.88,15.37,15.45,155096,2406844.00
2023-05-31,15.40,15.54,15.10,15.25,111441,1697357.38
2023-06-01,15.27,15.48,15.02,15.26,32637,499438.47
2023-06-02,15.44,15.44,15.13,15.35,94623,1447559.75
2023-06-05,15.41,15.62,15.23,15.43,98709,1522003.50
2023-06-06,15.02,15.42,15.01,15.06,110936,1682082.25
2023-06-07,15.01,15.27,14.97,15.15,24914,376047.31
2023-06-08,15.06,15.36,15.03,15.19,45151,684869.31
2023-06-09,15.06,15.26,15.06,15.16,43913,663984.56
2023-06-12,14.88,15.35,14.88,15.14,64526,976324.94
2023-06-13,15.37,16.40,15.37,16.30,377790,5986953.00
2023-06-14,16.35,17.45,15.80,15.88,480210,7933380.00
2023-06-15,15.79,16.22,15.45,15.65,175790,2740390.00
2023-06-16,15.76,15.80,15.50,15.62,89181,1390378.38
2023-06-19,15.81,16.27,15.70,15.79,167227,2670172.25
2023-06-20,15.54,15.73,15.35,15.41,180476,2788438.50
2023-06-21,15.41,15.58,15.30,15.40,83335,1285094.50
2023-06-26,15.22,15.36,15.00,15.03,91186,1377636.88
2023-06-27,15.29,15.96,14.95,15.59,124138,1912973.38
2023-06-28,15.74,15.74,15.27,15.50,123552,1903700.13
2023-06-29,15.60,15.60,15.32,15.51,95252,1467610.38
2023-06-30,15.51,15.68,15.40,15.51,52485,816833.19
2023-07-03,15.49,15.84,15.35,15.72,71488,1119027.25
2023-07-04,15.77,15.77,15.40,15.66,41653,650946.00
2023-07-05,15.51,15.76,15.50,15.64,50900,796027.13
2023-07-06,15.68,15.78,15.44,15.71,41115,642220.06
2023-07-07,15.80,15.89,15.58,15.74,41659,652175.31
2023-07-10,15.80,15.80,15.27,15.40,97379,1505013.13
2023-07-11,15.31,15.65,15.30,15.50,27332,420729.47
2023-07-12,15.56,15.56,15.33,15.33,29260,450436.59
2023-07-13,15.50,15.50,15.20,15.39,25100,384684.72
2023-07-14,15.30,15.45,15.15,15.38,86216,1314575.50
2023-07-17,15.42,15.43,15.26,15.37,28291,434391.59
2023-07-18,15.22,15.34,15.21,15.30,22502,342766.44
2023-07-19,15.19,15.43,15.17,15.32,16491,251760.42
2023-07-20,15.32,15.32,15.05,15.10,28800,436928.38
2023-07-21,15.05,15.26,15.05,15.22,26500,401496.69
2023-07-24,15.25,15.25,15.02,15.07,39800,600063.13
2023-07-25,15.18,15.31,15.13,15.25,26593,403844.84
2023-07-26,15.04,15.33,15.04,15.16,38520,580753.75
2023-07-27,15.20,15.24,15.08,15.18,12761,193317.05
2023-07-28,15.06,15.25,15.06,15.23,16064,244007.56
2023-07-31,15.25,15.49,15.24,15.38,22873,350335.69
2023-08-01,15.12,15.32,15.12,15.32,5662,85703.44
2023-08-02,15.21,15.29,15.21,15.29,12100,184184.19
2023-08-03,15.15,15.19,15.15,15.18,19901,301845.16
2023-08-04,15.21,15.36,15.19,15.29,33406,509933.09
2023-08-07,15.12,15.29,15.12,15.25,8000,121226.18
2023-08-08,15.12,15.24,15.09,15.23,29648,448397.03
2023-08-09,15.24,15.24,15.03,15.12,11645,175899.06
2023-08-10,14.66,15.17,14.64,15.13,6828,102598.55
2023-08-11,14.72,15.20,14.72,15.13,32466,487038.44
2023-08-14,15.18,15.18,14.20,14.98,39137,576758.63
2023-08-15,14.70,14.92,14.68,14.90,21406,316211.06
2023-08-16,14.64,14.67,14.43,14.45,48773,709590.31
2023-08-17,14.45,14.45,14.12,14.39,17165,246366.80
2023-08-18,14.47,14.47,14.11,14.19,30753,435941.78
2023-08-21,14.20,14.20,14.02,14.16,28347,399479.72
2023-08-22,14.24,14.26,13.96,14.22,17067,242949.31
2023-08-23,14.03,14.16,13.81,14.13,22812,318535.63
2023-08-24,13.99,15.75,13.85,14.98,86926,1291600.25
2023-08-25,15.08,15.08,14.20,14.51,70021,1019373.69
2023-08-28,15.00,15.50,14.46,14.57,22482,331945.75
2023-08-29,14.13,14.82,14.13,14.73,24860,364621.16
2023-08-30,14.46,14.75,14.00,14.26,180397,2563165.00
2023-08-31,14.24,14.27,14.00,14.26,83107,1175009.00
2023-09-01,14.05,14.34,14.05,14.33,48113,686856.56
2023-09-04,14.79,15.98,14.64,15.80,1136901,17557268.00
2023-09-05,15.88,16.80,15.01,15.45,702320,11187017.00
2023-09-06,15.00,15.64,15.00,15.40,355186,5451671.00
2023-09-07,15.20,15.58,14.70,15.00,305750,4676712.50
2023-09-08,14.99,15.00,14.72,14.87,132181,1960834.38
2023-09-11,14.71,14.97,14.52,14.94,118324,1742449.88
2023-09-12,14.89,14.89,14.40,14.60,237203,3454326.50
2023-09-13,14.41,14.65,14.36,14.50,90283,1307200.63
2023-09-14,14.51,14.51,14.00,14.42,115409,1645048.88
2023-09-15,14.48,14.48,14.08,14.17,114699,1623361.13
2023-09-18,13.91,14.20,13.91,14.18,48463,682840.00
2023-09-19,14.25,14.26,14.05,14.15,23061,326103.66
2023-09-20,14.01,14.20,14.01,14.14,49388,699599.75
2023-09-21,13.83,14.15,13.83,14.07,39888,558084.31
2023-09-22,13.51,14.22,13.51,14.17,69695,982284.44
2023-09-25,14.32,14.32,13.93,14.07,46641,655714.81
2023-09-26,13.71,14.45,13.71,13.84,75974,1062941.50
2023-09-27,14.10,14.10,13.78,13.84,128384,1781530.00
2023-09-28,13.86,13.86,13.50,13.79,145891,1994673.75
2023-10-09,13.89,13.89,13.65,13.73,56844,783276.13
2023-10-10,14.20,14.20,13.70,13.87,40079,554986.50
2023-10-11,14.03,14.03,13.58,13.70,106811,1460532.00
2023-10-12,13.86,13.86,13.52,13.76,91011,1238507.25
2023-10-13,13.66,13.72,13.40,13.66,67164,907596.50
2023-10-16,13.66,13.73,13.51,13.68,28421,386911.75
2023-10-17,13.20,13.82,13.20,13.73,107501,1470935.50
2023-10-18,13.87,13.87,13.51,13.69,80345,1097440.13
2023-10-19,13.78,13.78,13.45,13.58,31692,431723.22
2023-10-20,13.69,13.69,13.32,13.39,32568,436752.09
2023-10-23,13.40,13.40,13.01,13.08,40583,531955.19
2023-10-24,13.45,13.45,13.11,13.34,57499,759425.19
2023-10-25,13.50,13.82,13.41,13.61,22890,309967.28
2023-10-26,13.61,13.67,13.45,13.53,55941,759488.13
2023-10-27,13.77,13.77,13.20,13.69,59100,798902.31
2023-10-30,13.67,13.80,13.61,13.74,34234,468302.00
2023-10-31,14.48,14.48,14.01,14.13,141870,2010621.13
2023-11-01,14.27,14.27,13.80,14.10,72973,1020350.50
2023-11-02,14.20,14.20,13.84,13.96,56223,786055.19
2023-11-03,14.08,14.08,13.71,13.98,102419,1416714.75
2023-11-06,14.11,14.28,13.82,14.21,137568,1944375.25
2023-11-07,14.42,16.39,14.24,15.95,1161239,17875060.00
2023-11-08,16.61,17.55,16.11,16.11,1430040,24231608.00
2023-11-09,15.37,16.04,15.30,15.34,811354,12601218.00
2023-11-10,15.34,15.51,15.01,15.19,353504,5390141.00
2023-11-13,15.48,15.48,15.00,15.27,323781,4929748.50
2023-11-14,15.29,16.88,15.22,16.46,790432,12736730.00
2023-11-15,16.70,17.32,16.02,16.13,820401,13775320.00
2023-11-16,16.00,16.13,15.63,15.68,418205,6621490.50
2023-11-17,15.85,16.48,15.67,16.22,362358,5818430.00
2023-11-20,16.45,18.86,16.45,18.19,1706242,30224792.00
2023-11-21,18.21,23.32,17.40,21.11,3445309,70642440.00
2023-11-22,20.22,24.94,20.16,24.34,3913698,91226160.00
2023-11-23,23.57,25.70,20.80,23.13,3769709,90082264.00
2023-11-24,25.00,30.06,24.70,30.06,5400967,148101104.00
2023-11-27,35.01,39.07,35.01,39.07,5579987,212073264.00
2023-11-28,36.00,46.00,36.00,40.38,6676590,268875296.00
2023-11-29,39.15,42.90,34.01,36.30,4632153,174586080.00
2023-11-30,37.24,42.81,36.70,42.10,4801913,187833408.00
2023-12-01,42.00,45.79,38.80,39.86,5189293,217726016.00
2023-12-04,37.95,38.00,32.88,33.00,3975309,140181216.00
2023-12-05,32.45,38.99,32.27,36.90,4178450,150272880.00
2023-12-06,35.99,36.89,33.01,33.21,3103741,106583984.00
2023-12-07,33.33,35.50,33.33,33.70,2444117,84340936.00
2023-12-08,33.18,40.00,32.36,37.04,3635361,131213352.00
2023-12-11,38.00,41.43,37.31,38.89,3273146,128206832.00
2023-12-12,37.51,39.80,36.30,38.80,2551379,97315248.00
2023-12-13,38.00,40.39,38.00,39.10,2716707,106927264.00
2023-12-14,38.50,39.87,37.00,37.15,2877151,111201096.00
2023-12-15,36.00,37.22,34.70,35.49,2223169,79558328.00
2023-12-18,35.70,38.28,35.70,36.91,1970508,73042168.00
2023-12-19,37.00,38.88,36.00,38.88,2808042,106708272.00
2023-12-20,39.39,40.88,37.94,39.28,2563020,100315752.00
2023-12-21,39.28,39.59,30.50,33.06,2762140,98748944.00
2023-12-22,32.00,33.97,31.20,32.76,1283656,41814092.00
2023-12-25,32.80,33.48,32.00,33.40,1470301,48522604.00
2023-12-26,33.55,35.30,33.00,34.90,2047050,69999792.00
2023-12-27,36.18,38.00,35.00,35.39,2403801,88034352.00
2023-12-28,33.15,35.02,32.92,33.92,2039407,69292528.00
2023-12-29,33.47,35.99,33.21,34.79,2249979,77107944.00
2024-01-02,35.58,36.50,34.61,35.68,2052864,73112520.00
2024-01-03,36.50,40.65,35.90,40.28,3844168,146107984.00
2024-01-04,40.00,43.96,38.27,40.00,4138135,170344544.00
2024-01-05,39.60,39.60,35.16,36.00,3250048,121472608.00
2024-01-08,35.41,36.04,33.03,33.03,1944776,67064404.00
2024-01-09,32.77,34.28,30.65,32.27,1677584,54559888.00
2024-01-10,31.85,32.49,31.00,32.20,1032396,32769594.00
2024-01-11,31.99,33.50,31.93,32.59,1316204,43188344.00
2024-01-12,32.33,32.83,27.81,27.81,2071315,61964456.00
2024-01-15,27.51,27.80,25.60,25.88,1340315,35317200.00
2024-01-16,25.80,29.19,24.08,28.00,2174675,58045804.00
2024-01-17,27.30,30.18,27.02,28.34,2147282,61872384.00
2024-01-18,27.92,31.48,27.51,31.23,2394281,71478672.00
2024-01-19,31.00,33.33,30.90,32.15,2238823,72314488.00
2024-01-22,32.16,36.16,31.28,33.25,3532520,119272936.00
2024-01-23,32.45,35.53,32.06,35.53,3119078,106277912.00
2024-01-24,35.00,35.29,33.20,34.70,2562300,87697160.00
2024-01-25,34.30,34.30,30.10,31.64,2368547,77001976.00
2024-01-26,32.00,33.33,31.01,32.44,1856765,60315880.00
2024-01-29,31.50,32.03,27.05,27.05,1849766,54067720.00
2024-01-30,26.39,28.27,26.19,27.68,1026162,28225346.00
2024-01-31,27.40,29.98,27.15,28.87,1334542,38260720.00
2024-02-01,28.80,30.68,27.30,28.39,1428579,41655932.00
2024-02-02,28.66,29.80,26.00,26.90,1595864,43750752.00
2024-02-05,25.00,27.47,24.59,25.00,1089727,28044488.00
2024-02-06,24.80,28.20,24.30,27.32,1577453,41728816.00
2024-02-07,27.34,33.20,27.02,32.90,2806729,82509472.00
2024-02-08,31.30,31.99,28.80,29.80,2090006,63214428.00
2024-02-19,32.00,35.40,31.11,33.90,2778335,92340688.00
2024-02-20,33.90,33.90,32.30,33.43,2008719,66319184.00
2024-02-21,32.11,33.57,31.87,32.92,2078691,67917312.00
2024-02-22,33.50,35.88,32.82,33.33,2449722,84045624.00
2024-02-23,32.82,34.00,32.03,32.21,1868724,61154888.00
2024-02-26,30.10,32.26,30.10,31.30,1270451,39712060.00
2024-02-27,32.00,34.74,31.36,34.16,2384462,79459968.00
2024-02-28,36.32,39.00,33.05,33.18,3489576,126916760.00
2024-02-29,32.80,35.20,32.13,33.85,2088642,70462224.00
2024-03-01,33.90,34.66,32.66,32.87,2040089,68290832.00
2024-03-04,33.20,33.50,31.35,32.23,1534616,49604596.00
2024-03-05,32.50,32.77,30.95,30.95,1288551,40830976.00
2024-03-06,31.32,32.48,31.30,31.61,1074074,34331880.00
2024-03-07,31.40,32.28,29.37,29.37,1303839,39973424.00
2024-03-08,30.20,30.63,29.51,29.80,748593,22472628.00
2024-03-11,29.51,30.30,29.14,30.19,692643,20483094.00
2024-03-12,30.68,31.45,29.71,30.56,997560,30542942.00
2024-03-13,30.61,31.18,29.38,29.43,1122684,33700984.00
2024-03-14,29.78,29.78,27.87,28.11,920876,26410812.00
2024-03-15,28.00,30.43,28.00,29.86,1371418,40564916.00
2024-03-18,30.63,30.64,29.59,29.90,953613,28642344.00
2024-03-19,30.00,31.80,29.70,30.82,1568962,48582696.00
2024-03-20,30.55,30.88,29.80,30.38,1095386,33197924.00
2024-03-21,30.18,30.80,29.70,29.71,875436,26533200.00
2024-03-22,29.80,29.80,28.36,28.66,966938,27910078.00
2024-03-25,28.30,29.95,28.00,28.06,847096,24666458.00
2024-03-26,27.68,28.28,26.91,27.12,734148,20157086.00
2024-03-27,27.05,28.29,26.82,27.01,772916,21375754.00
2024-03-28,26.80,27.59,26.01,27.00,851972,23038904.00
2024-03-29,27.30,27.34,25.98,26.39,655123,17386316.00
2024-04-01,26.58,26.78,26.01,26.37,576311,15198095.00
2024-04-02,26.40,26.53,25.52,25.60,603716,15595901.00
2024-04-03,25.50,26.30,25.15,25.30,425274,10868277.00
2024-04-08,24.92,25.60,24.50,24.53,449228,11237417.00
2024-04-09,24.00,25.45,24.00,24.89,345683,8613087.00
2024-04-10,24.99,26.97,24.57,25.53,1147769,30034058.00
2024-04-11,25.35,25.95,24.60,24.63,571860,14447689.00
2024-04-12,24.42,24.92,24.08,24.10,414093,10086300.00
2024-04-15,24.10,24.65,22.00,22.50,760703,17735846.00
2024-04-16,22.46,22.60,18.00,19.90,1026862,20851714.00
2024-04-17,19.86,23.00,19.86,21.99,1223563,26570384.00
2024-04-18,22.17,22.66,21.57,22.24,803342,17865792.00
2024-04-19,21.89,21.92,20.88,21.27,592481,12624702.00
2024-04-22,21.53,21.53,20.23,21.08,470948,9889491.00
2024-04-23,21.00,22.29,20.76,22.08,852486,18455266.00
2024-04-24,22.53,23.36,22.22,22.42,997698,22740556.00
2024-04-25,21.82,22.42,21.61,21.61,763698,16757065.00
2024-04-26,21.60,23.66,21.60,23.27,1564225,35893968.00
2024-04-29,24.88,26.50,24.10,24.56,1485891,37345332.00
2024-04-30,22.99,23.58,22.31,22.60,1817525,41352132.00
2024-05-06,22.27,22.94,22.00,22.08,1082619,24313212.00
2024-05-07,22.16,22.30,21.00,21.38,996127,21376636.00
2024-05-08,21.12,21.71,21.00,21.13,560116,11969499.00
2024-05-09,21.03,21.42,20.71,20.79,670084,13986607.00
2024-05-10,20.65,20.92,19.91,19.93,558928,11292910.00
2024-05-13,19.75,20.45,19.74,19.92,367372,7400173.50
2024-05-14,19.92,20.45,19.92,20.14,256341,5167617.50
2024-05-15,20.84,21.28,20.35,20.35,552565,11511527.00
2024-05-16,20.45,20.68,20.14,20.30,297887,6062925.00
2024-05-17,20.35,20.50,19.98,20.10,333345,6721855.00
2024-05-20,21.10,21.20,19.97,20.01,359590,7296473.00
2024-05-21,20.12,20.35,19.78,19.82,306112,6099405.50
2024-05-22,19.73,20.00,19.58,19.75,304265,6010508.50
2024-05-23,19.56,21.40,19.15,20.47,1007592,20538340.00
2024-05-24,20.30,21.98,20.10,21.85,1675507,35607420.00
2024-05-27,20.38,21.25,20.38,20.62,1135411,23507182.00
2024-05-28,20.92,20.92,20.08,20.17,577491,11832707.00
2024-05-29,20.17,20.40,19.50,19.57,473881,9416544.00
2024-05-30,19.41,19.56,18.77,18.80,622653,11843181.00
2024-05-31,18.70,19.08,18.70,18.83,307102,5802456.00
2024-06-03,19.70,20.68,18.83,19.00,1119839,22229246.00
2024-06-04,18.71,20.52,18.61,20.20,1242528,24542398.00
2024-06-05,21.50,23.97,21.50,21.91,3064058,69047480.00
2024-06-06,21.51,21.52,19.77,19.77,1991177,41316848.00
2024-06-07,20.00,20.88,19.20,19.26,1000338,19830792.00
2024-06-11,18.71,19.58,18.50,19.26,738462,14076976.00
2024-06-12,19.10,19.83,18.95,19.35,651363,12687590.00
2024-06-13,19.34,19.48,18.88,18.90,555706,10585535.00
2024-06-14,19.07,20.28,18.78,19.85,918841,17857612.00
2024-06-17,20.22,21.50,20.22,20.80,1460001,30575384.00
2024-06-18,20.66,24.49,20.25,23.25,2895770,64858524.00
2024-06-19,23.00,25.30,22.20,22.60,2906056,69505136.00
2024-06-20,23.50,24.68,22.56,23.90,2739044,65007920.00
2024-06-21,23.50,26.40,23.45,23.89,2459986,60993624.00
2024-06-24,23.21,23.67,21.63,22.41,1789482,40292048.00
2024-06-25,22.55,23.22,21.72,22.50,1126524,25297148.00
2024-06-26,21.80,22.34,21.28,21.91,965412,21098292.00
2024-06-27,21.60,21.90,20.50,20.72,1071119,22597570.00
2024-06-28,20.87,21.32,20.61,20.87,778942,16314450.00
2024-07-01,21.00,22.07,21.00,21.23,832280,17835148.00
2024-07-02,21.64,23.12,21.50,23.12,2075192,46357688.00
2024-07-03,24.00,29.10,23.18,25.63,4182609,109941352.00
2024-07-04,26.00,28.88,25.41,26.86,3194070,85480064.00
2024-07-05,26.99,30.00,26.39,29.52,3816660,109982552.00
2024-07-08,28.64,29.00,26.66,27.00,2443594,66841552.00
2024-07-09,21.30,22.00,19.34,21.39,3986602,82825832.00
2024-07-10,22.80,26.73,22.80,24.00,6056956,149702976.00
2024-07-11,23.40,25.68,22.87,24.41,5410682,131231008.00
2024-07-12,23.30,24.41,22.38,22.82,4407542,102703736.00
2024-07-15,23.28,25.52,23.00,23.63,4444456,107154600.00
2024-07-16,22.93,25.25,22.70,25.08,5197503,124916136.00
2024-07-17,24.30,27.26,24.12,25.75,6120944,156639056.00
2024-07-18,25.00,25.00,22.18,22.35,3647578,86479720.00
2024-07-19,23.40,23.48,21.12,21.39,2711295,60492288.00
2024-07-22,21.60,22.32,21.02,21.46,1820491,39301884.00
2024-07-23,21.24,22.07,21.05,21.08,1498833,32113548.00
2024-07-24,21.29,21.29,19.21,19.41,2091302,41697048.00
2024-07-25,19.05,20.01,19.00,19.80,1840197,36020744.00
2024-07-26,19.89,20.28,19.40,19.52,1397785,27572038.00
2024-07-29,19.30,21.26,19.05,20.78,2311353,46950480.00
2024-07-30,20.69,21.11,20.17,20.24,1599606,32843160.00
2024-07-31,20.50,20.66,19.98,20.24,1362692,27735794.00
2024-08-01,20.17,20.44,19.61,19.67,1441952,28711946.00
2024-08-02,19.90,20.25,19.06,19.23,1119157,21918994.00
2024-08-05,19.00,19.26,18.01,18.35,1205216,22382656.00
2024-08-06,18.44,18.80,18.31,18.56,509506,9429681.00
2024-08-07,18.60,18.96,18.40,18.59,589940,10988967.00
2024-08-08,18.58,18.58,17.72,17.84,759715,13677161.00
2024-08-09,18.11,18.44,17.69,17.78,529374,9479236.00
2024-08-12,17.56,17.96,17.45,17.54,408943,7221064.50
2024-08-13,17.63,17.75,17.26,17.53,345586,6047331.50
2024-08-14,17.53,17.65,17.10,17.17,460359,7956747.50
2024-08-15,17.22,18.23,17.19,17.98,1128667,20142352.00
2024-08-16,18.29,18.70,17.65,18.00,783596,14128044.00
2024-08-19,17.88,17.90,17.19,17.26,697682,12146512.00
2024-08-20,17.29,17.95,17.08,17.61,882857,15569999.00
2024-08-21,17.45,17.68,17.20,17.29,537850,9344972.00
2024-08-22,17.29,17.29,16.06,16.13,1015939,16779420.00
2024-08-23,16.12,16.42,15.66,15.93,598035,9539117.00
2024-08-26,16.19,16.58,15.88,16.13,470268,7647769.00
2024-08-27,16.20,16.20,15.20,15.20,657410,10190029.00
2024-08-28,15.42,15.43,14.99,15.12,412760,6275430.00
2024-08-29,15.12,15.34,14.71,14.86,598623,8982194.00
2024-08-30,14.86,15.95,14.86,15.63,1074711,16708185.00
2024-09-02,15.48,15.87,15.26,15.37,481203,7488552.50
2024-09-03,15.27,15.55,15.15,15.31,337474,5198138.50
2024-09-04,15.00,15.29,14.83,14.85,377588,5648646.00
2024-09-05,14.98,15.39,14.95,15.09,420607,6360103.50
2024-09-06,15.09,16.58,15.05,16.51,2063790,33164448.00
2024-09-09,16.02,16.50,15.75,15.86,972266,15583659.00
2024-09-10,16.29,17.66,15.78,17.31,2187624,37356392.00
2024-09-11,16.45,18.99,16.45,18.23,2370556,43015368.00
2024-09-12,18.32,18.46,17.30,17.62,1591191,28001178.00
2024-09-13,17.58,17.94,16.40,17.31,2021815,34498612.00
2024-09-18,16.98,16.99,16.42,16.68,872095,14505604.00
2024-09-19,16.80,17.10,16.40,16.65,1083137,18086068.00
2024-09-20,16.67,16.95,16.30,16.31,882387,14630439.00
2024-09-23,16.01,17.36,16.01,17.20,1941647,32640308.00
2024-09-24,16.89,17.13,16.41,17.10,1736258,29224638.00
2024-09-25,17.28,17.70,16.96,17.41,1583269,27393574.00
2024-09-26,17.10,17.56,17.02,17.50,1455983,25327658.00
2024-09-27,18.00,20.51,17.58,19.52,2787814,53393160.00
2024-09-30,21.36,25.35,20.53,24.99,5257429,121153160.00
2024-10-08,32.33,32.48,27.66,32.48,5091305,157573456.00
2024-10-09,30.00,32.20,28.00,28.11,4022222,122355328.00
2024-10-10,30.50,30.94,25.33,25.66,3054428,84007584.00
2024-10-11,25.93,26.09,22.82,24.03,2379879,57654828.00
2024-10-14,23.55,25.78,23.10,25.49,2153322,53456832.00
2024-10-15,25.62,27.26,24.58,24.69,2489599,64628124.00
2024-10-16,23.77,25.18,23.33,24.65,1592353,38636232.00
2024-10-17,27.50,32.04,26.88,32.04,8466954,256789232.00
2024-10-18,34.33,41.65,33.68,41.65,7875009,300307008.00
2024-10-21,52.99,54.14,44.00,54.14,9648778,487382144.00
2024-10-22,48.00,53.00,43.25,44.00,7847752,374345280.00
2024-10-23,41.95,46.32,39.77,44.12,4906442,213148064.00
2024-10-24,41.28,46.60,40.70,43.25,4859195,210135136.00
2024-10-25,44.28,46.40,41.00,41.15,5185286,226346624.00
2024-10-28,40.00,41.66,38.97,40.79,3011494,120698736.00
2024-10-29,40.87,43.79,40.87,42.97,3813111,162232448.00
2024-10-30,42.11,44.93,39.76,41.37,3352188,140666992.00
2024-10-31,40.68,41.37,37.77,38.42,3960754,153738208.00
2024-11-01,37.33,38.42,32.59,32.61,2954731,103610592.00
2024-11-04,33.62,35.27,33.60,34.45,1881177,64874252.00
2024-11-05,35.18,44.78,35.18,44.78,6491085,268224288.00
2024-11-06,45.00,55.15,45.00,46.88,8097928,399955296.00
2024-11-07,44.46,46.60,41.50,45.78,4811209,210791840.00
2024-11-08,47.70,52.00,45.11,48.00,5392495,257008944.00
2024-11-11,45.90,51.88,44.51,48.46,4242575,204191104.00
2024-11-12,49.00,51.00,44.46,45.65,3092304,145685728.00
2024-11-13,44.92,46.42,42.85,45.20,2422222,107521920.00
2024-11-14,48.00,48.00,43.80,43.80,2014100,92687616.00
2024-11-15,43.50,48.00,43.01,46.71,3749702,172659072.00
2024-11-18,46.60,47.96,41.00,41.63,2579853,113285048.00
2024-11-19,40.86,43.70,38.63,43.25,2674379,109680536.00
2024-11-20,43.00,45.25,41.40,45.10,2427172,107275088.00
2024-11-21,44.86,50.50,43.55,48.83,4874731,230182368.00
2024-11-22,47.38,51.50,45.20,45.50,4630190,226459184.00
2024-11-25,47.00,47.19,42.16,47.15,2909205,129847832.00
2024-11-26,45.89,47.90,43.00,43.71,2187623,99960304.00
2024-11-27,42.50,46.30,40.10,45.94,2402429,103913096.00
2024-11-28,45.53,46.87,43.95,44.13,2666426,121997928.00
2024-11-29,44.00,46.16,42.00,44.50,2661957,117837496.00
2024-12-02,44.00,45.43,43.05,44.20,2371892,104879112.00
2024-12-03,43.98,55.33,43.40,51.51,5962039,294782688.00
#数据来源:通达信
