837006 晟楠科技 日线 不复权
      日期	    开盘	    最高	    最低	    收盘	    成交量	    成交额
2017-12-18,6.00,6.00,6.00,6.00,1000,6000.00
2018-07-18,4.98,4.98,4.98,4.98,100000,498000.00
2018-07-20,4.96,4.96,4.96,4.96,50000,248000.00
2018-07-25,4.96,4.96,4.96,4.96,50000,248000.00
2018-07-26,4.96,4.96,4.96,4.96,561000,1404960.00
2018-08-15,3.95,3.95,3.95,3.95,339000,848950.00
2018-09-21,6.00,6.00,6.00,6.00,1000,6000.00
2018-09-25,6.09,6.09,6.09,6.09,1000,6090.00
2019-01-25,8.00,8.00,8.00,8.00,1000,8000.00
2020-11-27,8.00,8.00,8.00,8.00,800,6400.00
2020-11-30,8.00,8.00,8.00,8.00,100,800.00
2020-12-03,8.00,8.00,8.00,8.00,300,2400.00
2020-12-04,8.00,8.00,8.00,8.00,100,800.00
2020-12-08,8.00,8.00,8.00,8.00,300,2400.00
2020-12-10,8.00,8.00,8.00,8.00,100,800.00
2020-12-11,8.00,8.00,8.00,8.00,1500,12000.00
2020-12-14,8.00,8.00,8.00,8.00,1200,9600.00
2020-12-15,8.00,8.00,8.00,8.00,300,2400.00
2020-12-16,8.00,8.00,8.00,8.00,600,4800.00
2020-12-17,8.00,8.00,8.00,8.00,100,800.00
2020-12-18,8.00,8.00,8.00,8.00,400,3200.00
2020-12-21,8.00,8.00,8.00,8.00,100,800.00
2020-12-22,8.00,8.00,8.00,8.00,1000,8000.00
2020-12-23,10.00,10.00,10.00,10.00,100,1000.00
2020-12-25,8.00,8.00,8.00,8.00,200,1600.00
2020-12-28,8.00,8.00,8.00,8.00,1000,8000.00
2020-12-29,7.00,7.00,7.00,7.00,500,3500.00
2020-12-31,8.00,8.00,8.00,8.00,100,800.00
2021-01-06,7.00,7.00,7.00,7.00,900,6300.00
2021-01-21,7.00,7.00,7.00,7.00,100,700.00
2021-02-01,9.00,9.00,9.00,9.00,100,900.00
2021-02-19,18.00,18.00,18.00,18.00,100,1800.00
2021-05-19,9.00,9.00,9.00,9.00,100,900.00
2021-05-20,4.52,4.52,4.52,4.52,100,452.00
2021-05-25,4.52,4.52,4.52,4.52,499800,1584366.00
2021-05-26,9.04,9.04,9.04,9.04,100,904.00
2021-06-18,4.48,4.48,4.48,4.48,100,448.00
2021-06-21,8.96,8.96,8.96,8.96,100,896.00
2021-11-15,8.95,8.97,8.95,8.97,200,1793.00
2021-11-16,8.99,8.99,8.99,8.99,100,899.00
2021-12-23,5.50,5.50,4.53,4.53,200,1003.00
2021-12-24,4.53,4.53,4.53,4.53,5305400,16871172.00
2021-12-27,8.80,8.80,8.80,8.80,200,1760.00
2021-12-30,11.88,11.88,11.88,11.88,100,1188.00
2022-01-07,11.88,11.88,11.88,11.88,900,10692.00
2022-01-10,12.19,12.19,12.19,12.19,2600,31535.53
2022-01-11,11.00,11.66,11.00,11.66,2500,28820.00
2022-01-12,11.88,11.99,11.88,11.99,5100,60759.00
2022-01-13,11.98,11.98,11.03,11.89,2200,26252.00
2022-01-14,11.98,11.98,11.98,11.98,700,8386.00
2022-01-17,11.98,12.11,11.98,12.10,11100,134197.52
2022-01-18,11.50,11.50,11.50,11.50,5000,57638.00
2022-01-20,23.00,23.00,23.00,23.00,100,2300.00
2022-01-25,14.27,14.27,14.00,14.00,400,5681.00
2022-01-26,11.51,11.51,11.51,11.51,200,2302.00
2022-01-27,13.75,13.75,13.32,13.32,700,9539.00
2022-01-28,13.00,13.00,12.87,12.87,1800,23179.00
2022-02-09,14.44,14.44,14.44,14.44,100,1444.00
2022-02-10,18.00,18.00,14.44,14.44,400,6132.00
2022-02-15,13.30,13.30,13.30,13.30,2100,27930.00
2022-02-16,14.00,14.42,14.00,14.42,1500,21420.00
2022-02-17,14.35,14.35,14.35,14.35,1000,14350.00
2022-02-18,14.42,14.42,14.42,14.42,500,7210.00
2022-02-23,14.42,14.42,14.42,14.42,1000,14420.00
2022-02-25,14.50,14.50,14.50,14.50,1000,14500.00
2022-03-04,11.60,13.99,11.60,13.99,20100,233399.00
2022-03-07,12.00,12.00,11.99,11.99,5000,60258.00
2022-03-08,12.95,12.95,12.95,12.95,100,1295.00
2022-03-09,13.80,13.80,13.80,13.80,100,1380.00
2022-03-11,11.33,11.33,11.33,11.33,1000,11330.00
2022-03-14,11.86,11.86,11.86,11.86,1200,14243.86
2022-03-15,11.88,11.88,11.88,11.88,1700,20089.08
2022-03-17,12.88,12.88,12.88,12.88,100,1288.00
2022-04-21,13.80,13.80,13.80,13.80,100,1380.00
2022-04-26,10.00,10.00,10.00,10.00,100,1000.00
2022-04-28,12.50,12.50,12.50,12.50,100,1250.00
2022-04-29,13.33,13.49,13.33,13.49,200,2682.00
2022-05-06,12.50,12.50,11.80,11.80,900,10760.00
2022-05-09,12.49,12.88,10.01,12.88,1100,13757.92
2022-05-12,15.00,15.00,15.00,15.00,100,1500.00
2022-05-20,14.79,14.79,14.79,14.79,100,1479.00
2022-05-23,14.76,14.76,14.75,14.75,600,8855.00
2022-05-24,14.68,14.68,12.00,12.00,1200,14936.00
2022-05-27,12.00,12.00,12.00,12.00,500,6000.00
2022-05-31,12.00,12.00,12.00,12.00,500,6000.00
2022-06-02,11.50,12.45,11.50,12.45,200,2395.00
2022-06-10,12.50,12.50,12.50,12.50,180000,2250000.00
2022-06-17,12.45,12.45,12.45,12.45,200,2490.00
2022-06-21,12.45,12.45,12.45,12.45,300,3735.00
2022-06-24,12.50,12.50,12.50,12.50,200,2500.00
2022-07-12,12.80,14.88,12.80,14.88,1800,25120.00
2022-07-15,10.88,14.88,10.88,14.88,800,9830.48
2022-07-18,11.08,11.08,10.88,10.88,7300,79782.00
2022-07-19,10.88,10.88,10.88,10.88,1003700,10040256.00
2022-07-20,10.88,10.88,10.88,10.88,400000,4000000.00
2022-07-26,11.06,11.06,11.06,11.06,100,1106.00
2022-07-28,8.01,15.00,8.01,15.00,8200,67080.00
2022-07-29,10.00,15.00,9.70,9.80,8200,83799.00
2022-08-01,14.97,14.97,14.49,14.49,90200,1307094.00
2022-08-02,9.03,13.87,9.03,13.87,1800,17180.47
2022-08-04,9.10,13.62,9.10,13.62,90500,824922.69
2022-08-11,10.01,10.01,10.01,10.01,200,2002.00
2022-08-12,12.85,12.85,12.85,12.85,100,1285.00
2022-08-15,11.00,12.00,10.50,12.00,11800,125617.60
2022-08-17,11.00,11.00,11.00,11.00,100,1100.00
2022-08-18,11.96,11.96,11.96,11.96,300,3588.00
2022-08-25,11.96,11.96,11.96,11.96,1000000,11960000.00
2022-09-08,11.96,11.96,10.88,10.88,8100,96768.00
2022-09-09,11.05,11.09,11.05,11.05,7200,79989.34
2022-09-13,11.06,11.06,11.06,11.06,800,8836.94
2022-09-14,11.06,11.06,11.06,11.06,1000,11060.00
2022-09-20,10.50,12.50,10.50,12.50,2100,22250.00
2022-10-17,8.52,8.52,8.52,8.52,100,852.00
2022-10-18,10.99,10.99,10.99,10.99,14800,162619.03
2022-10-19,10.99,10.99,10.52,10.52,7700,84257.29
2023-05-18,16.77,18.49,15.51,15.51,20988420,348492064.00
2023-05-19,14.08,15.21,13.83,14.41,9754443,140693680.00
2023-05-22,14.37,14.44,13.55,13.81,5525351,76750344.00
2023-05-23,13.92,16.99,13.90,15.86,11572837,180961728.00
2023-05-24,15.51,15.80,14.71,15.37,7572777,114805776.00
2023-05-25,15.23,16.11,14.73,15.08,5843859,89674048.00
2023-05-26,15.00,15.00,13.85,14.49,5778970,82977752.00
2023-05-29,14.58,15.48,14.37,14.55,3864850,57334208.00
2023-05-30,14.39,14.39,13.77,14.00,3039285,42560184.00
2023-05-31,13.88,14.38,13.60,13.95,2944321,41156876.00
2023-06-01,13.69,14.03,13.62,13.63,2343288,32351428.00
2023-06-02,13.68,14.37,13.68,14.03,2790598,39436380.00
2023-06-05,14.10,14.74,14.05,14.36,2247052,32380754.00
2023-06-06,14.49,14.50,13.95,14.14,1879896,26460042.00
2023-06-07,14.01,14.14,13.78,13.85,1470312,20431292.00
2023-06-08,13.78,13.94,13.10,13.10,2596203,34736800.00
2023-06-09,13.10,13.12,12.35,12.45,2139912,26978406.00
2023-06-12,12.47,12.47,11.88,12.13,1408559,16969682.00
2023-06-13,12.10,12.59,12.06,12.36,1435300,17762636.00
2023-06-14,12.35,12.44,11.82,11.82,1128068,13566402.00
2023-06-15,11.76,12.00,11.53,11.81,1377113,16214302.00
2023-06-16,11.90,12.26,11.76,11.91,1160815,13895521.00
2023-06-19,11.88,12.00,11.58,11.63,1153243,13502432.00
2023-06-20,11.72,12.35,11.52,12.18,1776256,21319702.00
2023-06-21,12.02,12.48,11.70,12.31,1511249,18290084.00
2023-06-26,12.30,12.31,11.91,12.04,764903,9215056.00
2023-06-27,11.94,12.35,11.93,12.03,640961,7765456.00
2023-06-28,12.18,12.18,11.83,11.98,597303,7143824.50
2023-06-29,12.00,13.58,11.90,13.14,3538388,45562572.00
2023-06-30,13.00,14.48,12.95,13.86,4146127,57735380.00
2023-07-03,13.78,14.67,13.49,13.51,2519622,35577904.00
2023-07-04,13.49,14.20,13.27,14.20,2992924,40878352.00
2023-07-05,14.06,14.68,14.02,14.15,2716714,38930536.00
2023-07-06,14.06,14.33,13.62,13.80,1498082,20877106.00
2023-07-07,13.79,13.84,13.40,13.40,1163055,15808907.00
2023-07-10,13.45,13.57,12.92,13.08,1290571,16977712.00
2023-07-11,13.19,13.75,13.10,13.46,1250682,16935254.00
2023-07-12,13.40,13.56,12.95,13.08,1137085,14990561.00
2023-07-13,13.14,13.25,13.04,13.17,574122,7557042.50
2023-07-14,13.13,13.94,13.07,13.70,1723006,23491318.00
2023-07-17,13.70,14.23,13.58,13.85,923103,12793536.00
2023-07-18,13.77,13.93,13.35,13.45,850543,11540607.00
2023-07-19,13.34,13.51,13.12,13.42,606811,8074807.00
2023-07-20,13.33,13.45,12.95,12.98,940716,12331812.00
2023-07-21,13.01,13.19,12.90,13.13,341289,4457965.50
2023-07-24,13.30,13.35,13.05,13.13,313297,4115800.50
2023-07-25,13.26,13.38,13.00,13.15,471806,6203456.50
2023-07-26,13.15,13.88,13.14,13.76,1110622,15229724.00
2023-07-27,13.85,15.50,13.73,15.00,4913229,72568472.00
2023-07-28,14.50,14.80,13.81,14.25,3081314,43653856.00
2023-07-31,13.63,13.95,13.41,13.53,1605498,21814330.00
2023-08-01,13.68,13.68,13.00,13.16,1543609,20404270.00
2023-08-02,13.08,13.55,13.07,13.34,1243606,16605867.00
2023-08-03,13.26,13.47,13.18,13.35,594804,7943111.50
2023-08-04,13.40,13.67,13.28,13.40,586303,7899909.00
2023-08-07,13.40,13.50,13.15,13.16,549704,7268008.00
2023-08-08,13.30,13.30,13.09,13.10,386693,5091466.00
2023-08-09,13.23,13.23,12.81,12.84,567650,7374351.00
2023-08-10,12.85,12.98,12.80,12.83,358872,4608503.00
2023-08-11,12.87,12.87,12.54,12.56,601460,7583300.00
2023-08-14,12.50,12.60,12.37,12.37,390214,4849294.00
2023-08-15,12.38,12.39,12.11,12.12,337572,4121346.00
2023-08-16,12.05,12.23,11.96,11.96,344605,4143077.50
2023-08-17,11.85,12.49,11.82,12.33,518123,6374601.50
2023-08-18,12.18,12.39,11.88,11.91,506556,6151927.00
2023-08-21,12.10,12.10,11.89,11.91,191507,2294158.75
2023-08-22,12.07,12.19,11.77,12.12,533829,6390185.00
2023-08-23,11.97,12.04,11.52,11.64,272062,3218136.25
2023-08-24,11.77,11.77,11.07,11.25,596398,6729569.50
2023-08-25,11.10,11.20,10.62,10.68,590861,6490104.00
2023-08-28,11.36,11.49,10.55,10.68,608225,6614944.00
2023-08-29,10.62,11.27,10.51,11.23,602517,6630839.00
2023-08-30,11.12,11.60,11.12,11.50,461157,5237283.50
2023-08-31,11.47,11.47,11.06,11.30,735002,8246223.50
2023-09-01,11.30,11.87,11.30,11.69,761882,8899194.00
2023-09-04,12.09,12.45,12.01,12.03,962120,11754863.00
2023-09-05,12.09,12.09,11.60,11.70,362107,4283980.00
2023-09-06,11.74,11.76,11.52,11.66,314202,3667963.25
2023-09-07,11.66,11.75,11.25,11.25,390995,4493516.50
2023-09-08,11.41,12.40,11.21,11.90,1280164,15385142.00
2023-09-11,11.75,12.49,11.50,12.12,864637,10500396.00
2023-09-12,12.03,12.12,11.82,11.92,358037,4269927.00
2023-09-13,11.84,12.30,11.84,11.99,316624,3825717.75
2023-09-14,11.93,12.21,11.80,11.83,283701,3386046.25
2023-09-15,11.99,11.99,11.71,11.77,150917,1778366.88
2023-09-18,11.67,11.85,11.63,11.75,187906,2201096.25
2023-09-19,11.65,11.66,11.47,11.47,143874,1663103.13
2023-09-20,11.53,11.53,11.03,11.15,231531,2597795.50
2023-09-21,11.10,11.25,11.08,11.09,162062,1805641.75
2023-09-22,11.09,11.38,10.96,11.23,648942,7274525.00
2023-09-25,11.22,11.22,10.89,10.90,505839,5572215.50
2023-09-26,10.91,11.10,10.85,10.87,63951,696732.81
2023-09-27,10.84,11.04,10.81,10.87,159747,1737750.25
2023-09-28,10.90,11.10,10.90,11.05,112918,1240238.63
2023-10-09,11.06,11.29,11.06,11.25,479533,5382058.00
2023-10-10,11.26,11.29,10.95,11.16,250874,2797612.50
2023-10-11,11.16,11.16,10.90,11.01,224600,2468504.50
2023-10-12,10.87,11.08,10.85,10.97,76479,834675.44
2023-10-13,10.86,11.08,10.77,10.88,187605,2039069.63
2023-10-16,10.88,11.29,10.80,11.10,372565,4098232.75
2023-10-17,11.00,11.04,10.75,10.88,176621,1912517.63
2023-10-18,10.81,11.03,10.58,10.58,281152,3004520.00
2023-10-19,10.68,10.98,10.42,10.42,211930,2252882.75
2023-10-20,10.48,10.48,10.11,10.11,175515,1798760.25
2023-10-23,10.06,10.32,9.70,9.70,278564,2766908.25
2023-10-24,9.75,9.86,9.64,9.85,165729,1618479.75
2023-10-25,9.90,10.24,9.79,9.98,163876,1640416.88
2023-10-26,9.92,10.03,9.72,9.76,317769,3116677.50
2023-10-27,9.89,10.28,9.68,10.17,417472,4148993.50
2023-10-30,9.98,10.40,9.94,10.25,592615,5989562.50
2023-10-31,10.14,10.22,10.05,10.08,230253,2336183.75
2023-11-01,10.04,10.17,9.85,9.85,313517,3121058.50
2023-11-02,9.91,9.94,9.67,9.67,247859,2437109.75
2023-11-03,9.73,9.93,9.67,9.84,460869,4517764.00
2023-11-06,9.82,10.26,9.82,10.11,973357,9833565.00
2023-11-07,10.15,10.17,10.03,10.13,341979,3450540.50
2023-11-08,10.08,10.49,10.07,10.42,519891,5382949.00
2023-11-09,10.41,10.45,10.28,10.37,324419,3366478.50
2023-11-10,10.42,10.88,10.42,10.46,1045133,11162403.00
2023-11-13,10.38,10.84,10.29,10.66,764998,8094656.00
2023-11-14,10.70,11.30,10.56,11.25,1408876,15590266.00
2023-11-15,11.21,11.28,10.90,10.95,1201416,13298142.00
2023-11-16,10.98,10.98,10.67,10.67,550907,5930964.50
2023-11-17,10.81,11.06,10.81,10.89,480157,5246114.00
2023-11-20,10.98,11.40,10.85,11.31,1080538,12010363.00
2023-11-21,11.36,12.46,11.28,11.78,2244269,26874678.00
2023-11-22,11.68,12.88,11.60,12.73,3530572,43613468.00
2023-11-23,12.81,13.49,11.83,12.29,3088764,39488872.00
2023-11-24,12.30,13.78,12.21,13.65,3984311,52323980.00
2023-11-27,13.90,15.53,13.90,15.21,5725290,84015232.00
2023-11-28,14.00,16.18,13.81,14.70,4925625,73818792.00
2023-11-29,14.76,15.18,13.13,13.30,3153843,44687124.00
2023-11-30,13.07,13.59,12.10,12.63,2908543,37615084.00
2023-12-01,12.79,12.85,12.07,12.45,2134335,26497366.00
2023-12-04,12.45,12.75,12.15,12.58,1610724,18876856.00
2023-12-05,12.50,13.60,12.40,13.50,3529487,46364776.00
2023-12-06,13.68,13.80,13.17,13.29,2476443,33327080.00
2023-12-07,13.35,13.89,13.13,13.77,2814763,38381036.00
2023-12-08,13.78,14.45,13.60,14.10,2656233,36634416.00
2023-12-11,14.09,14.70,13.15,13.77,2338747,32015730.00
2023-12-12,13.69,14.18,13.39,14.05,1740103,24298648.00
2023-12-13,14.10,14.66,13.86,14.50,3544691,51106912.00
2023-12-14,14.30,15.20,14.30,14.55,3356903,49811996.00
2023-12-15,14.55,14.97,14.03,14.58,2252591,32572192.00
2023-12-18,14.26,15.49,14.26,15.32,3626942,54097628.00
2023-12-19,15.32,15.47,14.54,15.02,3007830,44920376.00
2023-12-20,15.06,15.68,14.83,15.68,4233782,65002636.00
2023-12-21,15.70,15.88,14.14,14.58,4824066,72128800.00
2023-12-22,14.39,15.70,14.28,15.70,5525375,83042080.00
2023-12-25,16.38,19.88,16.38,18.45,10925305,199883552.00
2023-12-26,17.77,19.48,17.10,19.15,10105378,182044240.00
2023-12-27,18.44,18.57,17.47,17.62,5846173,104905032.00
2023-12-28,17.50,18.08,17.00,17.15,4262015,74211168.00
2023-12-29,17.00,18.09,16.70,18.00,4914632,86633432.00
2024-01-02,18.06,22.30,18.06,20.17,10379636,208858768.00
2024-01-03,19.51,19.70,18.58,19.09,6759049,129083632.00
2024-01-04,19.28,20.10,18.98,19.80,5306869,104190128.00
2024-01-05,19.60,20.93,18.56,20.82,7463284,148423984.00
2024-01-08,20.22,21.47,19.24,19.30,6197231,126480592.00
2024-01-09,18.92,19.18,17.10,17.92,5877481,107137920.00
2024-01-10,17.63,18.53,17.40,18.48,3322487,60427032.00
2024-01-11,18.50,19.35,17.81,18.90,4072307,76423944.00
2024-01-12,19.00,19.23,16.15,16.45,5781978,103041680.00
2024-01-15,15.91,16.00,14.37,14.75,5630441,84764480.00
2024-01-16,14.80,15.84,13.88,15.63,5192379,77211128.00
2024-01-17,15.19,15.99,15.00,15.00,3895554,60079888.00
2024-01-18,14.84,15.57,14.35,15.57,3275022,49235140.00
2024-01-19,15.55,16.45,15.45,16.15,3910371,62819012.00
2024-01-22,15.78,16.14,14.76,15.01,2729134,42583532.00
2024-01-23,14.93,15.33,14.62,15.03,1724159,25850024.00
2024-01-24,15.20,15.25,13.98,14.72,2362574,34484244.00
2024-01-25,14.73,15.13,14.13,14.43,2146797,31301404.00
2024-01-26,14.60,14.96,14.20,14.50,1798552,26333776.00
2024-01-29,14.30,14.38,12.80,12.83,2516416,33902200.00
2024-01-30,12.72,13.08,12.11,12.65,1425634,17945890.00
2024-01-31,12.40,13.26,12.40,12.88,1642715,21201106.00
2024-02-01,12.80,12.92,12.03,12.10,1095605,13663436.00
2024-02-02,12.18,12.30,10.86,11.23,1699648,19568172.00
2024-02-05,11.00,11.49,9.96,10.81,1400961,14929788.00
2024-02-06,10.66,12.18,10.50,11.84,2018488,23366668.00
2024-02-07,11.98,14.66,11.98,13.08,4583433,61246348.00
2024-02-08,12.55,13.15,11.80,12.91,2816673,35305668.00
2024-02-19,12.90,13.37,12.58,13.24,2298961,29828812.00
2024-02-20,13.20,13.88,12.81,13.78,2627534,35497968.00
2024-02-21,13.77,14.10,13.50,13.55,2554189,35316632.00
2024-02-22,13.26,13.96,13.22,13.30,1874941,25136806.00
2024-02-23,13.25,13.42,12.79,13.15,1830960,24030268.00
2024-02-26,13.10,13.48,13.00,13.23,1451606,19292482.00
2024-02-27,13.23,14.00,13.03,13.92,2878457,39494196.00
2024-02-28,14.14,14.42,13.26,13.30,2559778,35475588.00
2024-02-29,13.06,14.22,13.06,14.01,2655233,36377436.00
2024-03-01,14.40,14.88,14.10,14.39,3368087,48815332.00
2024-03-04,14.30,14.30,13.70,14.03,2044438,28551638.00
2024-03-05,14.04,15.00,13.88,14.37,4499280,65812448.00
2024-03-06,13.92,14.75,13.73,14.40,2942891,41999484.00
2024-03-07,14.44,14.50,13.52,13.56,2398631,33485680.00
2024-03-08,13.68,13.93,13.38,13.50,1281418,17436366.00
2024-03-11,13.44,13.80,13.11,13.65,1526613,20511014.00
2024-03-12,13.58,14.66,13.57,14.38,3518345,49778968.00
2024-03-13,14.16,14.85,13.80,13.99,3756421,53639644.00
2024-03-14,13.77,14.13,13.30,13.35,1997165,27242836.00
2024-03-15,13.12,14.11,13.11,13.85,2195367,30157166.00
2024-03-18,13.87,14.55,13.76,14.23,2747389,39098576.00
2024-03-19,14.08,14.40,13.80,13.89,1837295,25784704.00
2024-03-20,13.87,14.10,13.72,13.91,1544892,21428888.00
2024-03-21,14.00,14.37,13.48,14.21,2714375,37912884.00
2024-03-22,14.31,14.94,14.21,14.25,3667729,53491568.00
2024-03-25,14.04,14.28,13.43,13.55,1850291,25618170.00
2024-03-26,13.57,13.66,12.88,13.13,1675978,22115714.00
2024-03-27,13.13,13.53,12.92,12.92,1489692,19682504.00
2024-03-28,13.18,14.34,12.92,14.34,3745365,51347668.00
2024-03-29,14.25,14.40,13.70,13.78,2433463,33928148.00
2024-04-01,13.73,13.99,13.61,13.85,1308311,18083224.00
2024-04-02,13.95,14.50,13.86,14.29,3341679,47527664.00
2024-04-03,14.10,14.30,13.61,13.90,1989891,27594686.00
2024-04-08,13.91,13.91,12.92,13.15,1693727,22607038.00
2024-04-09,13.16,13.36,13.05,13.34,667341,8836280.00
2024-04-10,13.20,13.93,13.16,13.69,1807578,24719496.00
2024-04-11,13.82,13.84,13.43,13.43,1082634,14742761.00
2024-04-12,13.20,13.50,13.20,13.38,722831,9643256.00
2024-04-15,13.30,13.78,12.16,12.55,2354036,30474350.00
2024-04-16,12.50,12.54,11.21,11.25,1865994,21742720.00
2024-04-17,11.35,12.09,11.35,11.90,1072554,12686557.00
2024-04-18,11.94,12.58,11.80,12.12,1563155,19214308.00
2024-04-19,11.71,13.37,11.70,12.86,2884317,36536708.00
2024-04-22,12.84,16.33,12.70,15.86,9179534,136643808.00
2024-04-23,15.00,15.77,14.03,14.20,6523876,96838816.00
2024-04-24,13.80,14.84,13.80,14.37,4869943,69598064.00
2024-04-25,14.00,14.33,13.59,13.75,3969065,54912648.00
2024-04-26,13.94,13.94,13.51,13.65,2947741,40418188.00
2024-04-29,13.20,13.41,12.86,13.16,3551487,46649556.00
2024-04-30,13.16,13.24,12.32,12.36,2976674,37743220.00
2024-05-06,12.52,12.60,12.37,12.50,1469092,18362022.00
2024-05-07,12.50,14.13,12.43,13.63,6357660,86051568.00
2024-05-08,13.30,13.40,12.74,12.82,3567019,46382060.00
2024-05-09,12.80,13.32,12.58,13.10,2921790,37915800.00
2024-05-10,13.07,13.19,12.50,12.54,2045952,26093178.00
2024-05-13,12.41,12.47,12.10,12.18,1255223,15346170.00
2024-05-14,12.19,12.37,11.97,12.10,1282522,15499608.00
2024-05-15,12.08,12.48,12.00,12.09,1508861,18486362.00
2024-05-16,12.00,12.22,11.80,12.04,1199504,14409196.00
2024-05-17,12.09,12.40,12.01,12.33,1530341,18750286.00
2024-05-20,12.16,12.84,12.16,12.76,2256734,28437942.00
2024-05-21,12.56,12.66,12.17,12.23,1466114,18058930.00
2024-05-22,12.22,12.40,12.05,12.24,1031676,12613061.00
2024-05-23,12.40,13.98,12.37,12.97,5828452,76452328.00
2024-05-24,12.61,13.08,12.53,12.95,3548482,45222756.00
2024-05-27,12.75,12.87,12.39,12.57,1754481,22021690.00
2024-05-28,12.46,12.84,12.34,12.61,1392172,17569232.00
2024-05-29,12.67,13.15,12.43,12.58,1955754,24865888.00
2024-05-30,12.50,12.70,12.19,12.19,2086118,25819304.00
2024-05-31,12.19,12.52,12.12,12.45,1834674,22604074.00
2024-06-03,12.40,12.60,12.10,12.20,1353446,16679939.00
2024-06-04,12.06,12.21,11.97,12.09,993358,11990376.00
2024-06-05,12.00,12.39,12.00,12.13,1534908,18773368.00
2024-06-06,12.02,12.19,11.42,11.49,1620745,19037232.00
2024-06-07,11.50,11.85,11.50,11.69,1169916,13652380.00
2024-06-11,11.61,11.85,11.40,11.82,915116,10651720.00
2024-06-12,11.76,12.05,11.72,11.85,793638,9392774.00
2024-06-13,11.84,11.84,11.60,11.73,797435,9318236.00
2024-06-14,11.76,11.96,11.67,11.95,1011359,11972900.00
2024-06-17,11.81,12.03,11.70,11.77,638945,7546758.50
2024-06-18,11.71,11.86,11.71,11.78,719917,8492411.00
2024-06-19,11.78,12.15,11.75,11.94,1375116,16502739.00
2024-06-20,11.86,12.08,11.67,12.02,1364790,16195836.00
2024-06-21,11.95,12.38,11.90,12.33,1481505,18130276.00
2024-06-24,12.33,12.48,11.73,11.86,1207280,14646576.00
2024-06-25,11.89,12.16,11.76,11.88,1086148,12955728.00
2024-06-26,11.90,12.15,11.79,12.09,961767,11550050.00
2024-06-27,12.04,12.13,11.68,11.76,941885,11209009.00
2024-06-28,11.76,12.25,11.76,12.00,1479062,17824194.00
2024-07-01,11.82,12.03,11.76,11.96,1223168,14513658.00
2024-07-02,11.87,11.93,11.77,11.84,852953,10093382.00
2024-07-03,11.88,11.88,11.48,11.48,911097,10595955.00
2024-07-04,11.56,11.76,11.26,11.30,655280,7520133.50
2024-07-05,11.30,11.34,11.00,11.30,598035,6689869.00
2024-07-08,11.30,11.30,10.81,10.86,760858,8374722.00
2024-07-09,10.80,11.08,10.69,11.00,550788,6029199.50
2024-07-10,11.05,11.27,10.92,11.03,556142,6168261.50
2024-07-11,10.80,10.94,10.71,10.86,661971,7176852.00
2024-07-12,10.93,11.15,10.85,10.98,709992,7816819.50
2024-07-15,10.98,10.98,10.65,10.65,538272,5791868.50
2024-07-16,10.66,11.21,10.51,11.18,1299450,14207777.00
2024-07-17,11.15,12.30,11.08,12.02,3461168,40829860.00
2024-07-18,12.19,12.28,11.57,11.81,2324861,27654480.00
2024-07-19,11.67,12.08,11.54,11.80,2189194,25903620.00
2024-07-22,11.60,11.90,11.41,11.62,1402973,16293379.00
2024-07-23,11.68,11.73,11.15,11.20,1140289,12982624.00
2024-07-24,11.26,11.70,10.92,11.37,1800785,20322074.00
2024-07-25,11.17,11.66,11.00,11.41,1467638,16749705.00
2024-07-26,11.47,12.15,11.36,11.94,2795828,33078416.00
2024-07-29,11.83,12.37,11.74,11.84,2425115,29231656.00
2024-07-30,11.92,12.52,11.76,12.30,3245907,39672628.00
2024-07-31,12.18,12.46,12.00,12.27,2693149,32812800.00
2024-08-01,12.20,13.34,12.20,12.44,4705413,60114000.00
2024-08-02,12.20,12.65,11.82,11.92,3070440,37300852.00
2024-08-05,11.72,12.05,11.36,11.36,1974907,22955960.00
2024-08-06,11.47,11.77,11.25,11.49,1749509,20159058.00
2024-08-07,11.41,11.95,11.33,11.64,1966497,22953594.00
2024-08-08,11.58,11.60,11.03,11.10,1919441,21595908.00
2024-08-09,11.03,11.25,11.01,11.02,814478,9021591.00
2024-08-12,10.96,11.10,10.92,10.94,544358,5988356.00
2024-08-13,10.92,11.15,10.85,11.08,926049,10220679.00
2024-08-14,11.03,11.09,10.82,10.88,542269,5920005.00
2024-08-15,10.79,11.05,10.79,10.91,507736,5543979.50
2024-08-16,10.95,10.99,10.60,10.66,929546,10017209.00
2024-08-19,10.61,10.73,10.52,10.55,690465,7332261.00
2024-08-20,10.53,10.75,10.50,10.61,521547,5540951.50
2024-08-21,10.62,10.62,10.43,10.53,405914,4264792.50
2024-08-22,10.59,10.66,10.25,10.26,686638,7188389.00
2024-08-23,10.32,10.32,10.00,10.12,485104,4908046.50
2024-08-26,10.15,10.28,10.04,10.15,380431,3865385.25
2024-08-27,10.18,10.18,9.82,9.86,363546,3602443.00
2024-08-28,9.95,10.08,9.83,10.05,416282,4157388.00
2024-08-29,9.92,10.15,9.84,10.06,543135,5439926.50
2024-08-30,9.50,9.68,9.16,9.59,2764573,26105168.00
2024-09-02,9.49,9.58,9.02,9.07,1540873,14274377.00
2024-09-03,9.14,9.15,8.99,9.01,767186,6956802.00
2024-09-04,8.97,8.97,8.77,8.78,810718,7169113.00
2024-09-05,8.73,9.10,8.73,8.93,726187,6491326.50
2024-09-06,8.96,9.15,8.87,8.93,684874,6149760.00
2024-09-09,8.97,9.00,8.81,8.91,335612,2985794.00
2024-09-10,8.88,8.99,8.78,8.92,437257,3875771.50
2024-09-11,8.98,9.00,8.86,8.97,351075,3137371.50
2024-09-12,9.04,9.15,8.95,8.96,443072,4003862.25
2024-09-13,8.88,9.17,8.68,9.02,776318,6939616.00
2024-09-18,8.95,8.97,8.82,8.87,380000,3374881.00
2024-09-19,8.92,9.08,8.81,8.96,469170,4198116.50
2024-09-20,9.04,9.12,8.92,8.98,380472,3430752.00
2024-09-23,8.91,9.03,8.75,8.87,325201,2884236.25
2024-09-24,8.87,9.14,8.80,9.11,668073,6019854.00
2024-09-25,9.23,9.34,9.15,9.30,1062613,9856608.00
2024-09-26,9.36,9.54,9.22,9.54,1115024,10476159.00
2024-09-27,9.63,10.42,9.56,10.19,1726769,17377618.00
2024-09-30,10.70,12.21,10.34,11.94,4270931,48810192.00
2024-10-08,15.00,15.40,12.80,14.99,9242637,132656304.00
2024-10-09,13.86,16.76,13.20,14.28,9215787,140643280.00
2024-10-10,13.82,14.36,12.58,12.90,6532869,87325552.00
2024-10-11,12.50,12.89,11.38,11.58,3648692,44030936.00
2024-10-14,12.50,15.05,12.48,15.05,13417955,196136240.00
2024-10-15,14.51,19.50,14.06,17.78,18024095,297278432.00
2024-10-16,16.02,17.58,15.72,16.60,13184613,220271616.00
2024-10-17,16.60,19.35,15.88,17.07,14215595,248547936.00
2024-10-18,16.36,18.39,15.83,17.80,13184150,226966960.00
2024-10-21,18.85,23.14,18.08,23.14,14428711,303960672.00
2024-10-22,22.00,22.99,19.33,19.46,12982309,270704672.00
2024-10-23,19.01,25.29,18.23,24.80,18113512,423535104.00
2024-10-24,23.00,26.77,22.22,24.28,14731706,355463232.00
2024-10-25,24.26,26.04,22.18,22.80,12115558,293972800.00
2024-10-28,21.65,24.22,20.98,22.81,8559633,194944160.00
2024-10-29,22.06,23.20,22.06,22.58,7864398,176920512.00
2024-10-30,22.13,23.58,20.50,21.00,7045576,154744096.00
2024-10-31,21.12,21.19,19.38,20.04,6949432,139693104.00
2024-11-01,20.14,21.68,19.41,20.11,5853896,121115336.00
2024-11-04,19.79,21.48,19.62,20.89,3940981,81493688.00
2024-11-05,22.89,27.15,22.36,27.15,6767191,179628640.00
2024-11-06,35.29,35.29,35.29,35.29,1534985,54169620.00
2024-11-07,33.22,42.93,29.50,37.98,19168026,647372032.00
2024-11-08,35.88,43.00,35.20,36.48,14879492,578129216.00
2024-11-11,37.00,37.50,33.28,34.04,9732569,335228800.00
2024-11-12,32.63,33.90,29.94,31.00,9031911,284289952.00
2024-11-13,31.15,32.43,30.80,31.49,5673354,178598016.00
2024-11-14,31.01,32.43,30.35,30.85,4991698,156271728.00
2024-11-15,31.20,31.66,29.03,29.64,5428254,163059968.00
2024-11-18,29.98,30.20,27.18,27.53,4274626,121019424.00
2024-11-19,28.08,29.43,26.50,28.99,4858502,136776208.00
2024-11-20,29.30,30.35,28.14,30.34,5638922,166604656.00
2024-11-21,30.35,31.00,29.50,30.00,5000933,151631680.00
2024-11-22,30.40,37.17,30.00,32.17,11615594,383702112.00
2024-11-25,30.80,34.00,30.38,33.65,8524888,275275328.00
2024-11-26,32.00,33.70,30.18,30.31,5253732,168803424.00
2024-11-27,30.70,30.70,27.06,30.02,4642991,135065520.00
2024-11-28,29.72,31.99,29.00,29.01,4670122,141651008.00
2024-11-29,28.28,29.77,27.92,29.33,4556159,132385712.00
2024-12-02,30.70,30.70,29.30,29.71,3931918,117232760.00
2024-12-03,29.71,29.71,29.71,29.71,0,0.00
#数据来源:通达信
