837663 明阳科技 日线 不复权
      日期	    开盘	    最高	    最低	    收盘	    成交量	    成交额
2017-12-14,3.00,3.00,3.00,3.00,2366000,7098000.00
2017-12-28,6.00,6.00,6.00,6.00,1038000,6228000.00
2020-04-01,6.00,6.00,6.00,6.00,600,3600.00
2020-04-02,8.00,10.00,8.00,10.00,200,1800.00
2020-04-03,9.99,9.99,9.99,9.99,200,1998.00
2020-04-09,9.99,9.99,8.00,8.00,2000,16199.00
2020-04-14,8.00,8.00,8.00,8.00,400,3200.00
2020-04-16,8.00,8.00,8.00,8.00,900,7200.00
2020-04-17,8.01,8.01,8.00,8.00,2600,20802.00
2020-05-06,8.00,8.00,8.00,8.00,200,1600.00
2020-07-07,6.92,6.92,6.92,6.92,100,692.00
2020-07-27,5.00,5.00,5.00,5.00,100,500.00
2020-07-28,5.00,5.00,5.00,5.00,100,500.00
2020-07-29,5.00,5.00,5.00,5.00,300,1500.00
2020-08-20,6.17,6.17,6.17,6.17,100,617.00
2020-08-24,3.69,3.69,3.69,3.69,100,369.00
2020-08-26,5.17,5.17,5.17,5.17,100,517.00
2020-10-27,5.31,5.31,5.31,5.31,100,531.00
2020-10-29,5.35,5.35,5.35,5.35,100,535.00
2020-11-27,5.65,5.65,5.65,5.65,100,565.00
2020-12-01,11.11,11.11,11.11,11.11,200,2222.00
2020-12-10,16.00,16.00,16.00,16.00,400,7040.00
2020-12-11,16.00,16.00,16.00,16.00,100,1616.00
2020-12-21,10.79,12.16,10.00,12.16,500,5345.00
2020-12-23,10.50,10.50,10.50,10.50,100,1050.00
2020-12-25,16.00,16.00,16.00,16.00,200,3200.00
2021-01-18,11.49,15.88,11.49,15.88,500,6657.00
2021-01-19,17.00,17.00,17.00,17.00,0,357.00
2021-01-21,15.00,15.00,11.50,11.50,200,3469.92
2021-02-04,15.00,15.00,15.00,15.00,100,1260.00
2021-02-22,15.00,15.00,14.94,14.94,100,1664.34
2021-03-08,14.49,14.49,14.49,14.49,100,1289.61
2021-07-26,7.29,7.29,7.29,7.29,100,729.00
2021-08-20,9.01,9.17,9.01,9.17,300,2735.00
2021-08-25,10.02,10.02,10.02,10.02,100,1002.00
2021-09-01,10.98,10.98,10.98,10.98,100,1098.00
2021-09-02,12.77,12.77,12.77,12.77,200,2554.00
2021-09-09,13.57,13.57,13.57,13.57,100,1357.00
2021-09-13,14.17,14.17,14.17,14.17,100,1417.00
2021-09-22,14.44,14.44,14.44,14.44,100,1444.00
2021-09-28,16.45,16.45,16.45,16.45,300,4523.75
2021-09-29,16.48,16.48,16.48,16.48,100,1648.00
2021-09-30,16.48,16.48,16.48,16.48,100,1648.00
2021-10-11,16.79,16.79,16.79,16.79,100,1680.00
2021-10-18,17.00,17.00,17.00,17.00,100,1700.00
2021-11-08,19.00,19.00,19.00,19.00,100,1900.00
2021-11-15,17.00,17.00,17.00,17.00,200,3400.00
2021-12-15,19.01,19.11,19.01,19.11,400,7138.75
2021-12-16,19.12,19.12,19.12,19.12,100,1912.00
2021-12-20,19.15,19.15,19.15,19.15,100,1915.00
2021-12-21,19.18,19.18,19.18,19.18,100,1918.00
2021-12-22,19.20,19.20,19.20,19.20,100,1921.00
2022-01-10,19.15,19.15,19.15,19.15,100,1915.00
2022-01-14,19.21,19.21,19.21,19.21,100,1922.00
2022-01-18,19.16,19.16,19.16,19.16,100,1916.00
2022-01-24,19.16,19.16,19.16,19.16,235000,3604900.00
2022-01-26,19.23,19.23,19.23,19.23,300,5480.55
2022-01-27,19.23,19.23,19.23,19.23,716900,10997093.00
2022-02-09,35.40,35.40,35.40,35.40,100,3540.00
2022-03-03,19.12,19.12,19.12,19.12,100,1913.00
2022-03-10,18.00,18.00,18.00,18.00,200,3600.00
2022-03-15,18.00,18.00,18.00,18.00,300,5400.00
2022-03-28,18.00,18.00,18.00,18.00,100,1800.00
2022-03-29,17.99,17.99,17.99,17.99,100,1799.00
2022-03-30,17.99,17.99,17.99,17.99,100,1799.00
2022-05-11,17.00,17.00,17.00,17.00,100,1700.00
2022-05-20,17.18,17.18,17.18,17.18,300,5154.00
2023-03-15,11.59,11.90,11.22,11.73,7914449,92026800.00
2023-03-16,11.38,11.47,11.09,11.14,2023075,22756004.00
2023-03-17,11.13,11.22,10.99,11.08,1030035,11439659.00
2023-03-20,11.00,11.13,10.67,10.67,775271,8414049.00
2023-03-21,10.68,11.05,10.67,10.99,510604,5544990.50
2023-03-22,10.98,11.06,10.95,10.99,308632,3398290.25
2023-03-23,10.96,11.06,10.91,11.03,292362,3218898.00
2023-03-24,11.05,11.31,11.02,11.22,794354,8907887.00
2023-03-27,11.15,11.21,11.06,11.13,324451,3606721.75
2023-03-28,11.24,11.26,11.00,11.01,206963,2295543.00
2023-03-29,11.16,11.17,10.90,10.90,147542,1623171.13
2023-03-30,10.95,11.10,10.73,11.00,304218,3324755.50
2023-03-31,11.07,11.07,10.93,10.97,65529,719325.44
2023-04-03,10.94,10.98,10.91,10.93,95182,1040955.25
2023-04-04,10.91,10.99,10.91,10.95,79775,872572.81
2023-04-06,10.92,10.97,10.89,10.92,69639,760102.31
2023-04-07,10.81,10.96,10.81,10.89,163102,1769841.38
2023-04-10,10.85,10.88,10.83,10.86,46471,504268.69
2023-04-11,10.86,10.86,10.71,10.78,132047,1424644.00
2023-04-12,10.76,10.76,10.64,10.73,125008,1334244.88
2023-04-13,10.67,10.85,10.66,10.75,70415,757230.00
2023-04-14,10.71,10.75,10.70,10.74,79678,854351.38
2023-04-17,10.75,10.88,10.73,10.79,157955,1706295.50
2023-04-18,10.85,10.93,10.79,10.84,148911,1613738.50
2023-04-19,10.80,10.87,10.80,10.84,123630,1338159.63
2023-04-20,10.84,10.89,10.70,10.82,173806,1872129.88
2023-04-21,10.86,10.86,10.67,10.67,104510,1120343.50
2023-04-24,10.72,10.77,10.65,10.76,128741,1378303.50
2023-04-25,10.77,10.77,10.50,10.65,167555,1784099.75
2023-04-26,10.63,10.73,10.51,10.71,235204,2490142.25
2023-04-27,10.71,10.93,10.69,10.80,350461,3791086.50
2023-04-28,11.03,11.37,10.85,11.32,848082,9484474.00
2023-05-04,11.30,11.38,11.09,11.33,332527,3731703.25
2023-05-05,11.25,11.93,11.25,11.88,1132845,13212459.00
2023-05-08,11.93,12.35,11.89,12.23,1268376,15408410.00
2023-05-09,12.25,12.58,11.15,11.64,1262184,15278559.00
2023-05-10,11.50,11.68,11.20,11.48,752328,8503156.00
2023-05-11,11.28,11.57,11.24,11.43,255837,2907059.75
2023-05-12,11.46,11.46,11.25,11.42,192979,2186893.25
2023-05-15,11.35,11.97,11.31,11.60,291541,3392689.00
2023-05-16,11.51,11.60,11.29,11.30,168249,1927815.38
2023-05-17,11.30,11.50,11.28,11.39,159695,1817663.25
2023-05-18,11.31,11.48,11.31,11.41,137084,1556189.88
2023-05-19,11.35,11.43,11.31,11.43,145176,1648822.38
2023-05-22,11.43,11.68,11.36,11.44,224461,2578145.75
2023-05-23,11.40,11.56,11.38,11.44,209923,2402927.25
2023-05-24,11.49,11.57,11.44,11.55,162148,1866001.25
2023-05-25,11.55,11.77,11.54,11.59,355744,4136572.75
2023-05-26,11.55,11.90,11.41,11.82,392322,4571679.50
2023-05-29,11.73,11.75,11.43,11.50,354220,4080054.25
2023-05-30,11.68,11.69,11.43,11.52,81376,937230.50
2023-05-31,11.51,11.51,11.36,11.47,149574,1711558.25
2023-06-01,11.36,11.53,11.36,11.46,120845,1383380.00
2023-06-02,11.48,11.52,11.40,11.49,100833,1157884.00
2023-06-05,11.58,11.58,11.40,11.50,217401,2491288.50
2023-06-06,11.50,11.57,11.38,11.38,234528,2699355.75
2023-06-07,10.88,10.88,10.52,10.52,228296,2425074.00
2023-06-08,10.51,10.73,10.42,10.69,156316,1645309.13
2023-06-09,10.55,10.75,10.54,10.67,49169,522862.25
2023-06-12,10.48,11.58,10.47,11.12,719005,7908804.50
2023-06-13,11.11,11.38,10.93,11.24,424676,4731450.50
2023-06-14,11.05,11.17,10.75,10.95,293347,3182755.50
2023-06-15,10.93,11.09,10.74,10.85,122378,1325617.88
2023-06-16,10.93,10.93,10.66,10.86,261675,2809187.00
2023-06-19,10.75,10.77,10.57,10.59,222918,2372614.75
2023-06-20,10.57,10.72,10.53,10.59,226639,2407997.25
2023-06-21,10.54,11.20,10.52,11.20,824466,9017758.00
2023-06-26,11.11,11.41,11.11,11.23,1198983,13478749.00
2023-06-27,11.20,11.27,11.00,11.24,526944,5891754.00
2023-06-28,12.00,13.99,12.00,13.25,4548376,59367168.00
2023-06-29,13.65,17.22,13.50,17.05,5824463,87903920.00
2023-06-30,15.58,16.05,14.40,15.60,3647864,56364632.00
2023-07-03,16.01,17.98,15.73,15.98,3245590,54279512.00
2023-07-04,15.41,17.68,15.00,17.28,4102668,67981784.00
2023-07-05,18.10,20.16,18.01,19.30,3781851,72780248.00
2023-07-06,18.95,19.00,17.88,18.08,2640459,48429020.00
2023-07-07,18.08,19.09,17.30,17.30,2742833,50381100.00
2023-07-10,17.17,17.17,15.52,15.80,2422938,39166540.00
2023-07-11,15.88,15.88,15.15,15.44,1442716,22303424.00
2023-07-12,15.39,15.86,14.45,14.88,1711301,25817542.00
2023-07-13,15.05,15.05,14.38,14.74,1300505,18989938.00
2023-07-14,14.85,15.40,14.66,14.90,1460343,21905450.00
2023-07-17,14.90,15.28,14.62,14.87,777579,11660875.00
2023-07-18,14.90,14.90,14.12,14.12,902147,12953118.00
2023-07-19,14.13,14.33,13.53,13.55,813752,11209551.00
2023-07-20,13.67,13.67,13.10,13.13,844308,11214517.00
2023-07-21,13.16,13.68,12.82,13.26,800473,10538888.00
2023-07-24,13.20,13.30,12.61,12.72,677742,8663108.00
2023-07-25,12.90,14.60,12.70,14.36,2016077,27669902.00
2023-07-26,14.30,14.30,13.38,13.73,1106421,15149609.00
2023-07-27,13.95,15.75,13.95,14.98,2731443,40940116.00
2023-07-28,14.48,14.88,14.08,14.73,1660776,24154918.00
2023-07-31,14.73,15.00,14.12,14.35,1182542,17051152.00
2023-08-01,14.39,14.39,13.19,13.52,1085967,14790986.00
2023-08-02,13.44,14.72,13.25,14.19,1505682,21309670.00
2023-08-03,13.98,14.50,13.90,13.93,495707,7020757.50
2023-08-04,14.18,14.33,13.75,14.02,442694,6198167.50
2023-08-07,14.00,14.20,13.80,13.98,372481,5214821.50
2023-08-08,13.98,14.18,13.70,14.08,476141,6620834.00
2023-08-09,13.85,14.03,13.76,13.87,202005,2800443.00
2023-08-10,13.70,13.91,13.50,13.64,240800,3291682.25
2023-08-11,13.58,13.69,13.42,13.63,258085,3504663.75
2023-08-14,13.45,13.73,13.00,13.19,369047,4891100.00
2023-08-15,13.16,13.33,12.77,13.15,412440,5355038.50
2023-08-16,13.18,13.19,12.78,12.96,359875,4642579.50
2023-08-17,12.84,13.67,12.84,13.25,350117,4638799.50
2023-08-18,13.10,13.28,12.76,12.96,345880,4477322.50
2023-08-21,13.00,13.00,12.40,12.53,404508,5111142.50
2023-08-22,12.69,12.95,12.42,12.72,200765,2559027.75
2023-08-23,12.90,12.90,12.35,12.40,183715,2299979.50
2023-08-24,12.43,12.67,11.80,11.80,365471,4469604.00
2023-08-25,12.08,12.08,11.18,11.20,497456,5642894.00
2023-08-28,12.28,12.28,10.88,11.34,1000395,11475597.00
2023-08-29,11.35,12.26,11.18,12.00,508193,6038122.50
2023-08-30,11.83,12.19,11.40,12.00,450964,5317451.00
2023-08-31,12.50,15.60,12.50,15.60,3058167,44586804.00
2023-09-01,15.68,18.88,15.54,16.76,3476045,60111684.00
2023-09-04,17.10,19.74,17.10,17.59,3044409,55139860.00
2023-09-05,16.85,16.85,15.20,15.69,2209539,35207896.00
2023-09-06,15.82,15.82,14.80,14.87,1675662,25337846.00
2023-09-07,14.56,16.65,14.56,16.13,2114074,33549722.00
2023-09-08,15.70,16.03,14.98,15.75,1362330,20955574.00
2023-09-11,16.00,16.00,15.10,15.43,746937,11540188.00
2023-09-12,15.43,16.15,15.40,15.51,868668,13737552.00
2023-09-13,15.31,15.33,14.46,14.74,1236791,18313798.00
2023-09-14,14.65,14.96,14.42,14.72,544972,8008785.00
2023-09-15,14.88,14.94,14.35,14.43,570145,8290627.00
2023-09-18,14.36,15.27,14.36,15.18,973390,14625397.00
2023-09-19,15.70,16.88,15.28,16.48,2056272,33219462.00
2023-09-20,16.42,16.58,15.29,16.18,1087111,17456912.00
2023-09-21,16.25,16.70,15.75,16.47,750758,12101062.00
2023-09-22,16.80,16.90,15.69,15.90,981121,15764250.00
2023-09-25,15.70,15.89,15.20,15.47,750349,11558800.00
2023-09-26,15.31,15.50,14.48,14.97,1704477,25172296.00
2023-09-27,14.80,15.47,14.75,15.16,1105330,16894498.00
2023-09-28,15.47,16.20,15.21,16.00,1218505,19088522.00
2023-10-09,16.40,16.59,15.75,15.76,1000087,16118258.00
2023-10-10,16.35,16.35,15.70,15.92,785062,12466038.00
2023-10-11,16.10,16.20,15.80,15.86,830639,13253490.00
2023-10-12,16.05,17.49,15.85,17.30,1790961,29820558.00
2023-10-13,17.10,17.10,16.01,16.30,1208530,19828212.00
2023-10-16,8.07,8.13,7.63,7.71,1525614,11964590.00
2023-10-17,7.67,8.13,7.20,8.00,1598792,12312326.00
2023-10-18,7.90,8.00,7.61,7.70,766917,5990586.00
2023-10-19,7.78,7.78,7.21,7.31,1482978,10950871.00
2023-10-20,7.35,7.37,7.03,7.06,875534,6234737.00
2023-10-23,7.03,7.03,6.72,6.81,706437,4827797.50
2023-10-24,6.88,7.59,6.80,7.33,1194742,8674752.00
2023-10-25,7.48,7.94,7.32,7.40,1596958,12129638.00
2023-10-26,7.37,7.88,7.14,7.62,1839771,14058015.00
2023-10-27,7.58,7.88,7.22,7.73,2456452,18603716.00
2023-10-30,7.72,8.09,7.56,7.95,2333089,18252924.00
2023-10-31,8.00,8.00,7.75,7.82,1546222,12162458.00
2023-11-01,7.85,7.90,7.61,7.66,1062577,8244921.00
2023-11-02,7.78,8.03,7.60,8.00,2251890,17712678.00
2023-11-03,8.33,8.80,8.05,8.59,5418620,46273640.00
2023-11-06,8.86,8.88,7.80,8.27,4154500,34145596.00
2023-11-07,8.13,8.42,8.03,8.27,2308134,19091708.00
2023-11-08,8.22,8.80,8.09,8.50,3187191,26880280.00
2023-11-09,8.63,8.66,8.25,8.28,2524103,21301612.00
2023-11-10,8.21,8.33,7.90,8.09,2127588,17178128.00
2023-11-13,8.05,8.44,8.05,8.19,1485326,12131943.00
2023-11-14,8.25,8.60,8.08,8.58,2828914,23563296.00
2023-11-15,8.80,8.84,8.42,8.51,3341759,28832844.00
2023-11-16,8.45,8.55,8.23,8.31,1866162,15566918.00
2023-11-17,8.23,8.99,8.12,8.82,4645050,40462368.00
2023-11-20,8.90,9.95,8.83,9.47,5535265,51786960.00
2023-11-21,9.52,12.20,9.20,10.48,11702012,125817896.00
2023-11-22,10.00,12.02,9.80,11.82,11735495,129158000.00
2023-11-23,11.30,12.80,10.88,10.96,9176091,107215440.00
2023-11-24,11.03,11.98,10.79,11.81,9525473,109885672.00
2023-11-27,11.99,15.33,11.99,15.27,14279173,190891424.00
2023-11-28,13.60,16.11,13.58,13.85,11036942,160847472.00
2023-11-29,13.80,14.70,12.10,12.72,8470389,115133576.00
2023-11-30,12.74,13.15,11.76,12.00,5813444,71944624.00
2023-12-01,12.00,12.20,10.63,11.14,5308486,60231460.00
2023-12-04,11.03,11.71,10.58,11.37,4121322,46358312.00
2023-12-05,11.42,12.79,11.09,12.48,6729971,82055088.00
2023-12-06,12.57,13.18,11.90,12.09,4679640,58033528.00
2023-12-07,12.19,12.66,11.88,12.38,3671343,45367548.00
2023-12-08,12.38,12.99,12.20,12.85,4169125,52932624.00
2023-12-11,12.80,14.17,12.69,13.25,6042734,81199232.00
2023-12-12,13.00,13.55,12.55,13.23,3704049,48290660.00
2023-12-13,13.40,14.23,13.06,14.21,5811044,79972504.00
2023-12-14,14.21,14.99,13.50,13.68,6376981,91212296.00
2023-12-15,13.70,14.10,13.05,13.49,3279719,44395080.00
2023-12-18,13.51,14.17,13.35,14.06,4229481,58691584.00
2023-12-19,14.06,14.14,13.48,13.71,3032146,41737128.00
2023-12-20,13.83,14.36,13.71,14.12,4487100,63273052.00
2023-12-21,14.21,14.65,11.88,11.94,6202172,81957128.00
2023-12-22,11.90,12.36,11.13,12.28,2412625,28986136.00
2023-12-25,12.28,13.56,12.28,13.44,4245602,55239360.00
2023-12-26,13.31,13.99,12.37,13.52,4573544,61699336.00
2023-12-27,13.05,13.87,13.05,13.73,3745687,50788832.00
2023-12-28,13.77,13.94,13.41,13.86,3915806,53693936.00
2023-12-29,13.95,14.78,13.81,14.26,4960581,70869424.00
2024-01-02,14.07,15.20,14.07,15.09,5867550,86908344.00
2024-01-03,15.50,16.63,14.80,15.08,7326677,114986184.00
2024-01-04,14.53,15.86,14.28,15.81,6497835,97694304.00
2024-01-05,15.38,15.73,14.16,14.40,4922212,73606584.00
2024-01-08,14.40,14.80,13.30,13.31,3487339,48333320.00
2024-01-09,13.33,13.85,12.37,12.98,3324535,43873908.00
2024-01-10,12.84,13.28,12.76,13.19,2144012,27924588.00
2024-01-11,13.12,13.39,12.80,13.17,1770355,23157900.00
2024-01-12,13.03,13.20,11.76,11.79,2928559,36135812.00
2024-01-15,11.70,12.10,11.18,11.61,2017165,23317606.00
2024-01-16,11.52,12.50,11.14,12.48,3212767,38460256.00
2024-01-17,12.42,12.92,12.13,12.18,2412898,30217090.00
2024-01-18,12.00,12.66,11.80,12.50,2367968,29135762.00
2024-01-19,12.53,13.24,12.52,12.93,2767716,35819236.00
2024-01-22,12.75,13.01,12.24,12.47,2306596,29255324.00
2024-01-23,12.38,12.70,12.20,12.43,1403961,17479850.00
2024-01-24,12.56,12.75,11.76,12.37,1613344,19769758.00
2024-01-25,12.40,12.41,11.68,11.99,1973736,23716278.00
2024-01-26,12.09,12.27,11.91,11.92,1358428,16392675.00
2024-01-29,11.95,11.95,10.41,10.49,2285083,25301668.00
2024-01-30,10.59,10.60,10.15,10.35,1512913,15568029.00
2024-01-31,10.27,10.74,10.22,10.46,1589256,16722571.00
2024-02-01,10.34,10.52,9.52,9.75,1797291,17992714.00
2024-02-02,9.84,9.93,8.83,9.20,2401077,22332842.00
2024-02-05,9.33,11.96,8.76,11.96,6696189,73611176.00
2024-02-06,12.10,15.50,12.10,14.41,12168311,170524640.00
2024-02-07,13.33,13.55,11.85,12.08,11558090,148746144.00
2024-02-08,11.33,11.62,10.20,10.73,6745646,73551896.00
2024-02-19,10.85,11.39,10.50,11.31,4520601,49478636.00
2024-02-20,11.15,11.72,11.07,11.46,3889330,44499000.00
2024-02-21,11.38,13.80,11.23,12.30,8549834,108673224.00
2024-02-22,11.85,12.51,11.66,12.42,5439340,65739000.00
2024-02-23,12.40,12.40,11.92,12.16,3811285,46242664.00
2024-02-26,12.12,12.60,11.92,12.27,3699909,45542544.00
2024-02-27,12.30,13.28,12.27,12.90,5567744,72152720.00
2024-02-28,13.20,13.47,11.89,12.08,5484979,69620096.00
2024-02-29,11.89,12.40,11.80,12.40,3133272,38057688.00
2024-03-01,12.42,12.65,12.13,12.28,2436745,30040822.00
2024-03-04,12.20,12.20,11.83,11.89,2169226,25950372.00
2024-03-05,11.99,12.17,11.48,11.78,2142000,25258710.00
2024-03-06,11.82,12.25,11.71,12.05,2181544,26241466.00
2024-03-07,12.04,12.10,11.32,11.33,2415482,28162576.00
2024-03-08,11.47,11.59,11.15,11.30,1098381,12460034.00
2024-03-11,11.28,11.58,11.27,11.50,1051464,12026660.00
2024-03-12,11.58,11.70,11.32,11.47,1069637,12294407.00
2024-03-13,11.47,11.59,11.37,11.40,988871,11312068.00
2024-03-14,11.49,11.66,11.36,11.41,1243360,14292063.00
2024-03-15,11.49,12.36,11.36,12.15,3214754,38508736.00
2024-03-18,12.30,12.30,11.95,12.09,1449594,17516560.00
2024-03-19,12.11,12.11,11.75,11.81,1403044,16682331.00
2024-03-20,11.90,12.05,11.80,11.91,932625,11105111.00
2024-03-21,11.91,11.92,11.38,11.54,1434527,16611088.00
2024-03-22,11.53,11.71,11.25,11.32,768423,8766643.00
2024-03-25,11.30,11.39,11.06,11.08,713984,7998882.00
2024-03-26,11.13,11.39,11.05,11.19,822709,9206787.00
2024-03-27,11.11,11.68,11.02,11.17,1487353,16928222.00
2024-03-28,11.06,11.40,11.06,11.22,845773,9519713.00
2024-03-29,11.22,11.44,11.14,11.24,684171,7704820.00
2024-04-01,11.24,11.41,11.23,11.37,700204,7919843.50
2024-04-02,11.42,11.42,11.08,11.08,671981,7525021.50
2024-04-03,11.07,11.16,10.84,10.85,856210,9397797.00
2024-04-08,10.90,10.90,10.31,10.36,856142,9004079.00
2024-04-09,10.38,10.47,10.26,10.36,382759,3974268.50
2024-04-10,10.25,12.37,10.25,11.49,4143183,48013368.00
2024-04-11,11.50,12.30,11.31,11.35,3292959,38728208.00
2024-04-12,10.90,11.27,10.61,10.69,1977927,21710764.00
2024-04-15,10.58,10.80,10.16,10.35,1302832,13626969.00
2024-04-16,10.20,10.40,9.84,10.37,1325675,13349952.00
2024-04-17,10.64,11.22,10.50,11.21,1815874,19843478.00
2024-04-18,11.08,11.43,10.85,11.02,1307528,14513376.00
2024-04-19,11.00,11.18,10.80,11.12,891796,9769098.00
2024-04-22,11.15,11.23,10.93,11.19,511817,5674009.50
2024-04-23,11.08,11.85,11.04,11.77,2301670,26701662.00
2024-04-24,11.88,11.97,11.47,11.60,1383584,16102507.00
2024-04-25,11.56,11.69,11.19,11.29,783232,8977174.00
2024-04-26,11.28,11.38,11.00,11.18,1123154,12551660.00
2024-04-29,11.22,11.48,11.17,11.35,1672668,18870818.00
2024-04-30,11.50,11.75,11.21,11.32,1546589,17640870.00
2024-05-06,11.44,11.48,11.24,11.31,1217996,13791775.00
2024-05-07,11.35,11.35,11.20,11.32,615008,6923094.50
2024-05-08,11.43,11.47,11.08,11.10,617971,6966975.00
2024-05-09,11.08,11.19,11.02,11.10,634939,7054226.00
2024-05-10,11.12,11.17,10.83,10.98,673988,7378980.50
2024-05-13,10.92,10.92,10.71,10.75,389418,4207366.00
2024-05-14,10.73,11.18,10.72,10.99,625273,6892825.50
2024-05-15,10.97,11.13,10.82,10.90,377349,4133640.00
2024-05-16,10.87,11.15,10.80,10.81,377496,4135846.75
2024-05-17,10.81,10.97,10.62,10.90,554064,5976617.50
2024-05-20,10.91,11.05,10.79,10.81,614560,6696993.50
2024-05-21,10.82,10.83,10.52,10.60,659560,6993230.50
2024-05-22,10.59,10.74,10.54,10.61,445906,4732260.00
2024-05-23,10.62,11.27,10.44,10.89,1438835,15728102.00
2024-05-24,10.92,11.03,10.69,10.74,604943,6554107.50
2024-05-27,10.74,10.87,10.62,10.70,385901,4123518.25
2024-05-28,10.71,10.79,10.59,10.70,316844,3393877.25
2024-05-29,10.69,10.79,10.63,10.66,234713,2511119.75
2024-05-30,10.53,10.72,10.41,10.44,485637,5097444.00
2024-05-31,10.43,10.56,10.42,10.42,231350,2422948.50
2024-06-03,10.32,10.52,10.32,10.40,307203,3194141.75
2024-06-04,10.41,10.50,10.36,10.41,286046,2979054.50
2024-06-05,10.42,10.55,10.32,10.32,290988,3030352.50
2024-06-06,10.33,10.47,10.15,10.21,597071,6116490.50
2024-06-07,9.86,10.22,9.82,9.90,374432,3734753.00
2024-06-11,9.91,10.17,9.77,10.09,313647,3123120.25
2024-06-12,10.10,10.38,10.08,10.21,419301,4277159.50
2024-06-13,10.20,10.27,10.10,10.10,202302,2051500.38
2024-06-14,10.11,10.17,10.02,10.02,194552,1961547.63
2024-06-17,10.01,10.09,9.73,9.78,350985,3474218.75
2024-06-18,9.79,10.07,9.79,9.86,279374,2762879.25
2024-06-19,9.87,10.29,9.78,10.00,602700,6071502.50
2024-06-20,10.01,10.20,9.77,9.85,463336,4590011.50
2024-06-21,9.86,10.12,9.84,9.94,403998,4041708.50
2024-06-24,9.95,9.98,9.62,9.66,442415,4319766.50
2024-06-25,9.67,9.96,9.52,9.73,561295,5487484.00
2024-06-26,9.72,9.93,9.62,9.84,343678,3362261.25
2024-06-27,9.84,9.93,9.55,9.62,321616,3143909.50
2024-06-28,9.62,9.75,9.53,9.65,235230,2273070.00
2024-07-01,9.66,9.66,9.43,9.53,285397,2717034.00
2024-07-02,9.54,9.57,9.17,9.27,387598,3619882.25
2024-07-03,9.28,9.36,8.94,9.10,357107,3251134.00
2024-07-04,9.11,9.41,8.96,9.02,334921,3080341.50
2024-07-05,8.98,9.18,8.72,9.13,464110,4136687.50
2024-07-08,9.12,9.12,8.61,8.67,388920,3425899.75
2024-07-09,8.68,9.03,8.50,8.90,501341,4353832.00
2024-07-10,8.84,9.13,8.81,8.83,264511,2376379.00
2024-07-11,8.89,9.28,8.89,9.12,385071,3505952.25
2024-07-12,9.09,9.23,8.98,9.11,257790,2350773.25
2024-07-15,9.10,9.75,8.93,9.46,1178325,11155810.00
2024-07-16,9.38,10.15,9.28,10.06,1886877,18581908.00
2024-07-17,10.06,10.91,9.91,10.74,3387992,35845344.00
2024-07-18,10.77,10.79,9.84,9.97,1967093,20134332.00
2024-07-19,9.89,10.34,9.65,9.73,968363,9668130.00
2024-07-22,9.74,9.89,9.46,9.66,651244,6286382.00
2024-07-23,9.73,9.99,9.59,9.59,752155,7344176.50
2024-07-24,9.58,9.70,9.34,9.38,469545,4430990.00
2024-07-25,9.35,9.64,9.26,9.47,447632,4233011.00
2024-07-26,9.50,9.66,9.46,9.55,238399,2278105.00
2024-07-29,9.51,9.56,9.39,9.43,382396,3613206.25
2024-07-30,9.47,9.78,9.37,9.63,606738,5829419.50
2024-07-31,9.66,10.26,9.54,10.01,947104,9416745.00
2024-08-01,10.03,10.15,9.68,9.73,523978,5170204.00
2024-08-02,9.74,9.86,9.51,9.55,402226,3895916.50
2024-08-05,9.59,9.59,9.01,9.18,695889,6449512.00
2024-08-06,9.21,9.35,9.05,9.23,533879,4906834.50
2024-08-07,9.24,9.34,9.11,9.27,222836,2066118.25
2024-08-08,9.30,9.36,9.11,9.18,269023,2484587.50
2024-08-09,9.21,9.30,9.07,9.07,226567,2074138.38
2024-08-12,9.10,9.17,8.97,8.98,256413,2324846.75
2024-08-13,9.01,9.19,8.84,9.06,191272,1716850.88
2024-08-14,9.05,9.22,8.98,9.09,254376,2305880.50
2024-08-15,9.10,9.36,9.03,9.22,406604,3754735.50
2024-08-16,9.23,9.33,9.20,9.23,198579,1834472.13
2024-08-19,9.28,9.34,9.08,9.12,235143,2169921.00
2024-08-20,9.15,9.29,9.09,9.14,215470,1978441.63
2024-08-21,9.17,9.38,9.02,9.28,405734,3731576.75
2024-08-22,9.38,9.41,9.01,9.06,205314,1877613.75
2024-08-23,9.09,9.22,9.01,9.08,202997,1848172.00
2024-08-26,9.11,9.19,9.05,9.18,237806,2171367.50
2024-08-27,9.15,9.21,9.02,9.06,176498,1599847.75
2024-08-28,9.09,9.75,9.06,9.58,1323131,12508021.00
2024-08-29,9.55,10.12,9.35,9.86,1273430,12582272.00
2024-08-30,9.79,10.25,9.76,9.82,1000580,10002756.00
2024-09-02,9.74,10.12,9.68,9.74,406267,4008814.50
2024-09-03,9.77,9.97,9.66,9.68,283775,2786434.50
2024-09-04,9.65,9.81,9.51,9.69,461732,4449504.50
2024-09-05,9.66,9.86,9.60,9.73,441834,4299521.00
2024-09-06,9.76,10.41,9.74,10.19,1210558,12233912.00
2024-09-09,10.18,10.54,9.85,9.93,937868,9537250.00
2024-09-10,9.96,10.20,9.92,10.05,561560,5642999.50
2024-09-11,10.01,10.16,9.65,9.99,621810,6220592.00
2024-09-12,10.01,10.18,9.80,9.84,647278,6456943.00
2024-09-13,9.84,10.13,9.76,9.88,647701,6446157.00
2024-09-18,9.91,9.91,9.50,9.64,348857,3364844.75
2024-09-19,9.67,10.10,9.67,9.92,588620,5859774.50
2024-09-20,9.92,10.06,9.83,9.90,230310,2283606.25
2024-09-23,9.92,9.95,9.82,9.85,123696,1221572.13
2024-09-24,9.88,10.10,9.79,10.03,452614,4513875.50
2024-09-25,10.07,10.35,10.02,10.09,627819,6385109.50
2024-09-26,10.13,10.30,10.09,10.29,620513,6355856.00
2024-09-27,10.32,11.28,10.32,10.88,2349588,25402342.00
2024-09-30,11.80,13.65,11.01,12.91,5341208,65099168.00
2024-10-08,16.00,16.00,13.50,15.33,6844531,100247536.00
2024-10-09,14.03,14.50,12.34,12.50,4234615,57135716.00
2024-10-10,12.61,13.17,12.02,12.14,2215669,27601032.00
2024-10-11,12.11,12.34,11.15,11.91,2049302,24114248.00
2024-10-14,11.91,12.76,11.60,12.36,1646497,20142312.00
2024-10-15,12.80,12.80,11.99,11.99,1614351,19949904.00
2024-10-16,11.80,12.15,11.51,11.92,920561,10955820.00
2024-10-17,12.09,12.98,12.09,12.24,2853487,35807136.00
2024-10-18,12.32,13.30,12.20,13.13,3834784,49409160.00
2024-10-21,13.77,14.61,13.19,14.61,5275327,74258728.00
2024-10-22,14.80,14.86,12.83,13.21,4734619,64166108.00
2024-10-23,12.94,14.26,12.81,13.76,4293418,59392844.00
2024-10-24,13.80,14.73,13.70,14.49,4864031,69071728.00
2024-10-25,14.86,15.75,13.83,13.90,6677835,99739896.00
2024-10-28,13.80,14.45,13.40,14.45,3876246,54335144.00
2024-10-29,14.82,16.99,14.34,16.83,8924291,141512288.00
2024-10-30,16.50,17.63,15.83,16.54,6854788,114353696.00
2024-10-31,17.45,17.53,15.52,16.22,5514113,90701856.00
2024-11-01,16.20,16.69,14.40,14.49,4100297,62622076.00
2024-11-04,14.73,16.88,14.69,16.73,5416350,87514208.00
2024-11-05,16.93,18.78,16.43,18.78,8133622,143162944.00
2024-11-06,18.77,21.60,17.65,19.92,9226792,176821760.00
2024-11-07,19.90,20.58,18.61,19.46,6544748,128542496.00
2024-11-08,19.60,19.85,18.60,18.95,4474053,85484216.00
2024-11-11,18.99,19.00,17.50,18.50,3712715,67394624.00
2024-11-12,18.50,19.30,17.77,18.21,2782791,51453232.00
2024-11-13,18.15,18.47,17.05,18.34,2970778,52562080.00
2024-11-14,18.50,19.00,17.95,18.39,2930107,54056036.00
2024-11-15,18.35,18.91,17.02,18.21,3340618,60772008.00
2024-11-18,18.22,19.20,18.06,18.64,3232399,60278808.00
2024-11-19,18.99,18.99,16.89,17.94,3268060,57960916.00
2024-11-20,17.90,18.87,17.31,18.69,2885577,52575132.00
2024-11-21,18.64,23.91,18.52,21.60,10123821,212985088.00
2024-11-22,20.74,21.49,19.82,19.94,6431203,132269776.00
2024-11-25,19.99,20.09,18.70,19.87,2905834,56032444.00
2024-11-26,19.18,20.47,18.67,18.80,2559200,49764176.00
2024-11-27,18.49,19.34,17.41,19.31,3264964,59567688.00
2024-11-28,19.34,20.50,18.99,19.86,3620191,71828136.00
2024-11-29,19.70,20.49,19.05,20.38,3374108,67299792.00
2024-12-02,20.99,23.00,20.40,20.63,4644213,99014008.00
2024-12-03,20.63,20.63,20.63,20.63,0,0.00
#数据来源:通达信
