837821 则成电子 日线 不复权
      日期	    开盘	    最高	    最低	    收盘	    成交量	    成交额
2020-03-18,27.53,35.00,27.53,32.25,28000,899060.00
2020-03-19,39.55,39.55,33.66,34.50,13000,445150.00
2020-03-20,34.50,34.86,34.50,34.86,8000,277440.00
2020-04-09,34.86,34.86,34.86,34.86,100,3486.00
2020-04-28,35.00,35.03,34.99,34.99,16400,573938.00
2020-04-29,35.00,38.00,35.00,38.00,1500,54000.00
2020-04-30,38.00,38.00,38.00,38.00,1000,38000.00
2020-05-06,36.00,36.00,36.00,36.00,3000,108000.00
2020-06-01,17.60,17.60,17.60,17.60,1000,17600.00
2020-06-02,17.00,17.66,17.00,17.66,1700,29362.00
2020-06-03,17.92,17.92,17.92,17.92,100,1792.00
2020-06-05,18.87,18.87,18.87,18.87,100,1888.00
2020-06-08,20.18,21.12,20.18,21.12,700,14220.00
2020-06-10,21.89,21.92,21.89,21.92,200,4381.00
2020-06-11,22.88,25.09,22.88,25.09,300,7105.00
2020-06-12,25.00,25.00,25.00,25.00,100,4950.00
2020-06-18,24.98,24.99,24.00,24.00,2500,62062.00
2020-06-22,24.00,24.00,24.00,24.00,1300,31200.00
2020-06-23,22.00,22.00,22.00,22.00,300,6600.00
2020-06-24,21.10,22.00,21.10,21.28,2000,43154.00
2020-06-29,24.98,28.18,24.98,27.50,3300,89290.82
2020-06-30,28.00,31.00,28.00,31.00,2400,72736.08
2020-07-01,33.00,38.00,33.00,37.97,2200,76538.40
2020-07-02,38.38,39.99,38.38,39.99,4700,182478.00
2020-07-03,44.08,44.97,43.76,43.76,2200,96636.38
2020-07-06,46.87,49.54,46.85,48.98,3600,173339.45
2020-07-07,54.00,55.87,54.00,55.86,1200,66667.00
2020-07-08,58.88,58.88,55.80,58.85,1000,58556.00
2020-07-09,60.00,60.00,58.50,58.67,5200,305791.00
2020-07-10,60.00,60.00,60.00,60.00,700,42000.00
2020-07-13,58.18,58.18,56.99,56.99,1900,109059.00
2020-07-14,56.89,56.89,56.79,56.79,700,39763.00
2020-07-15,58.50,58.50,58.00,58.00,1300,75549.00
2020-07-16,48.00,56.88,48.00,56.88,2000,96888.00
2020-07-17,58.00,58.00,48.10,54.99,1800,105855.00
2020-07-20,54.99,54.99,54.80,54.80,900,49393.00
2020-07-21,54.00,54.00,54.00,54.00,400,21600.00
2020-07-24,54.00,54.00,54.00,54.00,300,16200.00
2020-07-27,40.00,40.00,40.00,40.00,2200,90000.00
2020-07-28,40.00,54.89,25.26,54.89,400,16055.00
2020-08-05,59.89,59.89,59.89,59.89,100,5989.00
2020-08-11,44.99,44.99,44.84,44.84,900,40392.00
2020-08-12,40.89,40.89,40.83,40.83,1100,44919.00
2020-08-14,35.00,35.50,35.00,35.46,2900,102766.00
2020-08-17,33.58,36.00,33.58,36.00,1900,64085.00
2020-08-18,37.96,37.96,37.89,37.89,1300,49642.90
2020-08-19,35.68,37.00,35.68,37.00,4300,158107.00
2020-08-20,39.66,39.66,39.66,39.66,100,3967.00
2020-08-26,42.88,45.70,42.88,45.70,200,8858.00
2020-08-27,44.88,44.88,44.88,44.88,500,22440.00
2020-08-28,42.87,42.87,42.87,42.87,500,21435.00
2020-09-01,44.00,49.98,44.00,49.98,200,9398.00
2020-09-14,68.79,68.79,68.79,68.79,100,6879.00
2020-10-23,99.00,99.00,36.08,48.00,400,24516.48
2020-10-29,47.33,47.33,47.33,47.33,2000,94660.00
2020-10-30,55.00,55.00,55.00,55.00,100,5500.00
2020-11-06,67.67,67.67,67.67,67.67,100,3383.50
2020-11-09,49.88,49.88,36.88,38.18,500,20002.00
2020-11-10,38.18,38.18,27.88,27.88,2400,70538.62
2020-11-12,33.98,35.00,33.30,35.00,6400,221208.59
2020-11-27,35.00,35.00,35.00,35.00,1300,45500.00
2020-12-10,35.00,35.00,35.00,35.00,300,10500.00
2020-12-18,34.34,34.34,34.34,34.34,400,13736.00
2020-12-25,36.28,36.32,36.28,36.32,300,10888.00
2020-12-30,36.32,36.32,25.87,36.30,900,27551.10
2021-01-04,36.13,36.13,36.13,36.13,100,3613.00
2021-01-06,36.88,36.88,36.88,36.88,900,33192.00
2021-01-19,23.50,38.50,23.50,37.00,600,18214.78
2021-01-27,36.49,36.49,36.49,36.49,500,18245.00
2021-01-28,70.00,70.00,38.00,38.00,500,33400.00
2021-01-29,36.00,36.00,36.00,36.00,500,18000.00
2021-02-02,36.00,36.00,36.00,36.00,300,10800.00
2021-02-03,36.00,66.64,35.80,35.89,1600,82113.29
2021-02-04,36.00,36.00,36.00,36.00,100,3600.00
2021-02-25,36.00,36.00,35.98,35.98,500,17994.00
2021-02-26,36.00,36.00,36.00,36.00,200,7200.00
2021-03-01,36.00,36.00,36.00,36.00,1000,36000.00
2021-03-02,36.00,36.00,36.00,36.00,300,10800.00
2021-03-03,36.00,36.00,36.00,36.00,2000,72000.00
2021-03-08,40.00,41.75,40.00,41.75,1700,69400.00
2021-03-10,41.80,41.80,41.74,41.74,900,37572.00
2021-03-11,41.75,41.75,41.75,41.75,400,16700.00
2021-03-12,40.68,40.68,40.68,40.68,800,32544.00
2021-03-17,41.50,41.50,41.50,41.50,1000,41500.00
2021-03-19,41.50,41.50,41.50,41.50,100,4150.00
2021-03-29,41.00,41.00,41.00,41.00,200,7790.00
2021-03-31,79.00,79.00,79.00,79.00,200,15010.00
2021-05-31,79.00,79.00,79.00,79.00,200,15800.00
2022-07-06,10.37,10.39,9.83,10.03,4081154,40890952.00
2022-07-07,9.90,10.00,9.77,9.98,1158004,11431528.00
2022-07-08,9.98,9.98,9.88,9.98,430499,4276368.50
2022-07-11,9.91,9.95,9.86,9.90,301740,2985936.25
2022-07-12,9.89,9.89,9.80,9.82,401458,3942993.25
2022-07-13,9.82,9.90,9.81,9.90,244346,2404942.25
2022-07-14,9.83,9.89,9.82,9.85,160703,1582341.38
2022-07-15,9.82,9.87,9.82,9.84,197817,1944317.75
2022-07-18,9.82,9.82,9.70,9.75,407274,3964668.50
2022-07-19,9.70,9.83,9.70,9.83,218112,2136377.50
2022-07-20,9.83,9.93,9.83,9.91,399687,3950587.75
2022-07-21,9.85,9.88,9.80,9.83,186542,1833891.13
2022-07-22,9.81,9.84,9.81,9.84,143307,1407615.88
2022-07-25,9.85,9.85,9.79,9.83,123683,1213248.63
2022-07-26,9.80,10.04,9.80,9.99,602335,5988192.50
2022-07-27,9.91,10.75,9.91,10.60,2004049,20757514.00
2022-07-28,10.47,10.80,10.30,10.43,744435,7773000.00
2022-07-29,10.38,10.38,10.16,10.18,518218,5305622.50
2022-08-01,10.28,10.50,10.03,10.50,335841,3433711.50
2022-08-02,10.31,10.48,10.00,10.48,788004,8012956.00
2022-08-03,10.20,10.47,10.20,10.27,307161,3178326.75
2022-08-04,10.27,10.80,10.10,10.80,855903,9001340.00
2022-08-05,10.57,10.81,10.50,10.67,559862,5992757.50
2022-08-08,10.67,10.67,10.35,10.39,373628,3890447.25
2022-08-09,10.35,10.58,10.35,10.40,213155,2224047.50
2022-08-10,10.38,10.75,10.36,10.62,490351,5172184.00
2022-08-11,10.61,10.79,10.58,10.68,506329,5416138.50
2022-08-12,10.70,10.90,10.62,10.69,809296,8716470.00
2022-08-15,10.70,10.70,10.41,10.50,524914,5511931.50
2022-08-16,10.32,10.53,10.32,10.38,267436,2781790.75
2022-08-17,10.40,10.48,10.30,10.40,213874,2217080.50
2022-08-18,10.35,10.43,10.30,10.40,168104,1743479.88
2022-08-19,10.38,10.42,10.25,10.27,333015,3436717.00
2022-08-22,10.25,10.31,10.19,10.21,260534,2665208.75
2022-08-23,10.21,10.22,10.15,10.20,185069,1883600.13
2022-08-24,10.15,10.21,10.00,10.11,241256,2425934.50
2022-08-25,10.12,10.12,9.89,9.99,282250,2811615.75
2022-08-26,10.15,10.15,9.94,10.02,112450,1123521.50
2022-08-29,10.00,10.04,9.89,10.04,60794,606178.81
2022-08-30,9.96,10.08,9.96,10.08,41745,417442.56
2022-08-31,10.00,10.00,9.90,9.96,89913,893696.88
2022-09-01,9.90,10.05,9.90,9.95,61401,609110.13
2022-09-02,9.92,9.98,9.90,9.94,75096,745101.25
2022-09-05,10.04,10.06,9.91,9.98,42359,422034.44
2022-09-06,9.92,9.99,9.92,9.98,52115,519449.09
2022-09-07,9.98,9.98,9.91,9.93,108242,1074855.13
2022-09-08,9.93,9.97,9.92,9.93,29481,293058.81
2022-09-09,9.90,9.94,9.90,9.94,52214,517739.28
2022-09-13,9.95,9.98,9.91,9.97,109162,1086900.50
2022-09-14,9.89,9.97,9.89,9.96,51483,510094.22
2022-09-15,9.90,9.93,9.80,9.83,107915,1064910.75
2022-09-16,9.86,10.22,9.81,10.11,684621,6914840.00
2022-09-19,10.02,10.19,9.81,9.90,366454,3660723.25
2022-09-20,9.95,10.14,9.85,10.13,431436,4326614.50
2022-09-21,10.06,13.16,10.06,13.16,5664090,66673800.00
2022-09-22,12.36,15.87,12.22,14.15,5768740,81233440.00
2022-09-23,13.43,14.00,12.26,12.53,3646467,47081976.00
2022-09-26,12.01,12.83,11.08,11.82,3087167,36508512.00
2022-09-27,11.50,11.82,10.86,11.17,2244582,25358314.00
2022-09-28,11.00,12.47,10.80,11.69,3508807,41435856.00
2022-09-29,11.69,11.69,10.41,10.50,2413897,26392916.00
2022-09-30,10.50,10.70,9.80,9.83,1704749,17106242.00
2022-10-10,9.95,9.95,9.01,9.15,1034840,9580835.00
2022-10-11,9.27,9.80,8.86,9.50,911260,8533354.00
2022-10-12,9.32,9.79,9.15,9.75,855926,8118874.00
2022-10-13,9.70,10.20,9.41,9.71,834498,8228146.50
2022-10-14,9.74,9.99,9.66,9.77,794691,7759847.00
2022-10-17,9.64,10.14,9.64,9.86,658658,6514788.50
2022-10-18,10.02,10.21,9.59,10.20,1332112,13178017.00
2022-10-19,10.09,10.35,9.85,9.98,659231,6620743.00
2022-10-20,9.98,10.17,9.80,10.04,975717,9759865.00
2022-10-21,9.99,10.05,9.75,9.90,654933,6469631.50
2022-10-24,9.91,9.96,9.44,9.55,709263,6879982.00
2022-10-25,9.55,9.55,9.19,9.24,621026,5786972.50
2022-10-26,9.26,9.44,9.24,9.36,476163,4458819.50
2022-10-27,9.44,9.44,9.27,9.32,325739,3042050.25
2022-10-28,9.29,9.29,9.06,9.14,338049,3098328.00
2022-10-31,9.01,9.49,9.01,9.38,371719,3445006.25
2022-11-01,9.26,9.39,9.26,9.39,230432,2149352.25
2022-11-02,9.44,9.44,9.27,9.36,366203,3410330.75
2022-11-03,9.37,9.41,9.28,9.33,236575,2211300.25
2022-11-04,9.35,9.47,9.27,9.42,533471,5010451.00
2022-11-07,9.40,9.57,9.40,9.40,257113,2428968.50
2022-11-08,9.40,9.45,9.34,9.36,209115,1961452.13
2022-11-09,9.34,9.46,9.32,9.36,209201,1961513.88
2022-11-10,9.35,9.37,9.31,9.32,223969,2090980.75
2022-11-11,9.40,9.50,9.35,9.37,564381,5315400.00
2022-11-14,9.40,9.49,9.33,9.35,286466,2689309.75
2022-11-15,9.39,9.60,9.28,9.51,529335,5006872.50
2022-11-16,9.53,9.53,9.39,9.42,234262,2208503.50
2022-11-17,9.49,9.52,9.40,9.46,235456,2227856.75
2022-11-18,9.48,9.50,9.35,9.38,268076,2528335.75
2022-11-21,9.57,11.17,9.55,10.19,1633853,16975496.00
2022-11-22,10.30,10.30,9.81,9.95,813409,8128001.50
2022-11-23,10.03,10.03,9.72,9.90,489613,4807109.00
2022-11-24,9.85,10.55,9.85,10.07,803783,8176691.00
2022-11-25,10.20,10.20,9.87,9.90,486849,4869936.00
2022-11-28,10.10,10.10,9.88,9.95,142778,1419208.00
2022-11-29,9.95,9.95,9.81,9.87,376010,3712206.25
2022-11-30,9.94,9.99,9.82,9.86,165721,1637789.25
2022-12-01,9.93,10.24,9.92,9.95,329766,3315715.25
2022-12-02,10.03,10.03,9.81,9.83,249252,2459046.25
2022-12-05,9.89,9.97,9.80,9.82,252777,2490832.00
2022-12-06,9.89,9.89,9.74,9.77,265402,2601315.25
2022-12-07,9.73,9.84,9.65,9.69,322706,3138255.75
2022-12-08,9.63,9.74,9.60,9.61,179508,1732804.50
2022-12-09,9.59,9.61,9.55,9.55,221787,2123414.00
2022-12-12,9.61,9.61,9.41,9.43,211300,1997721.50
2022-12-13,9.52,9.52,9.40,9.45,64808,611315.88
2022-12-14,9.50,9.54,9.42,9.46,72095,684043.69
2022-12-15,9.40,9.50,9.30,9.30,417010,3892210.50
2022-12-16,9.28,9.34,9.12,9.20,308088,2830516.00
2022-12-19,9.27,9.27,9.05,9.08,153822,1398971.88
2022-12-20,9.04,9.16,8.93,9.04,88029,794238.56
2022-12-21,9.19,9.19,8.88,8.94,187315,1673858.88
2022-12-22,9.16,9.16,8.80,8.81,95285,851549.75
2022-12-23,8.99,8.99,8.37,8.55,362075,3137036.00
2022-12-26,8.53,8.70,8.52,8.62,124608,1065149.25
2022-12-27,8.66,8.80,8.55,8.65,67936,585526.19
2022-12-28,8.69,8.77,8.55,8.66,73250,635452.75
2022-12-29,8.70,8.70,8.45,8.47,137834,1171364.63
2022-12-30,8.57,8.57,8.38,8.48,42251,356334.97
2023-01-03,8.52,8.53,8.41,8.52,106207,900309.63
2023-01-04,8.56,8.99,8.45,8.75,154709,1357633.75
2023-01-05,8.95,8.96,8.78,8.88,121252,1078243.13
2023-01-06,8.90,8.93,8.71,8.89,52403,465487.91
2023-01-09,8.72,8.94,8.72,8.87,24817,219860.80
2023-01-10,8.94,8.94,8.63,8.76,146782,1286674.75
2023-01-11,8.86,8.86,8.60,8.64,72646,627712.44
2023-01-12,8.83,8.83,8.57,8.60,24368,209623.19
2023-01-13,8.82,8.82,8.51,8.65,34860,297843.41
2023-01-16,8.80,8.80,8.61,8.69,51434,449410.88
2023-01-17,8.78,8.78,8.54,8.70,23347,202116.80
2023-01-18,8.70,8.78,8.69,8.72,46801,408486.03
2023-01-19,8.79,8.79,8.60,8.72,57491,498593.97
2023-01-20,8.78,8.80,8.73,8.76,76765,671857.19
2023-01-30,8.98,8.98,8.80,8.90,131920,1174837.75
2023-01-31,8.98,9.54,8.85,9.54,682491,6357302.50
2023-02-01,9.65,9.65,9.31,9.38,524617,4951317.00
2023-02-02,9.39,9.39,9.11,9.20,457108,4202071.50
2023-02-03,9.21,9.28,9.09,9.15,196290,1798283.88
2023-02-06,9.20,9.20,8.92,8.99,151077,1358844.88
2023-02-07,8.96,9.14,8.96,9.01,88110,794723.38
2023-02-08,9.00,9.01,8.91,8.97,147903,1322297.75
2023-02-09,9.00,9.08,8.91,9.08,98192,885598.75
2023-02-10,9.04,9.04,8.98,9.02,94636,851901.13
2023-02-13,9.06,9.16,9.03,9.14,270379,2462730.50
2023-02-14,9.15,9.22,9.14,9.15,203531,1867274.75
2023-02-15,9.18,9.18,9.10,9.17,150213,1372100.13
2023-02-16,9.18,9.18,9.01,9.06,128596,1172018.88
2023-02-17,9.08,9.08,8.88,8.96,150701,1347487.75
2023-02-20,9.01,9.01,8.92,8.98,82730,741266.38
2023-02-21,8.99,8.99,8.88,8.92,133564,1189112.50
2023-02-22,8.95,8.95,8.90,8.92,25500,227568.00
2023-02-23,8.95,8.95,8.83,8.83,33698,299553.00
2023-02-24,8.95,8.95,8.80,8.86,77623,685569.63
2023-02-27,8.80,8.90,8.75,8.86,83188,730996.25
2023-02-28,8.90,8.90,8.70,8.83,21336,187086.47
2023-03-01,8.98,8.98,8.77,8.84,71420,631971.13
2023-03-02,8.85,8.87,8.77,8.80,42720,375634.19
2023-03-03,8.80,8.83,8.72,8.77,125032,1097020.63
2023-03-06,8.76,8.80,8.74,8.75,126020,1105761.75
2023-03-07,8.75,8.78,8.71,8.73,62417,545447.75
2023-03-08,8.70,8.78,8.70,8.76,38064,333299.06
2023-03-09,8.78,8.86,8.76,8.85,92728,816782.56
2023-03-10,8.72,8.84,8.72,8.80,65890,576021.50
2023-03-13,8.82,8.96,8.70,8.94,219731,1950924.38
2023-03-14,8.78,8.95,8.77,8.88,54493,481644.22
2023-03-15,8.93,8.93,8.80,8.90,65799,583487.69
2023-03-16,8.78,9.12,8.78,8.86,63055,557365.94
2023-03-17,8.99,9.14,8.85,8.90,73479,657579.69
2023-03-20,9.07,9.07,8.80,8.89,58773,519165.25
2023-03-21,9.01,9.01,8.78,8.89,47237,419529.53
2023-03-22,9.12,9.12,8.91,8.95,145451,1304472.25
2023-03-23,8.97,8.97,8.83,8.95,108282,963442.94
2023-03-24,9.05,9.10,8.83,9.10,285770,2581718.75
2023-03-27,9.15,9.15,8.86,9.00,109477,990459.63
2023-03-28,9.08,9.08,8.87,8.95,135386,1206024.38
2023-03-29,8.96,8.96,8.83,8.93,115610,1026603.13
2023-03-30,8.98,8.98,8.73,8.84,84284,745302.00
2023-03-31,8.97,8.97,8.79,8.83,49110,432622.75
2023-04-03,8.87,8.87,8.78,8.83,103689,913448.50
2023-04-04,8.85,8.89,8.74,8.87,72535,642144.06
2023-04-06,8.98,8.98,8.77,8.90,178984,1588072.63
2023-04-07,8.88,8.90,8.78,8.85,122142,1075916.75
2023-04-10,8.83,8.85,8.73,8.82,23017,202230.97
2023-04-11,8.81,8.82,8.69,8.80,24209,211354.83
2023-04-12,8.80,8.83,8.66,8.73,116951,1016535.56
2023-04-13,8.78,8.78,8.51,8.63,168935,1453609.00
2023-04-14,8.73,8.73,8.51,8.60,134541,1148507.50
2023-04-17,8.64,8.64,8.38,8.46,342953,2895012.00
2023-04-18,8.47,8.48,8.32,8.37,199953,1669067.63
2023-04-19,8.48,8.48,8.33,8.34,67517,565213.69
2023-04-20,8.30,8.38,8.25,8.34,61941,512533.59
2023-04-21,8.30,8.34,8.11,8.19,176247,1444550.00
2023-04-24,8.20,8.35,8.18,8.26,33124,271767.38
2023-04-25,8.29,8.30,8.02,8.09,67496,547407.63
2023-04-26,8.28,8.29,8.03,8.12,60791,490227.22
2023-04-27,8.14,8.18,8.07,8.12,58428,474909.44
2023-04-28,8.20,8.25,8.11,8.25,118933,967776.75
2023-05-04,8.25,8.47,8.20,8.42,82626,692366.81
2023-05-05,8.46,8.69,8.26,8.66,251607,2148948.25
2023-05-08,8.62,8.97,8.62,8.93,353712,3134611.50
2023-05-09,8.93,8.93,8.64,8.67,158077,1380367.38
2023-05-10,8.50,8.74,8.41,8.56,142542,1207402.25
2023-05-11,8.44,8.74,8.44,8.63,60094,517622.00
2023-05-12,8.84,8.84,8.50,8.67,51904,452518.03
2023-05-15,8.75,8.75,8.50,8.70,104406,894507.94
2023-05-16,8.75,8.75,8.59,8.70,76576,662180.44
2023-05-17,8.51,8.73,8.51,8.70,57526,498775.31
2023-05-18,8.60,8.77,8.60,8.69,53664,467906.53
2023-05-19,8.75,8.75,8.64,8.72,64019,556731.88
2023-05-22,8.72,8.75,8.66,8.66,92649,806761.94
2023-05-23,8.74,8.75,8.65,8.68,86808,754199.56
2023-05-24,8.66,8.80,8.66,8.75,122316,1067928.38
2023-05-25,8.88,8.96,8.70,8.75,238749,2111700.25
2023-05-26,8.77,8.77,8.55,8.71,130836,1129110.63
2023-05-29,8.78,8.79,8.68,8.71,107742,940742.25
2023-05-30,8.83,8.84,8.56,8.60,100961,873236.00
2023-05-31,8.74,8.75,8.55,8.61,50450,433161.75
2023-06-01,8.67,8.68,8.60,8.64,107593,928201.00
2023-06-02,8.72,8.72,8.59,8.63,122915,1060083.13
2023-06-05,8.65,8.66,8.50,8.55,62963,537301.81
2023-06-06,8.56,8.57,8.40,8.51,91105,769379.31
2023-06-07,8.63,8.63,8.44,8.52,13643,115904.81
2023-06-08,8.36,8.52,8.36,8.47,99557,837145.56
2023-06-09,8.53,8.54,8.28,8.45,70508,587904.94
2023-06-12,8.24,8.50,8.24,8.47,39362,332354.50
2023-06-13,8.58,8.58,8.44,8.49,39794,337984.69
2023-06-14,8.45,8.53,8.39,8.50,24366,206370.45
2023-06-15,8.54,8.55,8.44,8.53,20850,176745.69
2023-06-16,8.58,8.58,8.22,8.47,89995,753356.25
2023-06-19,8.30,8.49,8.30,8.40,24946,208850.45
2023-06-20,8.45,8.45,8.21,8.37,22579,187190.05
2023-06-21,8.38,8.75,8.25,8.57,220727,1882815.63
2023-06-26,8.57,8.66,8.28,8.57,116495,995963.56
2023-06-27,8.67,8.67,8.48,8.57,37735,322223.06
2023-06-28,8.68,8.68,8.51,8.55,48705,417101.47
2023-06-29,8.56,8.66,8.47,8.60,105608,906644.00
2023-06-30,8.35,8.66,8.35,8.63,61248,527963.69
2023-07-03,8.67,8.67,8.48,8.63,46128,396814.75
2023-07-04,8.64,9.18,8.58,8.92,400240,3572106.75
2023-07-05,8.99,9.13,8.86,9.00,466384,4200064.00
2023-07-06,9.11,9.11,8.85,8.97,286369,2559096.50
2023-07-07,9.00,9.00,8.76,8.82,174225,1535660.25
2023-07-10,8.82,8.82,8.51,8.66,107951,931393.81
2023-07-11,8.70,8.73,8.59,8.66,77000,666459.06
2023-07-12,8.56,8.72,8.53,8.58,109540,940969.56
2023-07-13,8.59,8.66,8.43,8.66,139167,1192516.63
2023-07-14,8.79,8.79,8.55,8.73,243157,2121841.75
2023-07-17,8.65,8.78,8.57,8.59,45399,390865.81
2023-07-18,8.62,9.12,8.56,9.03,716257,6337010.50
2023-07-19,8.92,8.94,8.76,8.83,372283,3293826.50
2023-07-20,8.86,8.89,8.66,8.66,270798,2369873.25
2023-07-21,8.61,8.91,8.55,8.58,143610,1237806.88
2023-07-24,8.57,8.72,8.51,8.56,109689,937715.38
2023-07-25,8.70,8.70,8.51,8.67,58491,503650.66
2023-07-26,8.62,8.68,8.52,8.66,94557,813978.75
2023-07-27,8.68,8.68,8.45,8.50,77509,661129.19
2023-07-28,8.49,8.64,8.28,8.56,208267,1750532.63
2023-07-31,8.44,8.59,8.44,8.56,106638,910365.19
2023-08-01,8.63,8.64,8.47,8.54,84087,713925.69
2023-08-02,8.65,8.65,8.37,8.53,71925,611159.81
2023-08-03,8.57,8.58,8.43,8.48,42466,358697.78
2023-08-04,8.42,8.58,8.42,8.50,81547,692704.31
2023-08-07,8.58,8.58,8.43,8.49,39535,334846.19
2023-08-08,8.65,8.65,8.45,8.51,64783,551296.94
2023-08-09,8.56,8.57,8.48,8.52,22835,194051.73
2023-08-10,8.57,8.58,8.45,8.53,52984,448750.06
2023-08-11,8.42,8.50,8.40,8.49,40076,337211.19
2023-08-14,8.33,8.47,8.33,8.43,69705,581671.00
2023-08-15,8.43,8.44,8.29,8.30,45351,377179.16
2023-08-16,8.22,8.37,8.20,8.22,47265,388746.66
2023-08-17,8.28,8.32,8.11,8.31,33159,272809.84
2023-08-18,8.32,8.33,8.21,8.29,41491,341980.22
2023-08-21,8.29,8.30,8.16,8.23,32338,265227.22
2023-08-22,8.29,8.30,8.12,8.28,39256,321051.91
2023-08-23,8.16,8.25,8.08,8.22,80309,651714.75
2023-08-24,8.28,8.29,8.00,8.15,78443,631070.69
2023-08-25,8.09,8.20,8.01,8.16,50182,404301.34
2023-08-28,8.52,8.52,8.10,8.23,105008,869305.13
2023-08-29,8.30,8.30,8.11,8.22,111664,910936.00
2023-08-30,8.19,8.34,8.14,8.23,72488,593292.50
2023-08-31,8.27,8.28,8.10,8.18,59909,488077.91
2023-09-01,8.22,8.30,8.11,8.25,170223,1401866.75
2023-09-04,8.39,8.60,8.34,8.46,460019,3909462.50
2023-09-05,8.48,8.58,8.40,8.46,221178,1874474.50
2023-09-06,8.24,8.51,8.24,8.48,136090,1147711.50
2023-09-07,8.44,8.44,8.21,8.29,186616,1542926.50
2023-09-08,8.28,8.38,8.22,8.25,42409,350225.53
2023-09-11,8.34,8.34,8.26,8.32,30177,250207.63
2023-09-12,8.24,8.34,8.24,8.32,23152,191377.02
2023-09-13,8.30,8.30,8.15,8.26,36478,298920.84
2023-09-14,8.25,8.58,8.18,8.39,291805,2470517.50
2023-09-15,8.40,8.49,8.27,8.39,75812,632988.38
2023-09-18,8.28,8.40,8.21,8.35,40503,334631.84
2023-09-19,8.28,8.34,8.19,8.28,40211,330290.34
2023-09-20,8.18,8.30,8.18,8.30,39217,322385.84
2023-09-21,8.25,8.25,8.15,8.15,32205,263541.50
2023-09-22,8.02,8.24,8.02,8.18,80880,657300.38
2023-09-25,8.18,8.25,8.12,8.22,14870,121533.53
2023-09-26,8.06,8.20,8.06,8.20,16284,132994.38
2023-09-27,8.21,8.35,8.05,8.24,34035,278372.00
2023-09-28,8.13,8.40,8.13,8.25,27362,224562.98
2023-10-09,8.11,8.28,8.11,8.19,50380,411894.63
2023-10-10,8.19,8.28,8.11,8.11,26552,216222.28
2023-10-11,8.16,8.17,8.06,8.14,69201,559340.19
2023-10-12,8.09,8.18,8.09,8.16,50883,412447.56
2023-10-13,8.09,8.15,8.08,8.15,21178,171550.69
2023-10-16,8.15,8.25,8.08,8.08,43000,350262.72
2023-10-17,8.16,8.17,8.07,8.07,39229,317627.22
2023-10-18,8.19,8.20,8.05,8.09,44500,358822.41
2023-10-19,8.04,8.13,8.00,8.08,57920,465391.72
2023-10-20,8.12,8.13,8.00,8.07,21608,173368.70
2023-10-23,8.19,8.20,7.84,7.84,141143,1115556.50
2023-10-24,7.80,7.92,7.77,7.86,74411,581020.19
2023-10-25,7.99,7.99,7.81,7.86,77969,611001.56
2023-10-26,7.94,7.95,7.80,7.85,70062,548105.75
2023-10-27,7.93,8.10,7.83,8.08,170083,1358768.50
2023-10-30,8.11,8.16,7.99,8.13,86918,704129.19
2023-10-31,8.24,8.25,8.06,8.15,21202,172559.50
2023-11-01,8.36,8.36,8.10,8.11,29481,240024.84
2023-11-02,8.17,8.17,7.84,8.02,89550,719729.81
2023-11-03,8.19,8.20,8.00,8.07,87476,703392.63
2023-11-06,8.07,8.12,8.02,8.10,94683,763645.31
2023-11-07,8.06,8.14,8.03,8.12,78572,634510.94
2023-11-08,8.14,8.39,8.12,8.27,222720,1838816.50
2023-11-09,8.24,8.36,8.20,8.31,150116,1240464.75
2023-11-10,8.33,8.50,8.26,8.44,234558,1962835.50
2023-11-13,8.47,8.50,8.32,8.40,135681,1145584.63
2023-11-14,8.35,8.97,8.30,8.71,611283,5312475.00
2023-11-15,8.48,8.80,8.43,8.70,454748,3921998.25
2023-11-16,8.69,8.69,8.45,8.46,360045,3063432.75
2023-11-17,8.52,8.53,8.33,8.49,124481,1051151.88
2023-11-20,8.59,8.92,8.50,8.76,524239,4590697.00
2023-11-21,8.80,10.34,8.69,9.30,2661490,25513166.00
2023-11-22,9.40,11.86,9.09,11.68,5640229,59305268.00
2023-11-23,11.25,12.87,10.60,10.89,4560641,53417496.00
2023-11-24,10.93,13.62,10.62,13.14,5355929,64735600.00
2023-11-27,13.50,16.47,13.40,15.86,6518632,96878312.00
2023-11-28,14.60,15.85,13.82,14.46,5121989,75918384.00
2023-11-29,14.20,14.94,12.09,12.22,4104246,54165048.00
2023-11-30,12.40,12.88,11.80,12.32,2378438,29448350.00
2023-12-01,12.50,12.67,11.29,11.47,2683588,31596282.00
2023-12-04,11.13,11.69,11.01,11.35,1419454,16083766.00
2023-12-05,11.35,12.58,11.30,12.41,2674542,32258950.00
2023-12-06,12.46,12.80,12.00,12.11,2098226,25798382.00
2023-12-07,12.10,13.37,12.10,12.90,3526670,45101236.00
2023-12-08,13.36,16.77,12.93,16.77,8156560,127048568.00
2023-12-11,16.77,16.77,14.47,15.25,7134161,109167368.00
2023-12-12,14.38,16.40,14.38,15.49,4882788,75939360.00
2023-12-13,15.00,16.20,14.87,15.78,5461523,85018784.00
2023-12-14,15.75,16.54,15.10,15.15,5299562,84448216.00
2023-12-15,14.91,15.36,14.25,14.78,3364638,49297612.00
2023-12-18,14.79,16.12,14.55,15.67,4299469,66774412.00
2023-12-19,15.39,18.44,15.00,17.62,7423352,123981088.00
2023-12-20,17.00,22.86,16.65,20.23,8961344,173997456.00
2023-12-21,19.70,20.78,16.10,16.71,7375551,137417152.00
2023-12-22,16.05,19.35,16.03,18.71,6394140,111964896.00
2023-12-25,18.61,21.50,18.58,20.40,7700783,155196112.00
2023-12-26,19.50,22.00,19.35,22.00,7984860,165505264.00
2023-12-27,21.31,21.97,20.02,21.33,6172591,130556280.00
2023-12-28,20.60,21.30,19.42,20.20,5911829,120594016.00
2023-12-29,20.01,22.80,19.45,21.48,7998009,171810720.00
2024-01-02,20.60,22.25,20.21,22.25,7403662,157172960.00
2024-01-03,21.30,21.73,20.55,20.85,4622059,97564792.00
2024-01-04,20.57,20.88,19.33,19.70,4504155,89712112.00
2024-01-05,19.60,19.79,18.03,18.14,3674040,68897328.00
2024-01-08,18.80,18.99,17.68,17.68,2591573,47996064.00
2024-01-09,18.49,18.88,16.70,18.16,3769411,68582080.00
2024-01-10,17.62,18.10,17.00,17.92,2326160,41072260.00
2024-01-11,17.70,18.68,17.70,18.19,2490496,45590048.00
2024-01-12,18.04,18.40,15.28,15.48,3861334,63949756.00
2024-01-15,15.50,15.89,14.57,14.89,2229127,34257404.00
2024-01-16,14.91,16.66,13.92,16.19,3614989,55616616.00
2024-01-17,15.99,17.17,15.80,15.85,3014220,50039296.00
2024-01-18,15.84,19.81,15.03,18.79,6028003,105487832.00
2024-01-19,18.50,21.21,18.25,18.51,7943223,155326752.00
2024-01-22,19.77,21.19,18.56,19.08,7386381,148128176.00
2024-01-23,18.31,22.50,18.31,20.69,8934852,185735520.00
2024-01-24,20.00,21.02,18.96,20.62,7973552,158203584.00
2024-01-25,20.00,20.01,18.18,19.08,6164904,118836536.00
2024-01-26,18.30,19.33,17.18,17.25,5105051,93094000.00
2024-01-29,16.58,17.26,15.17,15.17,3832298,61712156.00
2024-01-30,15.01,16.33,14.70,15.88,3369994,52991412.00
2024-01-31,15.78,17.42,15.78,16.49,3554965,59435120.00
2024-02-01,16.18,19.50,16.02,17.42,5950847,105633256.00
2024-02-02,16.98,17.89,15.66,16.79,4771356,79997576.00
2024-02-05,16.50,18.33,15.78,17.73,4858460,83777808.00
2024-02-06,16.80,19.30,16.30,19.00,5421552,99894104.00
2024-02-07,18.65,19.30,16.50,16.59,5364792,97994232.00
2024-02-08,16.65,17.79,15.02,16.27,3968019,65687712.00
2024-02-19,17.00,20.50,16.50,20.00,7443485,136268864.00
2024-02-20,18.88,19.85,18.56,19.40,6446532,123814216.00
2024-02-21,18.50,19.57,18.40,18.40,4768112,90142864.00
2024-02-22,18.99,19.32,18.44,18.78,3909812,73568680.00
2024-02-23,19.19,19.30,18.05,18.23,3861328,71606472.00
2024-02-26,17.34,18.31,17.32,17.90,3199815,56867884.00
2024-02-27,17.60,19.25,17.35,19.02,4524523,84535256.00
2024-02-28,18.66,19.20,17.58,17.58,4191587,77295624.00
2024-02-29,17.00,18.19,17.00,18.15,2574264,46039564.00
2024-03-01,18.14,19.10,17.82,18.18,3743850,69337848.00
2024-03-04,18.00,18.13,16.90,17.42,2952528,51392296.00
2024-03-05,17.55,17.63,16.70,17.14,2204908,37950972.00
2024-03-06,16.83,17.43,16.83,17.02,1738480,29757280.00
2024-03-07,17.19,17.20,15.93,15.93,1932251,31919690.00
2024-03-08,16.19,16.99,15.51,16.88,2219816,36714812.00
2024-03-11,16.64,16.84,16.15,16.46,1904471,31263592.00
2024-03-12,16.43,16.59,15.81,15.84,1762358,28411982.00
2024-03-13,16.00,16.28,15.19,15.35,1553021,24279408.00
2024-03-14,15.18,15.73,15.11,15.30,1053269,16180485.00
2024-03-15,15.20,16.35,14.94,16.10,2661111,42118624.00
2024-03-18,15.94,16.30,15.88,16.10,1408629,22663390.00
2024-03-19,16.25,16.97,16.10,16.45,2356456,39277980.00
2024-03-20,16.50,16.66,16.00,16.12,1610599,26032436.00
2024-03-21,16.04,16.24,15.26,15.33,1866031,29065058.00
2024-03-22,15.33,15.55,14.98,14.98,1370794,20760350.00
2024-03-25,14.73,14.98,14.01,14.05,1435389,20723072.00
2024-03-26,14.18,14.30,13.50,13.70,1138272,15749487.00
2024-03-27,13.92,14.37,13.70,13.80,1271823,17875288.00
2024-03-28,13.99,14.18,13.40,13.83,1651747,22672352.00
2024-03-29,13.80,14.08,13.42,13.47,1131121,15391264.00
2024-04-01,13.61,13.69,13.42,13.53,759686,10260143.00
2024-04-02,13.66,13.66,13.01,13.01,1059731,14044938.00
2024-04-03,13.10,13.19,12.36,12.43,1197866,15206603.00
2024-04-08,12.54,12.54,11.71,11.74,1179989,14162588.00
2024-04-09,11.82,12.10,11.75,11.96,685454,8168274.50
2024-04-10,11.96,13.40,11.85,12.93,2393699,30720590.00
2024-04-11,12.72,12.99,12.60,12.63,1006624,12847124.00
2024-04-12,12.77,12.95,12.25,12.59,1118365,14117017.00
2024-04-15,12.37,12.74,11.45,11.70,1338321,16017825.00
2024-04-16,11.49,11.77,10.48,10.49,1253822,13625723.00
2024-04-17,10.69,11.60,10.69,11.60,1604801,18044622.00
2024-04-18,11.33,12.26,11.29,11.60,1514714,17786380.00
2024-04-19,11.74,11.75,10.93,10.93,1197627,13468439.00
2024-04-22,10.79,11.16,10.62,10.93,754165,8207871.00
2024-04-23,11.09,11.55,10.80,11.18,973790,10977305.00
2024-04-24,11.09,12.87,11.06,12.30,3161895,37783808.00
2024-04-25,11.93,12.15,11.56,11.64,2226280,26376470.00
2024-04-26,11.64,12.98,11.53,12.90,3284736,40618916.00
2024-04-29,12.95,13.50,12.40,12.99,2902143,37461800.00
2024-04-30,13.15,13.15,12.65,12.75,1244894,15980979.00
2024-05-06,12.93,13.80,12.90,13.01,1716365,22786832.00
2024-05-07,13.00,13.20,12.51,12.59,1607391,20520124.00
2024-05-08,12.29,12.68,12.06,12.10,1169441,14372838.00
2024-05-09,12.16,12.35,12.01,12.02,1077109,13074294.00
2024-05-10,12.00,12.11,11.60,11.73,1063220,12495065.00
2024-05-13,11.94,11.94,11.52,11.79,564121,6608808.50
2024-05-14,11.84,12.39,11.83,12.11,1222655,14866209.00
2024-05-15,12.13,12.65,12.08,12.22,1296668,15976599.00
2024-05-16,12.39,12.67,12.12,12.19,1184937,14619938.00
2024-05-17,12.09,12.21,11.80,11.94,1185588,14203178.00
2024-05-20,11.97,12.12,11.70,11.71,918231,10857431.00
2024-05-21,11.71,11.88,11.56,11.77,622398,7266290.50
2024-05-22,11.73,12.00,11.63,11.96,656431,7776626.00
2024-05-23,11.93,13.50,11.76,12.82,3385205,43263048.00
2024-05-24,12.90,12.99,12.30,12.30,1662799,20992786.00
2024-05-27,12.40,12.64,12.15,12.49,1110156,13755289.00
2024-05-28,12.45,13.50,12.45,12.89,2339201,30641602.00
2024-05-29,12.71,13.27,12.63,12.90,1573886,20265700.00
2024-05-30,12.80,12.99,12.65,12.79,1040395,13303494.00
2024-05-31,12.71,13.25,12.70,12.71,1445829,18702952.00
2024-06-03,12.63,13.20,12.40,13.20,2073789,26856326.00
2024-06-04,13.00,13.27,12.68,12.78,1579260,20448670.00
2024-06-05,12.78,12.99,12.28,12.29,1190524,15040745.00
2024-06-06,12.55,14.67,12.29,13.50,6123379,84708680.00
2024-06-07,13.20,14.11,12.90,14.09,4828194,64518536.00
2024-06-11,13.65,17.58,13.65,16.32,8211799,128099384.00
2024-06-12,15.49,16.30,15.27,16.14,6236456,98354312.00
2024-06-13,16.09,16.96,15.10,15.22,6267392,100575096.00
2024-06-14,15.00,16.27,14.63,15.50,5069002,78359192.00
2024-06-17,15.52,17.05,15.10,16.52,6173679,100020344.00
2024-06-18,17.45,18.57,16.03,16.41,6082576,104027064.00
2024-06-19,16.41,16.95,15.80,16.15,4470201,72573296.00
2024-06-20,16.30,16.63,15.61,15.88,3594281,57609252.00
2024-06-21,15.41,15.89,14.92,14.98,3403228,52403264.00
2024-06-24,15.00,16.28,14.69,15.60,3973404,62314740.00
2024-06-25,15.15,15.72,14.54,14.83,3069323,46057672.00
2024-06-26,10.50,11.59,10.00,11.15,6304696,69660800.00
2024-06-27,11.00,11.66,10.50,10.62,5429179,60768888.00
2024-06-28,11.20,13.80,11.20,13.80,9952701,130088968.00
2024-07-01,15.77,16.38,13.80,14.36,14456069,216306848.00
2024-07-02,14.52,18.38,14.19,17.14,13943530,220802400.00
2024-07-03,16.80,17.80,15.70,16.10,8769694,145175648.00
2024-07-04,16.48,18.97,16.22,17.50,10930233,193557664.00
2024-07-05,17.07,18.31,16.30,16.72,9473524,163192736.00
2024-07-08,16.22,16.80,15.00,15.43,8258655,132310432.00
2024-07-09,16.05,20.05,15.79,20.05,12201684,218754528.00
2024-07-10,19.00,20.90,18.62,20.90,11969233,232931984.00
2024-07-11,20.62,21.88,19.68,19.98,9933244,206058592.00
2024-07-12,18.63,23.50,18.60,21.20,11461797,233119632.00
2024-07-15,21.20,26.08,21.00,24.31,10448631,242678944.00
2024-07-16,24.00,31.00,23.81,29.50,11841750,312604448.00
2024-07-17,29.00,35.00,28.05,29.11,13088558,402280032.00
2024-07-18,29.00,31.95,27.50,28.20,11438996,338271584.00
2024-07-19,27.30,30.29,25.60,30.00,11542905,324144096.00
2024-07-22,29.00,30.42,26.75,26.92,8371614,242115680.00
2024-07-23,27.90,32.30,27.50,30.12,10584517,317463872.00
2024-07-24,31.00,35.00,29.21,31.55,11503235,372353312.00
2024-07-25,30.20,31.74,29.32,31.50,8983015,273379296.00
2024-07-26,32.51,34.10,30.39,30.75,9054512,292518176.00
2024-07-29,29.83,32.31,28.00,29.10,9002697,269049280.00
2024-07-30,28.01,29.00,25.91,26.99,9909645,269751840.00
2024-07-31,27.00,27.51,25.44,25.62,8723224,228136000.00
2024-08-01,26.30,27.23,25.67,26.20,8821173,234051136.00
2024-08-02,25.00,25.30,23.06,23.20,9461553,225972768.00
2024-08-05,22.60,23.39,21.31,22.00,6934784,154321184.00
2024-08-06,22.62,23.50,22.02,22.80,6601656,150675536.00
2024-08-07,22.30,23.00,21.81,21.98,5268859,117142312.00
2024-08-08,21.49,22.39,20.90,21.00,5486615,117932176.00
2024-08-09,21.70,24.97,21.69,24.82,12020966,280919392.00
2024-08-12,24.00,27.20,23.59,25.99,10344604,267967136.00
2024-08-13,26.89,28.27,25.20,25.22,8532563,227408064.00
2024-08-14,26.10,26.38,24.18,24.22,7396942,185448560.00
2024-08-15,23.50,23.98,22.31,22.69,7032701,161281856.00
2024-08-16,23.00,28.29,23.00,28.18,11788342,306877728.00
2024-08-19,27.96,28.90,25.30,25.50,9173075,246870800.00
2024-08-20,26.43,29.90,26.01,28.00,9879987,278240416.00
2024-08-21,27.01,30.40,26.50,28.85,9107210,258228480.00
2024-08-22,29.07,29.10,27.11,27.83,6169614,172547280.00
2024-08-23,27.00,28.69,26.17,26.40,6708455,181564016.00
2024-08-26,27.01,27.70,25.36,26.29,5928204,156565808.00
2024-08-27,25.87,27.40,25.26,25.90,5319426,140167344.00
2024-08-28,25.62,26.70,25.12,25.39,4634491,118933728.00
2024-08-29,24.12,25.20,23.33,24.55,6076732,146011344.00
2024-08-30,23.88,27.20,23.88,25.66,8220753,213770272.00
2024-09-02,25.30,25.87,24.34,24.65,5211242,130211448.00
2024-09-03,25.20,25.20,23.70,23.99,4078743,98952984.00
2024-09-04,23.00,23.49,22.46,23.38,4392657,100885760.00
2024-09-05,23.54,25.62,23.01,24.09,6739049,164974768.00
2024-09-06,23.72,24.54,22.70,23.10,5784432,134530880.00
2024-09-09,23.00,23.92,22.30,23.92,4473862,103138224.00
2024-09-10,24.25,25.25,23.70,24.00,6445647,158388528.00
2024-09-11,23.60,24.00,22.92,23.30,4854188,112857368.00
2024-09-12,24.00,24.68,23.19,23.25,4318897,102692720.00
2024-09-13,22.67,24.25,22.67,23.28,5152757,120524592.00
2024-09-18,22.60,22.60,21.81,21.89,4137515,91549504.00
2024-09-19,22.18,22.18,21.45,21.50,3207867,69727608.00
2024-09-20,21.74,21.99,20.88,21.12,3516567,75293800.00
2024-09-23,20.98,21.45,19.91,20.09,4208794,86264776.00
2024-09-24,20.09,20.80,19.24,20.44,4969418,99490616.00
2024-09-25,20.45,22.25,20.00,21.08,6057651,129295312.00
2024-09-26,20.86,21.38,20.50,21.15,4446369,93027176.00
2024-09-27,21.30,24.25,21.00,23.14,7582733,171348560.00
2024-09-30,24.89,29.80,23.80,29.45,9904274,262805200.00
2024-10-08,38.20,38.28,33.33,38.28,9720677,354406272.00
2024-10-09,35.00,37.96,28.18,30.75,8513783,295419424.00
2024-10-10,31.00,32.46,28.55,28.55,6237277,187742256.00
2024-10-11,28.80,29.80,26.40,27.85,5608074,156509648.00
2024-10-14,27.20,29.70,26.69,29.70,6203190,175386656.00
2024-10-15,29.67,31.32,28.02,28.02,6218495,184697824.00
2024-10-16,26.90,28.19,26.70,27.16,4173193,113815736.00
2024-10-17,27.32,32.42,27.32,29.13,9394152,277369728.00
2024-10-18,30.00,37.50,29.01,34.76,12767021,432723776.00
2024-10-21,34.00,42.00,33.46,38.85,12856345,492506816.00
2024-10-22,40.00,45.00,35.00,37.23,11825505,477924256.00
2024-10-23,35.00,39.55,33.77,35.91,8681324,315791648.00
2024-10-24,35.03,42.80,34.40,41.00,10195879,392692416.00
2024-10-25,45.50,49.90,37.08,38.08,12575076,552860480.00
2024-10-28,36.51,39.55,35.66,38.20,7656230,287410592.00
2024-10-29,38.00,39.50,36.24,38.97,8238430,315600224.00
2024-10-30,39.20,41.89,37.99,41.03,8059561,321196512.00
2024-10-31,40.00,40.98,38.40,38.67,6580003,258526224.00
2024-11-01,37.50,37.60,31.50,31.55,6593344,228038768.00
2024-11-04,31.20,33.47,31.20,32.96,3264054,106693272.00
2024-11-05,34.00,36.21,33.12,36.19,5094238,178751632.00
2024-11-06,36.17,37.80,35.47,36.45,6065804,223074064.00
2024-11-07,36.50,38.91,35.10,37.30,4892880,182580688.00
2024-11-08,37.84,40.38,37.50,38.70,6142872,239364800.00
2024-11-11,38.00,42.50,37.80,41.31,6714810,271327584.00
2024-11-12,40.96,40.96,37.09,37.99,5328629,207858016.00
2024-11-13,37.91,39.50,36.00,39.04,4571879,173905312.00
2024-11-14,38.35,39.00,36.25,36.36,3374323,126903672.00
2024-11-15,36.89,37.76,35.87,36.09,3197247,117465600.00
2024-11-18,36.66,37.85,34.03,35.75,3152535,114040024.00
2024-11-19,35.03,37.20,32.73,35.70,3267034,114144744.00
2024-11-20,35.00,37.00,34.91,36.30,3144846,113624536.00
2024-11-21,36.00,36.88,35.34,36.35,3260254,117936352.00
2024-11-22,38.50,39.50,36.01,36.38,5380108,205323728.00
2024-11-25,35.40,35.95,33.71,34.50,3177945,109301120.00
2024-11-26,34.00,34.67,32.36,32.41,2180524,73366056.00
2024-11-27,32.48,33.33,30.70,33.30,2356186,75823576.00
2024-11-28,33.29,34.40,33.03,33.13,2559394,86305728.00
2024-11-29,33.13,34.00,31.87,33.20,2684901,88613728.00
2024-12-02,33.96,36.62,33.17,35.88,4806409,169290768.00
2024-12-03,35.88,35.88,35.88,35.88,0,0.00
#数据来源:通达信
