838163 方大新材 日线 不复权
      日期	    开盘	    最高	    最低	    收盘	    成交量	    成交额
2016-09-01,7.00,7.00,7.00,7.00,50000,350000.00
2016-11-02,7.00,7.00,7.00,7.00,331000,2317000.00
2016-11-07,7.00,7.00,7.00,7.00,80000,560000.00
2016-11-08,7.00,7.00,7.00,7.00,100000,700000.00
2017-02-23,8.00,8.00,8.00,8.00,1000,8000.00
2017-03-21,9.10,9.10,9.10,9.10,3000,27300.00
2017-03-31,10.20,10.20,10.20,10.20,5000,51000.00
2017-04-07,11.50,11.50,11.50,11.50,3000,34500.00
2017-04-13,12.00,12.00,12.00,12.00,1000,12000.00
2017-04-14,13.00,13.00,13.00,13.00,2000,26000.00
2017-05-03,15.00,15.00,15.00,15.00,3000,45000.00
2017-11-28,12.00,12.00,12.00,12.00,500000,6000000.00
2018-03-05,13.00,13.00,13.00,13.00,10000,130000.00
2018-03-06,13.00,13.00,13.00,13.00,27000,351000.00
2018-03-07,13.00,13.00,13.00,13.00,10000,130000.00
2018-03-08,13.00,13.00,13.00,13.00,17000,221000.00
2018-03-09,13.00,13.00,13.00,13.00,2000,26000.00
2018-03-15,13.00,13.00,13.00,13.00,49000,637000.00
2018-03-16,13.00,13.00,13.00,13.00,43000,559000.00
2018-03-19,13.00,13.00,13.00,13.00,51000,663000.00
2018-03-20,13.00,13.00,13.00,13.00,42000,546000.00
2018-03-22,13.00,13.00,13.00,13.00,20000,260000.00
2018-06-06,8.67,8.67,8.67,8.67,3000,26010.00
2018-09-14,10.00,10.00,10.00,10.00,48000,480000.00
2019-01-31,10.00,10.00,10.00,10.00,3000,30000.00
2019-03-27,10.00,10.00,10.00,10.00,3000,30000.00
2019-03-29,10.00,10.00,10.00,10.00,2000,20000.00
2019-04-01,10.00,10.00,10.00,10.00,2000,20000.00
2019-04-03,10.00,10.00,10.00,10.00,2000,20000.00
2019-04-04,10.00,10.00,10.00,10.00,1000,10000.00
2019-04-09,10.00,10.00,10.00,10.00,2000,20000.00
2019-04-11,10.00,10.00,10.00,10.00,1000,10000.00
2019-04-15,10.00,10.00,10.00,10.00,2000,20000.00
2019-06-06,9.80,9.80,9.80,9.80,1000,9800.00
2019-10-28,9.80,9.80,9.80,9.80,6000,58800.00
2019-10-29,9.00,9.00,9.00,9.00,772000,5200500.00
2019-10-30,9.00,9.00,9.00,9.00,39000,351000.00
2019-11-01,9.00,9.00,9.00,9.00,38000,342000.00
2019-11-12,9.00,9.00,9.00,9.00,2000,18000.00
2019-11-15,9.00,9.00,9.00,9.00,5000,45000.00
2019-12-11,9.00,9.00,9.00,9.00,106000,954000.00
2020-03-11,9.00,9.00,9.00,9.00,690000,5589000.00
2020-04-08,9.00,9.00,9.00,9.00,5000,45000.00
2020-04-10,9.99,11.11,9.99,11.11,2100,21091.00
2020-04-13,11.71,11.71,11.71,11.71,400,4684.00
2020-04-14,12.12,12.12,12.12,12.12,100,1212.00
2020-04-16,12.21,12.21,12.21,12.21,400,4884.00
2020-04-17,12.32,12.32,12.32,12.32,300,3696.00
2020-04-21,12.00,12.00,11.90,12.00,20800,249498.00
2020-04-22,12.00,12.00,12.00,12.00,6200,74400.00
2020-04-24,12.00,12.00,12.00,12.00,10000,120000.00
2020-04-27,12.00,12.01,11.99,12.00,40500,485954.00
2020-04-28,12.10,12.10,12.03,12.03,13200,158993.00
2020-04-29,12.03,13.00,12.03,12.20,22600,278841.00
2020-04-30,12.88,23.87,12.88,23.87,34500,456644.00
2020-05-06,13.05,20.07,13.05,19.80,6800,126763.85
2020-05-07,14.01,17.60,14.01,14.99,12600,182397.00
2020-05-08,14.00,14.79,14.00,14.79,8100,116438.40
2020-07-27,8.61,8.99,7.10,7.49,4171000,32808990.00
2020-07-28,7.51,7.81,7.16,7.70,1221400,9135481.00
2020-07-29,7.69,8.56,7.60,8.50,2838600,23594530.00
2020-07-30,8.54,8.92,8.30,8.52,2043100,17593760.00
2020-07-31,8.51,8.64,8.36,8.54,767100,6536621.00
2020-08-03,8.56,8.89,8.56,8.85,1492300,13097821.00
2020-08-04,8.85,8.90,8.52,8.62,1090100,9495605.00
2020-08-05,8.63,8.75,8.41,8.45,723800,6193239.50
2020-08-06,8.40,8.55,8.18,8.27,485300,4019014.50
2020-08-07,8.22,8.27,8.00,8.02,464500,3757687.00
2020-08-10,8.02,8.02,7.81,7.96,420200,3337068.00
2020-08-11,7.86,8.03,7.76,7.78,575600,4512789.50
2020-08-12,7.76,7.81,7.66,7.71,262500,2030552.63
2020-08-13,7.71,7.86,7.70,7.77,162500,1259494.00
2020-08-14,7.71,7.80,7.70,7.76,173700,1342430.38
2020-08-17,7.87,7.87,7.73,7.77,225600,1752545.13
2020-08-18,7.77,7.77,7.70,7.76,142500,1100423.38
2020-08-19,7.69,7.75,7.63,7.63,146000,1123102.00
2020-08-20,7.63,7.71,7.48,7.50,189000,1428474.88
2020-08-21,7.51,7.58,7.43,7.54,128200,960576.25
2020-08-24,7.50,7.50,7.41,7.49,149200,1112786.25
2020-08-25,7.46,7.52,7.42,7.46,103300,770240.81
2020-08-26,7.51,7.75,7.47,7.60,361400,2765398.25
2020-08-27,7.53,7.69,7.53,7.62,314900,2395720.00
2020-08-28,7.62,7.65,7.58,7.63,95600,729272.69
2020-08-31,7.63,7.65,7.52,7.61,79600,605070.25
2020-09-01,7.58,7.65,7.55,7.61,95900,729833.13
2020-09-02,7.54,7.67,7.53,7.58,95700,724010.63
2020-09-03,7.53,7.60,7.53,7.54,69200,523108.69
2020-09-04,7.54,7.55,7.46,7.55,78900,593038.38
2020-09-07,7.52,7.60,7.51,7.54,134800,1019501.13
2020-09-08,7.53,7.59,7.45,7.55,38800,290797.22
2020-09-09,7.46,7.52,7.43,7.44,140100,1044461.06
2020-09-10,7.44,7.52,7.30,7.41,146100,1089272.00
2020-09-11,7.33,7.44,7.27,7.42,75900,558443.88
2020-09-14,7.50,7.58,7.32,7.34,253400,2097803.75
2020-09-15,7.33,7.39,7.28,7.34,174700,1061694.38
2020-09-16,7.28,7.34,7.26,7.27,172700,1482894.25
2020-09-17,7.26,7.30,7.26,7.30,65600,478092.75
2020-09-18,7.27,7.35,7.27,7.35,83900,614654.44
2020-09-21,7.30,7.30,7.28,7.29,272400,1985712.88
2020-09-22,7.34,7.34,7.23,7.29,39600,287674.22
2020-09-23,7.27,7.30,7.26,7.28,18100,131784.00
2020-09-24,7.24,7.27,7.20,7.22,56700,409158.44
2020-09-25,7.18,7.23,7.07,7.08,207400,1479191.00
2020-09-28,7.33,7.34,7.03,7.03,239600,1483289.63
2020-09-29,7.03,7.10,7.03,7.05,355400,2718171.75
2020-09-30,7.06,7.18,7.05,7.10,130100,925725.94
2020-10-09,7.09,7.27,7.09,7.27,102100,736753.13
2020-10-12,7.30,7.55,7.30,7.51,271500,1788480.88
2020-10-13,7.56,7.63,7.51,7.61,215900,1635649.88
2020-10-14,7.61,7.74,7.58,7.71,253900,1956761.38
2020-10-15,7.71,7.75,7.55,7.70,115400,887469.63
2020-10-16,7.70,7.71,7.61,7.70,128700,984645.75
2020-10-19,7.79,7.82,7.70,7.78,132800,1030753.88
2020-10-20,7.78,7.79,7.74,7.79,93200,723320.56
2020-10-21,7.80,7.84,7.71,7.76,103500,804797.06
2020-10-22,7.76,7.79,7.72,7.77,49200,380844.59
2020-10-23,7.82,7.85,7.74,7.79,114500,894037.25
2020-10-26,7.74,7.79,7.68,7.68,120600,933830.38
2020-10-27,7.65,7.70,7.48,7.68,82400,628419.50
2020-10-28,7.53,7.68,7.53,7.66,33500,254476.00
2020-10-29,7.56,7.58,7.56,7.57,44400,336064.59
2020-10-30,7.69,7.69,7.49,7.49,82600,622992.88
2020-11-02,7.49,7.53,7.38,7.44,99300,737715.88
2020-11-03,7.38,7.48,7.38,7.39,96300,714395.19
2020-11-04,7.39,7.42,7.36,7.41,53300,394115.59
2020-11-05,7.44,7.47,7.42,7.47,38600,287541.00
2020-11-06,7.47,7.47,7.41,7.42,21100,156826.09
2020-11-09,7.43,7.47,7.43,7.43,30900,230780.06
2020-11-10,7.48,7.48,7.30,7.39,114500,844489.81
2020-11-11,7.34,7.41,7.30,7.31,51400,378031.16
2020-11-12,7.36,7.40,7.31,7.40,35900,264840.00
2020-11-13,7.28,7.39,7.28,7.33,37800,277009.28
2020-11-16,7.31,7.43,7.31,7.37,40200,296327.56
2020-11-17,7.35,7.44,7.35,7.41,37100,274623.88
2020-11-18,7.40,7.50,7.40,7.48,47900,355988.75
2020-11-19,7.43,7.50,7.43,7.49,62100,465214.25
2020-11-20,7.49,7.53,7.49,7.52,41200,310123.41
2020-11-23,7.50,7.54,7.50,7.52,38800,291601.25
2020-11-24,7.55,7.55,7.32,7.36,72100,533802.00
2020-11-25,7.38,7.46,7.32,7.36,60000,441405.63
2020-11-26,7.32,7.36,7.30,7.35,41900,306714.00
2020-11-27,7.31,7.37,7.31,7.37,42100,309596.03
2020-11-30,7.53,7.75,7.52,7.53,340400,2587531.25
2020-12-01,7.57,7.82,7.54,7.79,607600,4711692.50
2020-12-02,7.82,7.82,7.63,7.76,148700,1150921.13
2020-12-03,7.73,7.85,7.70,7.74,150800,1171765.63
2020-12-04,7.73,7.78,7.72,7.75,146600,1134514.13
2020-12-07,7.75,7.78,7.66,7.73,84700,655056.81
2020-12-08,7.60,7.74,7.58,7.62,60200,458851.38
2020-12-09,7.56,7.62,7.50,7.56,48100,362911.63
2020-12-10,7.55,7.55,7.46,7.50,63900,480675.50
2020-12-11,7.49,7.53,7.30,7.33,121200,894174.63
2020-12-14,7.31,7.37,7.22,7.33,13700,100253.94
2020-12-15,7.32,7.36,7.31,7.36,24900,182950.59
2020-12-16,7.32,7.36,7.30,7.36,42100,308627.81
2020-12-17,7.32,7.41,7.32,7.39,108600,802096.75
2020-12-18,7.34,7.46,7.34,7.39,107800,799149.38
2020-12-21,7.38,7.48,7.38,7.40,184700,1368915.13
2020-12-22,7.47,7.48,7.28,7.34,107300,788926.56
2020-12-23,7.32,7.36,7.20,7.24,99600,724728.19
2020-12-24,7.26,7.26,7.15,7.19,47200,339155.34
2020-12-25,7.14,7.16,7.07,7.08,111000,789167.81
2020-12-28,7.08,7.14,7.05,7.08,78200,553482.63
2020-12-29,7.08,7.08,6.70,6.88,263400,1827651.88
2020-12-30,6.90,6.98,6.80,6.85,130400,895377.69
2020-12-31,6.83,6.89,6.75,6.83,114100,777007.75
2021-01-04,6.86,6.88,6.77,6.84,152000,1035726.25
2021-01-05,6.85,6.98,6.71,6.81,278500,1892943.50
2021-01-06,6.78,6.78,6.74,6.74,100700,680154.63
2021-01-07,6.69,6.76,6.37,6.42,199100,1307376.50
2021-01-08,6.42,6.65,6.23,6.31,171900,1089061.63
2021-01-11,6.45,6.49,6.03,6.12,180900,1124314.25
2021-01-12,6.04,6.19,5.98,6.19,119300,722748.00
2021-01-13,6.01,6.26,6.01,6.15,166300,1014869.31
2021-01-14,6.34,6.36,6.10,6.16,83600,518902.59
2021-01-15,6.16,6.25,6.03,6.16,111900,686472.13
2021-01-18,6.26,6.32,6.10,6.28,191300,1193041.00
2021-01-19,6.38,6.63,6.29,6.50,197200,1280137.75
2021-01-20,6.58,6.66,6.51,6.61,135200,892989.56
2021-01-21,6.70,6.76,6.60,6.68,170800,1142429.88
2021-01-22,6.65,6.99,6.65,6.96,414200,2836399.00
2021-01-25,6.98,7.12,6.97,7.05,547000,3858888.25
2021-01-26,7.08,7.08,6.83,6.87,125800,875982.19
2021-01-27,6.80,6.88,6.54,6.74,31200,212482.36
2021-01-28,6.58,6.88,6.58,6.71,35200,236527.31
2021-01-29,6.72,6.97,6.66,6.69,20400,139089.56
2021-02-01,6.71,6.81,6.60,6.66,95600,638338.50
2021-02-02,6.67,6.87,6.67,6.76,58400,392582.91
2021-02-03,6.81,6.81,6.70,6.70,21400,143781.98
2021-02-04,6.78,6.97,6.65,6.67,36500,244611.91
2021-02-05,6.66,6.80,6.62,6.69,22800,152073.00
2021-02-08,6.63,6.78,6.52,6.71,14800,99418.15
2021-02-09,6.61,6.77,6.61,6.70,39100,261866.00
2021-02-10,6.65,6.82,6.58,6.70,23700,157547.06
2021-02-18,6.64,6.78,6.64,6.74,17100,114679.91
2021-02-19,6.74,6.86,6.70,6.79,31700,214611.75
2021-02-22,6.79,6.98,6.79,6.89,63000,435750.50
2021-02-23,6.88,6.98,6.88,6.96,41100,285295.16
2021-02-24,6.92,6.98,6.80,6.87,84400,579621.19
2021-02-25,6.81,6.87,6.81,6.87,15500,106013.88
2021-02-26,6.82,6.91,6.81,6.90,19400,133199.91
2021-03-01,7.01,7.50,7.01,7.37,607900,4384252.50
2021-03-02,7.34,7.45,7.25,7.35,139500,1026010.25
2021-03-03,7.30,7.41,7.27,7.41,270000,1985904.75
2021-03-04,7.40,7.75,7.37,7.60,411200,3128073.50
2021-03-05,7.59,7.80,7.59,7.80,273400,2109614.25
2021-03-08,7.92,8.00,7.83,7.85,255900,2020433.75
2021-03-09,7.74,7.90,7.74,7.86,109400,855336.38
2021-03-10,7.80,7.96,7.80,7.93,206400,1635515.75
2021-03-11,7.83,7.96,7.83,7.92,89800,709108.25
2021-03-12,8.08,8.18,7.90,8.12,243100,1953995.50
2021-03-15,8.12,8.41,8.12,8.28,273900,2278866.00
2021-03-16,7.58,8.30,7.58,8.18,116400,960898.06
2021-03-17,8.12,8.39,8.12,8.30,190500,1582383.00
2021-03-18,8.15,8.35,8.15,8.29,98800,818407.94
2021-03-19,8.27,8.30,8.03,8.19,223400,1825165.75
2021-03-22,8.26,8.43,8.19,8.40,242200,2020638.88
2021-03-23,8.31,8.51,8.25,8.37,193800,1628555.13
2021-03-24,8.33,8.44,8.28,8.31,82800,691706.50
2021-03-25,8.30,8.30,7.70,7.90,186900,1497300.63
2021-03-26,7.95,8.00,7.88,7.98,44000,348990.53
2021-03-29,8.02,8.14,7.91,8.09,72100,583067.63
2021-03-30,8.03,8.18,7.96,8.08,55600,448135.63
2021-03-31,7.97,8.08,7.97,8.08,17700,141345.05
2021-04-01,8.00,8.12,7.92,8.09,41300,330074.41
2021-04-02,8.09,8.18,7.98,8.15,62300,500064.91
2021-04-06,8.04,8.16,7.94,8.10,77800,626111.81
2021-04-07,8.08,8.38,8.08,8.34,99000,815666.38
2021-04-08,8.34,8.57,8.34,8.52,283100,2404960.75
2021-04-09,8.44,8.66,8.44,8.60,316700,2705419.00
2021-04-12,8.62,8.68,8.55,8.64,152100,1311653.25
2021-04-13,8.59,8.64,8.27,8.31,282500,2370032.50
2021-04-14,8.28,8.53,8.28,8.43,133300,1120465.00
2021-04-15,8.41,8.49,8.30,8.38,76900,643274.94
2021-04-16,8.35,8.53,8.33,8.49,59100,500460.72
2021-04-19,8.48,8.55,8.41,8.48,52400,444997.50
2021-04-20,8.56,8.56,8.40,8.41,149300,1262802.00
2021-04-21,8.41,8.47,8.35,8.43,58100,488638.53
2021-04-22,8.38,8.42,8.34,8.41,49400,415210.44
2021-04-23,8.31,8.41,8.31,8.38,42500,355525.63
2021-04-26,8.36,8.38,8.30,8.32,81800,683593.31
2021-04-27,8.31,8.33,8.25,8.31,31500,261103.77
2021-04-28,8.23,8.23,7.66,7.89,277700,2191327.50
2021-04-29,7.88,7.88,7.66,7.73,156400,1213614.38
2021-04-30,7.74,7.80,7.58,7.64,83100,635384.81
2021-05-06,7.68,7.68,7.60,7.62,89700,684225.63
2021-05-07,8.04,8.18,7.61,7.66,85700,660207.94
2021-05-10,7.63,7.71,7.61,7.68,96700,742324.81
2021-05-11,7.66,7.66,7.57,7.58,117600,893575.13
2021-05-12,7.58,7.60,7.42,7.54,81800,612957.81
2021-05-13,7.52,7.58,7.40,7.56,21700,162592.22
2021-05-14,7.56,7.65,7.52,7.55,48000,362473.91
2021-05-17,7.74,7.74,7.54,7.66,37600,287382.00
2021-05-18,7.57,7.72,7.57,7.66,70600,540360.19
2021-05-19,7.60,7.71,7.60,7.66,65400,501050.00
2021-05-20,7.57,7.95,7.57,7.74,45300,350706.91
2021-05-21,7.86,7.86,7.64,7.65,59700,460464.47
2021-05-24,7.62,7.74,7.62,7.69,35400,271291.00
2021-05-25,7.63,7.71,7.63,7.66,135000,1037712.31
2021-05-26,7.66,7.66,7.61,7.61,73800,563302.56
2021-05-27,7.61,7.77,7.61,7.62,73400,562069.31
2021-05-28,7.73,7.84,7.50,7.69,97000,747638.00
2021-05-31,7.64,7.69,7.53,7.69,71200,546440.25
2021-06-01,7.61,7.68,7.61,7.66,129000,986376.13
2021-06-02,7.56,7.67,7.56,7.66,325400,2474732.50
2021-06-03,7.66,7.74,7.63,7.71,115800,892674.00
2021-06-04,7.68,7.72,7.60,7.71,63000,483964.56
2021-06-07,7.65,8.08,7.64,8.02,201700,1602103.75
2021-06-08,7.95,8.03,7.88,7.99,242400,1923668.00
2021-06-09,7.89,8.40,7.89,8.35,189300,1539273.88
2021-06-10,8.30,8.47,8.22,8.28,116500,969468.50
2021-06-11,8.32,8.32,8.21,8.26,62100,511403.25
2021-06-15,8.26,8.30,8.20,8.29,59200,488931.41
2021-06-16,8.21,8.38,8.08,8.25,32100,262958.63
2021-06-17,8.25,8.35,8.13,8.26,50300,411953.09
2021-06-18,8.17,8.46,8.14,8.45,114900,956238.94
2021-06-21,8.26,8.50,8.26,8.38,58400,484684.75
2021-06-22,8.53,8.53,8.26,8.35,52300,441485.41
2021-06-23,8.25,8.25,7.97,8.12,462100,3707113.25
2021-06-24,8.01,8.15,8.01,8.14,135400,1091161.50
2021-06-25,8.10,8.29,8.10,8.29,102200,838161.19
2021-06-28,8.15,8.28,8.13,8.20,105100,859074.63
2021-06-29,8.18,8.23,8.00,8.09,110700,895356.13
2021-06-30,8.08,8.24,8.08,8.24,74600,607272.13
2021-07-01,8.20,8.31,8.14,8.19,128400,1060409.88
2021-07-02,8.17,8.28,8.17,8.19,16300,133536.66
2021-07-05,8.16,8.19,8.15,8.18,27400,223582.73
2021-07-06,8.12,8.29,8.10,8.25,208600,1708109.13
2021-07-07,8.06,8.24,8.06,8.20,23400,191352.84
2021-07-08,8.19,8.19,8.10,8.15,42100,342613.00
2021-07-09,8.15,8.22,8.08,8.16,83300,677623.63
2021-07-12,8.13,8.25,8.13,8.16,153100,1252307.25
2021-07-13,8.11,8.24,8.11,8.15,69400,565616.38
2021-07-14,8.12,8.24,8.12,8.22,208500,1707776.00
2021-07-15,8.23,8.23,8.11,8.20,205600,1680798.63
2021-07-16,8.20,8.38,8.16,8.37,327000,2689090.00
2021-07-19,8.37,8.67,8.22,8.37,336900,2832454.00
2021-07-20,8.30,8.45,8.16,8.30,116700,962692.63
2021-07-21,8.35,8.35,8.15,8.19,163700,1344908.50
2021-07-22,8.27,8.27,7.71,8.07,206300,1665377.50
2021-07-23,7.89,8.13,7.84,8.05,107100,851777.44
2021-07-26,8.10,8.10,7.62,7.80,203800,1595377.63
2021-07-27,7.58,7.95,7.58,7.60,121600,927084.50
2021-07-28,7.61,7.68,7.40,7.40,74700,559433.13
2021-07-29,7.65,7.65,7.32,7.49,84800,629254.50
2021-07-30,7.33,7.46,7.33,7.43,37400,277234.41
2021-08-02,7.57,7.57,7.21,7.25,132200,962260.38
2021-08-03,7.25,7.25,6.99,7.04,98100,695989.31
2021-08-04,6.81,7.33,6.81,7.06,84900,586520.94
2021-08-05,7.00,7.34,7.00,7.34,490600,3548036.00
2021-08-06,7.39,7.40,7.24,7.40,581300,4268031.50
2021-08-09,7.28,7.60,7.20,7.57,548500,4038064.50
2021-08-10,7.55,7.60,7.31,7.40,407200,3020037.50
2021-08-11,7.31,7.43,7.30,7.38,177800,1310240.00
2021-08-12,7.56,7.65,7.47,7.64,95700,724913.25
2021-08-13,7.60,7.82,7.51,7.82,125500,968036.00
2021-08-16,7.79,8.05,7.66,8.05,587400,4664008.00
2021-08-17,7.94,8.06,7.76,7.82,329500,2603655.50
2021-08-18,7.93,7.95,7.73,7.87,91300,714972.81
2021-08-19,7.93,7.93,7.66,7.66,193000,1491155.00
2021-08-20,7.67,8.00,7.64,7.97,385300,3001520.00
2021-08-23,7.99,7.99,7.83,7.90,124800,982786.13
2021-08-24,7.83,7.87,7.74,7.85,116000,901117.00
2021-08-25,7.74,7.87,7.64,7.81,93300,719378.19
2021-08-26,7.66,7.66,6.85,6.94,779400,5513988.50
2021-08-27,6.97,6.97,6.53,6.65,305500,2051386.63
2021-08-30,6.54,6.68,6.54,6.59,88400,580020.75
2021-08-31,6.61,6.88,6.61,6.87,161700,1094565.25
2021-09-01,6.93,7.06,6.76,7.06,111800,777044.81
2021-09-02,7.14,7.26,7.07,7.19,245600,1764502.25
2021-09-03,8.13,8.15,7.35,7.54,615000,4738254.00
2021-09-06,7.60,8.99,7.60,8.38,1688500,14108653.00
2021-09-07,8.36,8.59,8.27,8.45,1575100,13331266.00
2021-09-08,8.43,8.66,8.33,8.64,356800,3031780.50
2021-09-09,8.86,9.39,8.54,9.20,649700,5896388.00
2021-09-10,9.70,9.75,8.91,9.23,518400,4831256.50
2021-09-13,9.29,9.29,8.81,8.88,412900,3691208.75
2021-09-14,9.19,9.19,8.83,8.87,229900,2062971.50
2021-09-15,8.72,8.83,8.52,8.57,272300,2344545.25
2021-09-16,8.54,8.58,8.33,8.33,97800,825165.81
2021-09-17,8.22,8.97,8.22,8.79,168800,1459349.63
2021-09-22,9.20,9.25,8.82,9.08,600500,5418412.00
2021-09-23,8.98,9.18,8.94,8.95,127100,1144283.13
2021-09-24,9.17,9.17,8.85,8.95,178300,1591325.50
2021-09-27,8.95,9.11,8.53,8.53,94500,832663.44
2021-09-28,8.85,8.85,8.60,8.75,160000,1381600.13
2021-09-29,8.75,8.75,8.62,8.66,150800,1306207.38
2021-09-30,8.79,9.03,8.60,9.03,294200,2602404.25
2021-10-08,8.91,9.03,8.82,9.00,110100,986063.00
2021-10-11,9.13,9.15,7.90,8.89,120200,1070053.13
2021-10-12,8.31,8.92,8.31,8.80,56100,493824.91
2021-10-13,8.72,8.88,8.72,8.87,38300,339123.00
2021-10-14,8.54,8.90,8.54,8.82,48600,425183.00
2021-10-15,8.56,8.82,8.55,8.75,46700,403134.94
2021-10-18,8.78,8.78,8.25,8.74,71400,604010.69
2021-10-19,8.51,8.72,8.51,8.70,4500,38968.00
2021-10-20,8.55,8.71,8.55,8.71,49600,429187.88
2021-10-21,8.88,8.88,8.64,8.79,54200,475623.00
2021-10-22,8.97,8.97,8.66,8.76,65000,567041.31
2021-10-25,9.47,9.47,8.50,8.74,36300,317594.28
2021-10-26,8.74,8.74,8.32,8.39,45500,390148.97
2021-10-27,8.44,8.57,8.31,8.37,68400,572569.06
2021-10-28,8.40,8.42,7.76,7.98,105800,854273.31
2021-10-29,7.92,8.14,7.92,8.08,26800,216186.94
2021-11-01,8.52,8.61,8.13,8.57,235300,1997083.13
2021-11-02,8.87,8.88,8.43,8.45,105700,913270.94
2021-11-03,8.73,8.73,8.44,8.60,84900,733002.19
2021-11-04,8.68,9.10,8.68,8.95,185800,1656822.25
2021-11-05,9.28,9.28,8.48,9.11,168200,1521785.75
2021-11-08,9.10,9.58,9.10,9.45,328600,3078477.00
2021-11-09,9.58,9.65,9.29,9.40,158100,1489603.25
2021-11-10,9.41,9.57,9.33,9.57,92300,872947.06
2021-11-11,9.78,9.88,9.45,9.57,190500,1833494.75
2021-11-12,9.76,9.98,9.54,9.87,400900,3922181.25
2021-11-15,10.02,10.50,9.11,9.23,1959700,19136128.00
2021-11-16,9.23,9.37,8.76,8.80,508700,4556252.00
2021-11-17,8.80,9.00,8.78,8.83,265900,2357732.00
2021-11-18,8.93,8.93,8.42,8.45,385800,3305335.00
2021-11-19,8.68,8.68,8.32,8.44,283400,2389640.25
2021-11-22,8.33,9.09,8.33,8.70,488300,4261248.50
2021-11-23,8.70,8.85,8.42,8.72,578500,5021421.50
2021-11-24,8.72,8.72,8.44,8.50,337000,2880830.25
2021-11-25,8.44,8.56,8.35,8.41,280900,2367309.00
2021-11-26,8.34,8.43,8.25,8.29,197800,1643465.38
2021-11-29,8.25,8.41,8.05,8.07,215200,1751654.13
2021-11-30,8.30,8.30,8.00,8.03,232800,1879584.00
2021-12-01,8.02,8.10,8.00,8.05,194200,1561155.63
2021-12-02,8.03,8.13,8.02,8.05,153900,1238882.63
2021-12-03,8.03,8.08,8.00,8.04,136200,1094392.13
2021-12-06,8.07,8.07,7.71,7.81,198300,1557414.25
2021-12-07,7.77,7.81,7.67,7.67,130200,1003701.63
2021-12-08,7.68,7.84,7.68,7.75,148500,1153228.25
2021-12-09,7.84,7.84,7.58,7.61,313000,2394524.25
2021-12-10,7.60,7.66,7.53,7.55,141700,1074207.13
2021-12-13,7.53,7.65,7.51,7.59,137900,1045011.31
2021-12-14,7.63,7.78,7.56,7.74,459700,3545480.75
2021-12-15,7.89,8.02,7.77,7.81,390000,3078074.75
2021-12-16,7.81,7.88,7.67,7.72,137900,1062304.13
2021-12-17,7.78,7.83,7.70,7.83,218400,1698343.75
2021-12-20,7.88,7.88,7.70,7.73,91300,707278.50
2021-12-21,7.71,7.77,7.68,7.74,170000,1309687.88
2021-12-22,7.73,7.73,7.56,7.60,228200,1747709.50
2021-12-23,7.57,7.64,7.56,7.57,113500,859785.13
2021-12-24,7.52,7.57,7.44,7.46,185000,1385859.00
2021-12-27,7.45,7.54,7.38,7.47,162700,1211359.50
2021-12-28,7.47,7.60,7.47,7.56,205400,1546658.75
2021-12-29,7.57,7.60,7.55,7.60,144500,1095715.25
2021-12-30,7.60,7.79,7.57,7.76,432600,3333571.75
2021-12-31,7.87,8.15,7.82,8.14,943500,7612616.00
2022-01-04,8.20,8.31,7.79,8.11,537700,4307781.50
2022-01-05,8.09,8.10,7.92,8.06,309700,2488451.25
2022-01-06,8.02,8.12,8.02,8.06,437300,3523934.25
2022-01-07,8.13,8.17,7.85,7.88,191800,1529259.75
2022-01-10,7.88,7.88,7.72,7.78,374342,2903958.75
2022-01-11,7.91,7.92,7.71,7.76,191055,1477940.00
2022-01-12,7.71,7.79,7.71,7.77,124022,960107.94
2022-01-13,7.74,7.80,7.74,7.77,199127,1546699.13
2022-01-14,7.81,7.81,7.71,7.75,120557,936482.06
2022-01-17,7.80,7.83,7.68,7.78,97205,757781.13
2022-01-18,7.87,7.87,7.60,7.71,274765,2116822.00
2022-01-19,7.79,7.79,7.65,7.69,63688,490455.84
2022-01-20,7.64,7.98,7.64,7.80,399150,3108686.75
2022-01-21,7.80,7.81,7.73,7.76,161815,1255672.38
2022-01-24,7.71,7.71,7.60,7.66,151904,1164815.63
2022-01-25,7.61,7.61,7.41,7.47,158506,1185907.25
2022-01-26,7.60,7.60,7.37,7.41,97051,719874.94
2022-01-27,7.41,7.43,7.30,7.37,89071,655735.00
2022-01-28,7.32,7.45,7.26,7.35,51464,377822.38
2022-02-07,7.38,7.48,7.36,7.42,60179,446426.00
2022-02-08,7.43,7.48,7.37,7.43,81440,603731.38
2022-02-09,7.44,7.49,7.40,7.43,53152,395185.53
2022-02-10,7.44,7.49,7.40,7.45,63093,469419.16
2022-02-11,7.41,7.50,7.40,7.47,92618,689347.25
2022-02-14,7.39,7.43,7.39,7.40,36492,270365.69
2022-02-15,7.38,7.44,7.35,7.40,60172,444315.94
2022-02-16,7.45,7.47,7.37,7.47,59773,444189.66
2022-02-17,7.39,7.47,7.39,7.41,27380,203176.59
2022-02-18,7.41,7.41,7.36,7.39,39442,291103.03
2022-02-21,7.37,7.38,7.27,7.36,68400,502730.88
2022-02-22,7.43,7.44,7.30,7.34,53366,391376.09
2022-02-23,7.34,7.39,7.34,7.39,12900,95136.95
2022-02-24,7.44,7.48,7.23,7.23,81100,592862.31
2022-02-25,7.28,7.39,7.28,7.31,33123,243895.81
2022-02-28,7.25,7.25,7.20,7.22,86910,627438.31
2022-03-01,7.21,7.34,7.15,7.24,38685,278148.59
2022-03-02,7.16,7.24,7.16,7.19,25514,183955.80
2022-03-03,7.23,7.23,7.15,7.19,52587,377560.53
2022-03-04,7.17,7.24,7.12,7.19,26600,190762.95
2022-03-07,7.17,7.19,7.04,7.04,60579,430033.75
2022-03-08,7.00,7.02,6.50,6.76,170112,1170766.25
2022-03-09,6.88,6.93,6.50,6.51,100134,659961.38
2022-03-10,6.69,6.69,6.57,6.62,52693,348899.69
2022-03-11,6.65,6.67,6.46,6.64,67695,444971.94
2022-03-14,6.54,6.56,6.47,6.47,30895,201647.98
2022-03-15,6.47,6.50,6.34,6.34,34039,217782.39
2022-03-16,6.33,6.38,6.17,6.33,53906,338852.50
2022-03-17,6.40,6.80,6.40,6.61,159915,1059111.13
2022-03-18,6.60,6.68,6.50,6.68,44900,296600.50
2022-03-21,6.68,6.68,6.59,6.60,56089,370541.84
2022-03-22,6.62,6.74,6.53,6.66,40541,267838.00
2022-03-23,6.73,6.73,6.61,6.69,24955,166021.95
2022-03-24,6.44,6.66,6.36,6.49,28355,182561.81
2022-03-25,6.45,6.52,6.40,6.40,23080,148701.00
2022-03-28,6.33,6.46,6.33,6.45,5144,33065.36
2022-03-29,6.66,6.66,6.33,6.43,43005,276291.66
2022-03-30,6.35,6.48,6.35,6.40,28264,181255.95
2022-03-31,6.41,6.46,6.38,6.40,27097,173407.66
2022-04-01,6.40,6.45,6.36,6.45,45799,294065.78
2022-04-06,6.45,6.48,6.32,6.45,30353,195597.75
2022-04-07,6.37,6.45,6.30,6.43,35400,225068.00
2022-04-08,6.30,6.37,6.30,6.33,25828,164098.92
2022-04-11,6.31,6.31,6.18,6.20,51195,320250.78
2022-04-12,6.18,6.30,6.11,6.26,24960,153393.98
2022-04-13,6.17,6.32,6.07,6.10,38428,234562.48
2022-04-14,6.26,6.26,6.05,6.16,65948,401329.06
2022-04-15,6.12,6.13,6.02,6.12,25390,153841.72
2022-04-18,6.02,6.02,5.95,5.97,51337,307489.97
2022-04-19,6.18,6.18,5.96,5.98,48671,291849.16
2022-04-20,6.13,6.13,5.96,5.96,22760,135834.00
2022-04-21,5.97,5.98,5.81,5.81,20200,118778.00
2022-04-22,5.72,5.94,5.68,5.82,26800,153863.72
2022-04-25,5.66,5.80,5.56,5.56,51166,290862.88
2022-04-26,5.56,5.65,5.22,5.25,29704,160768.98
2022-04-27,5.21,5.37,5.06,5.19,59769,304622.63
2022-04-28,5.19,5.20,5.09,5.17,25222,130340.36
2022-04-29,5.22,5.57,5.22,5.56,107045,586025.69
2022-05-05,5.64,5.64,5.36,5.56,93303,510985.53
2022-05-06,5.55,5.55,5.23,5.51,42663,229963.16
2022-05-09,5.51,5.56,5.32,5.49,32100,174179.45
2022-05-10,5.28,5.52,5.28,5.45,38100,208508.00
2022-05-11,5.52,5.58,5.43,5.48,167998,917617.13
2022-05-12,5.55,5.55,5.40,5.48,24053,130562.21
2022-05-13,5.39,5.80,5.39,5.78,194561,1092805.75
2022-05-16,5.77,5.88,5.70,5.79,71467,411394.78
2022-05-17,5.77,5.84,5.64,5.79,40230,233083.31
2022-05-18,5.80,5.80,5.70,5.74,20763,119027.90
2022-05-19,5.77,5.77,5.74,5.75,5200,29870.00
2022-05-20,5.80,5.83,5.66,5.80,22580,130483.72
2022-05-23,5.79,5.83,5.73,5.81,63380,365737.25
2022-05-24,5.76,5.82,5.53,5.78,75195,428430.94
2022-05-25,5.70,5.81,5.56,5.66,81163,454633.09
2022-05-26,5.58,5.79,5.58,5.73,19409,109977.32
2022-05-27,5.72,5.72,5.64,5.68,10100,57286.00
2022-05-30,5.62,5.70,5.57,5.68,23300,131188.00
2022-05-31,5.80,5.80,5.64,5.77,27463,157336.64
2022-06-01,5.80,5.80,5.61,5.75,14700,83737.00
2022-06-02,5.73,5.78,5.70,5.78,26300,151315.00
2022-06-06,5.88,5.88,5.71,5.83,19469,112417.27
2022-06-07,5.86,5.88,5.74,5.88,22802,132918.02
2022-06-08,5.88,5.88,5.76,5.85,16383,95268.57
2022-06-09,5.85,5.86,5.56,5.82,27311,156701.45
2022-06-10,5.72,5.80,5.68,5.77,29307,168458.50
2022-06-13,5.63,5.77,5.60,5.74,34772,196352.20
2022-06-14,5.63,5.70,5.62,5.67,11400,64903.00
2022-06-15,5.67,5.69,5.60,5.68,38739,219415.91
2022-06-16,5.62,5.68,5.60,5.63,45733,257617.13
2022-06-17,5.66,5.66,5.51,5.65,21954,122948.02
2022-06-20,5.67,5.67,5.56,5.63,28769,160436.70
2022-06-21,5.67,5.67,5.55,5.60,49104,275003.97
2022-06-22,5.64,5.64,5.52,5.60,24517,135775.88
2022-06-23,5.61,5.62,5.38,5.54,131250,717197.06
2022-06-24,5.47,5.53,5.42,5.51,48441,265289.72
2022-06-27,5.48,5.57,5.45,5.53,24664,135996.42
2022-06-28,5.50,5.73,5.47,5.68,219096,1233497.00
2022-06-29,5.61,5.67,5.55,5.56,61215,343404.41
2022-06-30,5.51,5.65,5.46,5.58,148627,821167.06
2022-07-01,5.57,5.65,5.50,5.55,39758,220079.63
2022-07-04,5.65,5.65,5.51,5.53,22325,123891.50
2022-07-05,5.58,5.60,5.53,5.56,9200,51343.66
2022-07-06,5.63,5.63,5.44,5.53,20717,113589.28
2022-07-07,5.61,5.61,5.46,5.57,16768,92549.68
2022-07-08,5.52,5.60,5.51,5.60,11275,62571.88
2022-07-11,5.58,5.60,5.52,5.60,27204,151146.52
2022-07-12,5.70,5.90,5.62,5.68,173139,987429.19
2022-07-13,5.59,5.69,5.53,5.66,32234,180890.41
2022-07-14,5.66,5.70,5.02,5.02,44304,244315.69
2022-07-15,5.60,5.90,5.45,5.45,186167,1054477.88
2022-07-18,5.47,5.60,5.41,5.59,89002,489618.72
2022-07-19,5.45,5.60,5.45,5.53,74110,412187.88
2022-07-20,5.59,5.60,5.51,5.56,39122,216617.45
2022-07-21,5.50,5.59,5.49,5.59,38253,211305.50
2022-07-22,5.52,5.59,5.43,5.59,66319,366760.63
2022-07-25,5.56,5.56,5.51,5.56,15217,83985.52
2022-07-26,5.50,5.63,5.49,5.60,40592,227522.44
2022-07-27,5.64,5.67,5.56,5.64,93288,524463.63
2022-07-28,5.64,5.68,5.59,5.66,85664,483038.63
2022-07-29,5.66,5.69,5.62,5.67,31720,179411.41
2022-08-01,5.68,5.73,5.64,5.73,40828,232547.56
2022-08-02,5.64,5.64,5.49,5.58,54115,300441.47
2022-08-03,5.59,5.59,5.31,5.44,180497,985212.88
2022-08-04,5.47,5.47,5.37,5.43,62992,340446.22
2022-08-05,5.47,5.47,5.39,5.45,39228,213350.34
2022-08-08,5.48,5.48,5.41,5.45,32911,178276.63
2022-08-09,5.45,5.54,5.43,5.46,11985,65383.55
2022-08-10,5.46,5.51,5.41,5.50,36282,198458.58
2022-08-11,5.46,5.66,5.46,5.60,84603,472542.59
2022-08-12,5.69,5.73,5.56,5.59,95362,540295.69
2022-08-15,5.68,5.68,5.56,5.63,16159,90394.25
2022-08-16,5.55,5.66,5.55,5.63,82546,464622.97
2022-08-17,5.67,5.67,5.57,5.63,5600,31425.00
2022-08-18,5.65,5.65,5.39,5.59,57995,320898.44
2022-08-19,5.56,5.62,5.53,5.59,16006,89325.78
2022-08-22,5.63,5.63,5.56,5.63,32840,183686.20
2022-08-23,5.58,5.64,5.50,5.60,116572,646764.88
2022-08-24,5.61,5.63,5.50,5.52,200692,1113331.25
2022-08-25,5.52,5.58,5.46,5.57,19755,109371.30
2022-08-26,5.52,5.60,5.52,5.58,9400,52098.00
2022-08-29,5.50,5.61,5.50,5.58,12700,70268.28
2022-08-30,5.61,5.61,5.54,5.58,1492,8313.93
2022-08-31,5.51,5.57,5.46,5.57,46080,254375.48
2022-09-01,5.57,5.57,5.47,5.56,13474,73974.13
2022-09-02,5.53,5.59,5.47,5.57,21444,119094.99
2022-09-05,5.57,5.60,5.53,5.59,84445,471835.31
2022-09-06,5.66,5.66,5.54,5.62,17519,98080.35
2022-09-07,5.57,5.63,5.57,5.62,21799,122597.18
2022-09-08,5.60,5.62,5.51,5.61,19701,109987.29
2022-09-09,5.60,5.64,5.53,5.64,70058,393689.59
2022-09-13,5.61,5.69,5.61,5.67,85230,482669.78
2022-09-14,5.68,5.69,5.64,5.69,65838,373330.75
2022-09-15,5.73,6.23,5.66,6.00,347210,2019949.25
2022-09-16,5.99,7.70,5.98,7.38,2845639,20334630.00
2022-09-19,7.18,7.18,6.00,6.73,1336643,8976793.00
2022-09-20,6.76,6.76,6.41,6.58,774906,5059897.00
2022-09-21,6.61,7.25,6.59,6.84,1084986,7509682.00
2022-09-22,6.66,7.02,6.65,6.78,592938,4041370.50
2022-09-23,6.85,6.99,6.46,6.59,515265,3455081.50
2022-09-26,6.42,6.46,5.93,5.96,510560,3144253.25
2022-09-27,5.98,6.09,5.78,5.98,265348,1564990.88
2022-09-28,5.92,5.92,5.74,5.81,123003,717834.56
2022-09-29,5.81,5.81,5.55,5.58,370566,2097008.50
2022-09-30,5.57,5.64,5.46,5.54,373282,2053910.00
2022-10-10,5.54,5.68,5.48,5.48,93709,520401.91
2022-10-11,5.58,5.75,5.50,5.61,206680,1155775.75
2022-10-12,5.61,5.72,5.56,5.66,107559,609327.75
2022-10-13,5.62,5.71,5.58,5.66,255909,1438551.88
2022-10-14,5.73,5.86,5.63,5.77,194816,1114290.88
2022-10-17,5.85,5.85,5.71,5.76,81630,469602.50
2022-10-18,5.77,5.88,5.75,5.88,130864,761279.88
2022-10-19,5.88,5.93,5.78,5.92,239952,1405835.88
2022-10-20,5.88,5.96,5.86,5.89,164352,968327.75
2022-10-21,5.79,5.93,5.78,5.83,37502,218657.16
2022-10-24,5.82,5.88,5.73,5.86,168066,976929.94
2022-10-25,5.73,5.81,5.59,5.81,86955,499724.03
2022-10-26,5.85,5.87,5.78,5.81,58765,342509.50
2022-10-27,5.88,5.89,5.77,5.85,42530,247614.09
2022-10-28,5.81,5.83,5.68,5.82,74670,431120.28
2022-10-31,5.77,5.85,5.60,5.72,214638,1219954.50
2022-11-01,5.75,5.75,5.64,5.71,188696,1073395.13
2022-11-02,5.66,5.72,5.60,5.69,113784,642379.81
2022-11-03,5.64,5.70,5.59,5.67,64270,361847.59
2022-11-04,5.60,5.73,5.60,5.69,146492,827730.94
2022-11-07,5.63,5.79,5.63,5.72,51032,291686.97
2022-11-08,5.75,5.77,5.69,5.75,70664,404310.00
2022-11-09,5.70,5.75,5.69,5.74,69254,396092.38
2022-11-10,5.70,5.71,5.66,5.71,53179,302227.25
2022-11-11,5.71,5.76,5.70,5.71,93535,535174.56
2022-11-14,5.71,5.75,5.70,5.71,82851,473873.78
2022-11-15,5.69,5.74,5.69,5.72,65574,373618.00
2022-11-16,5.75,5.77,5.71,5.71,62533,358099.75
2022-11-17,5.70,5.72,5.67,5.72,43500,247361.00
2022-11-18,5.72,5.73,5.67,5.70,133833,765470.44
2022-11-21,5.77,5.82,5.70,5.71,202690,1165134.13
2022-11-22,5.79,5.79,5.67,5.67,96816,551998.56
2022-11-23,5.74,5.74,5.60,5.67,76400,431745.94
2022-11-24,5.66,5.71,5.64,5.65,59059,334234.47
2022-11-25,5.70,5.71,5.62,5.64,82188,463842.47
2022-11-28,5.63,5.68,5.53,5.56,183491,1022545.56
2022-11-29,5.65,5.71,5.57,5.58,96306,539504.44
2022-11-30,5.58,5.62,5.55,5.56,72800,405060.00
2022-12-01,5.58,5.62,5.55,5.56,67030,373943.75
2022-12-02,5.56,5.57,5.55,5.57,97100,540051.19
2022-12-05,5.63,5.64,5.55,5.57,102644,572470.81
2022-12-06,5.55,5.61,5.55,5.58,47400,264374.00
2022-12-07,5.55,5.59,5.55,5.57,50923,283362.66
2022-12-08,5.54,5.58,5.54,5.55,75861,422220.78
2022-12-09,5.60,5.61,5.54,5.54,39801,221553.55
2022-12-12,5.54,5.60,5.51,5.56,53300,295417.44
2022-12-13,5.52,5.56,5.52,5.53,58050,321437.50
2022-12-14,5.53,5.59,5.52,5.52,45600,252874.00
2022-12-15,5.57,5.57,5.52,5.53,17000,94270.00
2022-12-16,5.57,5.57,5.52,5.53,50700,281730.00
2022-12-19,5.51,5.56,5.41,5.45,58083,317448.59
2022-12-20,5.40,5.44,5.40,5.42,34700,188588.00
2022-12-21,5.39,5.54,5.38,5.39,45601,246870.81
2022-12-22,5.37,5.53,5.25,5.38,65247,346105.75
2022-12-23,5.26,5.36,5.26,5.29,30929,163365.13
2022-12-26,5.27,5.44,5.26,5.38,58300,312116.25
2022-12-27,5.43,5.44,5.28,5.34,68373,364379.19
2022-12-28,5.42,5.43,5.32,5.40,32671,175204.03
2022-12-29,5.34,5.40,5.33,5.38,13566,72579.48
2022-12-30,5.31,5.40,5.31,5.35,6801,36569.33
2023-01-03,5.44,5.44,5.42,5.43,17500,94944.68
2023-01-04,5.44,5.49,5.36,5.44,68300,370193.22
2023-01-05,5.52,5.52,5.38,5.49,39642,216707.73
2023-01-06,5.52,5.52,5.41,5.41,34070,185632.50
2023-01-09,5.52,5.52,5.40,5.45,14455,78564.02
2023-01-10,5.47,5.48,5.45,5.48,39786,217729.42
2023-01-11,5.47,5.55,5.43,5.52,113163,624444.88
2023-01-12,5.55,5.55,5.44,5.50,78873,435486.97
2023-01-13,5.53,5.53,5.44,5.50,22705,124085.24
2023-01-16,5.45,5.51,5.43,5.43,64918,353905.09
2023-01-17,5.47,5.48,5.40,5.43,40400,219276.20
2023-01-18,5.48,5.48,5.43,5.43,16650,90466.00
2023-01-19,5.35,5.47,5.35,5.45,20313,110683.00
2023-01-20,5.58,5.58,5.46,5.55,129452,716031.63
2023-01-30,5.62,6.22,5.56,5.89,482729,2749178.00
2023-01-31,5.81,6.44,5.81,6.23,1196646,7441463.50
2023-02-01,6.23,6.43,5.95,6.08,859295,5267162.50
2023-02-02,5.97,6.12,5.92,5.97,352714,2109986.25
2023-02-03,5.99,6.02,5.88,5.98,147153,873809.06
2023-02-06,5.90,5.97,5.87,5.88,88604,523532.56
2023-02-07,5.93,5.93,5.82,5.84,119914,701775.00
2023-02-08,5.77,5.91,5.77,5.82,84827,492837.19
2023-02-09,5.88,5.88,5.79,5.87,48358,282407.88
2023-02-10,5.90,5.90,5.79,5.85,93933,546803.25
2023-02-13,5.88,5.89,5.81,5.88,88027,517459.28
2023-02-14,5.97,5.97,5.87,5.89,44899,264315.13
2023-02-15,5.93,6.03,5.91,5.95,273060,1634729.63
2023-02-16,6.04,6.05,5.85,5.85,59604,355670.16
2023-02-17,6.02,6.02,5.86,5.86,49473,292273.50
2023-02-20,5.94,6.02,5.90,5.95,49604,294679.09
2023-02-21,6.01,6.01,5.94,5.97,41555,247521.78
2023-02-22,5.99,5.99,5.94,5.95,25900,154415.00
2023-02-23,6.01,6.01,5.88,5.88,67680,400270.97
2023-02-24,5.88,5.90,5.85,5.85,32494,190769.91
2023-02-27,5.82,5.85,5.57,5.62,308394,1740631.50
2023-02-28,5.65,5.65,5.57,5.65,64481,362728.63
2023-03-01,5.66,5.82,5.62,5.75,70333,399266.88
2023-03-02,5.79,5.86,5.75,5.75,61418,356437.78
2023-03-03,5.85,5.85,5.68,5.76,107937,618571.75
2023-03-06,5.83,5.83,5.75,5.75,39969,230544.95
2023-03-07,5.72,5.80,5.72,5.74,65028,376558.53
2023-03-08,5.72,5.75,5.72,5.75,34550,198658.50
2023-03-09,5.79,5.89,5.62,5.82,162310,939847.81
2023-03-10,5.64,5.78,5.64,5.78,30800,175117.00
2023-03-13,5.81,5.81,5.72,5.72,19324,110609.05
2023-03-14,5.79,5.79,5.69,5.69,64345,368570.63
2023-03-15,5.68,5.78,5.68,5.70,33721,192844.06
2023-03-16,5.74,5.77,5.71,5.71,7900,45350.00
2023-03-17,5.74,5.89,5.70,5.79,104108,598859.75
2023-03-20,5.76,5.78,5.70,5.73,20900,119682.00
2023-03-21,5.73,5.73,5.68,5.71,40636,231774.28
2023-03-22,5.70,5.72,5.68,5.70,109153,621554.06
2023-03-23,5.71,5.72,5.69,5.70,15078,85961.82
2023-03-24,5.74,5.78,5.68,5.73,74867,426989.38
2023-03-27,5.77,5.77,5.68,5.68,33300,189780.31
2023-03-28,5.68,5.72,5.68,5.68,34732,197297.36
2023-03-29,5.67,5.67,5.57,5.63,97393,547887.13
2023-03-30,5.61,5.85,5.61,5.64,8850,50122.00
2023-03-31,5.62,5.68,5.62,5.68,12150,68595.00
2023-04-03,5.70,5.70,5.66,5.70,32198,183036.16
2023-04-04,5.70,5.77,5.66,5.73,31900,181638.45
2023-04-06,5.75,5.75,5.68,5.72,32268,184071.27
2023-04-07,5.74,5.75,5.71,5.71,15416,88350.68
2023-04-10,5.77,5.79,5.64,5.68,62883,356896.66
2023-04-11,5.70,5.70,5.63,5.64,20729,117397.95
2023-04-12,5.61,5.68,5.61,5.65,43174,244131.02
2023-04-13,5.62,5.64,5.58,5.62,46426,260531.27
2023-04-14,5.59,5.68,5.59,5.61,71991,403450.50
2023-04-17,5.59,5.68,5.57,5.67,41251,230622.02
2023-04-18,5.61,5.65,5.61,5.65,1400,7899.00
2023-04-19,5.55,5.70,5.55,5.60,26312,147238.92
2023-04-20,5.65,5.65,5.58,5.60,17447,97684.66
2023-04-21,5.58,5.58,5.40,5.46,91382,500663.00
2023-04-24,5.47,5.48,5.39,5.41,45959,249655.77
2023-04-25,5.45,5.52,5.37,5.41,47538,258537.81
2023-04-26,5.45,5.50,5.36,5.43,51521,279642.31
2023-04-27,5.51,5.53,5.38,5.38,35336,192107.08
2023-04-28,5.38,5.46,5.28,5.42,263157,1410095.75
2023-05-04,5.40,5.52,5.40,5.49,74223,407206.38
2023-05-05,5.48,5.74,5.48,5.66,146026,825251.31
2023-05-08,5.69,5.95,5.65,5.87,250590,1465819.50
2023-05-09,5.91,5.96,5.78,5.78,182384,1071573.00
2023-05-10,5.76,5.82,5.71,5.75,55352,318416.91
2023-05-11,5.72,5.85,5.68,5.85,72837,423928.72
2023-05-12,5.89,5.89,5.78,5.78,18843,109400.32
2023-05-15,5.85,5.88,5.80,5.85,31046,181506.19
2023-05-16,5.88,5.88,5.69,5.76,51496,295427.00
2023-05-17,5.69,5.78,5.63,5.67,54000,307804.72
2023-05-18,5.71,5.72,5.64,5.72,47475,270225.31
2023-05-19,5.67,5.72,5.63,5.72,34200,193120.66
2023-05-22,5.67,5.85,5.66,5.77,21500,124370.00
2023-05-23,5.80,5.80,5.76,5.76,27650,160345.00
2023-05-24,5.77,5.80,5.74,5.77,70648,408487.06
2023-05-25,5.75,5.81,5.61,5.61,66654,375688.25
2023-05-26,5.62,5.62,5.58,5.62,25223,141421.64
2023-05-29,5.57,5.65,5.57,5.62,19611,109879.82
2023-05-30,5.65,5.65,5.56,5.63,1900,10687.00
2023-05-31,5.65,5.65,5.57,5.65,17800,99839.00
2023-06-01,5.58,5.65,5.56,5.65,36956,207035.72
2023-06-02,5.65,5.65,5.63,5.63,43450,245158.50
2023-06-05,5.60,5.63,5.60,5.63,4890,27387.00
2023-06-06,5.58,5.61,5.55,5.61,209245,1172404.50
2023-06-07,5.57,5.65,5.57,5.60,107410,601011.81
2023-06-08,5.59,5.61,5.58,5.61,48952,274133.13
2023-06-09,5.61,5.63,5.60,5.61,51228,287410.81
2023-06-12,5.60,5.65,5.60,5.65,10790,60697.60
2023-06-13,5.61,5.62,5.60,5.61,79070,442996.69
2023-06-14,5.63,5.63,5.57,5.61,355312,1982719.25
2023-06-15,5.58,5.61,5.51,5.60,90600,507007.00
2023-06-16,5.60,5.74,5.59,5.63,27180,152707.20
2023-06-19,5.58,5.64,5.55,5.55,50644,282056.44
2023-06-20,5.54,5.72,5.54,5.58,63192,357263.53
2023-06-21,5.59,5.66,5.59,5.65,20900,118108.00
2023-06-26,5.58,5.65,5.58,5.64,702,3940.16
2023-06-27,5.61,5.76,5.61,5.76,37892,215624.92
2023-06-28,5.68,5.69,5.55,5.68,27421,154984.28
2023-06-29,5.63,5.66,5.53,5.60,65075,364655.06
2023-06-30,5.59,5.62,5.57,5.62,71747,401532.75
2023-07-03,5.55,5.55,5.48,5.55,139892,771730.63
2023-07-04,5.55,5.65,5.55,5.58,26500,147914.00
2023-07-05,5.62,5.64,5.57,5.60,13642,76299.20
2023-07-06,5.63,5.63,5.53,5.55,32001,179308.89
2023-07-07,5.60,5.60,5.52,5.55,27499,151973.48
2023-07-10,5.63,5.67,5.52,5.54,90045,500580.69
2023-07-11,5.52,5.52,5.41,5.52,44293,242800.13
2023-07-12,5.50,5.56,5.48,5.52,15680,86159.08
2023-07-13,5.49,5.58,5.49,5.54,4100,22754.00
2023-07-14,5.57,5.59,5.52,5.52,5251,29211.07
2023-07-17,5.49,5.55,5.49,5.53,3800,21042.51
2023-07-18,5.53,5.57,5.47,5.49,2300,12647.00
2023-07-19,5.47,5.54,5.47,5.50,6300,34519.00
2023-07-20,5.48,5.53,5.46,5.46,15563,85101.39
2023-07-21,5.45,5.52,5.44,5.51,50670,276908.88
2023-07-24,5.43,5.52,5.43,5.52,18130,99642.00
2023-07-25,5.50,5.54,5.50,5.53,28668,158194.95
2023-07-26,5.48,5.56,5.48,5.53,11128,61660.68
2023-07-27,5.46,5.56,5.46,5.48,21304,117639.23
2023-07-28,5.53,5.88,5.52,5.70,181804,1022552.81
2023-07-31,5.67,5.72,5.67,5.72,71644,408946.88
2023-08-01,5.69,5.69,5.65,5.65,51988,294678.31
2023-08-02,5.63,5.68,5.63,5.63,26400,149672.00
2023-08-03,5.61,5.83,5.61,5.68,87241,500748.41
2023-08-04,5.73,5.78,5.66,5.71,112645,644409.31
2023-08-07,5.72,5.72,5.58,5.66,17200,97378.50
2023-08-08,5.69,5.69,5.67,5.67,5738,32629.22
2023-08-09,5.65,5.67,5.65,5.67,4800,27140.00
2023-08-10,5.70,5.71,5.65,5.69,1900,10791.00
2023-08-11,5.69,5.71,5.63,5.66,9400,53328.00
2023-08-14,5.63,5.65,5.60,5.60,43850,246315.81
2023-08-15,5.61,5.66,5.56,5.56,28557,159320.13
2023-08-16,5.56,5.74,5.55,5.58,24794,139012.81
2023-08-17,5.64,5.64,5.58,5.61,11874,66602.90
2023-08-18,5.58,5.63,5.57,5.62,30400,169607.00
2023-08-21,5.64,5.68,5.59,5.60,46579,263498.53
2023-08-22,5.63,5.66,5.41,5.48,77503,429477.84
2023-08-23,5.49,5.49,5.42,5.42,24396,132858.05
2023-08-24,5.40,5.50,5.40,5.50,14931,81465.92
2023-08-25,5.52,5.52,5.41,5.50,44857,244903.75
2023-08-28,5.60,5.69,5.40,5.47,69110,386237.53
2023-08-29,5.42,5.54,5.42,5.54,63767,349986.16
2023-08-30,5.51,5.58,5.50,5.56,36023,200146.86
2023-08-31,5.55,5.77,5.55,5.75,135412,769699.13
2023-09-01,5.78,5.78,5.68,5.69,222702,1269909.38
2023-09-04,5.76,5.91,5.75,5.83,286719,1671686.63
2023-09-05,5.89,5.89,5.79,5.83,93404,546444.44
2023-09-06,5.88,5.88,5.81,5.82,26987,157578.95
2023-09-07,5.80,5.80,5.68,5.68,44034,251856.72
2023-09-08,5.71,5.76,5.70,5.73,8461,48514.20
2023-09-11,5.70,5.77,5.60,5.67,4100,23177.00
2023-09-12,5.72,5.72,5.66,5.68,12800,72788.76
2023-09-13,5.70,5.73,5.64,5.68,38138,217409.59
2023-09-14,5.71,5.72,5.61,5.63,11196,62958.48
2023-09-15,5.65,5.68,5.61,5.61,123367,526662.50
2023-09-18,5.64,5.66,5.60,5.66,600,3380.00
2023-09-19,5.65,5.65,5.63,5.65,8400,47438.00
2023-09-20,5.63,5.66,5.63,5.66,25800,145386.66
2023-09-21,5.61,5.61,5.51,5.60,6200,34477.00
2023-09-22,5.63,5.66,5.60,5.66,8164,46091.27
2023-09-25,5.68,5.76,5.64,5.64,29525,167888.31
2023-09-26,5.61,5.67,5.58,5.58,6412,35972.42
2023-09-27,5.62,5.65,5.57,5.59,20620,116033.74
2023-09-28,5.64,5.65,5.63,5.63,400,2255.00
2023-10-09,5.58,5.63,5.52,5.52,8400,46775.00
2023-10-10,5.51,5.51,5.45,5.45,37927,208248.13
2023-10-11,5.50,5.50,5.44,5.49,4900,26806.00
2023-10-12,5.45,5.70,5.45,5.49,3000,16646.00
2023-10-13,5.47,5.54,5.47,5.47,13500,73917.00
2023-10-16,5.47,5.47,5.44,5.46,3205,17462.20
2023-10-17,5.41,5.45,5.41,5.45,10714,58124.48
2023-10-18,5.42,5.42,5.41,5.41,5393,29177.13
2023-10-19,5.45,5.47,5.39,5.39,57345,309658.53
2023-10-20,5.44,5.44,5.37,5.40,4800,25878.00
2023-10-23,5.36,5.42,5.33,5.38,11800,63531.00
2023-10-24,5.36,5.39,5.35,5.37,42498,228124.73
2023-10-25,5.43,5.43,5.36,5.39,57312,308437.44
2023-10-26,5.44,5.47,5.36,5.37,18593,100021.89
2023-10-27,5.41,5.68,5.41,5.52,28500,156499.00
2023-10-30,5.51,5.52,5.42,5.51,5500,30185.00
2023-10-31,5.48,5.50,5.37,5.40,45460,245595.98
2023-11-01,5.46,5.48,5.40,5.44,17639,95520.66
2023-11-02,5.42,5.47,5.42,5.46,4600,24957.00
2023-11-03,5.49,5.50,5.44,5.48,12047,65844.72
2023-11-06,5.52,5.52,5.49,5.50,13545,74594.50
2023-11-07,5.54,5.54,5.49,5.53,18285,100498.71
2023-11-08,5.54,5.59,5.49,5.54,82763,459641.53
2023-11-09,5.54,5.58,5.51,5.56,34656,192042.69
2023-11-10,5.55,5.56,5.51,5.51,13518,74816.80
2023-11-13,5.55,5.62,5.54,5.58,35694,199928.59
2023-11-14,5.57,5.57,5.48,5.50,161521,889449.63
2023-11-15,5.54,5.66,5.50,5.61,170705,952978.75
2023-11-16,5.56,5.56,5.50,5.55,111547,615341.69
2023-11-17,5.52,5.54,5.48,5.53,71634,393100.28
2023-11-20,5.50,5.63,5.50,5.62,72665,406291.59
2023-11-21,5.65,6.24,5.65,5.98,1361543,8165942.00
2023-11-22,5.98,7.37,5.82,6.94,2388693,15142411.00
2023-11-23,6.92,7.53,6.50,6.57,2540554,17694548.00
2023-11-24,6.60,7.28,6.31,7.19,2670447,18493456.00
2023-11-27,7.30,8.24,7.19,8.01,5068621,39676140.00
2023-11-28,7.73,8.03,7.28,7.51,2909832,22477814.00
2023-11-29,7.51,7.98,6.85,6.96,3081556,23225996.00
2023-11-30,6.82,7.28,6.73,7.00,1275609,8863911.00
2023-12-01,7.03,7.10,6.44,6.55,1248571,8357716.50
2023-12-04,6.51,6.60,6.25,6.47,1013191,6528239.00
2023-12-05,6.40,7.05,6.40,6.99,2015011,13729021.00
2023-12-06,6.95,7.21,6.84,6.92,1452689,10184685.00
2023-12-07,6.93,7.21,6.80,7.18,1365819,9700747.00
2023-12-08,7.11,7.69,7.11,7.33,1504520,11149738.00
2023-12-11,7.24,7.41,6.73,6.97,1015944,7161985.00
2023-12-12,7.05,7.43,7.03,7.13,1026119,7405329.50
2023-12-13,7.08,7.50,7.08,7.37,1500521,11008126.00
2023-12-14,7.37,7.86,7.37,7.80,2578306,19826076.00
2023-12-15,7.81,8.04,7.51,7.95,2036846,15925665.00
2023-12-18,7.88,8.88,7.87,8.45,3459530,28331808.00
2023-12-19,8.70,9.20,8.13,8.53,3735085,32103964.00
2023-12-20,8.60,8.78,8.27,8.70,3478558,29789412.00
2023-12-21,8.62,8.78,6.88,7.24,3185507,25449354.00
2023-12-22,7.21,7.47,7.08,7.40,1703192,12402002.00
2023-12-25,7.40,7.85,7.27,7.79,1922781,14687583.00
2023-12-26,7.79,8.28,7.63,8.01,1951904,15481505.00
2023-12-27,7.94,7.96,7.57,7.85,1438980,11213513.00
2023-12-28,7.88,8.50,7.80,8.49,3388475,27544356.00
2023-12-29,8.66,9.18,8.40,9.18,4307022,38027140.00
2024-01-02,9.08,9.91,8.93,9.84,4028016,37461240.00
2024-01-03,9.68,9.68,9.23,9.52,1945345,18398424.00
2024-01-04,9.49,9.56,9.23,9.48,1505425,14114877.00
2024-01-05,9.46,9.49,8.91,9.18,1637899,15026994.00
2024-01-08,9.01,9.21,8.86,9.19,1610596,14634399.00
2024-01-09,9.19,9.26,8.70,8.99,1546972,13853458.00
2024-01-10,9.10,10.00,8.91,10.00,3477756,33384154.00
2024-01-11,9.99,10.21,9.46,9.88,2543411,24939182.00
2024-01-12,9.57,9.94,9.28,9.64,2429953,23405002.00
2024-01-15,9.50,9.65,9.00,9.60,1784130,16592328.00
2024-01-16,9.70,10.29,9.28,10.13,2745801,27051438.00
2024-01-17,10.01,11.30,10.01,10.56,5026308,54026288.00
2024-01-18,10.40,10.68,9.76,10.45,3295788,33876920.00
2024-01-19,10.36,10.94,10.11,10.75,3329990,35060852.00
2024-01-22,10.72,10.72,9.75,10.28,2915416,29663508.00
2024-01-23,10.00,10.36,9.87,10.17,2096901,21190256.00
2024-01-24,10.28,10.70,9.70,10.64,2558654,26052114.00
2024-01-25,10.69,10.69,9.91,10.37,1531079,15678178.00
2024-01-26,10.30,11.35,10.07,11.07,3353217,36677128.00
2024-01-29,10.99,11.07,10.40,10.65,1828879,19545316.00
2024-01-30,10.50,10.95,10.25,10.84,1323508,14142378.00
2024-01-31,10.83,10.98,10.62,10.86,1245324,13425302.00
2024-02-01,10.98,11.41,10.50,11.17,1590447,17607370.00
2024-02-02,11.17,11.28,10.68,11.15,1248904,13588864.00
2024-02-05,11.14,11.14,10.39,10.89,1179652,12726666.00
2024-02-06,10.88,11.28,10.62,11.20,1579558,17358596.00
2024-02-07,11.11,11.18,10.30,10.54,1511767,16305223.00
2024-02-08,10.68,10.77,9.77,10.76,1513077,15707221.00
2024-02-19,10.76,10.80,10.42,10.59,568201,6015412.50
2024-02-20,10.51,10.65,10.31,10.65,653465,6848710.50
2024-02-21,10.51,11.00,10.33,10.88,844004,9097816.00
2024-02-22,10.79,11.18,10.67,11.17,532465,5817682.50
2024-02-23,11.08,11.45,10.90,11.20,614328,6868082.50
2024-02-26,11.15,11.50,10.86,11.29,646175,7203262.00
2024-02-27,11.14,11.37,10.98,11.36,567604,6358435.00
2024-02-28,11.29,11.38,10.83,11.10,679249,7561356.50
2024-02-29,11.05,11.26,10.84,11.20,364691,4049574.25
2024-03-01,11.07,11.40,10.97,11.40,602834,6746734.00
2024-03-04,11.38,11.38,11.04,11.14,291605,3247454.50
2024-03-05,11.00,11.13,10.71,10.90,340341,3699192.25
2024-03-06,10.90,10.97,10.79,10.90,284872,3106365.00
2024-03-07,10.90,10.90,10.64,10.84,411542,4441779.50
2024-03-08,10.87,12.70,10.74,12.22,948841,11130981.00
2024-03-11,12.02,12.68,11.78,12.22,743016,9022538.00
2024-03-12,12.06,12.23,11.81,12.05,423351,5054619.00
2024-03-13,11.94,12.31,11.93,12.20,362674,4414102.50
2024-03-14,12.21,12.40,11.97,12.05,229389,2767342.00
2024-03-15,11.91,12.36,11.45,12.34,342677,4183400.75
2024-03-18,12.29,12.32,12.01,12.08,366432,4422376.50
2024-03-19,12.03,12.66,11.72,12.33,498339,6034816.00
2024-03-20,12.19,12.45,12.09,12.23,223309,2733559.25
2024-03-21,12.11,12.39,11.80,11.94,259505,3119987.25
2024-03-22,11.86,12.03,11.70,12.01,187710,2228733.25
2024-03-25,11.94,12.00,11.64,11.91,196473,2316928.00
2024-03-26,11.87,12.01,11.74,11.96,169892,2025166.88
2024-03-27,11.88,12.05,11.85,12.03,134709,1611644.88
2024-03-28,11.87,12.05,11.86,11.99,195275,2335200.00
2024-03-29,12.00,12.40,11.88,12.13,223479,2707012.50
2024-04-01,12.04,12.27,11.96,12.16,261165,3155977.75
2024-04-02,12.16,12.16,11.78,11.98,329094,3932016.25
2024-04-03,11.91,12.11,11.15,11.80,675410,7794028.50
2024-04-08,11.64,11.70,11.32,11.40,279009,3209101.50
2024-04-09,11.38,11.76,11.26,11.44,290743,3335123.00
2024-04-10,11.32,11.69,11.28,11.60,372406,4307030.50
2024-04-11,11.45,11.61,11.30,11.58,286314,3275242.25
2024-04-12,11.56,11.66,11.39,11.60,204939,2357336.25
2024-04-15,11.48,11.80,11.40,11.48,235920,2745661.00
2024-04-16,11.43,11.65,11.23,11.49,216163,2466899.75
2024-04-17,11.50,11.61,11.34,11.59,253339,2920904.50
2024-04-18,11.49,11.88,11.40,11.70,298137,3472010.25
2024-04-19,11.54,12.09,11.41,11.93,280446,3301952.75
2024-04-22,11.77,12.17,11.77,12.05,338400,4085735.75
2024-04-23,11.99,12.89,11.81,12.79,965667,11909443.00
2024-04-24,12.70,13.14,12.51,13.13,678645,8667214.00
2024-04-25,13.08,13.68,12.79,13.68,537936,7097885.50
2024-04-26,13.60,13.99,13.51,13.95,555813,7625194.00
2024-04-29,13.91,16.35,13.63,16.35,1485551,22114546.00
2024-04-30,16.20,17.78,15.56,16.00,1224876,20253586.00
2024-05-06,16.08,16.10,14.99,15.39,909736,13848395.00
2024-05-07,15.28,15.28,14.66,14.90,598275,8896003.00
2024-05-08,15.03,15.13,14.47,14.86,722570,10680570.00
2024-05-09,15.00,15.48,14.70,15.30,667444,10073255.00
2024-05-10,15.22,16.99,14.76,16.17,665076,10433226.00
2024-05-13,15.99,15.99,14.91,14.91,449101,6908179.00
2024-05-14,14.80,15.44,14.80,15.08,376016,5651332.50
2024-05-15,15.00,15.85,14.86,15.41,336406,5178160.00
2024-05-16,15.41,15.65,15.16,15.40,199428,3062218.50
2024-05-17,15.39,15.98,15.02,15.60,228499,3513723.75
2024-05-20,15.50,15.77,15.31,15.60,298183,4621305.00
2024-05-21,15.74,15.74,15.26,15.28,200138,3089521.25
2024-05-22,15.18,15.38,15.09,15.20,204764,3114498.75
2024-05-23,15.10,15.88,15.05,15.40,312904,4846132.00
2024-05-24,15.28,15.43,15.12,15.28,125243,1911970.38
2024-05-27,15.13,15.32,15.13,15.14,90565,1375202.00
2024-05-28,15.14,15.55,15.07,15.23,161569,2460134.25
2024-05-29,15.30,15.72,15.17,15.68,420730,6499426.50
2024-05-30,15.71,15.78,15.48,15.55,207216,3230110.75
2024-05-31,15.51,15.75,15.41,15.64,151126,2356019.00
2024-06-03,15.46,15.51,15.23,15.27,156979,2416996.25
2024-06-04,15.11,15.45,15.10,15.30,116376,1778976.25
2024-06-05,15.20,15.45,15.18,15.28,92055,1415186.00
2024-06-06,15.17,15.46,15.05,15.30,175096,2669120.25
2024-06-07,15.11,15.45,15.11,15.42,66615,1020154.94
2024-06-11,15.42,15.43,15.15,15.33,108694,1659390.63
2024-06-12,15.20,15.29,15.06,15.07,74523,1128051.50
2024-06-13,15.00,15.10,14.74,15.09,400737,5996205.50
2024-06-14,14.92,15.20,14.89,15.20,151442,2279736.00
2024-06-17,15.24,15.29,15.10,15.21,66956,1016351.31
2024-06-18,15.20,15.50,15.04,15.30,250278,3827238.75
2024-06-19,15.16,15.88,15.14,15.62,267818,4164083.25
2024-06-20,15.59,16.86,15.36,16.29,492340,7855081.50
2024-06-21,16.23,16.35,15.87,16.00,376202,6050022.50
2024-06-24,15.94,16.45,15.15,15.87,740072,11850380.00
2024-06-25,15.71,16.14,15.52,15.96,435116,6896326.50
2024-06-26,15.97,15.99,15.51,15.73,192218,3017090.25
2024-06-27,15.69,15.69,15.25,15.25,198170,3056744.50
2024-06-28,15.19,15.68,15.06,15.65,318970,4920275.00
2024-07-01,15.63,15.68,15.36,15.43,377669,5857875.50
2024-07-02,15.42,15.80,15.13,15.53,498048,7741363.00
2024-07-03,15.39,15.58,15.27,15.48,137001,2119337.00
2024-07-04,15.46,15.56,15.24,15.37,112974,1740440.50
2024-07-05,15.23,15.60,15.23,15.43,106467,1649113.00
2024-07-08,15.35,15.37,15.12,15.23,102520,1561281.88
2024-07-09,15.23,15.33,14.87,15.22,151788,2288621.00
2024-07-10,15.22,15.24,15.01,15.01,35656,537900.56
2024-07-11,15.03,15.06,14.89,14.97,244570,3663149.75
2024-07-12,14.92,14.98,14.52,14.92,97752,1453881.50
2024-07-15,14.81,14.89,14.11,14.75,704857,10169463.00
2024-07-16,14.54,15.48,14.33,15.23,562414,8325417.50
2024-07-17,15.06,16.13,15.06,16.03,1045074,16298103.00
2024-07-18,15.82,15.82,14.70,15.47,935263,14118275.00
2024-07-19,15.28,15.85,14.92,15.73,791164,12319070.00
2024-07-22,15.70,15.70,15.30,15.60,440165,6796276.00
2024-07-23,15.39,15.55,15.13,15.40,239260,3665136.00
2024-07-24,15.20,15.30,14.92,15.26,247484,3750644.00
2024-07-25,15.07,15.40,15.03,15.15,432760,6596717.00
2024-07-26,15.05,15.39,14.94,15.35,317654,4833319.00
2024-07-29,15.25,15.25,15.13,15.13,65636,994466.94
2024-07-30,15.13,15.15,14.80,14.95,176382,2628287.50
2024-07-31,14.91,15.20,14.87,15.20,160087,2407287.00
2024-08-01,15.06,15.80,15.05,15.42,527698,8165489.50
2024-08-02,15.23,15.47,15.23,15.33,68923,1057420.13
2024-08-05,15.21,15.35,13.95,15.17,187024,2816457.25
2024-08-06,15.17,15.27,15.07,15.17,98301,1496180.63
2024-08-07,15.07,15.26,14.88,15.02,204682,3085154.25
2024-08-08,14.97,15.70,14.90,15.22,492678,7606925.00
2024-08-09,15.19,15.32,15.05,15.26,85122,1292670.25
2024-08-12,15.28,15.28,14.92,14.94,106106,1601375.25
2024-08-13,14.95,15.35,14.90,15.12,193293,2937435.75
2024-08-14,15.02,15.25,14.84,14.84,285808,4320219.00
2024-08-15,15.00,15.00,14.84,14.98,90144,1345233.88
2024-08-16,15.07,15.25,14.93,15.15,107625,1630080.13
2024-08-19,15.03,15.16,15.03,15.13,55195,832107.75
2024-08-20,15.02,15.15,14.92,15.00,146133,2199820.50
2024-08-21,14.96,15.40,14.80,15.11,211808,3217062.25
2024-08-22,15.16,15.17,14.93,15.15,287549,4337318.50
2024-08-23,15.01,15.13,14.95,15.08,286179,4319922.50
2024-08-26,15.14,15.18,14.90,15.00,108569,1634390.13
2024-08-27,14.88,15.12,14.88,14.99,38162,570642.63
2024-08-28,14.92,14.95,14.82,14.93,55889,832436.13
2024-08-29,14.83,14.95,14.82,14.93,32656,486621.66
2024-08-30,14.93,15.00,14.91,14.91,88581,1324866.38
2024-09-02,14.90,15.00,14.82,14.96,58999,878792.38
2024-09-03,14.82,15.25,14.82,15.13,117079,1763666.38
2024-09-04,15.01,15.16,15.00,15.07,41553,624985.19
2024-09-05,15.02,15.14,14.98,15.14,34594,522140.91
2024-09-06,15.07,15.18,15.02,15.18,27506,416516.41
2024-09-09,15.05,15.13,15.00,15.13,43480,655195.88
2024-09-10,15.02,15.10,14.96,15.08,14573,219024.97
2024-09-11,15.03,15.03,14.91,15.00,33464,501059.78
2024-09-12,15.09,15.10,14.93,15.00,28648,429793.91
2024-09-13,14.95,15.10,14.90,15.10,29862,449237.63
2024-09-18,14.95,15.05,14.94,15.04,32715,491053.63
2024-09-19,15.01,15.10,14.93,15.09,34670,521624.56
2024-09-20,15.09,15.10,14.97,15.09,23247,350169.44
2024-09-23,15.08,15.10,14.97,15.10,36608,551585.81
2024-09-24,15.05,15.15,15.00,15.15,131465,1985509.00
2024-09-25,15.21,15.28,14.80,15.10,357096,5366105.50
2024-09-26,15.08,15.20,14.85,15.14,287409,4332853.00
2024-09-27,15.30,16.23,15.11,16.20,1275224,20107876.00
2024-09-30,17.52,20.30,16.25,20.00,1727742,31514944.00
2024-10-08,25.03,25.30,20.50,23.98,1279417,29896532.00
2024-10-09,23.49,23.49,21.10,22.97,788106,17556102.00
2024-10-10,23.65,23.65,22.03,23.25,371732,8516114.00
2024-10-11,22.80,22.80,21.23,22.60,333350,7382962.00
2024-10-14,22.30,22.82,21.51,22.82,816769,18113982.00
2024-10-15,22.80,22.80,21.72,22.27,925446,20435326.00
2024-10-16,21.90,21.98,21.02,21.80,735753,15830536.00
2024-10-17,21.68,23.38,21.27,22.30,1123680,25061712.00
2024-10-18,22.20,23.33,21.50,22.56,1831425,41082228.00
2024-10-21,23.23,24.60,22.01,24.11,4255505,99557512.00
2024-10-22,23.60,23.60,20.56,21.95,3098245,67646640.00
2024-10-23,21.55,21.92,20.50,21.50,1784674,38148532.00
2024-10-24,21.50,21.89,21.00,21.79,1571907,33827648.00
2024-10-25,21.50,23.02,21.10,22.10,2976395,65862996.00
2024-10-28,22.07,22.07,20.89,21.30,1317645,28070462.00
2024-10-29,20.33,21.46,20.32,20.55,2589190,53299496.00
2024-10-30,21.03,21.09,19.00,19.44,2898687,58050928.00
2024-10-31,19.25,19.81,17.72,18.30,3766553,69083584.00
2024-11-01,18.02,18.15,16.45,16.55,2721651,46657460.00
2024-11-04,16.99,17.41,16.58,17.38,2287574,39086020.00
2024-11-05,17.73,18.82,17.68,18.48,6772329,123816464.00
2024-11-06,18.91,21.21,18.06,19.80,11360468,217148240.00
2024-11-07,19.66,20.56,19.18,19.45,7403235,146104352.00
2024-11-08,19.70,20.30,18.93,19.02,5235118,102065528.00
2024-11-11,18.81,19.05,17.95,18.40,3412713,62837044.00
2024-11-12,18.50,19.34,18.27,18.60,3324749,62652936.00
2024-11-13,18.66,18.92,17.75,18.88,2955414,53863124.00
2024-11-14,18.89,18.99,18.11,18.12,1876786,34979056.00
2024-11-15,17.70,18.60,17.70,18.04,2058346,37311212.00
2024-11-18,18.54,19.31,17.39,18.98,3979984,74099880.00
2024-11-19,18.61,18.92,17.42,18.31,3096478,56122336.00
2024-11-20,18.79,19.55,18.53,19.09,4233605,80639464.00
2024-11-21,18.87,21.00,18.35,20.37,7258814,144414464.00
2024-11-22,20.49,20.49,19.11,19.17,4949896,97689936.00
2024-11-25,19.40,19.49,18.20,18.50,2716872,50520476.00
2024-11-26,18.37,18.87,18.35,18.35,2064823,38442204.00
2024-11-27,18.60,18.66,17.05,18.40,2261680,40275000.00
2024-11-28,18.37,19.63,18.20,18.59,3375072,63449652.00
2024-11-29,18.37,19.00,17.96,18.48,2946613,54404140.00
2024-12-02,18.75,18.75,18.30,18.73,3124432,57983048.00
2024-12-03,18.73,18.73,18.73,18.73,0,0.00
#数据来源:通达信
