838402 硅烷科技 日线 不复权
      日期	    开盘	    最高	    最低	    收盘	    成交量	    成交额
2020-04-14,2.00,2.00,1.98,1.98,500,1176.20
2020-04-15,2.01,2.01,1.99,1.99,700,1401.00
2020-04-16,2.01,2.21,2.01,2.21,700,1467.00
2020-04-17,2.34,2.45,2.34,2.45,600,1450.00
2020-04-20,2.01,2.30,2.01,2.30,1000,2152.00
2020-04-21,2.01,2.80,2.01,2.80,1500,3734.00
2020-04-22,2.80,3.15,2.80,3.15,900,2605.00
2020-04-23,2.02,4.01,2.02,4.01,1600,5721.00
2020-04-24,3.20,5.50,2.20,5.45,1300,4706.00
2020-04-27,4.00,5.13,4.00,5.13,900,4256.00
2020-04-28,5.00,5.00,5.00,5.00,800,4000.00
2020-05-08,10.00,10.00,10.00,10.00,100,1000.00
2020-05-11,7.04,7.04,7.04,7.04,100,704.00
2020-05-13,6.00,6.00,6.00,6.00,400,2994.00
2020-05-15,6.00,6.00,6.00,6.00,1500,9000.00
2020-05-19,6.00,6.00,6.00,6.00,400,2994.00
2020-05-27,6.00,6.00,6.00,6.00,300,1806.00
2020-06-03,6.00,6.00,6.00,6.00,100,600.00
2020-06-11,6.30,6.30,6.30,6.30,300,1896.30
2020-07-27,7.17,7.17,7.17,7.17,100,717.00
2020-07-28,7.19,12.00,7.19,12.00,800,8793.99
2020-07-29,12.00,12.00,12.00,12.00,100,1200.00
2020-07-30,12.00,12.00,12.00,12.00,100,1200.00
2020-07-31,15.90,15.90,15.90,15.90,400,7934.10
2020-08-04,10.00,10.00,10.00,10.00,100,1000.00
2020-08-06,14.00,14.00,14.00,14.00,100,1400.00
2020-08-10,14.00,14.00,14.00,14.00,100,1400.00
2020-08-20,14.00,14.00,14.00,14.00,100,1400.00
2020-08-31,14.00,14.00,14.00,14.00,100,1400.00
2020-10-13,14.00,14.00,14.00,14.00,100,1400.00
2020-11-26,14.00,14.00,14.00,14.00,100,1400.00
2020-11-27,16.00,16.00,16.00,16.00,200,3200.00
2020-12-09,16.00,16.00,16.00,16.00,200,3200.00
2020-12-11,16.00,16.00,16.00,16.00,200,3200.00
2020-12-25,16.00,16.00,16.00,16.00,100,1600.00
2020-12-28,16.00,16.00,16.00,16.00,200,3200.00
2021-01-05,16.00,16.00,16.00,16.00,100,1600.00
2021-01-08,20.00,20.00,20.00,20.00,200,4000.00
2021-01-21,16.52,16.59,16.52,16.59,300,4953.41
2021-02-03,16.16,21.94,16.14,21.94,1600,26748.28
2021-02-05,21.14,21.14,21.14,21.14,100,3001.88
2021-02-09,22.00,22.00,22.00,22.00,100,2508.00
2021-02-26,21.00,21.00,21.00,21.00,200,5208.00
2021-03-02,25.00,25.00,25.00,25.00,300,7750.00
2021-04-12,25.00,25.00,25.00,25.00,100,2500.00
2021-07-09,27.00,27.00,27.00,27.00,100,2700.00
2021-07-22,35.00,35.00,35.00,35.00,100,3500.00
2021-08-11,35.00,35.00,35.00,35.00,100,3500.00
2021-08-13,35.00,35.00,35.00,35.00,300,10500.00
2021-08-16,35.00,35.00,35.00,35.00,200,7000.00
2021-08-19,35.00,35.00,35.00,35.00,100,3500.00
2021-10-15,30.00,30.00,30.00,30.00,100,3000.00
2021-11-18,30.26,30.26,30.26,30.26,100,3026.00
2021-12-02,59.00,59.00,42.80,42.80,18000,773205.63
2021-12-03,44.00,44.00,44.00,44.00,100,4400.00
2021-12-06,44.00,45.00,44.00,45.00,5500,246100.00
2021-12-07,41.00,41.00,41.00,41.00,500,20500.00
2021-12-10,44.50,44.50,44.50,44.50,100,4450.00
2021-12-13,42.83,42.83,42.83,42.83,200,8566.00
2021-12-16,40.23,40.23,40.23,40.23,1000,40230.00
2021-12-17,43.33,43.33,43.33,43.33,100,4333.00
2021-12-20,40.00,40.00,40.00,40.00,600,24000.00
2021-12-21,33.34,33.34,33.34,33.34,100,3334.00
2021-12-24,44.44,60.00,44.44,55.00,4900,245747.00
2022-09-28,15.00,16.30,14.09,14.09,49764943,748871040.00
2022-09-29,14.30,18.31,13.61,18.13,30397997,489585120.00
2022-09-30,17.22,18.19,16.34,17.20,20296206,349771296.00
2022-10-10,17.77,18.45,14.62,14.75,18238671,295848640.00
2022-10-11,14.80,15.45,13.74,14.21,11884255,172229440.00
2022-10-12,14.59,16.19,14.30,15.80,15498569,240253360.00
2022-10-13,15.33,15.35,14.52,14.70,11957213,178471376.00
2022-10-14,15.00,15.64,14.58,15.14,11413236,171986512.00
2022-10-17,15.07,16.18,14.88,15.95,11147769,174013696.00
2022-10-18,16.00,19.67,16.00,19.06,16962253,304424352.00
2022-10-19,19.00,20.00,17.73,20.00,15094248,284752736.00
2022-10-20,21.59,23.58,20.11,20.49,16458765,361927840.00
2022-10-21,20.97,24.99,20.00,23.59,19465070,433726112.00
2022-10-24,22.00,23.26,21.69,22.40,11351220,255231696.00
2022-10-25,22.50,23.62,21.90,22.01,9762564,221520480.00
2022-10-26,21.80,21.80,20.00,20.90,14140411,292617408.00
2022-10-27,20.61,21.33,20.12,20.98,9454886,196873184.00
2022-10-28,20.84,21.87,19.23,19.53,12957176,266525840.00
2022-10-31,19.53,19.53,17.01,17.08,12753025,231872976.00
2022-11-01,16.86,18.26,16.86,17.69,8997240,159640656.00
2022-11-02,17.40,18.76,16.81,18.66,9719760,172522720.00
2022-11-03,18.30,19.42,18.18,18.79,8040476,151247136.00
2022-11-04,18.79,19.34,18.60,18.93,6469607,122514528.00
2022-11-07,19.06,20.59,19.00,20.10,7446053,148686640.00
2022-11-08,20.08,20.43,19.40,19.61,4638301,91419096.00
2022-11-09,19.39,19.40,17.94,18.01,8063563,147820512.00
2022-11-10,17.77,17.77,16.98,17.23,6094148,105169312.00
2022-11-11,17.58,18.18,17.00,17.26,5013949,88903384.00
2022-11-14,17.20,17.90,16.51,16.95,4279271,72959472.00
2022-11-15,16.90,17.50,16.80,17.40,4037224,69391136.00
2022-11-16,18.00,19.40,17.88,18.49,7949964,148802736.00
2022-11-17,18.15,18.20,17.62,17.84,4174889,74382528.00
2022-11-18,17.51,17.74,17.24,17.39,3693835,64501500.00
2022-11-21,17.81,18.09,17.47,17.50,3718032,65769916.00
2022-11-22,17.58,17.58,16.86,16.86,3127244,53472900.00
2022-11-23,16.66,18.19,16.55,17.70,4951705,86694616.00
2022-11-24,17.61,18.19,17.52,17.55,3506230,62627068.00
2022-11-25,17.71,18.16,17.40,17.62,2829517,50394472.00
2022-11-28,17.62,17.67,16.98,17.25,2903039,50126544.00
2022-11-29,17.63,18.00,17.41,17.61,3414321,60327296.00
2022-11-30,17.35,17.74,17.27,17.42,2414936,42260032.00
2022-12-01,17.59,17.70,17.10,17.10,2344920,40847412.00
2022-12-02,17.28,17.48,16.80,17.05,2921956,49787668.00
2022-12-05,17.25,17.25,16.62,16.73,2638461,44310024.00
2022-12-06,16.82,17.20,16.73,16.78,1926160,32695234.00
2022-12-07,16.90,16.90,15.47,15.58,6782719,107776568.00
2022-12-08,15.65,15.65,14.66,14.70,6051951,90338856.00
2022-12-09,14.80,14.82,14.41,14.54,2728095,39798804.00
2022-12-12,14.59,15.48,14.12,15.36,4658592,69331616.00
2022-12-13,15.17,15.47,14.84,14.88,2553465,38619504.00
2022-12-14,15.11,15.48,14.91,14.94,2389788,36250432.00
2022-12-15,14.70,14.98,14.42,14.60,2480433,36073268.00
2022-12-16,14.47,14.50,13.96,14.15,2887982,40719048.00
2022-12-19,14.15,14.15,13.45,13.50,2588102,35456068.00
2022-12-20,13.44,13.93,13.43,13.57,1378028,18783388.00
2022-12-21,13.69,13.69,12.88,12.92,2651269,34712880.00
2022-12-22,12.92,13.02,12.06,12.11,2738248,34192308.00
2022-12-23,12.04,12.04,11.50,11.71,2433147,28501694.00
2022-12-26,11.69,12.16,11.55,12.00,1334697,15957386.00
2022-12-27,12.11,13.23,12.11,12.80,3524847,45300740.00
2022-12-28,12.81,14.00,12.52,13.69,3506694,47171696.00
2022-12-29,13.36,14.14,13.18,13.33,2441936,33163676.00
2022-12-30,13.49,13.99,13.18,13.64,2016452,27520460.00
2023-01-03,13.89,13.89,13.21,13.59,1857522,24593636.00
2023-01-04,13.34,13.59,13.22,13.30,1529536,20408598.00
2023-01-05,13.45,13.45,13.08,13.21,1317730,17410290.00
2023-01-06,13.21,13.64,13.11,13.49,1988123,26637328.00
2023-01-09,13.40,13.98,13.40,13.77,1729819,23895314.00
2023-01-10,13.86,13.86,13.36,13.49,1116603,15145978.00
2023-01-11,13.49,13.68,13.38,13.39,1036133,14015055.00
2023-01-12,13.33,13.62,13.30,13.53,1008232,13529096.00
2023-01-13,13.60,13.66,13.42,13.53,1180907,15964902.00
2023-01-16,13.57,13.58,13.41,13.49,800340,10812598.00
2023-01-17,13.51,13.88,13.50,13.72,1128254,15480179.00
2023-01-18,13.80,15.19,13.62,14.81,3503827,51341772.00
2023-01-19,14.82,14.96,14.42,14.48,1591141,23244346.00
2023-01-20,14.43,15.41,14.43,15.35,2065943,31128116.00
2023-01-30,15.83,16.67,15.68,16.03,3864332,62537328.00
2023-01-31,15.80,17.61,15.71,17.32,5687289,96143880.00
2023-02-01,17.18,17.36,16.50,16.87,3933621,66225000.00
2023-02-02,17.00,17.88,16.67,16.71,3267382,56302184.00
2023-02-03,16.68,16.99,15.97,16.66,2570139,42313512.00
2023-02-06,16.25,16.77,15.94,16.11,2132576,34573008.00
2023-02-07,16.16,16.43,15.85,15.91,1780743,28687568.00
2023-02-08,16.19,16.19,15.52,15.52,1373299,21543794.00
2023-02-09,15.51,16.35,15.18,16.17,2114990,33890176.00
2023-02-10,16.01,16.28,15.73,16.06,1644447,26176780.00
2023-02-13,16.80,17.88,16.80,17.08,4326515,74520368.00
2023-02-14,17.79,17.79,17.00,17.14,2825846,48956016.00
2023-02-15,17.50,17.55,16.80,17.30,2528539,43689700.00
2023-02-16,17.38,18.30,17.08,17.41,4029347,71902504.00
2023-02-17,17.01,17.44,16.36,16.40,3724555,62423828.00
2023-02-20,16.30,17.06,16.23,16.98,2280631,38330892.00
2023-02-21,17.00,17.68,17.00,17.20,1727568,29858142.00
2023-02-22,17.19,17.19,16.66,16.74,2094740,35081392.00
2023-02-23,16.78,16.93,16.38,16.51,1387909,22990370.00
2023-02-24,16.67,16.67,16.29,16.59,966999,15923140.00
2023-02-27,16.45,17.11,16.45,16.71,1124042,18929860.00
2023-02-28,16.88,17.04,16.66,16.73,953644,15975082.00
2023-03-01,16.70,16.92,16.61,16.76,1226097,20527986.00
2023-03-02,16.61,16.79,16.14,16.22,1610937,26442432.00
2023-03-03,16.36,16.36,15.52,15.53,2364870,37353768.00
2023-03-06,15.47,16.08,15.33,15.92,1221345,19143718.00
2023-03-07,16.03,16.03,15.20,15.20,1277117,19755872.00
2023-03-08,15.22,15.55,14.98,15.40,699478,10673152.00
2023-03-09,15.54,15.57,15.20,15.42,579803,8930812.00
2023-03-10,15.28,15.28,15.03,15.10,956614,14437074.00
2023-03-13,15.15,15.20,14.44,14.49,1388511,20343332.00
2023-03-14,14.60,14.60,13.60,13.91,2016998,28214650.00
2023-03-15,14.00,14.49,13.92,14.10,1065729,15142831.00
2023-03-16,13.97,13.97,13.50,13.58,1198960,16389048.00
2023-03-17,13.74,14.05,13.58,13.67,1368030,18764852.00
2023-03-20,13.74,13.74,13.06,13.07,2436194,32272518.00
2023-03-21,12.99,13.55,12.99,13.55,1629175,21623194.00
2023-03-22,13.46,14.41,13.33,14.16,2145380,30102752.00
2023-03-23,14.28,14.28,13.75,14.00,1146228,15926984.00
2023-03-24,13.99,14.50,13.70,14.18,1548899,21895020.00
2023-03-27,14.18,14.30,13.86,13.89,1495879,20947228.00
2023-03-28,13.99,14.46,13.81,13.85,1410039,19929872.00
2023-03-29,13.71,14.25,13.70,14.19,1431649,20171286.00
2023-03-30,14.30,14.30,13.90,14.09,1083211,15194392.00
2023-03-31,14.05,14.30,14.03,14.13,862031,12172271.00
2023-04-03,14.18,14.23,13.96,14.12,1141191,16046625.00
2023-04-04,14.13,14.16,13.37,13.41,2101112,28741090.00
2023-04-06,13.40,14.33,13.02,14.11,2306488,31337174.00
2023-04-07,14.04,14.45,13.80,14.15,1945998,27386228.00
2023-04-10,14.15,14.49,14.03,14.30,1583284,22510506.00
2023-04-11,14.34,14.42,14.05,14.29,1050928,14946259.00
2023-04-12,14.34,14.34,14.08,14.15,1065891,15093908.00
2023-04-13,14.09,14.13,13.80,13.87,1102956,15399201.00
2023-04-14,14.00,14.36,13.80,14.19,1570283,22149688.00
2023-04-17,14.24,15.16,14.20,14.94,3002486,43642480.00
2023-04-18,14.77,14.77,14.31,14.54,2483867,36045308.00
2023-04-19,14.41,14.97,14.28,14.37,1914903,28004336.00
2023-04-20,14.06,14.13,13.00,13.13,7634742,95216248.00
2023-04-21,13.05,13.46,12.90,13.30,3446384,42955576.00
2023-04-24,13.27,13.74,13.03,13.14,3992309,53422608.00
2023-04-25,12.70,12.96,12.31,12.59,4293701,54319060.00
2023-04-26,12.55,13.09,12.33,13.00,2430185,31036104.00
2023-04-27,12.98,13.15,12.84,13.07,1581477,20618978.00
2023-04-28,13.07,13.21,12.94,13.07,1438223,18792638.00
2023-05-04,12.91,13.46,12.90,13.30,2511251,30788470.00
2023-05-05,13.33,13.55,13.00,13.03,2865316,37253336.00
2023-05-08,13.07,13.64,13.04,13.61,3577535,48099320.00
2023-05-09,13.74,14.56,13.45,14.15,5628664,78446968.00
2023-05-10,14.16,14.17,13.55,13.64,2557470,35043340.00
2023-05-11,13.74,14.00,13.60,13.72,1881956,22940170.00
2023-05-12,13.57,13.61,13.34,13.49,1566818,20660530.00
2023-05-15,13.49,13.57,13.30,13.43,920906,12341386.00
2023-05-16,13.39,13.93,13.36,13.43,994638,13567566.00
2023-05-17,13.41,13.53,13.14,13.22,1762020,23420372.00
2023-05-18,13.20,13.31,13.02,13.10,1098244,14452691.00
2023-05-19,13.02,13.45,13.02,13.25,1119964,14824935.00
2023-05-22,13.36,13.70,13.19,13.48,1215797,16369485.00
2023-05-23,13.39,13.60,13.28,13.50,793287,10642822.00
2023-05-24,13.40,13.98,13.39,13.78,2661839,36778956.00
2023-05-25,13.58,13.97,13.47,13.57,2029421,27756352.00
2023-05-26,13.68,13.69,13.23,13.43,1427547,19149238.00
2023-05-29,13.54,13.56,13.27,13.42,807716,10824994.00
2023-05-30,13.51,13.51,13.15,13.33,844696,11218542.00
2023-05-31,13.30,13.45,13.21,13.39,958320,12817889.00
2023-06-01,13.45,13.45,13.19,13.25,702722,9347005.00
2023-06-02,13.30,13.56,13.30,13.49,928610,12476266.00
2023-06-05,13.58,13.60,13.32,13.37,909291,12201612.00
2023-06-06,13.41,13.42,13.02,13.12,1361400,17955340.00
2023-06-07,13.18,13.28,13.04,13.18,861105,11313818.00
2023-06-08,13.20,13.21,13.00,13.15,968157,12696975.00
2023-06-09,13.01,13.05,12.48,13.01,3391882,43219700.00
2023-06-12,12.87,12.87,12.63,12.78,1274535,16198452.00
2023-06-13,12.86,12.86,12.46,12.66,1001053,12602308.00
2023-06-14,12.58,12.66,12.50,12.60,935514,11773390.00
2023-06-15,12.60,12.68,12.48,12.54,997905,12521916.00
2023-06-16,12.65,12.65,12.39,12.47,1366777,17023422.00
2023-06-19,12.38,12.53,12.28,12.32,968817,11979767.00
2023-06-20,12.25,12.56,12.00,12.39,1486971,18189366.00
2023-06-21,12.27,13.07,12.27,12.61,1759337,22273332.00
2023-06-26,12.42,12.49,12.10,12.23,1148377,14080271.00
2023-06-27,12.30,12.48,12.19,12.22,719591,8855490.00
2023-06-28,12.11,12.38,12.11,12.18,853996,10971497.00
2023-06-29,12.17,12.31,12.14,12.21,1108609,13535848.00
2023-06-30,12.24,12.47,12.23,12.31,966597,11921746.00
2023-07-03,12.32,12.45,12.20,12.32,929810,11419720.00
2023-07-04,12.25,12.38,12.24,12.28,975761,11988657.00
2023-07-05,12.37,12.54,12.20,12.44,1733026,21496008.00
2023-07-06,12.35,12.43,12.21,12.24,1238362,15216019.00
2023-07-07,12.26,12.28,12.11,12.14,1001030,12185565.00
2023-07-10,12.13,12.25,12.13,12.18,805892,9812797.00
2023-07-11,12.25,12.35,12.15,12.29,835670,10248919.00
2023-07-12,12.27,12.31,12.03,12.07,1170148,14212706.00
2023-07-13,12.07,12.16,12.04,12.10,747216,9033618.00
2023-07-14,12.15,12.25,12.05,12.12,1368578,16567656.00
2023-07-17,12.08,12.08,11.85,11.92,1647910,19647110.00
2023-07-18,11.93,12.08,11.80,11.86,730569,8695304.00
2023-07-19,11.90,11.92,11.60,11.63,1269959,14847035.00
2023-07-20,11.66,11.77,11.60,11.63,900697,10495941.00
2023-07-21,11.68,11.68,11.51,11.53,868647,10034684.00
2023-07-24,11.52,11.52,11.25,11.26,805679,9152382.00
2023-07-25,11.26,11.42,11.17,11.22,1207142,13556288.00
2023-07-26,11.27,11.27,10.97,11.02,1147765,12759761.00
2023-07-27,11.15,11.25,11.06,11.10,1219875,14294425.00
2023-07-28,11.25,11.98,11.22,11.68,3706581,43299532.00
2023-07-31,11.76,11.78,11.46,11.51,1712902,19777078.00
2023-08-01,11.50,11.55,11.23,11.30,1323979,15007384.00
2023-08-02,11.37,11.37,11.20,11.33,918268,10384771.00
2023-08-03,11.26,11.33,11.18,11.23,1043689,11715099.00
2023-08-04,11.28,11.30,11.22,11.30,729224,8201210.00
2023-08-07,11.31,11.33,11.15,11.21,982400,9711595.00
2023-08-08,11.18,11.80,11.12,11.73,2071561,23751256.00
2023-08-09,11.65,11.97,11.35,11.41,1809859,20948626.00
2023-08-10,11.34,11.48,11.26,11.29,996756,11298586.00
2023-08-11,11.30,11.30,11.22,11.25,549697,6183219.00
2023-08-14,11.24,11.27,11.15,11.22,439820,4921555.50
2023-08-15,11.18,11.20,10.97,11.12,760411,8446449.00
2023-08-16,11.16,11.16,10.86,10.87,962722,10586511.00
2023-08-17,10.86,10.98,10.77,10.96,493701,5374321.00
2023-08-18,10.98,11.06,10.77,10.79,754036,8183489.50
2023-08-21,10.83,10.84,10.52,10.52,547259,5854262.50
2023-08-22,10.52,10.69,10.21,10.47,998126,10370426.00
2023-08-23,10.58,10.58,10.32,10.34,284406,2967109.75
2023-08-24,10.38,10.50,10.30,10.37,422491,4392611.50
2023-08-25,10.27,10.43,10.25,10.30,674365,6963985.00
2023-08-28,11.04,11.22,10.46,10.54,2057093,22230852.00
2023-08-29,10.58,11.00,10.50,11.00,1381361,14841442.00
2023-08-30,11.13,11.34,10.86,11.05,1117353,12382678.00
2023-08-31,10.98,11.09,10.75,11.08,726789,7932769.50
2023-09-01,11.10,11.62,11.05,11.46,2540712,28961364.00
2023-09-04,11.99,12.27,11.74,11.83,6301160,75417904.00
2023-09-05,11.80,11.87,11.61,11.72,2167151,25395644.00
2023-09-06,11.81,12.32,11.68,12.03,3200499,38372556.00
2023-09-07,12.08,12.40,11.70,11.72,3263175,39355036.00
2023-09-08,11.90,11.90,11.58,11.73,1817060,21304756.00
2023-09-11,11.72,11.72,11.48,11.59,1612323,18696860.00
2023-09-12,11.53,11.60,11.30,11.31,1492128,16983588.00
2023-09-13,11.35,11.40,11.11,11.18,915525,10245406.00
2023-09-14,11.19,11.45,11.10,11.34,889921,10066954.00
2023-09-15,11.35,11.36,11.15,11.23,864932,9734463.00
2023-09-18,11.21,11.52,11.18,11.52,1553775,17781328.00
2023-09-19,11.46,11.63,11.37,11.40,865467,9926910.00
2023-09-20,11.45,11.47,11.20,11.20,808159,9147928.00
2023-09-21,11.27,11.39,11.17,11.29,807724,9119197.00
2023-09-22,11.28,11.65,11.23,11.55,1530423,17565666.00
2023-09-25,11.60,11.66,11.46,11.59,1234573,14306793.00
2023-09-26,11.56,11.61,11.25,11.27,1046025,11909601.00
2023-09-27,11.25,11.33,10.98,11.00,1563858,17413208.00
2023-09-28,11.02,11.27,11.02,11.22,605297,6766741.00
2023-10-09,11.34,11.37,11.09,11.16,719987,8083538.00
2023-10-10,11.23,11.27,10.89,10.98,729222,8034483.00
2023-10-11,10.95,11.04,10.95,10.96,447008,4911209.00
2023-10-12,11.05,11.05,10.85,10.93,422397,4612942.50
2023-10-13,10.98,10.98,10.62,10.66,1013833,10880699.00
2023-10-16,10.88,11.22,10.80,11.04,2227492,24511458.00
2023-10-17,11.03,11.13,10.91,10.97,1001780,11043845.00
2023-10-18,10.91,11.07,10.91,10.94,637337,6985875.00
2023-10-19,10.92,11.09,10.80,10.95,622307,6810706.00
2023-10-20,10.90,11.00,10.81,10.85,806170,8767860.00
2023-10-23,10.78,10.88,10.50,10.59,750002,7976539.50
2023-10-24,10.56,10.90,10.50,10.76,875751,9386337.00
2023-10-25,10.86,10.95,10.75,10.83,988202,10757005.00
2023-10-26,10.78,10.96,10.76,10.90,717516,7791490.50
2023-10-27,10.81,11.55,10.70,11.44,1925057,21675300.00
2023-10-30,11.54,11.97,11.35,11.62,2264868,26370056.00
2023-10-31,11.60,11.72,11.55,11.69,1309650,15241647.00
2023-11-01,11.71,11.75,11.50,11.65,1140625,13255324.00
2023-11-02,11.66,12.15,11.59,11.84,2252442,26900136.00
2023-11-03,11.87,11.99,11.76,11.85,1524096,18069340.00
2023-11-06,11.96,11.96,11.61,11.78,1454339,17103692.00
2023-11-07,11.66,11.82,11.45,11.68,1743384,20233744.00
2023-11-08,11.65,11.97,11.57,11.81,1815424,21511904.00
2023-11-09,11.84,12.82,11.76,12.30,4131311,51236504.00
2023-11-10,12.24,12.44,12.15,12.31,1656582,20357178.00
2023-11-13,12.38,12.73,12.33,12.35,2260146,28409440.00
2023-11-14,12.34,12.64,12.21,12.45,1912698,23702050.00
2023-11-15,12.50,13.20,12.38,12.88,4569660,58521116.00
2023-11-16,12.82,13.00,12.62,12.63,2574990,32971914.00
2023-11-17,12.61,12.98,12.41,12.86,1882898,23999842.00
2023-11-20,12.95,13.56,12.90,13.48,4087253,53996944.00
2023-11-21,13.60,14.85,13.40,13.65,12710889,178462576.00
2023-11-22,13.40,14.59,13.31,14.35,10980948,153830704.00
2023-11-23,14.23,15.05,13.66,13.74,10633318,151054512.00
2023-11-24,13.86,14.93,13.34,14.57,12963373,182252224.00
2023-11-27,14.55,16.33,14.55,16.15,20558666,319609024.00
2023-11-28,15.50,16.29,15.33,15.35,13573289,213361312.00
2023-11-29,15.35,15.80,14.06,14.34,10349097,154333184.00
2023-11-30,14.45,14.58,13.63,13.76,6605588,92584240.00
2023-12-01,13.88,13.96,13.35,13.37,5537962,75124792.00
2023-12-04,13.47,14.25,13.38,13.88,5674053,78752496.00
2023-12-05,13.83,15.32,13.83,14.81,9444506,138549504.00
2023-12-06,14.87,15.19,14.32,14.48,4730069,69444448.00
2023-12-07,14.65,15.13,14.54,14.83,4853266,72039432.00
2023-12-08,14.70,14.98,14.53,14.68,4006022,59061912.00
2023-12-11,14.56,14.69,13.76,13.97,4780852,67221776.00
2023-12-12,14.01,14.07,13.68,13.99,3004867,41679940.00
2023-12-13,13.93,14.69,13.74,14.47,5612443,80623224.00
2023-12-14,14.32,15.23,14.32,14.70,8309685,121611840.00
2023-12-15,14.52,15.08,14.45,14.65,4995670,73472080.00
2023-12-18,14.67,15.29,14.60,15.09,6433800,96592408.00
2023-12-19,15.21,15.24,14.64,14.84,4199762,62312116.00
2023-12-20,14.76,15.18,14.73,15.07,5389975,80862056.00
2023-12-21,15.10,15.73,14.07,14.44,9877048,148885200.00
2023-12-22,14.13,14.54,14.11,14.44,4683648,66176464.00
2023-12-25,14.43,15.14,14.40,15.14,5964067,88222632.00
2023-12-26,15.02,15.34,14.66,14.97,5011135,75335952.00
2023-12-27,14.94,15.06,14.60,14.98,3585743,53316224.00
2023-12-28,14.98,15.68,14.94,15.47,8422611,129097512.00
2023-12-29,15.39,16.14,15.30,15.75,7206714,113072680.00
2024-01-02,15.74,16.14,15.55,15.91,6902141,109081504.00
2024-01-03,15.80,16.01,15.50,15.67,5300805,83071936.00
2024-01-04,15.62,15.77,15.13,15.27,5438330,83440552.00
2024-01-05,15.27,15.40,14.79,14.82,5144354,77139096.00
2024-01-08,14.79,14.93,14.02,14.02,4456672,64285808.00
2024-01-09,14.18,14.20,13.50,13.64,4772040,65614704.00
2024-01-10,13.62,14.05,13.46,13.88,2843516,39216760.00
2024-01-11,13.81,14.08,13.70,13.92,2691578,37507296.00
2024-01-12,13.95,14.03,13.19,13.29,4232870,57284448.00
2024-01-15,13.16,13.19,12.73,12.79,2356021,30507188.00
2024-01-16,12.89,13.48,12.60,13.35,3557535,46462236.00
2024-01-17,13.18,13.58,12.92,12.95,2821963,37483256.00
2024-01-18,12.88,13.39,12.85,13.36,2824428,37245416.00
2024-01-19,14.28,15.66,14.09,14.58,11868728,176057696.00
2024-01-22,14.35,15.25,13.70,14.65,9973533,144772848.00
2024-01-23,14.60,15.15,14.25,14.99,7908282,117837200.00
2024-01-24,15.19,15.23,14.49,14.96,6542198,97266744.00
2024-01-25,14.77,15.34,14.56,15.02,7072264,105981864.00
2024-01-26,14.78,15.03,14.20,14.22,5183121,75833320.00
2024-01-29,14.35,14.48,13.60,13.65,4167665,58005408.00
2024-01-30,13.59,13.98,13.50,13.79,3045058,41932740.00
2024-01-31,13.81,14.05,13.52,13.56,2874810,39777496.00
2024-02-01,13.68,13.97,13.50,13.85,3194740,44116048.00
2024-02-02,13.70,13.97,12.61,13.18,5234919,70252000.00
2024-02-05,13.10,13.78,12.47,13.30,4637187,60236236.00
2024-02-06,13.16,14.19,13.10,14.11,4722433,65267740.00
2024-02-07,14.06,14.50,13.74,13.81,4246061,59815200.00
2024-02-08,14.00,14.35,13.51,14.15,3605981,50349784.00
2024-02-19,14.20,14.36,14.01,14.32,3120377,44282968.00
2024-02-20,14.19,14.32,14.10,14.29,2715324,38599048.00
2024-02-21,14.18,14.62,14.15,14.19,3561600,51269924.00
2024-02-22,14.15,14.34,14.02,14.06,2793834,39396680.00
2024-02-23,14.01,14.10,13.54,13.68,3949739,54273104.00
2024-02-26,13.54,14.00,13.51,13.85,2946186,40595684.00
2024-02-27,13.72,14.29,13.65,14.28,4143423,58418224.00
2024-02-28,14.28,14.78,13.95,13.95,5504773,78989840.00
2024-02-29,14.05,15.63,13.97,15.18,10303174,153386064.00
2024-03-01,15.24,15.98,14.87,14.98,9007114,138648048.00
2024-03-04,14.71,14.98,14.35,14.79,5417456,79372832.00
2024-03-05,14.78,14.78,14.28,14.29,3379387,48723508.00
2024-03-06,14.29,14.93,14.17,14.59,3194158,46934908.00
2024-03-07,14.55,14.66,14.24,14.30,3043616,43822376.00
2024-03-08,14.34,14.68,14.25,14.51,2409232,34947144.00
2024-03-11,14.60,15.06,14.52,14.85,3794145,56254720.00
2024-03-12,14.82,14.88,14.60,14.88,2138841,31518424.00
2024-03-13,14.88,14.93,14.38,14.49,2453604,35737196.00
2024-03-14,14.42,14.82,14.25,14.36,1776437,25390258.00
2024-03-15,14.33,14.81,14.15,14.68,3023991,44123660.00
2024-03-18,14.61,14.74,14.50,14.67,2274239,33264328.00
2024-03-19,14.61,14.77,14.40,14.55,2004330,29170152.00
2024-03-20,14.50,14.60,14.40,14.57,1258729,18225554.00
2024-03-21,14.88,15.22,14.64,14.77,3801168,56462288.00
2024-03-22,14.71,14.75,14.21,14.40,2861166,41390008.00
2024-03-25,14.45,14.56,14.23,14.31,1915274,27549180.00
2024-03-26,14.30,14.40,13.91,14.01,2173259,30700542.00
2024-03-27,14.37,14.38,14.01,14.01,1520049,21581282.00
2024-03-28,14.36,14.61,14.28,14.36,2584491,37275992.00
2024-03-29,14.36,14.45,14.18,14.29,1481861,21144796.00
2024-04-01,14.41,14.48,14.29,14.45,1450228,20872570.00
2024-04-02,14.55,14.99,14.43,14.97,4253496,63117172.00
2024-04-03,14.91,15.33,14.62,14.65,3553778,53274712.00
2024-04-08,14.79,14.79,13.90,13.99,3807144,54057312.00
2024-04-09,14.06,14.55,13.96,14.39,2677540,38324280.00
2024-04-10,14.49,14.89,14.21,14.69,3747659,54850516.00
2024-04-11,14.45,14.60,14.23,14.23,2697112,38859404.00
2024-04-12,14.23,14.32,13.91,13.97,2003079,28220362.00
2024-04-15,13.90,14.00,13.57,13.62,2414142,33175624.00
2024-04-16,13.65,13.66,13.13,13.14,1734546,23049840.00
2024-04-17,13.27,13.67,13.27,13.61,1730574,23445440.00
2024-04-18,13.51,13.57,13.29,13.43,2038553,27378186.00
2024-04-19,13.55,13.88,13.43,13.51,2026251,27561896.00
2024-04-22,13.59,13.59,13.20,13.51,1053025,14098334.00
2024-04-23,13.55,13.88,13.47,13.70,1224806,16707098.00
2024-04-24,13.83,13.93,13.65,13.93,1184677,16333828.00
2024-04-25,13.92,14.14,13.79,13.83,1484562,20631896.00
2024-04-26,10.57,10.60,10.25,10.40,2096785,21821188.00
2024-04-29,9.75,9.82,9.05,9.64,7223798,68616552.00
2024-04-30,9.55,9.68,9.33,9.35,3063919,28949840.00
2024-05-06,9.47,9.49,9.21,9.30,4229762,39406936.00
2024-05-07,9.36,9.37,9.24,9.29,2229279,20698316.00
2024-05-08,9.23,9.38,9.23,9.27,1959572,18239908.00
2024-05-09,9.33,9.33,9.23,9.29,2169523,20121626.00
2024-05-10,9.29,9.31,8.92,9.00,3329152,30285250.00
2024-05-13,9.00,9.00,8.48,8.51,4695770,40533984.00
2024-05-14,8.54,8.63,8.46,8.51,1679552,14336706.00
2024-05-15,8.50,8.52,8.38,8.40,1799680,15159839.00
2024-05-16,8.46,8.65,8.34,8.52,2040626,17319352.00
2024-05-17,8.51,8.60,8.46,8.59,1368077,11670569.00
2024-05-20,8.60,8.74,8.52,8.60,1946983,16813232.00
2024-05-21,8.57,8.60,8.43,8.45,1320686,11201821.00
2024-05-22,8.49,8.65,8.46,8.62,1613401,13845490.00
2024-05-23,8.65,9.16,8.50,8.90,4893448,43438364.00
2024-05-24,8.90,8.91,8.67,8.72,2045414,17937828.00
2024-05-27,8.71,8.85,8.64,8.68,1540545,13438834.00
2024-05-28,8.68,8.90,8.63,8.80,1604811,14084402.00
2024-05-29,8.76,8.83,8.72,8.76,1185494,10397010.00
2024-05-30,8.75,8.80,8.51,8.55,1420864,12279258.00
2024-05-31,8.53,8.62,8.45,8.45,1151246,9798963.00
2024-06-03,8.48,8.48,8.22,8.25,1213409,10063417.00
2024-06-04,8.24,8.25,7.99,8.12,1773537,14370643.00
2024-06-05,8.13,8.16,7.85,7.88,2056283,16356011.00
2024-06-06,7.90,7.94,7.50,7.56,2578804,19661860.00
2024-06-07,7.57,7.76,7.55,7.65,1320776,10069684.00
2024-06-11,7.61,7.92,7.44,7.88,1828771,14165600.00
2024-06-12,7.92,7.95,7.79,7.87,1045951,8217965.50
2024-06-13,7.87,7.87,7.71,7.72,1060273,8254498.50
2024-06-14,7.74,7.91,7.74,7.78,1648159,12889301.00
2024-06-17,7.83,7.83,7.56,7.60,1113390,8508660.00
2024-06-18,7.64,7.66,7.53,7.59,1033031,7850212.50
2024-06-19,7.62,7.83,7.58,7.67,2280654,17610786.00
2024-06-20,7.71,7.76,7.50,7.50,1400387,10605318.00
2024-06-21,7.52,7.65,7.51,7.57,945891,7165157.50
2024-06-24,7.62,7.62,7.16,7.17,1637927,11993568.00
2024-06-25,7.20,7.29,7.08,7.12,1283490,9238544.00
2024-06-26,7.15,7.25,7.00,7.22,1430808,10221574.00
2024-06-27,7.17,7.24,7.04,7.04,867709,6217853.50
2024-06-28,7.07,7.16,6.98,7.01,983120,6951501.50
2024-07-01,6.99,7.05,6.83,6.91,1774368,12271918.00
2024-07-02,6.93,6.97,6.83,6.87,854840,5893583.00
2024-07-03,6.85,6.93,6.84,6.88,868231,5978441.50
2024-07-04,6.89,7.09,6.84,6.84,1379927,9625040.00
2024-07-05,6.84,6.90,6.55,6.73,2073715,13809413.00
2024-07-08,6.65,6.66,6.30,6.31,2142945,13766781.00
2024-07-09,6.32,6.61,6.00,6.38,2098300,13109658.00
2024-07-10,6.38,6.44,6.18,6.22,1772419,11157677.00
2024-07-11,6.30,6.85,6.24,6.82,4331762,28123512.00
2024-07-12,6.70,6.83,6.52,6.59,3311385,22033162.00
2024-07-15,6.64,6.64,6.38,6.40,1591182,10237835.00
2024-07-16,6.37,6.69,6.30,6.62,3375000,22041400.00
2024-07-17,6.60,7.34,6.56,7.32,9186532,65017432.00
2024-07-18,7.29,8.04,7.07,7.62,14817575,114143696.00
2024-07-19,7.41,7.75,7.30,7.32,7383859,55167564.00
2024-07-22,7.22,7.33,7.02,7.13,4331454,30903960.00
2024-07-23,7.10,7.26,6.97,6.97,3070984,21705750.00
2024-07-24,7.03,7.10,6.61,6.66,3561878,24144690.00
2024-07-25,6.70,6.78,6.60,6.66,2775092,18581840.00
2024-07-26,6.66,6.75,6.61,6.68,2484496,16603353.00
2024-07-29,6.76,6.76,6.46,6.49,2436192,15935220.00
2024-07-30,6.44,6.75,6.44,6.60,2802042,18578252.00
2024-07-31,6.59,6.78,6.54,6.75,3304891,22156614.00
2024-08-01,6.88,6.92,6.67,6.73,2259489,15292069.00
2024-08-02,6.69,6.74,6.54,6.54,1746089,11564239.00
2024-08-05,6.50,6.59,6.35,6.36,1800922,11629495.00
2024-08-06,6.39,6.54,6.35,6.45,1161421,7483960.00
2024-08-07,6.42,6.51,6.35,6.43,1386913,8927268.00
2024-08-08,6.44,6.47,6.28,6.40,1435747,9171486.00
2024-08-09,6.40,6.47,6.39,6.41,1046161,6718914.00
2024-08-12,6.41,6.66,6.41,6.47,2316872,15125056.00
2024-08-13,6.43,6.52,6.38,6.48,1048657,6731092.50
2024-08-14,6.48,6.49,6.40,6.42,835925,5374269.50
2024-08-15,6.39,6.48,6.26,6.37,1417208,9063345.00
2024-08-16,6.41,6.50,6.32,6.35,1389934,8885044.00
2024-08-19,6.36,6.41,6.26,6.26,1171943,7405253.50
2024-08-20,6.18,6.39,6.16,6.17,2032424,12697034.00
2024-08-21,6.19,6.22,6.04,6.08,1693276,10353999.00
2024-08-22,6.06,6.10,5.91,5.93,1827563,10927754.00
2024-08-23,5.97,6.00,5.85,5.92,798078,4736990.50
2024-08-26,5.92,6.10,5.87,6.02,846128,5085916.50
2024-08-27,6.02,6.02,5.83,5.86,1063226,6276202.50
2024-08-28,5.91,5.95,5.84,5.88,812563,4780130.50
2024-08-29,5.83,5.93,5.70,5.92,1952739,11414703.00
2024-08-30,5.94,6.13,5.88,6.05,2078289,12546858.00
2024-09-02,6.06,6.13,5.88,5.88,1072900,6422112.50
2024-09-03,5.93,5.99,5.88,5.91,583784,3463315.50
2024-09-04,5.86,5.91,5.81,5.87,794748,4659701.00
2024-09-05,5.87,5.92,5.86,5.86,660760,3887704.00
2024-09-06,5.90,6.02,5.87,5.90,1550784,9211343.00
2024-09-09,5.85,5.96,5.78,5.85,1132339,6619281.50
2024-09-10,5.84,5.88,5.68,5.82,1117121,6457911.50
2024-09-11,5.78,5.85,5.75,5.78,860698,4993209.50
2024-09-12,5.80,5.84,5.71,5.73,967500,5585940.50
2024-09-13,5.77,5.92,5.56,5.76,2707156,15585894.00
2024-09-18,5.76,5.79,5.59,5.62,1374540,7769138.50
2024-09-19,5.66,5.76,5.53,5.65,1351717,7659568.50
2024-09-20,5.66,5.69,5.57,5.58,1039044,5838633.50
2024-09-23,5.60,5.60,5.52,5.55,895702,4969768.50
2024-09-24,5.54,5.80,5.52,5.76,2312267,13122235.00
2024-09-25,5.82,6.17,5.80,6.00,4440675,26738688.00
2024-09-26,6.00,6.12,5.90,6.11,3273689,19727380.00
2024-09-27,6.21,6.90,6.21,6.73,8585910,56283120.00
2024-09-30,7.39,8.47,6.97,8.43,18293036,140668960.00
2024-10-08,10.81,10.95,9.80,10.95,29953820,313444672.00
2024-10-09,10.50,10.96,9.56,9.63,18853184,194428224.00
2024-10-10,9.85,10.20,9.13,9.25,11825531,114939896.00
2024-10-11,9.11,9.30,7.67,8.12,11861027,99421408.00
2024-10-14,8.14,8.94,7.97,8.89,9186438,77612352.00
2024-10-15,8.90,9.22,8.50,8.64,8430776,74623608.00
2024-10-16,8.29,8.77,8.09,8.39,7083859,59714184.00
2024-10-17,8.51,9.37,8.45,8.69,11953208,105854528.00
2024-10-18,8.69,9.99,8.69,9.64,17578486,165527680.00
2024-10-21,10.08,11.50,10.08,11.49,27833654,301080448.00
2024-10-22,11.79,11.80,10.00,10.16,22426626,238929152.00
2024-10-23,10.03,10.85,10.03,10.43,14685717,154282000.00
2024-10-24,10.38,11.20,10.16,10.96,18928252,204812288.00
2024-10-25,11.12,12.50,10.66,11.23,31128606,363953056.00
2024-10-28,11.09,11.80,10.72,11.26,18919954,211903120.00
2024-10-29,11.30,12.42,10.99,12.00,23630397,275825312.00
2024-10-30,11.90,12.76,11.26,11.65,17435157,207886832.00
2024-10-31,11.45,11.63,10.47,10.95,20467425,224054112.00
2024-11-01,10.78,10.78,9.85,9.86,11686895,120182600.00
2024-11-04,9.80,10.64,9.78,10.42,8029357,82050744.00
2024-11-05,10.70,11.47,10.68,11.29,14517613,161665280.00
2024-11-06,11.68,11.98,11.13,11.55,18996425,221360688.00
2024-11-07,11.98,12.68,11.59,12.44,24012921,294156000.00
2024-11-08,12.70,13.30,11.80,11.87,18545003,229260208.00
2024-11-11,11.55,13.65,11.55,13.65,27488735,352252096.00
2024-11-12,13.80,14.14,12.45,12.85,21462404,281265664.00
2024-11-13,12.50,12.85,11.90,12.51,13236481,162778416.00
2024-11-14,12.44,13.15,11.92,12.05,13381060,168527424.00
2024-11-15,12.00,12.48,11.68,12.13,11427492,137661168.00
2024-11-18,12.93,13.34,12.20,12.26,19010978,242654960.00
2024-11-19,11.11,11.97,10.76,11.84,16491486,188752016.00
2024-11-20,11.60,12.35,11.49,12.18,11531728,138849344.00
2024-11-21,12.44,12.80,12.12,12.38,12855988,158942240.00
2024-11-22,12.32,12.38,11.50,11.55,11552597,139087808.00
2024-11-25,11.57,11.80,11.10,11.40,8198336,93727112.00
2024-11-26,11.40,11.68,10.84,10.90,7994767,89449272.00
2024-11-27,10.70,11.02,10.10,11.02,8828380,92862408.00
2024-11-28,11.08,11.40,10.82,10.90,8285734,92165672.00
2024-11-29,10.59,11.20,10.55,10.97,8358581,91032400.00
2024-12-02,11.19,11.36,10.97,11.29,8508593,95325640.00
2024-12-03,11.29,11.29,11.29,11.29,0,0.00
#数据来源:通达信
