838670 恒进感应 日线 不复权
      日期	    开盘	    最高	    最低	    收盘	    成交量	    成交额
2018-03-29,6.00,6.00,6.00,6.00,1000,6000.00
2018-03-30,8.00,8.00,8.00,8.00,1000,8000.00
2018-10-23,10.00,10.00,10.00,10.00,1000,10000.00
2019-12-18,4.92,4.92,4.92,4.92,1000,4920.00
2019-12-20,2.91,2.91,2.91,2.91,1000,2910.00
2019-12-23,1.81,1.81,1.81,1.81,2000,3620.00
2019-12-24,1.81,1.81,1.81,1.81,2357000,2357000.00
2020-01-02,1.81,1.81,1.81,1.81,2943000,2943000.00
2020-01-06,3.51,3.51,3.51,3.51,1000,3510.00
2020-07-14,6.10,6.10,6.10,6.10,200,1220.00
2020-08-14,3.60,3.60,3.60,3.60,800,2883.60
2020-09-07,6.50,6.50,6.50,6.50,1000,6500.00
2021-04-20,12.68,12.68,12.68,12.68,900,11412.00
2021-04-21,6.34,6.34,6.34,6.34,1200,7608.00
2021-04-22,6.34,12.68,6.34,12.68,900,8242.00
2021-04-23,12.68,12.68,12.68,12.68,100,1268.00
2021-04-26,8.03,8.03,7.00,7.71,7500,56271.00
2021-04-27,8.93,9.89,8.93,9.00,3400,30821.00
2021-04-30,9.00,9.00,9.00,9.00,200,1800.00
2021-05-24,9.00,9.00,9.00,9.00,100,891.00
2021-08-20,9.00,9.00,9.00,9.00,663600,6636000.00
2021-08-23,9.00,9.00,9.00,9.00,986400,9864000.00
2021-08-24,9.00,9.00,9.00,9.00,600,5400.00
2021-08-26,10.00,10.01,10.00,10.01,200,2001.00
2021-09-06,20.02,20.02,13.89,15.60,400,6451.00
2021-09-07,15.60,16.10,15.60,16.10,1800,28298.40
2021-09-08,16.40,16.40,16.40,16.40,100,1640.00
2021-09-09,16.40,16.40,16.40,16.40,100,1640.00
2021-09-13,16.50,16.50,16.50,16.50,100,1650.00
2021-09-22,32.00,32.00,20.10,21.00,1700,37916.00
2021-09-23,22.00,22.14,22.00,22.14,5100,112780.00
2021-09-24,35.00,35.00,22.99,22.99,1100,36214.80
2021-09-27,24.00,24.00,24.00,24.00,400,10680.00
2021-09-30,24.00,24.00,24.00,24.00,300,7200.00
2021-10-08,22.51,22.51,22.51,22.51,100,2251.00
2021-10-11,22.70,24.09,22.70,24.01,1700,39593.16
2021-10-12,24.05,24.05,24.05,24.05,1000,24050.00
2021-10-18,24.50,24.50,24.50,24.50,1600,38832.50
2021-10-19,24.67,29.98,24.67,29.98,400,10428.98
2021-10-22,27.00,27.00,27.00,27.00,100,2700.00
2021-10-25,23.08,23.51,23.08,23.51,600,14017.00
2021-10-27,25.00,25.00,24.00,24.00,200,4900.00
2021-10-28,24.15,24.15,24.15,24.15,100,2415.00
2021-10-29,24.05,24.05,24.05,24.05,100,2405.00
2021-11-01,24.05,24.05,24.05,24.05,200,4810.00
2021-11-02,18.09,19.08,18.09,19.08,100,2656.35
2021-11-03,20.20,20.45,20.20,20.45,200,4555.80
2021-11-04,21.30,26.00,21.30,26.00,200,5795.00
2021-11-08,25.28,29.00,25.28,26.31,400,11168.44
2021-11-09,26.60,26.60,26.60,26.60,0,266.00
2021-11-11,23.23,23.23,23.23,23.23,1700,39491.00
2021-11-12,26.22,27.90,26.22,27.80,2400,66396.20
2021-11-15,27.85,27.85,27.85,27.85,100,2785.00
2021-11-17,30.05,30.26,30.05,30.26,500,15083.00
2021-11-18,36.00,36.00,31.66,31.66,400,13188.00
2021-11-29,28.00,28.00,28.00,28.00,100,2800.00
2021-11-30,28.58,28.58,28.58,28.58,100,3429.60
2021-12-02,30.02,30.58,30.02,30.58,200,5939.14
2021-12-03,30.70,30.70,30.70,30.70,0,30.70
2021-12-06,30.06,30.06,30.06,30.06,100,3006.00
2021-12-07,30.50,30.50,30.50,30.50,200,6100.00
2021-12-09,31.01,31.01,31.01,31.01,100,3101.00
2021-12-13,32.00,32.00,32.00,32.00,0,32.00
2021-12-14,36.00,36.00,36.00,36.00,400,14400.00
2021-12-15,36.00,36.00,36.00,36.00,100,3600.00
2021-12-16,36.00,36.00,36.00,36.00,0,1620.00
2021-12-20,36.00,36.00,36.00,36.00,100,3601.00
2021-12-21,45.00,60.00,45.00,60.00,2100,100573.00
2022-07-05,21.20,21.58,19.50,20.00,5612945,113440336.00
2022-07-06,19.60,19.96,19.05,19.21,1221600,23710902.00
2022-07-07,19.60,20.11,19.22,20.00,1112634,22077482.00
2022-07-08,20.01,20.09,19.83,20.00,680670,13611438.00
2022-07-11,20.00,20.07,19.88,19.99,461856,9230259.00
2022-07-12,19.96,19.96,19.81,19.83,235579,4679480.50
2022-07-13,19.82,20.00,19.77,19.94,173905,3458556.50
2022-07-14,19.83,19.92,19.83,19.84,168375,3346497.50
2022-07-15,19.85,19.85,19.74,19.76,228625,4522138.00
2022-07-18,19.92,19.92,19.61,19.66,264975,5214715.50
2022-07-19,19.55,19.66,19.55,19.64,129202,2533839.00
2022-07-20,19.63,20.44,19.61,20.09,992509,19969636.00
2022-07-21,19.96,19.96,19.62,19.70,407785,8046117.00
2022-07-22,19.68,19.99,19.60,19.96,288650,5733322.00
2022-07-25,19.96,20.41,19.96,20.19,672902,13601486.00
2022-07-26,20.36,23.79,20.23,22.64,2707873,58939068.00
2022-07-27,22.15,24.98,22.15,23.30,2535052,60501408.00
2022-07-28,22.58,22.96,21.20,21.80,1841627,40469664.00
2022-07-29,21.95,21.95,20.81,20.82,1168263,24686554.00
2022-08-01,20.95,21.38,20.47,20.96,449584,9389357.00
2022-08-02,20.00,20.49,19.72,20.13,1013423,20307652.00
2022-08-03,20.18,20.86,20.18,20.35,548740,11269965.00
2022-08-04,20.44,20.58,20.05,20.40,372041,7555740.50
2022-08-05,20.41,20.55,20.22,20.45,283990,5771913.00
2022-08-08,20.42,20.57,20.18,20.28,341186,6915090.00
2022-08-09,20.36,20.40,20.20,20.26,183289,3716445.25
2022-08-10,20.36,21.67,20.18,21.50,1065780,22334028.00
2022-08-11,21.77,22.12,21.40,21.62,843949,18303800.00
2022-08-12,21.80,21.80,20.70,20.95,598669,12669994.00
2022-08-15,21.00,21.59,20.80,21.43,426739,9042975.00
2022-08-16,21.13,21.87,21.13,21.38,271358,5802138.50
2022-08-17,21.38,21.49,21.10,21.14,199876,4231777.00
2022-08-18,21.10,21.35,21.06,21.10,142730,3016929.50
2022-08-19,20.99,21.24,20.70,20.88,254287,5298558.00
2022-08-22,21.09,21.09,20.46,20.53,258892,5326129.50
2022-08-23,20.65,20.65,20.11,20.26,214386,4348326.00
2022-08-24,20.26,20.36,20.00,20.23,282552,5679049.00
2022-08-25,20.10,20.27,19.96,20.18,168425,3380950.50
2022-08-26,20.29,20.29,19.92,19.98,193738,3877955.25
2022-08-29,19.99,20.14,19.80,20.09,47378,948571.88
2022-08-30,20.14,20.14,19.96,20.05,89368,1790141.88
2022-08-31,20.07,20.07,19.84,19.90,184354,3673060.75
2022-09-01,20.18,20.18,19.80,19.97,245689,4905019.00
2022-09-02,19.85,20.06,19.60,19.70,173374,3418928.50
2022-09-05,19.95,19.95,19.75,19.85,89339,1770283.75
2022-09-06,19.82,19.87,19.72,19.80,66376,1313423.88
2022-09-07,19.76,20.25,19.76,20.06,225707,4547758.50
2022-09-08,20.20,20.20,19.97,20.00,180321,3613109.75
2022-09-09,19.68,19.87,19.30,19.41,150679,2942347.50
2022-09-13,19.32,19.46,19.28,19.39,113119,2188042.75
2022-09-14,19.28,19.43,19.00,19.11,276637,5280507.50
2022-09-15,19.02,19.25,18.45,18.51,251242,4685655.00
2022-09-16,18.50,19.50,18.50,18.90,351931,6722229.00
2022-09-19,19.07,22.35,19.07,20.48,1274613,25861978.00
2022-09-20,20.45,20.45,18.83,20.11,949717,18841278.00
2022-09-21,19.96,22.00,19.82,21.15,2069319,44069452.00
2022-09-22,21.37,22.15,20.80,20.84,1361486,29263806.00
2022-09-23,20.44,20.44,18.98,19.01,1160485,22617332.00
2022-09-26,18.81,18.96,18.13,18.25,716994,13245264.00
2022-09-27,18.03,18.51,18.03,18.39,283292,5161549.50
2022-09-28,18.35,18.50,18.11,18.16,204629,3741608.50
2022-09-29,18.40,18.40,17.63,17.69,400574,7162520.50
2022-09-30,17.98,17.98,17.36,17.36,209788,3672001.25
2022-10-10,17.48,17.48,16.92,17.03,237696,4051687.00
2022-10-11,17.12,17.40,16.92,17.15,64421,1105189.13
2022-10-12,17.08,17.42,17.03,17.40,151431,2598736.00
2022-10-13,17.18,17.75,17.16,17.62,95197,1662512.13
2022-10-14,17.55,18.05,17.55,17.89,124682,2226372.00
2022-10-17,17.89,19.25,17.70,19.24,446457,8329931.50
2022-10-18,19.17,19.26,18.26,18.88,399498,7477293.00
2022-10-19,18.50,18.92,18.32,18.38,216993,4037316.00
2022-10-20,18.38,18.98,18.27,18.30,136786,2527220.75
2022-10-21,18.34,18.68,18.18,18.55,211898,3884444.50
2022-10-24,18.33,18.73,18.29,18.47,144292,2663423.75
2022-10-25,18.51,19.05,18.03,18.70,181834,3362246.75
2022-10-26,19.19,19.48,18.51,18.78,482433,9147142.00
2022-10-27,18.52,18.97,18.21,18.33,260551,4787853.00
2022-10-28,18.20,18.39,17.66,17.73,198236,3562671.50
2022-10-31,17.81,18.03,17.63,17.86,107389,1917478.88
2022-11-01,17.86,18.15,17.84,18.08,130133,2334313.25
2022-11-02,18.15,18.26,17.92,18.26,190643,3455872.50
2022-11-03,17.97,18.65,17.97,18.20,120243,2180136.25
2022-11-04,18.12,18.47,18.01,18.37,224544,4114269.25
2022-11-07,18.49,18.91,18.15,18.85,263482,4924583.50
2022-11-08,18.85,18.89,18.56,18.78,141341,2642000.00
2022-11-09,18.62,18.81,18.50,18.66,84986,1584606.13
2022-11-10,18.65,18.72,18.42,18.62,75843,1409198.75
2022-11-11,18.89,18.89,18.53,18.69,151179,2828609.50
2022-11-14,18.83,18.83,18.30,18.44,160321,2963619.25
2022-11-15,18.25,18.78,18.25,18.59,205195,3809492.00
2022-11-16,18.37,18.60,18.36,18.55,78681,1453501.13
2022-11-17,18.45,18.56,18.40,18.51,41539,766919.44
2022-11-18,18.45,18.55,18.31,18.35,72348,1331319.88
2022-11-21,18.80,18.87,18.35,18.47,164762,3056298.00
2022-11-22,18.41,18.61,18.13,18.29,163122,2994911.75
2022-11-23,18.29,18.35,18.17,18.20,146468,2670947.00
2022-11-24,18.39,18.39,18.16,18.26,49365,899329.38
2022-11-25,18.15,18.24,18.07,18.24,75945,1376156.88
2022-11-28,18.13,18.32,17.81,17.81,106807,1920119.13
2022-11-29,17.86,18.31,17.81,18.19,100631,1826232.13
2022-11-30,18.27,18.27,18.00,18.03,70294,1270876.88
2022-12-01,18.07,18.17,18.02,18.07,76654,1385351.25
2022-12-02,18.07,18.15,18.01,18.15,44501,804634.19
2022-12-05,18.15,18.15,18.00,18.05,95439,1722357.13
2022-12-06,18.05,18.15,17.83,18.00,108982,1953629.00
2022-12-07,17.95,18.11,17.58,17.63,147063,2607292.00
2022-12-08,17.54,17.77,17.43,17.45,80509,1406973.38
2022-12-09,17.55,17.76,17.43,17.43,82161,1436467.25
2022-12-12,17.41,17.49,17.32,17.34,64723,1124022.13
2022-12-13,17.51,17.51,17.34,17.50,45147,785960.88
2022-12-14,17.55,17.55,17.39,17.41,44627,779824.63
2022-12-15,17.55,17.55,17.39,17.41,51279,896242.88
2022-12-16,17.39,17.56,17.30,17.31,71712,1244623.88
2022-12-19,17.79,17.79,17.00,17.29,84130,1446699.50
2022-12-20,17.11,17.24,17.04,17.08,34567,590562.38
2022-12-21,17.08,17.35,16.95,17.12,83016,1419798.75
2022-12-22,17.13,17.27,16.93,16.95,91101,1548029.25
2022-12-23,16.88,17.07,16.70,16.92,39075,658398.44
2022-12-26,16.70,18.18,16.66,17.10,28471,483332.03
2022-12-27,16.85,16.97,16.84,16.94,41641,702502.56
2022-12-28,16.90,17.20,16.72,16.86,18574,311458.03
2022-12-29,16.86,16.92,16.65,16.86,75553,1266420.25
2022-12-30,17.09,17.09,16.63,16.95,29810,501159.47
2023-01-03,16.99,16.99,16.71,16.97,46270,781149.00
2023-01-04,16.97,17.28,16.83,16.92,64135,1084165.38
2023-01-05,16.75,16.91,16.75,16.80,68534,1150739.13
2023-01-06,16.80,16.80,16.56,16.56,100765,1678949.38
2023-01-09,16.65,16.82,16.55,16.62,46638,773631.06
2023-01-10,16.55,16.62,16.39,16.46,62814,1034741.63
2023-01-11,16.38,16.94,16.38,16.81,102744,1709844.25
2023-01-12,16.75,16.90,16.66,16.86,31345,525923.00
2023-01-13,16.92,16.92,16.58,16.58,45179,752981.50
2023-01-16,16.58,16.81,16.57,16.61,61144,1015280.50
2023-01-17,16.80,17.30,16.65,17.25,182916,3095853.00
2023-01-18,17.28,17.34,16.86,17.33,39192,674671.38
2023-01-19,17.39,17.56,17.25,17.38,43713,760818.00
2023-01-20,17.52,17.52,17.33,17.47,63000,1097866.88
2023-01-30,17.54,17.93,17.54,17.83,148319,2636530.50
2023-01-31,17.67,18.55,17.67,18.55,502072,9205547.00
2023-02-01,18.71,18.71,18.06,18.18,278979,5143965.50
2023-02-02,18.12,18.30,17.70,17.76,123924,2224613.50
2023-02-03,17.76,17.96,17.57,17.78,87433,1550400.13
2023-02-06,17.56,17.80,17.48,17.53,52330,920333.25
2023-02-07,17.31,17.72,17.31,17.58,54398,954819.50
2023-02-08,17.64,17.65,17.42,17.59,59771,1046039.50
2023-02-09,17.48,18.16,17.43,18.06,114252,2029229.38
2023-02-10,18.16,18.16,17.70,17.80,82553,1472606.88
2023-02-13,18.12,18.12,17.72,17.88,124436,2224887.25
2023-02-14,18.00,18.00,17.64,17.78,28670,508754.06
2023-02-15,17.77,17.83,17.61,17.76,57093,1011099.31
2023-02-16,17.80,17.86,17.66,17.74,113847,2024932.25
2023-02-17,17.86,17.88,17.74,17.86,78800,1402448.13
2023-02-20,17.83,18.38,17.83,18.20,227223,4141299.00
2023-02-21,18.28,18.28,17.87,18.03,131654,2364962.25
2023-02-22,18.00,18.01,17.70,17.84,93785,1671309.75
2023-02-23,17.86,17.86,17.60,17.77,104911,1852747.50
2023-02-24,17.87,18.00,17.69,17.97,204651,3650404.00
2023-02-27,18.12,18.12,17.75,17.98,75308,1345463.38
2023-02-28,17.81,18.15,17.80,18.06,116518,2084997.13
2023-03-01,17.91,18.15,17.90,18.09,72029,1299619.38
2023-03-02,18.05,18.13,17.98,18.05,78611,1417862.13
2023-03-03,17.93,18.12,17.92,18.05,50368,905629.81
2023-03-06,17.91,18.12,17.91,18.08,44684,806526.94
2023-03-07,17.95,18.19,17.95,18.10,114523,2071004.50
2023-03-08,17.98,18.50,17.98,18.29,229861,4196163.50
2023-03-09,18.17,18.31,18.16,18.25,57915,1055368.13
2023-03-10,18.22,18.37,17.96,18.19,154729,2806969.75
2023-03-13,18.02,18.23,17.61,17.96,142797,2543114.00
2023-03-14,17.88,17.88,17.55,17.87,61304,1086661.88
2023-03-15,17.96,17.96,17.76,17.88,51045,911703.94
2023-03-16,17.85,17.86,17.52,17.59,64291,1133190.88
2023-03-17,17.75,17.75,17.42,17.59,39611,695851.88
2023-03-20,17.59,17.74,17.43,17.48,44024,772922.88
2023-03-21,17.64,17.64,17.35,17.58,42688,745182.19
2023-03-22,17.60,17.61,17.18,17.54,86344,1501222.00
2023-03-23,17.37,17.45,17.15,17.35,77846,1343543.63
2023-03-24,17.47,17.47,17.19,17.34,44214,764576.63
2023-03-27,17.20,17.40,17.00,17.20,77041,1324239.25
2023-03-28,17.19,17.19,16.93,16.93,102303,1738251.25
2023-03-29,17.29,17.98,17.29,17.47,724185,12754322.00
2023-03-30,17.53,17.54,17.00,17.29,163886,2827855.75
2023-03-31,17.22,17.49,17.20,17.34,105039,1822462.00
2023-04-03,17.42,17.42,17.13,17.20,252597,4348372.00
2023-04-04,17.32,17.32,17.14,17.20,88279,1516721.38
2023-04-06,17.30,17.30,17.15,17.19,97401,1673855.25
2023-04-07,17.19,17.47,17.12,17.27,72184,1246695.63
2023-04-10,17.33,17.39,17.22,17.35,116295,2013311.38
2023-04-11,17.30,17.39,17.20,17.35,54503,942835.25
2023-04-12,17.23,17.37,17.18,17.24,126617,2184775.75
2023-04-13,17.21,17.38,17.18,17.26,63040,1088373.25
2023-04-14,17.28,17.38,17.25,17.37,86179,1492507.75
2023-04-17,17.37,17.60,17.33,17.55,136900,2395446.00
2023-04-18,17.57,17.70,17.43,17.65,93402,1639415.38
2023-04-19,17.68,17.82,17.66,17.73,144404,2559659.25
2023-04-20,17.66,17.79,17.25,17.43,137674,2404348.25
2023-04-21,17.36,17.47,17.26,17.40,78809,1368247.50
2023-04-24,17.68,18.80,17.68,18.08,455001,8287277.50
2023-04-25,18.00,18.55,17.90,17.95,392445,7167651.50
2023-04-26,18.00,18.12,17.64,17.73,219630,3903969.00
2023-04-27,17.65,17.66,17.35,17.41,246320,4297865.50
2023-04-28,16.98,16.98,16.12,16.45,538359,8868036.00
2023-05-04,16.29,16.47,16.15,16.40,186152,3040029.75
2023-05-05,16.25,16.93,16.24,16.91,289202,4788276.50
2023-05-08,16.83,18.00,16.83,17.95,644942,11428916.00
2023-05-09,17.98,17.98,17.11,17.51,351123,6155299.50
2023-05-10,17.34,17.54,17.20,17.41,79123,1369207.38
2023-05-11,17.49,17.74,17.35,17.62,81551,1430057.88
2023-05-12,17.45,17.69,17.45,17.62,124365,2189136.75
2023-05-15,17.70,17.70,17.39,17.50,80272,1404701.13
2023-05-16,17.63,17.63,17.38,17.42,64604,1126613.63
2023-05-17,17.28,17.28,17.15,17.20,167178,2876206.50
2023-05-18,17.25,17.53,17.21,17.34,124438,2163410.25
2023-05-19,17.24,17.41,17.24,17.35,107679,1869265.50
2023-05-22,17.34,17.40,17.26,17.34,166214,2879709.50
2023-05-23,17.45,17.99,17.36,17.73,305833,5378727.50
2023-05-24,17.89,17.89,17.42,17.52,366110,6424907.00
2023-05-25,8.55,8.55,8.39,8.45,519580,4404897.00
2023-05-26,8.45,8.45,8.14,8.31,528659,4366897.50
2023-05-29,8.25,8.30,7.95,8.01,348035,2805964.75
2023-05-30,7.94,8.00,7.86,8.00,211829,1676533.38
2023-05-31,7.94,7.94,7.78,7.89,253907,1990723.25
2023-06-01,7.82,7.92,7.79,7.89,96942,762965.31
2023-06-02,7.91,7.93,7.84,7.91,156371,1232295.50
2023-06-05,7.91,7.98,7.88,7.91,80712,639883.44
2023-06-06,7.90,7.90,7.78,7.83,95050,744512.00
2023-06-07,7.87,7.87,7.77,7.79,182603,1425878.25
2023-06-08,7.84,7.84,7.48,7.54,177820,1352454.25
2023-06-09,7.50,7.50,7.24,7.27,455806,3324611.25
2023-06-12,7.29,7.30,7.09,7.14,240064,1720943.13
2023-06-13,7.10,7.24,7.06,7.13,159399,1138143.13
2023-06-14,7.16,7.16,7.07,7.11,275740,1960060.50
2023-06-15,7.10,7.22,7.06,7.15,272889,1949647.50
2023-06-16,7.21,7.21,7.10,7.15,186416,1330784.13
2023-06-19,7.08,7.21,7.08,7.10,88768,630823.25
2023-06-20,7.09,7.15,7.09,7.11,176538,1258217.63
2023-06-21,7.11,9.20,7.01,8.15,1842836,15083944.00
2023-06-26,7.83,8.84,7.75,7.90,1044460,8636040.00
2023-06-27,7.88,7.88,7.42,7.62,865081,6542291.50
2023-06-28,7.59,7.59,7.12,7.40,789479,5742256.00
2023-06-29,7.35,8.39,7.35,8.14,1803037,14519918.00
2023-06-30,8.00,8.15,7.77,7.97,745643,5943047.00
2023-07-03,7.98,8.15,7.73,7.94,791079,6233831.50
2023-07-04,7.91,8.70,7.80,8.35,1458939,12234591.00
2023-07-05,8.01,8.60,8.01,8.32,1177716,9726092.00
2023-07-06,8.41,8.88,8.22,8.70,1171571,10083577.00
2023-07-07,8.65,9.88,8.65,9.40,3966131,36842648.00
2023-07-10,9.29,9.45,8.65,8.82,1759411,15754806.00
2023-07-11,8.75,8.81,8.35,8.49,1292467,10942359.00
2023-07-12,8.57,8.57,8.10,8.16,850825,7018427.00
2023-07-13,8.06,8.30,8.06,8.27,499140,4078610.25
2023-07-14,8.20,8.63,8.18,8.44,615844,5218478.50
2023-07-17,8.36,8.43,8.17,8.18,375998,3101176.25
2023-07-18,8.13,8.41,8.00,8.06,465794,3778579.25
2023-07-19,8.06,8.14,7.82,7.90,368213,2911107.00
2023-07-20,7.96,7.96,7.70,7.81,339476,2652951.00
2023-07-21,7.75,7.87,7.53,7.53,566701,4308445.50
2023-07-24,7.58,7.89,7.58,7.67,329316,2543501.50
2023-07-25,7.73,7.99,7.63,7.76,302551,2340646.50
2023-07-26,7.76,7.79,7.52,7.61,354466,2703441.50
2023-07-27,7.59,7.67,7.52,7.56,322808,2441098.75
2023-07-28,7.62,7.68,7.52,7.68,371656,2816814.50
2023-07-31,7.74,7.79,7.70,7.76,337061,2612639.50
2023-08-01,7.80,7.81,7.62,7.64,261017,2008312.50
2023-08-02,7.59,7.67,7.56,7.63,254971,1938969.50
2023-08-03,7.56,7.69,7.51,7.58,332091,2514655.50
2023-08-04,7.55,7.75,7.54,7.63,260926,1986963.63
2023-08-07,7.60,7.69,7.52,7.63,85826,653724.19
2023-08-08,7.57,7.63,7.53,7.58,217623,1644986.13
2023-08-09,7.54,7.54,7.43,7.46,339207,2535923.75
2023-08-10,7.43,7.50,7.36,7.40,225743,1672232.38
2023-08-11,7.41,7.47,7.39,7.41,131418,973332.75
2023-08-14,7.42,7.45,7.38,7.41,93005,688503.63
2023-08-15,7.40,7.46,7.35,7.38,69370,512105.06
2023-08-16,7.39,7.39,7.32,7.32,48404,356281.88
2023-08-17,7.33,7.33,7.24,7.29,239836,1746077.50
2023-08-18,7.29,7.34,7.27,7.27,62324,454092.00
2023-08-21,7.25,7.27,7.05,7.14,299172,2140583.25
2023-08-22,7.13,7.20,7.09,7.11,143507,1021289.44
2023-08-23,7.11,7.17,7.01,7.08,129318,915985.63
2023-08-24,7.08,7.10,7.00,7.03,297473,2089492.25
2023-08-25,7.03,7.03,6.85,6.87,401253,2780048.75
2023-08-28,7.03,7.19,6.87,6.88,295130,2057973.75
2023-08-29,6.82,6.87,6.75,6.86,657427,4478162.50
2023-08-30,6.74,7.08,6.73,7.05,867191,5947597.00
2023-08-31,6.98,6.98,6.85,6.98,383974,2645660.00
2023-09-01,7.01,7.32,6.98,7.23,348270,2505396.00
2023-09-04,7.40,7.68,7.38,7.44,963248,7260347.00
2023-09-05,7.35,7.41,7.29,7.30,255242,1868670.13
2023-09-06,7.26,7.26,7.12,7.16,195332,1402230.75
2023-09-07,7.18,7.25,7.11,7.12,211033,1511668.13
2023-09-08,7.12,7.19,7.07,7.12,130207,924388.63
2023-09-11,7.17,7.17,6.96,7.00,273450,1924740.38
2023-09-12,6.99,6.99,6.92,6.95,162515,1129258.38
2023-09-13,6.92,6.96,6.85,6.90,191732,1322493.38
2023-09-14,6.91,6.97,6.91,6.95,107041,743276.94
2023-09-15,6.94,7.00,6.92,6.92,148271,1031191.06
2023-09-18,6.90,7.20,6.86,7.05,217672,1517666.63
2023-09-19,7.09,7.16,6.96,7.06,280307,1983995.50
2023-09-20,6.99,6.99,6.90,6.93,161083,1117532.00
2023-09-21,6.91,6.91,6.74,6.74,296184,2028041.25
2023-09-22,6.74,6.87,6.74,6.81,122564,834077.06
2023-09-25,6.82,6.82,6.53,6.61,625087,4144311.25
2023-09-26,6.60,6.60,6.16,6.24,911750,5754767.50
2023-09-27,6.21,6.26,5.99,6.09,965488,5852723.00
2023-09-28,6.10,6.14,6.06,6.14,208677,1270715.75
2023-10-09,6.13,6.48,6.10,6.30,292341,1824087.13
2023-10-10,6.33,6.34,6.26,6.30,257395,1617365.25
2023-10-11,6.30,6.32,6.23,6.29,73041,457685.50
2023-10-12,6.39,6.39,6.17,6.29,61843,387462.38
2023-10-13,6.24,6.25,6.10,6.18,50544,312266.50
2023-10-16,6.14,6.19,6.05,6.10,81170,495834.31
2023-10-17,6.05,6.09,5.95,6.02,168722,1015240.06
2023-10-18,6.00,6.01,5.80,5.80,132781,784573.88
2023-10-19,5.85,5.96,5.60,5.65,130945,756592.50
2023-10-20,5.70,5.93,5.62,5.66,147304,832427.38
2023-10-23,5.61,5.65,5.42,5.47,190445,1042996.44
2023-10-24,5.48,5.59,5.36,5.59,257694,1405537.63
2023-10-25,5.64,5.64,5.57,5.64,168124,942105.88
2023-10-26,5.68,5.71,5.40,5.45,452162,2461386.25
2023-10-27,5.45,5.70,5.40,5.61,485043,2692826.75
2023-10-30,5.61,5.62,5.49,5.56,471826,2614109.00
2023-10-31,5.56,5.56,5.49,5.52,291726,1610590.38
2023-11-01,5.52,5.52,5.47,5.47,112611,619606.31
2023-11-02,5.48,5.50,5.48,5.49,53648,294539.63
2023-11-03,5.49,5.62,5.49,5.53,831631,4618615.00
2023-11-06,5.51,5.56,5.50,5.55,955771,5281943.50
2023-11-07,5.56,6.10,5.55,6.08,1464097,8578277.00
2023-11-08,6.00,6.12,5.90,6.05,902676,5434411.00
2023-11-09,6.08,6.08,5.95,6.02,423322,2550119.50
2023-11-10,5.98,6.04,5.91,5.94,409602,2443479.25
2023-11-13,5.98,6.11,5.91,6.11,582375,3509733.75
2023-11-14,6.05,6.15,6.02,6.14,427566,2604999.75
2023-11-15,6.12,6.38,6.12,6.37,663539,4153063.25
2023-11-16,6.28,6.33,6.18,6.21,448800,2790924.00
2023-11-17,6.24,6.35,6.17,6.28,242841,1518222.25
2023-11-20,6.30,6.75,6.25,6.74,1113036,7299975.50
2023-11-21,6.80,8.30,6.80,7.25,6078542,46535540.00
2023-11-22,7.01,8.19,6.68,8.03,6618632,50800316.00
2023-11-23,7.86,8.90,7.61,8.51,8874522,73714696.00
2023-11-24,8.50,9.65,7.90,9.41,9136252,82007680.00
2023-11-27,9.42,11.19,9.30,10.71,11557065,117042504.00
2023-11-28,9.32,11.83,9.32,10.93,11574874,124633592.00
2023-11-29,11.19,11.70,9.30,9.91,6936935,72507336.00
2023-11-30,9.28,9.88,8.90,8.90,4678971,43512532.00
2023-12-01,9.00,9.23,8.11,8.31,3064435,26453634.00
2023-12-04,8.20,8.80,8.00,8.80,3713769,31518116.00
2023-12-05,8.59,9.70,8.48,9.50,4159171,38718504.00
2023-12-06,9.43,9.81,8.91,9.11,2659952,24821918.00
2023-12-07,9.00,9.45,8.99,9.32,2276087,21141598.00
2023-12-08,9.06,9.98,9.06,9.98,4758136,45935892.00
2023-12-11,10.13,10.20,9.30,9.50,3297979,31797408.00
2023-12-12,9.42,9.80,9.13,9.70,2340127,22406478.00
2023-12-13,10.45,11.50,10.10,11.00,8915546,95384200.00
2023-12-14,10.37,12.58,10.35,12.05,10893296,125474320.00
2023-12-15,11.66,12.74,11.22,11.44,6654025,79582416.00
2023-12-18,11.05,11.89,11.05,11.84,4109183,47349828.00
2023-12-19,11.65,11.80,11.01,11.53,3028863,34590820.00
2023-12-20,11.53,12.30,11.27,11.90,4806452,56983548.00
2023-12-21,11.80,12.15,8.66,9.85,6322612,67542376.00
2023-12-22,9.88,10.16,9.52,10.02,2929359,29009990.00
2023-12-25,10.07,13.02,10.04,13.02,9870591,116813416.00
2023-12-26,14.01,15.70,13.11,14.44,13136187,188135648.00
2023-12-27,13.61,15.50,12.98,14.94,11626657,160846432.00
2023-12-28,14.20,15.38,13.90,14.90,9076029,132731144.00
2023-12-29,14.50,15.37,14.09,14.94,8041697,119271760.00
2024-01-02,14.36,16.48,14.05,15.21,9790872,149530816.00
2024-01-03,14.90,17.28,14.65,16.97,10515744,168385552.00
2024-01-04,16.40,16.98,15.98,16.15,6994711,114915832.00
2024-01-05,16.99,16.99,14.50,14.50,6855990,106175936.00
2024-01-08,14.09,14.47,13.08,13.08,4885832,67180392.00
2024-01-09,13.31,15.58,13.00,14.16,8696861,124447352.00
2024-01-10,13.50,14.14,12.76,13.72,5686466,76405488.00
2024-01-11,13.50,13.75,13.08,13.45,3763102,50438428.00
2024-01-12,13.45,13.68,11.32,11.50,5066184,63277448.00
2024-01-15,11.47,11.61,10.56,10.67,3444204,38012128.00
2024-01-16,10.63,12.96,10.63,12.63,7501163,88406832.00
2024-01-17,12.24,13.19,12.06,12.17,5123806,64268844.00
2024-01-18,12.17,12.98,12.00,12.79,5214539,65223980.00
2024-01-19,12.60,14.50,12.43,13.54,7108375,94884048.00
2024-01-22,13.10,13.45,12.50,12.90,4680568,61186688.00
2024-01-23,12.80,13.12,12.27,13.02,3563591,45486892.00
2024-01-24,13.01,13.14,11.90,12.37,3502924,43464288.00
2024-01-25,12.28,12.42,11.15,11.40,3901708,45904236.00
2024-01-26,11.43,12.12,11.02,11.48,2808575,32860182.00
2024-01-29,11.39,11.45,10.30,10.37,2550888,27500792.00
2024-01-30,10.29,10.67,9.95,10.37,1984962,20511412.00
2024-01-31,10.38,11.35,10.37,10.97,3585971,38785296.00
2024-02-01,10.87,12.78,10.41,11.65,6157733,73045008.00
2024-02-02,12.00,12.59,10.51,11.95,5536329,65486340.00
2024-02-05,11.56,13.56,11.25,12.89,9161969,114914896.00
2024-02-06,12.31,13.94,11.85,13.88,8838149,116099712.00
2024-02-07,13.48,14.10,12.61,12.63,8307449,111090664.00
2024-02-08,12.10,12.59,10.56,11.35,5081206,57853300.00
2024-02-19,11.55,11.74,11.10,11.70,3469288,39864504.00
2024-02-20,11.79,12.48,11.61,12.17,4204003,51100940.00
2024-02-21,11.92,12.80,11.75,11.95,4637635,57371480.00
2024-02-22,11.75,12.18,11.52,11.70,4107132,48097112.00
2024-02-23,11.70,11.89,11.20,11.27,3936307,45194428.00
2024-02-26,12.88,13.36,11.80,11.97,7770619,96913712.00
2024-02-27,11.33,12.50,11.25,12.36,6875158,82549344.00
2024-02-28,12.00,12.58,11.50,11.80,5193962,62813420.00
2024-02-29,11.61,12.55,11.57,12.51,5791050,70104712.00
2024-03-01,12.60,12.85,12.15,12.53,5105104,63640628.00
2024-03-04,12.42,12.63,11.78,11.95,3797135,45727784.00
2024-03-05,11.88,12.08,11.32,11.36,2622175,30446386.00
2024-03-06,11.37,11.78,11.29,11.65,2007234,23344964.00
2024-03-07,11.80,12.15,10.90,11.00,2853970,32850604.00
2024-03-08,10.94,11.27,10.48,10.71,2019228,21791508.00
2024-03-11,10.62,10.81,10.33,10.58,1434180,15110696.00
2024-03-12,10.65,10.89,10.50,10.88,1714377,18323158.00
2024-03-13,10.73,10.89,10.36,10.43,2204567,23230284.00
2024-03-14,10.50,10.63,10.00,10.00,1898308,19404472.00
2024-03-15,10.01,11.13,10.00,10.75,4117227,43891076.00
2024-03-18,10.72,10.78,10.44,10.68,2445747,25821256.00
2024-03-19,10.60,10.93,10.40,10.44,1561640,16458060.00
2024-03-20,10.40,10.72,10.40,10.48,1013434,10633599.00
2024-03-21,10.41,10.54,10.13,10.21,1255278,12937805.00
2024-03-22,10.16,10.35,10.05,10.05,1130655,11492243.00
2024-03-25,10.07,10.24,9.70,9.70,1213856,12039330.00
2024-03-26,9.74,9.78,9.15,9.55,2213020,20689832.00
2024-03-27,9.48,10.08,9.42,9.55,1728045,16892714.00
2024-03-28,9.50,9.69,9.21,9.38,1558892,14778022.00
2024-03-29,9.56,9.56,9.32,9.40,727083,6814517.50
2024-04-01,9.49,9.49,9.23,9.34,976353,9124951.00
2024-04-02,9.40,9.40,9.01,9.01,933575,8553757.00
2024-04-03,9.02,9.09,8.61,8.63,1278340,11175161.00
2024-04-08,8.50,8.57,8.10,8.14,1174497,9726011.00
2024-04-09,8.20,8.40,8.11,8.27,781988,6459967.50
2024-04-10,8.61,10.75,8.61,10.75,9654409,98839528.00
2024-04-11,11.11,12.20,10.74,10.77,13348099,152296208.00
2024-04-12,10.20,10.57,9.71,9.83,8382310,84572808.00
2024-04-15,9.57,9.58,8.83,8.99,5662078,51463024.00
2024-04-16,8.85,8.95,8.20,8.82,4204084,35651432.00
2024-04-17,8.88,9.50,8.86,9.31,5086307,47046184.00
2024-04-18,9.37,9.68,8.86,9.10,4648889,43112652.00
2024-04-19,9.03,9.03,8.51,8.63,3986991,34845948.00
2024-04-22,8.64,8.88,8.53,8.56,2059613,17879426.00
2024-04-23,8.40,9.22,8.33,8.93,3883293,34188756.00
2024-04-24,8.73,8.95,8.66,8.80,2911398,25571420.00
2024-04-25,8.74,8.87,8.56,8.57,2064828,17959402.00
2024-04-26,8.57,8.78,8.42,8.78,2115539,18255936.00
2024-04-29,8.99,8.99,8.75,8.93,2724986,24186358.00
2024-04-30,9.07,9.07,8.80,8.87,1723906,15360024.00
2024-05-06,8.99,9.15,8.92,9.02,2157268,19489348.00
2024-05-07,8.97,9.05,8.85,8.95,1480188,13227789.00
2024-05-08,8.99,9.43,8.91,9.26,3774500,34771188.00
2024-05-09,9.19,9.32,9.07,9.26,2149319,19729204.00
2024-05-10,9.26,9.33,8.82,8.99,1699567,15477343.00
2024-05-13,8.99,8.99,8.40,8.49,2159724,18572672.00
2024-05-14,8.48,8.66,8.43,8.55,1250856,10669240.00
2024-05-15,8.50,8.57,8.28,8.28,1476239,12408119.00
2024-05-16,8.29,8.44,8.25,8.28,808581,6719310.50
2024-05-17,8.34,8.38,8.20,8.34,677870,5639992.00
2024-05-20,8.40,8.44,8.27,8.29,913749,7619310.50
2024-05-21,8.33,8.33,8.14,8.22,850104,6970816.50
2024-05-22,8.22,8.45,8.22,8.36,1155922,9675605.00
2024-05-23,8.31,9.60,8.18,8.77,5013175,44701392.00
2024-05-24,8.74,8.93,8.36,8.39,2262677,19499602.00
2024-05-27,8.47,8.51,8.27,8.48,1114257,9326095.00
2024-05-28,8.45,8.82,8.36,8.56,1153320,9909102.00
2024-05-29,8.51,8.63,8.38,8.43,1016863,8621668.00
2024-05-30,8.48,8.48,8.26,8.28,1020075,8513128.00
2024-05-31,8.36,8.70,8.33,8.38,1273369,10820683.00
2024-06-03,8.31,8.31,8.02,8.09,946752,7670314.50
2024-06-04,8.09,8.13,7.91,8.02,819702,6554641.00
2024-06-05,8.04,8.05,7.68,7.71,1159749,9100420.00
2024-06-06,7.78,7.78,6.95,7.13,2213913,16180777.00
2024-06-07,7.17,7.44,7.10,7.29,871650,6328917.00
2024-06-11,7.31,7.40,7.10,7.35,618164,4492533.50
2024-06-12,7.35,7.65,7.30,7.37,958041,7139769.50
2024-06-13,7.30,7.52,7.22,7.31,860461,6317719.50
2024-06-14,7.27,7.47,7.23,7.35,839085,6179593.00
2024-06-17,7.29,7.39,7.16,7.24,568905,4140941.50
2024-06-18,7.29,7.35,7.17,7.32,888340,6450275.00
2024-06-19,7.31,7.76,7.29,7.58,2137341,16201116.00
2024-06-20,7.62,7.62,7.29,7.31,1150567,8503459.00
2024-06-21,7.31,7.68,7.31,7.46,1539063,11553721.00
2024-06-24,7.44,7.64,7.26,7.29,1209394,9010239.00
2024-06-25,7.39,9.47,7.33,9.47,9352096,83456848.00
2024-06-26,9.45,10.88,8.97,9.20,12789540,124799064.00
2024-06-27,8.65,9.75,8.47,8.79,10049255,90029392.00
2024-06-28,8.57,8.78,8.20,8.24,7805014,66018100.00
2024-07-01,8.18,8.51,8.12,8.46,5957187,49688960.00
2024-07-02,8.33,8.95,8.18,8.73,7219420,61540920.00
2024-07-03,8.80,9.26,8.50,8.59,6830242,60729048.00
2024-07-04,8.82,9.19,8.51,8.99,6259305,55479684.00
2024-07-05,9.10,9.11,8.28,8.35,5761789,49385808.00
2024-07-08,8.30,8.37,7.51,7.58,4593612,36303368.00
2024-07-09,7.78,8.13,7.55,8.02,4482762,35192632.00
2024-07-10,7.93,8.14,7.62,7.72,3977860,31345978.00
2024-07-11,7.93,8.07,7.73,7.91,2752117,21783086.00
2024-07-12,7.80,8.50,7.79,8.20,5091201,41657600.00
2024-07-15,8.38,8.38,8.01,8.19,2788983,22728092.00
2024-07-16,8.39,9.45,8.23,9.29,8957789,79781856.00
2024-07-17,9.02,10.78,8.95,9.92,10568018,104094224.00
2024-07-18,9.75,10.67,9.08,10.16,10493034,103934912.00
2024-07-19,9.71,10.27,9.38,9.40,6521840,63660572.00
2024-07-22,9.31,9.54,9.03,9.14,3453909,31675456.00
2024-07-23,9.05,9.38,8.86,9.18,3837838,35134612.00
2024-07-24,9.10,9.21,8.62,8.64,3343268,29644968.00
2024-07-25,8.62,9.40,8.52,9.05,4517160,40938140.00
2024-07-26,9.05,9.94,8.89,9.61,6382184,60372292.00
2024-07-29,9.60,9.65,9.11,9.18,4419884,40998208.00
2024-07-30,9.11,9.45,8.90,9.18,3039568,27928194.00
2024-07-31,9.15,9.60,9.11,9.60,3646991,33885004.00
2024-08-01,9.66,9.85,9.42,9.46,3766841,36124812.00
2024-08-02,9.22,9.48,8.92,9.08,2993483,27378946.00
2024-08-05,9.00,9.12,8.55,8.59,2434634,21373834.00
2024-08-06,8.73,8.86,8.56,8.75,1741429,15165387.00
2024-08-07,8.70,8.98,8.61,8.68,1680137,14689792.00
2024-08-08,8.54,9.18,8.35,8.81,3380603,29330930.00
2024-08-09,8.70,8.85,8.60,8.62,1816091,15797939.00
2024-08-12,8.64,8.69,8.30,8.33,1457775,12330497.00
2024-08-13,8.25,8.46,8.21,8.38,1069818,8867797.00
2024-08-14,8.45,8.45,8.16,8.19,1134093,9392360.00
2024-08-15,8.11,8.35,8.11,8.17,1290665,10616635.00
2024-08-16,8.18,8.35,8.17,8.23,1189966,9813405.00
2024-08-19,8.29,8.45,8.18,8.23,1914825,15903189.00
2024-08-20,8.30,8.56,8.11,8.39,2525098,21209978.00
2024-08-21,8.31,8.42,8.18,8.23,1674860,13841668.00
2024-08-22,8.32,8.32,7.61,7.69,2852545,22420192.00
2024-08-23,7.72,7.81,7.53,7.70,1114320,8566315.00
2024-08-26,7.64,7.84,7.64,7.73,839239,6491147.50
2024-08-27,7.79,7.79,7.34,7.43,1520186,11366822.00
2024-08-28,7.40,7.75,7.26,7.43,1824272,13692164.00
2024-08-29,7.48,7.54,7.21,7.44,1204298,8935086.00
2024-08-30,7.44,7.73,7.40,7.60,1730157,13180154.00
2024-09-02,7.55,7.65,7.40,7.41,992398,7459843.00
2024-09-03,7.50,8.50,7.46,7.89,4691193,37923264.00
2024-09-04,7.63,7.89,7.63,7.89,2706929,20906590.00
2024-09-05,7.80,7.98,7.71,7.80,1790986,14016484.00
2024-09-06,7.84,7.84,7.50,7.52,1427942,10876708.00
2024-09-09,7.55,7.63,7.43,7.48,874678,6556713.00
2024-09-10,7.45,7.60,7.45,7.56,802153,6047788.50
2024-09-11,7.56,7.60,7.45,7.53,646803,4863151.00
2024-09-12,7.55,7.65,7.42,7.48,760849,5745117.00
2024-09-13,7.48,7.89,7.31,7.60,2183331,16605140.00
2024-09-18,7.56,7.80,7.40,7.71,1782841,13671977.00
2024-09-19,7.80,7.86,7.64,7.75,1434258,11105961.00
2024-09-20,7.76,7.85,7.66,7.70,969650,7504716.00
2024-09-23,7.77,7.77,7.54,7.54,754759,5764850.00
2024-09-24,7.55,7.75,7.50,7.73,1662221,12727239.00
2024-09-25,7.75,8.05,7.75,7.78,2241375,17682992.00
2024-09-26,7.82,8.05,7.70,8.04,2083036,16490351.00
2024-09-27,8.08,8.99,8.08,8.72,5080118,43573180.00
2024-09-30,9.00,10.68,8.96,10.40,8053111,79319056.00
2024-10-08,12.72,13.52,11.20,13.41,11170643,137210064.00
2024-10-09,12.51,12.51,10.78,10.82,7652142,89836256.00
2024-10-10,10.98,11.75,10.78,10.81,4545557,50722336.00
2024-10-11,10.64,10.94,9.40,9.65,4404322,43966784.00
2024-10-14,9.76,10.30,9.50,10.15,4172015,41518920.00
2024-10-15,10.22,10.67,9.85,9.92,3810298,39087880.00
2024-10-16,9.78,10.23,9.61,10.05,2940543,29350526.00
2024-10-17,10.30,11.17,10.13,10.55,6676234,70989216.00
2024-10-18,10.39,11.89,10.31,11.45,7875501,88705104.00
2024-10-21,11.70,13.18,11.70,12.70,9789157,122016936.00
2024-10-22,13.17,13.19,11.22,11.51,7379893,88451360.00
2024-10-23,11.71,14.47,11.53,13.44,12902103,172312576.00
2024-10-24,12.83,15.19,12.62,14.50,13117840,183985968.00
2024-10-25,14.20,15.91,13.40,13.50,12986521,189970736.00
2024-10-28,13.50,13.85,12.78,13.35,6948337,92043400.00
2024-10-29,13.46,15.08,13.20,14.29,8456523,118377392.00
2024-10-30,15.09,15.46,13.70,14.49,8461843,123677216.00
2024-10-31,14.00,14.83,13.27,13.97,7239676,100887008.00
2024-11-01,13.86,13.96,12.51,12.67,4804544,63282188.00
2024-11-04,12.35,13.99,12.35,13.98,5660606,76682136.00
2024-11-05,13.98,14.99,13.98,14.73,7324287,106297168.00
2024-11-06,14.70,16.34,14.50,15.15,9972799,152616960.00
2024-11-07,15.05,16.85,14.69,15.91,8387955,131947368.00
2024-11-08,16.00,16.49,14.95,15.15,6743038,105890728.00
2024-11-11,15.02,15.29,14.10,14.78,5192573,76044272.00
2024-11-12,14.80,15.10,14.00,14.53,3910038,57000596.00
2024-11-13,14.50,14.82,13.80,14.81,3753154,53890228.00
2024-11-14,14.79,14.81,14.13,14.22,2469007,35864540.00
2024-11-15,14.15,14.93,13.86,14.48,3988099,57803880.00
2024-11-18,14.60,15.84,14.55,14.90,5840283,88268328.00
2024-11-19,14.58,14.60,13.06,14.26,5704551,78928952.00
2024-11-20,14.27,15.28,13.80,15.25,5290157,77685760.00
2024-11-21,15.30,16.37,15.06,15.97,7666432,120321712.00
2024-11-22,15.75,17.50,15.25,15.25,8055149,130414640.00
2024-11-25,15.20,15.40,14.15,15.31,4840851,71339744.00
2024-11-26,15.16,15.42,14.05,14.11,3534612,51986664.00
2024-11-27,13.99,14.26,13.09,14.17,4243422,57865368.00
2024-11-28,14.09,14.67,13.80,13.80,4064515,58169424.00
2024-11-29,13.80,14.68,13.24,14.37,4732171,66349044.00
2024-12-02,14.57,15.98,14.39,15.73,7005741,107529888.00
2024-12-03,15.73,15.73,15.73,15.73,0,0.00
#数据来源:通达信
