838971 天马新材 日线 不复权
      日期	    开盘	    最高	    最低	    收盘	    成交量	    成交额
2017-06-19,3.80,3.80,3.80,3.80,1000,3800.00
2017-09-11,3.00,4.00,3.00,3.11,100000,311000.00
2017-10-18,3.20,3.20,3.20,3.20,32000,102400.00
2017-10-19,3.21,3.21,3.21,3.21,94000,301740.00
2017-10-20,3.28,3.28,3.28,3.28,73000,239440.00
2018-01-10,1.66,1.66,1.66,1.66,50000,83000.00
2018-02-23,2.80,2.80,2.80,2.80,1000,2800.00
2018-03-06,3.80,3.80,3.80,3.80,1000,3800.00
2018-04-11,2.36,2.36,2.36,2.36,115000,272550.00
2018-04-12,2.80,2.80,2.80,2.80,1000,2800.00
2018-04-17,3.20,3.20,3.20,3.20,1000,3200.00
2018-04-24,3.60,3.60,3.60,3.60,1000,3600.00
2018-04-25,3.80,3.80,3.80,3.80,1000,3800.00
2018-04-27,4.15,4.15,4.15,4.15,1000,4150.00
2018-06-15,3.00,3.00,3.00,3.00,2000,6000.00
2018-06-20,3.95,3.95,3.95,3.95,1000,3950.00
2018-06-21,4.60,4.60,4.60,4.60,2000,9200.00
2018-12-13,4.55,4.55,4.55,4.55,100000,300000.00
2019-04-15,4.60,4.60,4.60,4.60,30000,138000.00
2019-04-16,5.00,5.00,5.00,5.00,18000,90000.00
2019-06-06,5.00,5.00,5.00,5.00,37000,185000.00
2019-06-10,5.00,5.00,5.00,5.00,38000,190000.00
2019-09-12,5.00,5.00,5.00,5.00,120000,309600.00
2019-09-16,5.00,5.00,5.00,5.00,320000,1067600.00
2019-12-10,5.00,5.00,5.00,5.00,1000,5000.00
2019-12-19,2.58,2.58,2.58,2.58,2000,5160.00
2019-12-20,2.02,2.02,2.02,2.02,2000,4040.00
2019-12-23,2.02,2.02,2.02,2.02,525000,532750.00
2019-12-24,2.02,2.02,2.02,2.02,298000,300980.00
2019-12-25,2.02,2.02,2.02,2.02,300000,303000.00
2019-12-27,2.02,2.02,2.02,2.02,112500,113625.00
2019-12-31,2.02,2.02,2.02,2.02,400000,404000.00
2020-01-03,2.02,2.02,2.02,2.02,100000,101000.00
2020-01-06,2.02,2.02,2.02,2.02,298000,300980.00
2020-01-07,2.30,2.30,2.30,2.30,25000,57500.00
2020-01-08,2.29,2.29,2.29,2.29,2000,4580.00
2020-01-13,2.29,2.29,2.29,2.29,499000,823070.00
2020-01-14,2.30,2.30,2.30,2.30,10000,23000.00
2020-01-15,2.30,2.30,2.30,2.30,10000,23000.00
2020-02-03,2.40,2.40,2.40,2.40,2000,4800.00
2020-02-04,2.40,2.40,2.40,2.40,1000,2400.00
2020-02-21,2.40,2.40,2.39,2.39,5000,11970.00
2020-02-24,2.40,2.40,2.40,2.40,10000,24000.00
2020-03-04,2.39,2.40,2.39,2.40,3000,7180.00
2020-03-05,2.40,2.40,2.40,2.40,3000,7200.00
2020-03-09,2.39,2.40,2.39,2.40,4000,9580.00
2020-03-18,2.40,2.40,2.40,2.40,110000,132000.00
2020-03-25,2.40,2.40,2.40,2.40,2000,4800.00
2020-03-30,2.40,2.40,2.40,2.40,600,1440.00
2020-03-31,2.40,2.40,2.40,2.40,100,240.00
2020-04-01,2.40,2.40,2.40,2.40,900,2160.00
2020-04-02,2.40,2.40,2.40,2.40,500,1200.00
2020-04-03,2.40,2.40,2.40,2.40,1000,2400.00
2020-04-08,2.40,2.40,2.40,2.40,207800,374520.00
2020-04-13,2.40,2.40,2.40,2.40,100,240.00
2020-04-14,2.02,2.02,2.02,2.02,200,404.00
2020-04-15,2.02,2.02,2.02,2.02,225000,319500.00
2020-04-16,2.02,2.02,2.02,2.02,1400,2828.00
2020-05-06,1.68,1.68,1.68,1.68,500000,814000.00
2020-05-07,2.48,2.48,2.48,2.48,390900,485832.00
2020-05-11,2.09,2.09,2.09,2.09,100,210.00
2020-05-12,2.09,2.09,2.09,2.09,200000,410000.00
2020-05-13,2.09,2.09,2.09,2.09,393700,586625.00
2020-05-14,2.09,2.09,2.09,2.09,200000,294000.00
2020-05-18,1.22,1.22,1.22,1.22,56200,68625.00
2020-05-19,1.22,1.22,1.22,1.22,225000,198000.00
2020-05-22,2.44,2.44,2.44,2.44,3600,8784.00
2020-05-25,2.50,2.50,2.50,2.50,2600,6500.00
2020-05-27,2.50,2.50,2.48,2.48,2700,6732.00
2020-05-28,2.48,2.48,2.48,2.48,1200,2976.00
2020-06-01,2.33,2.50,2.33,2.50,4300,10555.67
2020-06-04,2.20,2.20,2.20,2.20,1500,3300.00
2020-06-08,2.20,2.82,2.20,2.80,21000,56228.90
2020-06-09,2.80,3.10,2.75,3.10,5500,16536.75
2020-06-11,3.81,3.81,3.81,3.81,1500,5715.00
2020-06-22,3.81,3.81,3.81,3.81,500,1905.00
2020-06-23,3.81,3.81,3.81,3.81,500,1905.00
2020-06-29,3.59,3.59,3.59,3.59,1200,4308.00
2020-07-02,3.59,3.59,3.59,3.59,400,1436.00
2020-07-06,3.59,3.59,3.59,3.59,100,359.00
2020-07-08,3.61,4.58,3.61,4.58,2700,10232.00
2020-07-15,4.60,4.60,4.60,4.60,100,460.00
2020-07-21,3.61,3.61,3.61,3.61,100,361.00
2020-07-30,3.70,3.70,3.70,3.70,1500,5550.00
2020-08-03,3.70,3.70,3.70,3.70,600,2220.00
2020-08-05,3.70,3.70,3.70,3.70,9000,33300.00
2020-08-12,3.70,3.70,3.70,3.70,2900,10915.00
2020-08-19,4.00,4.00,4.00,4.00,200,800.00
2020-10-12,4.17,4.17,4.17,4.17,1700,7106.00
2020-10-19,3.10,3.10,3.10,3.10,300,1069.50
2020-10-27,3.75,3.75,3.75,3.75,600,2250.00
2020-10-29,3.75,3.75,3.75,3.75,600,2250.00
2020-11-02,3.65,3.65,3.65,3.65,500,1825.00
2020-11-04,3.60,3.60,3.60,3.60,2345400,10156800.00
2020-11-05,3.60,3.60,3.60,3.60,850000,3876000.00
2020-11-06,3.30,3.45,3.30,3.45,2900,9716.55
2020-11-09,3.45,3.45,3.45,3.45,1000,3450.00
2020-11-10,3.46,3.46,3.46,3.46,1000,3460.00
2020-11-17,4.00,4.00,4.00,4.00,1300,5204.00
2020-12-02,3.96,3.96,3.96,3.96,300,1188.00
2020-12-16,2.20,2.20,2.20,2.20,100,220.00
2020-12-17,2.20,2.20,2.20,2.20,100,220.00
2020-12-18,2.22,2.22,2.22,2.22,100,222.00
2020-12-21,1.40,3.85,1.40,2.00,400,925.00
2020-12-22,4.00,4.00,2.01,2.75,1000,2926.00
2020-12-23,1.40,1.40,1.40,1.40,100,140.00
2020-12-24,2.80,2.80,2.80,2.80,725100,729130.00
2020-12-25,4.00,4.00,1.51,1.51,4600,8392.00
2020-12-28,3.00,3.01,3.00,3.01,5913900,6272616.00
2020-12-29,3.39,3.46,3.39,3.46,1100,3760.83
2020-12-30,3.14,3.14,3.14,3.14,1900,5966.00
2020-12-31,3.20,3.45,3.20,3.45,1800,5926.45
2021-01-04,4.00,4.00,4.00,4.00,100,456.00
2021-01-05,4.00,4.00,4.00,4.00,100,576.00
2021-01-12,4.00,4.00,3.60,3.60,2700,10712.92
2021-01-13,4.00,4.00,4.00,4.00,0,180.00
2021-01-14,4.00,4.00,4.00,4.00,1600,6400.00
2021-01-15,4.00,4.00,4.00,4.00,1000,4000.00
2021-01-19,4.50,4.50,4.50,4.50,2000,8869.50
2021-01-20,4.44,4.44,4.44,4.44,100,445.00
2021-01-22,2.30,2.30,2.30,2.30,100,230.00
2021-01-25,4.00,4.00,3.00,3.55,400,1424.20
2021-02-02,4.00,4.00,4.00,4.00,200,792.00
2021-02-04,4.01,4.01,4.01,4.01,3400,13634.00
2021-02-24,6.66,6.66,6.66,6.66,100,666.00
2021-03-29,4.51,4.51,4.51,4.51,300,1353.00
2021-03-30,4.51,4.51,4.51,4.51,400,1804.00
2021-04-16,4.50,4.50,4.50,4.50,400,1845.00
2021-04-19,4.50,4.50,4.50,4.50,2000,9000.00
2021-04-28,2.81,4.48,2.81,4.48,230200,647202.50
2021-04-29,3.10,3.17,3.10,3.17,113200,351070.84
2021-04-30,3.50,3.50,3.50,3.50,2600,9100.00
2021-05-07,4.40,4.40,4.40,4.40,300,1377.20
2021-05-10,4.40,4.40,4.40,4.40,200,880.00
2021-05-11,4.30,4.30,4.30,4.30,200,855.70
2021-05-17,4.00,4.00,4.00,4.00,100,400.00
2021-05-25,4.19,4.19,4.19,4.19,300,1257.00
2021-06-01,4.19,4.19,4.19,4.19,200,703.92
2021-06-02,4.00,4.00,4.00,4.00,5300,21200.00
2021-06-03,4.17,4.17,4.17,4.17,200,836.00
2021-06-04,4.17,4.17,4.17,4.17,200,836.00
2021-06-07,4.17,4.17,4.17,4.17,300,1191.30
2021-06-08,4.00,4.00,4.00,4.00,300,1200.00
2021-06-09,4.00,4.00,3.52,3.52,2200,8578.43
2021-06-16,3.52,3.52,3.52,3.52,100,352.00
2021-06-18,2.51,2.51,2.51,2.51,400,1004.00
2021-06-21,2.80,2.81,2.80,2.81,100,283.80
2021-06-22,2.05,3.99,2.05,3.99,200,604.00
2021-06-28,2.09,2.09,2.09,2.09,100,210.00
2021-06-29,3.99,3.99,3.99,3.99,300,1368.57
2021-07-01,3.50,3.50,3.50,3.50,100,350.00
2021-07-02,1.80,1.80,1.80,1.80,100,180.00
2021-07-05,1.80,1.80,1.80,1.80,169100,213120.00
2021-07-07,3.45,3.45,3.45,3.45,300,1035.00
2021-07-08,2.20,2.20,2.20,2.20,100,220.00
2021-07-09,2.60,2.60,2.60,2.60,300,891.80
2021-07-14,3.02,3.02,2.02,2.02,5200,15558.00
2021-07-15,3.00,3.00,3.00,3.00,1000,3000.00
2021-07-16,4.50,4.50,4.50,4.50,7100,32058.00
2021-07-20,3.07,3.07,3.07,3.07,7100,21870.68
2021-07-23,2.03,2.03,2.03,2.03,100,203.00
2021-07-26,2.80,2.80,2.03,2.03,1100,3000.20
2021-07-29,3.00,3.00,2.05,2.05,200,505.00
2021-07-30,2.05,2.05,1.29,1.29,200,334.00
2021-08-02,1.29,1.29,1.29,1.29,11926000,11926000.00
2021-08-03,2.58,2.58,2.58,2.58,200600,221548.00
2021-08-05,4.00,4.00,4.00,4.00,200,800.00
2021-08-06,3.89,3.89,3.88,3.88,200300,801155.00
2021-08-09,3.88,3.88,3.88,3.88,245000,980000.00
2021-08-10,3.86,3.86,3.86,3.86,100,386.00
2021-08-12,3.86,3.86,3.86,3.86,113300,306907.50
2021-08-13,3.86,3.86,3.86,3.86,350000,1077500.00
2021-08-17,4.00,4.00,4.00,4.00,114800,459208.00
2021-08-19,4.50,4.53,4.50,4.53,12700,57647.97
2021-08-20,6.00,6.00,6.00,6.00,6900,41400.00
2021-08-23,5.99,6.00,5.99,6.00,7300,44019.63
2021-08-24,6.00,6.00,5.99,6.00,2300,14009.00
2021-08-25,6.00,12.00,6.00,12.00,200,2010.00
2021-09-06,10.04,16.66,10.04,16.66,3100,31786.00
2021-09-10,12.00,12.00,12.00,12.00,1700,20400.00
2021-09-14,16.00,16.00,16.00,16.00,900,14400.00
2021-09-15,16.01,18.60,16.01,18.60,4600,76680.00
2021-09-16,18.00,18.00,18.00,18.00,6000,108000.00
2021-09-17,17.87,17.87,17.87,17.87,13400,239592.00
2021-09-22,17.91,20.00,17.91,18.00,16500,297686.00
2021-09-23,18.00,18.00,18.00,18.00,35000,630000.00
2021-09-28,18.58,18.58,18.00,18.00,2000,35878.00
2021-09-29,18.00,18.00,18.00,18.00,100,1800.00
2021-09-30,18.00,18.00,16.00,18.00,5800,104000.00
2021-10-11,18.00,18.00,18.00,18.00,9000,162000.00
2021-10-15,18.00,18.00,18.00,18.00,3100,55800.00
2021-10-18,18.00,18.00,18.00,18.00,10500,189882.00
2021-10-19,18.00,19.98,18.00,19.98,7000,127980.00
2021-10-20,19.98,20.98,19.96,20.98,10200,203970.00
2021-10-21,20.98,21.99,20.98,21.96,30200,663829.63
2021-10-25,21.80,21.80,21.80,21.80,3000,65400.00
2021-11-10,21.30,21.30,21.30,21.30,1700,35954.40
2021-11-17,21.00,21.00,21.00,21.00,200,4200.00
2021-11-29,21.00,21.00,21.00,21.00,6000,126000.00
2021-11-30,18.18,18.18,18.18,18.18,100,2072.52
2021-12-01,21.24,21.60,20.99,21.60,28600,601368.00
2021-12-02,21.59,21.59,21.59,21.59,100,2159.00
2021-12-06,21.59,21.59,18.50,18.50,1800,34104.20
2021-12-07,19.00,21.30,19.00,19.79,900,18447.22
2021-12-14,21.00,21.00,21.00,21.00,1000,21000.00
2021-12-16,21.00,21.00,21.00,21.00,600,12600.00
2021-12-27,21.00,21.06,21.00,21.00,3000,62274.78
2021-12-28,21.00,21.00,21.00,21.00,25800,541800.00
2021-12-29,21.00,21.00,21.00,21.00,300,6300.00
2021-12-30,21.00,21.00,21.00,21.00,100,2100.00
2021-12-31,21.00,21.00,21.00,21.00,800,16800.00
2022-01-10,20.29,20.29,20.29,20.29,500,10150.00
2022-01-14,21.00,21.00,21.00,21.00,200,5040.00
2022-01-17,21.00,21.10,21.00,21.10,600,13133.00
2022-01-24,18.11,18.11,18.11,18.11,100,1811.00
2022-01-26,21.82,21.82,21.68,21.68,1000,22844.20
2022-01-27,21.99,21.99,21.99,21.99,1100,24189.00
2022-02-07,23.88,25.00,23.88,24.88,104100,2002459.75
2022-02-08,24.08,24.08,24.08,24.08,800,19264.00
2022-02-14,22.11,22.11,22.11,22.11,2300,51383.64
2022-02-15,22.11,22.20,22.11,22.20,246700,3834030.50
2022-02-16,22.00,22.00,22.00,22.00,2300,51392.00
2022-02-17,22.30,22.30,22.00,22.00,600,13350.00
2022-02-18,23.90,23.90,22.99,22.99,140300,2380941.00
2022-02-21,22.99,22.99,22.99,22.99,1100,25909.73
2022-02-23,22.58,23.90,22.50,22.50,32600,736724.00
2022-02-24,22.38,22.38,22.38,22.38,30000,671400.00
2022-02-28,22.00,22.00,22.00,22.00,100,2200.00
2022-03-02,22.00,22.00,21.96,21.96,500,10991.96
2022-03-07,18.01,24.00,18.01,18.87,500,10345.10
2022-03-08,18.87,18.87,18.87,18.87,100,1888.00
2022-03-09,18.87,18.87,18.87,18.87,2400,45312.00
2022-03-10,22.99,22.99,22.99,22.99,100,2299.00
2022-03-14,20.42,20.42,20.42,20.42,5000,102100.00
2022-03-15,19.00,19.02,19.00,19.00,6200,117860.00
2022-03-16,19.02,19.02,19.02,19.02,900,17118.00
2022-03-17,19.02,19.02,19.00,19.00,200,4260.00
2022-03-18,19.03,20.60,19.03,20.60,6100,116340.00
2022-03-21,20.00,20.00,20.00,20.00,4600,91180.00
2022-03-22,18.91,19.12,18.91,19.12,200,3803.00
2022-03-24,23.51,23.99,22.00,23.50,2500,57911.19
2022-03-25,22.30,22.90,22.30,22.80,285700,6372619.00
2022-03-29,20.80,22.80,20.80,22.80,1000,22836.00
2022-03-30,21.90,21.90,21.90,21.90,300,6570.00
2022-03-31,22.00,22.00,22.00,22.00,1500,33660.00
2022-04-01,22.60,22.80,22.60,22.80,10400,237063.61
2022-04-06,22.49,22.49,22.49,22.49,100,2249.00
2022-04-07,20.59,20.59,20.59,20.59,200,4118.00
2022-04-08,21.01,21.01,21.01,21.01,200,4202.00
2022-04-12,22.04,22.04,22.04,22.04,300,6612.00
2022-04-13,21.00,21.00,21.00,21.00,100,2100.00
2022-04-15,22.39,22.39,22.39,22.39,1100,24002.08
2022-04-19,22.39,22.39,22.39,22.39,100,2239.00
2022-04-21,22.39,22.39,22.39,22.39,100,2239.00
2022-04-25,19.01,19.12,19.01,19.10,1200,22913.00
2022-04-26,19.10,19.10,19.10,19.10,2151000,28780380.00
2022-04-29,19.10,19.10,19.10,19.10,1317600,17616312.00
2022-05-06,24.50,24.50,24.50,24.50,100,2450.00
2022-05-09,22.02,22.02,22.02,22.02,1800,39437.82
2022-05-10,21.50,22.00,21.50,22.00,3900,84350.00
2022-05-12,22.00,22.03,22.00,22.03,1500,33012.03
2022-05-13,23.00,23.99,23.00,23.89,3100,74182.60
2022-05-18,24.41,24.41,24.41,24.41,200,4857.59
2022-05-23,24.00,24.00,24.00,24.00,300,7200.00
2022-05-24,23.80,23.80,23.80,23.80,100,2380.00
2022-05-26,23.80,25.00,23.80,25.00,800,19245.00
2022-05-27,24.00,24.01,24.00,24.01,1200,29528.81
2022-05-30,24.77,24.77,24.77,24.77,100,2477.00
2022-05-31,20.77,25.00,20.77,25.00,500,12324.84
2022-06-01,26.01,27.01,26.01,27.01,16000,432313.34
2022-09-27,21.38,21.50,19.55,21.38,4445999,93086712.00
2022-09-28,20.50,20.79,19.80,20.79,1420603,28921014.00
2022-09-29,20.80,21.18,20.17,20.19,1006126,20598662.00
2022-09-30,20.02,20.40,19.40,20.40,1025064,20335638.00
2022-10-10,20.17,20.17,19.19,19.74,369954,7232085.50
2022-10-11,19.80,19.80,19.31,19.73,233018,4549744.50
2022-10-12,19.73,19.73,19.20,19.56,346874,6709076.00
2022-10-13,19.40,19.76,19.29,19.76,265553,5190614.00
2022-10-14,19.75,20.60,19.58,20.60,742146,14986085.00
2022-10-17,20.58,20.58,19.85,20.36,320401,6462024.50
2022-10-18,20.50,20.50,20.06,20.22,242595,4918492.00
2022-10-19,20.38,20.38,20.00,20.22,261204,5272188.50
2022-10-20,20.50,20.50,20.13,20.30,287569,5835522.50
2022-10-21,20.31,20.31,19.86,20.26,253871,5083858.00
2022-10-24,20.33,20.33,19.81,20.14,204529,4076363.50
2022-10-25,20.12,20.12,19.51,19.95,157306,3111942.25
2022-10-26,20.04,20.04,19.88,19.93,163574,3267365.00
2022-10-27,19.86,19.86,19.60,19.60,178649,3514630.75
2022-10-28,19.60,19.60,18.38,18.51,377172,7101005.50
2022-10-31,18.33,18.80,18.33,18.45,91035,1682240.25
2022-11-01,18.43,18.69,18.43,18.69,111211,2072517.38
2022-11-02,18.58,18.69,18.45,18.63,126471,2346747.75
2022-11-03,18.51,18.70,18.45,18.60,72155,1340357.63
2022-11-04,18.90,18.90,18.60,18.77,132507,2481737.00
2022-11-07,18.77,18.99,18.70,18.83,120231,2271549.25
2022-11-08,18.98,18.99,18.80,18.85,44804,845027.69
2022-11-09,18.66,18.99,18.66,18.75,38647,727235.00
2022-11-10,18.76,18.97,18.71,18.72,71305,1339325.75
2022-11-11,19.07,19.07,18.59,18.60,165918,3097412.50
2022-11-14,18.51,18.67,18.42,18.52,72996,1351668.50
2022-11-15,18.80,18.80,18.52,18.59,76664,1425614.38
2022-11-16,18.49,18.59,18.47,18.56,62663,1160503.25
2022-11-17,18.33,18.64,18.33,18.50,54802,1015689.81
2022-11-18,18.52,18.52,18.39,18.47,98724,1821356.13
2022-11-21,18.87,18.87,18.47,18.54,116379,2164616.00
2022-11-22,18.68,18.68,18.47,18.48,90295,1670406.75
2022-11-23,18.41,18.50,18.35,18.50,48595,894719.44
2022-11-24,18.55,18.59,18.45,18.54,51591,954943.94
2022-11-25,18.48,18.53,18.45,18.53,29408,543055.63
2022-11-28,18.40,18.60,18.33,18.41,60022,1103688.00
2022-11-29,18.58,18.58,18.35,18.40,53401,983322.31
2022-11-30,18.43,18.49,18.39,18.46,36162,666542.50
2022-12-01,18.76,18.76,18.39,18.40,90363,1665766.88
2022-12-02,18.40,18.49,18.38,18.41,45784,843607.50
2022-12-05,18.88,18.88,18.00,18.18,367399,6676689.50
2022-12-06,18.25,18.25,18.01,18.10,180407,3257380.00
2022-12-07,18.10,18.10,17.91,17.93,196113,3521592.50
2022-12-08,17.85,17.85,17.58,17.62,162552,2869335.00
2022-12-09,17.60,17.64,17.43,17.45,88852,1553838.63
2022-12-12,17.46,17.60,17.42,17.59,43438,759367.31
2022-12-13,17.63,17.64,17.43,17.61,29015,510001.72
2022-12-14,17.61,17.65,17.47,17.61,30638,539695.94
2022-12-15,17.51,17.98,17.51,17.78,40831,725130.75
2022-12-16,17.68,17.84,17.50,17.52,48265,847659.25
2022-12-19,17.45,17.48,17.17,17.20,56996,987357.38
2022-12-20,17.11,17.48,17.05,17.30,24000,413013.00
2022-12-21,17.11,17.30,17.05,17.06,39809,680552.81
2022-12-22,18.38,18.38,17.01,17.05,43476,746972.44
2022-12-23,17.00,17.01,16.12,16.17,127095,2092081.00
2022-12-26,16.00,16.25,15.98,16.24,46990,755429.38
2022-12-27,16.90,16.90,16.15,16.25,17524,285854.25
2022-12-28,15.95,16.63,15.95,16.28,17927,288356.66
2022-12-29,16.38,16.47,16.03,16.29,29701,479602.06
2022-12-30,16.66,16.66,16.03,16.20,43141,697348.94
2023-01-03,16.04,16.52,16.04,16.24,31100,501850.19
2023-01-04,16.08,16.40,16.08,16.19,28578,464842.13
2023-01-05,16.06,16.30,16.05,16.08,76534,1232930.50
2023-01-06,16.35,16.35,16.05,16.09,26654,429631.34
2023-01-09,16.29,16.29,16.08,16.08,17400,280014.00
2023-01-10,16.07,16.09,16.02,16.04,23481,376893.88
2023-01-11,16.16,16.16,15.96,15.99,33276,532268.19
2023-01-12,16.00,16.10,15.98,15.98,19284,309280.63
2023-01-13,16.05,16.15,15.91,15.92,44700,713150.31
2023-01-16,15.90,16.15,15.90,16.10,38800,622106.00
2023-01-17,16.01,16.15,16.01,16.06,35500,570711.00
2023-01-18,16.06,16.18,16.01,16.18,42618,686524.31
2023-01-19,16.27,16.27,16.06,16.18,21536,347025.13
2023-01-20,16.09,16.29,16.09,16.21,16805,272351.78
2023-01-30,16.58,16.58,16.20,16.42,46005,751499.69
2023-01-31,16.50,17.31,16.44,17.24,210420,3577408.75
2023-02-01,17.33,17.57,17.13,17.48,109707,1905257.00
2023-02-02,17.05,17.41,17.05,17.19,55804,955858.50
2023-02-03,16.96,17.46,16.96,17.29,68292,1165543.13
2023-02-06,17.24,17.25,16.95,16.98,36309,618571.75
2023-02-07,16.70,17.50,16.70,17.15,26702,456962.81
2023-02-08,17.12,17.19,17.12,17.16,12047,206708.58
2023-02-09,17.45,17.45,17.02,17.39,45985,792637.63
2023-02-10,17.36,17.46,17.20,17.40,61300,1066690.63
2023-02-13,17.20,17.60,17.20,17.54,91063,1591097.38
2023-02-14,17.43,17.54,17.33,17.48,12200,212940.53
2023-02-15,17.20,17.58,17.20,17.50,38200,668180.25
2023-02-16,17.60,17.60,17.02,17.18,66751,1163607.75
2023-02-17,17.48,17.48,17.18,17.22,28648,495746.59
2023-02-20,17.20,17.43,17.20,17.33,32747,565360.38
2023-02-21,17.15,17.38,17.15,17.35,17155,297228.75
2023-02-22,17.23,17.35,17.22,17.33,24300,419575.00
2023-02-23,17.23,17.38,17.23,17.33,13682,237132.69
2023-02-24,17.27,17.36,17.20,17.32,31631,545829.06
2023-02-27,17.15,17.23,17.15,17.22,14540,249547.95
2023-02-28,17.31,17.31,17.11,17.13,20843,357348.41
2023-03-01,17.15,17.23,17.03,17.07,29311,501327.69
2023-03-02,17.07,17.14,17.01,17.14,27567,469697.22
2023-03-03,17.00,17.23,16.88,16.90,57727,976241.19
2023-03-06,16.90,16.90,16.66,16.70,24142,404064.16
2023-03-07,16.49,16.87,16.49,16.70,29645,491494.88
2023-03-08,16.52,16.74,16.52,16.70,13756,228711.98
2023-03-09,16.85,16.96,16.69,16.69,29479,495799.34
2023-03-10,16.59,16.97,16.58,16.71,10473,175196.39
2023-03-13,16.63,16.94,16.61,16.71,21630,360830.19
2023-03-14,16.90,16.90,16.50,16.67,32955,546203.88
2023-03-15,16.61,16.67,16.46,16.48,52215,862059.38
2023-03-16,16.60,16.60,16.10,16.14,55239,898878.31
2023-03-17,16.11,16.33,16.11,16.16,29932,486513.22
2023-03-20,16.66,16.66,16.27,16.31,28926,474888.06
2023-03-21,16.51,16.51,16.31,16.45,39751,650572.75
2023-03-22,16.50,16.65,16.22,16.63,46727,772200.69
2023-03-23,16.48,16.66,16.40,16.49,68700,1132946.38
2023-03-24,16.66,16.66,16.35,16.55,45775,752942.56
2023-03-27,16.49,16.64,16.36,16.45,23366,384055.66
2023-03-28,16.37,16.64,16.37,16.45,29151,479487.88
2023-03-29,16.65,16.65,16.45,16.47,34999,576847.38
2023-03-30,16.49,16.49,16.40,16.45,29100,477995.88
2023-03-31,16.60,16.60,16.35,16.39,26680,437595.97
2023-04-03,16.57,16.57,16.05,16.19,109554,1770969.88
2023-04-04,16.02,16.22,15.99,16.19,89547,1434744.88
2023-04-06,16.19,16.30,16.00,16.00,65296,1047007.44
2023-04-07,16.18,16.23,16.01,16.21,34124,550441.63
2023-04-10,16.08,16.28,16.01,16.26,24500,395041.63
2023-04-11,16.29,16.29,16.05,16.11,13560,219289.41
2023-04-12,16.07,16.20,16.06,16.18,30880,497317.06
2023-04-13,16.04,16.19,16.04,16.08,17837,286870.50
2023-04-14,16.02,16.18,16.01,16.16,18682,300845.13
2023-04-17,16.29,16.29,16.08,16.22,26900,434675.00
2023-04-18,16.22,16.26,16.15,16.18,24908,404127.44
2023-04-19,16.16,16.27,16.09,16.18,36192,585933.19
2023-04-20,16.09,16.29,16.09,16.12,18900,305651.16
2023-04-21,16.12,16.29,16.11,16.15,60679,981121.25
2023-04-24,16.26,16.26,16.10,16.10,34900,563902.00
2023-04-25,16.02,16.02,15.91,15.95,26285,419704.38
2023-04-26,15.99,16.06,15.97,16.00,61833,989579.00
2023-04-27,16.00,16.18,15.74,15.83,65200,1034450.00
2023-04-28,16.00,16.00,15.70,15.73,39892,629229.00
2023-05-04,15.98,16.27,15.98,16.24,79352,1282141.75
2023-05-05,16.35,16.50,16.08,16.39,112880,1843854.75
2023-05-08,16.58,16.58,15.78,16.35,316482,5051521.50
2023-05-09,16.09,16.49,16.09,16.22,75996,1236564.13
2023-05-10,8.96,8.96,8.72,8.85,69279,608076.63
2023-05-11,8.70,8.90,8.70,8.75,36277,320037.63
2023-05-12,8.76,8.87,8.66,8.70,34740,302112.50
2023-05-15,8.58,8.79,8.58,8.76,29794,260079.41
2023-05-16,8.55,8.78,8.55,8.70,25626,222922.09
2023-05-17,8.84,8.84,8.55,8.70,55470,481097.91
2023-05-18,8.71,8.71,8.55,8.68,20289,175209.38
2023-05-19,8.68,8.73,8.59,8.60,38320,330157.38
2023-05-22,8.59,8.67,8.59,8.62,10937,94242.05
2023-05-23,8.53,8.67,8.53,8.59,14251,122701.87
2023-05-24,8.60,8.69,8.54,8.60,33460,286867.06
2023-05-25,8.67,8.67,8.56,8.65,34257,294641.63
2023-05-26,8.66,8.75,8.66,8.74,225173,1952060.63
2023-05-29,8.68,8.69,8.62,8.67,17953,155269.27
2023-05-30,8.67,8.67,8.58,8.60,36704,315695.59
2023-05-31,8.63,8.63,8.55,8.61,25918,222251.23
2023-06-01,8.54,8.56,8.53,8.56,71461,610669.50
2023-06-02,8.52,8.54,8.52,8.54,32420,276568.59
2023-06-05,8.52,8.57,8.50,8.54,38166,325664.13
2023-06-06,8.52,8.56,8.38,8.39,140460,1189702.50
2023-06-07,8.34,8.36,8.30,8.33,70482,586363.75
2023-06-08,8.32,8.32,8.18,8.20,92414,759603.81
2023-06-09,8.15,8.20,8.14,8.16,38470,314124.91
2023-06-12,8.14,8.14,7.98,8.00,121489,973180.31
2023-06-13,7.96,7.97,7.79,7.80,92906,729449.44
2023-06-14,7.72,7.74,7.58,7.67,271808,2081565.13
2023-06-15,7.65,7.74,7.63,7.73,46841,359416.84
2023-06-16,7.77,7.77,7.73,7.74,14369,111376.71
2023-06-19,7.76,7.78,7.71,7.72,19320,149791.45
2023-06-20,7.72,7.79,7.72,7.72,41586,322549.44
2023-06-21,7.68,7.79,7.66,7.78,67218,518099.09
2023-06-26,7.60,7.78,7.60,7.72,34847,267812.56
2023-06-27,7.72,7.80,7.61,7.76,51611,397878.88
2023-06-28,7.76,7.77,7.61,7.70,41024,316197.56
2023-06-29,7.77,7.79,7.64,7.78,44947,348945.13
2023-06-30,7.71,7.83,7.71,7.82,45357,353306.88
2023-07-03,7.73,7.88,7.72,7.77,89090,689865.50
2023-07-04,7.68,7.75,7.55,7.67,411395,3125901.25
2023-07-05,7.57,7.68,7.57,7.64,60042,459288.53
2023-07-06,7.61,7.68,7.60,7.65,36224,275814.31
2023-07-07,7.67,7.67,7.59,7.65,78399,598051.56
2023-07-10,7.75,7.75,7.55,7.66,69980,530002.50
2023-07-11,7.57,7.60,7.50,7.51,192523,1450312.50
2023-07-12,7.51,7.57,7.50,7.52,51861,390020.09
2023-07-13,7.57,7.57,7.49,7.54,96460,724268.94
2023-07-14,7.55,7.56,7.50,7.56,52931,398447.25
2023-07-17,7.66,7.66,7.49,7.59,69367,526568.19
2023-07-18,7.62,7.62,7.57,7.60,13753,104319.32
2023-07-19,7.61,7.66,7.57,7.65,57562,439176.75
2023-07-20,7.68,7.68,7.51,7.61,85441,645582.06
2023-07-21,7.56,7.65,7.56,7.62,10499,79956.41
2023-07-24,7.57,7.65,7.54,7.63,36531,277221.59
2023-07-25,7.69,7.70,7.60,7.69,72197,553413.81
2023-07-26,7.72,7.72,7.66,7.70,28742,220956.20
2023-07-27,7.60,7.77,7.60,7.70,33329,255951.34
2023-07-28,7.69,7.79,7.69,7.73,139589,1082286.13
2023-07-31,7.83,7.83,7.71,7.80,50085,387532.13
2023-08-01,7.71,7.82,7.70,7.80,49385,382651.94
2023-08-02,7.82,7.82,7.72,7.80,28800,222831.00
2023-08-03,7.82,7.84,7.80,7.84,40786,318798.72
2023-08-04,7.78,7.85,7.75,7.84,18999,148775.44
2023-08-07,7.73,7.88,7.73,7.85,55862,434817.41
2023-08-08,7.77,7.83,7.70,7.71,71309,555338.44
2023-08-09,7.83,7.83,7.75,7.81,33798,263075.13
2023-08-10,7.80,7.82,7.76,7.80,10799,84036.47
2023-08-11,7.74,7.82,7.72,7.78,20289,157494.30
2023-08-14,7.72,7.77,7.63,7.75,29389,226091.13
2023-08-15,7.75,7.80,7.64,7.78,39584,305904.06
2023-08-16,7.87,7.87,7.65,7.78,26073,200956.09
2023-08-17,7.66,7.75,7.60,7.74,61145,468165.88
2023-08-18,7.74,7.76,7.64,7.67,18922,145323.70
2023-08-21,7.62,7.75,7.61,7.72,68578,525709.44
2023-08-22,7.71,7.71,7.58,7.66,47553,361869.38
2023-08-23,7.70,7.70,7.50,7.59,59851,451189.06
2023-08-24,7.64,7.64,7.45,7.53,57000,426166.78
2023-08-25,7.55,7.55,7.40,7.49,29413,218598.89
2023-08-28,7.58,7.67,7.40,7.40,74216,554367.38
2023-08-29,7.40,7.50,7.40,7.49,37430,279546.13
2023-08-30,7.50,7.55,7.47,7.54,49687,374154.91
2023-08-31,7.46,7.58,7.46,7.58,20440,154082.41
2023-09-01,7.63,7.67,7.54,7.67,43857,334484.56
2023-09-04,7.68,8.08,7.68,7.96,256032,2029304.25
2023-09-05,8.08,8.08,7.80,7.91,103774,822615.19
2023-09-06,7.90,7.90,7.70,7.75,79910,618271.00
2023-09-07,7.70,7.82,7.65,7.69,60300,462768.88
2023-09-08,7.79,7.79,7.66,7.68,21442,164750.77
2023-09-11,7.67,7.75,7.51,7.69,65625,495369.31
2023-09-12,7.72,7.73,7.60,7.71,14163,108651.61
2023-09-13,7.73,7.73,7.50,7.55,69534,524760.13
2023-09-14,7.54,7.54,7.46,7.50,50507,377832.09
2023-09-15,7.51,7.53,7.46,7.53,20746,155453.48
2023-09-18,7.57,7.58,7.48,7.49,16480,124509.68
2023-09-19,7.49,7.56,7.45,7.46,18644,139451.23
2023-09-20,7.45,7.48,7.45,7.48,12900,96456.00
2023-09-21,7.42,7.50,7.42,7.45,14734,109832.57
2023-09-22,7.45,7.48,7.39,7.48,45527,337631.38
2023-09-25,7.43,7.43,7.35,7.35,46450,343074.31
2023-09-26,7.45,7.45,7.22,7.24,91785,664403.44
2023-09-27,7.40,7.40,7.20,7.22,27433,199464.27
2023-09-28,7.23,7.23,7.10,7.17,41781,298622.06
2023-10-09,7.20,7.23,7.17,7.22,3860,27858.60
2023-10-10,7.20,7.21,7.12,7.13,24620,176803.20
2023-10-11,7.11,7.22,7.10,7.13,36520,259695.20
2023-10-12,7.10,7.19,7.10,7.13,33180,236471.22
2023-10-13,7.13,7.27,7.12,7.17,20332,146033.52
2023-10-16,7.10,7.15,7.05,7.06,39924,282693.06
2023-10-17,7.03,7.13,7.02,7.08,9560,67265.60
2023-10-18,7.01,7.19,6.91,6.93,81287,567925.19
2023-10-19,7.12,7.12,6.82,7.01,55208,378548.63
2023-10-20,7.05,7.05,6.81,6.95,52599,360562.91
2023-10-23,6.95,7.07,6.79,6.93,32566,223318.69
2023-10-24,6.97,6.97,6.80,6.80,33143,228383.58
2023-10-25,6.89,6.89,6.80,6.86,26503,180829.16
2023-10-26,6.89,6.89,6.72,6.77,21680,146427.00
2023-10-27,6.92,6.92,6.75,6.86,47958,327287.88
2023-10-30,6.92,6.92,6.75,6.87,37993,259450.34
2023-10-31,6.88,6.88,6.82,6.88,14354,98268.68
2023-11-01,6.88,6.95,6.75,6.75,28405,193710.48
2023-11-02,6.75,6.87,6.72,6.83,30090,205616.63
2023-11-03,6.82,6.90,6.82,6.88,25841,177064.61
2023-11-06,6.96,6.96,6.86,6.95,30236,208738.56
2023-11-07,6.85,6.99,6.84,6.99,44428,306969.44
2023-11-08,6.93,7.65,6.93,7.25,231585,1699077.75
2023-11-09,7.44,9.21,7.44,8.20,2499375,21301298.00
2023-11-10,7.50,7.86,7.22,7.69,1517667,11351633.00
2023-11-13,7.50,7.56,7.29,7.45,840716,6215216.50
2023-11-14,7.40,7.50,7.37,7.48,686115,5102792.50
2023-11-15,7.98,8.00,7.55,7.63,1063460,8192473.50
2023-11-16,7.65,7.65,7.35,7.42,485031,3595734.75
2023-11-17,7.40,8.70,7.29,8.50,2736652,22305580.00
2023-11-20,8.50,9.06,8.01,8.88,3831258,32955700.00
2023-11-21,8.56,10.60,8.49,9.22,5779964,54820052.00
2023-11-22,8.95,10.22,8.81,10.16,5627631,55223868.00
2023-11-23,10.28,11.49,9.51,10.18,5865817,61328780.00
2023-11-24,9.80,12.50,9.79,11.17,8779480,96108832.00
2023-11-27,11.59,12.75,11.18,12.37,11233334,134794656.00
2023-11-28,11.20,12.22,10.81,10.89,6827703,77873624.00
2023-11-29,11.46,14.15,11.30,13.33,18726218,257105792.00
2023-11-30,12.35,12.40,10.59,10.90,14021456,158528528.00
2023-12-01,10.71,11.30,9.70,9.85,8944108,91032800.00
2023-12-04,10.40,10.49,9.67,10.00,4809018,48822756.00
2023-12-05,9.80,11.10,9.72,10.78,7641877,80815928.00
2023-12-06,10.39,11.12,10.11,10.75,5789279,61758832.00
2023-12-07,10.85,11.26,10.64,10.97,4965413,54333100.00
2023-12-08,10.97,11.49,10.81,10.96,5323229,59099376.00
2023-12-11,11.28,11.34,10.10,10.50,3951859,41465576.00
2023-12-12,10.12,11.08,10.12,10.77,3083917,32890062.00
2023-12-13,10.75,11.28,10.50,11.07,4792917,52609460.00
2023-12-14,11.16,12.13,11.00,11.59,6134814,70900392.00
2023-12-15,11.58,11.99,11.17,11.77,3902144,45292724.00
2023-12-18,11.67,12.22,11.51,12.15,4689437,56088548.00
2023-12-19,12.22,13.65,11.71,12.79,6848526,86033928.00
2023-12-20,12.53,13.40,12.50,13.31,6595949,85631144.00
2023-12-21,13.10,14.35,11.49,12.37,10716050,143136896.00
2023-12-22,13.00,15.88,12.98,15.50,13105644,188575296.00
2023-12-25,14.40,16.68,14.11,16.20,12544603,190395776.00
2023-12-26,15.52,16.29,14.70,15.87,9217597,143966800.00
2023-12-27,15.51,15.66,14.18,14.44,5809009,86810304.00
2023-12-28,15.10,15.88,14.47,14.58,6272007,94691384.00
2023-12-29,14.12,18.00,14.01,16.24,10302732,163571840.00
2024-01-02,16.90,19.93,16.00,19.05,12282482,214664032.00
2024-01-03,18.04,18.50,17.05,17.29,8009117,141899136.00
2024-01-04,17.00,18.22,16.50,17.90,6360946,110558400.00
2024-01-05,17.51,17.88,16.20,16.20,3989473,68089176.00
2024-01-08,16.30,16.99,14.69,15.01,3397354,54188164.00
2024-01-09,14.90,15.80,14.44,15.56,4442360,67423744.00
2024-01-10,15.43,16.14,14.98,15.86,2841459,44353864.00
2024-01-11,15.16,16.20,15.16,15.65,2587336,40746552.00
2024-01-12,15.93,15.93,13.60,13.60,3965505,56908388.00
2024-01-15,13.33,13.75,12.02,12.06,2889415,37034124.00
2024-01-16,12.16,13.78,12.16,13.30,3785693,49009856.00
2024-01-17,12.99,13.99,12.60,12.97,3221975,43371056.00
2024-01-18,12.97,13.97,12.48,13.68,3292715,43763176.00
2024-01-19,14.18,15.78,14.18,14.51,4680108,69603040.00
2024-01-22,13.97,15.00,13.83,14.12,3206407,45953532.00
2024-01-23,13.92,14.50,13.70,14.33,2485984,35116748.00
2024-01-24,14.47,14.83,13.31,13.89,2510989,34732020.00
2024-01-25,13.98,13.98,12.63,12.91,2563133,33998356.00
2024-01-26,12.86,14.37,12.86,13.46,4025011,55753140.00
2024-01-29,13.20,13.50,11.52,11.76,3187885,39921588.00
2024-01-30,11.75,12.07,10.77,11.39,2179923,24630690.00
2024-01-31,11.29,12.00,11.29,11.65,2615118,30322970.00
2024-02-01,11.45,11.83,10.97,10.98,2243399,25448756.00
2024-02-02,11.00,11.28,9.50,10.05,3194372,32484820.00
2024-02-05,10.15,10.26,9.02,9.68,2672729,25705716.00
2024-02-06,9.65,10.88,9.56,10.65,3123998,32655142.00
2024-02-07,11.02,11.70,10.60,10.88,4253035,47897172.00
2024-02-08,10.98,10.98,9.52,10.31,2804469,28832222.00
2024-02-19,10.34,11.38,10.08,11.27,3504779,37618728.00
2024-02-20,11.35,11.55,10.77,11.44,3231863,36430680.00
2024-02-21,11.80,13.99,11.62,12.25,6100787,77802080.00
2024-02-22,11.76,12.30,11.54,12.11,4237654,50428076.00
2024-02-23,11.90,12.15,11.51,11.65,2757523,32499428.00
2024-02-26,11.50,11.77,11.33,11.60,1889759,21732850.00
2024-02-27,11.60,12.50,11.51,12.41,3987406,48418524.00
2024-02-28,12.75,12.75,11.33,11.45,3173448,38631920.00
2024-02-29,10.91,11.97,10.90,11.86,3726051,42591672.00
2024-03-01,11.74,11.86,11.45,11.55,2588160,30032730.00
2024-03-04,11.70,12.55,11.70,11.95,4058583,48965064.00
2024-03-05,11.70,11.89,11.00,11.17,3076636,35072688.00
2024-03-06,11.05,11.37,10.93,11.20,1592188,17801054.00
2024-03-07,11.30,11.30,10.60,10.61,2116265,22974606.00
2024-03-08,10.62,11.12,10.33,10.62,2043137,21856312.00
2024-03-11,10.47,10.85,10.23,10.66,2279620,23993384.00
2024-03-12,10.60,11.00,10.35,10.42,1861723,19630046.00
2024-03-13,10.49,10.58,9.98,10.10,1892497,19411350.00
2024-03-14,9.98,10.17,9.60,9.71,1947299,19060318.00
2024-03-15,9.78,11.00,9.55,10.86,4905967,51426492.00
2024-03-18,10.88,11.11,10.54,10.77,2969858,31803990.00
2024-03-19,10.78,10.98,10.46,10.53,1488318,15897932.00
2024-03-20,10.43,10.79,10.30,10.60,2007428,21087762.00
2024-03-21,11.21,11.98,10.83,10.90,6298848,71537224.00
2024-03-22,10.63,11.20,10.41,10.59,3474693,37067952.00
2024-03-25,10.35,10.50,9.95,9.95,2151870,21938506.00
2024-03-26,9.95,10.24,9.71,10.09,1099579,11010223.00
2024-03-27,9.95,10.60,9.95,10.10,1861185,19107600.00
2024-03-28,9.88,10.20,9.88,10.10,1580069,15848596.00
2024-03-29,10.14,10.15,9.80,9.83,1192849,11870712.00
2024-04-01,9.90,10.87,9.78,10.44,3411012,35087040.00
2024-04-02,10.44,10.59,10.17,10.20,1886107,19462086.00
2024-04-03,10.30,10.68,10.10,10.49,2310109,24071720.00
2024-04-08,10.21,10.37,9.78,9.93,1749421,17531550.00
2024-04-09,9.90,10.10,9.71,10.10,1265159,12577634.00
2024-04-10,10.25,10.95,10.15,10.32,3505258,36966428.00
2024-04-11,10.22,10.38,9.93,10.05,1975758,19950256.00
2024-04-12,10.00,10.29,9.95,10.00,1360337,13667479.00
2024-04-15,10.20,10.45,9.87,10.01,1952830,19928552.00
2024-04-16,9.67,9.67,8.50,8.82,3379149,30118478.00
2024-04-17,8.76,9.50,8.76,9.40,2262697,20976286.00
2024-04-18,9.30,9.90,8.90,9.25,2335535,22110212.00
2024-04-19,9.10,9.18,8.86,9.04,1379953,12363959.00
2024-04-22,9.04,9.05,8.70,8.79,1133409,10075838.00
2024-04-23,8.86,9.10,8.78,9.00,918857,8210197.00
2024-04-24,9.09,9.46,8.96,9.30,1098192,10156693.00
2024-04-25,9.21,9.73,9.21,9.49,1684393,16126844.00
2024-04-26,9.36,9.55,9.17,9.36,1728870,16091330.00
2024-04-29,9.65,9.65,9.23,9.45,1709839,16148670.00
2024-04-30,9.54,9.54,8.99,9.22,913398,8486185.00
2024-05-06,9.31,10.25,9.16,10.03,3166651,30870632.00
2024-05-07,9.90,10.03,9.78,9.82,1463629,14455545.00
2024-05-08,9.64,9.64,9.37,9.39,603293,5706388.00
2024-05-09,9.44,9.57,9.30,9.33,837400,7912163.00
2024-05-10,9.38,9.42,9.03,9.10,840817,7711183.50
2024-05-13,9.10,9.34,9.05,9.23,916181,8444348.00
2024-05-14,9.31,9.35,9.16,9.24,375604,3476384.00
2024-05-15,9.31,9.77,9.17,9.50,1892096,18098418.00
2024-05-16,9.77,10.38,9.53,9.57,2573818,25543882.00
2024-05-17,9.52,11.68,9.33,10.89,6365501,66379416.00
2024-05-20,11.03,11.65,10.22,10.28,5095284,54667940.00
2024-05-21,11.20,11.20,10.32,10.43,3123652,33303424.00
2024-05-22,10.30,10.99,10.02,10.94,3803962,40550152.00
2024-05-23,10.76,12.23,10.55,11.38,6287447,71390280.00
2024-05-24,11.19,11.44,10.48,10.55,3488395,37891472.00
2024-05-27,10.54,10.83,10.05,10.50,2242015,23306348.00
2024-05-28,10.30,11.20,10.28,10.55,2118524,22642634.00
2024-05-29,10.42,10.58,10.19,10.29,1598053,16494887.00
2024-05-30,10.46,10.66,10.10,10.10,1024544,10612894.00
2024-05-31,10.02,10.44,10.01,10.20,1018249,10410703.00
2024-06-03,10.16,10.23,9.88,9.89,900792,9011346.00
2024-06-04,9.82,9.99,9.74,9.74,680681,6681355.50
2024-06-05,9.83,9.89,9.19,9.23,1330483,12547235.00
2024-06-06,9.32,9.55,9.00,9.24,941278,8748981.00
2024-06-07,9.30,9.50,9.18,9.37,483762,4499440.50
2024-06-11,9.37,9.77,9.09,9.72,1015016,9637635.00
2024-06-12,9.70,9.94,9.57,9.90,1021627,10008174.00
2024-06-13,9.94,9.94,9.55,9.69,1129219,10110479.00
2024-06-14,9.64,9.75,9.52,9.55,734013,7056105.00
2024-06-17,9.55,9.55,9.21,9.26,462892,4326822.50
2024-06-18,9.33,9.46,9.27,9.46,534457,5014240.00
2024-06-19,9.48,9.87,9.29,9.58,1061964,10248998.00
2024-06-20,9.60,9.64,9.31,9.46,761901,7170819.00
2024-06-21,9.45,9.78,9.45,9.55,399277,3843862.50
2024-06-24,9.64,9.69,9.24,9.43,559098,5253065.00
2024-06-25,9.48,9.64,9.34,9.44,349023,3318211.25
2024-06-26,9.47,9.53,9.27,9.48,499558,4711132.00
2024-06-27,9.40,9.47,9.20,9.26,426060,3987505.75
2024-06-28,9.30,9.46,9.21,9.30,407116,3792546.25
2024-07-01,9.30,9.31,9.14,9.21,330451,3041947.25
2024-07-02,9.18,9.26,9.01,9.02,259991,2372390.25
2024-07-03,9.05,9.13,8.78,8.87,446638,3962011.75
2024-07-04,8.91,9.19,8.83,8.86,470232,4228027.50
2024-07-05,8.85,8.95,8.63,8.80,365886,3211768.25
2024-07-08,8.72,8.87,8.52,8.54,275519,2401103.00
2024-07-09,8.59,8.95,8.54,8.89,664708,5845674.00
2024-07-10,8.88,9.05,8.81,8.97,387086,3437808.25
2024-07-11,8.97,9.59,8.97,9.27,569988,5289204.00
2024-07-12,9.30,9.30,9.12,9.18,274616,2522023.00
2024-07-15,9.09,9.34,9.09,9.18,207682,1911392.25
2024-07-16,9.28,9.70,9.11,9.62,1236290,11688037.00
2024-07-17,9.62,10.45,9.62,10.27,3356105,34078400.00
2024-07-18,10.20,10.93,9.66,10.11,2683089,27328102.00
2024-07-19,9.91,10.78,9.86,10.30,2278256,23580188.00
2024-07-22,10.15,10.30,9.80,9.83,1037611,10393037.00
2024-07-23,9.84,10.22,9.50,9.60,910961,8970835.00
2024-07-24,9.53,9.87,9.11,9.17,788783,7392877.00
2024-07-25,9.10,9.48,9.10,9.22,556995,5156962.50
2024-07-26,9.30,9.42,9.19,9.26,396793,3692523.25
2024-07-29,9.20,9.25,9.02,9.03,514868,4676749.50
2024-07-30,9.03,9.28,8.86,9.16,501449,4580381.00
2024-07-31,9.24,9.61,9.24,9.46,925225,8768557.00
2024-08-01,9.46,9.70,9.37,9.53,770804,7341738.50
2024-08-02,9.45,9.51,9.25,9.25,528366,4962068.50
2024-08-05,9.17,9.35,8.84,8.90,846532,7631810.00
2024-08-06,8.92,9.34,8.92,9.21,446052,4090471.25
2024-08-07,9.16,9.26,9.16,9.24,164008,1510452.00
2024-08-08,9.15,9.20,8.88,9.01,351995,3175284.50
2024-08-09,9.10,9.17,8.96,9.01,127584,1157651.38
2024-08-12,8.94,9.09,8.94,9.01,145673,1312789.75
2024-08-13,8.93,9.17,8.93,9.10,129927,1175602.75
2024-08-14,9.04,9.09,8.95,8.97,250690,2251868.00
2024-08-15,8.93,9.12,8.81,8.96,275225,2471319.75
2024-08-16,8.90,9.11,8.90,9.04,220498,1984896.38
2024-08-19,8.99,9.00,8.84,8.84,397109,3541681.00
2024-08-20,8.80,9.05,8.80,8.81,214495,1912354.38
2024-08-21,8.88,8.88,8.74,8.75,185043,1626910.13
2024-08-22,8.72,8.79,8.59,8.60,256514,2227829.50
2024-08-23,8.61,8.67,8.50,8.58,156531,1340521.75
2024-08-26,8.44,8.78,8.43,8.61,214999,1859559.50
2024-08-27,8.67,9.00,8.64,8.80,531315,4711667.00
2024-08-28,8.72,9.16,8.72,9.00,364839,3285826.50
2024-08-29,8.98,9.05,8.67,8.82,576675,5093489.00
2024-08-30,8.83,9.09,8.75,8.91,360272,3241373.75
2024-09-02,9.01,9.04,8.78,8.81,199931,1784905.50
2024-09-03,8.81,8.86,8.62,8.74,458983,4005647.75
2024-09-04,8.65,8.65,8.48,8.49,339167,2897678.50
2024-09-05,8.49,8.61,8.42,8.58,295126,2509060.25
2024-09-06,8.51,8.54,8.30,8.34,249632,2098846.25
2024-09-09,8.33,8.34,7.93,8.05,547007,4409726.50
2024-09-10,8.03,8.20,7.84,8.11,280718,2243323.75
2024-09-11,8.07,8.13,8.02,8.08,120341,970718.75
2024-09-12,8.06,8.15,7.95,7.98,154511,1242608.25
2024-09-13,7.95,8.28,7.80,8.10,306819,2460513.50
2024-09-18,8.10,8.15,7.88,7.95,300215,2407038.75
2024-09-19,8.05,8.14,7.95,8.01,189266,1521866.00
2024-09-20,7.97,8.06,7.92,7.98,116357,928598.75
2024-09-23,7.98,8.09,7.93,7.96,171484,1368480.13
2024-09-24,7.99,8.20,7.90,8.16,368821,2983064.25
2024-09-25,8.24,8.47,8.15,8.29,719787,5989455.50
2024-09-26,8.29,8.55,8.22,8.45,498118,4177797.25
2024-09-27,8.53,9.23,8.52,9.13,1208718,10788309.00
2024-09-30,9.51,11.37,9.51,10.84,3306729,34863264.00
2024-10-08,13.68,13.68,11.22,12.90,7043353,87965376.00
2024-10-09,11.80,12.20,10.66,10.66,4438718,50969012.00
2024-10-10,11.00,11.66,10.51,10.59,3372903,37470176.00
2024-10-11,11.60,13.76,11.19,13.76,14650736,189690752.00
2024-10-14,14.50,17.85,13.90,16.41,19186650,298788704.00
2024-10-15,15.60,18.00,15.00,17.57,15671513,254129856.00
2024-10-16,17.60,22.84,17.20,22.84,18187570,369610944.00
2024-10-17,25.13,29.69,24.22,29.69,17040292,475187776.00
2024-10-18,35.99,38.59,34.43,38.59,10601813,392975264.00
2024-10-21,50.16,50.16,50.16,50.16,435161,21827676.00
2024-10-22,63.00,65.20,49.49,49.49,28271553,1692928512.00
2024-10-23,47.00,52.58,44.51,52.58,21140043,1010014656.00
2024-10-24,49.00,52.58,46.61,46.61,16802280,831101888.00
2024-10-25,45.40,49.20,41.10,42.01,18678162,846458112.00
2024-10-28,41.00,44.29,40.06,43.21,12801932,543432576.00
2024-10-29,42.46,45.89,41.77,44.20,14597207,640604864.00
2024-10-30,42.69,46.00,40.97,44.79,11986200,522707232.00
2024-10-31,44.50,46.65,41.68,42.80,12068302,529413312.00
2024-11-01,42.97,42.99,34.70,37.50,10480289,403519392.00
2024-11-04,37.13,38.85,36.01,37.60,6167991,229341280.00
2024-11-05,37.60,40.00,36.20,39.22,9917067,384705120.00
2024-11-06,39.02,41.22,38.18,38.60,9304359,368654560.00
2024-11-07,37.25,41.00,36.80,40.40,9202990,358706656.00
2024-11-08,41.10,43.00,40.20,41.12,8826717,366403520.00
2024-11-11,45.00,49.79,43.50,48.30,16758733,790935040.00
2024-11-12,45.40,46.00,41.50,41.90,12483291,541177280.00
2024-11-13,39.39,40.40,36.83,39.69,8839372,343836288.00
2024-11-14,39.38,39.47,37.37,37.39,5169921,197703120.00
2024-11-15,37.58,38.39,36.34,36.85,4609397,172805824.00
2024-11-18,37.50,38.00,34.03,34.21,4694798,167186704.00
2024-11-19,34.01,37.43,31.03,36.97,7643941,257501488.00
2024-11-20,36.01,39.15,35.00,37.55,7246066,266022512.00
2024-11-21,36.99,38.66,36.52,37.12,5084940,190855552.00
2024-11-22,36.67,37.55,33.81,33.81,4893029,174525968.00
2024-11-25,35.50,38.00,34.50,35.57,5540235,200057008.00
2024-11-26,34.61,35.47,33.00,33.00,4088274,139641376.00
2024-11-27,32.39,34.30,31.20,33.40,3746972,122559048.00
2024-11-28,33.26,36.47,33.11,34.15,5202651,180205120.00
2024-11-29,35.00,36.97,33.59,35.66,6091526,215263984.00
2024-12-02,35.45,36.53,34.91,36.53,4398832,157486096.00
2024-12-03,36.53,36.53,36.53,36.53,0,0.00
#数据来源:通达信
