839273 一致魔芋 日线 不复权
      日期	    开盘	    最高	    最低	    收盘	    成交量	    成交额
2017-02-09,5.00,5.00,5.00,5.00,20000,100000.00
2017-02-24,5.00,5.00,5.00,5.00,300000,1500000.00
2019-06-26,9.50,9.50,9.50,9.50,1000,9500.00
2019-06-27,9.50,9.50,9.50,9.50,125000,625000.00
2019-12-19,9.28,9.28,9.28,9.28,1000,9280.00
2019-12-20,9.28,9.28,9.28,9.28,100000,550000.00
2021-10-26,8.38,8.38,8.38,8.38,300,2514.00
2021-10-27,8.39,8.39,8.39,8.39,200,1680.00
2021-11-02,8.68,8.68,8.68,8.68,100,868.00
2021-11-03,8.68,8.68,8.68,8.68,100,868.00
2021-11-04,8.68,8.70,8.68,8.70,200,1739.00
2021-11-05,8.72,8.81,8.72,8.81,300,2629.00
2021-11-08,10.00,10.00,10.00,10.00,200,2000.00
2021-11-09,10.00,10.00,10.00,10.00,200,2000.00
2021-11-10,10.03,10.04,10.03,10.04,200,2007.00
2021-11-15,11.00,11.03,11.00,11.03,200,2203.00
2021-11-16,11.06,11.11,11.06,11.11,300,3323.00
2021-11-17,11.20,11.39,11.20,11.39,300,3389.00
2021-11-18,11.31,11.54,11.31,11.54,300,3437.00
2021-11-19,12.02,13.07,12.02,13.07,400,5062.00
2021-11-22,14.00,15.53,14.00,15.53,400,5955.00
2021-11-25,13.50,14.00,13.50,14.00,200,2750.00
2021-12-06,14.10,16.00,14.10,16.00,300,4440.00
2021-12-07,17.00,17.00,17.00,17.00,1000,17000.00
2021-12-08,19.00,19.00,19.00,19.00,1000,19000.00
2021-12-09,20.18,20.18,20.18,20.18,1000,20159.82
2021-12-10,21.88,21.88,21.88,21.88,1500,32820.00
2021-12-13,22.88,23.81,22.88,23.81,5400,125883.99
2022-02-09,16.87,16.87,16.87,16.87,100,1688.00
2022-02-15,23.66,23.66,23.66,23.66,700,16562.00
2022-03-08,23.66,23.66,23.66,23.66,300,7098.00
2022-03-18,23.66,23.66,23.66,23.66,500,11830.00
2022-03-29,15.01,23.99,15.01,23.99,400,6918.00
2022-03-30,23.99,23.99,23.99,23.99,1600,38407.99
2022-04-01,24.05,24.05,24.05,24.05,200,4810.00
2022-04-06,24.05,24.05,24.05,24.05,100,2573.35
2022-04-07,24.05,24.05,24.05,24.05,200,3823.95
2022-04-11,24.05,24.05,24.05,24.05,800,19240.00
2022-04-12,24.05,24.05,24.05,24.05,100,2405.00
2022-04-13,24.05,24.05,24.05,24.05,200,4810.00
2022-04-14,24.05,24.05,24.05,24.05,200,4810.00
2022-04-15,24.05,24.05,24.05,24.05,1000,23256.35
2022-04-19,25.06,25.06,25.06,25.06,200,5838.98
2022-04-20,25.18,25.18,25.18,25.18,100,2518.00
2022-04-21,25.68,25.68,25.68,25.68,1700,44246.64
2022-04-22,26.68,26.68,26.68,26.68,500,14007.00
2023-02-21,16.60,17.00,15.02,15.02,10777479,171667008.00
2023-02-22,14.99,16.03,14.98,15.03,4283154,66021044.00
2023-02-23,14.79,14.79,13.93,14.28,3163375,45014552.00
2023-02-24,14.20,14.55,13.94,14.29,1238790,17678868.00
2023-02-27,14.00,14.10,13.52,13.90,1824310,25145736.00
2023-02-28,13.80,14.15,13.71,13.81,662390,9216009.00
2023-03-01,13.81,13.81,13.49,13.67,867031,11776115.00
2023-03-02,13.59,13.74,13.40,13.52,568863,7727678.50
2023-03-03,13.57,13.58,13.20,13.26,625361,8333573.00
2023-03-06,13.34,13.54,13.00,13.40,853187,11270181.00
2023-03-07,13.28,13.40,13.10,13.14,475172,6287374.00
2023-03-08,13.20,13.20,13.05,13.13,290049,3798870.75
2023-03-09,13.14,13.22,13.08,13.12,205839,2702862.25
2023-03-10,13.19,13.19,12.98,13.06,297307,3876406.75
2023-03-13,12.94,13.06,12.83,12.89,196714,2544006.00
2023-03-14,12.99,12.99,12.55,12.60,353745,4488164.00
2023-03-15,12.53,12.67,12.30,12.48,431294,5356848.50
2023-03-16,12.46,12.52,12.27,12.27,202313,2498055.75
2023-03-17,12.40,12.41,12.27,12.27,83965,1033839.38
2023-03-20,12.31,12.31,12.13,12.20,84715,1031960.13
2023-03-21,12.24,12.54,12.16,12.52,159496,1968540.75
2023-03-22,12.44,12.72,12.36,12.45,165415,2065292.25
2023-03-23,12.44,12.62,12.36,12.59,125273,1563182.75
2023-03-24,12.47,12.49,12.21,12.32,197366,2434817.25
2023-03-27,12.39,12.39,12.24,12.34,37763,464666.13
2023-03-28,12.38,12.44,12.30,12.32,75672,933716.38
2023-03-29,12.26,12.32,12.18,12.26,62094,760379.81
2023-03-30,12.19,12.36,12.14,12.29,88170,1074292.00
2023-03-31,12.16,12.30,12.16,12.18,19486,237451.67
2023-04-03,12.14,12.29,12.14,12.27,28056,343613.28
2023-04-04,12.22,12.30,12.16,12.27,39753,485149.84
2023-04-06,12.08,12.28,12.08,12.24,31440,382870.53
2023-04-07,12.24,12.34,12.16,12.32,64920,797123.19
2023-04-10,12.33,12.40,12.16,12.16,119724,1462087.25
2023-04-11,12.16,12.16,12.11,12.16,135783,1647629.13
2023-04-12,12.20,12.20,11.92,12.14,185148,2231426.00
2023-04-13,12.05,12.19,12.00,12.10,46931,564782.63
2023-04-14,12.03,12.12,11.92,12.06,135243,1623150.25
2023-04-17,12.04,12.06,11.95,12.00,42875,514165.53
2023-04-18,11.97,12.01,11.81,11.89,215353,2560324.50
2023-04-19,11.91,11.92,11.70,11.74,123167,1450034.88
2023-04-20,11.74,11.74,11.50,11.56,109001,1262411.00
2023-04-21,11.51,11.64,11.28,11.46,157444,1789278.38
2023-04-24,11.40,11.40,11.03,11.18,211174,2357515.25
2023-04-25,11.14,11.20,11.03,11.11,125581,1395231.50
2023-04-26,11.17,11.32,11.04,11.27,79833,892729.63
2023-04-27,10.91,10.93,9.98,10.09,1204440,12326105.00
2023-04-28,10.07,10.20,9.96,10.07,327246,3289070.50
2023-05-04,10.08,10.08,9.80,9.90,226357,2242710.50
2023-05-05,9.91,10.18,9.85,10.15,390364,3912186.50
2023-05-08,10.25,10.79,10.16,10.66,271711,2880290.50
2023-05-09,10.77,10.90,9.80,10.38,260230,2733353.00
2023-05-10,10.17,10.43,10.11,10.36,142512,1465149.13
2023-05-11,10.23,10.39,10.21,10.37,59194,611404.25
2023-05-12,10.21,10.42,10.21,10.41,43771,454017.94
2023-05-15,10.38,10.46,10.21,10.38,42158,435037.81
2023-05-16,10.37,10.38,10.32,10.36,20379,211103.81
2023-05-17,10.38,10.38,10.21,10.32,70295,721652.44
2023-05-18,10.30,10.33,10.00,10.33,162731,1666364.38
2023-05-19,10.29,10.33,10.02,10.24,113537,1157604.75
2023-05-22,10.25,10.35,10.23,10.31,120691,1237588.13
2023-05-23,10.27,10.75,10.27,10.67,233598,2480014.50
2023-05-24,10.71,10.75,10.46,10.63,121843,1293812.38
2023-05-25,10.52,10.52,10.35,10.46,103635,1080743.88
2023-05-26,10.34,10.53,10.21,10.50,77400,806802.94
2023-05-29,10.50,10.57,10.30,10.44,36274,377911.75
2023-05-30,10.44,10.44,10.22,10.37,16771,173190.33
2023-05-31,10.25,10.38,10.12,10.27,76260,782855.75
2023-06-01,10.22,10.31,10.18,10.25,23524,240965.95
2023-06-02,10.20,10.27,10.14,10.25,59791,611406.50
2023-06-05,10.23,10.27,10.12,10.25,16840,171857.53
2023-06-06,10.25,10.28,10.12,10.13,29072,295954.69
2023-06-07,10.13,10.32,10.13,10.25,120541,1233063.25
2023-06-08,10.06,10.08,9.87,9.98,40851,406479.34
2023-06-09,10.03,10.03,9.96,10.00,13531,135101.91
2023-06-12,10.00,10.00,9.87,9.96,82737,819308.94
2023-06-13,9.88,9.95,9.81,9.92,75048,739481.75
2023-06-14,9.91,9.93,9.85,9.91,34248,339278.38
2023-06-15,9.90,9.91,9.71,9.88,91653,901859.00
2023-06-16,9.87,9.94,9.80,9.86,35921,354730.56
2023-06-19,9.77,9.88,9.77,9.80,17037,166935.95
2023-06-20,9.78,9.82,9.73,9.81,48198,471116.84
2023-06-21,9.84,9.84,9.73,9.80,101900,996919.56
2023-06-26,9.76,9.76,9.66,9.66,47813,464048.97
2023-06-27,9.66,9.77,9.66,9.70,59512,578026.75
2023-06-28,9.71,9.71,9.65,9.70,21665,210029.50
2023-06-29,9.75,9.75,9.65,9.65,30307,293911.66
2023-06-30,9.67,9.87,9.66,9.78,56924,555933.50
2023-07-03,9.86,9.88,9.77,9.85,25918,255264.25
2023-07-04,9.85,9.89,9.79,9.89,53466,526336.69
2023-07-05,9.90,10.13,9.87,10.02,78187,783576.06
2023-07-06,9.94,10.03,9.90,10.02,62217,620321.81
2023-07-07,9.92,10.03,9.84,10.00,68817,685197.13
2023-07-10,10.00,10.20,9.98,10.19,185169,1878851.25
2023-07-11,10.07,10.23,10.05,10.20,49909,507041.50
2023-07-12,10.09,10.10,9.98,9.99,40043,403014.13
2023-07-13,10.08,10.08,10.01,10.05,13544,135921.20
2023-07-14,10.00,10.07,10.00,10.06,31446,315199.28
2023-07-17,10.06,10.06,9.97,9.97,15506,154899.84
2023-07-18,9.99,9.99,9.76,9.92,95687,941584.44
2023-07-19,9.88,9.92,9.82,9.85,36832,362397.94
2023-07-20,9.87,9.87,9.70,9.81,125569,1226705.13
2023-07-21,9.85,9.96,9.70,9.84,64589,635688.50
2023-07-24,9.73,9.76,9.68,9.74,142005,1380996.25
2023-07-25,9.80,9.80,9.71,9.77,54135,527925.75
2023-07-26,9.74,9.87,9.74,9.83,62615,615297.69
2023-07-27,9.86,9.87,9.82,9.85,16070,158175.09
2023-07-28,9.82,9.92,9.80,9.92,74177,728902.38
2023-07-31,9.91,10.03,9.91,10.00,70955,708897.31
2023-08-01,9.90,10.07,9.90,10.03,35351,354265.78
2023-08-02,9.92,9.95,9.90,9.95,30398,301135.31
2023-08-03,9.99,10.64,9.90,10.19,276080,2842047.25
2023-08-04,10.11,10.11,9.96,9.97,147638,1476608.75
2023-08-07,9.96,10.01,9.93,9.95,79848,795849.56
2023-08-08,9.95,10.00,9.91,10.00,44666,443950.63
2023-08-09,9.98,9.98,9.91,9.98,11340,112539.89
2023-08-10,10.00,10.03,9.93,10.00,33079,330754.09
2023-08-11,10.02,10.10,9.93,9.96,52856,526985.19
2023-08-14,9.92,10.05,9.91,10.03,50610,504587.19
2023-08-15,9.95,10.01,9.92,10.01,73351,731332.25
2023-08-16,10.01,10.07,9.94,10.00,88103,883443.31
2023-08-17,9.91,10.03,9.90,9.96,68802,685143.00
2023-08-18,9.90,10.01,9.90,9.91,21749,215993.48
2023-08-21,9.97,10.02,9.81,9.86,147355,1463902.88
2023-08-22,9.87,9.87,9.63,9.77,77268,754520.25
2023-08-23,9.71,9.81,9.70,9.71,35143,342681.03
2023-08-24,9.66,9.73,9.63,9.70,30557,295844.19
2023-08-25,9.66,9.95,9.63,9.64,62661,609083.06
2023-08-28,10.00,10.01,9.60,9.65,119944,1168430.50
2023-08-29,9.65,9.69,9.60,9.64,111754,1078081.00
2023-08-30,9.65,9.67,9.54,9.59,81566,781909.06
2023-08-31,9.57,9.66,9.52,9.65,71140,680778.94
2023-09-01,9.65,9.90,9.65,9.87,288039,2832853.00
2023-09-04,10.00,10.24,10.00,10.18,371632,3766520.75
2023-09-05,10.16,10.19,9.96,9.99,179272,1795973.75
2023-09-06,9.92,9.97,9.82,9.95,144796,1434393.50
2023-09-07,9.98,9.98,9.83,9.90,67386,666680.19
2023-09-08,9.88,9.90,9.82,9.90,67568,665924.63
2023-09-11,9.98,9.98,9.90,9.94,25900,257112.08
2023-09-12,9.84,9.96,9.83,9.96,62022,613786.44
2023-09-13,9.96,9.96,9.88,9.93,29371,291673.31
2023-09-14,9.90,9.95,9.85,9.90,23920,236673.88
2023-09-15,9.83,9.89,9.81,9.85,35313,347347.13
2023-09-18,9.85,9.85,9.70,9.83,59530,583393.50
2023-09-19,9.80,9.85,9.80,9.81,46633,457473.41
2023-09-20,9.83,9.83,9.78,9.78,35200,345123.00
2023-09-21,9.79,9.83,9.70,9.83,67661,661691.63
2023-09-22,9.82,9.86,9.75,9.85,34990,343718.53
2023-09-25,9.86,9.93,9.84,9.87,31078,307057.09
2023-09-26,9.84,9.95,9.84,9.91,35200,348970.91
2023-09-27,9.90,9.92,9.82,9.88,49351,486080.84
2023-09-28,9.85,9.89,9.73,9.80,223555,2191245.50
2023-10-09,9.83,9.83,9.71,9.76,76741,750215.25
2023-10-10,9.75,9.80,9.70,9.77,52664,513212.16
2023-10-11,9.71,9.78,9.65,9.69,84733,822530.44
2023-10-12,9.70,9.74,9.67,9.73,33720,327848.69
2023-10-13,9.67,9.74,9.67,9.72,19929,193042.72
2023-10-16,9.74,9.74,9.60,9.66,74498,718773.69
2023-10-17,9.59,9.64,9.55,9.56,61101,584397.81
2023-10-18,9.55,9.56,9.50,9.50,43837,417360.50
2023-10-19,9.50,9.50,9.19,9.29,135216,1260804.25
2023-10-20,9.22,9.25,9.00,9.05,187220,1704127.88
2023-10-23,9.05,9.05,8.60,8.65,189747,1668984.00
2023-10-24,8.69,8.75,8.50,8.75,78056,671378.69
2023-10-25,8.76,8.84,8.75,8.83,29323,258387.98
2023-10-26,8.85,8.99,8.85,8.99,103751,925408.56
2023-10-27,8.98,9.54,8.94,9.20,73828,676979.06
2023-10-30,9.23,9.35,9.23,9.30,64704,601772.38
2023-10-31,9.26,9.43,9.15,9.23,86724,804765.88
2023-11-01,9.25,9.27,8.97,9.13,34765,316946.88
2023-11-02,9.13,9.18,9.10,9.18,49888,455846.56
2023-11-03,9.14,9.25,9.09,9.20,103273,947156.44
2023-11-06,9.15,9.30,9.00,9.26,262758,2399783.50
2023-11-07,9.20,9.20,9.02,9.16,209584,1906433.00
2023-11-08,9.16,9.35,9.09,9.22,148746,1376855.88
2023-11-09,9.27,9.40,9.00,9.31,280438,2574033.75
2023-11-10,9.21,9.27,9.00,9.08,514871,4673055.50
2023-11-13,9.07,9.12,9.07,9.11,186814,1698577.25
2023-11-14,9.08,9.14,9.08,9.14,102866,939204.44
2023-11-15,9.16,9.30,9.16,9.28,160571,1486534.63
2023-11-16,9.23,9.28,9.13,9.13,86436,793102.38
2023-11-17,9.13,9.25,9.13,9.25,58061,533378.75
2023-11-20,9.12,9.49,9.12,9.45,338485,3165374.75
2023-11-21,9.44,10.66,9.43,10.66,2356971,24342180.00
2023-11-22,10.41,13.00,10.40,12.98,3981442,46836572.00
2023-11-23,12.93,13.31,11.50,11.80,3409378,42371192.00
2023-11-24,11.53,13.65,11.40,13.37,3954875,49644704.00
2023-11-27,13.36,15.52,13.21,15.00,4968556,71465720.00
2023-11-28,13.80,14.92,13.30,13.70,2561183,36116228.00
2023-11-29,13.65,14.29,12.70,13.05,2067419,27823138.00
2023-11-30,12.68,14.10,12.40,13.10,1869771,24775982.00
2023-12-01,13.00,13.69,12.54,12.58,2139916,28108506.00
2023-12-04,12.19,12.47,11.53,11.95,1497639,17965556.00
2023-12-05,11.92,15.53,11.90,15.41,6044504,88023576.00
2023-12-06,14.50,16.95,13.53,14.72,5194517,77566552.00
2023-12-07,14.10,15.36,14.10,14.82,3137839,46273972.00
2023-12-08,14.60,15.30,14.35,14.52,2071383,30620576.00
2023-12-11,14.29,14.50,13.04,13.51,1928156,26193700.00
2023-12-12,13.44,14.03,13.25,13.95,1308161,17939506.00
2023-12-13,13.77,14.53,13.59,14.20,1826336,25885636.00
2023-12-14,14.20,14.79,14.10,14.42,2048173,29690444.00
2023-12-15,14.25,14.76,14.13,14.45,1133372,16287221.00
2023-12-18,14.55,15.16,14.43,15.15,1899401,28261616.00
2023-12-19,15.01,15.45,14.65,15.06,1729484,26012510.00
2023-12-20,14.93,15.50,14.72,15.46,1918315,29171506.00
2023-12-21,15.40,15.92,12.90,13.61,2111853,31176550.00
2023-12-22,13.47,14.05,13.31,13.84,892205,12234134.00
2023-12-25,13.85,14.45,13.85,14.45,1149397,16341017.00
2023-12-26,14.47,15.20,13.88,14.80,1295178,18814482.00
2023-12-27,14.68,15.35,14.16,15.15,1546731,23160274.00
2023-12-28,14.98,16.20,14.92,15.71,2392303,36940600.00
2023-12-29,15.47,15.92,15.22,15.80,1432005,22403342.00
2024-01-02,15.80,16.36,15.62,16.29,2434722,38958116.00
2024-01-03,16.26,17.26,15.93,16.52,2335604,38592672.00
2024-01-04,16.30,16.89,15.70,16.41,1763270,28653248.00
2024-01-05,16.33,16.67,15.45,15.80,1204482,19389822.00
2024-01-08,15.51,15.84,14.70,14.71,829914,12617155.00
2024-01-09,14.87,14.89,13.63,14.13,930702,13237523.00
2024-01-10,14.14,15.38,13.80,15.24,2003842,29628930.00
2024-01-11,15.18,15.30,14.62,14.99,1252653,18716326.00
2024-01-12,15.20,15.20,13.23,13.28,1137020,16210111.00
2024-01-15,13.10,13.50,12.60,12.84,672444,8738738.00
2024-01-16,12.89,13.78,12.31,13.59,1210220,15806936.00
2024-01-17,13.40,13.95,13.15,13.15,1134114,15348351.00
2024-01-18,13.15,13.77,12.80,13.66,900678,11972607.00
2024-01-19,13.51,14.50,13.51,14.20,1244066,17548138.00
2024-01-22,14.14,14.45,13.09,13.77,1011604,14219610.00
2024-01-23,13.66,14.00,13.50,13.88,568965,7839618.00
2024-01-24,13.88,14.25,13.53,14.07,773796,10787930.00
2024-01-25,13.90,14.09,13.40,13.75,691970,9545619.00
2024-01-26,13.60,13.98,13.50,13.62,340379,4677150.50
2024-01-29,13.60,13.60,12.35,12.36,562521,7169373.00
2024-01-30,12.47,12.47,11.47,11.81,562219,6657778.00
2024-01-31,11.84,12.17,11.47,11.80,381885,4543683.50
2024-02-01,11.70,11.78,11.15,11.20,309919,3545376.00
2024-02-02,11.23,11.87,10.50,10.74,817736,9155310.00
2024-02-05,10.52,10.61,9.30,10.19,759934,7585516.50
2024-02-06,10.10,11.60,9.91,11.50,545020,5959667.50
2024-02-07,11.50,12.24,11.12,11.48,558800,6551101.00
2024-02-08,11.40,11.98,10.68,11.44,318804,3626094.00
2024-02-19,11.44,11.86,11.14,11.84,329496,3806911.25
2024-02-20,11.64,12.15,11.50,12.01,442968,5269037.50
2024-02-21,11.90,12.34,11.90,12.05,429158,5198282.00
2024-02-22,11.95,12.13,11.71,11.83,387573,4603032.50
2024-02-23,11.78,11.86,11.21,11.44,560785,6438338.50
2024-02-26,11.50,11.71,11.25,11.57,437605,5023085.50
2024-02-27,11.69,12.28,11.50,12.16,674014,8097920.50
2024-02-28,12.44,12.68,11.80,11.83,795323,9726442.00
2024-02-29,11.80,12.05,11.50,12.05,729800,8575614.00
2024-03-01,11.92,11.98,11.74,11.94,469144,5569742.00
2024-03-04,11.79,11.89,11.25,11.37,752995,8605915.00
2024-03-05,11.26,11.31,10.70,10.78,429561,4694959.50
2024-03-06,10.78,11.08,10.75,10.96,259751,2829259.50
2024-03-07,10.92,11.05,10.71,10.87,254897,2776580.00
2024-03-08,10.85,11.05,10.80,10.90,171815,1870816.38
2024-03-11,10.90,11.10,10.87,11.10,153752,1684870.25
2024-03-12,11.10,11.20,11.00,11.13,309073,3428337.75
2024-03-13,11.07,11.12,10.75,10.80,400476,4352731.00
2024-03-14,10.81,10.90,10.65,10.75,252165,2721703.25
2024-03-15,10.75,11.41,10.68,11.34,787253,8799852.00
2024-03-18,11.34,11.37,11.14,11.37,429531,4834927.50
2024-03-19,11.45,12.12,11.32,11.45,897208,10456400.00
2024-03-20,11.55,11.90,11.42,11.84,859414,10112084.00
2024-03-21,11.74,11.92,11.52,11.72,612371,7121908.50
2024-03-22,11.76,12.59,11.76,12.24,1828410,22396342.00
2024-03-25,11.55,11.75,11.04,11.17,1472912,16652889.00
2024-03-26,11.09,11.09,10.68,10.73,738087,7991798.50
2024-03-27,10.83,11.50,10.60,10.80,913990,10199485.00
2024-03-28,10.65,10.83,10.30,10.65,785760,8254095.50
2024-03-29,10.65,10.66,10.50,10.56,403579,4269952.50
2024-04-01,10.53,10.64,10.52,10.60,346415,3666025.00
2024-04-02,10.63,10.75,10.50,10.60,319853,3390137.50
2024-04-03,10.54,10.95,10.45,10.90,429114,4587225.00
2024-04-08,10.84,11.25,10.53,10.90,903960,9863676.00
2024-04-09,10.84,11.00,10.65,10.88,572188,6175462.50
2024-04-10,10.87,11.40,10.72,11.02,551963,6165340.50
2024-04-11,11.00,11.00,10.52,10.64,430133,4602069.50
2024-04-12,10.67,10.69,10.34,10.35,327802,3445783.75
2024-04-15,10.43,10.50,10.00,10.03,447569,4582117.50
2024-04-16,9.97,9.97,9.56,9.62,232983,2258986.75
2024-04-17,9.76,10.05,9.76,10.03,151315,1507318.75
2024-04-18,9.99,10.20,9.90,9.99,146108,1469747.50
2024-04-19,9.89,10.04,9.65,9.85,209960,2063112.88
2024-04-22,9.84,9.99,9.70,9.90,73462,723659.38
2024-04-23,9.82,10.08,9.82,10.08,143239,1428784.50
2024-04-24,10.08,10.08,9.92,9.99,59665,595797.50
2024-04-25,9.93,9.96,9.86,9.87,228097,2260229.25
2024-04-26,9.88,9.95,9.80,9.90,162513,1607753.38
2024-04-29,10.22,10.54,10.16,10.43,509855,5295781.50
2024-04-30,10.47,10.90,10.40,10.63,372013,3953990.50
2024-05-06,10.63,11.00,10.63,10.86,375072,4067320.75
2024-05-07,10.97,10.97,10.68,10.73,253904,2723597.50
2024-05-08,10.69,10.81,10.64,10.71,171442,1834911.63
2024-05-09,10.66,10.90,10.66,10.75,537243,5785783.00
2024-05-10,10.69,10.92,10.69,10.76,269279,2915966.25
2024-05-13,10.69,11.28,10.55,10.70,697826,7667744.00
2024-05-14,10.70,10.84,10.61,10.76,210571,2257210.50
2024-05-15,10.72,10.93,10.51,10.52,233536,2492813.00
2024-05-16,10.52,10.61,10.48,10.53,217111,2287250.00
2024-05-17,10.49,10.62,10.44,10.54,122900,1297373.38
2024-05-20,10.57,10.63,10.51,10.57,190372,2011636.50
2024-05-21,10.57,10.63,10.50,10.58,91576,965164.00
2024-05-22,10.60,10.80,10.60,10.71,207140,2221314.25
2024-05-23,10.45,11.25,10.34,10.84,783840,8468586.00
2024-05-24,10.72,11.03,10.70,10.70,334286,3618660.75
2024-05-27,10.67,10.75,10.43,10.57,259586,2741141.00
2024-05-28,10.58,10.68,10.48,10.58,180389,1910788.38
2024-05-29,10.61,10.70,10.57,10.67,119015,1264020.88
2024-05-30,10.60,10.72,10.58,10.71,175693,1870233.13
2024-05-31,10.71,10.73,10.46,10.61,160942,1706580.50
2024-06-03,10.58,10.58,10.06,10.20,243164,2497505.50
2024-06-04,10.19,10.40,10.00,10.37,190563,1956882.63
2024-06-05,10.28,10.41,10.09,10.18,96614,984538.06
2024-06-06,10.17,10.17,9.66,9.83,203752,2008715.63
2024-06-07,9.87,9.98,9.66,9.92,115040,1125500.00
2024-06-11,9.92,9.97,9.79,9.93,68365,677100.06
2024-06-12,9.94,10.04,9.93,9.98,33430,333584.84
2024-06-13,9.97,9.98,9.80,9.92,51919,514705.06
2024-06-14,9.87,10.04,9.86,10.00,23842,236692.97
2024-06-17,9.92,10.06,9.78,10.04,128148,1275876.88
2024-06-18,10.06,10.06,9.87,10.01,46493,463460.16
2024-06-19,10.00,10.40,9.93,10.12,114771,1168265.75
2024-06-20,10.12,10.12,9.83,9.91,98977,981256.81
2024-06-21,9.95,10.18,9.86,10.04,86609,870329.94
2024-06-24,10.04,10.09,9.74,9.80,70425,694021.69
2024-06-25,9.89,9.89,9.64,9.68,105376,1026802.25
2024-06-26,9.70,9.88,9.70,9.85,69918,686812.31
2024-06-27,9.86,9.86,9.71,9.74,52851,516728.19
2024-06-28,9.83,9.84,9.57,9.75,152248,1480411.88
2024-07-01,9.76,10.09,9.57,9.88,116426,1142448.13
2024-07-02,9.98,10.00,9.76,9.90,153676,1521618.25
2024-07-03,9.86,10.22,9.86,9.89,117723,1175183.50
2024-07-04,9.81,9.94,9.62,9.68,174973,1707542.63
2024-07-05,9.77,9.77,9.40,9.55,148803,1418781.13
2024-07-08,9.54,9.54,9.32,9.34,89036,838222.00
2024-07-09,9.35,9.43,9.25,9.41,73981,691198.06
2024-07-10,9.24,9.52,9.23,9.32,73712,690404.94
2024-07-11,9.41,9.66,9.38,9.58,83982,801541.31
2024-07-12,9.61,9.62,9.43,9.49,49736,475079.06
2024-07-15,9.41,9.51,9.33,9.38,49318,462636.84
2024-07-16,9.41,9.73,9.33,9.71,201053,1932986.00
2024-07-17,9.73,10.70,9.71,10.48,697917,7230899.50
2024-07-18,10.41,10.41,10.03,10.13,313626,3181271.75
2024-07-19,10.10,10.21,10.00,10.09,143400,1453226.13
2024-07-22,10.09,10.09,9.73,9.89,111212,1097156.13
2024-07-23,9.92,9.99,9.64,9.64,118418,1166353.13
2024-07-24,9.74,9.75,9.46,9.58,93088,890138.38
2024-07-25,9.50,9.72,9.42,9.68,67382,647128.13
2024-07-26,9.68,9.73,9.54,9.70,104209,1009534.94
2024-07-29,9.64,9.72,9.51,9.69,48057,464210.88
2024-07-30,9.57,10.08,9.37,10.03,267174,2640459.50
2024-07-31,10.03,10.23,9.92,10.22,173212,1750749.75
2024-08-01,10.06,10.26,9.97,10.00,122204,1231192.50
2024-08-02,9.95,10.11,9.83,10.01,142541,1414518.00
2024-08-05,9.90,10.06,9.66,9.90,100914,998660.25
2024-08-06,9.92,9.93,9.80,9.92,44970,444889.69
2024-08-07,9.95,9.98,9.81,9.92,78466,777688.75
2024-08-08,9.92,10.75,9.80,10.26,400796,4114181.25
2024-08-09,10.15,10.35,10.02,10.17,179217,1817330.25
2024-08-12,10.15,10.19,10.00,10.19,124090,1250541.38
2024-08-13,10.22,10.22,10.07,10.18,67912,689861.88
2024-08-14,10.25,10.25,10.02,10.12,58085,587176.25
2024-08-15,10.18,10.20,10.03,10.14,106271,1075328.88
2024-08-16,10.17,10.19,9.92,10.06,81342,817929.50
2024-08-19,10.05,10.30,9.97,10.05,156375,1577172.13
2024-08-20,10.05,10.12,9.97,9.97,30733,308964.56
2024-08-21,10.00,10.08,9.88,9.99,20851,207464.05
2024-08-22,9.93,10.02,9.70,9.70,108376,1072061.63
2024-08-23,9.60,9.82,9.56,9.69,45842,442890.34
2024-08-26,9.72,9.72,9.54,9.61,32115,308714.78
2024-08-27,9.54,9.59,9.50,9.50,43354,412745.38
2024-08-28,9.56,9.58,9.46,9.51,31428,298493.16
2024-08-29,9.52,9.83,9.52,9.78,161469,1565902.25
2024-08-30,9.83,10.10,9.64,9.99,171516,1700140.00
2024-09-02,10.01,10.08,9.85,9.85,94327,938061.94
2024-09-03,9.88,10.02,9.75,9.91,28895,286603.72
2024-09-04,9.91,9.98,9.75,9.75,29883,295702.41
2024-09-05,9.82,9.98,9.77,9.91,37512,372318.19
2024-09-06,9.98,9.98,9.74,9.79,53025,519108.19
2024-09-09,9.79,9.83,9.60,9.66,24670,238838.03
2024-09-10,9.54,9.68,9.48,9.60,67886,647342.56
2024-09-11,9.51,9.64,9.51,9.54,23632,225692.59
2024-09-12,9.54,9.66,9.54,9.54,28180,269151.88
2024-09-13,9.62,9.72,9.40,9.54,78495,749178.25
2024-09-18,9.54,9.69,9.41,9.44,56869,539906.13
2024-09-19,9.44,10.33,9.37,9.78,409199,4099698.25
2024-09-20,9.74,9.88,9.57,9.63,196317,1899486.25
2024-09-23,9.60,9.78,9.53,9.58,103591,998895.06
2024-09-24,9.68,9.85,9.56,9.83,127870,1247195.00
2024-09-25,9.94,10.10,9.85,9.95,251281,2495413.50
2024-09-26,9.98,10.20,9.89,10.20,236746,2389624.75
2024-09-27,10.33,11.15,10.32,10.88,687550,7452708.50
2024-09-30,11.40,12.89,11.08,12.61,1608049,19388488.00
2024-10-08,15.13,15.70,12.60,14.70,2382184,33962224.00
2024-10-09,13.50,14.20,12.03,12.03,1286008,17021880.00
2024-10-10,12.09,12.58,11.66,11.85,1007976,12222445.00
2024-10-11,11.93,12.07,11.31,11.45,700929,8226776.00
2024-10-14,11.37,11.96,11.33,11.87,587670,6854154.00
2024-10-15,11.93,12.19,11.60,11.60,633777,7540885.50
2024-10-16,11.50,11.84,11.29,11.80,698792,8088590.50
2024-10-17,11.90,12.69,11.88,12.06,1329163,16305841.00
2024-10-18,12.12,12.93,11.92,12.68,1398100,17431268.00
2024-10-21,12.62,13.88,12.62,13.79,2122659,28465654.00
2024-10-22,13.79,14.58,13.30,13.82,2377532,33072078.00
2024-10-23,13.70,14.10,13.20,14.00,1584697,21857664.00
2024-10-24,13.89,14.67,13.75,14.56,1881405,26980668.00
2024-10-25,14.53,15.48,14.30,14.73,2648789,39656572.00
2024-10-28,16.01,19.14,16.01,19.14,4403008,81202584.00
2024-10-29,19.88,24.83,19.80,22.90,8783527,193310256.00
2024-10-30,21.00,21.89,19.51,19.74,5748376,118922888.00
2024-10-31,19.23,20.19,18.25,19.38,4493440,85090248.00
2024-11-01,19.10,25.00,18.51,22.46,7042817,151436784.00
2024-11-04,21.26,25.98,20.39,24.56,6574535,152630976.00
2024-11-05,24.05,26.00,23.09,24.38,6190419,150015776.00
2024-11-06,23.88,26.70,23.33,25.22,5879364,144310176.00
2024-11-07,24.50,31.83,24.41,27.79,6784895,191653648.00
2024-11-08,26.66,28.00,25.97,26.00,4844620,128566304.00
2024-11-11,25.35,25.46,23.79,25.35,2962723,72794200.00
2024-11-12,25.38,25.92,24.28,24.97,1836176,45958288.00
2024-11-13,24.95,24.97,23.00,24.25,1769022,42131848.00
2024-11-14,23.90,24.35,23.06,23.45,1320877,31329248.00
2024-11-15,23.67,23.70,22.61,22.96,1472375,34087288.00
2024-11-18,22.94,23.48,22.23,22.81,1319458,30224132.00
2024-11-19,22.85,22.90,21.00,22.25,1495944,32790582.00
2024-11-20,22.00,23.65,21.78,23.52,1538873,35445044.00
2024-11-21,23.68,25.80,23.30,25.25,2588317,63510816.00
2024-11-22,26.36,26.36,23.43,23.58,1977257,49153100.00
2024-11-25,23.05,23.76,22.36,22.88,1155925,26523338.00
2024-11-26,22.99,28.60,22.91,27.45,5926301,153887440.00
2024-11-27,26.10,29.98,24.50,28.50,6017721,161687168.00
2024-11-28,28.58,32.32,26.62,27.46,5999609,175301184.00
2024-11-29,27.45,29.39,26.36,27.30,4118868,115681080.00
2024-12-02,26.44,28.57,25.82,27.48,3659807,98525088.00
2024-12-03,27.48,27.48,27.48,27.48,0,0.00
#数据来源:通达信
