839725 惠丰钻石 日线 不复权
      日期	    开盘	    最高	    最低	    收盘	    成交量	    成交额
2020-04-02,4.00,4.01,4.00,4.01,400,1602.00
2020-04-03,3.95,4.01,3.95,3.99,600,2391.00
2020-04-07,3.98,4.00,3.98,4.00,800,3188.00
2020-04-08,3.99,3.99,3.99,3.99,500,1995.00
2020-04-09,3.99,4.00,3.99,4.00,1300,5194.00
2020-04-10,3.99,4.00,3.99,4.00,1300,5193.00
2020-04-13,3.99,4.00,3.99,4.00,1100,4397.00
2020-04-14,5.00,5.00,5.00,5.00,100,500.00
2020-05-15,6.00,6.00,6.00,6.00,300,2394.00
2020-05-21,6.00,6.00,6.00,6.00,100,600.00
2020-06-03,5.80,5.80,5.80,5.80,100,580.00
2020-06-18,8.00,8.00,8.00,8.00,100,800.00
2020-06-22,10.00,10.00,10.00,10.00,100,1000.00
2020-07-30,5.00,5.00,5.00,5.00,100,500.00
2020-08-21,3.51,3.51,3.51,3.51,100,351.00
2020-09-09,2.81,2.81,2.81,2.81,200,562.00
2020-09-30,5.48,5.48,5.48,5.48,200,1096.00
2021-01-21,2.74,2.74,2.74,2.74,100,274.00
2021-05-07,5.00,5.05,5.00,5.05,400,2007.01
2021-05-21,5.20,10.06,5.20,10.06,400,3052.00
2021-05-28,19.98,19.98,19.98,19.98,100,1998.00
2021-06-23,9.88,9.88,9.88,9.88,300,2954.12
2021-08-02,14.99,14.99,14.99,14.99,100,1499.00
2021-08-09,14.99,14.99,14.99,14.99,100,1499.00
2021-09-09,15.10,15.10,15.10,15.10,100,1510.00
2021-09-13,30.05,30.05,23.00,30.00,500,14275.00
2021-09-14,19.87,19.87,19.87,19.87,100,1988.00
2021-09-16,30.00,30.10,30.00,30.10,200,6010.00
2021-09-22,55.00,55.00,55.00,55.00,100,5500.00
2021-09-23,60.00,60.00,59.99,59.99,200,11999.00
2021-09-24,59.99,99.00,59.99,99.00,300,23680.00
2021-09-27,97.99,97.99,97.99,97.99,100,9799.00
2021-09-29,97.99,97.99,50.00,50.00,1000,60039.96
2021-10-11,98.00,98.00,98.00,98.00,200,17444.00
2021-10-12,90.00,90.00,90.00,90.00,300,27000.00
2021-10-13,80.00,80.00,45.36,45.36,900,72952.56
2021-10-14,53.32,53.32,53.32,53.32,100,6398.40
2021-10-15,68.00,68.00,68.00,68.00,2100,142800.00
2021-10-18,68.00,72.00,68.00,72.00,5500,385795.00
2021-10-19,73.23,73.23,73.23,73.23,300,21969.00
2021-10-21,68.00,68.11,67.00,67.00,600,40623.00
2021-10-22,70.76,72.00,67.92,68.19,700,48606.00
2021-10-25,67.05,68.23,67.05,68.00,2800,188546.00
2021-10-26,63.30,63.30,63.23,63.23,3200,201211.41
2021-10-27,60.00,60.00,60.00,60.00,200,12000.00
2021-10-28,51.30,51.30,50.80,50.80,200,10117.40
2021-10-29,66.66,66.66,66.66,66.66,500,31930.14
2021-11-04,53.33,53.33,53.33,53.33,200,10825.99
2021-11-08,66.66,66.66,59.87,60.00,700,44628.71
2021-11-11,60.00,62.00,60.00,60.08,3500,209067.22
2021-11-12,57.77,60.08,57.77,59.99,2100,126168.64
2021-11-15,66.66,66.66,58.00,59.68,4700,284598.88
2021-11-16,66.60,66.60,59.00,59.00,3200,191357.88
2021-11-17,60.00,60.00,58.88,58.88,3600,213482.00
2021-11-18,55.11,58.88,55.11,57.88,900,52207.00
2021-11-19,58.84,59.98,58.84,59.98,200,11882.00
2021-11-22,58.08,60.66,58.08,60.10,7400,433277.47
2021-11-23,58.08,60.66,58.08,58.88,9800,577362.00
2021-11-24,60.00,60.00,59.00,59.00,1000,59800.00
2021-11-25,60.00,60.00,58.00,58.00,2100,122001.00
2021-11-26,59.99,63.33,59.99,63.33,1700,102515.50
2021-11-29,63.34,77.66,58.18,69.00,3500,231937.92
2021-11-30,72.80,72.80,69.99,69.99,700,49973.90
2021-12-01,66.00,75.00,66.00,75.00,200,14100.00
2021-12-02,66.01,69.80,66.01,69.80,300,20182.00
2021-12-03,69.80,69.80,62.22,67.76,1000,67698.36
2021-12-06,56.13,65.55,56.13,65.55,200,12729.30
2021-12-08,60.00,62.00,60.00,62.00,700,44725.79
2021-12-09,68.87,68.87,63.33,63.33,300,20935.56
2021-12-10,60.00,64.78,60.00,64.78,200,12478.00
2021-12-14,65.00,65.00,64.00,64.00,600,39270.00
2021-12-17,64.00,64.00,64.00,64.00,1500,97472.00
2021-12-23,60.36,60.36,60.36,60.36,300,18108.00
2021-12-24,65.87,65.87,65.87,65.87,200,13174.00
2021-12-27,65.00,65.00,65.00,65.00,400,26000.00
2021-12-29,64.00,69.99,60.23,69.99,1200,73026.70
2021-12-30,66.58,66.58,62.00,64.79,900,58394.00
2021-12-31,64.44,65.00,64.44,65.00,300,18785.64
2022-01-04,65.00,65.00,65.00,65.00,100,6500.00
2022-01-05,62.66,62.66,62.66,62.66,200,12532.00
2022-01-10,62.11,62.11,62.11,62.11,500,31551.88
2022-01-12,62.51,66.19,62.51,66.19,300,19122.00
2022-01-13,65.97,65.97,65.97,65.97,400,26388.00
2022-01-14,66.67,67.80,66.66,67.80,1500,97351.00
2022-01-17,67.80,67.80,66.79,66.82,500,33699.02
2022-01-21,63.02,63.02,60.28,62.00,1200,72740.50
2022-01-24,64.99,67.49,64.99,67.00,1500,100386.00
2022-01-27,66.80,66.80,65.00,65.00,600,40972.26
2022-01-28,67.44,67.44,67.39,67.39,800,52170.60
2022-02-07,67.43,67.43,67.41,67.41,800,55684.66
2022-02-08,65.15,67.30,65.00,67.30,1600,105485.00
2022-02-09,63.43,66.06,63.43,66.06,300,19555.00
2022-02-10,66.99,66.99,66.99,66.99,200,13398.00
2022-02-11,65.19,65.19,65.03,65.03,600,39051.00
2022-02-14,65.23,66.87,65.23,65.23,600,39468.00
2022-02-15,65.23,66.36,65.23,66.36,100,6962.15
2022-02-16,66.66,66.66,66.66,66.66,200,16398.36
2022-02-18,65.00,65.00,65.00,65.00,500,32500.00
2022-02-21,65.01,66.65,65.00,65.00,1300,83103.00
2022-02-22,67.50,67.50,62.60,62.60,200,13010.00
2022-02-23,62.61,62.61,62.61,62.61,100,6261.00
2022-02-24,63.00,63.00,63.00,63.00,800,49203.00
2022-02-28,60.24,63.23,60.24,63.23,100,8668.93
2022-03-02,63.00,63.00,60.00,60.13,700,41131.00
2022-03-03,63.00,63.00,62.13,62.13,1000,62695.02
2022-03-04,63.00,66.66,63.00,66.06,7400,490502.03
2022-03-07,66.07,67.48,66.07,67.48,500,33088.36
2022-07-18,31.60,32.90,29.18,29.20,6521813,202579680.00
2022-07-19,29.50,32.00,28.53,31.51,2784858,84701264.00
2022-07-20,32.53,40.20,32.53,38.12,3091682,112197840.00
2022-07-21,38.28,41.59,36.50,37.80,2480936,95989608.00
2022-07-22,38.78,40.50,37.52,40.24,1694617,66249184.00
2022-07-25,40.50,44.50,40.25,44.50,1758022,74013240.00
2022-07-26,44.40,56.66,44.03,54.30,2631105,132737256.00
2022-07-27,52.83,54.80,49.00,51.30,2269000,116216160.00
2022-07-28,52.00,54.88,49.56,53.20,1678179,87462688.00
2022-07-29,53.01,53.76,47.78,47.99,1574087,78232384.00
2022-08-01,47.70,50.30,46.50,47.45,1013838,48894192.00
2022-08-02,47.60,47.60,41.80,43.40,1871023,82469520.00
2022-08-03,47.00,53.50,45.80,50.69,2256001,110304672.00
2022-08-04,49.70,54.50,49.70,51.40,1374140,72159888.00
2022-08-05,52.00,52.29,48.90,51.30,1153355,57812724.00
2022-08-08,50.89,50.89,48.42,49.58,1001445,49512424.00
2022-08-09,49.68,49.72,47.70,47.80,956623,46277484.00
2022-08-10,48.15,50.39,46.58,49.51,1148173,56024868.00
2022-08-11,49.11,51.80,49.00,49.32,875198,43702232.00
2022-08-12,49.00,51.00,46.88,49.02,952325,47147776.00
2022-08-15,51.50,58.18,51.30,56.50,2169134,117595456.00
2022-08-16,53.81,55.80,53.48,54.31,1240199,67218896.00
2022-08-17,55.49,60.20,55.00,57.51,1601808,92653464.00
2022-08-18,56.69,60.87,56.62,59.60,1262331,74339088.00
2022-08-19,60.00,60.03,56.06,57.15,1078989,62182928.00
2022-08-22,56.74,56.77,54.36,55.13,666063,36729280.00
2022-08-23,54.86,57.70,54.50,56.37,520756,29388060.00
2022-08-24,56.25,56.25,51.50,52.64,877034,46606024.00
2022-08-25,52.65,53.75,51.71,52.55,358850,18901558.00
2022-08-26,53.00,53.37,51.98,52.00,441811,23210560.00
2022-08-29,52.27,54.93,50.03,54.04,577657,30544710.00
2022-08-30,52.85,53.86,51.15,52.46,511892,26751916.00
2022-08-31,52.99,54.48,51.01,51.33,400853,20912038.00
2022-09-01,52.20,52.20,48.19,48.39,701111,35008496.00
2022-09-02,48.74,49.30,47.00,47.73,406205,19498214.00
2022-09-05,48.09,48.50,46.21,46.75,463562,22153430.00
2022-09-06,47.35,48.20,47.00,47.74,282370,13457516.00
2022-09-07,47.69,48.12,46.67,47.98,340339,16174516.00
2022-09-08,47.98,48.00,46.50,46.50,298878,14071097.00
2022-09-09,47.17,47.52,46.68,46.68,203704,9580351.00
2022-09-13,46.26,47.44,46.19,46.39,320359,14913847.00
2022-09-14,45.15,46.00,45.00,45.00,323826,14704903.00
2022-09-15,45.00,45.19,41.00,41.51,664498,28137634.00
2022-09-16,41.05,44.78,41.02,42.62,701559,30557210.00
2022-09-19,42.18,42.99,39.90,40.00,579656,23539494.00
2022-09-20,40.02,41.37,40.02,41.02,286614,11722504.00
2022-09-21,41.44,44.10,40.40,42.75,633671,27235836.00
2022-09-22,42.86,46.37,42.01,44.89,622167,27674018.00
2022-09-23,44.77,44.89,42.15,42.29,368503,15863557.00
2022-09-26,42.28,42.45,40.57,40.57,333471,13808179.00
2022-09-27,40.89,41.28,39.51,40.15,460734,18499210.00
2022-09-28,40.05,40.20,37.96,37.96,457202,17851544.00
2022-09-29,38.97,40.46,38.00,38.72,336443,13139323.00
2022-09-30,38.67,39.66,38.03,39.00,273807,10639611.00
2022-10-10,39.07,39.40,37.16,37.16,382240,14472911.00
2022-10-11,37.18,37.71,36.60,36.99,209587,7749097.00
2022-10-12,36.70,37.25,35.45,37.07,342675,12437644.00
2022-10-13,36.98,37.35,36.51,36.90,224694,8283288.50
2022-10-14,37.35,38.14,36.61,37.78,383323,14407128.00
2022-10-17,37.75,37.75,36.12,36.90,481510,17612784.00
2022-10-18,36.91,37.30,36.13,36.45,317203,11557225.00
2022-10-19,36.13,37.30,36.13,36.67,338372,12471328.00
2022-10-20,36.20,37.10,36.13,36.30,329718,12039150.00
2022-10-21,36.40,40.18,36.22,40.08,854446,32688246.00
2022-10-24,39.59,39.93,37.92,38.03,769415,29771288.00
2022-10-25,37.50,37.76,36.81,37.09,361614,13435445.00
2022-10-26,36.73,38.94,36.73,38.23,376317,14373215.00
2022-10-27,37.90,38.60,37.54,37.55,254136,9623736.00
2022-10-28,37.57,37.89,36.26,36.30,294032,10813244.00
2022-10-31,36.29,36.66,35.84,36.46,195020,7055018.50
2022-11-01,36.03,37.94,36.03,37.35,241463,8952775.00
2022-11-02,37.56,37.86,37.08,37.79,288777,10854471.00
2022-11-03,37.67,39.83,37.30,38.59,389524,15010116.00
2022-11-04,38.51,39.73,38.50,39.45,511134,20117656.00
2022-11-07,39.10,42.60,39.10,41.30,631185,25824226.00
2022-11-08,44.89,47.80,44.08,44.95,1360200,62527768.00
2022-11-09,45.09,45.99,42.43,44.93,1022157,44773588.00
2022-11-10,43.96,44.55,43.09,43.40,382676,16695645.00
2022-11-11,44.44,44.85,42.77,42.94,465163,20158478.00
2022-11-14,43.50,43.75,41.18,41.31,430409,18158342.00
2022-11-15,41.29,42.66,40.54,41.95,246719,10302816.00
2022-11-16,42.00,42.00,41.14,41.23,282414,11723410.00
2022-11-17,41.10,41.50,40.62,41.08,157002,6440734.00
2022-11-18,41.01,41.40,40.80,41.07,181020,7416853.50
2022-11-21,41.54,43.43,41.54,42.68,381189,16286493.00
2022-11-22,42.77,42.77,41.51,41.68,189307,7941611.00
2022-11-23,41.93,42.38,40.88,42.25,164715,6867812.50
2022-11-24,41.88,42.40,41.66,41.79,103051,4327491.00
2022-11-25,41.61,41.80,41.11,41.29,102809,4238078.50
2022-11-28,41.30,43.46,41.29,42.85,333255,14219257.00
2022-11-29,42.13,43.30,42.12,42.32,247089,10552429.00
2022-11-30,42.01,42.42,41.62,41.78,191597,8023403.00
2022-12-01,41.79,42.63,41.79,42.38,218981,9221712.00
2022-12-02,42.89,42.95,41.81,42.13,286881,12068242.00
2022-12-05,20.61,21.30,20.50,20.52,505654,10442057.00
2022-12-06,20.51,20.52,19.51,19.60,548704,10946063.00
2022-12-07,19.35,19.66,18.60,18.61,702384,13319232.00
2022-12-08,18.58,18.82,18.11,18.20,427816,7870581.00
2022-12-09,18.22,18.65,18.21,18.35,268651,4940448.00
2022-12-12,18.15,18.71,18.15,18.45,281590,5204061.00
2022-12-13,18.30,18.55,18.03,18.03,216501,3966308.75
2022-12-14,18.13,18.49,18.00,18.00,325382,5922361.50
2022-12-15,18.10,18.22,17.61,17.78,317255,5658788.00
2022-12-16,17.81,17.81,17.10,17.20,442501,7651899.00
2022-12-19,17.17,17.17,16.47,16.53,537048,8922716.00
2022-12-20,16.55,17.52,16.54,17.30,392891,6662993.00
2022-12-21,17.03,18.49,17.03,18.07,800317,14460361.00
2022-12-22,18.05,18.49,16.90,17.40,463627,8292156.00
2022-12-23,17.06,17.06,16.58,16.83,365871,6134755.00
2022-12-26,16.79,16.80,16.51,16.66,375693,6266496.50
2022-12-27,16.86,17.78,16.66,17.55,433760,7521629.50
2022-12-28,17.70,17.95,17.21,17.55,232849,4090965.75
2022-12-29,17.21,17.52,17.06,17.30,243367,4205415.50
2022-12-30,17.30,17.58,17.11,17.44,161292,2803705.00
2023-01-03,17.12,18.19,17.10,17.70,242526,4251026.50
2023-01-04,17.69,17.78,17.43,17.55,187953,3298441.75
2023-01-05,16.57,17.69,16.57,17.55,377697,6553858.00
2023-01-06,17.49,18.45,17.40,17.95,408421,7341466.50
2023-01-09,18.00,18.28,17.86,17.95,197096,3546351.50
2023-01-10,17.72,18.17,17.72,17.87,159276,2857651.50
2023-01-11,18.18,19.50,17.88,18.50,932171,17386808.00
2023-01-12,18.43,18.61,17.96,18.08,373892,6802685.50
2023-01-13,18.35,18.35,17.91,18.16,271123,4897789.00
2023-01-16,18.26,18.26,17.87,17.97,695068,12504365.00
2023-01-17,18.00,18.24,17.82,18.14,329210,5952464.00
2023-01-18,18.59,18.59,18.01,18.18,203202,3706264.00
2023-01-19,18.28,18.28,18.07,18.12,171335,3106790.75
2023-01-20,18.29,18.42,18.15,18.41,199830,3659993.50
2023-01-30,19.30,19.48,18.76,19.00,893755,17043820.00
2023-01-31,18.88,21.68,18.80,20.86,2277154,45973876.00
2023-02-01,20.54,21.34,20.18,20.45,1181218,24431922.00
2023-02-02,20.60,20.99,19.82,19.94,815877,16397787.00
2023-02-03,19.90,19.90,19.48,19.56,526489,10324764.00
2023-02-06,19.30,19.33,18.80,18.80,955865,18145696.00
2023-02-07,18.78,19.50,18.78,19.35,846593,16353250.00
2023-02-08,19.18,19.35,18.80,18.80,575517,10932329.00
2023-02-09,18.80,19.50,18.80,19.24,893781,17229024.00
2023-02-10,19.45,19.45,19.08,19.13,247999,4753478.00
2023-02-13,19.13,19.49,19.13,19.29,486490,9397251.00
2023-02-14,19.27,19.48,18.88,19.08,743925,14190474.00
2023-02-15,19.01,19.18,18.94,18.95,557734,10615488.00
2023-02-16,18.94,19.11,18.47,18.56,538535,10146121.00
2023-02-17,18.70,18.90,18.20,18.25,303042,5590459.50
2023-02-20,18.25,18.54,18.25,18.34,300322,5508053.00
2023-02-21,18.38,18.38,17.84,18.07,552126,9994930.00
2023-02-22,17.98,18.00,17.70,17.88,467342,8321564.00
2023-02-23,17.78,17.99,17.65,17.75,253963,4514816.00
2023-02-24,17.78,17.95,17.59,17.88,263709,4669949.00
2023-02-27,17.87,18.70,17.86,18.40,781001,13951601.00
2023-02-28,18.53,18.53,18.10,18.30,200262,3660795.75
2023-03-01,18.35,18.42,18.02,18.40,227693,4152926.75
2023-03-02,18.41,18.43,18.14,18.27,185043,3387659.75
2023-03-03,18.38,18.38,17.33,18.10,314272,5678725.00
2023-03-06,18.10,18.10,17.72,17.85,279242,4970984.50
2023-03-07,17.89,17.89,17.54,17.54,246011,4354954.50
2023-03-08,17.53,18.07,17.42,17.84,270141,4807476.50
2023-03-09,17.85,18.15,17.77,18.02,206373,3716650.00
2023-03-10,17.84,18.05,17.71,17.84,186452,3332436.50
2023-03-13,17.78,17.98,17.33,17.57,277626,4872088.00
2023-03-14,17.44,17.50,17.06,17.26,238103,4099599.75
2023-03-15,17.40,17.40,16.86,17.00,316992,5416686.50
2023-03-16,16.95,16.95,16.52,16.62,209779,3508395.25
2023-03-17,16.88,16.88,16.50,16.54,200205,3322599.50
2023-03-20,16.54,16.54,16.06,16.14,335185,5442544.00
2023-03-21,16.42,16.42,15.99,16.10,313814,5046937.00
2023-03-22,16.10,16.59,16.01,16.37,265175,4351311.00
2023-03-23,16.34,16.34,16.12,16.19,192111,3106237.00
2023-03-24,16.06,16.42,16.04,16.28,183609,2984905.25
2023-03-27,16.28,17.18,16.18,16.70,363641,6076765.50
2023-03-28,16.68,16.74,16.31,16.42,152583,2503674.00
2023-03-29,16.46,16.58,16.15,16.27,112162,1834356.13
2023-03-30,16.37,16.37,16.03,16.15,151319,2442235.50
2023-03-31,16.22,16.23,16.08,16.13,123349,1988113.13
2023-04-03,16.06,16.39,16.00,16.28,165729,2684867.50
2023-04-04,16.14,16.29,16.00,16.12,266207,4281657.50
2023-04-06,16.12,16.36,16.12,16.31,274833,4477741.00
2023-04-07,16.25,16.45,16.16,16.45,179363,2932530.25
2023-04-10,16.36,16.48,16.24,16.34,247767,4036287.50
2023-04-11,16.38,16.44,16.16,16.19,167589,2724060.75
2023-04-12,16.28,16.35,16.09,16.14,145317,2346312.00
2023-04-13,16.08,16.25,16.00,16.00,164957,2644702.00
2023-04-14,16.00,16.26,15.90,16.04,158293,2535331.50
2023-04-17,16.03,16.04,15.86,15.88,329671,4773560.00
2023-04-18,15.82,15.82,15.38,15.50,478983,7427190.50
2023-04-19,15.54,16.15,15.30,15.79,343245,5392083.00
2023-04-20,15.90,15.90,15.65,15.79,167649,2644819.50
2023-04-21,15.98,15.98,15.41,15.47,215583,3339146.75
2023-04-24,15.32,15.51,15.02,15.16,239589,3659188.75
2023-04-25,15.16,15.18,14.52,14.69,309440,4571105.00
2023-04-26,14.88,15.98,14.50,15.55,419758,6415821.00
2023-04-27,15.25,15.77,15.16,15.32,201120,3118243.75
2023-04-28,15.19,15.50,15.19,15.50,96130,1472776.25
2023-05-04,15.49,15.49,14.89,14.97,230400,3478775.50
2023-05-05,14.97,16.70,14.61,16.02,629981,9958803.00
2023-05-08,15.62,16.77,15.62,16.57,753040,12378267.00
2023-05-09,16.59,16.75,16.39,16.39,375110,6188490.00
2023-05-10,16.40,16.40,15.71,15.97,396279,6338857.50
2023-05-11,15.80,16.98,15.80,16.54,502538,8374266.00
2023-05-12,16.69,16.70,16.15,16.26,187856,3084147.25
2023-05-15,16.55,17.37,16.50,17.00,579744,9857993.00
2023-05-16,16.82,17.24,16.65,16.77,256205,4303928.50
2023-05-17,17.20,18.40,17.18,17.86,1084868,19347670.00
2023-05-18,17.42,17.76,17.10,17.73,811750,14079153.00
2023-05-19,17.64,17.64,17.10,17.20,490400,8444145.00
2023-05-22,17.22,17.48,17.05,17.24,342350,5925091.50
2023-05-23,17.45,17.53,17.20,17.24,249839,4312816.00
2023-05-24,17.43,17.59,17.28,17.54,399297,6978814.50
2023-05-25,17.40,17.57,17.05,17.30,451615,7809425.00
2023-05-26,17.13,17.26,17.05,17.13,193530,3319031.25
2023-05-29,17.13,17.13,16.68,16.74,305993,5150212.00
2023-05-30,16.75,16.89,16.50,16.67,185639,3079046.25
2023-05-31,16.68,16.68,16.39,16.59,225443,3709850.75
2023-06-01,16.68,16.68,16.35,16.59,119819,1977688.00
2023-06-02,16.63,17.04,16.60,16.91,167712,2824172.50
2023-06-05,17.07,17.08,16.63,16.83,105056,1757309.75
2023-06-06,16.95,16.96,16.59,16.59,146859,2455976.75
2023-06-07,16.75,16.78,16.61,16.72,112935,1882482.00
2023-06-08,16.80,16.80,16.30,16.36,131484,2169059.50
2023-06-09,16.65,16.65,15.70,15.90,350564,5579324.50
2023-06-12,15.74,15.74,15.26,15.48,158149,2425109.75
2023-06-13,15.27,15.60,15.27,15.50,69104,1068637.00
2023-06-14,15.50,16.14,15.50,15.87,177493,2828347.00
2023-06-15,16.06,16.27,15.80,16.03,107841,1735019.63
2023-06-16,16.31,16.31,15.60,15.76,118243,1896755.88
2023-06-19,15.60,16.20,15.60,15.94,100700,1601295.13
2023-06-20,15.98,16.11,15.79,16.02,63429,1014244.13
2023-06-21,16.15,16.20,15.83,16.19,205621,3307850.50
2023-06-26,16.29,16.29,15.50,15.80,177004,2389749.50
2023-06-27,15.65,15.85,15.53,15.64,182504,3196999.25
2023-06-28,15.58,15.58,15.25,15.52,68885,1059274.38
2023-06-29,15.63,16.04,15.63,15.99,123514,1965818.00
2023-06-30,15.87,16.08,15.85,16.03,89350,1428380.25
2023-07-03,16.00,16.17,15.89,15.93,71743,1145348.75
2023-07-04,16.06,16.06,15.35,15.58,407312,6337276.00
2023-07-05,15.50,15.50,15.33,15.37,164234,2525592.50
2023-07-06,15.37,15.37,15.15,15.15,184742,2816343.75
2023-07-07,15.20,15.29,14.96,15.14,154937,2340294.25
2023-07-10,15.02,15.24,14.94,14.95,148995,2232041.25
2023-07-11,14.89,15.00,14.85,14.95,163984,2445185.50
2023-07-12,14.86,15.00,14.80,14.93,113385,1688748.13
2023-07-13,14.99,14.99,14.89,14.98,116036,1735125.88
2023-07-14,14.98,15.83,14.98,15.40,276785,4259826.50
2023-07-17,15.28,15.39,15.15,15.20,69223,1051907.00
2023-07-18,15.33,15.33,15.10,15.16,62842,951893.69
2023-07-19,15.29,15.29,15.00,15.09,74814,1125571.88
2023-07-20,15.17,15.17,14.97,14.98,101137,1523013.00
2023-07-21,14.98,15.10,14.90,14.95,111459,1669599.25
2023-07-24,14.95,15.20,14.95,15.03,45318,683422.44
2023-07-25,15.17,15.19,14.93,15.13,176940,2659532.75
2023-07-26,15.24,15.24,14.96,14.97,80144,1207916.00
2023-07-27,14.97,14.97,14.50,14.64,278408,4113344.25
2023-07-28,14.50,14.78,14.21,14.68,86316,1260184.38
2023-07-31,14.76,14.99,14.76,14.88,80103,1193808.00
2023-08-01,14.95,14.95,14.83,14.88,28697,426910.44
2023-08-02,14.90,14.97,14.76,14.78,59606,881626.25
2023-08-03,14.74,14.81,14.66,14.70,39514,581926.81
2023-08-04,14.79,14.79,14.65,14.65,53810,790841.13
2023-08-07,14.54,14.68,14.40,14.48,102835,1489136.00
2023-08-08,14.48,14.48,14.22,14.32,201921,2894996.25
2023-08-09,14.20,14.30,14.16,14.21,100987,1434471.00
2023-08-10,14.08,14.79,14.08,14.35,149184,2148565.25
2023-08-11,14.22,14.28,14.13,14.19,108929,1543527.25
2023-08-14,14.18,14.33,14.12,14.16,58260,825092.31
2023-08-15,14.20,14.30,14.11,14.20,24215,342686.97
2023-08-16,14.11,14.25,14.00,14.07,89285,1254251.50
2023-08-17,14.18,14.18,14.01,14.15,47808,674459.13
2023-08-18,14.04,14.24,14.01,14.02,38325,539323.56
2023-08-21,14.02,14.02,12.97,12.99,603888,8038496.00
2023-08-22,13.00,13.00,12.35,12.47,203859,2563102.00
2023-08-23,12.52,12.52,11.94,12.02,332475,4009026.25
2023-08-24,12.02,12.13,11.69,11.71,184791,2185490.00
2023-08-25,11.71,11.82,11.64,11.67,222838,2619826.25
2023-08-28,12.25,12.75,11.77,11.86,245205,2934567.00
2023-08-29,11.96,12.38,11.96,12.18,178849,2178391.50
2023-08-30,12.06,12.46,12.03,12.45,221740,2741702.25
2023-08-31,12.45,12.95,12.36,12.84,253314,3235013.75
2023-09-01,12.93,13.36,12.84,13.26,303946,4013820.00
2023-09-04,13.60,14.45,13.60,14.00,1151731,16322183.00
2023-09-05,13.85,13.93,13.36,13.39,337741,4555970.00
2023-09-06,13.36,14.16,13.36,13.88,563660,7800561.00
2023-09-07,13.82,14.38,13.64,13.80,347605,4898752.50
2023-09-08,13.68,13.89,13.53,13.67,127625,1749069.38
2023-09-11,13.57,13.78,13.38,13.46,169281,2279242.25
2023-09-12,13.59,13.59,13.41,13.44,307715,4153945.25
2023-09-13,13.57,13.74,13.31,13.50,227659,3075159.75
2023-09-14,13.47,14.50,13.47,14.11,811988,11339749.00
2023-09-15,14.15,15.20,14.15,14.81,1394193,20501312.00
2023-09-18,15.00,15.44,14.80,15.18,812072,12323765.00
2023-09-19,15.16,15.16,14.54,14.54,593778,8788255.00
2023-09-20,14.50,14.55,13.87,13.96,538741,7598499.00
2023-09-21,13.83,13.96,13.31,13.40,391022,5356379.00
2023-09-22,13.39,13.68,13.23,13.44,449719,6027550.00
2023-09-25,13.31,13.31,12.76,13.03,282073,3644987.75
2023-09-26,13.14,13.14,13.00,13.10,126045,1643687.00
2023-09-27,13.02,13.09,12.97,13.06,201094,2620315.75
2023-09-28,13.05,13.06,12.84,12.90,286175,3702289.75
2023-10-09,12.89,13.20,12.80,12.85,352994,4597090.50
2023-10-10,12.85,12.93,12.75,12.83,93353,1195738.13
2023-10-11,12.92,12.93,12.85,12.88,73846,951307.06
2023-10-12,13.00,13.00,12.75,12.92,137591,1771326.38
2023-10-13,12.82,12.93,12.56,12.91,109248,1399293.75
2023-10-16,12.80,12.90,12.40,12.54,173145,2187166.25
2023-10-17,12.50,12.63,11.78,11.93,592959,7090669.00
2023-10-18,11.84,11.88,11.50,11.56,188056,2179051.25
2023-10-19,11.62,11.65,11.32,11.43,90787,1036417.00
2023-10-20,11.48,11.66,11.48,11.51,49874,576059.94
2023-10-23,11.51,11.57,11.44,11.50,137025,1573867.88
2023-10-24,11.39,11.80,11.36,11.68,91276,1061320.63
2023-10-25,11.60,11.92,11.59,11.91,89252,1057840.00
2023-10-26,11.95,11.95,11.76,11.80,95853,1134872.50
2023-10-27,11.80,12.40,11.72,12.19,193556,2315874.00
2023-10-30,12.07,12.20,11.80,11.95,169357,2024108.38
2023-10-31,11.80,11.80,11.11,11.28,552473,6224386.50
2023-11-01,11.31,11.50,11.22,11.36,150553,1704912.88
2023-11-02,11.30,11.44,11.23,11.29,74705,844835.00
2023-11-03,11.35,11.44,11.35,11.40,104921,1196941.50
2023-11-06,11.47,11.55,11.30,11.52,144771,1654272.13
2023-11-07,11.59,11.80,11.49,11.77,292742,3403628.75
2023-11-08,11.78,12.45,11.78,12.12,634345,7714881.00
2023-11-09,12.20,12.20,11.91,12.13,276006,3330357.75
2023-11-10,12.18,12.18,11.96,12.10,166851,2013503.50
2023-11-13,12.21,12.21,11.84,12.10,144491,1733516.25
2023-11-14,12.14,12.25,12.04,12.20,182236,2213871.75
2023-11-15,12.31,12.75,12.20,12.43,527898,6583735.50
2023-11-16,12.34,12.35,12.06,12.17,249898,3047756.75
2023-11-17,12.27,12.37,12.17,12.30,118166,1450231.38
2023-11-20,12.42,15.40,12.38,14.10,3102129,43284748.00
2023-11-21,14.50,18.05,14.20,16.52,7451217,119566872.00
2023-11-22,15.31,17.98,14.68,17.77,7316431,121167840.00
2023-11-23,16.98,18.77,15.64,16.15,5637786,96709160.00
2023-11-24,16.28,17.27,15.44,16.81,4852280,80446000.00
2023-11-27,16.83,18.50,16.83,18.21,7699893,137364768.00
2023-11-28,17.50,18.20,16.33,17.05,4444168,77668152.00
2023-11-29,16.91,18.70,16.55,16.83,5086088,90712608.00
2023-11-30,16.35,17.81,16.18,16.68,3073275,51975340.00
2023-12-01,16.84,16.93,15.04,15.18,2662075,41764076.00
2023-12-04,15.19,15.90,14.53,15.25,1557448,23879658.00
2023-12-05,15.38,16.50,14.70,16.20,3017931,47891764.00
2023-12-06,15.95,17.39,15.50,16.79,3746080,61765224.00
2023-12-07,16.80,17.69,16.66,16.96,3013768,51544932.00
2023-12-08,16.48,17.18,16.46,16.66,2199053,36803056.00
2023-12-11,16.66,16.81,15.66,16.03,1363219,21969316.00
2023-12-12,16.28,16.45,15.90,16.11,1123408,18181626.00
2023-12-13,16.11,16.53,15.88,16.42,2233046,36408572.00
2023-12-14,16.42,17.00,16.42,16.66,2746320,46100416.00
2023-12-15,16.66,17.28,16.31,17.21,2660862,45203764.00
2023-12-18,17.36,17.74,17.05,17.59,2962022,51622352.00
2023-12-19,17.48,17.56,16.72,16.88,2242248,38113708.00
2023-12-20,16.80,17.55,16.80,17.28,2440024,42129960.00
2023-12-21,17.48,18.50,15.00,15.90,3978610,68564096.00
2023-12-22,15.36,15.99,15.00,15.71,1978643,30626536.00
2023-12-25,15.76,16.45,15.62,16.39,1705640,27322444.00
2023-12-26,16.26,16.65,15.68,16.20,1809692,29432024.00
2023-12-27,16.21,16.78,15.86,16.35,1365528,22241730.00
2023-12-28,16.45,16.89,16.07,16.89,2241616,37218132.00
2023-12-29,16.95,18.53,16.70,18.53,4414760,77931400.00
2024-01-02,18.80,19.50,18.03,18.60,4355962,81036464.00
2024-01-03,18.45,18.77,17.81,18.07,2332141,42287684.00
2024-01-04,18.16,18.98,17.89,18.75,2679736,49494396.00
2024-01-05,18.60,18.77,17.15,17.24,2658567,47386124.00
2024-01-08,17.30,17.69,16.03,16.05,1454346,24672972.00
2024-01-09,16.20,16.80,15.70,16.34,1623934,26438622.00
2024-01-10,16.65,18.75,16.63,18.05,4390900,78898088.00
2024-01-11,17.34,17.68,16.76,17.62,2984755,51313388.00
2024-01-12,17.62,17.94,15.82,15.90,2184894,36891492.00
2024-01-15,15.70,16.45,15.02,15.15,1481981,23100128.00
2024-01-16,15.20,16.07,14.41,16.05,2481619,38275248.00
2024-01-17,15.86,16.18,15.25,15.40,1557877,24613978.00
2024-01-18,15.40,15.96,15.04,15.93,1583102,24651614.00
2024-01-19,16.15,16.38,15.97,16.33,1830331,29620530.00
2024-01-22,16.30,16.39,15.01,15.40,1379366,21783610.00
2024-01-23,15.52,15.79,15.15,15.60,853024,13208066.00
2024-01-24,15.70,15.80,14.68,15.36,1038321,15809552.00
2024-01-25,15.39,15.62,14.82,15.31,1199431,18313228.00
2024-01-26,15.15,15.51,14.82,14.83,897514,13607538.00
2024-01-29,14.73,14.74,13.50,13.53,1314195,18452128.00
2024-01-30,13.42,13.74,12.78,12.91,906800,12015148.00
2024-01-31,13.02,13.29,12.77,12.92,639727,8362815.50
2024-02-01,12.94,13.04,12.00,12.61,880055,11094419.00
2024-02-02,12.51,12.78,11.25,11.80,929820,11168557.00
2024-02-05,11.80,11.86,10.58,11.25,905154,10138251.00
2024-02-06,11.18,12.38,11.18,12.30,1115946,13366228.00
2024-02-07,12.36,13.48,12.20,12.38,1365626,17458992.00
2024-02-08,12.21,13.28,11.57,12.94,1389635,17575892.00
2024-02-19,13.29,13.30,12.74,13.14,855864,11179402.00
2024-02-20,12.48,13.53,12.48,13.29,902004,11916013.00
2024-02-21,13.37,14.66,13.00,13.61,1449935,20052858.00
2024-02-22,13.52,13.67,13.08,13.40,1067879,14277078.00
2024-02-23,13.52,13.77,13.04,13.08,972940,12848045.00
2024-02-26,13.08,13.38,12.85,13.19,730846,9620565.00
2024-02-27,13.17,13.77,13.09,13.73,1280748,17390096.00
2024-02-28,13.89,14.19,13.09,13.16,1314700,18039500.00
2024-02-29,13.25,13.67,13.25,13.66,782843,10547017.00
2024-03-01,13.79,14.18,13.55,14.06,1012031,14045690.00
2024-03-04,13.93,14.07,13.69,13.75,657933,9111926.00
2024-03-05,13.85,13.85,13.05,13.25,575127,7693120.00
2024-03-06,13.21,14.80,13.14,14.16,2176966,30408508.00
2024-03-07,13.97,14.50,13.58,13.59,1472492,20640460.00
2024-03-08,13.35,14.35,13.35,14.10,1235101,17328530.00
2024-03-11,13.83,14.02,13.44,14.01,971736,13390147.00
2024-03-12,14.20,14.20,13.61,13.74,1248793,17189922.00
2024-03-13,13.76,14.60,13.51,14.21,1729218,24196534.00
2024-03-14,14.02,14.21,13.52,13.87,1394329,19292192.00
2024-03-15,13.99,17.88,13.84,16.19,6060648,95929640.00
2024-03-18,15.44,16.05,15.11,15.92,4337024,67192032.00
2024-03-19,15.58,16.00,15.18,15.70,2851944,44227764.00
2024-03-20,15.54,15.86,15.28,15.38,1659752,25636144.00
2024-03-21,15.44,15.44,14.91,14.95,1588518,23893548.00
2024-03-22,14.93,15.30,14.50,14.50,1305377,19311724.00
2024-03-25,14.48,15.50,14.30,14.91,1719325,25719032.00
2024-03-26,14.77,15.65,14.77,14.92,1554809,23711562.00
2024-03-27,14.75,15.66,14.40,15.00,2047884,30999896.00
2024-03-28,14.80,15.66,14.75,15.58,2293424,34923792.00
2024-03-29,15.44,15.80,15.09,15.12,1630087,25026012.00
2024-04-01,15.37,15.45,14.88,15.07,1385236,20934350.00
2024-04-02,15.05,15.10,14.31,14.34,1436245,21116318.00
2024-04-03,14.21,14.77,14.20,14.34,1007847,14572152.00
2024-04-08,14.43,14.48,13.26,13.31,1218149,16723370.00
2024-04-09,13.21,13.75,13.21,13.52,531289,7206510.00
2024-04-10,13.44,14.20,13.40,13.61,967934,13414932.00
2024-04-11,13.42,13.92,13.38,13.59,464809,6340798.00
2024-04-12,13.72,15.48,13.51,14.50,2831271,42029640.00
2024-04-15,14.00,14.26,13.48,13.55,2053119,28162034.00
2024-04-16,13.36,13.48,12.20,12.33,1267071,16106432.00
2024-04-17,12.43,13.00,12.43,12.93,907791,11643065.00
2024-04-18,13.05,13.34,12.48,12.77,791281,10186064.00
2024-04-19,12.69,12.89,12.48,12.49,703555,8886772.00
2024-04-22,12.55,12.77,12.00,12.16,554800,6837527.00
2024-04-23,12.02,12.45,12.02,12.28,648942,7945366.50
2024-04-24,12.28,12.44,12.20,12.40,343032,4243110.00
2024-04-25,12.38,12.58,12.18,12.21,462257,5720426.00
2024-04-26,12.32,13.10,11.98,12.86,1641038,20752962.00
2024-04-29,12.10,12.46,11.87,12.27,1997547,24252000.00
2024-04-30,12.20,12.22,11.97,11.97,791772,9555530.00
2024-05-06,12.08,12.14,11.96,12.10,554087,6680925.50
2024-05-07,12.15,12.15,12.01,12.08,299360,3616827.25
2024-05-08,12.17,12.25,12.02,12.04,481818,5831854.00
2024-05-09,12.10,12.30,12.06,12.23,561217,6826191.50
2024-05-10,12.15,12.24,11.96,12.10,402849,4872996.00
2024-05-13,12.08,12.08,11.51,11.72,590124,6968748.50
2024-05-14,11.83,11.89,11.49,11.56,791856,9174274.00
2024-05-15,11.66,11.67,11.50,11.58,304611,3530437.00
2024-05-16,11.54,11.70,11.45,11.45,239646,2758439.25
2024-05-17,11.47,11.62,11.30,11.46,295818,3393416.25
2024-05-20,11.61,11.99,11.60,11.96,997802,11856951.00
2024-05-21,11.98,12.26,11.66,11.71,590802,7011993.00
2024-05-22,11.62,11.76,11.51,11.70,442382,5143628.50
2024-05-23,11.70,12.26,11.40,11.87,1124272,13375232.00
2024-05-24,11.74,11.96,11.64,11.64,474031,5565617.50
2024-05-27,11.64,11.64,11.28,11.39,683843,7798235.00
2024-05-28,11.55,11.91,11.23,11.46,764384,8843669.00
2024-05-29,11.35,11.54,11.29,11.30,445805,5068381.00
2024-05-30,11.28,11.37,11.20,11.20,269545,3030805.50
2024-05-31,11.29,11.29,11.10,11.13,208758,2329227.50
2024-06-03,11.13,11.16,10.88,10.93,391998,4314255.50
2024-06-04,11.01,11.23,10.85,10.98,412016,4566505.50
2024-06-05,11.05,11.05,10.81,10.86,320853,3487037.75
2024-06-06,10.89,10.89,10.02,10.31,729455,7627216.50
2024-06-07,10.70,10.70,10.23,10.30,242100,2517558.50
2024-06-11,10.10,10.99,9.95,10.56,530181,5474149.50
2024-06-12,10.50,10.58,10.36,10.49,179532,1879279.00
2024-06-13,10.40,10.57,10.33,10.38,175105,1826066.88
2024-06-14,10.43,10.79,10.36,10.40,238287,2506871.25
2024-06-17,10.34,10.39,10.11,10.11,214581,2186508.25
2024-06-18,10.19,10.19,10.00,10.05,216767,2182579.75
2024-06-19,10.02,10.36,10.02,10.12,272074,2770169.75
2024-06-20,10.10,10.14,9.87,9.96,380844,3791200.00
2024-06-21,9.91,10.22,9.91,10.10,322406,3263207.00
2024-06-24,10.05,10.20,9.92,9.92,342065,3425395.25
2024-06-25,10.00,10.17,9.90,9.99,309770,3098152.75
2024-06-26,9.99,10.14,9.84,10.14,296483,2959110.50
2024-06-27,10.14,10.39,10.09,10.14,404885,4146363.75
2024-06-28,10.05,10.28,10.04,10.17,315855,3229167.00
2024-07-01,10.19,10.39,10.14,10.34,332849,3416392.75
2024-07-02,10.42,10.42,10.16,10.18,171980,1762018.25
2024-07-03,10.09,10.27,9.88,9.98,246819,2463550.50
2024-07-04,9.89,10.13,9.76,9.86,242343,2398563.00
2024-07-05,9.82,9.95,9.71,9.85,260086,2555472.25
2024-07-08,9.80,9.88,9.15,9.22,513091,4805236.50
2024-07-09,9.22,9.36,8.62,9.36,630017,5695494.50
2024-07-10,9.29,9.35,9.10,9.15,130627,1206557.50
2024-07-11,9.23,9.38,9.16,9.27,246330,2286088.25
2024-07-12,9.36,9.36,9.16,9.25,121062,1117944.50
2024-07-15,9.30,9.30,8.95,8.99,186945,1686749.13
2024-07-16,8.96,9.37,8.91,9.31,397860,3668100.75
2024-07-17,9.35,10.40,9.32,10.25,1407440,14134833.00
2024-07-18,10.24,10.50,9.60,10.09,1074268,10849035.00
2024-07-19,10.18,11.50,9.78,10.68,2462442,26880716.00
2024-07-22,10.37,10.70,10.02,10.29,1356369,13915055.00
2024-07-23,10.21,10.35,9.89,9.89,642628,6467018.00
2024-07-24,9.93,10.08,9.25,9.35,654396,6213263.50
2024-07-25,9.36,9.52,9.22,9.33,364534,3431429.75
2024-07-26,9.42,9.64,9.33,9.46,254417,2408755.00
2024-07-29,9.37,9.48,9.14,9.25,218084,2024802.13
2024-07-30,9.23,9.56,9.20,9.39,200834,1886257.00
2024-07-31,9.55,9.72,9.44,9.67,310667,2980269.50
2024-08-01,9.67,10.09,9.55,10.03,406609,3976820.25
2024-08-02,9.93,10.01,9.65,9.72,414914,4072321.00
2024-08-05,9.63,9.80,9.41,9.43,286121,2742175.00
2024-08-06,9.46,9.63,9.35,9.55,183280,1741318.25
2024-08-07,9.47,9.61,9.43,9.57,77340,735147.81
2024-08-08,9.59,9.59,9.38,9.47,140360,1332118.88
2024-08-09,9.55,9.55,9.25,9.27,215264,2025162.25
2024-08-12,9.36,9.45,9.16,9.23,170665,1580989.50
2024-08-13,9.31,9.31,9.12,9.27,75668,697023.69
2024-08-14,9.18,9.29,9.15,9.20,112703,1035457.94
2024-08-15,9.23,9.40,9.11,9.29,142047,1321120.13
2024-08-16,10.06,11.20,9.70,9.89,2175767,22622154.00
2024-08-19,9.40,9.87,9.36,9.78,1388075,13218888.00
2024-08-20,9.55,9.83,9.43,9.50,740570,7090331.50
2024-08-21,9.50,9.69,9.32,9.40,541711,5143021.00
2024-08-22,9.47,9.49,9.17,9.17,367054,3411197.00
2024-08-23,9.17,9.28,9.11,9.15,231002,2119247.25
2024-08-26,9.18,9.44,9.14,9.23,177797,1648700.88
2024-08-27,9.25,9.25,8.93,8.94,342661,3086752.00
2024-08-28,9.01,9.44,8.90,9.19,363276,3361170.00
2024-08-29,9.10,9.22,8.90,9.07,481310,4351780.50
2024-08-30,9.07,9.35,9.07,9.18,341789,3169610.25
2024-09-02,9.17,9.34,9.07,9.14,198059,1819647.88
2024-09-03,9.08,9.18,9.06,9.10,135407,1236116.38
2024-09-04,9.13,9.13,8.90,8.95,385874,3468736.00
2024-09-05,8.91,9.13,8.91,9.05,108326,977437.25
2024-09-06,9.04,9.04,8.85,8.85,219301,1950360.25
2024-09-09,8.84,8.98,8.78,8.80,167068,1477933.63
2024-09-10,8.79,8.87,8.67,8.75,311991,2724277.50
2024-09-11,8.71,8.81,8.66,8.66,134133,1167833.00
2024-09-12,8.67,8.74,8.56,8.57,192330,1655255.88
2024-09-13,8.63,8.80,8.51,8.65,231490,1995772.25
2024-09-18,8.59,8.75,8.52,8.64,228777,1974397.38
2024-09-19,8.72,8.85,8.64,8.71,217615,1898578.75
2024-09-20,8.75,8.85,8.67,8.71,98377,858977.44
2024-09-23,8.66,8.71,8.53,8.54,209602,1800202.75
2024-09-24,8.61,8.90,8.52,8.83,608744,5287846.50
2024-09-25,8.91,9.06,8.88,8.93,582897,5227977.50
2024-09-26,8.90,9.20,8.81,9.15,524368,4714939.00
2024-09-27,9.21,10.08,9.15,9.80,1607843,15518928.00
2024-09-30,10.19,12.30,10.02,11.62,3760198,41200456.00
2024-10-08,14.70,14.98,12.14,14.54,5099114,70876760.00
2024-10-09,13.06,13.99,12.02,12.11,3247270,42759456.00
2024-10-10,12.15,12.82,11.75,11.90,2194766,26954478.00
2024-10-11,11.90,11.90,10.50,10.77,1605426,17889508.00
2024-10-14,10.77,11.39,10.52,11.24,1487762,16359844.00
2024-10-15,11.13,11.59,10.92,11.06,1483755,16809786.00
2024-10-16,10.89,11.47,10.86,11.11,777630,8672240.00
2024-10-17,11.30,12.22,11.27,11.51,2080378,24204192.00
2024-10-18,11.35,13.40,11.35,13.40,3883861,49422208.00
2024-10-21,14.47,16.70,13.84,16.11,7294671,113942160.00
2024-10-22,15.33,15.98,14.01,14.11,5313400,79474480.00
2024-10-23,14.00,15.18,13.55,14.64,3621299,52593056.00
2024-10-24,14.85,16.68,14.58,15.80,4984121,77759616.00
2024-10-25,15.91,16.99,15.00,15.10,5506142,89059192.00
2024-10-28,14.60,15.51,14.51,14.86,2962306,44032980.00
2024-10-29,15.08,16.35,15.00,15.95,3727581,58610152.00
2024-10-30,16.06,18.69,16.06,17.46,6682574,117021688.00
2024-10-31,16.51,16.92,15.10,16.77,5597311,89934840.00
2024-11-01,16.38,18.60,15.72,16.89,5961503,101889816.00
2024-11-04,17.80,21.95,17.20,21.95,10870615,217804128.00
2024-11-05,21.98,28.53,21.60,28.53,13228054,322410688.00
2024-11-06,28.53,37.02,26.88,29.67,12992642,415171232.00
2024-11-07,29.67,29.68,25.25,26.65,9981543,273330688.00
2024-11-08,26.26,27.31,24.48,24.53,7567724,194280640.00
2024-11-11,24.53,26.15,24.40,25.27,5142003,129104808.00
2024-11-12,25.47,25.48,23.35,24.04,4119614,100340336.00
2024-11-13,24.35,25.12,23.66,25.12,3972261,97145072.00
2024-11-14,25.38,30.00,25.38,26.65,8979856,248217152.00
2024-11-15,25.50,28.50,24.50,26.89,6463677,169173648.00
2024-11-18,27.55,28.00,22.81,23.30,5101772,127965792.00
2024-11-19,23.18,23.96,20.50,22.96,4582687,101527720.00
2024-11-20,23.00,24.37,22.26,24.22,3668775,85892880.00
2024-11-21,24.40,25.40,23.92,24.57,3917401,96657312.00
2024-11-22,24.00,24.49,22.40,22.94,3402245,80340080.00
2024-11-25,22.72,23.27,21.42,22.80,2603956,57941872.00
2024-11-26,22.30,23.15,21.30,21.30,2150798,47761436.00
2024-11-27,21.12,22.34,20.00,22.10,2805600,59568024.00
2024-11-28,22.13,23.23,21.78,22.03,3093183,69734344.00
2024-11-29,21.00,22.80,20.96,22.27,2885832,63614020.00
2024-12-02,22.35,24.40,22.22,24.30,4754229,112926488.00
2024-12-03,24.60,31.59,24.39,31.59,9668274,288658016.00
#数据来源:通达信
