870199 倍益康 日线 不复权
      日期	    开盘	    最高	    最低	    收盘	    成交量	    成交额
2017-12-29,3.60,3.60,3.60,3.60,7000,25200.00
2022-05-11,50.00,50.00,50.00,50.00,100,5000.00
2022-06-06,51.00,51.00,51.00,51.00,100,5100.00
2022-06-13,50.00,50.00,50.00,50.00,10000,500000.00
2022-06-14,50.00,50.00,50.00,50.00,20400,1019950.00
2022-06-15,51.00,51.00,51.00,51.00,2400,122400.00
2022-12-01,29.00,30.80,28.18,30.80,3355595,97293808.00
2022-12-02,28.30,29.09,28.26,28.60,756151,21674718.00
2022-12-05,28.59,28.59,27.73,27.77,816254,22844466.00
2022-12-06,27.77,27.79,27.28,27.34,416559,11445262.00
2022-12-07,27.30,27.33,27.06,27.08,309540,8408668.00
2022-12-08,27.10,27.59,27.06,27.14,158981,4346106.50
2022-12-09,27.19,27.19,27.01,27.04,170850,4624411.00
2022-12-12,27.11,31.80,26.95,31.80,342037,10330515.00
2022-12-13,27.98,28.28,27.77,28.14,314125,8811638.00
2022-12-14,27.72,27.76,27.28,27.51,136875,3763695.50
2022-12-15,27.66,27.66,27.28,27.41,59409,1625077.25
2022-12-16,27.53,27.53,27.00,27.17,159435,4323269.50
2022-12-19,27.25,27.25,26.90,26.92,87527,2358923.25
2022-12-20,27.01,27.01,26.60,26.62,99081,2645120.25
2022-12-21,26.88,26.88,26.23,26.35,62600,1656388.63
2022-12-22,26.21,26.34,25.48,25.60,123306,3190628.25
2022-12-23,26.60,26.60,25.49,25.60,69657,1794990.13
2022-12-26,25.50,26.58,25.50,25.86,51839,1355395.00
2022-12-27,25.81,25.98,25.43,25.65,48519,1239363.75
2022-12-28,25.50,25.78,25.46,25.58,75827,1937469.50
2022-12-29,25.49,25.51,24.80,24.81,136616,3442362.00
2022-12-30,24.81,25.01,24.63,24.80,51514,1277214.50
2023-01-03,24.68,24.90,24.68,24.84,53701,1333685.13
2023-01-04,24.86,25.50,24.86,25.28,73982,1861361.13
2023-01-05,25.29,25.38,25.05,25.22,48030,1208777.25
2023-01-06,25.18,25.42,24.97,25.16,42854,1078345.25
2023-01-09,25.20,25.40,25.02,25.20,71092,1789196.00
2023-01-10,25.24,25.30,25.17,25.29,44209,1115979.50
2023-01-11,25.29,25.47,25.29,25.41,67469,1713296.25
2023-01-12,25.48,26.35,25.38,26.12,194164,5045409.00
2023-01-13,26.38,26.85,26.38,26.79,177340,4732819.00
2023-01-16,26.53,26.86,26.53,26.79,126374,3378255.75
2023-01-17,26.81,27.08,26.78,26.85,105347,2840971.50
2023-01-18,26.82,26.84,26.62,26.66,57952,1549350.25
2023-01-19,26.62,26.79,26.50,26.70,58982,1570778.13
2023-01-20,26.67,26.87,26.65,26.75,63184,1690190.25
2023-01-30,26.79,26.79,26.36,26.41,123182,3260009.25
2023-01-31,26.29,27.37,26.29,27.31,377726,10203143.00
2023-02-01,27.32,27.32,26.88,27.08,229430,6223938.00
2023-02-02,27.00,27.17,26.74,26.91,117578,3157939.50
2023-02-03,26.81,27.00,26.69,26.89,42658,1143483.88
2023-02-06,26.70,26.98,26.61,26.74,23156,620130.94
2023-02-07,26.73,26.81,26.73,26.78,35570,951791.25
2023-02-08,26.61,26.63,26.47,26.58,89716,2380756.50
2023-02-09,26.43,26.60,26.43,26.54,92859,2459665.75
2023-02-10,26.56,26.59,26.42,26.50,55697,1475121.25
2023-02-13,26.70,26.74,26.50,26.60,64258,1711259.00
2023-02-14,26.56,26.56,26.41,26.48,37280,986241.69
2023-02-15,26.32,26.57,26.32,26.48,46886,1237821.13
2023-02-16,26.35,26.54,26.26,26.29,61930,1632681.25
2023-02-17,26.27,26.35,26.18,26.32,39503,1037819.06
2023-02-20,26.38,26.38,26.22,26.29,35671,936881.31
2023-02-21,26.25,26.30,26.21,26.22,30786,807671.00
2023-02-22,26.12,26.35,26.12,26.22,21440,562149.69
2023-02-23,26.06,26.48,26.04,26.23,22636,593187.56
2023-02-24,26.10,26.27,26.00,26.01,65016,1695418.75
2023-02-27,26.19,26.19,25.86,25.99,24488,634238.25
2023-02-28,25.66,26.13,25.62,25.64,83789,2150543.50
2023-03-01,25.61,25.87,25.55,25.68,62853,1617557.13
2023-03-02,25.58,25.80,25.57,25.58,34179,875039.63
2023-03-03,25.52,25.75,25.52,25.67,30183,772174.81
2023-03-06,25.62,25.62,25.52,25.53,32011,818209.06
2023-03-07,25.53,25.82,25.51,25.59,22793,584115.56
2023-03-08,25.54,25.74,25.54,25.69,19081,488470.00
2023-03-09,25.53,25.74,25.53,25.69,21300,546852.00
2023-03-10,25.55,25.67,25.40,25.50,41574,1058801.50
2023-03-13,25.43,25.65,25.39,25.48,40664,1034421.56
2023-03-14,25.48,25.48,25.21,25.36,39500,999843.31
2023-03-15,25.50,25.59,25.36,25.38,10542,268067.13
2023-03-16,25.28,25.40,25.20,25.23,23716,598923.69
2023-03-17,25.23,25.28,25.20,25.21,31140,785932.50
2023-03-20,25.12,25.20,25.03,25.03,28101,704937.88
2023-03-21,25.00,25.10,25.00,25.04,22393,560363.56
2023-03-22,25.02,25.23,25.02,25.15,18084,453035.63
2023-03-23,25.06,25.11,25.03,25.11,23332,584633.19
2023-03-24,25.00,25.16,25.00,25.08,23116,579400.31
2023-03-27,25.00,25.11,25.00,25.10,18147,455241.66
2023-03-28,25.10,25.10,25.01,25.02,23600,591303.50
2023-03-29,25.18,25.18,24.92,24.93,25500,637175.31
2023-03-30,25.19,25.19,24.75,24.80,30993,769124.38
2023-03-31,24.75,24.90,24.72,24.72,55402,1372274.88
2023-04-03,24.72,24.89,24.72,24.78,6184,153153.00
2023-04-04,24.70,24.89,24.70,24.79,13336,330077.47
2023-04-06,24.65,24.75,24.58,24.67,48279,1189625.00
2023-04-07,24.70,24.75,24.69,24.71,12981,320699.31
2023-04-10,24.80,24.84,24.61,24.67,80350,1983751.38
2023-04-11,24.74,24.74,24.53,24.64,30975,762213.81
2023-04-12,24.70,24.70,24.51,24.59,28712,705863.75
2023-04-13,24.51,24.68,24.51,24.59,48651,1197416.63
2023-04-14,24.53,24.66,24.50,24.59,85599,2099482.25
2023-04-17,24.59,24.59,24.46,24.58,15812,387715.09
2023-04-18,24.52,24.66,24.52,24.64,20331,499999.53
2023-04-19,24.47,24.69,24.47,24.65,10553,259260.97
2023-04-20,24.50,24.78,24.50,24.72,23868,588330.75
2023-04-21,25.00,25.00,24.65,24.80,24652,610495.06
2023-04-24,25.20,25.25,24.51,24.84,13500,333779.00
2023-04-25,23.35,23.55,21.55,21.76,280037,6194124.00
2023-04-26,21.56,21.56,20.08,20.77,195839,4054513.50
2023-04-27,20.77,20.94,20.56,20.57,35815,739872.19
2023-04-28,20.70,20.85,20.70,20.80,33674,700145.69
2023-05-04,20.80,20.93,20.63,20.93,23742,494860.78
2023-05-05,20.81,21.60,20.81,21.50,44583,945734.44
2023-05-08,21.55,21.74,21.01,21.74,56425,1211889.00
2023-05-09,21.74,21.76,21.51,21.56,31901,689047.88
2023-05-10,21.75,21.78,21.60,21.77,29819,646694.69
2023-05-11,14.98,15.02,14.81,14.81,37015,552464.94
2023-05-12,14.81,14.96,14.81,14.89,15278,227366.44
2023-05-15,14.81,14.81,14.40,14.65,45511,663932.50
2023-05-16,14.75,14.75,14.56,14.60,21071,307774.88
2023-05-17,14.46,14.70,14.46,14.57,9210,134162.59
2023-05-18,14.57,14.68,14.55,14.62,14191,206930.28
2023-05-19,14.47,14.62,14.46,14.55,22106,321347.56
2023-05-22,14.56,14.68,14.56,14.57,23160,337898.81
2023-05-23,14.68,14.68,14.53,14.56,14538,211912.56
2023-05-24,14.47,14.60,14.47,14.60,9633,140252.31
2023-05-25,14.46,14.78,14.45,14.57,27050,391478.16
2023-05-26,14.57,14.68,14.43,14.50,43697,632725.56
2023-05-29,14.41,14.55,14.35,14.55,24720,356572.19
2023-05-30,14.32,14.55,14.32,14.44,15680,226172.13
2023-05-31,14.39,14.40,14.33,14.34,16501,236631.73
2023-06-01,14.48,14.48,14.16,14.17,36967,528152.06
2023-06-02,14.17,14.45,14.17,14.33,49849,713718.75
2023-06-05,14.45,14.54,14.36,14.53,42313,612083.63
2023-06-06,14.23,14.52,14.23,14.37,14066,202442.16
2023-06-07,14.30,14.30,14.20,14.29,14400,205125.56
2023-06-08,14.20,14.37,14.19,14.34,32014,455780.59
2023-06-09,14.21,14.33,14.16,14.31,18428,261841.91
2023-06-12,14.14,14.55,14.14,14.28,26555,380008.38
2023-06-13,14.15,14.15,14.05,14.10,84428,1191154.13
2023-06-14,14.07,14.19,13.90,13.99,108331,1514356.75
2023-06-15,13.92,13.93,13.61,13.74,105409,1449279.63
2023-06-16,13.88,13.88,13.46,13.55,112959,1528045.75
2023-06-19,13.41,13.47,13.03,13.05,250899,3310298.00
2023-06-20,13.03,13.03,12.59,12.71,216749,2747031.00
2023-06-21,12.75,12.75,12.58,12.60,45312,573540.56
2023-06-26,12.60,12.69,12.50,12.61,29321,369121.72
2023-06-27,12.55,12.70,12.53,12.70,30380,384053.69
2023-06-28,12.54,12.72,12.54,12.66,15362,193992.70
2023-06-29,12.55,12.75,12.55,12.72,46315,586782.00
2023-06-30,12.60,12.79,12.45,12.78,50950,645134.44
2023-07-03,12.62,12.84,12.62,12.77,20190,256399.61
2023-07-04,12.68,12.77,12.67,12.74,35364,448703.91
2023-07-05,12.75,13.08,12.70,12.87,50153,646660.19
2023-07-06,12.83,12.93,12.64,12.83,38812,498918.38
2023-07-07,12.79,12.81,12.60,12.72,52023,663729.81
2023-07-10,12.65,12.83,12.65,12.66,56741,724572.56
2023-07-11,12.49,12.88,12.49,12.65,12240,154881.41
2023-07-12,12.68,12.78,12.67,12.69,28460,361283.81
2023-07-13,12.77,12.77,12.63,12.69,14900,188922.72
2023-07-14,12.70,12.87,12.68,12.69,10624,135287.70
2023-07-17,12.68,12.68,12.54,12.54,43522,549135.88
2023-07-18,12.53,12.53,12.38,12.44,183406,2282170.75
2023-07-19,12.38,12.42,12.37,12.41,50060,620061.06
2023-07-20,12.43,12.43,12.38,12.38,35799,443919.81
2023-07-21,12.37,12.39,12.27,12.28,48276,596259.06
2023-07-24,12.30,12.30,12.10,12.10,82041,999096.31
2023-07-25,12.24,12.24,12.13,12.16,25509,309998.78
2023-07-26,12.18,12.18,12.13,12.16,23569,286301.28
2023-07-27,12.27,12.27,12.18,12.18,27543,336739.22
2023-07-28,12.12,12.15,12.03,12.10,117891,1423368.63
2023-07-31,12.35,12.35,12.16,12.17,30293,369305.31
2023-08-01,12.17,12.24,12.17,12.20,23458,285952.19
2023-08-02,12.14,12.20,12.07,12.15,23450,284247.09
2023-08-03,12.11,12.11,11.96,12.06,97571,1172526.25
2023-08-04,12.06,12.10,12.03,12.06,11120,134253.69
2023-08-07,12.00,12.10,12.00,12.08,19741,237372.20
2023-08-08,12.07,12.07,11.99,12.05,6989,84040.80
2023-08-09,12.16,12.16,12.01,12.06,8250,99470.80
2023-08-10,12.04,12.09,12.01,12.07,13760,166134.41
2023-08-11,12.08,12.08,11.93,12.00,24074,288388.59
2023-08-14,11.93,11.97,11.89,11.91,60197,717594.44
2023-08-15,11.97,11.97,11.88,11.91,8065,95996.60
2023-08-16,11.89,11.97,11.85,11.85,32935,391277.22
2023-08-17,11.84,11.89,11.84,11.84,9522,112979.98
2023-08-18,11.84,11.91,11.84,11.84,18949,224643.66
2023-08-21,11.83,11.85,11.82,11.82,12692,150177.13
2023-08-22,11.85,11.85,11.55,11.82,33085,386655.44
2023-08-23,11.67,11.76,11.63,11.63,15000,175216.00
2023-08-24,11.85,11.85,11.63,11.69,12576,147014.69
2023-08-25,11.76,11.76,11.52,11.54,18865,218521.64
2023-08-28,11.96,11.96,11.66,11.75,46923,551845.31
2023-08-29,11.85,11.85,11.65,11.77,20854,246582.05
2023-08-30,11.70,11.78,11.57,11.78,13560,159045.55
2023-08-31,11.72,11.73,11.66,11.73,16448,192185.77
2023-09-01,11.58,11.83,11.58,11.78,9280,109240.20
2023-09-04,11.97,12.27,11.96,12.16,208678,2533717.00
2023-09-05,12.16,12.16,11.86,12.01,29305,351762.19
2023-09-06,11.70,12.00,11.70,11.95,23082,274056.50
2023-09-07,12.02,12.02,11.71,11.83,42741,504014.34
2023-09-08,11.90,11.90,11.63,11.83,23386,275837.91
2023-09-11,11.88,11.88,11.78,11.84,13481,159623.38
2023-09-12,11.84,11.84,11.76,11.78,9497,112037.13
2023-09-13,11.90,11.90,11.77,11.77,9030,106598.97
2023-09-14,11.75,11.85,11.65,11.66,10575,123867.23
2023-09-15,11.69,11.78,11.60,11.67,14010,163322.45
2023-09-18,11.65,11.75,11.65,11.73,3721,43512.48
2023-09-19,11.73,11.73,11.62,11.69,6691,78057.02
2023-09-20,11.64,11.69,11.53,11.58,21419,247464.11
2023-09-21,11.77,11.77,11.57,11.60,7060,81818.06
2023-09-22,11.74,11.74,11.55,11.61,7399,85816.15
2023-09-25,11.76,11.76,11.61,11.61,3903,45388.83
2023-09-26,11.52,11.66,11.52,11.66,13831,159892.19
2023-09-27,11.71,11.71,11.51,11.56,11013,127772.43
2023-09-28,11.73,11.73,11.54,11.56,9466,109685.38
2023-10-09,11.53,11.54,11.39,11.45,36125,413183.47
2023-10-10,11.40,11.50,11.34,11.44,28728,328293.03
2023-10-11,11.30,11.54,11.30,11.43,3460,39474.80
2023-10-12,11.33,11.34,11.27,11.32,50780,573701.44
2023-10-13,11.23,11.43,11.16,11.22,33030,370661.66
2023-10-16,11.16,11.33,11.00,11.07,99279,1101435.88
2023-10-17,11.01,11.01,10.88,10.92,55777,610145.44
2023-10-18,10.92,10.98,10.79,10.79,130108,1246407.38
2023-10-19,10.71,10.71,10.57,10.58,54647,581110.31
2023-10-20,10.55,10.55,10.21,10.22,96860,1004978.38
2023-10-23,10.22,10.29,9.91,9.98,65078,656539.13
2023-10-24,9.91,10.06,9.90,10.06,43044,428930.44
2023-10-25,10.14,10.14,10.00,10.03,18253,182807.23
2023-10-26,9.90,10.03,9.88,9.96,19302,191274.16
2023-10-27,10.10,10.10,9.89,10.01,129815,1290691.63
2023-10-30,10.12,10.12,10.01,10.10,35968,362056.53
2023-10-31,10.16,10.16,10.01,10.05,23741,239061.42
2023-11-01,9.99,10.09,9.99,10.05,20796,208293.23
2023-11-02,10.14,10.14,10.01,10.04,3890,39059.10
2023-11-03,10.07,10.15,10.05,10.10,15998,161498.34
2023-11-06,10.07,10.24,10.07,10.23,45061,458720.88
2023-11-07,10.29,10.29,10.03,10.25,23520,240275.20
2023-11-08,10.09,10.44,10.09,10.34,95012,984536.63
2023-11-09,10.38,10.80,10.35,10.71,181019,1924871.63
2023-11-10,10.61,10.75,10.50,10.56,55458,586101.25
2023-11-13,10.69,10.69,10.50,10.59,53558,564427.75
2023-11-14,10.59,10.68,10.56,10.64,39803,422182.75
2023-11-15,10.55,10.77,10.55,10.77,111850,1201576.25
2023-11-16,10.78,10.78,10.62,10.72,31945,341097.53
2023-11-17,10.69,10.71,10.60,10.71,50488,536876.88
2023-11-20,10.79,11.00,10.67,10.96,143732,1564694.63
2023-11-21,10.80,11.90,10.80,11.50,612653,7037615.00
2023-11-22,11.52,12.89,11.52,12.79,1124265,13818244.00
2023-11-23,12.83,13.49,12.00,12.45,1204874,15531453.00
2023-11-24,12.53,14.00,12.31,13.96,1703216,22820232.00
2023-11-27,14.50,16.60,14.40,15.96,3015714,46258972.00
2023-11-28,15.00,15.88,14.34,14.71,1390539,20916266.00
2023-11-29,14.58,15.00,13.68,13.89,918748,13182509.00
2023-11-30,13.69,14.12,13.14,13.37,464892,6279764.50
2023-12-01,13.57,13.70,13.05,13.18,277072,3671858.00
2023-12-04,13.29,13.29,12.94,13.13,155663,2035027.25
2023-12-05,13.13,14.20,13.13,14.02,586130,8121823.50
2023-12-06,14.18,14.60,13.77,14.21,609497,8719123.00
2023-12-07,14.28,14.69,14.07,14.69,708262,10297271.00
2023-12-08,14.79,15.00,14.48,14.56,618935,9124927.00
2023-12-11,14.73,14.73,13.71,13.78,530430,7442178.00
2023-12-12,13.78,14.17,13.77,14.04,270698,3766307.25
2023-12-13,13.90,14.61,13.80,14.47,530094,7638382.00
2023-12-14,14.51,15.83,14.41,15.20,1253245,19060726.00
2023-12-15,15.37,15.77,15.11,15.58,752419,11626542.00
2023-12-18,15.66,15.96,15.44,15.87,674282,10673899.00
2023-12-19,15.71,15.92,15.15,15.37,481544,7393037.50
2023-12-20,15.25,16.08,15.25,15.83,852204,13361341.00
2023-12-21,15.73,16.00,14.51,14.68,1072723,16423581.00
2023-12-22,14.61,14.85,14.34,14.85,362233,5276175.00
2023-12-25,14.85,15.32,14.71,15.32,796037,12013912.00
2023-12-26,15.57,16.26,15.05,16.14,1746744,27298782.00
2023-12-27,16.19,16.90,15.82,16.90,2118682,35015492.00
2023-12-28,16.83,16.94,16.34,16.57,1217073,20204354.00
2023-12-29,16.36,17.18,16.18,16.80,1362753,22708988.00
2024-01-02,16.79,17.25,15.26,17.19,1574315,26209356.00
2024-01-03,17.19,19.50,17.19,18.30,2777621,51097748.00
2024-01-04,18.42,23.79,18.42,23.79,9795739,222408288.00
2024-01-05,22.60,29.87,21.72,25.80,11419959,285215232.00
2024-01-08,24.50,28.88,24.26,25.25,9380282,246658960.00
2024-01-09,25.04,25.04,20.93,22.22,7911749,181174176.00
2024-01-10,21.38,21.90,20.50,21.85,5829819,124120544.00
2024-01-11,22.40,27.26,22.00,24.71,8876163,216738112.00
2024-01-12,23.30,24.31,20.05,20.25,7288871,163842528.00
2024-01-15,19.30,21.95,19.01,21.30,6023654,122410544.00
2024-01-16,20.48,24.45,19.88,24.10,7353893,160739184.00
2024-01-17,23.16,27.60,22.80,24.60,8759626,225491440.00
2024-01-18,24.90,26.62,24.11,24.71,7380473,187468592.00
2024-01-19,24.80,25.48,23.32,23.97,5670513,136471440.00
2024-01-22,23.54,23.60,21.25,21.96,4553036,101274432.00
2024-01-23,21.90,22.86,21.58,22.79,3560153,80045280.00
2024-01-24,23.08,23.08,20.88,21.43,4211527,91224944.00
2024-01-25,20.67,20.99,19.75,20.18,4386582,89111856.00
2024-01-26,20.10,21.38,19.70,20.15,2951405,61073460.00
2024-01-29,20.43,20.43,16.81,17.09,4093299,73752160.00
2024-01-30,16.80,17.67,16.00,16.79,2949724,49328568.00
2024-01-31,16.40,18.10,16.40,17.62,3779413,65784208.00
2024-02-01,17.61,18.42,16.74,16.95,2795807,48893140.00
2024-02-02,16.95,17.70,15.00,15.80,2686774,43774348.00
2024-02-05,15.48,15.57,14.03,14.68,2381031,35214268.00
2024-02-06,14.21,16.00,14.21,15.92,2711215,42003584.00
2024-02-07,16.30,16.80,15.10,15.21,3128681,50410792.00
2024-02-08,15.33,15.78,14.00,15.02,2083789,30883632.00
2024-02-19,15.29,15.58,14.81,15.56,1861584,28487730.00
2024-02-20,15.79,17.14,15.58,16.63,3108440,51454984.00
2024-02-21,16.49,17.50,16.06,16.77,2973948,49906512.00
2024-02-22,16.59,17.25,16.16,16.86,2262552,37868340.00
2024-02-23,17.20,19.78,16.91,19.03,6142335,113380192.00
2024-02-26,18.32,18.61,17.63,18.49,4328982,78609424.00
2024-02-27,18.08,19.55,17.81,19.15,4558505,85743824.00
2024-02-28,19.15,19.67,17.34,17.39,4281859,80495768.00
2024-02-29,17.00,17.82,16.75,17.82,2844910,49403556.00
2024-03-01,17.74,17.79,17.01,17.20,2186819,38069484.00
2024-03-04,17.66,17.93,16.78,16.85,1940492,33529354.00
2024-03-05,16.02,16.78,15.42,15.80,2537142,40591964.00
2024-03-06,15.80,16.27,15.54,16.01,1653956,26375656.00
2024-03-07,16.03,16.39,14.92,15.00,1934608,30170586.00
2024-03-08,15.01,15.88,14.50,15.70,2382951,36484724.00
2024-03-11,15.42,16.50,15.40,16.17,2324229,37331396.00
2024-03-12,16.17,16.44,15.80,15.92,1495996,23974580.00
2024-03-13,15.83,16.03,15.19,15.21,1522592,23708760.00
2024-03-14,15.55,15.58,14.74,14.95,964606,14609898.00
2024-03-15,15.03,15.72,14.77,15.47,1687669,26036938.00
2024-03-18,15.66,15.71,15.10,15.60,1208589,18562870.00
2024-03-19,15.47,15.67,15.31,15.37,926438,14315569.00
2024-03-20,15.36,15.75,15.16,15.75,1641487,25521216.00
2024-03-21,15.67,16.32,15.50,15.82,1835655,29160184.00
2024-03-22,15.80,15.99,15.10,15.11,1229096,18926530.00
2024-03-25,15.02,15.03,14.20,14.25,1298274,18891728.00
2024-03-26,14.15,14.35,13.46,13.94,1347669,18705574.00
2024-03-27,13.88,14.43,13.55,13.66,1021256,14434225.00
2024-03-28,13.54,13.91,13.35,13.52,1099633,14998023.00
2024-03-29,13.52,13.67,13.13,13.20,1294122,17215078.00
2024-04-01,13.35,13.39,13.11,13.39,774289,10285277.00
2024-04-02,13.39,13.43,12.91,13.03,806603,10587628.00
2024-04-03,13.10,13.10,12.52,12.61,964412,12317267.00
2024-04-08,12.61,13.30,12.29,13.20,1754795,22746064.00
2024-04-09,12.95,13.24,12.80,13.00,918290,11919288.00
2024-04-10,13.04,14.14,12.91,13.54,1862035,25315692.00
2024-04-11,13.48,13.48,13.00,13.14,1133822,14971572.00
2024-04-12,13.01,14.18,13.01,13.48,2165498,29768580.00
2024-04-15,13.33,13.42,12.39,12.45,1728432,22085762.00
2024-04-16,12.36,12.40,11.09,11.22,1568016,17886452.00
2024-04-17,11.10,12.00,11.10,11.90,1334734,15705948.00
2024-04-18,11.75,13.29,11.45,12.49,2319197,28854126.00
2024-04-19,12.14,12.33,11.80,11.84,1389246,16635597.00
2024-04-22,12.08,12.08,11.65,11.73,502159,5932152.50
2024-04-23,11.60,12.05,11.60,11.90,677049,8012977.00
2024-04-24,11.95,12.08,11.76,12.00,675275,8048696.00
2024-04-25,11.92,12.06,11.61,11.65,624206,7385722.00
2024-04-26,11.61,11.90,11.61,11.88,605369,7137676.50
2024-04-29,12.01,12.24,11.87,12.07,969833,11707411.00
2024-04-30,12.00,12.76,11.65,12.41,1441923,17785576.00
2024-05-06,12.46,12.95,12.36,12.88,1234805,15555170.00
2024-05-07,12.86,12.98,12.49,12.59,1133389,14326157.00
2024-05-08,12.59,12.84,12.51,12.54,823757,10408041.00
2024-05-09,12.55,12.64,12.45,12.58,580108,7288698.50
2024-05-10,12.71,12.71,12.10,12.27,759219,9310692.00
2024-05-13,12.48,12.50,12.10,12.17,588535,7223577.50
2024-05-14,12.17,12.19,11.76,12.07,695012,8368606.50
2024-05-15,11.62,12.28,11.36,12.02,370677,4462277.00
2024-05-16,11.69,12.15,11.69,12.05,429641,5141180.00
2024-05-17,12.13,12.13,11.53,12.00,341112,4091483.25
2024-05-20,11.83,11.99,11.73,11.81,340125,4031617.50
2024-05-21,11.81,11.87,11.44,11.52,533519,6180893.50
2024-05-22,11.68,11.72,11.43,11.62,613735,7098485.50
2024-05-23,11.57,12.72,11.34,12.03,1970011,23891192.00
2024-05-24,12.10,12.10,11.58,11.67,870004,10337690.00
2024-05-27,11.75,11.75,11.36,11.52,563734,6464598.50
2024-05-28,11.60,11.70,11.36,11.43,350296,4032333.25
2024-05-29,11.30,11.48,11.21,11.22,429112,4856647.00
2024-05-30,11.17,11.32,11.00,11.00,402298,4483707.50
2024-05-31,11.00,11.15,11.00,11.02,226975,2510521.00
2024-06-03,11.02,11.16,10.70,10.73,301342,3268007.50
2024-06-04,10.85,10.85,10.53,10.70,245751,2618936.25
2024-06-05,10.81,10.81,10.32,10.55,493687,5244404.00
2024-06-06,10.33,10.68,10.08,10.23,482626,4966138.50
2024-06-07,10.27,10.49,10.22,10.34,341946,3539941.50
2024-06-11,10.50,10.65,10.08,10.54,307881,3219740.50
2024-06-12,10.50,10.99,10.43,10.79,469855,5057965.00
2024-06-13,10.85,11.95,10.81,11.25,1564145,17866408.00
2024-06-14,11.30,11.58,11.16,11.28,1072584,12207546.00
2024-06-17,11.10,11.25,10.84,10.99,721989,7934913.00
2024-06-18,10.79,11.20,10.79,11.15,689030,7600961.00
2024-06-19,11.18,11.87,11.11,11.46,1442887,16568485.00
2024-06-20,11.42,11.73,10.95,11.59,1194495,13524811.00
2024-06-21,11.55,13.11,11.50,12.48,3257997,40671584.00
2024-06-24,12.00,12.29,11.45,11.48,1922863,22716980.00
2024-06-25,11.38,11.68,11.19,11.24,1379051,15657318.00
2024-06-26,11.20,11.43,11.08,11.29,948242,10672292.00
2024-06-27,11.18,11.32,10.66,10.66,1139271,12442497.00
2024-06-28,10.59,10.85,10.59,10.66,628013,6720252.00
2024-07-01,10.77,10.79,10.38,10.53,509843,5360050.00
2024-07-02,10.60,10.64,10.50,10.51,381911,4025097.50
2024-07-03,10.46,10.48,10.18,10.20,638972,6560260.00
2024-07-04,10.18,10.47,10.06,10.07,290622,2977911.50
2024-07-05,10.07,10.16,9.93,10.14,318327,3181425.25
2024-07-08,10.07,10.11,9.72,9.83,424649,4221503.50
2024-07-09,9.78,10.14,9.72,10.10,191319,1898820.38
2024-07-10,10.11,10.18,9.90,9.96,91353,917365.75
2024-07-11,10.06,10.27,10.02,10.25,247391,2518295.00
2024-07-12,10.23,10.35,10.17,10.33,133199,1367172.75
2024-07-15,10.33,10.33,10.10,10.12,114001,1158959.75
2024-07-16,10.08,10.77,10.08,10.66,717930,7569930.50
2024-07-17,10.75,11.98,10.66,11.89,2256961,25982978.00
2024-07-18,11.81,11.89,11.07,11.12,1240230,14047890.00
2024-07-19,11.00,11.45,11.00,11.16,724353,8110668.00
2024-07-22,11.69,11.70,11.16,11.30,693552,7947181.50
2024-07-23,11.07,11.92,11.07,11.39,1105696,12680124.00
2024-07-24,11.30,11.39,10.80,10.82,660424,7267645.50
2024-07-25,11.16,11.16,10.77,10.84,510456,5585346.50
2024-07-26,10.99,11.89,10.88,11.49,1540082,17700330.00
2024-07-29,11.39,11.51,11.09,11.11,914294,10251146.00
2024-07-30,11.05,11.33,11.00,11.23,418839,4673146.00
2024-07-31,11.26,11.44,11.11,11.35,534899,6052410.00
2024-08-01,11.43,11.44,11.18,11.18,344053,3880876.75
2024-08-02,10.97,11.66,10.97,11.05,619164,7001747.00
2024-08-05,11.11,11.23,10.60,10.61,555763,6019857.00
2024-08-06,10.70,10.84,10.55,10.69,251029,2671173.50
2024-08-07,10.70,10.71,10.50,10.64,378278,4003645.25
2024-08-08,10.73,10.93,10.51,10.73,451024,4849331.50
2024-08-09,10.69,10.81,10.52,10.61,229950,2459265.50
2024-08-12,10.50,10.72,10.42,10.53,336510,3550738.75
2024-08-13,10.50,10.61,10.44,10.55,166206,1745079.88
2024-08-14,10.69,10.69,10.46,10.55,93584,984744.13
2024-08-15,10.64,10.75,10.48,10.66,223739,2380297.75
2024-08-16,10.78,10.78,10.60,10.66,250976,2674710.25
2024-08-19,10.71,10.78,10.40,10.42,157351,1667979.50
2024-08-20,10.41,10.67,10.36,10.52,418783,4417990.00
2024-08-21,10.41,10.41,9.95,9.99,766449,7682293.00
2024-08-22,10.09,11.98,9.91,10.30,1210548,12897739.00
2024-08-23,11.00,11.90,10.64,11.24,4171061,47492176.00
2024-08-26,11.13,11.84,10.68,11.57,3231350,36011316.00
2024-08-27,11.12,13.00,11.00,11.91,3877807,47480568.00
2024-08-28,11.49,11.88,11.12,11.78,2822425,32292738.00
2024-08-29,11.54,11.85,11.25,11.52,1941580,22291478.00
2024-08-30,11.38,12.38,11.17,11.70,2517410,29572300.00
2024-09-02,11.72,11.76,11.07,11.17,1480841,16788658.00
2024-09-03,11.15,11.27,10.84,10.96,1333307,14672010.00
2024-09-04,10.90,10.90,10.40,10.47,1046750,11030810.00
2024-09-05,10.60,10.76,10.38,10.50,622311,6542519.00
2024-09-06,10.51,10.58,10.15,10.17,651231,6713384.50
2024-09-09,10.03,10.35,10.00,10.17,415480,4234629.00
2024-09-10,10.31,10.48,10.02,10.42,612339,6299341.00
2024-09-11,10.27,10.40,10.15,10.18,422140,4326566.50
2024-09-12,10.18,10.60,10.05,10.36,726815,7527112.50
2024-09-13,10.15,10.64,10.05,10.49,1047868,10839155.00
2024-09-18,10.24,10.82,10.24,10.56,745224,7890268.00
2024-09-19,10.69,10.79,10.41,10.71,1004422,10692434.00
2024-09-20,10.78,10.98,10.49,10.55,811177,8665153.00
2024-09-23,10.60,10.60,10.23,10.25,667473,6905002.00
2024-09-24,10.20,10.48,10.19,10.37,668825,6921378.00
2024-09-25,10.48,10.77,10.35,10.59,932325,9872177.00
2024-09-26,10.64,11.32,10.51,11.08,1713714,18790736.00
2024-09-27,11.01,12.20,10.91,12.09,2607832,30343910.00
2024-09-30,12.72,15.25,12.50,15.15,4927152,68401880.00
2024-10-08,18.99,19.69,17.13,19.69,5822597,109311992.00
2024-10-09,18.66,21.80,17.17,18.88,5744535,115617992.00
2024-10-10,17.88,19.32,16.20,16.22,3718380,64218760.00
2024-10-11,16.00,16.21,14.60,15.00,2136123,32631256.00
2024-10-14,14.80,16.49,14.43,16.41,2789604,43535368.00
2024-10-15,16.48,17.48,15.50,15.53,2789023,46413276.00
2024-10-16,14.90,18.80,14.74,18.79,5720861,99997424.00
2024-10-17,18.00,21.60,17.90,18.90,7209081,138103264.00
2024-10-18,17.80,20.50,17.68,19.36,6044644,115096984.00
2024-10-21,18.41,22.00,18.41,21.86,6581287,135961552.00
2024-10-22,21.31,21.31,17.90,18.06,4832001,94712288.00
2024-10-23,17.29,19.21,17.00,18.01,2749458,50100136.00
2024-10-24,18.23,19.94,18.19,19.89,4164880,79834376.00
2024-10-25,19.97,21.67,19.00,19.06,4695502,95628632.00
2024-10-28,19.04,19.27,18.00,18.69,2976123,55197640.00
2024-10-29,18.37,20.75,18.37,20.29,4279918,83857224.00
2024-10-30,20.00,26.37,19.82,26.37,8680348,210132208.00
2024-10-31,28.00,29.43,22.80,23.95,9216669,230946832.00
2024-11-01,21.60,22.80,19.85,20.00,5122872,110005528.00
2024-11-04,19.46,21.59,19.31,21.30,3559778,73726672.00
2024-11-05,21.50,23.98,20.87,23.17,5210340,116313088.00
2024-11-06,22.96,24.29,22.32,23.85,5279806,124231808.00
2024-11-07,23.82,24.86,23.00,24.46,4489368,108373232.00
2024-11-08,28.96,28.96,24.64,24.68,7145513,188562432.00
2024-11-11,23.60,25.67,22.57,24.37,3779233,89974576.00
2024-11-12,24.66,25.99,24.00,24.49,3407568,85220624.00
2024-11-13,24.08,24.15,22.90,23.68,2536200,59377888.00
2024-11-14,23.88,23.88,22.13,22.35,1836014,42325828.00
2024-11-15,22.40,23.97,22.00,23.21,2560886,58764936.00
2024-11-18,24.00,24.38,22.30,22.95,1868122,43635716.00
2024-11-19,22.58,23.16,20.60,22.08,2455244,53213908.00
2024-11-20,22.10,23.23,21.89,22.79,1812939,41089264.00
2024-11-21,23.00,24.18,22.72,24.01,2735038,64643804.00
2024-11-22,24.00,24.91,22.02,22.54,3015598,71735752.00
2024-11-25,23.00,27.50,22.50,26.31,6456320,160110576.00
2024-11-26,28.12,32.00,25.00,25.75,9281212,268418256.00
2024-11-27,24.02,32.15,23.00,29.82,8948779,241559616.00
2024-11-28,33.12,38.76,33.12,38.76,13031123,484950432.00
2024-11-29,35.58,41.79,34.10,36.00,12472523,463350048.00
2024-12-02,34.33,37.41,33.31,36.10,9065598,315133440.00
2024-12-03,36.10,36.10,36.10,36.10,0,0.00
#数据来源:通达信
