870436 大地电气 日线 不复权
      日期	    开盘	    最高	    最低	    收盘	    成交量	    成交额
2018-02-23,6.70,6.70,6.70,6.70,50000,335000.00
2019-01-25,6.70,6.70,6.70,6.70,2986000,22544300.00
2019-04-11,6.19,6.19,6.19,6.19,4477000,31697160.00
2020-03-17,6.98,6.98,6.98,6.98,10000,69800.00
2020-03-18,6.99,6.99,6.99,6.99,11000,76890.00
2020-03-19,6.99,6.99,6.99,6.99,15000,104850.00
2020-03-20,6.99,6.99,6.80,6.80,1032000,6219880.00
2020-03-23,7.00,7.00,7.00,7.00,603000,3621000.00
2020-04-01,7.00,7.00,7.00,7.00,400,2800.00
2020-07-02,7.00,7.00,7.00,7.00,50000,350000.00
2020-11-26,14.00,14.00,14.00,14.00,400,5600.00
2020-11-27,14.00,14.00,12.00,12.00,1800,23586.00
2020-11-30,10.00,10.50,10.00,10.50,1200,12500.00
2020-12-01,10.65,11.00,10.65,11.00,1100,11750.00
2020-12-02,11.10,11.10,11.10,11.10,2000,22200.00
2020-12-03,10.80,10.80,10.80,10.80,200,2149.20
2020-12-07,14.00,14.00,14.00,14.00,300,3808.00
2020-12-08,13.90,13.90,13.90,13.90,200,3169.20
2020-12-09,13.90,13.90,13.90,13.90,2900,40796.50
2020-12-11,13.90,13.90,13.90,13.90,1500,20850.00
2021-01-04,14.44,14.44,14.44,14.44,1000,14425.56
2021-01-26,14.44,14.44,14.44,14.44,300,4332.00
2021-02-03,16.00,16.00,16.00,16.00,500,8000.00
2021-02-04,15.10,15.10,15.10,15.10,1000,15100.00
2021-02-09,12.00,12.00,12.00,12.00,30500,365880.00
2021-02-10,11.95,12.00,11.87,11.99,55100,660916.00
2021-02-18,12.00,12.00,11.11,11.16,17000,198374.00
2021-02-19,11.66,11.67,11.28,11.28,6300,72273.56
2021-02-22,19.99,19.99,19.99,19.99,100,1999.00
2021-02-23,11.79,11.79,11.79,11.79,900,10611.00
2021-02-24,11.88,11.88,11.85,11.85,2600,30691.95
2021-02-25,11.38,11.38,11.38,11.38,200,2276.00
2021-03-04,11.30,11.30,11.30,11.30,1000,11300.00
2021-03-05,11.69,11.75,11.69,11.75,1000,11872.75
2021-03-11,11.99,11.99,11.50,11.50,13400,156194.77
2021-03-16,11.80,11.80,11.80,11.80,100,1180.00
2021-03-17,13.87,13.87,12.00,12.00,75800,917644.00
2021-03-18,12.00,12.00,11.80,11.96,50200,598908.06
2021-03-19,11.80,11.80,11.80,11.80,26800,316240.00
2021-03-23,11.80,12.00,11.80,12.00,2500,29600.00
2021-03-29,12.00,12.00,12.00,12.00,1200,14400.00
2021-03-30,11.99,11.99,11.89,11.89,2300,27557.00
2021-03-31,11.90,11.90,11.88,11.88,2300,27342.00
2021-04-07,12.80,12.80,11.65,11.65,5700,66520.00
2021-04-08,12.65,12.65,12.00,12.00,7000,86600.00
2021-04-09,11.54,11.54,11.54,11.54,1000,11540.00
2021-04-12,12.05,12.05,11.99,12.00,15000,180018.02
2021-04-13,12.22,12.22,12.00,12.00,12800,153876.00
2021-04-14,12.30,12.30,12.30,12.30,100,1230.00
2021-04-16,12.30,12.40,12.30,12.40,200,2470.00
2021-04-19,13.30,13.33,13.28,13.33,8700,115860.00
2021-04-21,12.80,18.88,12.80,18.88,1700,22368.00
2021-04-22,12.89,12.89,12.89,12.89,600,7734.00
2021-04-23,14.44,14.88,14.44,14.88,9300,136184.00
2021-04-26,14.44,14.44,14.44,14.44,2300,33212.00
2021-04-28,14.44,14.44,14.44,14.44,2900,41876.00
2021-04-29,14.44,14.44,14.40,14.40,4000,57720.00
2021-04-30,14.80,14.80,14.80,14.80,16800,248640.00
2021-05-06,12.62,13.50,12.62,13.13,89600,1167443.38
2021-05-07,12.51,12.51,12.51,12.51,1200,14386.50
2021-05-10,13.00,13.00,13.00,13.00,6700,87620.00
2021-05-11,13.58,13.65,13.56,13.65,2500,33973.03
2021-05-12,13.82,13.82,13.82,13.82,90900,1029438.00
2021-05-13,13.50,13.50,13.50,13.50,2500,33750.00
2021-05-14,11.01,11.09,10.49,10.49,20000,215323.00
2021-05-17,10.00,10.00,10.00,10.00,200,2000.00
2021-05-20,9.51,9.52,9.51,9.52,4400,41378.60
2021-05-24,9.49,9.49,9.49,9.49,1000,9490.00
2021-05-25,9.44,9.44,9.44,9.44,1000,9440.00
2021-05-27,9.03,9.03,9.00,9.00,10700,96359.97
2021-05-28,9.00,9.00,9.00,9.00,6000,54000.00
2021-06-01,8.97,8.99,8.95,8.99,10100,90597.00
2021-06-02,8.70,8.70,8.70,8.70,1200,10440.00
2021-06-10,8.88,8.88,8.88,8.88,1000,9181.92
2021-06-16,8.70,8.70,8.70,8.70,6700,57994.20
2021-06-18,8.96,8.96,8.96,8.96,1000,8960.00
2021-06-21,8.88,8.90,8.88,8.89,8900,79206.92
2021-06-22,9.97,9.97,9.69,9.90,8800,86913.81
2021-11-15,25.00,40.00,25.00,31.40,18440300,585632832.00
2021-11-16,27.83,29.88,26.00,26.12,8024000,223717632.00
2021-11-17,26.00,26.00,22.68,23.47,5616400,135506976.00
2021-11-18,23.68,25.25,23.00,23.96,3920600,94659208.00
2021-11-19,24.27,24.60,22.71,22.90,2756700,64144076.00
2021-11-22,23.15,25.20,22.81,24.77,4131300,100981360.00
2021-11-23,24.80,29.67,24.80,27.53,6030500,163364976.00
2021-11-24,26.80,28.20,26.08,26.55,3347700,89615216.00
2021-11-25,26.75,27.58,25.80,25.86,2460300,64752432.00
2021-11-26,25.85,25.95,24.66,25.20,1881900,47321240.00
2021-11-29,24.90,25.47,23.98,24.15,1950300,47962792.00
2021-11-30,24.27,24.57,23.17,23.48,1949600,46038168.00
2021-12-01,23.59,23.75,22.86,22.89,1454700,33599976.00
2021-12-02,22.83,23.98,22.76,23.33,1817800,42854612.00
2021-12-03,23.49,23.50,21.93,22.01,2437000,54623540.00
2021-12-06,21.90,22.15,21.02,21.12,1597400,34309804.00
2021-12-07,21.13,21.37,20.39,20.58,1232200,25502312.00
2021-12-08,20.80,21.00,20.52,20.63,822500,17046144.00
2021-12-09,20.50,20.95,20.31,20.61,1095500,22553524.00
2021-12-10,20.61,20.61,20.23,20.24,818200,16618926.00
2021-12-13,20.24,22.05,20.24,21.81,2449500,52506696.00
2021-12-14,22.22,22.52,21.48,21.88,1920600,42364236.00
2021-12-15,21.49,21.85,21.02,21.02,1044100,22227806.00
2021-12-16,21.37,21.37,20.72,20.85,879400,18417122.00
2021-12-17,20.89,20.89,20.00,20.08,1189900,24194776.00
2021-12-20,20.08,20.08,19.10,19.25,1274700,24789538.00
2021-12-21,19.00,19.47,18.93,19.17,528000,10166439.00
2021-12-22,19.20,20.28,19.20,19.30,943800,18647638.00
2021-12-23,19.25,19.47,18.68,18.69,1046700,19770644.00
2021-12-24,18.75,18.83,17.78,17.83,993600,17976624.00
2021-12-27,17.80,18.32,17.66,18.15,548800,9934738.00
2021-12-28,18.15,18.54,18.10,18.50,684600,12513474.00
2021-12-29,18.51,20.58,18.45,20.22,2757300,54305792.00
2021-12-30,19.96,20.47,19.45,20.10,1819300,36199584.00
2021-12-31,20.43,21.80,20.38,20.56,2173200,45852532.00
2022-01-04,20.72,20.80,19.27,19.82,1380600,27188198.00
2022-01-05,19.51,20.50,19.51,19.90,1202500,24087614.00
2022-01-06,19.79,19.79,19.08,19.10,935400,18023916.00
2022-01-07,19.49,19.49,18.64,18.67,652400,12368308.00
2022-01-10,18.70,18.70,18.18,18.55,491055,9044461.00
2022-01-11,18.75,20.49,18.75,19.37,1940860,38371184.00
2022-01-12,19.38,19.58,18.69,19.58,1217379,23246732.00
2022-01-13,19.41,20.39,19.33,19.57,1226130,24582462.00
2022-01-14,19.50,20.78,19.33,20.17,1222101,24741484.00
2022-01-17,20.21,21.78,20.21,20.90,1698619,35795552.00
2022-01-18,21.46,21.46,19.90,20.06,1347241,27565632.00
2022-01-19,20.06,20.60,19.60,20.18,759375,15223628.00
2022-01-20,20.00,21.77,19.99,21.26,2670871,56446424.00
2022-01-21,20.96,22.39,20.70,21.14,1687500,36154020.00
2022-01-24,21.00,21.13,20.19,20.24,964266,19765634.00
2022-01-25,20.40,20.60,18.80,18.88,793865,15503535.00
2022-01-26,18.90,19.38,18.90,18.92,507269,9696960.00
2022-01-27,19.30,19.30,17.41,17.57,769527,14179598.00
2022-01-28,17.88,18.15,17.50,17.62,671632,11982721.00
2022-02-07,18.21,18.45,17.89,18.06,405319,7305119.00
2022-02-08,17.95,18.34,17.90,18.09,479516,8652792.00
2022-02-09,18.43,18.43,18.00,18.27,523750,9524150.00
2022-02-10,18.23,18.66,17.73,17.82,683691,12250698.00
2022-02-11,17.82,17.82,16.80,16.89,828548,14211258.00
2022-02-14,17.11,17.20,16.88,16.95,348712,5926422.50
2022-02-15,16.63,17.20,16.63,16.93,292720,4963906.50
2022-02-16,17.12,17.18,16.80,16.98,332954,5636750.00
2022-02-17,16.98,17.04,16.62,16.62,435516,7291880.00
2022-02-18,16.79,16.79,16.50,16.65,391835,6500433.00
2022-02-21,16.71,16.71,16.28,16.46,527797,8656317.00
2022-02-22,16.45,16.45,16.01,16.06,737422,11863425.00
2022-02-23,16.25,16.38,16.02,16.20,390727,6321236.00
2022-02-24,16.18,16.26,15.31,15.31,988442,15585149.00
2022-02-25,15.40,15.66,15.14,15.28,646696,9912344.00
2022-02-28,15.28,15.28,14.63,14.81,869550,12947243.00
2022-03-01,14.68,14.68,14.28,14.38,858158,12354242.00
2022-03-02,14.32,14.69,14.20,14.49,420020,6075854.50
2022-03-03,14.49,14.49,14.19,14.24,444587,6346597.00
2022-03-04,14.40,14.40,14.10,14.12,303252,4302584.50
2022-03-07,14.18,14.45,13.71,13.86,314602,4433653.50
2022-03-08,14.02,14.02,13.00,13.25,731860,9707207.00
2022-03-09,13.29,13.29,12.20,12.45,914538,11589381.00
2022-03-10,12.79,12.82,12.31,12.31,618192,7761173.50
2022-03-11,12.16,12.34,11.74,12.32,703792,8416559.00
2022-03-14,12.10,12.10,11.71,11.73,446395,5287788.50
2022-03-15,11.77,11.77,10.53,10.89,449560,5136248.00
2022-03-16,11.20,11.27,10.60,11.00,612132,6740721.50
2022-03-17,11.11,14.14,11.11,13.10,2578851,33216790.00
2022-03-18,12.87,13.58,12.60,13.08,1338359,17544556.00
2022-03-21,12.95,12.98,12.57,12.80,726419,9270654.00
2022-03-22,12.69,12.78,12.38,12.41,509436,6384563.00
2022-03-23,12.42,13.13,12.42,12.55,592686,7548651.50
2022-03-24,12.72,12.72,12.02,12.11,372258,4563045.00
2022-03-25,12.18,12.20,11.51,11.61,529215,6234834.50
2022-03-28,11.52,11.64,11.35,11.55,282965,3242285.75
2022-03-29,11.94,12.58,11.50,11.80,742382,8985475.00
2022-03-30,11.66,12.04,11.65,11.97,400469,4750070.00
2022-03-31,11.85,12.19,11.83,11.91,300605,3608374.75
2022-04-01,12.17,12.59,11.50,12.28,804295,9940483.00
2022-04-06,12.28,12.29,12.00,12.15,407770,4936550.50
2022-04-07,12.15,12.27,11.80,11.83,355738,4283193.50
2022-04-08,11.77,11.95,11.48,11.70,296445,3458778.25
2022-04-11,11.72,11.72,11.20,11.24,312196,3555396.25
2022-04-12,11.30,11.45,11.20,11.37,236104,2663325.50
2022-04-13,11.37,11.37,11.18,11.18,121494,1365211.88
2022-04-14,11.36,11.68,11.24,11.28,262981,2991694.25
2022-04-15,11.18,11.42,11.00,11.10,219339,2450443.75
2022-04-18,11.08,11.42,11.08,11.28,365122,4107992.50
2022-04-19,11.40,11.40,11.06,11.20,213927,2398867.25
2022-04-20,11.20,11.32,10.92,10.96,209751,2326629.25
2022-04-21,10.86,10.99,10.30,10.50,348972,3719192.75
2022-04-22,10.78,10.78,10.30,10.30,482967,5060925.50
2022-04-25,10.08,10.43,9.37,9.37,399268,3888501.00
2022-04-26,9.53,9.62,8.73,8.86,575136,5218352.50
2022-04-27,8.86,9.18,8.59,9.16,394357,3517667.75
2022-04-28,9.02,9.02,8.50,8.66,473259,4127925.75
2022-04-29,8.54,8.94,8.50,8.87,493115,4345759.00
2022-05-05,8.90,8.93,8.63,8.79,368300,3226234.50
2022-05-06,8.68,8.79,8.55,8.74,243179,2100570.50
2022-05-09,8.58,9.34,8.58,9.00,334667,3051281.75
2022-05-10,8.97,9.17,8.90,9.06,218468,1971378.38
2022-05-11,9.14,9.73,9.03,9.49,935100,8871389.00
2022-05-12,9.31,9.42,9.22,9.27,373823,3476860.00
2022-05-13,9.30,9.88,9.12,9.69,639150,6110112.50
2022-05-16,9.54,9.79,9.42,9.56,333696,3198327.75
2022-05-17,9.43,9.55,9.36,9.40,179538,1693004.38
2022-05-18,9.40,9.59,9.22,9.30,392802,3674634.75
2022-05-19,9.29,9.33,9.15,9.31,132656,1227623.75
2022-05-20,9.44,9.46,9.28,9.34,228883,2139922.00
2022-05-23,9.34,9.39,9.19,9.32,136070,1265960.88
2022-05-24,9.35,10.00,9.17,9.28,578520,5588781.50
2022-05-25,9.31,9.33,9.04,9.30,217955,2009981.50
2022-05-26,9.47,9.47,8.80,9.07,155090,1410176.13
2022-05-27,9.25,9.25,8.95,9.09,176464,1601754.50
2022-05-30,9.25,9.25,8.82,8.89,340250,3028065.25
2022-05-31,8.89,8.93,8.59,8.77,299983,2619610.00
2022-06-01,8.61,8.97,8.40,8.89,1032008,8890916.00
2022-06-02,8.79,9.56,8.71,9.27,996380,9127267.00
2022-06-06,9.34,9.64,9.31,9.52,898678,8524098.00
2022-06-07,9.59,9.59,9.20,9.26,416781,3883346.25
2022-06-08,9.26,9.36,9.16,9.27,349828,3248100.50
2022-06-09,9.27,9.27,8.93,9.00,345449,3121512.50
2022-06-10,8.99,9.13,8.98,9.08,207643,1880114.50
2022-06-13,9.08,9.12,8.99,9.03,156099,1416170.25
2022-06-14,9.10,9.10,8.84,8.96,188976,1685874.75
2022-06-15,8.91,9.10,8.91,9.05,215939,1949409.25
2022-06-16,8.92,9.18,8.85,8.98,502871,4506387.00
2022-06-17,8.96,8.97,8.84,8.93,163608,1456894.63
2022-06-20,8.98,9.09,8.95,9.00,277429,2499366.75
2022-06-21,8.98,9.08,8.93,8.97,160722,1447125.25
2022-06-22,8.98,9.05,8.89,8.90,225764,2021410.13
2022-06-23,8.88,9.30,8.81,9.19,468934,4278378.00
2022-06-24,9.23,9.98,9.23,9.74,1073746,10395976.00
2022-06-27,9.73,9.84,9.64,9.75,471466,4602622.00
2022-06-28,9.83,11.97,9.79,11.31,2884348,32300116.00
2022-06-29,10.81,11.58,10.36,10.38,1542818,16738976.00
2022-06-30,10.30,11.00,10.30,10.51,709299,7578779.50
2022-07-01,10.33,10.76,10.33,10.44,362150,3817016.75
2022-07-04,10.32,11.30,10.32,10.94,723132,7861217.00
2022-07-05,10.61,10.94,10.61,10.84,465587,5000616.00
2022-07-06,11.00,11.00,10.42,10.75,392821,4200911.00
2022-07-07,10.81,10.81,10.50,10.78,363724,3867071.50
2022-07-08,10.35,10.76,10.35,10.55,402471,4232844.50
2022-07-11,10.35,10.48,10.01,10.03,311694,3174296.75
2022-07-12,10.01,10.24,9.97,10.03,329640,3310416.25
2022-07-13,10.12,10.12,9.83,9.87,254434,2523832.00
2022-07-14,9.86,10.91,9.86,10.30,662764,6960532.00
2022-07-15,10.48,10.48,10.16,10.20,418384,4304579.00
2022-07-18,10.01,10.33,10.01,10.21,254951,2584676.25
2022-07-19,10.30,10.79,10.29,10.45,482815,5109543.50
2022-07-20,10.61,10.62,10.35,10.46,295046,3075601.00
2022-07-21,10.46,10.56,10.33,10.40,162206,1686377.50
2022-07-22,10.38,10.41,10.08,10.15,313272,3194963.50
2022-07-25,10.10,10.17,10.00,10.10,218371,2200574.00
2022-07-26,10.00,10.19,10.00,10.15,281821,2858558.00
2022-07-27,10.15,10.25,9.99,10.10,185175,1864288.25
2022-07-28,10.09,10.12,10.00,10.01,265995,2670390.25
2022-07-29,9.96,10.09,9.90,9.98,240586,2398769.75
2022-08-01,9.80,10.05,9.80,10.05,160148,1602792.75
2022-08-02,9.93,9.93,9.52,9.61,343645,3326219.25
2022-08-03,9.12,9.73,9.12,9.58,259938,2468812.50
2022-08-04,9.56,9.60,9.41,9.50,76171,722003.94
2022-08-05,9.65,9.66,9.40,9.51,130267,1242041.50
2022-08-08,9.56,9.75,9.45,9.63,102122,976286.81
2022-08-09,9.57,9.66,9.50,9.58,90512,864245.44
2022-08-10,9.65,9.65,9.52,9.59,130260,1246345.00
2022-08-11,9.58,9.95,9.58,9.82,345340,3393329.00
2022-08-12,9.77,9.99,9.67,9.72,225128,2213232.50
2022-08-15,9.72,9.84,9.57,9.69,189918,1826633.50
2022-08-16,9.67,9.75,9.57,9.65,107812,1040699.94
2022-08-17,9.71,9.71,9.52,9.65,137747,1324023.88
2022-08-18,9.65,9.65,9.50,9.56,140391,1337973.38
2022-08-19,9.66,9.66,9.50,9.51,144193,1381771.25
2022-08-22,9.63,9.64,9.41,9.49,149140,1410536.88
2022-08-23,9.45,9.55,9.29,9.32,151693,1419899.38
2022-08-24,9.40,9.40,8.83,8.95,394867,3549883.50
2022-08-25,8.81,9.03,8.65,8.72,263598,2307095.00
2022-08-26,8.72,8.72,8.63,8.68,129363,1120322.25
2022-08-29,8.77,8.77,8.37,8.49,301252,2561140.50
2022-08-30,8.57,8.57,8.40,8.49,94283,797473.00
2022-08-31,8.45,8.45,8.22,8.36,148730,1238711.13
2022-09-01,8.37,8.40,8.27,8.37,110691,923997.44
2022-09-02,8.35,8.39,8.22,8.35,159849,1325414.88
2022-09-05,8.44,8.44,8.28,8.34,84939,709259.06
2022-09-06,8.40,8.40,8.25,8.34,54603,454368.75
2022-09-07,8.38,8.44,8.32,8.44,88535,742447.69
2022-09-08,8.43,8.46,8.28,8.39,64281,537970.38
2022-09-09,8.58,8.68,8.36,8.40,145048,1227825.00
2022-09-13,8.30,8.50,8.30,8.39,127928,1072973.38
2022-09-14,8.28,8.39,8.18,8.30,128896,1060790.25
2022-09-15,8.40,8.40,8.05,8.20,130367,1069892.50
2022-09-16,8.23,8.65,8.09,8.38,501260,4234948.50
2022-09-19,8.63,9.50,8.54,8.79,779683,6926549.50
2022-09-20,8.54,8.77,8.20,8.72,424316,3643346.50
2022-09-21,8.58,9.30,8.57,9.12,999875,9088641.00
2022-09-22,9.12,9.50,8.92,8.99,819521,7586668.50
2022-09-23,8.90,8.90,8.30,8.43,600195,5114666.00
2022-09-26,8.40,8.49,8.16,8.40,138873,1157054.50
2022-09-27,8.27,8.50,8.27,8.46,146866,1237058.75
2022-09-28,8.47,8.48,8.20,8.22,128885,1064972.75
2022-09-29,8.43,8.43,8.00,8.01,177471,1437539.25
2022-09-30,8.01,8.10,7.84,7.89,124326,987633.81
2022-10-10,7.93,8.00,7.55,7.65,139913,1085311.00
2022-10-11,7.64,7.72,7.58,7.67,75354,575317.19
2022-10-12,7.60,7.89,7.50,7.75,172393,1317431.50
2022-10-13,7.75,7.78,7.65,7.77,63569,491646.56
2022-10-14,7.80,7.99,7.80,7.86,126673,998681.81
2022-10-17,7.71,7.92,7.71,7.85,130161,1013617.63
2022-10-18,7.98,7.99,7.66,7.82,234344,1822437.25
2022-10-19,7.80,7.82,7.71,7.71,95830,744648.38
2022-10-20,7.70,7.78,7.62,7.64,90689,694821.94
2022-10-21,7.65,7.91,7.63,7.71,120457,938930.06
2022-10-24,7.78,7.89,7.63,7.65,127502,986840.38
2022-10-25,7.79,7.79,7.50,7.65,93563,713481.94
2022-10-26,7.60,7.78,7.59,7.70,128034,985244.06
2022-10-27,7.55,7.70,7.51,7.61,104910,795437.44
2022-10-28,7.61,7.61,7.05,7.10,411772,2979332.50
2022-10-31,7.30,7.30,7.06,7.12,183946,1309486.63
2022-11-01,7.08,7.21,7.07,7.17,111113,796121.00
2022-11-02,7.19,7.55,7.19,7.41,444886,3285170.00
2022-11-03,7.41,7.50,7.32,7.38,121415,896373.56
2022-11-04,7.38,7.61,7.34,7.52,194945,1467224.25
2022-11-07,7.65,7.65,7.41,7.53,174902,1317802.75
2022-11-08,7.65,7.65,7.48,7.52,134128,1012565.19
2022-11-09,7.60,7.60,7.42,7.54,91693,685617.81
2022-11-10,7.53,7.80,7.41,7.65,137643,1051823.13
2022-11-11,7.76,7.80,7.56,7.63,180943,1383693.50
2022-11-14,7.70,7.70,7.52,7.61,162054,1229156.38
2022-11-15,7.65,7.75,7.51,7.70,118269,903688.00
2022-11-16,7.80,7.80,7.59,7.70,122561,939242.06
2022-11-17,7.79,7.79,7.54,7.65,109532,833866.56
2022-11-18,7.68,7.68,7.50,7.50,195203,1473818.75
2022-11-21,7.64,7.76,7.61,7.67,268689,2064292.38
2022-11-22,7.76,7.76,7.51,7.62,137740,1044423.81
2022-11-23,7.67,7.67,7.50,7.58,150553,1134025.63
2022-11-24,7.54,7.64,7.50,7.53,33599,253392.56
2022-11-25,7.60,7.60,7.34,7.43,82770,613797.88
2022-11-28,7.53,7.53,7.37,7.38,93548,693609.56
2022-11-29,7.46,7.60,7.39,7.50,110851,830668.63
2022-11-30,7.58,7.58,7.44,7.49,55937,419849.84
2022-12-01,7.64,7.64,7.46,7.46,56279,422931.47
2022-12-02,7.56,7.56,7.39,7.48,55555,413270.59
2022-12-05,7.45,7.50,7.41,7.48,222832,1662791.88
2022-12-06,7.53,7.53,7.42,7.48,65403,486583.63
2022-12-07,7.51,7.51,7.35,7.44,97722,724130.75
2022-12-08,7.53,7.53,7.39,7.45,109963,817068.19
2022-12-09,7.50,7.50,7.31,7.42,35888,264952.25
2022-12-12,7.56,7.56,7.34,7.35,37346,275817.41
2022-12-13,7.49,7.49,7.33,7.38,44312,326637.69
2022-12-14,7.45,7.45,7.26,7.32,99687,728538.50
2022-12-15,7.38,7.38,7.25,7.28,51466,374285.66
2022-12-16,7.29,7.29,7.18,7.25,97382,702806.13
2022-12-19,7.28,7.28,7.15,7.17,38312,275145.91
2022-12-20,7.13,7.23,7.05,7.11,136491,966780.31
2022-12-21,7.18,7.18,7.02,7.04,56342,399109.31
2022-12-22,7.06,7.09,6.97,7.06,88335,621310.38
2022-12-23,6.88,7.07,6.88,6.91,109783,761490.06
2022-12-26,6.83,6.94,6.83,6.92,88906,613687.00
2022-12-27,6.91,6.92,6.83,6.90,68250,469480.34
2022-12-28,6.81,6.89,6.81,6.89,37610,258662.48
2022-12-29,6.95,6.98,6.81,6.83,79940,551324.69
2022-12-30,6.99,6.99,6.81,6.82,49595,339490.44
2023-01-03,6.82,6.93,6.82,6.89,60437,417508.50
2023-01-04,6.95,6.98,6.86,6.91,102137,707323.69
2023-01-05,6.95,6.95,6.85,6.88,116203,799659.63
2023-01-06,6.93,6.94,6.88,6.93,35847,247812.20
2023-01-09,7.00,7.00,6.85,6.92,59898,414357.25
2023-01-10,6.95,6.95,6.85,6.93,53864,372843.56
2023-01-11,6.98,6.98,6.85,6.86,42678,293364.31
2023-01-12,6.83,6.88,6.83,6.83,68365,467644.59
2023-01-13,6.93,6.93,6.80,6.88,62845,428852.38
2023-01-16,6.95,6.95,6.80,6.87,81801,559466.75
2023-01-17,6.89,6.89,6.84,6.86,59482,407955.84
2023-01-18,6.86,6.87,6.81,6.82,103083,704426.94
2023-01-19,6.86,6.86,6.79,6.83,70265,479747.53
2023-01-20,6.93,6.93,6.81,6.85,143936,990813.63
2023-01-30,6.95,7.11,6.94,7.09,322595,2266979.50
2023-01-31,7.18,7.67,7.02,7.52,653965,4868582.00
2023-02-01,7.67,7.67,7.38,7.46,334095,2506785.50
2023-02-02,7.33,7.50,7.25,7.34,201264,1480226.75
2023-02-03,7.23,7.43,7.23,7.30,107438,787547.81
2023-02-06,7.35,7.35,7.12,7.30,57040,417062.59
2023-02-07,7.33,7.75,7.26,7.50,261185,1958824.00
2023-02-08,7.46,7.56,7.42,7.43,66731,498166.69
2023-02-09,7.58,7.58,7.36,7.49,229626,1720033.38
2023-02-10,7.55,7.55,7.36,7.41,116528,864771.88
2023-02-13,7.54,7.54,7.32,7.48,78358,582293.50
2023-02-14,7.54,7.54,7.44,7.52,93847,701705.69
2023-02-15,7.57,7.57,7.45,7.50,74241,555196.50
2023-02-16,7.48,7.49,7.30,7.35,111199,825033.00
2023-02-17,7.42,7.43,7.23,7.38,40059,293561.88
2023-02-20,7.37,7.55,7.31,7.40,51947,383961.28
2023-02-21,7.52,7.52,7.35,7.36,43104,318138.91
2023-02-22,7.32,7.36,7.22,7.29,87169,635958.44
2023-02-23,7.30,7.37,7.22,7.29,94349,685357.81
2023-02-24,7.20,7.28,7.05,7.08,316945,2251425.00
2023-02-27,7.04,7.06,6.99,6.99,111015,779177.75
2023-02-28,7.13,7.13,6.98,7.02,57215,400811.63
2023-03-01,7.14,7.14,6.91,7.02,170521,1190821.38
2023-03-02,7.02,7.06,6.85,6.93,109072,759400.31
2023-03-03,6.88,7.06,6.84,6.90,159920,1102164.38
2023-03-06,6.99,6.99,6.88,6.90,54093,374282.69
2023-03-07,6.94,6.94,6.80,6.88,122069,835289.75
2023-03-08,6.90,6.97,6.81,6.86,133156,913016.06
2023-03-09,6.86,6.86,6.77,6.80,124052,843193.44
2023-03-10,6.76,6.85,6.73,6.73,154687,1046371.25
2023-03-13,6.84,6.84,6.66,6.66,84954,567628.50
2023-03-14,6.69,6.69,6.52,6.58,191928,1263247.63
2023-03-15,6.58,6.65,6.55,6.56,111153,731748.63
2023-03-16,6.56,6.65,6.50,6.56,83937,548823.25
2023-03-17,6.58,6.59,6.51,6.57,30913,202496.06
2023-03-20,6.50,6.64,6.50,6.59,71319,468409.66
2023-03-21,6.65,6.65,6.57,6.60,50822,335787.41
2023-03-22,6.64,6.64,6.53,6.59,32224,212768.20
2023-03-23,6.65,6.65,6.53,6.59,73111,480924.25
2023-03-24,6.65,6.96,6.59,6.81,174433,1180612.75
2023-03-27,6.83,6.83,6.63,6.75,99911,672050.88
2023-03-28,6.87,6.87,6.70,6.79,21372,144810.97
2023-03-29,6.85,7.12,6.71,6.85,334432,2319455.00
2023-03-30,6.88,6.99,6.73,6.78,92424,628828.56
2023-03-31,6.86,6.86,6.74,6.80,47068,319871.56
2023-04-03,6.78,6.83,6.67,6.75,210665,1414253.88
2023-04-04,6.79,6.79,6.70,6.71,28114,188847.78
2023-04-06,6.64,6.71,6.63,6.63,55795,370931.81
2023-04-07,6.72,6.72,6.58,6.67,36277,240937.28
2023-04-10,6.56,6.67,6.56,6.57,80848,532604.44
2023-04-11,6.57,6.65,6.54,6.62,21983,144993.48
2023-04-12,6.68,6.68,6.53,6.60,75684,497903.25
2023-04-13,6.60,6.62,6.51,6.52,96659,632156.81
2023-04-14,6.71,6.71,6.50,6.57,119641,786716.69
2023-04-17,6.50,6.59,6.50,6.57,62421,408762.94
2023-04-18,6.60,6.60,6.46,6.54,91931,596962.31
2023-04-19,6.45,6.48,6.37,6.41,196889,1259878.00
2023-04-20,6.31,6.43,6.20,6.30,195329,1234960.88
2023-04-21,6.22,6.30,6.10,6.12,183832,1139877.75
2023-04-24,6.13,6.17,5.90,5.96,203530,1231142.38
2023-04-25,5.94,5.99,5.81,5.88,90720,534429.06
2023-04-26,5.86,5.92,5.82,5.86,115619,676848.25
2023-04-27,5.79,5.90,5.79,5.89,85046,498391.94
2023-04-28,5.82,6.08,5.82,6.03,91699,548179.56
2023-05-04,5.91,6.10,5.91,5.97,33189,198993.39
2023-05-05,5.90,6.07,5.90,6.07,163126,974223.44
2023-05-08,6.39,6.39,6.12,6.27,188718,1174223.13
2023-05-09,6.18,6.28,6.18,6.24,82095,512169.00
2023-05-10,6.27,6.27,6.08,6.24,13174,82069.76
2023-05-11,6.26,6.35,6.16,6.24,36916,230716.06
2023-05-12,6.06,6.33,6.06,6.20,45069,277750.31
2023-05-15,6.19,6.28,6.11,6.18,35942,221451.66
2023-05-16,6.17,6.26,6.08,6.15,53198,325741.63
2023-05-17,6.22,6.22,6.11,6.17,35700,219168.00
2023-05-18,6.21,6.21,6.00,6.05,39224,238008.92
2023-05-19,6.05,6.08,5.95,6.08,33202,199768.77
2023-05-22,5.89,6.09,5.89,6.09,20200,122146.46
2023-05-23,6.09,6.21,6.07,6.17,152991,939975.56
2023-05-24,6.10,6.22,6.10,6.16,26056,159653.00
2023-05-25,6.20,6.25,6.07,6.15,47712,292398.28
2023-05-26,6.19,6.19,6.02,6.11,51361,311414.28
2023-05-29,6.10,6.11,6.03,6.03,17094,103466.21
2023-05-30,6.08,6.08,5.90,6.05,49805,296984.59
2023-05-31,6.05,6.05,5.90,5.93,30165,179232.44
2023-06-01,5.83,5.96,5.77,5.90,141493,825841.25
2023-06-02,5.99,5.99,5.82,5.87,62496,367273.19
2023-06-05,5.94,5.94,5.84,5.86,22894,134361.38
2023-06-06,5.85,5.90,5.82,5.87,18725,109344.92
2023-06-07,5.88,5.95,5.82,5.89,79639,464852.47
2023-06-08,5.94,5.94,5.82,5.89,26391,155321.44
2023-06-09,5.82,5.90,5.82,5.84,37154,216806.50
2023-06-12,5.83,5.90,5.83,5.89,30832,181105.88
2023-06-13,5.85,5.91,5.85,5.89,107209,630794.06
2023-06-14,5.89,5.89,5.83,5.88,56493,331729.53
2023-06-15,5.88,5.90,5.84,5.88,26805,157276.00
2023-06-16,5.98,5.98,5.84,5.93,20839,122664.64
2023-06-19,5.89,5.95,5.89,5.92,90897,538465.50
2023-06-20,5.85,5.95,5.85,5.86,71501,419284.94
2023-06-21,5.95,5.95,5.77,5.87,85843,505700.38
2023-06-26,5.87,5.95,5.78,5.81,55423,325697.56
2023-06-27,5.75,5.88,5.72,5.82,103814,599885.63
2023-06-28,5.90,5.90,5.75,5.88,160034,940056.50
2023-06-29,5.76,6.04,5.76,6.00,245954,1471182.38
2023-06-30,5.90,6.05,5.90,6.05,195222,1168515.88
2023-07-03,6.02,6.15,5.92,6.08,102929,622015.56
2023-07-04,6.08,6.56,5.98,6.22,588023,3649294.25
2023-07-05,6.18,6.21,6.10,6.16,131765,809432.81
2023-07-06,6.12,6.19,6.07,6.08,46905,286393.25
2023-07-07,6.14,6.14,6.06,6.11,29369,178887.48
2023-07-10,6.11,6.15,5.83,6.11,239023,1452055.00
2023-07-11,6.11,6.11,5.98,6.08,62364,377460.53
2023-07-12,6.15,6.15,5.93,6.02,33250,201995.02
2023-07-13,6.02,6.12,6.02,6.07,67673,410967.03
2023-07-14,5.94,6.12,5.93,6.08,13717,82359.82
2023-07-17,5.94,6.18,5.94,6.05,32145,196920.48
2023-07-18,6.30,6.30,6.02,6.10,53995,328805.22
2023-07-19,6.07,6.07,5.95,6.06,180620,1079663.88
2023-07-20,5.99,6.04,5.93,5.98,55968,334054.63
2023-07-21,6.03,6.03,5.95,5.99,27270,163473.13
2023-07-24,5.87,6.03,5.87,5.99,28815,170101.75
2023-07-25,6.01,6.08,6.00,6.06,49270,297486.56
2023-07-26,6.05,6.07,6.00,6.07,6907,41517.42
2023-07-27,6.10,6.15,6.00,6.00,44407,270137.09
2023-07-28,6.22,6.22,5.96,6.12,54468,333573.97
2023-07-31,6.02,6.12,6.02,6.10,102790,625178.75
2023-08-01,6.17,6.17,6.07,6.08,33467,203839.06
2023-08-02,6.08,6.15,6.04,6.09,18011,109835.73
2023-08-03,6.10,6.14,6.03,6.10,29011,176255.59
2023-08-04,6.05,6.13,6.01,6.05,88450,534636.63
2023-08-07,6.00,6.09,6.00,6.03,15044,90916.76
2023-08-08,5.98,6.06,5.98,6.05,26033,157024.63
2023-08-09,6.00,6.06,6.00,6.06,14355,86233.58
2023-08-10,6.00,6.06,5.99,6.05,93290,563115.56
2023-08-11,6.02,6.02,5.95,6.02,24208,144614.11
2023-08-14,6.03,6.03,5.86,5.90,79439,469035.06
2023-08-15,6.00,6.00,5.86,5.90,45461,268730.56
2023-08-16,5.90,5.97,5.82,5.91,28450,166616.86
2023-08-17,5.89,5.97,5.87,5.93,72793,429974.50
2023-08-18,5.93,5.99,5.86,5.94,79829,472501.84
2023-08-21,5.83,5.93,5.83,5.92,45811,269114.22
2023-08-22,5.92,5.92,5.78,5.79,60705,354872.38
2023-08-23,5.83,5.83,5.75,5.82,30260,174992.23
2023-08-24,5.75,5.84,5.72,5.77,37864,217687.48
2023-08-25,5.70,5.70,4.79,4.79,130398,712124.69
2023-08-28,5.50,5.68,5.01,5.15,290875,1552388.38
2023-08-29,5.14,5.54,5.14,5.47,283553,1534909.00
2023-08-30,5.41,5.58,5.41,5.52,134793,747593.00
2023-08-31,5.46,5.75,5.46,5.60,47124,262796.34
2023-09-01,5.41,5.73,5.41,5.73,71568,402609.13
2023-09-04,5.99,5.99,5.78,5.86,392337,2309674.25
2023-09-05,5.97,5.97,5.75,5.85,160845,951790.63
2023-09-06,5.85,5.94,5.65,5.76,141500,811152.44
2023-09-07,5.83,5.83,5.66,5.77,38925,224531.80
2023-09-08,5.87,5.87,5.68,5.76,39446,225199.52
2023-09-11,5.89,5.89,5.65,5.77,47462,270183.63
2023-09-12,5.83,5.83,5.72,5.78,6000,34499.00
2023-09-13,5.84,5.84,5.66,5.73,29709,168876.38
2023-09-14,5.76,5.76,5.60,5.60,71031,401054.09
2023-09-15,5.77,5.78,5.64,5.65,69033,393028.13
2023-09-18,5.71,5.72,5.60,5.60,59661,340106.19
2023-09-19,5.77,5.77,5.45,5.45,12110,67727.93
2023-09-20,5.64,5.64,5.40,5.42,43330,237783.23
2023-09-21,5.58,5.58,5.35,5.38,27604,149593.77
2023-09-22,5.33,5.47,5.33,5.41,39157,212833.45
2023-09-25,5.57,5.57,5.38,5.40,6657,36020.05
2023-09-26,5.58,5.58,5.37,5.37,27152,147303.38
2023-09-27,5.41,5.41,5.31,5.39,34837,186357.67
2023-09-28,5.42,5.43,5.31,5.34,55664,299300.41
2023-10-09,5.42,5.67,5.33,5.63,151118,843681.69
2023-10-10,5.60,5.68,5.46,5.59,71888,396781.69
2023-10-11,5.62,5.62,5.48,5.49,21725,119698.01
2023-10-12,5.60,5.60,5.45,5.55,34300,189504.19
2023-10-13,5.58,5.59,5.42,5.52,53773,294798.50
2023-10-16,5.49,5.50,5.38,5.48,32762,177589.81
2023-10-17,5.36,5.57,5.36,5.45,31473,170651.31
2023-10-18,5.33,5.52,5.29,5.29,57376,306047.41
2023-10-19,5.40,5.40,5.16,5.33,12612,66877.90
2023-10-20,5.34,5.38,5.25,5.33,9905,52786.24
2023-10-23,5.33,5.36,5.18,5.19,59949,313569.78
2023-10-24,5.20,5.29,5.20,5.29,13381,70311.00
2023-10-25,5.30,5.55,5.30,5.39,46457,250740.19
2023-10-26,5.46,5.46,5.34,5.41,21884,118177.28
2023-10-27,5.48,5.48,5.33,5.46,87048,471908.41
2023-10-30,5.45,5.45,5.37,5.41,113295,612450.38
2023-10-31,5.42,5.48,5.31,5.39,76604,411841.75
2023-11-01,5.35,5.37,5.21,5.34,58718,307270.88
2023-11-02,5.30,5.58,5.25,5.38,139749,757621.81
2023-11-03,5.55,5.55,5.33,5.47,35291,192620.69
2023-11-06,5.55,5.57,5.47,5.51,58827,323104.34
2023-11-07,5.50,5.51,5.42,5.46,74607,407515.38
2023-11-08,5.50,5.67,5.44,5.60,247526,1371679.13
2023-11-09,5.66,5.73,5.56,5.67,120174,682233.88
2023-11-10,5.67,5.70,5.52,5.62,135227,755294.50
2023-11-13,5.62,5.62,5.53,5.59,77177,428525.38
2023-11-14,5.54,5.61,5.54,5.61,18115,100542.70
2023-11-15,5.62,5.70,5.61,5.67,102553,580197.38
2023-11-16,5.67,5.67,5.56,5.63,60605,339931.69
2023-11-17,5.63,5.64,5.58,5.60,18339,102615.79
2023-11-20,5.67,6.10,5.58,6.05,826539,4880357.00
2023-11-21,6.00,7.20,6.00,6.69,2329731,15354610.00
2023-11-22,6.61,7.58,6.50,7.43,2610716,18519012.00
2023-11-23,7.50,7.99,6.95,6.95,2790995,20801664.00
2023-11-24,6.83,7.73,6.80,7.58,2611017,19187346.00
2023-11-27,8.00,9.00,7.73,8.97,4985989,42342972.00
2023-11-28,9.90,11.66,9.03,11.66,6204782,67760656.00
2023-11-29,14.00,14.87,10.38,10.44,10732563,136629088.00
2023-11-30,9.40,10.20,8.99,9.29,6988607,66339848.00
2023-12-01,9.20,9.55,8.36,8.50,4864476,42760472.00
2023-12-04,8.56,8.89,8.40,8.58,2783267,24033210.00
2023-12-05,8.67,9.93,8.46,9.86,5643818,52240512.00
2023-12-06,9.80,11.66,9.50,10.29,7262211,76842864.00
2023-12-07,10.00,10.68,9.50,10.56,4896618,50385956.00
2023-12-08,10.80,10.86,10.25,10.40,3163563,33108442.00
2023-12-11,10.21,10.63,9.50,9.80,2458747,24600862.00
2023-12-12,10.01,10.01,9.55,9.88,2045546,19956242.00
2023-12-13,9.77,10.68,9.72,10.30,3739343,38479336.00
2023-12-14,10.12,11.00,10.12,10.58,4904714,52070160.00
2023-12-15,10.67,10.67,10.02,10.30,2771283,28541122.00
2023-12-18,10.30,10.99,10.20,10.79,3371056,36009820.00
2023-12-19,10.79,11.23,10.33,10.95,2838350,30350614.00
2023-12-20,10.94,11.95,10.93,11.62,4947025,57062544.00
2023-12-21,11.60,11.95,9.55,9.77,4597239,49613724.00
2023-12-22,9.40,10.29,9.40,10.00,2186744,21572356.00
2023-12-25,10.06,10.58,10.00,10.58,2740139,28182142.00
2023-12-26,10.51,10.89,10.00,10.55,2854641,29933700.00
2023-12-27,10.42,10.69,10.03,10.34,1676721,17316518.00
2023-12-28,10.50,10.54,10.22,10.42,1921666,20033040.00
2023-12-29,10.68,11.25,10.60,10.94,3368544,36601964.00
2024-01-02,10.90,11.55,10.85,11.49,3821609,42838596.00
2024-01-03,11.54,12.00,11.20,11.84,3913814,45747852.00
2024-01-04,11.85,11.98,11.28,11.63,2436619,28180408.00
2024-01-05,11.64,11.79,10.69,10.89,2696229,30232758.00
2024-01-08,11.05,11.20,10.00,10.15,1804998,19231266.00
2024-01-09,10.30,10.65,9.22,9.63,2258796,22192464.00
2024-01-10,9.75,9.99,9.41,9.88,1454202,14195348.00
2024-01-11,9.70,9.95,9.65,9.75,1021881,10005080.00
2024-01-12,9.81,9.87,8.48,8.58,2290596,20659960.00
2024-01-15,8.59,8.65,7.73,7.78,1719757,13928839.00
2024-01-16,7.80,8.49,7.60,8.37,2140970,17375270.00
2024-01-17,8.29,8.86,8.22,8.35,1806201,15418309.00
2024-01-18,8.35,8.63,7.96,8.60,1709562,14337460.00
2024-01-19,8.60,9.17,8.53,8.96,2089408,18521772.00
2024-01-22,9.03,9.08,8.31,8.51,1512542,13206939.00
2024-01-23,8.62,8.62,8.20,8.57,870391,7378520.00
2024-01-24,8.63,8.64,8.11,8.42,1125395,9489292.00
2024-01-25,8.40,8.41,7.79,8.14,1603096,12976905.00
2024-01-26,8.04,8.38,7.96,8.03,1090341,8910176.00
2024-01-29,8.03,8.15,7.21,7.30,1220834,9365655.00
2024-01-30,7.20,7.39,6.86,7.00,984488,6932733.50
2024-01-31,7.00,7.39,6.98,7.34,1146740,8282872.50
2024-02-01,7.13,7.33,6.89,7.07,691644,4931565.50
2024-02-02,7.13,7.13,6.28,6.63,1097689,7289231.50
2024-02-05,6.59,8.16,5.81,7.32,2197147,15188560.00
2024-02-06,7.11,9.51,7.10,9.51,5525307,50393512.00
2024-02-07,10.80,10.97,8.28,8.28,7454624,73434880.00
2024-02-08,7.99,7.99,7.10,7.60,4622529,34712156.00
2024-02-19,7.54,7.92,7.50,7.74,2682796,20602358.00
2024-02-20,7.60,8.32,7.60,8.07,2453056,19623520.00
2024-02-21,7.95,8.79,7.88,8.40,3170993,26722110.00
2024-02-22,8.23,8.48,8.15,8.36,2049678,17051870.00
2024-02-23,8.40,8.54,7.90,8.15,2192136,17869000.00
2024-02-26,8.15,8.38,8.00,8.30,1744936,14321591.00
2024-02-27,8.39,8.98,8.30,8.72,3164059,27633732.00
2024-02-28,8.72,8.98,8.09,8.15,3002607,25647286.00
2024-02-29,7.97,8.39,7.97,8.39,1600296,13214705.00
2024-03-01,8.44,8.44,8.21,8.25,1157343,9585973.00
2024-03-04,8.25,8.27,7.93,8.00,1486005,11913427.00
2024-03-05,7.90,7.90,7.64,7.77,1247554,9684679.00
2024-03-06,7.80,8.16,7.78,7.94,897442,7138559.00
2024-03-07,7.90,8.01,7.70,7.75,931432,7302513.00
2024-03-08,7.75,7.91,7.70,7.75,459063,3571407.75
2024-03-11,7.83,8.10,7.71,8.00,1155463,9209788.00
2024-03-12,8.10,8.15,7.90,7.93,832328,6634330.00
2024-03-13,7.96,8.01,7.77,7.79,862184,6769486.00
2024-03-14,7.84,7.97,7.70,7.75,559555,4378583.50
2024-03-15,7.85,9.79,7.71,9.71,7392745,66346712.00
2024-03-18,9.00,10.30,9.00,10.10,5482910,53770064.00
2024-03-19,9.98,10.02,9.46,9.70,2980298,28869228.00
2024-03-20,9.70,10.38,9.50,10.19,2979504,29959458.00
2024-03-21,10.34,10.34,9.62,9.85,1495385,14761088.00
2024-03-22,9.88,10.68,9.76,10.15,1780337,18189876.00
2024-03-25,10.20,10.50,9.70,9.99,1506530,15002141.00
2024-03-26,10.02,10.10,9.40,9.70,1035795,9963335.00
2024-03-27,9.50,9.90,9.39,9.60,824234,7942137.50
2024-03-28,9.69,10.39,9.43,10.38,1584011,15833585.00
2024-03-29,10.31,10.99,10.23,10.94,2312188,24801958.00
2024-04-01,10.87,11.30,10.40,10.57,1427736,15158459.00
2024-04-02,10.60,10.80,10.08,10.33,1211004,12455536.00
2024-04-03,10.33,10.50,9.81,10.50,1030868,10369741.00
2024-04-08,10.58,10.79,9.90,10.28,1048187,10594873.00
2024-04-09,10.32,10.37,9.88,9.95,503989,5071073.50
2024-04-10,9.95,10.30,9.63,10.10,997648,10049117.00
2024-04-11,10.09,10.25,9.70,10.19,1099487,10929993.00
2024-04-12,10.13,10.36,9.75,10.20,666023,6711264.50
2024-04-15,10.13,10.13,9.78,10.02,554893,5521331.00
2024-04-16,9.91,9.97,9.20,9.50,509638,4858209.00
2024-04-17,9.55,10.09,9.55,10.09,587804,5807085.50
2024-04-18,10.09,10.60,10.05,10.20,851571,8720231.00
2024-04-19,10.20,10.25,9.84,9.98,509848,5094295.00
2024-04-22,10.00,10.00,9.65,9.74,227555,2216080.00
2024-04-23,9.67,9.72,9.50,9.63,192435,1852393.00
2024-04-24,9.63,10.23,9.63,10.23,1000677,10004950.00
2024-04-25,10.23,10.30,9.94,9.98,290335,2917007.00
2024-04-26,9.98,10.25,9.93,10.10,551935,5591466.00
2024-04-29,10.01,10.40,9.89,10.29,562147,5691408.50
2024-04-30,10.26,11.30,10.00,10.85,1574147,16899702.00
2024-05-06,11.30,11.30,10.51,10.72,633956,6828600.50
2024-05-07,10.59,10.84,10.32,10.59,465202,4952150.00
2024-05-08,10.52,10.52,10.00,10.24,458298,4694250.00
2024-05-09,10.37,10.37,10.04,10.37,463847,4727572.50
2024-05-10,10.32,10.62,10.12,10.49,729846,7653373.00
2024-05-13,10.51,10.55,10.27,10.35,168331,1755107.63
2024-05-14,10.42,10.48,10.10,10.48,516619,5313193.50
2024-05-15,10.53,10.53,10.20,10.35,318174,3278786.50
2024-05-16,10.33,10.44,10.21,10.27,167521,1729967.13
2024-05-17,10.27,10.50,10.18,10.35,229199,2382990.25
2024-05-20,10.20,10.48,10.16,10.38,337706,3486676.75
2024-05-21,10.53,10.53,10.22,10.35,288124,2993707.75
2024-05-22,10.54,10.99,10.20,10.74,579844,6129655.50
2024-05-23,10.88,11.22,10.56,10.96,1168223,12873458.00
2024-05-24,10.81,11.08,10.42,10.79,475721,5084854.50
2024-05-27,10.78,11.05,10.52,10.95,525285,5681114.50
2024-05-28,10.95,11.00,10.70,10.90,360296,3921335.25
2024-05-29,10.86,10.98,10.65,10.69,565619,6106086.00
2024-05-30,10.52,10.80,10.44,10.74,410759,4378064.00
2024-05-31,10.74,11.05,10.60,10.88,467555,5064092.50
2024-06-03,10.99,10.99,10.47,10.58,191179,2042999.63
2024-06-04,10.58,10.95,10.30,10.88,605101,6493858.50
2024-06-05,10.88,10.95,10.76,10.90,309064,3362860.00
2024-06-06,11.00,11.00,10.55,10.78,213537,2285811.50
2024-06-07,10.77,10.88,10.66,10.80,169488,1827171.50
2024-06-11,10.94,10.99,10.60,10.88,534605,5838983.00
2024-06-12,10.97,10.97,10.65,10.74,200785,2158177.75
2024-06-13,10.67,10.74,10.20,10.33,314913,3295215.50
2024-06-14,10.19,10.28,9.82,10.05,338701,3386162.00
2024-06-17,9.99,10.34,9.80,10.34,177027,1776303.50
2024-06-18,10.24,10.50,10.05,10.23,256706,2650319.25
2024-06-19,10.12,10.41,9.99,10.13,248316,2537810.25
2024-06-20,10.13,10.27,9.90,10.22,380240,3841721.75
2024-06-21,10.04,10.88,10.03,10.78,615481,6435956.50
2024-06-24,10.94,11.27,10.51,10.92,1173704,12897305.00
2024-06-25,10.99,10.99,10.62,10.89,243165,2615269.25
2024-06-26,10.84,10.89,10.63,10.74,264091,2833845.25
2024-06-27,10.59,10.75,10.38,10.73,146476,1556559.50
2024-06-28,10.48,10.95,10.47,10.88,434054,4690468.00
2024-07-01,10.89,11.10,10.73,10.96,387153,4225919.50
2024-07-02,10.95,10.95,10.65,10.72,237516,2554650.50
2024-07-03,10.78,10.78,10.27,10.70,247269,2607010.00
2024-07-04,10.68,10.75,10.39,10.40,182966,1925429.88
2024-07-05,10.45,10.80,10.23,10.80,159923,1688290.50
2024-07-08,10.61,10.75,10.42,10.68,246135,2599667.25
2024-07-09,10.63,10.85,10.02,10.80,622462,6636217.00
2024-07-10,10.58,10.75,10.47,10.75,287516,3058147.75
2024-07-11,10.68,10.93,10.58,10.93,727628,7861153.00
2024-07-12,10.91,11.20,10.69,10.85,1488269,16250273.00
2024-07-15,10.64,10.71,10.10,10.67,1375119,14255364.00
2024-07-16,10.58,10.86,10.27,10.71,1289653,13661357.00
2024-07-17,10.80,11.98,10.51,11.57,5728156,63721596.00
2024-07-18,11.46,11.46,9.72,9.98,5479888,55859784.00
2024-07-19,9.88,9.99,9.03,9.10,4127903,38767524.00
2024-07-22,8.94,9.07,8.50,8.63,3489124,30319244.00
2024-07-23,8.68,8.99,8.52,8.55,3138885,27442864.00
2024-07-24,8.56,8.57,8.01,8.06,2455954,20124004.00
2024-07-25,8.02,8.35,8.02,8.30,1660781,13575494.00
2024-07-26,8.58,8.76,8.13,8.16,2229261,18544806.00
2024-07-29,8.08,8.27,7.92,8.16,1388323,11253734.00
2024-07-30,8.24,8.24,8.03,8.12,1044161,8468411.00
2024-07-31,8.18,8.27,8.00,8.25,1646752,13457242.00
2024-08-01,8.21,8.28,8.13,8.14,898361,7358339.00
2024-08-02,8.21,8.23,8.01,8.02,995513,8053428.50
2024-08-05,7.95,8.05,7.36,7.41,1648702,12652658.00
2024-08-06,7.41,7.60,7.35,7.47,1137354,8479878.00
2024-08-07,7.53,7.62,7.41,7.43,1788418,13422804.00
2024-08-08,7.41,7.41,7.16,7.26,1369308,9914024.00
2024-08-09,7.28,7.31,7.08,7.08,905095,6496190.50
2024-08-12,7.06,7.43,7.01,7.34,1254173,9030200.00
2024-08-13,7.27,7.40,7.15,7.28,954582,6943419.50
2024-08-14,7.28,7.46,7.18,7.31,823296,6007159.00
2024-08-15,7.31,7.40,7.26,7.32,593149,4348543.50
2024-08-16,7.34,7.51,7.28,7.41,909619,6745570.50
2024-08-19,7.41,7.74,7.35,7.72,1731298,13061401.00
2024-08-20,7.75,7.80,7.51,7.72,1217682,9323478.00
2024-08-21,7.64,7.71,7.45,7.64,828097,6280672.00
2024-08-22,7.68,7.68,7.22,7.45,515869,3846174.50
2024-08-23,7.43,7.43,7.08,7.32,744799,5403217.00
2024-08-26,7.30,7.42,6.87,7.32,295493,2158272.75
2024-08-27,7.29,7.32,7.17,7.25,248790,1801656.50
2024-08-28,7.20,7.25,7.05,7.20,351709,2511183.25
2024-08-29,7.24,7.48,7.06,7.48,437423,3202852.25
2024-08-30,7.50,7.64,7.40,7.48,534943,4033498.50
2024-09-02,7.49,7.49,7.20,7.32,356258,2616569.00
2024-09-03,7.22,7.35,7.19,7.26,215936,1566705.63
2024-09-04,7.18,7.20,7.05,7.05,358567,2547983.75
2024-09-05,7.09,7.13,7.02,7.11,245245,1736573.75
2024-09-06,7.06,7.12,6.91,6.91,195122,1371420.13
2024-09-09,6.91,7.06,6.91,6.93,328512,2291235.25
2024-09-10,6.98,6.98,6.82,6.90,174497,1205335.88
2024-09-11,6.86,6.93,6.81,6.82,193699,1328288.50
2024-09-12,6.81,6.87,6.71,6.75,354555,2410204.75
2024-09-13,6.73,6.96,6.65,6.84,514841,3492627.50
2024-09-18,6.88,6.92,6.69,6.72,427320,2886719.00
2024-09-19,6.79,6.84,6.70,6.75,359099,2431888.25
2024-09-20,6.73,6.78,6.58,6.61,626269,4163958.25
2024-09-23,6.62,6.62,6.33,6.35,1017871,6547344.00
2024-09-24,6.43,6.55,6.23,6.55,1079155,6885305.00
2024-09-25,6.56,6.83,6.55,6.77,1548735,10397469.00
2024-09-26,6.79,6.83,6.65,6.77,2229715,14955877.00
2024-09-27,6.85,7.44,6.85,7.36,4017630,28694414.00
2024-09-30,7.80,8.96,7.50,8.96,6572904,54417232.00
2024-10-08,11.15,11.28,9.30,10.62,7022337,72763640.00
2024-10-09,9.50,10.15,8.95,9.01,3639971,34986820.00
2024-10-10,9.18,9.33,8.57,8.84,2151777,19218148.00
2024-10-11,8.80,9.04,7.71,7.81,2121950,17265622.00
2024-10-14,7.82,8.19,7.58,8.19,2128387,16821620.00
2024-10-15,8.19,8.37,7.93,7.94,1925840,15695744.00
2024-10-16,7.84,8.19,7.78,7.99,1563574,12495854.00
2024-10-17,8.00,8.86,8.00,8.28,3424915,28727464.00
2024-10-18,8.38,8.91,8.22,8.82,3709016,32211746.00
2024-10-21,9.03,10.12,9.03,9.82,5419161,52072292.00
2024-10-22,9.70,11.12,9.16,10.52,5511933,54158776.00
2024-10-23,9.90,12.49,9.90,10.54,6212872,68754680.00
2024-10-24,10.54,11.10,10.21,10.75,5071807,54746708.00
2024-10-25,10.98,11.80,10.54,10.59,6941843,77401696.00
2024-10-28,10.42,10.72,9.70,10.60,3939821,40591720.00
2024-10-29,10.97,11.75,10.63,11.16,6249971,69920272.00
2024-10-30,11.00,12.28,10.95,11.96,6313855,73583496.00
2024-10-31,12.30,12.35,10.62,11.20,5511992,62420156.00
2024-11-01,11.11,11.20,9.96,10.10,3369687,35557836.00
2024-11-04,9.90,10.90,9.90,10.90,2471711,26147948.00
2024-11-05,10.90,11.99,10.90,11.86,4384299,50899548.00
2024-11-06,12.33,15.41,12.05,15.41,8879611,125259136.00
2024-11-07,16.88,17.98,14.44,14.94,12144920,193820912.00
2024-11-08,14.70,15.31,13.69,14.15,6472723,93110760.00
2024-11-11,16.80,18.39,16.00,18.39,6402782,110832216.00
2024-11-12,21.17,22.01,17.54,17.57,13901550,278212704.00
2024-11-13,16.85,22.84,16.69,22.84,12446422,246229184.00
2024-11-14,27.00,29.69,24.50,29.69,17138534,476225376.00
2024-11-15,29.99,38.59,26.51,38.59,20693234,663529920.00
2024-11-18,40.20,43.00,34.66,35.44,18291471,699126400.00
2024-11-19,32.28,36.99,29.03,31.00,13872970,448237920.00
2024-11-20,31.50,33.20,29.50,31.70,13142606,412129952.00
2024-11-21,30.39,32.16,29.52,30.33,10748570,328527968.00
2024-11-22,29.00,29.99,27.00,27.01,8833951,250619024.00
2024-11-25,27.50,27.83,25.82,27.09,5473203,146724512.00
2024-11-26,27.73,28.00,25.75,25.87,5084636,135485008.00
2024-11-27,25.55,27.50,24.45,26.99,5244696,138389552.00
2024-11-28,26.18,27.50,26.18,26.61,4539407,122006784.00
2024-11-29,26.29,27.64,25.52,27.25,4864600,129390184.00
2024-12-02,27.72,28.44,26.98,28.29,5634642,156266688.00
2024-12-03,28.29,28.29,28.29,28.29,0,0.00
#数据来源:通达信
