871981 晶赛科技 日线 不复权
      日期	    开盘	    最高	    最低	    收盘	    成交量	    成交额
2020-12-22,13.98,14.23,13.98,14.23,5000,70875.00
2020-12-23,14.50,14.50,14.50,14.50,100,1450.00
2020-12-29,14.50,14.50,14.50,14.50,100,1450.00
2020-12-30,14.00,14.37,14.00,14.37,900,12789.00
2020-12-31,14.89,18.00,14.89,18.00,400,6267.00
2021-01-04,15.01,18.00,15.01,16.11,500,8124.00
2021-01-05,16.11,16.11,15.20,15.20,400,6353.00
2021-01-06,15.51,16.11,15.51,16.11,700,11158.00
2021-01-07,17.00,17.00,15.00,15.11,700,10733.00
2021-01-08,15.80,15.80,15.00,15.00,1900,28741.00
2021-01-11,15.00,15.33,15.00,15.20,4500,68262.00
2021-01-12,15.15,15.15,15.12,15.12,600,9081.00
2021-01-13,15.49,15.55,15.46,15.46,1900,29403.45
2021-01-14,16.00,16.01,16.00,16.01,500,7858.00
2021-01-15,16.03,16.03,16.03,16.03,400,6412.00
2021-01-18,15.08,16.04,15.08,16.04,3100,49223.00
2021-01-20,16.09,16.09,16.06,16.06,700,11245.00
2021-01-21,16.06,16.06,16.06,16.06,300,4818.00
2021-01-22,16.06,16.12,16.06,16.12,500,8053.00
2021-01-25,15.42,15.42,15.42,15.42,200,3084.00
2021-01-26,16.40,16.40,15.98,15.98,600,9798.00
2021-01-27,15.98,15.98,15.98,15.98,200,3196.00
2021-01-28,15.68,15.68,15.52,15.52,1100,17088.00
2021-01-29,15.98,16.00,15.98,16.00,700,11198.00
2021-02-01,16.00,16.00,16.00,16.00,100,1600.00
2021-02-03,15.69,15.99,15.69,15.99,200,3168.00
2021-02-08,15.82,15.82,15.82,15.82,900,14238.00
2021-02-22,15.91,15.91,15.91,15.91,100,1591.00
2021-02-24,16.00,16.00,16.00,16.00,200,3200.00
2021-03-03,16.00,16.00,15.97,15.97,2800,44757.97
2021-03-04,16.00,16.00,15.48,15.48,1000,15501.04
2021-03-05,15.97,15.97,15.92,15.97,1200,19159.00
2021-03-08,15.99,15.99,15.99,15.99,100,1599.00
2021-03-11,15.00,15.00,15.00,15.00,200,3000.00
2021-03-12,15.01,15.01,14.97,14.97,400,5996.00
2021-03-15,14.97,15.14,14.97,15.14,400,6022.00
2021-03-16,15.89,15.89,15.89,15.89,100,1843.24
2021-03-18,15.90,16.02,15.90,16.02,600,9586.00
2021-03-19,16.10,16.10,16.10,16.10,100,1610.00
2021-03-24,32.20,32.20,28.00,28.00,300,9240.00
2021-03-31,16.01,16.20,16.01,16.20,200,3221.00
2021-04-01,15.11,15.11,15.11,15.11,100,1511.00
2021-04-12,18.88,18.88,18.88,18.88,300,5664.00
2021-04-14,12.19,12.19,12.19,12.19,100,1219.00
2021-04-22,16.81,16.81,16.81,16.81,200,3362.00
2021-04-23,13.65,13.65,13.65,13.65,100,1365.00
2021-04-27,14.71,14.71,14.71,14.71,100,1471.00
2021-04-29,16.00,16.00,16.00,16.00,200,3200.00
2021-05-10,16.15,16.15,16.15,16.15,2000,32300.00
2021-06-04,12.05,12.05,12.05,12.05,100,1205.00
2021-06-07,14.99,14.99,14.99,14.99,200,2998.00
2021-11-15,44.87,72.88,44.50,56.53,9137800,514059808.00
2021-11-16,48.80,60.00,47.71,54.00,4047300,219437232.00
2021-11-17,55.88,57.57,50.13,54.60,2511500,133917480.00
2021-11-18,54.49,54.89,49.68,50.18,1886400,98121880.00
2021-11-19,50.99,51.45,45.18,46.06,2160800,101427992.00
2021-11-22,46.13,48.55,44.50,48.10,1744500,81872840.00
2021-11-23,48.10,53.49,47.58,50.94,1985500,100545992.00
2021-11-24,50.66,51.68,49.20,49.66,1097100,55098372.00
2021-11-25,49.50,54.00,49.26,52.08,1765500,92139408.00
2021-11-26,51.44,56.32,51.32,54.34,1854300,101152400.00
2021-11-29,52.75,54.95,49.80,50.09,1738100,90164304.00
2021-11-30,50.50,51.66,48.51,51.42,1267300,63355816.00
2021-12-01,51.39,51.60,49.89,50.00,722200,36470584.00
2021-12-02,49.71,51.50,49.38,49.38,736100,37188792.00
2021-12-03,49.55,49.70,46.48,47.15,1166600,55186540.00
2021-12-06,47.23,47.68,44.88,45.06,800300,36577476.00
2021-12-07,45.46,47.38,44.80,46.25,725200,33324788.00
2021-12-08,46.03,46.85,45.60,45.99,397600,18283690.00
2021-12-09,45.99,46.50,45.51,45.74,317900,14559367.00
2021-12-10,45.98,45.98,44.80,44.87,531400,24007094.00
2021-12-13,45.81,47.11,45.25,46.78,637100,29574920.00
2021-12-14,47.20,47.98,46.16,47.00,572400,26965100.00
2021-12-15,47.18,47.18,45.55,45.68,431600,19810268.00
2021-12-16,46.00,46.35,44.88,45.02,306100,13845069.00
2021-12-17,45.06,45.50,43.25,43.39,581500,25706760.00
2021-12-20,43.09,43.51,40.33,41.14,657300,27259874.00
2021-12-21,41.10,41.44,39.96,40.20,405700,16394350.00
2021-12-22,40.36,42.54,40.10,40.77,384300,16010547.00
2021-12-23,40.51,40.80,39.39,39.53,284100,11356614.00
2021-12-24,39.53,39.78,38.13,38.23,327700,12634321.00
2021-12-27,38.90,39.50,38.01,38.30,321700,12436266.00
2021-12-28,38.49,39.34,38.11,39.33,323900,12537467.00
2021-12-29,39.49,40.89,39.32,40.00,532700,21435972.00
2021-12-30,39.98,41.04,39.60,40.83,460700,18744232.00
2021-12-31,41.00,43.98,40.98,43.08,791800,33826008.00
2022-01-04,43.27,43.27,40.50,41.30,560500,23375128.00
2022-01-05,41.25,42.88,40.72,41.50,349900,14638630.00
2022-01-06,40.75,41.43,39.63,39.66,460500,18407080.00
2022-01-07,40.24,40.24,39.11,39.15,223900,8832331.00
2022-01-10,39.02,39.60,39.00,39.10,134984,5292463.50
2022-01-11,39.02,39.83,39.00,39.01,217370,8547024.00
2022-01-12,39.06,39.54,39.05,39.46,143855,5654070.00
2022-01-13,39.53,40.39,38.80,39.38,226785,9036895.00
2022-01-14,38.71,39.71,38.71,38.92,221722,8655505.00
2022-01-17,38.61,40.08,38.60,39.98,261495,10378495.00
2022-01-18,39.99,40.46,39.00,39.14,303749,12085738.00
2022-01-19,39.28,39.88,38.86,39.53,265499,10439278.00
2022-01-20,39.17,43.49,39.17,42.15,1093485,45684284.00
2022-01-21,41.12,43.40,41.12,41.62,538412,22814170.00
2022-01-24,44.20,46.62,43.20,43.32,1142251,51315156.00
2022-01-25,41.00,42.38,40.87,41.18,626523,25842046.00
2022-01-26,41.48,42.06,40.18,40.77,251134,10328567.00
2022-01-27,40.97,43.35,40.37,41.20,527891,22214892.00
2022-01-28,41.01,42.69,40.60,41.77,303326,12670274.00
2022-02-07,42.00,42.48,40.90,40.99,293370,12160203.00
2022-02-08,40.76,40.76,39.05,39.57,342936,13607344.00
2022-02-09,39.51,39.94,38.83,39.74,226239,8923183.00
2022-02-10,39.97,40.04,38.98,39.10,189483,7455557.50
2022-02-11,39.00,39.01,37.63,37.69,324082,12354284.00
2022-02-14,37.63,37.63,36.66,36.75,164259,6062422.00
2022-02-15,37.29,39.46,37.18,38.12,265589,10144520.00
2022-02-16,38.58,38.84,37.50,37.75,137310,5192253.00
2022-02-17,37.53,37.99,37.30,37.74,134416,5050135.00
2022-02-18,37.60,37.92,37.41,37.90,62165,2346947.25
2022-02-21,37.64,38.95,37.63,38.51,120294,4617857.50
2022-02-22,38.51,38.51,37.20,37.32,139025,5228273.00
2022-02-23,37.35,38.71,37.35,38.42,205187,7859452.00
2022-02-24,38.20,38.20,37.02,37.18,264794,9903436.00
2022-02-25,37.80,37.89,37.01,37.04,131704,4924180.50
2022-02-28,37.02,37.30,36.11,36.16,154630,5640585.00
2022-03-01,36.21,36.50,36.12,36.28,149698,5416658.50
2022-03-02,36.28,36.28,35.70,35.76,109199,3914187.25
2022-03-03,36.26,36.26,35.71,35.71,138172,4965717.50
2022-03-04,35.54,35.86,35.49,35.49,92496,3290112.75
2022-03-07,35.29,35.50,34.02,34.34,195652,6776243.00
2022-03-08,34.33,34.79,32.79,32.89,172191,5774387.00
2022-03-09,32.82,33.40,31.00,32.29,278588,8943878.00
2022-03-10,32.47,33.01,31.90,32.02,178432,5785737.50
2022-03-11,31.97,31.97,29.96,31.60,240507,7440168.00
2022-03-14,31.05,31.05,30.37,30.45,99913,3063544.00
2022-03-15,30.35,30.35,28.84,28.90,167976,4984523.50
2022-03-16,29.05,29.26,27.30,28.91,339824,9624614.00
2022-03-17,29.21,33.61,28.92,31.99,803402,25484104.00
2022-03-18,31.21,32.78,31.20,31.89,275292,8783110.00
2022-03-21,31.89,32.48,31.56,32.00,131574,4195557.50
2022-03-22,32.00,32.22,31.38,31.87,157636,5015984.00
2022-03-23,31.88,32.15,31.66,31.88,58932,1875304.88
2022-03-24,32.05,32.12,30.66,30.81,92291,2861727.50
2022-03-25,30.56,31.08,29.50,29.51,149673,4507628.50
2022-03-28,29.51,29.51,28.51,28.90,177966,5163687.00
2022-03-29,29.02,29.95,28.56,28.92,135899,3971455.50
2022-03-30,28.51,29.45,28.51,29.13,111038,3225941.50
2022-03-31,29.40,29.40,28.68,29.00,68692,1987012.50
2022-04-01,29.45,31.39,29.29,30.90,319943,9779109.00
2022-04-06,30.80,30.80,29.98,30.03,180700,5446937.00
2022-04-07,30.01,30.50,29.90,30.28,132931,4003903.75
2022-04-08,29.82,30.48,29.51,29.87,99385,2968549.75
2022-04-11,29.70,29.70,28.68,28.84,89598,2597073.50
2022-04-12,29.00,29.20,28.58,29.00,65494,1891058.13
2022-04-13,29.00,29.15,28.66,28.85,28146,813807.81
2022-04-14,28.84,29.29,28.21,28.84,64616,1857304.38
2022-04-15,28.61,29.12,28.08,28.12,103434,2933341.50
2022-04-18,28.02,28.44,27.50,28.12,63674,1781419.63
2022-04-19,28.35,28.35,27.91,28.12,31621,884996.75
2022-04-20,28.30,28.34,27.92,27.96,56137,1579231.13
2022-04-21,27.92,28.15,27.43,27.43,117079,3240564.25
2022-04-22,28.16,28.16,27.40,27.68,93126,2594461.50
2022-04-25,27.60,27.60,25.22,25.34,205051,5374694.50
2022-04-26,25.60,26.32,24.02,24.10,193504,4803327.00
2022-04-27,23.36,24.88,23.35,24.37,202601,4812150.50
2022-04-28,24.01,24.33,23.36,23.41,155340,3674684.25
2022-04-29,23.50,25.00,23.44,24.93,215808,5264237.50
2022-05-05,24.32,25.06,24.28,25.04,164477,4073794.00
2022-05-06,24.33,24.61,24.21,24.60,82766,2023397.00
2022-05-09,24.12,24.78,24.12,24.55,111794,2743084.00
2022-05-10,24.88,24.93,24.38,24.93,187609,4650030.50
2022-05-11,25.09,26.08,25.00,25.60,369851,9491824.00
2022-05-12,25.21,25.58,24.70,24.91,221226,5547450.00
2022-05-13,24.90,26.05,24.51,25.73,329339,8410673.00
2022-05-16,25.53,26.00,25.53,25.84,132000,3403736.50
2022-05-17,25.63,26.16,25.63,25.98,127877,3305813.00
2022-05-18,25.99,26.42,25.65,26.03,124263,3238899.75
2022-05-19,25.82,26.08,25.21,26.03,110126,2846977.00
2022-05-20,25.82,26.04,25.70,25.95,147778,3816164.25
2022-05-23,25.80,25.90,25.52,25.52,159904,4093870.50
2022-05-24,25.31,25.74,23.89,24.18,207536,5102764.00
2022-05-25,24.18,24.39,23.92,24.22,48843,1181360.00
2022-05-26,24.22,24.46,24.06,24.34,56628,1373530.63
2022-05-27,24.60,24.66,24.26,24.40,95710,2343025.00
2022-05-30,24.78,24.80,24.08,24.39,64245,1566450.75
2022-05-31,24.56,24.70,24.25,24.67,65498,1603105.63
2022-06-01,17.56,17.68,17.39,17.40,161679,2829345.25
2022-06-02,17.49,18.00,17.31,17.80,218942,3863067.25
2022-06-06,17.75,18.96,17.75,18.75,382320,7095892.50
2022-06-07,18.71,19.45,18.62,18.81,340509,6491929.00
2022-06-08,18.73,19.09,18.42,18.59,273970,5115746.50
2022-06-09,18.63,18.63,18.10,18.17,152466,2779363.75
2022-06-10,18.30,18.37,18.02,18.28,132460,2412946.00
2022-06-13,18.49,18.49,18.10,18.11,167875,3052206.25
2022-06-14,18.11,18.27,17.65,17.89,268406,4792738.50
2022-06-15,17.98,18.10,17.78,17.92,191688,3436334.50
2022-06-16,18.19,18.33,17.92,18.00,138510,2510653.75
2022-06-17,18.10,18.20,17.56,17.91,193657,3448228.25
2022-06-20,18.16,18.16,17.71,17.96,122614,2194721.00
2022-06-21,18.16,19.30,18.01,18.79,773077,14537685.00
2022-06-22,18.73,18.73,18.19,18.22,275271,5040907.50
2022-06-23,18.70,18.98,18.30,18.80,408843,7675333.00
2022-06-24,18.96,18.96,18.53,18.75,249619,4675932.50
2022-06-27,18.88,19.95,18.75,19.61,682798,13217693.00
2022-06-28,19.61,20.85,19.41,20.60,952773,19362060.00
2022-06-29,20.45,20.94,19.70,19.87,588226,11955359.00
2022-06-30,19.87,20.08,19.66,19.88,283293,5629290.00
2022-07-01,19.89,19.90,19.39,19.47,300341,5860811.00
2022-07-04,19.54,19.54,19.24,19.32,316861,6122540.50
2022-07-05,19.32,19.52,18.78,19.04,313443,5952912.50
2022-07-06,19.04,19.04,18.70,18.78,144088,2709533.75
2022-07-07,18.80,19.07,18.80,19.05,110373,2092519.38
2022-07-08,19.20,19.20,18.90,19.00,106090,2015016.25
2022-07-11,18.71,18.95,18.60,18.79,74508,1397788.75
2022-07-12,18.52,18.84,18.40,18.64,157375,2913568.25
2022-07-13,18.64,18.64,18.00,18.37,192352,3532970.00
2022-07-14,18.37,18.49,18.26,18.45,85312,1568594.38
2022-07-15,18.22,18.49,18.20,18.20,77950,1426843.25
2022-07-18,18.20,18.43,18.00,18.22,150550,2732221.50
2022-07-19,18.17,18.26,18.01,18.01,136270,2465667.00
2022-07-20,18.05,18.30,18.05,18.13,133463,2429297.50
2022-07-21,18.35,18.36,18.08,18.16,131525,2396656.50
2022-07-22,18.32,18.35,18.05,18.18,79097,1432246.13
2022-07-25,18.08,18.21,17.98,17.98,45803,826171.19
2022-07-26,18.17,18.84,18.10,18.70,237931,4395094.50
2022-07-27,18.58,18.77,18.40,18.45,161911,3014182.25
2022-07-28,18.43,18.66,18.40,18.54,120884,2239451.75
2022-07-29,18.48,18.68,18.25,18.33,75423,1386739.50
2022-08-01,18.18,18.54,18.18,18.36,104713,1924805.75
2022-08-02,18.01,18.03,17.30,17.31,421957,7431572.50
2022-08-03,17.38,17.65,17.35,17.53,132930,2323150.50
2022-08-04,17.35,17.53,17.30,17.50,80814,1409204.75
2022-08-05,17.50,17.78,17.36,17.78,258581,4561045.00
2022-08-08,17.70,18.32,17.64,17.97,224071,4003733.75
2022-08-09,18.00,18.00,17.66,17.76,179592,3199746.00
2022-08-10,17.86,18.30,17.72,17.94,232619,4183342.00
2022-08-11,18.00,19.63,18.00,19.00,940648,18047200.00
2022-08-12,18.96,18.96,18.30,18.40,455184,8418471.00
2022-08-15,18.62,18.63,18.20,18.40,194799,3571804.50
2022-08-16,18.40,18.40,18.20,18.20,161230,2944276.50
2022-08-17,18.35,18.35,18.06,18.29,128336,2333516.25
2022-08-18,18.10,18.26,18.02,18.07,195883,3537262.00
2022-08-19,18.05,18.23,17.83,17.86,121086,2172637.25
2022-08-22,17.68,17.85,17.57,17.69,152064,2686361.25
2022-08-23,17.70,17.99,17.66,17.83,172557,3060647.75
2022-08-24,17.73,17.83,17.30,17.40,163513,2856566.50
2022-08-25,17.59,17.59,17.32,17.45,74620,1297190.88
2022-08-26,17.63,17.63,17.30,17.44,83802,1457767.25
2022-08-29,17.34,17.40,17.28,17.37,100106,1732795.00
2022-08-30,17.40,17.59,17.19,17.29,91745,1593567.75
2022-08-31,17.21,17.44,17.00,17.14,145492,2484718.75
2022-09-01,17.13,17.13,16.70,16.82,208945,3527719.00
2022-09-02,16.94,16.94,16.64,16.70,97625,1635086.88
2022-09-05,17.06,17.08,16.78,16.88,154938,2622846.50
2022-09-06,16.88,16.89,16.65,16.80,100267,1683746.38
2022-09-07,16.99,16.99,16.73,16.83,72764,1222742.88
2022-09-08,16.98,16.98,16.60,16.68,42948,718820.19
2022-09-09,16.80,16.80,16.58,16.75,68683,1142099.50
2022-09-13,16.68,16.85,16.59,16.72,44886,749519.88
2022-09-14,16.50,16.52,16.30,16.35,127661,2091725.75
2022-09-15,16.50,16.50,15.98,15.98,113555,1831793.88
2022-09-16,15.96,16.87,15.91,16.30,326666,5407969.50
2022-09-19,16.31,16.88,16.31,16.45,221630,3694978.00
2022-09-20,16.25,16.80,16.15,16.69,179305,2964599.25
2022-09-21,16.68,17.75,16.51,17.52,873367,15209429.00
2022-09-22,17.60,18.00,17.11,17.30,498556,8781888.00
2022-09-23,17.27,17.27,16.25,16.29,389228,6460541.00
2022-09-26,16.21,16.57,15.46,15.46,309764,4874839.50
2022-09-27,15.45,15.62,15.37,15.55,219273,3387893.75
2022-09-28,15.53,15.63,14.80,14.93,173970,2638780.00
2022-09-29,15.02,15.18,14.45,14.52,171351,2513836.25
2022-09-30,14.53,14.84,14.41,14.51,96899,1408953.88
2022-10-10,14.51,14.64,13.91,14.08,157916,2239456.75
2022-10-11,14.02,14.22,13.99,14.14,148205,2078659.88
2022-10-12,14.01,14.40,13.70,14.28,156528,2205466.75
2022-10-13,14.21,14.50,13.90,14.28,120626,1722229.25
2022-10-14,14.48,14.59,14.35,14.56,132327,1918845.50
2022-10-17,14.59,14.59,14.44,14.57,63076,916042.31
2022-10-18,14.58,14.70,14.50,14.62,88311,1285903.38
2022-10-19,14.42,14.42,14.14,14.21,199846,2851248.25
2022-10-20,14.12,14.38,14.04,14.23,182077,2583140.00
2022-10-21,14.35,14.35,14.10,14.20,125727,1780504.63
2022-10-24,14.13,14.22,13.80,13.87,97770,1375134.25
2022-10-25,13.97,13.97,13.58,13.60,179389,2457181.75
2022-10-26,13.60,13.98,13.60,13.80,186418,2577966.25
2022-10-27,13.93,13.94,13.65,13.78,96819,1331008.75
2022-10-28,13.90,13.90,13.60,13.66,85229,1169947.38
2022-10-31,13.44,13.44,11.00,12.69,570715,7103778.00
2022-11-01,12.66,12.88,12.40,12.74,279936,3546754.50
2022-11-02,12.54,12.75,12.51,12.63,175357,2221535.25
2022-11-03,12.53,12.65,12.50,12.55,110907,1392299.88
2022-11-04,12.55,12.85,12.54,12.76,179980,2288592.25
2022-11-07,12.89,13.25,12.72,12.97,291355,3789212.00
2022-11-08,12.82,13.00,12.75,12.89,104636,1347067.63
2022-11-09,12.89,12.89,12.78,12.82,72988,936223.00
2022-11-10,12.68,12.83,12.67,12.72,82767,1057702.00
2022-11-11,12.87,12.97,12.73,12.78,197882,2536835.50
2022-11-14,12.88,12.90,12.64,12.73,84752,1082158.63
2022-11-15,12.73,13.40,12.73,13.28,453389,5968686.00
2022-11-16,13.15,13.40,13.11,13.20,134107,1777232.13
2022-11-17,13.21,13.32,13.02,13.30,127825,1681843.25
2022-11-18,13.48,13.48,13.15,13.23,117526,1550359.88
2022-11-21,13.55,13.88,13.38,13.75,466360,6373195.50
2022-11-22,13.70,13.70,13.25,13.59,181042,2432614.75
2022-11-23,13.32,13.60,13.26,13.39,46454,620313.06
2022-11-24,13.38,13.49,13.20,13.28,58163,773854.56
2022-11-25,13.20,13.25,13.06,13.10,89225,1170655.50
2022-11-28,13.08,13.11,12.58,12.82,157055,2001756.38
2022-11-29,12.58,13.03,12.58,12.95,97047,1251910.88
2022-11-30,12.80,13.04,12.80,12.92,54462,703564.25
2022-12-01,12.81,13.15,12.72,12.94,133108,1714539.50
2022-12-02,12.75,12.96,12.75,12.87,81929,1050704.38
2022-12-05,13.00,13.46,12.81,13.18,217789,2874162.25
2022-12-06,13.33,13.33,12.88,13.06,114461,1485010.13
2022-12-07,12.85,13.09,12.82,12.83,98145,1262284.75
2022-12-08,12.84,12.87,12.74,12.80,75864,970110.19
2022-12-09,12.80,12.81,12.50,12.80,73598,935189.94
2022-12-12,12.66,12.77,12.61,12.70,54672,692497.00
2022-12-13,12.64,12.76,12.50,12.65,101501,1277515.00
2022-12-14,12.70,12.75,12.53,12.58,55236,696163.63
2022-12-15,12.51,12.83,12.51,12.78,124023,1578384.38
2022-12-16,12.61,12.75,12.51,12.51,90830,1141206.13
2022-12-19,12.50,12.56,12.18,12.40,101985,1258267.00
2022-12-20,13.20,13.20,12.28,12.57,45351,566802.00
2022-12-21,12.29,12.53,12.20,12.28,62195,764929.56
2022-12-22,12.28,12.44,12.07,12.21,37244,454704.28
2022-12-23,12.12,12.24,11.96,12.10,42085,507042.63
2022-12-26,11.96,12.12,11.90,12.09,84233,1009223.00
2022-12-27,12.09,12.12,11.96,12.11,24369,293375.81
2022-12-28,11.97,12.15,11.94,12.11,97444,1175152.75
2022-12-29,12.02,12.25,12.01,12.14,33081,400034.00
2022-12-30,12.25,12.29,12.00,12.21,52364,637226.31
2023-01-03,12.01,12.29,12.01,12.28,33634,407638.50
2023-01-04,12.27,12.37,12.11,12.31,53407,652808.19
2023-01-05,12.18,12.34,12.08,12.18,119077,1447705.00
2023-01-06,12.08,12.25,12.06,12.20,52186,634570.94
2023-01-09,12.12,12.25,12.09,12.11,51528,626951.81
2023-01-10,12.07,12.23,12.07,12.22,38440,467790.38
2023-01-11,12.25,12.27,12.12,12.18,51983,634320.75
2023-01-12,12.08,12.24,12.07,12.15,35389,429999.00
2023-01-13,12.10,12.20,12.10,12.16,100843,1220847.38
2023-01-16,12.21,12.33,12.05,12.28,49979,611290.50
2023-01-17,12.31,12.31,12.18,12.23,41244,503865.03
2023-01-18,12.15,12.30,12.15,12.30,50041,613370.38
2023-01-19,12.23,12.34,12.12,12.33,58137,713739.25
2023-01-20,12.38,12.67,12.35,12.63,73821,919487.00
2023-01-30,12.79,13.00,12.63,12.92,162044,2083198.50
2023-01-31,12.96,14.44,12.72,14.27,981434,13588203.00
2023-02-01,14.69,15.49,14.31,14.90,1450690,21775276.00
2023-02-02,14.51,14.96,13.98,14.14,554234,7871619.00
2023-02-03,14.02,15.01,14.01,14.54,449358,6556190.50
2023-02-06,14.16,14.50,14.06,14.08,210779,2994788.50
2023-02-07,14.26,14.45,13.96,14.05,192126,2708329.25
2023-02-08,13.99,14.21,13.89,13.89,121322,1695980.75
2023-02-09,13.87,14.23,13.86,14.19,142876,2011638.63
2023-02-10,14.19,14.27,14.00,14.10,84076,1180731.75
2023-02-13,14.15,14.76,14.12,14.65,293499,4257954.00
2023-02-14,14.65,14.87,14.34,14.40,257457,3736444.25
2023-02-15,14.36,14.55,14.19,14.30,105979,1515783.13
2023-02-16,14.49,14.56,14.08,14.10,129058,1851809.25
2023-02-17,14.24,14.27,13.89,13.89,117229,1642348.00
2023-02-20,14.00,14.88,14.00,14.55,419155,6117360.00
2023-02-21,14.43,14.70,14.22,14.36,192600,2772358.00
2023-02-22,14.26,14.28,14.14,14.19,97622,1387945.75
2023-02-23,14.07,14.24,13.93,14.05,144629,2029433.50
2023-02-24,14.08,14.08,13.95,13.97,73889,1032782.81
2023-02-27,13.83,13.85,13.21,13.28,228094,3062148.75
2023-02-28,13.21,13.36,13.20,13.26,77112,1021529.50
2023-03-01,13.26,13.35,13.16,13.29,75423,1002589.38
2023-03-02,13.37,13.39,13.29,13.30,62748,836922.81
2023-03-03,13.39,13.39,13.23,13.34,25546,339231.53
2023-03-06,13.28,13.39,13.28,13.35,38481,512277.00
2023-03-07,13.43,13.44,13.02,13.11,67932,900052.75
2023-03-08,13.04,13.21,13.04,13.18,53917,706754.94
2023-03-09,13.26,13.27,13.03,13.11,43503,570367.25
2023-03-10,13.02,13.09,12.86,12.87,77728,1005892.13
2023-03-13,12.81,12.89,12.70,12.74,45682,582922.25
2023-03-14,12.79,12.85,12.43,12.43,77857,979063.44
2023-03-15,12.41,12.73,12.31,12.40,231073,2870496.75
2023-03-16,12.31,12.43,12.26,12.39,59274,732094.63
2023-03-17,12.39,12.46,12.30,12.43,38541,477686.94
2023-03-20,12.50,12.50,12.22,12.28,62946,775145.25
2023-03-21,12.41,12.41,12.27,12.30,125814,1547114.75
2023-03-22,12.35,12.45,12.21,12.26,121758,1493518.63
2023-03-23,12.34,12.43,12.22,12.27,109374,1343909.50
2023-03-24,12.23,13.05,12.22,12.85,355941,4532028.50
2023-03-27,12.83,12.87,12.50,12.58,185654,2341700.75
2023-03-28,12.47,12.60,12.19,12.27,193737,2391755.75
2023-03-29,12.37,12.63,12.28,12.38,178309,2220352.75
2023-03-30,12.38,12.45,12.24,12.32,147968,1824175.88
2023-03-31,12.44,12.44,12.25,12.31,93249,1147134.50
2023-04-03,12.33,12.48,12.26,12.43,147272,1824922.13
2023-04-04,12.42,12.90,12.34,12.63,271957,3455944.25
2023-04-06,12.74,14.21,12.74,13.79,940883,12831160.00
2023-04-07,13.62,13.75,13.17,13.39,455879,6061455.50
2023-04-10,13.31,13.51,13.01,13.13,231265,3041802.75
2023-04-11,13.08,13.21,12.79,12.97,158851,2057001.25
2023-04-12,12.93,13.00,12.85,13.00,109192,1408805.00
2023-04-13,12.93,13.05,12.91,13.00,76361,991605.75
2023-04-14,13.03,13.09,12.74,12.91,120092,1544373.50
2023-04-17,12.82,12.96,12.78,12.79,66462,851983.75
2023-04-18,12.95,13.38,12.85,13.38,258524,3401545.00
2023-04-19,13.24,13.40,13.11,13.40,190879,2519108.50
2023-04-20,13.40,13.69,13.26,13.53,268823,3610311.75
2023-04-21,13.53,14.50,13.41,14.17,624411,8809861.00
2023-04-24,13.90,14.29,13.83,14.08,377795,5297598.00
2023-04-25,13.89,15.34,13.89,14.82,1481612,22013830.00
2023-04-26,14.62,15.39,14.47,15.00,819097,12189895.00
2023-04-27,14.85,14.86,14.40,14.80,487676,7147751.50
2023-04-28,13.49,14.88,13.00,14.88,933691,13218872.00
2023-05-04,14.65,14.75,13.91,14.49,422147,6044201.50
2023-05-05,14.30,15.19,14.30,15.00,503268,7499344.00
2023-05-08,15.00,15.38,14.91,15.08,438390,6588450.50
2023-05-09,15.28,15.28,14.60,15.05,311260,4630066.00
2023-05-10,14.85,15.12,14.83,15.12,290644,4356563.50
2023-05-11,15.02,15.22,14.81,15.00,254787,3838039.00
2023-05-12,15.13,15.13,14.54,14.75,226250,3342361.25
2023-05-15,14.69,14.76,14.33,14.55,133843,1949423.38
2023-05-16,14.59,14.87,14.26,14.87,146450,2154401.75
2023-05-17,14.98,15.05,14.69,15.04,146938,2195051.50
2023-05-18,15.00,15.00,14.80,14.96,60593,903341.44
2023-05-19,14.90,14.97,14.80,14.94,74995,1115910.50
2023-05-22,14.94,14.94,14.70,14.88,53538,793936.44
2023-05-23,14.73,14.73,14.23,14.38,219845,3170766.75
2023-05-24,14.25,14.38,13.90,13.95,191595,2697728.25
2023-05-25,13.81,14.20,13.81,14.18,86897,1216772.00
2023-05-26,14.17,14.20,13.94,14.09,123614,1738102.13
2023-05-29,13.96,14.27,13.93,14.17,73690,1035010.69
2023-05-30,14.06,14.22,13.89,14.16,81736,1147207.75
2023-05-31,14.10,14.18,13.98,14.10,33398,469292.88
2023-06-01,14.00,14.20,13.95,14.06,70419,991463.38
2023-06-02,13.89,14.18,13.89,14.18,51435,720638.75
2023-06-05,14.12,14.12,13.89,13.89,28252,394804.31
2023-06-06,13.89,13.89,13.30,13.55,208479,2805925.50
2023-06-07,13.55,13.55,13.34,13.45,57494,773620.56
2023-06-08,13.27,13.40,13.08,13.38,279304,3726002.75
2023-06-09,13.45,13.45,12.96,13.12,291758,3851588.00
2023-06-12,13.21,13.21,12.91,13.18,101585,1331636.13
2023-06-13,13.08,13.25,13.04,13.06,104559,1373066.75
2023-06-14,13.03,13.20,13.00,13.03,98279,1282892.38
2023-06-15,13.03,13.13,12.88,13.03,90377,1176305.13
2023-06-16,13.15,13.15,13.00,13.00,71602,934344.56
2023-06-19,12.84,13.29,12.84,13.29,90610,1188727.00
2023-06-20,13.15,13.26,13.04,13.18,62449,819172.56
2023-06-21,13.19,17.13,13.00,17.13,2491279,42000260.00
2023-06-26,16.97,16.99,14.85,15.30,3244283,51112148.00
2023-06-27,15.20,15.35,14.40,15.08,2103810,31067928.00
2023-06-28,14.82,14.87,14.15,14.35,1070959,15400838.00
2023-06-29,14.28,15.30,14.11,14.97,1344973,19755394.00
2023-06-30,14.74,14.84,14.40,14.81,834848,12214277.00
2023-07-03,15.58,15.58,14.76,15.08,1260483,19200486.00
2023-07-04,14.90,15.28,14.45,14.90,996681,14637560.00
2023-07-05,14.90,15.80,14.40,15.35,1850710,28165834.00
2023-07-06,15.02,15.96,14.77,14.90,1539091,23603978.00
2023-07-07,14.74,15.20,14.50,14.52,1086596,15930164.00
2023-07-10,14.70,14.70,14.01,14.02,589774,8428733.00
2023-07-11,14.03,14.55,14.02,14.34,476258,6817108.00
2023-07-12,14.33,14.42,13.80,14.12,583010,8204789.50
2023-07-13,14.21,14.45,14.03,14.41,558935,8009272.50
2023-07-14,14.33,14.59,14.25,14.34,497098,7162889.50
2023-07-17,14.30,14.30,13.93,14.09,362536,5087947.50
2023-07-18,14.19,14.30,13.97,14.30,306233,4340597.00
2023-07-19,14.28,14.30,14.06,14.26,292942,4160074.25
2023-07-20,14.27,14.27,13.89,14.05,268284,3763057.00
2023-07-21,13.90,14.15,13.40,13.95,272065,3771446.50
2023-07-24,13.77,13.90,13.71,13.73,95893,1321338.88
2023-07-25,13.90,14.19,13.74,13.96,150827,2097541.25
2023-07-26,14.06,14.06,13.83,13.90,93343,1294231.25
2023-07-27,14.01,14.15,13.88,13.99,76488,1071820.75
2023-07-28,14.08,14.08,13.85,13.91,71401,994073.31
2023-07-31,13.95,14.16,13.95,14.08,128098,1804861.63
2023-08-01,13.93,14.18,13.89,14.05,165261,2315388.25
2023-08-02,14.05,14.05,13.89,14.03,56679,791141.69
2023-08-03,14.01,14.03,13.79,13.80,110077,1525516.25
2023-08-04,13.83,13.97,13.81,13.86,39215,545543.69
2023-08-07,13.81,13.94,13.78,13.80,50964,704754.56
2023-08-08,13.80,13.81,13.64,13.68,55464,759851.81
2023-08-09,13.68,13.68,13.31,13.54,200603,2699519.25
2023-08-10,13.42,13.56,13.35,13.39,30206,405955.63
2023-08-11,13.51,13.52,13.39,13.41,26351,353604.88
2023-08-14,13.49,13.49,13.10,13.40,63488,838944.63
2023-08-15,13.22,13.71,13.20,13.65,150466,2038942.00
2023-08-16,13.48,13.67,13.48,13.58,34221,464317.81
2023-08-17,13.41,13.64,13.27,13.61,43325,582897.63
2023-08-18,13.61,13.65,13.25,13.43,61343,821365.75
2023-08-21,13.25,13.51,13.25,13.40,25367,337649.72
2023-08-22,13.33,13.53,13.01,13.53,74906,995417.19
2023-08-23,13.50,13.66,13.38,13.61,77345,1048730.75
2023-08-24,13.44,13.62,13.39,13.62,84353,1145680.38
2023-08-25,13.66,13.66,13.18,13.51,74516,994619.56
2023-08-28,13.91,14.00,13.23,13.36,208504,2815464.50
2023-08-29,12.80,13.50,12.70,13.21,171866,2269164.25
2023-08-30,13.12,13.26,12.98,13.18,105673,1384388.63
2023-08-31,13.00,13.42,13.00,13.29,69207,913431.00
2023-09-01,13.29,13.98,13.26,13.66,208086,2817924.50
2023-09-04,13.76,14.60,13.76,14.32,920995,13061638.00
2023-09-05,14.39,14.50,13.91,14.00,756272,10697147.00
2023-09-06,13.88,14.37,13.83,14.14,919360,13008615.00
2023-09-07,14.14,14.14,13.21,13.39,701571,9492443.00
2023-09-08,13.20,13.51,13.00,13.13,191313,2528543.25
2023-09-11,13.25,13.44,13.03,13.21,174684,2299683.00
2023-09-12,13.21,13.21,12.95,13.13,281187,3668266.25
2023-09-13,12.97,13.13,12.89,13.07,117128,1522062.50
2023-09-14,12.88,13.02,12.80,12.82,130398,1681404.50
2023-09-15,12.88,12.88,12.61,12.61,138561,1763486.25
2023-09-18,12.62,12.79,12.52,12.68,71746,907678.56
2023-09-19,12.68,12.68,12.43,12.44,67950,849610.25
2023-09-20,12.22,12.34,12.05,12.08,148452,1807086.13
2023-09-21,12.20,12.20,12.00,12.06,70775,855214.63
2023-09-22,11.90,12.17,11.90,12.14,73656,888590.56
2023-09-25,12.06,12.06,11.82,11.84,103611,1236505.38
2023-09-26,11.84,12.00,11.75,11.80,83194,986564.63
2023-09-27,11.64,12.22,11.50,12.05,198153,2329796.75
2023-09-28,12.20,12.45,11.93,12.45,185418,2277109.25
2023-10-09,12.58,12.58,12.25,12.30,20955,257933.08
2023-10-10,12.22,12.42,12.17,12.39,33653,413695.25
2023-10-11,12.45,12.45,12.30,12.39,105430,1301553.63
2023-10-12,12.22,12.39,12.21,12.33,62561,766370.81
2023-10-13,12.26,12.40,11.94,12.40,125237,1526544.25
2023-10-16,12.25,12.25,11.93,12.10,106500,1283564.50
2023-10-17,12.06,12.08,11.87,11.98,38156,456600.34
2023-10-18,11.91,11.91,11.72,11.74,65893,779099.63
2023-10-19,11.66,11.66,11.47,11.47,114221,1320227.88
2023-10-20,11.41,11.41,10.91,10.93,295564,3294709.50
2023-10-23,11.00,11.01,10.35,10.37,101373,1082677.25
2023-10-24,10.51,10.52,10.18,10.28,217199,2228132.00
2023-10-25,10.31,10.42,10.29,10.35,66125,683542.00
2023-10-26,10.25,10.48,10.18,10.29,54780,561227.38
2023-10-27,10.36,10.66,10.27,10.61,59578,625180.25
2023-10-30,10.65,10.74,10.61,10.72,49813,532769.06
2023-10-31,10.71,10.71,10.52,10.64,68896,728018.31
2023-11-01,10.60,10.60,10.52,10.56,46553,490675.94
2023-11-02,10.66,10.66,10.49,10.49,46856,493124.50
2023-11-03,10.34,11.49,10.34,11.06,215408,2383751.00
2023-11-06,11.06,11.22,10.88,11.20,96412,1063670.50
2023-11-07,11.06,11.81,11.03,11.63,252483,2898778.75
2023-11-08,11.63,11.87,11.54,11.68,300645,3532440.50
2023-11-09,11.54,11.80,11.53,11.77,96368,1128611.75
2023-11-10,11.64,12.13,11.61,12.08,269255,3221853.00
2023-11-13,11.92,12.16,11.79,12.12,225816,2709256.00
2023-11-14,12.12,12.29,12.00,12.25,180497,2199259.50
2023-11-15,12.26,12.42,12.11,12.22,149856,1832395.50
2023-11-16,12.27,12.32,11.80,11.97,127365,1522418.75
2023-11-17,12.02,12.04,11.91,11.98,104945,1258063.75
2023-11-20,12.13,12.49,11.95,12.30,218503,2683607.00
2023-11-21,12.35,13.49,12.35,12.80,1505110,19726764.00
2023-11-22,12.75,14.50,12.51,14.38,2649159,36214600.00
2023-11-23,14.95,16.11,13.66,13.90,2831689,41988804.00
2023-11-24,13.71,15.00,13.39,14.90,2827841,41090784.00
2023-11-27,15.20,17.03,15.00,16.40,5169134,83149912.00
2023-11-28,15.39,16.45,14.80,15.57,3271935,51863212.00
2023-11-29,16.11,16.36,15.00,15.81,3032979,47639936.00
2023-11-30,15.63,16.00,15.07,15.59,1788807,27742272.00
2023-12-01,15.61,15.75,15.05,15.58,1834706,28080256.00
2023-12-04,15.57,16.90,15.01,16.17,1960352,31589762.00
2023-12-05,15.69,17.64,15.40,17.45,3316570,55898832.00
2023-12-06,17.45,18.20,16.64,17.27,2570355,44305672.00
2023-12-07,17.44,17.88,16.80,17.40,1727478,29995230.00
2023-12-08,17.08,20.00,17.08,19.24,3779497,70042832.00
2023-12-11,19.00,19.00,17.40,18.30,2954167,53840624.00
2023-12-12,18.00,18.76,17.47,18.60,1737388,31371986.00
2023-12-13,18.59,19.25,17.90,18.67,1870885,34673368.00
2023-12-14,18.68,18.99,18.00,18.40,2303912,42552416.00
2023-12-15,18.10,18.51,17.53,18.34,1692497,30544248.00
2023-12-18,18.34,18.72,18.15,18.48,964158,17758774.00
2023-12-19,18.78,18.78,17.76,17.97,932972,16926608.00
2023-12-20,18.32,21.88,18.00,19.64,4926610,97246392.00
2023-12-21,19.56,19.80,13.76,16.20,5904633,103335336.00
2023-12-22,15.66,15.95,14.77,15.84,3202278,49614808.00
2023-12-25,15.66,16.34,15.40,16.20,2504868,40062288.00
2023-12-26,16.28,16.37,15.00,15.93,2298107,36599520.00
2023-12-27,15.70,18.04,15.51,16.94,3683935,62516424.00
2023-12-28,16.50,17.38,16.21,17.01,2893079,48404124.00
2023-12-29,16.76,18.00,16.62,17.93,3101786,54882492.00
2024-01-02,18.25,20.71,18.00,19.07,5457114,105769672.00
2024-01-03,18.78,20.98,18.10,20.16,5040866,98239112.00
2024-01-04,19.50,21.38,19.36,21.19,4824882,98624912.00
2024-01-05,20.80,21.00,18.58,18.86,4087443,80748128.00
2024-01-08,18.78,19.39,17.55,17.70,2300257,42177512.00
2024-01-09,17.70,18.08,15.77,16.46,2868985,48161228.00
2024-01-10,16.39,17.10,16.01,16.65,1771765,29289814.00
2024-01-11,16.60,17.16,16.30,16.76,1410170,23584468.00
2024-01-12,16.75,16.84,14.90,14.94,2346841,36700788.00
2024-01-15,14.80,15.48,14.01,14.40,1599046,23686932.00
2024-01-16,14.40,15.33,13.66,15.30,2367854,34413740.00
2024-01-17,15.08,15.88,14.80,14.98,1996571,30622074.00
2024-01-18,14.69,15.88,14.40,15.56,2020911,30970368.00
2024-01-19,15.58,16.60,15.58,15.81,2281891,36675484.00
2024-01-22,16.36,18.50,15.91,17.40,5048340,86329848.00
2024-01-23,16.80,19.15,16.46,18.59,5559390,101681392.00
2024-01-24,18.07,18.64,17.17,17.84,3954781,70195248.00
2024-01-25,17.27,17.52,16.22,16.52,3562073,59840432.00
2024-01-26,16.14,17.37,15.53,15.99,2941524,47908692.00
2024-01-29,16.11,16.11,14.30,14.31,2143213,32104054.00
2024-01-30,14.19,14.85,13.76,14.25,1451446,20753038.00
2024-01-31,14.19,14.86,14.17,14.60,1518583,22142474.00
2024-02-01,14.48,15.70,14.06,14.73,2166491,32521248.00
2024-02-02,14.70,14.99,12.68,13.18,2007762,28147836.00
2024-02-05,13.03,13.96,11.29,12.90,2217561,27403758.00
2024-02-06,12.69,13.99,12.50,13.99,2092253,28241348.00
2024-02-07,13.99,15.24,13.43,13.46,2438521,34894180.00
2024-02-08,13.40,14.04,12.30,13.22,2145916,28613296.00
2024-02-19,13.70,14.78,13.32,14.64,2636638,37156300.00
2024-02-20,14.60,14.98,14.20,14.81,2197802,32084982.00
2024-02-21,14.38,14.88,14.30,14.42,2041461,29806504.00
2024-02-22,14.57,15.08,14.33,14.63,1644473,24186966.00
2024-02-23,14.80,14.98,14.15,14.22,1530307,22114332.00
2024-02-26,14.15,14.40,13.94,14.10,883762,12545029.00
2024-02-27,14.00,15.43,14.00,14.90,2241092,32996646.00
2024-02-28,14.65,15.22,14.02,14.15,2037555,29837442.00
2024-02-29,13.95,15.10,13.83,14.70,2004009,29391836.00
2024-03-01,14.50,16.06,14.41,15.85,3800093,57938060.00
2024-03-04,15.62,16.00,15.13,15.54,2140871,33056726.00
2024-03-05,15.49,16.08,15.04,15.67,2503951,39408148.00
2024-03-06,15.39,15.86,15.17,15.80,1556661,24143392.00
2024-03-07,15.92,15.92,14.77,14.78,1533136,23204750.00
2024-03-08,14.97,15.13,14.55,14.99,1175997,17470172.00
2024-03-11,14.80,14.90,14.43,14.82,990859,14456199.00
2024-03-12,14.88,14.97,14.43,14.49,833332,12204514.00
2024-03-13,14.56,14.65,14.20,14.50,914673,13141374.00
2024-03-14,14.44,14.63,14.12,14.33,530691,7624422.00
2024-03-15,14.31,15.00,14.00,14.80,1337845,19545846.00
2024-03-18,14.76,14.88,14.49,14.69,934424,13686833.00
2024-03-19,14.77,14.79,14.51,14.55,661201,9637768.00
2024-03-20,14.57,14.57,14.33,14.45,559796,8076745.50
2024-03-21,14.35,14.64,14.12,14.18,619619,8846501.00
2024-03-22,14.31,14.32,14.00,14.01,484431,6869667.50
2024-03-25,14.05,14.05,13.12,13.15,809238,10958761.00
2024-03-26,13.15,13.38,12.57,12.77,788624,10116604.00
2024-03-27,12.79,13.15,12.68,12.69,490960,6336262.50
2024-03-28,12.85,12.96,12.54,12.70,346601,4424587.50
2024-03-29,12.66,12.87,12.61,12.78,408751,5200649.00
2024-04-01,12.80,13.39,12.64,13.24,812716,10579195.00
2024-04-02,13.17,13.29,12.83,12.99,331778,4325402.50
2024-04-03,12.98,13.17,12.78,13.04,381917,4959739.00
2024-04-08,13.00,13.00,12.00,12.10,468529,5854683.50
2024-04-09,12.09,12.32,11.75,12.02,519051,6208301.00
2024-04-10,12.02,12.48,11.86,12.19,633017,7767028.00
2024-04-11,12.00,13.13,11.86,12.56,700136,8618908.00
2024-04-12,12.41,12.90,12.36,12.82,616692,7773393.00
2024-04-15,12.78,12.99,12.30,12.45,450581,5721977.50
2024-04-16,12.62,12.62,11.40,11.43,422723,4953915.00
2024-04-17,11.61,11.98,11.61,11.91,340737,4053484.25
2024-04-18,11.88,12.30,11.56,11.93,350066,4160831.00
2024-04-19,11.76,12.14,11.60,11.97,476701,5625164.00
2024-04-22,12.00,12.42,11.84,12.17,421413,5120918.00
2024-04-23,12.17,12.50,12.14,12.23,251791,3086708.00
2024-04-24,12.23,12.74,12.23,12.58,344304,4301641.00
2024-04-25,12.40,12.62,12.30,12.33,226588,2811674.75
2024-04-26,12.33,12.48,12.11,12.27,429008,5273452.50
2024-04-29,12.12,12.49,12.12,12.37,382659,4726254.00
2024-04-30,12.46,12.59,12.28,12.45,318979,3973565.75
2024-05-06,12.63,12.73,12.39,12.42,453174,5647284.50
2024-05-07,12.41,12.88,12.31,12.81,519379,6561676.00
2024-05-08,12.65,13.13,12.55,12.95,846889,10856593.00
2024-05-09,12.81,12.98,12.70,12.75,522977,6712967.00
2024-05-10,12.94,12.94,12.45,12.77,459016,5825103.50
2024-05-13,12.77,13.02,12.37,12.39,413172,5203030.00
2024-05-14,12.50,12.80,12.40,12.41,287529,3611749.00
2024-05-15,12.33,12.58,12.13,12.23,181516,2240380.00
2024-05-16,12.36,12.38,12.14,12.20,170683,2091630.88
2024-05-17,12.29,12.36,12.10,12.20,191440,2333913.25
2024-05-20,12.38,12.38,12.05,12.18,172778,2105624.50
2024-05-21,12.24,12.30,11.92,11.92,209839,2534270.00
2024-05-22,12.06,12.18,11.94,12.04,141707,1705814.63
2024-05-23,11.97,12.69,11.95,12.35,503787,6258419.00
2024-05-24,12.25,12.47,11.93,12.10,325178,3965813.50
2024-05-27,11.93,12.72,11.93,12.69,584242,7262613.00
2024-05-28,12.87,13.13,12.50,12.55,1008261,12967452.00
2024-05-29,12.42,12.44,12.08,12.10,567374,6914142.00
2024-05-30,12.05,12.21,11.78,11.84,360729,4284919.00
2024-05-31,11.81,11.95,11.73,11.81,289540,3419363.25
2024-06-03,11.72,12.10,11.62,11.69,205971,2438819.75
2024-06-04,11.72,12.44,11.61,12.35,658260,7919836.00
2024-06-05,12.28,12.95,12.15,12.59,584368,7349041.00
2024-06-06,12.56,13.00,12.17,12.31,670435,8466919.00
2024-06-07,12.29,12.80,12.21,12.55,334839,4164181.00
2024-06-11,12.51,13.13,12.23,12.85,820373,10531350.00
2024-06-12,12.49,12.86,12.36,12.68,585871,7471543.00
2024-06-13,12.68,13.14,12.54,12.93,1283790,16529572.00
2024-06-14,12.85,13.33,12.44,12.80,1389587,17833584.00
2024-06-17,12.77,12.78,12.36,12.46,873945,10946331.00
2024-06-18,12.35,12.98,12.13,12.50,1109059,13874939.00
2024-06-19,12.01,12.59,11.80,12.10,1649107,20033678.00
2024-06-20,11.82,12.13,11.50,11.79,1329298,15630515.00
2024-06-21,11.62,12.13,11.60,11.91,1024072,12155543.00
2024-06-24,11.76,11.80,11.13,11.18,537964,6166665.50
2024-06-25,11.20,11.29,10.74,10.81,626506,6904579.00
2024-06-26,10.92,10.93,10.60,10.73,826368,8852686.00
2024-06-27,10.79,10.79,10.40,10.42,716046,7578459.00
2024-06-28,10.35,10.60,10.23,10.52,1067384,11123499.00
2024-07-01,10.50,10.50,10.22,10.26,635052,6544053.00
2024-07-02,10.33,10.33,10.04,10.04,499076,5068811.50
2024-07-03,10.10,10.77,10.04,10.29,1299482,13508714.00
2024-07-04,10.22,10.40,9.90,9.90,771427,7819521.50
2024-07-05,9.83,9.93,9.41,9.81,1264976,12226470.00
2024-07-08,9.74,9.74,9.01,9.15,876059,8179075.50
2024-07-09,9.18,9.35,8.88,9.29,523998,4804609.00
2024-07-10,9.17,9.36,9.07,9.08,618652,5677183.00
2024-07-11,9.29,9.46,9.11,9.39,969071,9020524.00
2024-07-12,9.28,9.60,9.23,9.39,825905,7740004.50
2024-07-15,9.47,9.47,9.16,9.16,362411,3355587.50
2024-07-16,9.21,11.90,9.11,11.90,5402443,58053712.00
2024-07-17,13.00,15.45,12.70,15.10,10100645,141752656.00
2024-07-18,13.51,14.33,12.95,13.27,7768405,106929552.00
2024-07-19,12.53,16.53,12.51,14.71,9016704,131231568.00
2024-07-22,14.17,14.60,13.46,13.90,5733295,79977904.00
2024-07-23,14.00,14.05,12.76,12.76,4643055,61674000.00
2024-07-24,12.43,13.59,12.18,12.80,4105200,53292096.00
2024-07-25,12.20,13.02,12.02,12.76,3188317,39989624.00
2024-07-26,12.72,12.84,12.12,12.25,2755401,34148632.00
2024-07-29,12.11,12.48,11.83,11.90,2327058,28067982.00
2024-07-30,11.82,12.43,11.75,12.37,2652487,32163958.00
2024-07-31,12.20,12.55,12.08,12.38,2412695,29745066.00
2024-08-01,12.40,13.44,12.27,12.76,4001730,51561396.00
2024-08-02,12.50,12.66,11.77,11.98,3043351,36870324.00
2024-08-05,11.77,11.79,10.90,11.15,2255399,25410650.00
2024-08-06,11.15,11.45,10.60,11.29,1430687,15905430.00
2024-08-07,11.28,11.37,11.01,11.07,997211,11107581.00
2024-08-08,11.06,11.42,10.60,10.94,1761298,19374338.00
2024-08-09,11.00,11.50,11.00,11.08,1812538,20465910.00
2024-08-12,10.88,11.38,10.82,11.10,1231879,13653321.00
2024-08-13,11.06,11.22,10.77,10.97,924996,10146431.00
2024-08-14,10.84,11.09,10.51,10.57,908478,9776560.00
2024-08-15,10.52,10.82,10.43,10.64,784873,8323664.00
2024-08-16,10.72,13.56,10.63,12.21,6301712,76893160.00
2024-08-19,13.88,15.60,13.18,13.88,7802812,112385928.00
2024-08-20,12.01,14.72,12.01,13.43,6228684,83088704.00
2024-08-21,13.13,15.98,13.08,14.19,7432413,109153912.00
2024-08-22,13.77,15.08,13.01,13.31,6237408,87025096.00
2024-08-23,13.12,17.30,13.10,17.30,10853251,168755616.00
2024-08-26,17.80,18.60,16.40,17.19,9553887,166172896.00
2024-08-27,16.88,17.82,15.52,16.36,6742138,112233120.00
2024-08-28,15.89,16.89,15.15,15.99,6621244,104737952.00
2024-08-29,15.76,15.90,14.40,14.57,6782302,101767160.00
2024-08-30,14.78,18.30,14.65,17.58,9615869,160154576.00
2024-09-02,16.70,16.70,15.88,15.98,7385757,119950000.00
2024-09-03,15.75,16.23,15.43,15.71,4330643,68496264.00
2024-09-04,15.69,15.83,14.73,14.96,3947546,59603028.00
2024-09-05,15.25,16.50,15.10,15.24,5628935,88728296.00
2024-09-06,15.01,15.09,14.14,14.40,4408359,63937732.00
2024-09-09,14.30,15.19,13.69,13.90,3740824,53155708.00
2024-09-10,13.76,14.60,13.48,14.60,3916841,54964264.00
2024-09-11,14.50,14.77,13.70,13.86,3251521,45794504.00
2024-09-12,13.91,14.09,13.31,13.37,2762437,37774400.00
2024-09-13,12.96,13.77,12.70,13.38,3765399,50043196.00
2024-09-18,13.90,14.60,13.56,13.66,4125046,57794488.00
2024-09-19,13.29,13.80,13.11,13.55,2861290,38560388.00
2024-09-20,13.48,14.29,13.30,13.71,3930355,54554236.00
2024-09-23,13.30,14.00,13.21,13.64,3283430,44375776.00
2024-09-24,13.30,13.88,12.81,13.82,4392155,58718460.00
2024-09-25,13.74,14.25,13.66,13.85,3998182,55591656.00
2024-09-26,13.68,13.94,13.50,13.89,3375834,46361788.00
2024-09-27,14.06,16.00,14.06,15.60,5966299,89680168.00
2024-09-30,16.31,19.99,16.00,19.93,8283918,149466928.00
2024-10-08,25.90,25.90,24.01,25.90,8463899,217155152.00
2024-10-09,23.00,33.18,23.00,27.55,12027786,345020704.00
2024-10-10,27.00,29.50,23.20,24.26,7304555,188189632.00
2024-10-11,23.00,25.88,22.58,23.99,5870379,141335536.00
2024-10-14,22.83,27.08,22.60,26.96,7232190,181150256.00
2024-10-15,27.00,30.33,25.60,25.77,8373641,233842864.00
2024-10-16,24.34,27.19,24.26,26.36,5679749,148583856.00
2024-10-17,27.09,31.72,27.03,28.53,10140936,295625504.00
2024-10-18,30.00,37.08,28.65,37.08,11892685,395072768.00
2024-10-21,41.00,48.20,40.08,48.20,9483358,429941824.00
2024-10-22,45.61,60.00,41.00,50.09,15081201,752546496.00
2024-10-23,45.11,52.00,45.10,47.64,9711385,467543328.00
2024-10-24,46.46,55.74,45.00,49.99,11055426,553345856.00
2024-10-25,49.99,51.97,43.80,44.30,10553791,508993088.00
2024-10-28,43.50,43.98,40.80,42.34,6450578,270586912.00
2024-10-29,43.00,45.70,41.75,43.50,6307496,278439808.00
2024-10-30,42.03,44.93,41.55,42.78,4556222,194865184.00
2024-10-31,43.50,43.86,38.69,40.87,6113633,249878576.00
2024-11-01,40.17,41.99,34.08,34.21,5332630,199706704.00
2024-11-04,33.18,35.88,33.15,35.35,3245746,113006744.00
2024-11-05,35.87,40.10,35.87,39.30,5539378,212663072.00
2024-11-06,39.13,42.82,39.13,40.65,6218335,254548192.00
2024-11-07,40.70,42.98,39.00,41.41,4962113,205409536.00
2024-11-08,43.27,44.90,41.51,42.50,4931343,212147216.00
2024-11-11,43.40,48.18,42.53,47.38,6901214,312869280.00
2024-11-12,47.20,47.20,42.20,43.43,5027980,222656032.00
2024-11-13,42.20,53.00,39.84,47.30,8146665,374812416.00
2024-11-14,45.01,46.26,43.08,43.26,4687227,210339376.00
2024-11-15,42.98,45.00,42.30,43.06,3413924,148598064.00
2024-11-18,42.85,43.80,37.55,38.20,3626040,146246800.00
2024-11-19,38.13,39.88,34.00,38.53,3807887,141698624.00
2024-11-20,38.05,40.99,37.21,39.73,3228151,126850192.00
2024-11-21,39.82,41.71,38.66,41.10,3983224,160651840.00
2024-11-22,40.81,41.69,36.88,37.99,2808572,112410440.00
2024-11-25,38.01,38.74,36.00,38.44,2297357,86610928.00
2024-11-26,38.83,39.83,37.08,37.14,1815655,70018096.00
2024-11-27,36.70,37.69,34.88,37.51,2169009,78982544.00
2024-11-28,37.51,39.33,37.33,37.58,2497700,95900528.00
2024-11-29,36.81,39.56,36.13,38.37,2879069,109218296.00
2024-12-02,38.45,40.30,37.78,39.99,3080762,121329312.00
2024-12-03,39.99,39.99,39.99,39.99,0,0.00
#数据来源:通达信
