872190 雷神科技 日线 不复权
      日期	    开盘	    最高	    最低	    收盘	    成交量	    成交额
2020-01-15,25.20,25.20,25.20,25.20,1000,25200.00
2020-01-16,26.00,26.00,26.00,26.00,1000,26000.00
2020-01-17,28.00,28.00,28.00,28.00,1000,28000.00
2020-01-20,29.01,29.01,29.01,29.01,1000,29010.00
2020-01-21,30.00,30.00,30.00,30.00,1000,30000.00
2020-01-22,29.00,29.00,29.00,29.00,1000,29000.00
2020-01-23,30.01,30.01,30.01,30.01,1000,30010.00
2020-02-03,29.00,29.00,29.00,29.00,1000,29000.00
2020-02-04,28.50,28.50,28.50,28.50,1000,28500.00
2020-02-05,28.00,28.00,28.00,28.00,1000,28000.00
2020-02-06,28.00,28.00,28.00,28.00,1000,28000.00
2020-02-07,28.02,28.02,28.02,28.02,1000,28020.00
2020-02-10,28.00,28.00,28.00,28.00,1000,28000.00
2020-02-11,28.11,28.11,28.11,28.11,1000,28110.00
2020-02-12,28.00,28.00,28.00,28.00,1000,28000.00
2020-02-13,28.01,28.01,28.01,28.01,1000,28010.00
2020-02-14,28.01,28.01,28.01,28.01,1000,28010.00
2020-02-17,28.01,28.01,28.01,28.01,1000,28010.00
2020-02-18,28.01,28.01,28.01,28.01,1000,28010.00
2020-02-19,28.01,28.01,28.01,28.01,1000,28010.00
2020-02-20,28.20,28.20,28.20,28.20,1000,28200.00
2020-02-21,28.20,28.20,28.20,28.20,1000,28200.00
2020-02-24,28.30,28.30,28.30,28.30,1000,28300.00
2020-02-25,28.30,28.30,28.30,28.30,1000,28300.00
2020-02-26,28.92,28.92,28.92,28.92,1000,28920.00
2020-02-27,28.00,28.00,28.00,28.00,24000,672000.00
2020-02-28,28.00,28.00,28.00,28.00,1000,28000.00
2020-03-02,28.00,28.00,28.00,28.00,1000,28000.00
2020-03-03,28.06,28.06,28.06,28.06,1000,28060.00
2020-03-04,28.06,28.06,28.06,28.06,1000,28060.00
2020-03-05,28.20,28.20,28.20,28.20,1000,28200.00
2020-03-06,28.69,28.69,28.69,28.69,1000,28690.00
2020-03-09,28.69,28.69,28.69,28.69,1000,28690.00
2020-03-10,28.69,28.69,28.69,28.69,1000,28690.00
2020-03-11,28.69,28.69,28.69,28.69,1000,28690.00
2020-03-12,28.69,28.69,28.69,28.69,1000,28690.00
2020-03-13,28.69,28.69,28.69,28.69,1000,28690.00
2020-03-16,28.69,28.69,28.69,28.69,1000,28690.00
2020-03-17,28.69,28.69,28.69,28.69,1000,28690.00
2020-03-18,28.69,28.69,28.69,28.69,1000,28690.00
2020-03-19,28.70,28.70,28.70,28.70,1000,28700.00
2020-03-20,28.72,28.72,28.72,28.72,1000,28720.00
2020-03-23,28.72,28.72,28.72,28.72,1000,28720.00
2020-03-24,28.74,28.74,28.74,28.74,1000,28740.00
2020-03-25,28.74,28.74,28.74,28.74,1000,28740.00
2020-03-26,31.00,31.00,31.00,31.00,1000,31000.00
2020-03-27,31.00,31.00,31.00,31.00,1000,31000.00
2020-03-30,29.00,29.00,29.00,29.00,100,2900.00
2020-03-31,29.00,29.00,29.00,29.00,100,2900.00
2020-04-01,29.00,29.00,29.00,29.00,100,2900.00
2020-04-02,29.00,29.00,29.00,29.00,100,2900.00
2020-04-03,29.00,29.00,29.00,29.00,100,2900.00
2020-04-07,29.00,29.00,29.00,29.00,100,2900.00
2020-04-08,29.00,29.00,29.00,29.00,100,2900.00
2020-04-09,29.00,29.00,29.00,29.00,100,2900.00
2020-04-10,29.00,29.00,29.00,29.00,500,14500.00
2020-04-13,29.00,29.00,29.00,29.00,400,11600.00
2020-04-14,29.05,29.05,29.05,29.05,100,2905.00
2020-04-15,29.05,29.05,29.05,29.05,100,2905.00
2020-04-16,29.09,29.09,29.09,29.09,100,2909.00
2020-04-17,29.15,29.15,29.15,29.15,100,2915.00
2020-04-20,29.15,29.15,29.15,29.15,100,2915.00
2020-04-21,29.15,29.15,29.15,29.15,100,2915.00
2020-04-22,29.20,29.20,29.20,29.20,100,2920.00
2020-04-23,29.21,29.21,29.21,29.21,100,2921.00
2020-04-24,29.23,29.23,29.23,29.23,100,2923.00
2020-04-27,29.24,29.24,29.24,29.24,100,2924.00
2020-04-28,35.00,35.00,35.00,35.00,100,3501.00
2020-04-29,35.00,35.02,35.00,35.02,700,24509.00
2020-06-15,35.12,35.12,35.12,35.12,100,3512.00
2020-08-19,35.12,35.12,35.12,35.12,500,17560.00
2020-09-08,35.12,35.12,35.12,35.12,1000,35120.00
2020-11-19,35.12,35.12,35.12,35.12,100,3512.00
2020-12-15,22.80,22.80,22.80,22.80,100,2280.00
2020-12-17,22.80,22.80,22.80,22.80,1200100,19201264.00
2021-01-12,20.01,20.01,20.01,20.01,3000,60030.00
2021-03-29,30.00,30.00,30.00,30.00,1000,30000.00
2021-03-30,30.00,30.00,30.00,30.00,300,9000.00
2021-05-20,30.04,30.04,30.04,30.04,100,3004.00
2021-06-16,35.00,35.00,35.00,35.00,700,24507.00
2021-08-13,35.00,35.00,35.00,35.00,312500,10000000.00
2021-08-17,35.00,35.00,35.00,35.00,992500,31758432.00
2021-08-23,35.00,35.00,35.00,35.00,570000,18241568.00
2021-11-19,35.00,35.00,35.00,35.00,406300,13000000.00
2022-01-06,35.00,35.00,35.00,35.00,417000,13344000.00
2022-01-07,35.00,35.00,35.00,35.00,167000,5344000.00
2022-01-10,35.00,35.00,35.00,35.00,800000,25600000.00
2022-01-27,35.00,35.00,35.00,35.00,171400,6000015.00
2022-02-23,30.00,30.00,30.00,30.00,300,8970.00
2022-03-09,30.00,30.00,30.00,30.00,900000,23400000.00
2022-03-10,30.00,30.00,30.00,30.00,182200,5830912.00
2022-03-11,30.00,30.00,30.00,30.00,350000,11950000.00
2022-03-15,30.00,30.00,30.00,30.00,660000,19800000.00
2022-03-17,30.00,30.00,30.00,30.00,49900,1497240.00
2022-03-18,30.00,30.00,30.00,30.00,60000,1800000.00
2022-12-23,22.00,22.20,20.03,22.00,2645435,54902220.00
2022-12-26,20.69,22.20,20.10,20.60,590488,12345665.00
2022-12-27,20.38,20.40,20.12,20.13,261414,5280379.00
2022-12-28,20.10,20.10,19.05,19.07,416115,8072127.50
2022-12-29,19.02,19.03,18.69,18.71,185258,3492709.75
2022-12-30,18.62,18.94,18.62,18.93,129231,2428550.50
2023-01-03,18.67,19.26,18.66,19.25,128993,2438891.25
2023-01-04,19.40,19.45,19.25,19.25,47974,926462.19
2023-01-05,19.42,19.44,19.14,19.17,56201,1078981.25
2023-01-06,19.39,19.39,18.96,18.98,88892,1696303.75
2023-01-09,19.01,19.30,18.94,19.05,66262,1260455.38
2023-01-10,18.88,19.00,18.87,18.91,70926,1340280.63
2023-01-11,18.95,18.95,18.76,18.80,60689,1143437.75
2023-01-12,19.00,19.00,18.70,18.78,57087,1070540.13
2023-01-13,18.70,18.89,18.70,18.81,56413,1060234.50
2023-01-16,18.81,19.00,18.72,18.88,83973,1585227.88
2023-01-17,18.84,19.10,18.73,18.99,48189,914863.19
2023-01-18,18.99,19.09,18.93,19.02,73539,1398832.13
2023-01-19,19.00,19.07,19.00,19.03,51406,978282.00
2023-01-20,19.30,19.30,19.06,19.26,61430,1177972.75
2023-01-30,19.29,19.31,19.21,19.25,53788,1036007.44
2023-01-31,19.01,20.16,19.01,20.16,425426,8459290.00
2023-02-01,20.05,20.25,19.76,19.97,259536,5180408.50
2023-02-02,19.82,20.45,19.82,20.02,124846,2509940.25
2023-02-03,20.16,20.29,19.80,20.00,131759,2629367.00
2023-02-06,19.83,20.19,19.50,19.83,57609,1146585.13
2023-02-07,20.09,20.09,19.85,19.93,48190,960082.75
2023-02-08,19.88,20.08,19.88,19.89,28404,566361.69
2023-02-09,19.87,20.00,19.87,20.00,87624,1747409.25
2023-02-10,19.72,20.10,19.72,19.91,82702,1645553.38
2023-02-13,19.92,19.99,19.82,19.92,76304,1517701.50
2023-02-14,19.95,19.97,19.89,19.91,38784,772389.81
2023-02-15,19.89,19.96,19.85,19.96,52574,1047106.69
2023-02-16,19.97,19.99,19.84,19.85,88504,1763118.75
2023-02-17,19.89,19.92,19.85,19.92,47805,950996.56
2023-02-20,19.95,19.95,19.75,19.88,39619,787360.19
2023-02-21,19.85,19.95,19.80,19.80,157477,3127425.50
2023-02-22,19.80,19.85,19.77,19.78,39093,773791.81
2023-02-23,19.78,19.88,19.76,19.79,33903,670930.94
2023-02-24,19.74,19.79,19.70,19.70,43245,853191.63
2023-02-27,19.68,19.70,19.61,19.63,34897,685228.63
2023-02-28,19.58,19.61,19.47,19.60,72618,1418844.75
2023-03-01,19.60,19.61,19.51,19.59,57726,1128577.13
2023-03-02,19.59,19.69,19.44,19.46,65278,1273706.38
2023-03-03,19.47,19.65,19.37,19.39,46712,907964.69
2023-03-06,19.36,19.56,19.21,19.28,71317,1376189.38
2023-03-07,19.22,19.25,19.22,19.23,39754,764621.06
2023-03-08,19.23,19.31,19.21,19.23,32141,617903.75
2023-03-09,19.21,19.30,19.20,19.21,28734,552381.38
2023-03-10,19.20,19.20,18.90,19.02,86178,1640246.50
2023-03-13,19.08,19.08,18.91,18.93,37009,700486.31
2023-03-14,18.90,18.90,18.70,18.87,95965,1804938.50
2023-03-15,18.80,18.89,18.69,18.70,72398,1356863.00
2023-03-16,18.66,18.66,18.11,18.34,108254,1984601.63
2023-03-17,18.47,18.47,18.16,18.30,95720,1744653.75
2023-03-20,18.18,18.30,18.18,18.21,35151,640915.25
2023-03-21,18.20,18.38,18.19,18.32,66954,1221759.00
2023-03-22,18.18,18.49,18.18,18.27,43729,799860.19
2023-03-23,18.26,18.29,18.21,18.26,46534,848669.75
2023-03-24,18.27,18.81,18.27,18.73,129380,2409171.50
2023-03-27,18.73,19.18,18.59,18.95,60811,1141524.88
2023-03-28,18.90,18.90,18.60,18.86,35349,661793.94
2023-03-29,18.56,18.77,18.53,18.60,64745,1205918.13
2023-03-30,18.51,18.60,18.50,18.57,50486,935285.56
2023-03-31,18.50,18.52,18.32,18.45,47878,883585.19
2023-04-03,18.50,18.70,18.46,18.49,85336,1579994.13
2023-04-04,18.50,18.71,18.36,18.36,84167,1550431.25
2023-04-06,18.50,18.58,18.29,18.36,85233,1564428.13
2023-04-07,18.48,18.49,18.34,18.42,79330,1459320.00
2023-04-10,18.49,18.50,18.34,18.40,59792,1101950.88
2023-04-11,18.33,18.42,18.32,18.37,53324,978951.44
2023-04-12,18.47,18.47,18.35,18.43,87016,1600865.63
2023-04-13,18.37,18.44,18.30,18.30,105719,1941021.50
2023-04-14,18.32,18.34,18.21,18.34,79460,1452075.75
2023-04-17,18.40,18.40,18.28,18.30,70717,1294592.13
2023-04-18,18.27,18.30,18.24,18.30,64369,1175833.13
2023-04-19,18.28,18.40,18.22,18.26,88924,1623021.13
2023-04-20,18.20,18.20,18.10,18.14,109346,1982551.00
2023-04-21,18.19,18.19,17.80,17.80,145817,2616762.25
2023-04-24,17.71,17.71,17.52,17.66,62455,1100664.63
2023-04-25,17.70,17.78,17.32,17.43,93740,1640125.63
2023-04-26,17.36,17.89,17.36,17.80,56424,1001186.19
2023-04-27,17.80,18.18,17.51,17.79,39662,703932.25
2023-04-28,17.99,18.20,17.62,17.96,88331,1583220.63
2023-05-04,17.99,18.08,17.73,18.08,104025,1870426.88
2023-05-05,18.05,18.50,17.91,18.39,153724,2797264.75
2023-05-08,18.40,18.80,18.40,18.65,221210,4123461.25
2023-05-09,18.52,18.58,18.10,18.31,159330,2920565.00
2023-05-10,18.34,18.34,18.02,18.10,97229,1760475.38
2023-05-11,18.03,18.25,17.89,18.25,115019,2077199.88
2023-05-12,18.20,18.25,18.01,18.08,56438,1022828.38
2023-05-15,18.01,18.15,17.90,18.14,94129,1696287.25
2023-05-16,18.02,18.10,17.89,17.89,76355,1371633.38
2023-05-17,17.89,18.05,17.89,18.03,59357,1067531.38
2023-05-18,18.03,18.05,17.96,18.04,57534,1035941.38
2023-05-19,18.01,18.08,17.95,18.08,106302,1915142.88
2023-05-22,11.29,11.63,11.08,11.32,102829,1156049.75
2023-05-23,11.32,11.34,11.15,11.30,130658,1470299.50
2023-05-24,11.30,11.39,11.28,11.31,136305,1546278.13
2023-05-25,11.30,11.37,11.10,11.25,115041,1286752.13
2023-05-26,11.16,11.20,11.10,11.12,65350,728386.81
2023-05-29,11.10,11.18,11.04,11.13,85076,944975.75
2023-05-30,11.14,11.20,11.00,11.13,99435,1103211.75
2023-05-31,11.18,11.18,11.00,11.10,88722,978911.25
2023-06-01,11.10,11.10,10.95,11.03,75233,829940.50
2023-06-02,11.01,11.07,10.92,10.96,81187,892079.75
2023-06-05,10.97,10.97,10.90,10.96,82152,897891.00
2023-06-06,11.00,11.07,10.88,10.89,94298,1031678.88
2023-06-07,10.89,11.00,10.80,10.87,93540,1013825.81
2023-06-08,10.88,10.88,10.60,10.60,134502,1446693.75
2023-06-09,10.78,10.78,10.61,10.68,98981,1053926.38
2023-06-12,10.70,10.81,10.70,10.80,250123,2681815.50
2023-06-13,10.82,10.90,10.72,10.78,77584,838510.38
2023-06-14,10.70,10.71,10.65,10.70,98010,1047809.56
2023-06-15,10.75,10.75,10.61,10.67,85209,907648.38
2023-06-16,10.75,10.75,10.59,10.70,87297,929314.56
2023-06-19,10.55,10.72,10.55,10.65,32641,347439.91
2023-06-20,10.65,10.65,10.53,10.56,104722,1107536.75
2023-06-21,10.52,10.68,10.50,10.57,94551,999009.94
2023-06-26,10.50,10.51,10.42,10.46,63188,662508.19
2023-06-27,10.41,10.50,10.35,10.40,167315,1739830.50
2023-06-28,10.35,10.35,10.18,10.20,199141,2039154.50
2023-06-29,10.21,10.29,10.18,10.26,174979,1791790.00
2023-06-30,10.70,11.65,10.50,11.20,1982652,22371300.00
2023-07-03,10.70,10.89,10.42,10.74,1023544,10922974.00
2023-07-04,10.71,10.80,10.38,10.46,786859,8260550.50
2023-07-05,10.54,10.75,10.42,10.57,527265,5559459.00
2023-07-06,10.53,10.68,10.44,10.53,384691,4042556.75
2023-07-07,10.46,10.57,10.38,10.49,265655,2786630.25
2023-07-10,10.46,10.56,10.46,10.51,194261,2041803.00
2023-07-11,10.56,10.58,10.46,10.57,209186,2204322.00
2023-07-12,10.55,10.66,10.35,10.50,258966,2724626.50
2023-07-13,10.42,10.61,10.42,10.53,206264,2168508.50
2023-07-14,10.48,10.52,10.44,10.49,192102,2013628.50
2023-07-17,10.57,10.57,10.47,10.49,75025,787116.06
2023-07-18,10.45,10.59,10.41,10.59,106582,1119854.00
2023-07-19,10.51,10.58,10.45,10.58,62011,650282.25
2023-07-20,10.50,10.58,10.44,10.54,174338,1829321.50
2023-07-21,10.46,10.50,10.40,10.42,155929,1625856.63
2023-07-24,10.43,10.44,10.30,10.33,195740,2024971.38
2023-07-25,10.35,10.35,10.25,10.33,259664,2675852.00
2023-07-26,10.32,10.32,10.25,10.32,158438,1628467.50
2023-07-27,10.38,10.38,10.22,10.30,187136,1919677.50
2023-07-28,10.30,10.37,10.21,10.32,164872,1695046.88
2023-07-31,10.32,10.38,10.32,10.38,131748,1364458.00
2023-08-01,10.33,10.37,10.29,10.35,135512,1400007.25
2023-08-02,10.28,10.34,10.22,10.30,183410,1881097.13
2023-08-03,10.28,10.33,10.21,10.31,202905,2079720.25
2023-08-04,10.30,10.31,10.27,10.30,120892,1244298.63
2023-08-07,10.24,10.29,10.24,10.29,93250,957461.50
2023-08-08,10.23,10.35,10.23,10.32,76151,783037.25
2023-08-09,10.32,10.34,10.20,10.26,144380,1479088.75
2023-08-10,10.22,10.29,10.22,10.28,114458,1172883.75
2023-08-11,10.23,10.28,10.22,10.28,97801,1001651.31
2023-08-14,10.23,10.28,10.19,10.21,127217,1298572.63
2023-08-15,10.21,10.28,10.16,10.22,93235,949970.69
2023-08-16,10.24,10.24,10.16,10.20,42697,435184.13
2023-08-17,10.16,10.20,10.12,10.20,97616,991043.63
2023-08-18,10.20,10.24,10.13,10.18,126295,1283460.63
2023-08-21,10.25,10.25,10.08,10.13,104041,1052709.13
2023-08-22,10.15,10.15,9.98,10.04,217544,2183562.50
2023-08-23,10.02,10.02,9.90,9.97,117818,1175272.25
2023-08-24,10.10,10.10,9.76,9.89,119320,1177825.75
2023-08-25,9.77,9.98,9.72,9.83,138176,1350985.13
2023-08-28,10.19,10.19,9.81,9.82,72933,727634.38
2023-08-29,9.83,9.98,9.83,9.93,107887,1069482.38
2023-08-30,9.88,9.98,9.87,9.93,71554,710248.88
2023-08-31,9.85,9.93,9.77,9.88,158246,1553768.88
2023-09-01,9.78,10.08,9.77,10.04,311731,3113135.75
2023-09-04,10.28,10.39,10.06,10.37,870272,8946818.00
2023-09-05,10.29,10.34,10.16,10.18,351717,3593367.75
2023-09-06,10.12,10.17,10.03,10.16,279328,2819575.75
2023-09-07,10.19,10.55,10.19,10.30,816665,8491626.00
2023-09-08,10.36,10.36,10.06,10.14,538501,5450098.50
2023-09-11,10.07,10.15,10.00,10.08,297237,2989893.75
2023-09-12,10.09,10.09,10.02,10.09,103741,1042434.25
2023-09-13,10.02,10.08,9.94,10.02,158828,1588201.50
2023-09-14,10.00,10.01,9.88,9.94,96572,958704.00
2023-09-15,9.90,9.94,9.86,9.91,104358,1033375.56
2023-09-18,10.09,10.09,9.89,9.93,97469,967187.63
2023-09-19,9.83,9.99,9.83,9.93,118200,1166441.38
2023-09-20,9.82,9.85,9.79,9.79,195061,1915281.25
2023-09-21,9.79,9.80,9.72,9.77,123717,1207061.38
2023-09-22,9.77,9.86,9.70,9.83,221321,2167858.50
2023-09-25,9.80,9.86,9.76,9.86,212698,2085378.13
2023-09-26,9.95,9.95,9.78,9.80,299820,2949488.00
2023-09-27,9.76,9.85,9.76,9.82,315969,3104882.25
2023-09-28,9.87,11.16,9.87,10.91,3226264,34484252.00
2023-10-09,11.31,11.50,10.40,10.55,2388633,26005000.00
2023-10-10,10.38,10.57,10.12,10.24,1619598,16622765.00
2023-10-11,10.25,10.28,9.95,10.18,1258871,12695022.00
2023-10-12,10.22,10.30,10.03,10.13,848132,8594048.00
2023-10-13,10.16,10.16,9.92,9.94,578867,5766981.00
2023-10-16,9.95,9.95,9.72,9.80,504159,4945806.00
2023-10-17,9.74,9.85,9.72,9.83,275094,2692197.00
2023-10-18,9.80,9.81,9.59,9.61,326491,3152889.50
2023-10-19,9.60,10.15,9.46,9.72,592020,5758961.00
2023-10-20,9.61,9.67,9.07,9.30,546340,5160362.00
2023-10-23,9.24,9.37,8.88,8.89,380271,3431246.75
2023-10-24,8.89,9.02,8.89,8.98,182327,1636755.88
2023-10-25,9.06,9.17,8.95,9.08,213501,1929421.88
2023-10-26,9.16,9.16,8.91,9.10,165397,1490884.50
2023-10-27,9.03,9.20,8.89,9.14,444855,4020083.50
2023-10-30,9.10,9.30,9.09,9.28,327528,3014518.00
2023-10-31,9.35,9.36,9.13,9.30,239478,2213933.75
2023-11-01,9.30,9.30,9.20,9.25,174266,1607313.50
2023-11-02,9.26,9.26,9.13,9.14,145911,1337744.00
2023-11-03,9.27,9.46,9.09,9.30,229572,2129723.75
2023-11-06,9.43,9.43,9.09,9.35,250055,2325724.75
2023-11-07,9.21,9.59,9.21,9.55,409904,3865426.00
2023-11-08,9.56,9.81,9.55,9.66,486476,4724615.00
2023-11-09,9.82,9.82,9.60,9.70,312394,3025264.50
2023-11-10,9.68,9.68,9.50,9.58,217773,2077567.13
2023-11-13,9.78,9.79,9.49,9.64,93050,894391.06
2023-11-14,9.54,9.96,9.50,9.89,503750,4925729.00
2023-11-15,9.95,10.50,9.95,10.23,999812,10255722.00
2023-11-16,10.10,10.30,9.89,9.94,573317,5744040.00
2023-11-17,10.05,10.05,9.88,9.96,228421,2269719.00
2023-11-20,10.13,10.21,9.95,10.17,567359,5731075.00
2023-11-21,10.30,11.27,10.29,10.64,3433726,37207880.00
2023-11-22,10.52,11.85,10.48,11.82,5085131,57664640.00
2023-11-23,11.99,12.88,11.20,11.47,6116222,73981784.00
2023-11-24,11.40,12.74,11.13,12.70,7096755,86763920.00
2023-11-27,13.40,15.51,12.98,15.30,11241620,158641664.00
2023-11-28,14.24,15.28,13.74,14.38,7754898,112403040.00
2023-11-29,14.20,14.70,12.22,12.41,5695286,76657528.00
2023-11-30,12.48,13.14,12.30,12.50,3721645,47229616.00
2023-12-01,12.80,13.30,12.33,12.41,4167370,53302748.00
2023-12-04,12.44,12.77,11.70,12.38,3179019,39008028.00
2023-12-05,12.10,13.85,12.10,13.30,5708453,74476448.00
2023-12-06,13.20,14.28,12.97,13.43,4885271,66407012.00
2023-12-07,13.31,14.29,13.30,13.91,4904205,68150008.00
2023-12-08,14.48,14.88,13.90,14.20,6677426,96100512.00
2023-12-11,15.59,16.71,14.51,14.80,9583286,147456640.00
2023-12-12,15.20,17.60,15.00,16.99,14022079,229494560.00
2023-12-13,17.30,18.68,17.11,17.46,11718814,208012176.00
2023-12-14,17.75,19.50,16.80,19.10,14302257,260938704.00
2023-12-15,19.71,24.55,19.20,23.95,17258603,371324704.00
2023-12-18,24.00,27.38,22.30,24.99,16126984,400512608.00
2023-12-19,23.60,25.59,23.49,23.89,10937103,265735024.00
2023-12-20,23.90,27.66,23.70,25.60,12551801,321748320.00
2023-12-21,25.31,27.58,22.00,25.33,17685919,447875616.00
2023-12-22,25.20,27.68,23.02,24.10,17383028,443630592.00
2023-12-25,25.15,25.96,23.17,25.90,11961242,296435168.00
2023-12-26,25.00,26.00,24.06,25.80,10862168,274526688.00
2023-12-27,26.24,32.09,26.24,30.11,16508589,479889280.00
2023-12-28,28.40,30.55,28.08,29.08,12188375,353122720.00
2023-12-29,28.92,31.55,28.30,29.92,12425919,374932544.00
2024-01-02,29.25,30.59,28.39,29.40,10836205,317227872.00
2024-01-03,28.96,29.30,27.00,27.00,9154819,258285232.00
2024-01-04,26.40,27.30,25.04,25.67,9694158,251735440.00
2024-01-05,26.30,27.88,25.68,26.06,11785750,318375392.00
2024-01-08,26.55,27.38,25.15,25.47,7883944,210146064.00
2024-01-09,27.10,27.75,25.00,27.01,10147615,270292096.00
2024-01-10,26.25,26.55,25.25,25.72,6427347,166715328.00
2024-01-11,25.46,25.86,23.81,25.34,7187328,178340000.00
2024-01-12,24.91,24.92,21.73,21.73,8709884,202134080.00
2024-01-15,20.97,20.99,18.78,18.78,9629687,191826608.00
2024-01-16,18.81,22.30,17.77,21.50,12568857,251226240.00
2024-01-17,20.42,21.49,19.61,19.78,9620385,199205392.00
2024-01-18,19.12,20.98,18.83,20.57,7736219,155157744.00
2024-01-19,20.89,22.50,20.81,21.32,8499014,183958800.00
2024-01-22,21.85,21.98,19.75,20.14,6176086,130336136.00
2024-01-23,19.60,21.46,19.60,21.10,5744329,118627248.00
2024-01-24,21.49,21.49,19.88,20.41,5412887,110777560.00
2024-01-25,20.30,20.40,18.88,19.25,7136578,139911936.00
2024-01-26,18.81,21.55,18.56,19.95,8822917,178074896.00
2024-01-29,19.80,19.99,17.83,17.88,5587533,105454032.00
2024-01-30,17.50,19.20,17.35,18.38,4809386,88522576.00
2024-01-31,18.40,19.89,18.10,19.19,6264952,119569528.00
2024-02-01,19.29,20.49,18.76,18.85,6044698,118221112.00
2024-02-02,18.50,19.50,16.64,17.52,5877711,105912232.00
2024-02-05,17.48,17.48,15.01,15.75,4995334,81744816.00
2024-02-06,15.40,17.37,15.31,16.98,5253229,87412856.00
2024-02-07,16.90,17.93,16.00,16.02,5872792,100465152.00
2024-02-08,16.30,16.89,14.90,16.38,5106946,81119136.00
2024-02-19,17.00,17.90,16.70,17.82,5221606,90736280.00
2024-02-20,17.90,19.19,17.52,18.40,5501296,101761696.00
2024-02-21,17.99,18.99,17.81,18.06,4909401,90511088.00
2024-02-22,18.42,18.86,18.02,18.20,4042525,74221464.00
2024-02-23,18.35,18.67,17.38,17.56,4776969,85688136.00
2024-02-26,17.87,17.97,17.10,17.92,3859024,67915936.00
2024-02-27,18.20,20.49,18.20,20.15,8810161,169042752.00
2024-02-28,19.45,20.40,18.50,18.53,9135706,178361872.00
2024-02-29,18.06,19.29,18.03,19.29,5808955,109091800.00
2024-03-01,19.50,21.69,19.46,20.50,9415146,194280848.00
2024-03-04,21.75,22.55,20.51,21.70,9733202,209711616.00
2024-03-05,22.01,26.04,22.01,24.15,14208948,342612320.00
2024-03-06,22.96,24.09,22.66,23.11,8897979,206832032.00
2024-03-07,22.91,24.70,22.01,22.40,7878600,185181600.00
2024-03-08,23.00,23.45,21.88,23.01,6141454,140149056.00
2024-03-11,22.00,22.48,21.50,22.11,6491027,142008816.00
2024-03-12,22.00,22.36,20.53,20.74,7224886,153304576.00
2024-03-13,20.90,21.66,20.40,20.40,5141093,107805248.00
2024-03-14,20.20,20.67,19.30,19.60,4179735,83113032.00
2024-03-15,19.55,21.02,19.50,20.68,5741683,117780464.00
2024-03-18,20.50,21.75,20.07,21.44,5751224,120762592.00
2024-03-19,21.20,21.78,20.80,20.95,4733937,100493848.00
2024-03-20,20.92,22.33,20.82,21.79,6155405,133737944.00
2024-03-21,22.00,22.89,21.60,22.03,6360864,140917392.00
2024-03-22,21.50,21.89,20.52,20.55,5995989,126731552.00
2024-03-25,20.00,20.39,18.61,18.78,5888913,114187424.00
2024-03-26,18.74,19.30,17.70,18.22,4908961,89764528.00
2024-03-27,18.38,18.96,17.86,17.86,3978730,73190320.00
2024-03-28,17.65,18.65,17.61,17.90,3565812,64332940.00
2024-03-29,17.93,18.25,17.40,18.04,2995744,53359608.00
2024-04-01,17.88,18.17,17.47,17.56,3495400,62007544.00
2024-04-02,17.64,17.66,16.40,16.47,3636024,61499812.00
2024-04-03,16.57,16.95,16.21,16.40,2388038,39708668.00
2024-04-08,16.60,16.79,15.26,15.47,3030395,48019300.00
2024-04-09,15.60,15.79,15.26,15.79,1709663,26636204.00
2024-04-10,15.69,17.00,15.61,16.68,4647720,77053160.00
2024-04-11,16.79,16.79,15.90,16.05,2508739,41053456.00
2024-04-12,15.65,16.19,15.40,15.48,2314151,36549496.00
2024-04-15,15.61,15.76,14.31,14.73,2521872,37886220.00
2024-04-16,14.73,14.73,13.20,13.55,2672713,36755384.00
2024-04-17,13.98,14.79,13.98,14.72,2707910,39099612.00
2024-04-18,14.40,15.35,14.34,14.69,2884350,43018992.00
2024-04-19,14.75,14.99,14.21,14.25,1814586,26439338.00
2024-04-22,14.13,14.60,13.67,14.60,1416443,20064418.00
2024-04-23,14.67,15.39,14.51,15.04,2385051,35719256.00
2024-04-24,15.19,15.46,14.88,15.03,1826974,27495408.00
2024-04-25,14.90,15.01,14.50,14.54,1603250,23619944.00
2024-04-26,14.67,14.90,14.41,14.79,1837090,27087236.00
2024-04-29,14.95,15.27,14.60,15.06,2081782,31182696.00
2024-04-30,14.90,15.63,14.88,15.08,2073367,31590802.00
2024-05-06,14.70,15.37,14.70,14.94,1867951,27892794.00
2024-05-07,14.78,14.93,14.42,14.46,2125297,30989502.00
2024-05-08,14.57,14.79,14.32,14.59,1394644,20362154.00
2024-05-09,14.45,14.65,14.40,14.54,1237747,17999492.00
2024-05-10,14.61,14.61,13.90,14.19,1510496,21334856.00
2024-05-13,14.08,14.14,13.63,13.66,1291409,17776648.00
2024-05-14,13.87,14.49,13.75,14.13,1952453,27746922.00
2024-05-15,14.24,14.49,13.90,13.95,1394513,19816014.00
2024-05-16,14.13,14.50,13.75,14.14,1825667,25913788.00
2024-05-17,14.10,14.10,13.71,13.83,1547161,21445416.00
2024-05-20,13.76,13.88,13.49,13.57,1190407,16253571.00
2024-05-21,13.81,15.50,13.81,15.06,7363945,109430248.00
2024-05-22,15.06,17.38,14.61,16.52,9717311,157167776.00
2024-05-23,16.00,18.95,15.95,16.62,11463586,199017328.00
2024-05-24,16.16,16.46,15.05,15.05,6921439,109013536.00
2024-05-27,15.11,15.88,15.00,15.25,4305078,66514984.00
2024-05-28,15.12,16.00,14.61,15.77,4648395,71144368.00
2024-05-29,15.45,17.01,15.30,16.48,7245042,119042712.00
2024-05-30,16.29,18.18,16.25,16.66,8456684,146169664.00
2024-05-31,17.00,19.99,17.00,18.53,12735043,237552304.00
2024-06-03,17.82,18.18,17.09,17.99,8535514,150855792.00
2024-06-04,17.50,17.63,16.36,16.61,6968418,117267520.00
2024-06-05,16.39,17.08,16.00,16.28,4346393,72211416.00
2024-06-06,16.28,16.49,15.20,15.26,4611951,72951592.00
2024-06-07,15.33,15.77,14.70,14.70,4005251,60718516.00
2024-06-11,14.88,15.35,14.51,15.16,3622271,54066528.00
2024-06-12,15.21,16.15,15.21,16.02,5199382,82423688.00
2024-06-13,15.77,16.19,15.35,15.42,4426362,69851160.00
2024-06-14,15.45,15.69,15.26,15.55,2806437,43361904.00
2024-06-17,15.78,16.48,15.60,16.10,4343811,69445840.00
2024-06-18,16.00,16.22,15.53,15.59,3549535,55930420.00
2024-06-19,15.65,16.29,15.26,15.72,4409022,69929648.00
2024-06-20,15.60,15.60,14.77,14.77,3630939,54666992.00
2024-06-21,14.57,15.15,14.50,14.87,2431148,36184296.00
2024-06-24,14.82,14.95,13.80,13.91,2492685,35562616.00
2024-06-25,13.86,14.14,13.51,13.65,2087772,28862198.00
2024-06-26,13.73,14.20,13.53,14.08,2285798,31764506.00
2024-06-27,14.06,14.84,13.92,14.20,3439002,49641176.00
2024-06-28,14.05,14.77,13.98,14.29,3076774,44387128.00
2024-07-01,14.17,14.39,13.87,14.15,2085606,29364146.00
2024-07-02,14.29,14.55,14.01,14.20,1696825,24247622.00
2024-07-03,14.20,14.20,13.55,13.74,2253882,30969712.00
2024-07-04,13.79,14.06,13.40,13.41,2093967,28709258.00
2024-07-05,13.52,13.76,13.28,13.60,1532458,20729304.00
2024-07-08,13.45,13.65,12.90,12.96,1183045,15685311.00
2024-07-09,13.09,13.95,12.97,13.73,2780749,37389292.00
2024-07-10,13.60,13.85,13.47,13.63,1762161,24021068.00
2024-07-11,13.91,14.10,13.68,13.85,2101556,29141658.00
2024-07-12,13.85,13.85,13.45,13.49,1762387,23938586.00
2024-07-15,13.63,13.63,13.14,13.27,1225321,16266904.00
2024-07-16,13.20,14.25,13.13,14.16,3742585,51605140.00
2024-07-17,14.17,16.32,14.10,15.70,8677576,133402288.00
2024-07-18,15.35,15.35,14.55,14.55,4423297,66022200.00
2024-07-19,14.59,15.05,14.17,14.20,3127542,45681788.00
2024-07-22,14.06,14.52,14.05,14.48,2065374,29619232.00
2024-07-23,14.60,14.88,13.98,14.00,2173308,31226046.00
2024-07-24,14.12,14.28,13.50,13.50,2190839,30041542.00
2024-07-25,13.44,13.85,13.30,13.57,1688310,22937748.00
2024-07-26,13.90,14.12,13.58,13.74,1727018,23894274.00
2024-07-29,13.83,13.85,13.50,13.60,1527350,20812744.00
2024-07-30,13.90,14.00,13.64,13.86,2052703,28439096.00
2024-07-31,13.72,14.38,13.67,14.38,2855722,40306496.00
2024-08-01,14.38,14.45,14.01,14.11,2205553,31212554.00
2024-08-02,13.85,14.00,13.40,13.52,2313671,31639794.00
2024-08-05,13.50,13.78,13.01,13.08,2276606,30461480.00
2024-08-06,13.25,13.42,13.05,13.24,1684574,22230264.00
2024-08-07,13.12,13.32,13.05,13.10,1237243,16283625.00
2024-08-08,13.09,13.09,12.69,12.83,1550665,19942830.00
2024-08-09,12.95,13.15,12.86,13.09,1474985,19204462.00
2024-08-12,13.01,13.03,12.22,12.49,2423530,30650400.00
2024-08-13,12.40,12.48,12.04,12.24,1985960,24296470.00
2024-08-14,12.25,12.97,11.85,12.59,3639476,44911580.00
2024-08-15,12.35,13.09,12.12,12.73,3030535,38612648.00
2024-08-16,12.60,13.19,12.60,12.84,2938599,37942624.00
2024-08-19,12.60,12.63,12.15,12.23,2513254,31009938.00
2024-08-20,12.23,14.49,12.13,13.80,9389696,126002440.00
2024-08-21,13.50,14.94,13.21,13.29,9742661,136354064.00
2024-08-22,13.05,14.33,13.00,13.31,7326093,100594352.00
2024-08-23,13.02,14.75,12.72,14.65,9416062,130111248.00
2024-08-26,14.38,15.17,14.00,14.28,8235514,119203552.00
2024-08-27,14.14,14.14,13.03,13.34,5631677,76111080.00
2024-08-28,13.21,13.34,12.68,12.96,3431133,44581372.00
2024-08-29,12.88,13.16,12.56,12.86,3281864,42342704.00
2024-08-30,13.20,13.75,13.12,13.27,4752101,63817672.00
2024-09-02,13.01,13.64,12.76,12.79,3568470,46743896.00
2024-09-03,12.50,12.95,12.41,12.73,2649007,33680652.00
2024-09-04,12.62,12.69,12.23,12.29,2688494,33267798.00
2024-09-05,12.36,12.46,12.22,12.40,1910057,23551582.00
2024-09-06,12.49,12.49,11.90,11.94,2490819,30162098.00
2024-09-09,11.66,12.12,11.66,11.81,1595754,18946414.00
2024-09-10,11.97,11.98,11.57,11.92,1484542,17488430.00
2024-09-11,11.94,11.96,11.65,11.78,893588,10561185.00
2024-09-12,11.96,12.16,11.59,11.60,1513603,17952346.00
2024-09-13,11.69,12.35,11.23,11.97,3274202,38771400.00
2024-09-18,11.84,12.10,11.60,11.75,1699271,20113904.00
2024-09-19,11.83,12.06,11.67,12.03,1877304,22322828.00
2024-09-20,12.10,12.25,11.80,11.91,1998094,23986584.00
2024-09-23,12.05,12.30,11.90,11.94,2190459,26402736.00
2024-09-24,11.94,12.25,11.67,12.18,3095311,37185876.00
2024-09-25,12.17,12.55,12.15,12.18,3671517,45315416.00
2024-09-26,12.28,12.51,12.01,12.46,3072464,37618216.00
2024-09-27,12.69,14.27,12.60,13.79,7650701,102855424.00
2024-09-30,14.80,17.49,14.29,17.19,10330671,164625264.00
2024-10-08,22.00,22.00,18.16,22.00,12532635,258088512.00
2024-10-09,20.02,21.39,17.66,17.66,9043668,178442080.00
2024-10-10,17.88,19.21,17.25,17.29,6026757,109687712.00
2024-10-11,17.04,17.20,15.39,15.60,5591317,90822392.00
2024-10-14,15.71,17.00,15.31,16.85,5303730,86189080.00
2024-10-15,17.10,18.25,16.43,16.77,6141347,106672648.00
2024-10-16,15.99,17.37,15.71,16.71,4369825,72862872.00
2024-10-17,17.10,19.50,17.10,17.98,11079432,201005824.00
2024-10-18,17.98,19.98,17.65,19.10,10211557,192481680.00
2024-10-21,19.92,23.07,19.55,22.31,14835733,314585152.00
2024-10-22,21.60,21.60,19.10,19.34,11249499,228805232.00
2024-10-23,19.00,20.65,18.91,19.88,6812994,136119760.00
2024-10-24,19.50,21.36,19.50,20.95,8664124,178060592.00
2024-10-25,21.40,23.27,20.17,20.20,13250610,290970464.00
2024-10-28,19.78,22.22,19.35,21.85,9577744,199463008.00
2024-10-29,22.00,25.00,21.52,23.61,13090501,307035264.00
2024-10-30,24.16,25.98,22.40,23.80,10604564,254292912.00
2024-10-31,24.99,25.19,21.80,22.44,10456966,240097968.00
2024-11-01,21.88,22.17,19.55,19.80,7706996,159456752.00
2024-11-04,20.00,20.98,20.00,20.98,5422937,111470624.00
2024-11-05,21.02,22.96,21.00,22.77,8998099,199910112.00
2024-11-06,23.69,24.20,22.60,23.37,11102894,258567024.00
2024-11-07,23.40,24.85,22.60,24.30,9410180,224581456.00
2024-11-08,24.75,25.97,23.40,24.08,8769322,216441488.00
2024-11-11,24.33,24.33,22.78,23.75,7109552,167469184.00
2024-11-12,24.30,27.98,23.30,25.31,13452836,342015680.00
2024-11-13,24.49,25.60,23.81,24.66,7600575,186054704.00
2024-11-14,24.60,25.33,23.00,23.20,6621931,159305312.00
2024-11-15,23.10,25.19,22.67,24.29,8926821,214888544.00
2024-11-18,25.60,26.29,24.01,24.48,9802128,246669696.00
2024-11-19,23.51,24.01,21.30,23.30,9740468,221380528.00
2024-11-20,22.62,23.97,22.45,23.57,6014442,140374816.00
2024-11-21,23.57,24.99,23.25,24.70,8878152,215707568.00
2024-11-22,25.00,27.00,24.11,24.12,11379962,292964416.00
2024-11-25,24.51,26.67,22.90,26.67,10046891,246241232.00
2024-11-26,26.30,26.98,24.27,24.27,7749561,199115504.00
2024-11-27,23.99,30.47,23.00,27.93,17612331,467742816.00
2024-11-28,27.60,33.30,26.56,29.24,20313143,607331520.00
2024-11-29,28.50,29.45,27.61,27.95,13679211,387491936.00
2024-12-02,28.52,30.57,27.26,28.48,11989150,344802432.00
2024-12-03,28.48,28.48,28.48,28.48,0,0.00
#数据来源:通达信
