872931 无锡鼎邦 日线 不复权
      日期	    开盘	    最高	    最低	    收盘	    成交量	    成交额
2024-04-08,13.00,13.87,10.20,10.20,20191000,243012240.00
2024-04-09,9.85,9.90,8.95,9.07,12125521,113510248.00
2024-04-10,9.26,10.18,9.18,9.37,10850874,104277992.00
2024-04-11,9.00,9.47,8.74,8.96,7988624,71857320.00
2024-04-12,9.04,9.38,8.92,9.01,5717420,52258928.00
2024-04-15,9.29,9.45,8.66,8.73,6216640,56195900.00
2024-04-16,8.51,8.51,7.83,7.89,5573381,45115280.00
2024-04-17,8.00,8.38,8.00,8.24,4339106,35647632.00
2024-04-18,8.13,8.22,7.90,7.92,4266080,34403436.00
2024-04-19,7.90,8.96,7.85,8.42,8007745,68238024.00
2024-04-22,8.10,8.19,7.92,8.07,5069703,40837488.00
2024-04-23,8.12,8.27,8.00,8.24,3228088,26226134.00
2024-04-24,8.23,8.25,8.07,8.25,2711895,22146606.00
2024-04-25,8.17,8.26,8.03,8.03,2234885,18184446.00
2024-04-26,8.06,8.23,8.02,8.13,2768925,22465530.00
2024-04-29,8.15,8.19,8.05,8.15,2779632,22584330.00
2024-04-30,8.16,8.48,8.14,8.22,3495520,28997484.00
2024-05-06,8.44,8.44,8.22,8.32,2776201,23031840.00
2024-05-07,8.33,8.33,8.16,8.19,2295937,18838600.00
2024-05-08,8.24,8.51,8.11,8.48,4307972,35870968.00
2024-05-09,8.35,9.00,8.35,8.80,5793757,50421056.00
2024-05-10,8.85,8.93,8.50,8.79,3425838,29706242.00
2024-05-13,8.75,8.79,8.38,8.43,2363325,20300490.00
2024-05-14,8.37,8.53,8.20,8.24,2244675,18675626.00
2024-05-15,8.24,8.28,8.05,8.08,1953225,15912256.00
2024-05-16,8.07,8.14,8.04,8.08,1373799,11104761.00
2024-05-17,8.06,8.22,8.03,8.20,1426119,11553024.00
2024-05-20,8.20,8.39,8.15,8.33,1858034,15355515.00
2024-05-21,8.28,8.32,8.17,8.22,937330,7709988.50
2024-05-22,8.20,8.35,8.20,8.30,1134300,9402937.00
2024-05-23,8.31,9.99,8.11,8.94,8507522,76788984.00
2024-05-24,8.81,10.40,8.71,9.67,11018653,105581504.00
2024-05-27,9.99,10.35,9.08,9.50,6628612,63905320.00
2024-05-28,9.26,9.98,9.16,9.50,5323091,51061140.00
2024-05-29,9.51,9.66,8.97,9.07,4773775,43963488.00
2024-05-30,9.18,9.18,8.42,8.60,5459560,47812728.00
2024-05-31,8.44,8.54,8.35,8.43,2691783,22682910.00
2024-06-03,8.41,8.74,8.15,8.62,4438040,37337392.00
2024-06-04,8.42,9.20,8.42,9.07,5431509,48215924.00
2024-06-05,8.90,9.08,8.49,8.65,3326301,28886386.00
2024-06-06,8.62,8.70,8.18,8.22,2913181,24265924.00
2024-06-07,8.30,8.46,8.21,8.31,1496056,12471685.00
2024-06-11,8.44,8.44,8.16,8.24,1690328,13940484.00
2024-06-12,8.20,8.29,8.20,8.23,1305750,10750811.00
2024-06-13,8.24,8.36,8.13,8.24,1673432,13765586.00
2024-06-14,8.29,8.44,8.24,8.36,2001461,16771650.00
2024-06-17,8.40,8.40,8.15,8.19,1604999,13193777.00
2024-06-18,8.18,8.34,8.17,8.31,1101137,9085639.00
2024-06-19,8.32,8.87,8.24,8.48,3198655,27303612.00
2024-06-20,8.40,8.42,8.20,8.21,1935459,16003650.00
2024-06-21,8.22,8.49,8.19,8.30,2091982,17467732.00
2024-06-24,8.33,8.37,8.10,8.10,1883821,15384704.00
2024-06-25,8.12,8.23,8.07,8.11,1591273,12948752.00
2024-06-26,8.11,8.22,8.06,8.19,1224606,9970355.00
2024-06-27,8.09,8.12,8.01,8.02,1202620,9694418.00
2024-06-28,8.00,8.13,8.00,8.07,968947,7815952.00
2024-07-01,8.08,8.14,8.01,8.09,644010,5188871.50
2024-07-02,8.11,8.13,7.85,7.88,1253211,10005942.00
2024-07-03,7.87,7.92,7.60,7.65,1826015,14074676.00
2024-07-04,7.65,7.82,7.60,7.62,1111309,8566647.00
2024-07-05,7.65,7.67,7.46,7.60,1049068,7933556.50
2024-07-08,7.56,7.59,7.33,7.39,832362,6177407.00
2024-07-09,7.38,7.38,7.16,7.32,2147059,15635462.00
2024-07-10,7.29,7.35,7.10,7.11,1436919,10366985.00
2024-07-11,7.23,7.41,7.17,7.38,1333954,9769886.00
2024-07-12,7.35,7.46,7.30,7.39,808446,5967237.00
2024-07-15,7.31,7.40,7.22,7.28,397969,2909657.00
2024-07-16,7.23,7.68,7.23,7.63,1723037,13007524.00
2024-07-17,7.59,8.47,7.59,8.32,5709512,46404976.00
2024-07-18,8.15,8.28,7.81,7.83,3621132,28934384.00
2024-07-19,7.80,7.94,7.68,7.70,1968245,15320980.00
2024-07-22,7.68,7.77,7.57,7.58,1229637,9378056.00
2024-07-23,7.58,7.66,7.36,7.42,1029531,7738037.50
2024-07-24,7.41,7.45,7.24,7.31,985261,7211802.50
2024-07-25,7.33,7.47,7.32,7.38,1133898,8388163.00
2024-07-26,7.37,7.65,7.37,7.63,1171539,8846297.00
2024-07-29,7.63,7.70,7.46,7.55,626005,4729418.00
2024-07-30,7.66,7.73,7.55,7.64,663709,5079362.00
2024-07-31,7.60,7.85,7.59,7.77,1310669,10163121.00
2024-08-01,7.81,7.82,7.68,7.68,730938,5656525.50
2024-08-02,7.68,7.70,7.50,7.53,688815,5234776.50
2024-08-05,7.49,7.56,7.30,7.34,794618,5896641.50
2024-08-06,7.37,7.51,7.33,7.39,943314,6965889.50
2024-08-07,7.35,7.49,7.35,7.38,314492,2323726.00
2024-08-08,7.40,7.52,7.30,7.46,694318,5160063.00
2024-08-09,7.43,7.50,7.37,7.44,319549,2377176.25
2024-08-12,7.42,7.48,7.31,7.35,727554,5390956.00
2024-08-13,7.40,7.46,7.33,7.45,981574,7260735.50
2024-08-14,7.36,7.53,7.36,7.38,703099,5216391.00
2024-08-15,7.38,7.44,7.35,7.42,531943,3937260.25
2024-08-16,7.36,7.43,7.31,7.33,1306467,9587114.00
2024-08-19,7.35,7.35,7.23,7.26,788673,5735587.00
2024-08-20,7.25,7.36,7.22,7.27,405686,2956075.50
2024-08-21,7.25,7.28,7.21,7.21,339358,2456771.75
2024-08-22,7.25,7.25,7.06,7.08,680175,4845858.50
2024-08-23,7.07,7.11,7.02,7.06,354165,2502652.25
2024-08-26,7.05,7.12,7.02,7.05,341602,2412675.00
2024-08-27,7.05,7.05,6.84,6.87,645355,4472956.00
2024-08-28,6.89,7.07,6.83,6.90,601113,4168893.75
2024-08-29,6.88,6.95,6.85,6.90,496924,3428928.25
2024-08-30,6.90,7.15,6.88,7.00,908486,6361578.00
2024-09-02,7.01,7.03,6.84,6.84,641089,4439242.50
2024-09-03,6.84,6.90,6.80,6.83,462679,3165778.50
2024-09-04,6.77,6.82,6.67,6.69,553410,3725598.50
2024-09-05,6.69,6.77,6.67,6.69,476600,3190144.50
2024-09-06,6.73,6.73,6.60,6.60,383075,2547684.50
2024-09-09,6.69,6.69,6.49,6.52,296540,1939607.38
2024-09-10,6.57,6.57,6.44,6.51,227868,1480565.38
2024-09-11,6.49,6.53,6.46,6.47,189567,1229680.00
2024-09-12,6.47,6.52,6.45,6.46,184592,1196383.38
2024-09-13,6.50,6.71,6.42,6.57,1001400,6584732.50
2024-09-18,6.50,6.53,6.36,6.46,673037,4341263.00
2024-09-19,6.48,6.61,6.44,6.54,314174,2049198.00
2024-09-20,6.54,6.57,6.49,6.55,183310,1197290.25
2024-09-23,6.59,6.59,6.47,6.50,234056,1524509.13
2024-09-24,6.47,6.69,6.47,6.63,689272,4552253.00
2024-09-25,6.69,6.80,6.65,6.68,988128,6642171.50
2024-09-26,6.70,6.82,6.64,6.82,873052,5880967.50
2024-09-27,6.87,7.38,6.86,7.26,2461435,17614678.00
2024-09-30,7.50,8.90,7.42,8.81,6071581,49675388.00
2024-10-08,10.88,10.88,9.10,10.48,9034050,90873440.00
2024-10-09,9.35,9.88,8.52,8.52,5184078,47708660.00
2024-10-10,8.77,8.96,8.30,8.31,3512631,30290524.00
2024-10-11,8.41,8.41,7.69,7.74,2799709,22243902.00
2024-10-14,7.74,8.15,7.61,8.14,1992262,15811626.00
2024-10-15,8.14,8.40,7.81,7.95,2091908,17143102.00
2024-10-16,7.81,8.27,7.81,8.20,2121873,17209390.00
2024-10-17,8.33,9.10,8.30,8.61,4428730,38350940.00
2024-10-18,8.54,9.36,8.54,9.24,4552779,41210588.00
2024-10-21,9.39,11.20,9.39,10.93,7133343,71530640.00
2024-10-22,10.94,10.94,9.50,9.67,5478969,55096756.00
2024-10-23,9.60,10.20,9.52,10.08,3932776,39015180.00
2024-10-24,10.15,10.84,10.01,10.58,3848494,40287636.00
2024-10-25,10.89,11.56,10.45,10.69,6653713,73104272.00
2024-10-28,10.67,11.15,10.30,11.07,4643464,49740788.00
2024-10-29,11.30,12.20,10.78,11.80,7007819,80243008.00
2024-10-30,11.65,13.00,11.31,12.44,6389258,77561776.00
2024-10-31,12.20,12.27,10.82,11.70,5621851,65349548.00
2024-11-01,11.50,11.99,11.20,11.27,3137700,36512216.00
2024-11-04,11.00,12.24,11.00,12.20,3565112,41991428.00
2024-11-05,12.31,13.12,12.24,13.03,4344415,55189304.00
2024-11-06,12.91,14.38,12.76,13.80,4892378,66433372.00
2024-11-07,14.87,15.85,13.80,14.24,5787145,84933648.00
2024-11-08,13.96,14.40,13.22,13.43,4706890,64959452.00
2024-11-11,13.45,13.88,12.90,13.38,2385962,31813396.00
2024-11-12,13.48,13.83,12.90,13.10,2174833,29134170.00
2024-11-13,12.87,14.25,12.39,14.12,5672544,74990648.00
2024-11-14,14.00,14.93,13.71,13.93,4210957,60384432.00
2024-11-15,14.04,14.54,13.71,14.10,3034844,42866288.00
2024-11-18,14.05,14.70,13.86,14.30,3296363,47156048.00
2024-11-19,13.95,14.25,12.41,13.30,4189998,55522296.00
2024-11-20,13.29,17.29,13.01,17.29,15014435,247297136.00
2024-11-21,17.29,19.80,16.65,17.60,16708869,301310464.00
2024-11-22,17.00,18.35,16.01,16.01,9764292,164524736.00
2024-11-25,15.78,16.69,15.00,15.79,7127394,111479736.00
2024-11-26,16.20,17.27,15.79,16.20,7512748,123404224.00
2024-11-27,15.30,17.12,14.60,17.00,7993712,127316480.00
2024-11-28,17.01,20.65,16.94,17.61,9820951,179765584.00
2024-11-29,17.26,19.10,16.97,17.76,7941831,143095248.00
2024-12-02,17.20,18.48,17.00,17.40,5711026,100117728.00
2024-12-03,17.40,17.40,17.40,17.40,0,0.00
#数据来源:通达信
