873132 泰鹏智能 日线 不复权
      日期	    开盘	    最高	    最低	    收盘	    成交量	    成交额
2023-11-16,26.66,28.56,17.01,17.50,10445752,229314192.00
2023-11-17,17.50,18.30,15.61,15.86,6787141,111115152.00
2023-11-20,15.30,15.97,14.85,15.45,4684678,71486936.00
2023-11-21,15.11,20.00,15.11,17.20,7668364,132979944.00
2023-11-22,16.17,19.50,15.91,19.10,7608294,133333488.00
2023-11-23,18.70,20.00,16.66,16.86,6318279,114006936.00
2023-11-24,16.10,18.26,16.06,17.58,5558849,95544680.00
2023-11-27,17.88,20.50,17.56,20.11,7828185,148475920.00
2023-11-28,18.90,23.08,18.51,20.91,6943622,142165056.00
2023-11-29,20.50,23.03,19.50,21.60,6430332,134840496.00
2023-11-30,20.68,23.18,19.75,20.00,5131569,110594816.00
2023-12-01,20.00,20.04,16.02,16.40,5021427,88710744.00
2023-12-04,15.60,16.83,15.52,15.96,2148398,34551080.00
2023-12-05,15.88,17.40,15.88,16.97,3319936,55734184.00
2023-12-06,16.84,17.48,16.40,16.71,2475826,41779460.00
2023-12-07,16.76,17.39,16.76,17.25,2512438,43015152.00
2023-12-08,17.49,17.85,17.13,17.49,2388922,41688720.00
2023-12-11,17.58,17.80,16.23,16.39,2173573,36398876.00
2023-12-12,16.57,16.88,16.24,16.58,1321385,21908438.00
2023-12-13,16.41,17.28,16.41,16.97,2189497,37120068.00
2023-12-14,16.86,19.63,16.80,19.60,5110675,93807976.00
2023-12-15,19.08,21.58,17.88,20.20,4903753,94800552.00
2023-12-18,19.77,20.70,19.13,20.17,3597926,72108200.00
2023-12-19,20.77,20.89,18.70,19.13,3099617,60957516.00
2023-12-20,18.60,19.68,18.52,19.42,2369828,45583204.00
2023-12-21,19.40,20.38,17.19,17.30,3078725,58115704.00
2023-12-22,16.90,17.77,16.25,17.34,1912554,32544120.00
2023-12-25,17.33,17.87,17.04,17.87,1590897,27944862.00
2023-12-26,17.86,18.03,17.00,17.77,1849363,32773304.00
2023-12-27,17.63,18.49,17.50,18.37,1923072,34596524.00
2023-12-28,18.19,18.49,17.71,18.15,1507545,27414682.00
2023-12-29,18.19,18.91,17.81,18.69,1643148,30203936.00
2024-01-02,18.59,20.27,18.59,20.10,3373221,65647916.00
2024-01-03,19.75,20.06,19.22,19.69,2077454,40897296.00
2024-01-04,19.69,23.00,19.38,22.04,4500742,95160128.00
2024-01-05,21.21,22.80,20.03,22.80,4974218,107512712.00
2024-01-08,22.05,22.99,19.61,19.81,2927350,63349556.00
2024-01-09,19.70,22.49,18.71,22.30,4081932,83151504.00
2024-01-10,21.68,28.00,21.23,22.53,7304183,180569024.00
2024-01-11,20.58,23.48,20.58,22.90,5379657,114783424.00
2024-01-12,22.02,22.14,19.30,19.35,4241015,88596440.00
2024-01-15,18.70,19.25,17.70,18.08,2408142,44177412.00
2024-01-16,17.80,19.42,16.88,19.01,3112084,56918816.00
2024-01-17,18.40,20.20,18.26,19.02,2899556,56199496.00
2024-01-18,18.78,22.50,18.14,21.94,5783099,120559480.00
2024-01-19,21.94,25.70,21.11,22.12,6442836,150129248.00
2024-01-22,21.51,21.99,19.60,19.96,4247279,88373112.00
2024-01-23,19.58,20.69,19.14,20.29,2623619,52686016.00
2024-01-24,19.95,21.07,19.56,20.57,2530308,51733084.00
2024-01-25,20.37,20.37,18.88,19.16,2912741,56773272.00
2024-01-26,18.71,19.36,18.08,18.19,1931121,36102776.00
2024-01-29,18.28,18.48,16.20,16.20,2024180,34857752.00
2024-01-30,16.00,16.66,15.55,15.96,1126960,18042588.00
2024-01-31,15.98,16.95,15.98,16.48,1421925,23525096.00
2024-02-01,16.46,16.65,14.98,15.05,1365777,21529812.00
2024-02-02,15.00,15.37,12.92,13.26,1874191,26078358.00
2024-02-05,13.30,13.30,11.15,12.05,1633224,19933830.00
2024-02-06,12.02,14.29,11.51,14.05,2448067,31987752.00
2024-02-07,13.59,14.87,13.21,13.37,2197335,30975886.00
2024-02-08,13.66,13.86,12.33,13.35,1310433,17220398.00
2024-02-19,13.41,14.23,13.41,14.00,1269743,17562100.00
2024-02-20,14.15,15.39,13.92,14.73,1581614,23248824.00
2024-02-21,14.48,15.36,14.48,14.65,1567499,23515846.00
2024-02-22,14.11,14.81,14.11,14.57,1215064,17647922.00
2024-02-23,14.47,14.80,14.30,14.44,1110548,16103153.00
2024-02-26,14.55,15.44,14.21,15.43,1920362,28572934.00
2024-02-27,15.36,17.17,15.05,16.76,2914451,47798848.00
2024-02-28,16.35,16.87,15.30,15.31,3001101,48286208.00
2024-02-29,15.09,15.68,15.03,15.57,1290252,19873884.00
2024-03-01,15.52,15.88,15.30,15.59,956835,14841419.00
2024-03-04,15.65,15.68,14.80,14.91,1039656,15634649.00
2024-03-05,14.88,14.88,13.90,13.98,1000191,14202978.00
2024-03-06,14.18,14.68,13.85,14.48,884904,12788872.00
2024-03-07,14.36,14.65,14.01,14.10,628872,9013461.00
2024-03-08,14.28,15.18,14.28,14.65,1076680,15895763.00
2024-03-11,14.27,14.63,14.27,14.60,726616,10473505.00
2024-03-12,14.60,14.84,14.56,14.75,656731,9653894.00
2024-03-13,14.90,14.94,14.29,14.47,572312,8299759.00
2024-03-14,14.46,15.08,14.46,15.05,1506068,22384846.00
2024-03-15,14.86,15.63,14.76,15.50,1921939,29458048.00
2024-03-18,15.29,15.56,15.11,15.46,1040587,15938083.00
2024-03-19,15.31,15.40,15.02,15.07,556166,8449743.00
2024-03-20,15.01,15.14,14.88,14.94,465366,6984318.00
2024-03-21,14.98,15.06,14.43,14.54,558099,8217248.00
2024-03-22,14.62,14.67,13.97,13.97,543806,7713849.00
2024-03-25,13.97,14.49,13.59,13.64,356347,4937568.00
2024-03-26,13.65,13.88,13.18,13.41,330751,4467994.50
2024-03-27,13.78,14.41,13.34,14.02,1006975,14085317.00
2024-03-28,13.79,14.25,13.70,14.20,787883,11027732.00
2024-03-29,14.12,14.14,13.77,13.81,573043,7958511.50
2024-04-01,13.82,13.90,13.61,13.77,354266,4862399.00
2024-04-02,13.88,13.95,13.47,13.48,243937,3327688.50
2024-04-03,13.55,13.85,13.18,13.40,289700,3915027.75
2024-04-08,13.28,13.59,12.90,12.92,518851,6784794.50
2024-04-09,12.86,13.39,12.86,12.99,240181,3118513.75
2024-04-10,12.94,13.58,12.84,13.25,611331,8150925.50
2024-04-11,13.30,13.30,13.00,13.05,392503,5124148.50
2024-04-12,12.95,13.37,12.95,13.11,458824,6011318.00
2024-04-15,13.02,13.29,11.90,12.23,626341,7894211.50
2024-04-16,12.02,12.35,11.00,11.16,487406,5599945.00
2024-04-17,11.36,11.76,11.22,11.68,415552,4814376.00
2024-04-18,11.76,12.63,11.52,11.98,926555,11290137.00
2024-04-19,11.71,11.98,11.51,11.65,473323,5527314.00
2024-04-22,11.60,11.69,11.30,11.34,380393,4341941.50
2024-04-23,11.22,11.51,11.21,11.43,224710,2559655.50
2024-04-24,11.51,11.76,11.44,11.57,280957,3242444.50
2024-04-25,12.02,14.00,12.02,12.63,2419580,31352636.00
2024-04-26,12.07,12.70,11.92,12.60,1428512,17622286.00
2024-04-29,12.50,13.18,12.45,12.96,1311932,16763183.00
2024-04-30,13.10,13.84,12.86,13.35,1167165,15536414.00
2024-05-06,13.71,13.71,13.29,13.35,685867,9208789.00
2024-05-07,13.32,13.51,13.25,13.34,426601,5708953.50
2024-05-08,13.38,13.45,12.78,12.92,691399,9047758.00
2024-05-09,12.93,13.13,12.50,13.04,420080,5464650.00
2024-05-10,13.14,13.14,12.85,12.85,322305,4169997.50
2024-05-13,12.87,12.87,12.54,12.55,307887,3903179.25
2024-05-14,12.63,12.97,12.51,12.80,642824,8172303.50
2024-05-15,12.87,12.88,12.61,12.68,364527,4650399.00
2024-05-16,12.64,12.95,12.58,12.66,388184,4952120.00
2024-05-17,12.66,12.88,12.60,12.84,407363,5182288.50
2024-05-20,12.87,12.88,12.72,12.76,351065,4493695.00
2024-05-21,12.73,12.77,12.48,12.48,426451,5385043.00
2024-05-22,12.50,12.73,12.50,12.65,379190,4793835.00
2024-05-23,12.69,13.39,12.56,13.22,1230315,16134044.00
2024-05-24,13.38,13.38,12.95,13.00,637843,8348340.50
2024-05-27,13.29,14.70,13.29,13.47,1955349,27153686.00
2024-05-28,9.18,9.51,9.15,9.32,1404780,13026726.00
2024-05-29,9.30,9.40,9.00,9.08,940629,8580866.00
2024-05-30,9.08,9.08,8.61,8.70,985162,8656389.00
2024-05-31,8.78,8.78,8.51,8.62,515819,4445410.00
2024-06-03,8.62,8.67,8.31,8.39,376406,3185850.50
2024-06-04,8.37,8.52,8.34,8.40,424667,3571174.50
2024-06-05,8.49,8.49,8.04,8.04,517362,4258610.50
2024-06-06,8.08,8.08,7.69,7.70,624014,4865383.00
2024-06-07,7.84,7.92,7.70,7.84,364071,2838792.75
2024-06-11,7.83,7.86,7.66,7.81,358887,2786747.25
2024-06-12,7.83,8.19,7.83,7.94,388814,3102937.00
2024-06-13,7.96,8.05,7.77,7.85,332196,2607260.75
2024-06-14,7.95,8.00,7.83,7.91,187159,1476099.25
2024-06-17,7.87,7.91,7.72,7.75,252676,1962834.63
2024-06-18,7.74,7.78,7.66,7.72,263627,2034849.63
2024-06-19,7.68,8.10,7.67,7.96,769174,6122348.00
2024-06-20,8.00,8.05,7.66,7.95,775972,6086378.50
2024-06-21,7.91,8.49,7.91,8.42,1415422,11698192.00
2024-06-24,8.38,8.49,8.05,8.05,771961,6311762.00
2024-06-25,8.20,8.33,8.05,8.12,555926,4543145.00
2024-06-26,8.11,8.26,8.05,8.26,380795,3110798.25
2024-06-27,8.15,8.27,8.15,8.20,410500,3374045.00
2024-06-28,8.25,8.30,8.17,8.19,505487,4150916.00
2024-07-01,8.27,8.29,8.17,8.25,252714,2077860.75
2024-07-02,8.20,8.20,8.03,8.04,478961,3871343.75
2024-07-03,8.03,8.03,7.83,7.92,176667,1397079.38
2024-07-04,7.99,8.03,7.71,7.75,151386,1187681.63
2024-07-05,7.78,7.78,7.38,7.66,292580,2223432.75
2024-07-08,7.81,7.81,7.32,7.39,230324,1718955.13
2024-07-09,7.39,7.51,7.04,7.46,299451,2174877.50
2024-07-10,7.52,7.56,7.31,7.33,248072,1849950.25
2024-07-11,7.66,7.85,7.41,7.52,238542,1794842.25
2024-07-12,7.52,7.77,7.48,7.65,297367,2272334.25
2024-07-15,7.62,7.70,7.44,7.55,152722,1152830.75
2024-07-16,7.51,8.00,7.44,7.98,668257,5204448.50
2024-07-17,7.98,8.93,7.98,8.81,3806307,32482158.00
2024-07-18,8.81,8.85,8.15,8.24,1691014,14178277.00
2024-07-19,8.52,8.52,8.13,8.14,952334,7906497.00
2024-07-22,8.14,8.19,7.80,7.88,859777,6812660.00
2024-07-23,7.93,7.93,7.75,7.78,670650,5248293.00
2024-07-24,7.76,7.80,7.56,7.56,441342,3399166.25
2024-07-25,7.71,7.79,7.59,7.75,427446,3299830.75
2024-07-26,7.77,7.99,7.75,7.87,631437,4966310.00
2024-07-29,7.88,7.88,7.67,7.75,311310,2414605.75
2024-07-30,7.80,7.88,7.70,7.82,484579,3785733.75
2024-07-31,7.82,8.03,7.82,7.97,709542,5628503.00
2024-08-01,8.00,8.03,7.87,7.92,487324,3861216.50
2024-08-02,7.50,7.96,7.50,7.75,607140,4680979.50
2024-08-05,7.70,8.21,7.69,7.75,1393724,11080150.00
2024-08-06,7.75,7.89,7.52,7.83,884703,6807511.00
2024-08-07,7.90,7.90,7.66,7.73,268879,2081751.38
2024-08-08,7.70,7.83,7.60,7.66,466233,3578368.75
2024-08-09,7.74,7.75,7.57,7.64,247561,1888093.00
2024-08-12,7.69,7.69,7.58,7.61,185856,1418682.13
2024-08-13,7.66,7.68,7.51,7.68,121112,921472.88
2024-08-14,7.76,7.76,7.55,7.63,115030,874588.13
2024-08-15,7.58,7.73,7.58,7.66,195763,1500513.63
2024-08-16,7.77,7.77,7.55,7.56,175956,1341814.13
2024-08-19,7.56,7.60,7.47,7.48,128151,962633.69
2024-08-20,7.48,7.64,7.33,7.59,349160,2634900.25
2024-08-21,7.60,7.60,7.36,7.43,319271,2372205.00
2024-08-22,7.54,7.55,7.29,7.42,384152,2856231.25
2024-08-23,7.38,7.38,7.20,7.33,238374,1738419.00
2024-08-26,7.30,7.46,7.30,7.34,150583,1105588.75
2024-08-27,7.27,7.34,7.09,7.13,320519,2292097.25
2024-08-28,7.23,7.23,7.05,7.12,241879,1717268.00
2024-08-29,7.06,7.12,6.91,7.06,278316,1964148.63
2024-08-30,7.03,7.36,7.00,7.26,641038,4617291.50
2024-09-02,7.26,7.30,7.03,7.03,320729,2287024.75
2024-09-03,7.03,7.13,7.02,7.02,90554,639921.31
2024-09-04,7.09,7.09,6.89,6.94,91827,639460.69
2024-09-05,6.91,7.07,6.91,7.01,50909,356230.66
2024-09-06,7.10,7.10,6.89,6.94,100237,695308.56
2024-09-09,6.99,7.05,6.81,6.90,72732,500327.97
2024-09-10,6.89,6.98,6.75,6.94,69731,478024.44
2024-09-11,6.91,6.97,6.79,6.89,100622,690375.19
2024-09-12,6.87,6.98,6.80,6.81,44280,302908.19
2024-09-13,6.86,7.04,6.71,6.93,235091,1622447.75
2024-09-18,6.88,7.05,6.77,6.89,141833,978415.13
2024-09-19,7.00,7.08,6.84,6.95,242008,1695599.50
2024-09-20,7.06,7.07,6.91,6.95,156055,1090520.00
2024-09-23,6.95,7.03,6.90,6.92,118863,823680.13
2024-09-24,6.86,7.09,6.80,7.08,263362,1847220.13
2024-09-25,7.13,7.39,7.07,7.10,275824,1982434.13
2024-09-26,7.06,7.22,7.05,7.22,382249,2730769.25
2024-09-27,7.30,8.05,7.30,7.95,1707396,13121826.00
2024-09-30,8.33,9.75,8.21,9.64,3506946,31601398.00
2024-10-08,11.80,11.82,9.99,11.23,5233036,57798820.00
2024-10-09,10.06,10.78,9.19,9.23,2828881,28242682.00
2024-10-10,9.32,9.83,9.06,9.11,1407142,13204149.00
2024-10-11,9.03,9.08,8.15,8.25,1299263,11089971.00
2024-10-14,8.35,8.78,8.20,8.68,1435930,12288882.00
2024-10-15,8.68,9.39,8.58,8.75,1839700,16537874.00
2024-10-16,8.60,9.30,8.51,9.18,1538841,13717655.00
2024-10-17,9.27,9.95,9.12,9.37,3150974,30062960.00
2024-10-18,9.33,10.13,9.20,9.95,3502671,34261948.00
2024-10-21,10.33,11.24,9.95,11.19,4619094,49339392.00
2024-10-22,11.20,11.70,10.08,10.51,4526649,49361544.00
2024-10-23,10.58,11.50,10.41,11.14,3795332,41766424.00
2024-10-24,11.24,11.93,10.98,11.60,4459308,51024832.00
2024-10-25,11.83,13.21,11.30,11.37,6227338,77043952.00
2024-10-28,11.32,12.21,11.02,12.20,4081198,47054344.00
2024-10-29,12.59,13.18,11.84,13.05,4548965,57457960.00
2024-10-30,13.20,13.85,12.45,13.40,3959410,52214440.00
2024-10-31,13.05,13.80,12.53,13.24,4068972,53403784.00
2024-11-01,12.90,14.84,12.59,13.40,6166624,83675608.00
2024-11-04,13.62,16.47,12.94,16.14,7371735,108458792.00
2024-11-05,15.50,16.98,15.01,16.62,7930844,126471272.00
2024-11-06,16.70,16.89,15.70,15.98,5770908,93609168.00
2024-11-07,15.75,17.60,15.52,16.51,6179778,102230248.00
2024-11-08,16.18,16.58,14.67,14.90,5085975,79255824.00
2024-11-11,14.53,14.90,13.62,14.25,3605866,50979496.00
2024-11-12,14.50,14.63,13.60,13.83,2185817,30791556.00
2024-11-13,13.99,14.50,13.28,14.29,2419624,33810124.00
2024-11-14,14.81,15.78,14.30,14.56,4262555,64339208.00
2024-11-15,14.80,15.13,14.03,14.50,2581248,37622004.00
2024-11-18,14.55,14.99,13.54,14.45,2341231,33873280.00
2024-11-19,14.44,14.48,12.21,13.19,3255603,43051052.00
2024-11-20,13.00,14.29,12.75,14.18,2786698,38213800.00
2024-11-21,14.50,15.50,14.03,15.42,4120121,61749240.00
2024-11-22,15.84,17.80,15.18,15.26,7177436,119562912.00
2024-11-25,14.67,16.10,14.66,16.00,4689188,72572632.00
2024-11-26,15.99,16.28,14.90,15.00,3370144,52231748.00
2024-11-27,14.80,15.66,13.01,15.66,3088351,45292028.00
2024-11-28,17.63,18.99,16.02,16.20,6512402,113559880.00
2024-11-29,16.00,21.06,15.75,21.06,15811947,318259488.00
2024-12-02,22.05,22.66,19.03,19.32,14090204,281476000.00
2024-12-03,19.32,19.32,19.32,19.32,0,0.00
#数据来源:通达信
