873152 天宏锂电 日线 不复权
      日期	    开盘	    最高	    最低	    收盘	    成交量	    成交额
2020-05-19,3.20,3.20,3.20,3.20,25000,80000.00
2020-06-10,4.19,4.19,4.19,4.19,1300,5447.00
2020-06-12,4.00,4.00,4.00,4.00,700,2800.00
2020-07-06,3.20,3.20,3.20,3.20,13700,43840.00
2020-07-07,3.20,3.20,3.20,3.20,2000,6400.00
2020-07-09,3.25,3.25,3.25,3.25,3300,10725.00
2020-07-14,3.25,3.25,3.25,3.25,2000,6500.00
2020-07-15,3.25,3.25,3.25,3.25,5000,16250.00
2021-03-01,6.18,6.18,6.18,6.18,100,679.80
2021-05-27,7.00,7.00,7.00,7.00,1200,8400.00
2021-05-28,6.70,6.78,6.70,6.78,1300,8455.00
2021-06-02,4.30,4.30,4.30,4.30,1400,6015.70
2021-06-03,4.30,4.32,4.30,4.32,8200,35500.56
2021-06-08,4.50,4.50,4.50,4.50,2900,12856.50
2021-06-10,4.00,4.00,4.00,4.00,500,2000.00
2021-06-15,4.00,4.00,4.00,4.00,1100000,5500000.00
2021-06-17,4.50,4.50,4.50,4.50,500,2250.00
2021-06-18,4.60,4.60,4.60,4.60,3100,14421.00
2021-06-21,4.60,4.60,4.30,4.30,1000,4484.40
2021-06-24,4.31,4.31,4.31,4.31,5700,24567.00
2021-06-25,4.78,4.78,4.78,4.78,1000,4928.18
2021-06-28,4.80,4.82,4.78,4.82,18100,87080.12
2021-06-29,4.96,4.98,4.96,4.98,3300,16170.00
2021-06-30,5.00,5.00,5.00,5.00,300,1385.00
2021-07-02,5.53,5.57,5.53,5.57,5200,28866.36
2021-07-05,5.95,6.01,5.95,6.01,3200,18811.50
2021-07-09,6.30,6.30,6.30,6.30,1000,6300.00
2021-07-12,7.50,8.00,7.50,8.00,2100,15800.00
2021-07-13,8.00,8.12,8.00,8.12,3100,25052.00
2021-07-16,6.72,6.72,6.72,6.72,2000,13440.00
2021-07-21,8.74,8.88,8.74,8.88,2200,19508.00
2021-07-27,9.00,9.00,9.00,9.00,100,900.00
2021-07-29,8.72,8.72,8.72,8.72,400,3492.00
2021-08-02,7.39,7.39,7.39,7.39,500,3695.00
2021-08-06,8.50,8.50,8.50,8.50,3000,25500.00
2021-08-13,8.70,8.70,8.70,8.70,1000,8700.00
2021-08-17,8.70,8.70,8.70,8.70,4000,34800.00
2021-08-18,8.70,8.70,8.70,8.70,2000,17400.00
2021-08-31,8.70,8.70,8.70,8.70,100,913.50
2021-09-01,8.70,10.00,8.70,10.00,8500,73843.30
2021-09-02,10.10,10.10,10.10,10.10,100,646.40
2021-09-03,10.10,10.10,10.10,10.10,500,4691.04
2021-09-06,12.01,15.00,12.01,15.00,5300,79201.00
2021-09-07,15.55,15.92,15.55,15.92,2000,31097.80
2021-09-08,10.09,15.72,10.09,11.11,1000,14707.11
2021-09-09,11.11,11.11,11.11,11.11,100,1111.00
2021-09-13,11.84,11.84,11.83,11.83,500,6247.24
2021-09-14,14.95,16.00,11.83,11.83,2500,37042.45
2021-09-24,16.00,19.90,16.00,19.90,2000,36333.70
2021-09-27,19.85,19.85,19.85,19.85,1000,19850.00
2021-09-29,19.99,19.99,19.90,19.90,200,3989.00
2021-10-08,20.00,20.00,19.85,19.85,1500,29954.85
2021-10-14,14.14,14.14,14.14,14.14,200,2828.00
2021-10-15,15.88,15.88,14.53,14.53,2500,37435.90
2021-10-18,18.48,18.48,17.48,17.95,3500,62287.36
2021-10-19,17.50,17.50,17.50,17.50,2400,41860.00
2021-10-20,17.54,18.20,17.54,18.20,600,10855.00
2021-10-21,18.20,18.20,18.20,18.20,12500,227172.41
2021-10-29,19.50,19.50,19.50,19.50,900,17550.00
2021-11-01,19.18,19.18,18.50,18.54,1100,21010.78
2021-11-02,18.04,18.04,18.04,18.04,4100,74005.00
2021-11-05,18.37,18.45,18.37,18.45,5500,101269.00
2021-11-08,19.66,19.66,19.66,19.66,500,9830.00
2021-11-09,20.33,20.33,20.33,20.33,700,14231.00
2021-11-11,20.33,20.37,20.33,20.37,600,12203.00
2021-11-12,21.23,21.57,21.23,21.57,2600,55907.00
2021-11-15,20.21,20.27,20.21,20.27,13700,277170.19
2021-11-16,13.61,13.61,13.61,13.61,100,1361.00
2021-11-17,14.44,15.02,14.44,15.02,11200,166659.44
2021-11-18,18.00,18.00,16.01,16.01,5500,92375.00
2021-11-19,15.97,15.97,15.97,15.97,1300,21192.19
2021-11-22,19.10,19.10,17.82,17.82,27700,503829.16
2021-11-23,18.31,18.50,18.20,18.50,59100,1080487.75
2021-11-24,20.11,23.00,20.11,22.00,35400,778675.63
2021-11-25,23.20,27.91,23.20,26.48,13300,338073.88
2021-11-26,26.97,26.99,24.93,24.93,1412000,26270024.00
2021-11-29,23.23,24.33,23.23,24.30,24700,594500.31
2021-11-30,23.60,23.76,23.60,23.70,6200,146478.95
2021-12-01,22.88,23.59,22.88,23.59,6000,139976.94
2021-12-02,24.24,24.25,24.08,24.08,9100,219507.20
2021-12-03,24.76,24.76,24.76,24.76,1500,37140.00
2021-12-06,22.22,22.51,22.22,22.44,11700,261960.92
2021-12-07,23.00,23.00,22.77,22.77,12600,286916.59
2021-12-08,22.77,22.77,21.23,21.23,8400,179207.38
2021-12-09,21.23,21.23,20.29,20.29,10900,224495.20
2021-12-10,18.51,19.81,18.51,19.79,13300,250476.78
2021-12-13,20.87,20.87,20.58,20.60,1700,35135.00
2021-12-14,20.03,21.00,20.03,20.87,4700,95233.04
2021-12-15,20.77,20.77,20.77,20.77,200,4257.85
2021-12-16,20.77,20.77,19.37,20.03,7700,151087.00
2021-12-17,19.01,19.15,19.01,19.12,2500,47775.00
2021-12-20,18.90,18.90,18.90,18.90,100,1890.00
2021-12-21,16.99,17.08,16.99,17.08,39100,667210.75
2021-12-22,17.87,17.87,17.16,17.50,43400,759400.19
2021-12-23,17.87,17.87,17.87,17.87,2800,50064.00
2021-12-24,17.87,17.87,17.77,17.77,6100,109260.96
2021-12-27,18.00,18.00,17.77,17.77,16000,285764.72
2021-12-30,18.00,18.00,17.79,17.79,1200,21460.00
2021-12-31,18.66,18.66,17.73,17.73,10900,200708.27
2022-01-04,17.91,18.87,17.91,18.87,10200,191921.08
2022-01-05,19.00,19.00,18.87,18.89,5600,105574.44
2022-01-06,18.91,18.91,18.91,18.91,1000,18910.00
2022-01-07,19.52,20.08,19.52,20.08,6100,122005.60
2022-01-10,20.02,20.15,20.02,20.15,10800,217420.92
2022-01-11,21.00,21.09,21.00,21.09,4300,90301.29
2022-01-12,21.00,21.00,21.00,21.00,1200,24444.00
2022-01-14,19.11,19.11,19.11,19.11,10300,196756.56
2022-01-17,18.99,18.99,18.70,18.70,4300,80116.10
2022-01-18,18.33,18.66,18.25,18.66,3700,68235.90
2022-01-21,19.00,19.00,18.96,18.96,2500,47959.25
2022-01-24,18.87,18.87,18.87,18.87,6600,124117.12
2022-01-25,18.95,18.95,18.95,18.95,6400,122038.00
2022-01-26,19.87,19.87,19.87,19.87,5300,105085.68
2022-01-27,19.98,19.98,19.04,19.20,2500,50077.56
2022-01-28,19.76,19.76,19.76,19.76,600,11856.00
2022-02-07,19.78,19.78,19.78,19.78,1100,21758.00
2022-02-08,19.61,19.61,19.00,19.00,13600,259053.00
2022-02-09,19.00,19.00,18.90,18.90,11500,218395.59
2022-02-10,18.90,18.99,18.79,18.79,6100,115685.00
2022-02-11,18.18,18.21,17.87,17.87,17600,318535.59
2022-02-14,17.51,17.90,17.51,17.90,600,10545.00
2022-02-15,17.23,17.50,17.23,17.50,6400,110551.00
2022-02-16,18.50,18.50,17.24,17.24,7300,126369.00
2022-02-17,16.81,16.82,16.77,16.82,2800,47048.00
2022-02-18,17.87,17.87,16.99,16.99,1100,18777.00
2022-02-21,17.77,17.77,17.10,17.10,4200,73294.00
2022-02-22,17.50,17.50,17.00,17.00,500,8604.00
2022-02-23,18.25,18.25,16.90,17.66,1200,20567.00
2022-02-24,16.50,17.48,16.48,16.48,2100,34728.00
2022-02-25,17.77,17.77,17.77,17.77,100,1777.00
2022-02-28,16.23,17.48,16.23,16.60,1400,23292.00
2022-03-01,16.09,16.20,16.09,16.18,3800,61244.81
2022-03-02,16.95,16.95,15.79,15.79,6200,99128.25
2022-03-03,15.88,15.88,14.14,14.14,18700,272219.09
2022-03-04,14.48,14.48,14.10,14.10,10000,142272.05
2022-03-07,14.79,14.79,13.80,13.80,1100,15855.00
2022-03-08,13.79,13.79,12.51,12.51,17400,224530.48
2022-03-09,13.50,13.50,12.11,12.11,2400,29203.00
2022-03-10,12.98,13.36,12.00,12.00,7900,96730.00
2022-03-11,11.30,11.30,10.50,10.50,27700,295865.09
2022-03-14,10.25,10.26,10.21,10.22,7300,74188.50
2022-03-15,9.99,11.07,9.89,9.89,13300,132405.98
2022-03-16,10.69,10.69,10.35,10.35,9200,95249.55
2022-03-17,9.14,10.99,9.14,10.14,10600,108470.75
2022-03-18,9.25,9.99,9.25,9.99,17200,162208.00
2022-03-21,9.13,10.88,9.13,9.88,1600,15881.00
2022-03-22,9.66,9.66,8.89,8.89,18800,171268.36
2022-03-23,10.89,10.89,8.95,8.95,14400,129680.40
2022-03-24,9.00,9.00,8.96,8.96,16300,146116.00
2022-03-25,8.91,9.77,8.91,9.14,14400,133901.00
2022-03-28,9.60,9.60,9.17,9.17,21900,202417.41
2022-03-29,9.62,9.62,9.00,9.00,27300,247847.88
2022-03-30,9.06,9.06,9.05,9.05,10300,92999.70
2022-03-31,9.87,9.87,9.01,9.01,9900,89712.30
2022-04-01,8.97,8.97,8.97,8.97,5100,45747.00
2022-04-06,9.01,9.17,8.97,8.97,4000,35976.00
2022-04-07,9.47,9.47,9.07,9.07,1100,10017.00
2022-04-08,9.87,9.87,9.07,9.07,3100,28390.16
2022-04-11,9.09,9.09,8.39,8.50,34700,298964.94
2022-04-12,9.01,9.01,8.58,9.00,14000,125680.99
2022-04-15,9.39,9.39,9.39,9.39,2000,18800.00
2022-04-18,9.01,9.01,9.01,9.01,0,63.07
2022-04-19,9.01,9.50,9.01,9.50,12300,111705.00
2022-04-20,8.91,8.91,8.91,8.91,900,8019.00
2022-04-21,8.80,8.80,8.50,8.50,8100,70921.47
2022-04-25,8.35,8.35,8.00,8.00,2200,18212.00
2022-04-28,7.98,7.98,7.98,7.98,300,2378.04
2022-04-29,7.01,7.92,7.01,7.92,2200,16952.08
2022-05-05,7.90,8.50,7.90,8.50,30700,245595.80
2022-05-06,8.88,8.88,8.88,8.88,800,7086.24
2022-05-09,8.88,8.88,8.88,8.88,4400,39063.12
2022-05-13,8.95,8.95,8.95,8.95,13500,120449.10
2022-05-16,8.89,8.91,8.89,8.91,2200,19584.14
2022-05-17,8.95,8.95,8.89,8.89,10200,90985.00
2022-05-18,8.95,8.95,8.89,8.93,18300,163436.63
2022-05-23,9.47,9.47,9.29,9.29,1100,10591.44
2022-05-24,9.35,9.35,9.18,9.18,5400,49991.95
2022-05-25,9.35,9.35,9.10,9.10,600,5504.00
2022-05-26,9.35,9.35,9.00,9.00,19600,176505.00
2022-05-27,8.43,8.43,8.43,8.43,5000,42150.00
2022-05-30,8.97,8.97,8.80,8.88,23800,211487.66
2022-05-31,8.89,8.92,8.89,8.89,8300,73978.80
2022-06-01,8.99,8.99,8.51,8.85,14800,131673.61
2022-06-02,8.80,8.81,8.50,8.50,22900,197309.48
2022-06-06,8.68,9.09,8.68,8.89,10100,89152.52
2022-06-07,9.01,9.13,9.01,9.05,11000,99996.87
2022-06-08,9.25,9.30,9.06,9.09,42100,384248.63
2022-06-09,9.09,9.30,9.09,9.18,19900,182637.91
2022-06-10,9.29,9.29,9.28,9.29,2300,21586.72
2022-06-13,9.59,9.59,9.30,9.35,12100,112988.95
2022-06-14,9.85,9.85,8.93,9.00,22100,198918.31
2022-06-15,9.00,9.00,8.81,8.81,10000,89842.00
2022-06-16,9.00,9.00,9.00,9.00,5100,45900.00
2022-06-17,9.20,9.20,9.20,9.20,500,4600.00
2022-06-20,9.39,9.39,9.20,9.37,3600,33943.80
2022-06-22,9.42,9.42,9.08,9.08,1100,10348.48
2023-01-19,6.43,8.30,6.40,7.24,13204360,95130152.00
2023-01-20,6.73,8.98,6.73,8.54,10916795,84985688.00
2023-01-30,8.38,11.10,8.12,11.10,10546030,103771304.00
2023-01-31,11.50,14.43,11.11,14.43,11226086,146737200.00
2023-02-01,15.88,17.17,14.01,15.38,12858605,197885184.00
2023-02-02,14.80,15.25,13.67,14.45,8597723,123484208.00
2023-02-03,14.80,15.71,14.38,15.02,9313333,139643920.00
2023-02-06,14.68,14.99,13.00,13.45,7765364,106985040.00
2023-02-07,13.13,14.32,13.13,13.43,5739288,78970848.00
2023-02-08,13.20,13.38,12.05,12.20,6900765,85733240.00
2023-02-09,12.32,12.69,11.59,12.45,5088785,62506432.00
2023-02-10,12.46,12.60,11.90,12.04,3399996,41201736.00
2023-02-13,12.02,14.80,11.96,14.22,8812685,118685552.00
2023-02-14,13.52,14.39,13.16,13.36,5059630,68544864.00
2023-02-15,13.13,14.97,13.13,14.16,6710437,96120488.00
2023-02-16,14.29,14.92,14.03,14.40,5504906,79366200.00
2023-02-17,14.25,15.40,13.46,13.48,6807742,97978744.00
2023-02-20,13.20,13.59,12.47,13.50,3877703,50146504.00
2023-02-21,13.30,13.55,12.93,13.15,2402283,31726742.00
2023-02-22,13.00,13.53,13.00,13.14,1735433,23043264.00
2023-02-23,13.18,13.50,12.82,12.91,2202785,28848972.00
2023-02-24,12.89,12.98,12.36,12.43,2083504,26098020.00
2023-02-27,12.50,12.78,12.08,12.38,1286122,16181709.00
2023-02-28,12.38,12.57,12.19,12.35,1281175,15744668.00
2023-03-01,12.32,12.36,11.86,12.05,2107580,25357626.00
2023-03-02,12.23,12.25,11.85,11.94,1427487,17088906.00
2023-03-03,11.98,12.04,11.62,11.72,1279177,14997962.00
2023-03-06,11.78,11.84,11.28,11.36,1443974,16554576.00
2023-03-07,11.42,12.40,11.42,12.04,3665665,44151948.00
2023-03-08,11.70,11.88,11.61,11.73,1691246,19789826.00
2023-03-09,11.68,12.10,11.68,11.85,1447931,17245652.00
2023-03-10,11.95,11.95,11.46,11.60,1134992,13156590.00
2023-03-13,11.56,11.64,11.25,11.28,1149956,13020202.00
2023-03-14,11.37,11.37,10.72,10.89,1367700,14948280.00
2023-03-15,10.90,11.08,10.76,10.78,739814,8055073.00
2023-03-16,10.76,10.89,10.29,10.35,1183253,12414082.00
2023-03-17,10.45,10.49,10.24,10.31,718783,7447195.50
2023-03-20,10.31,10.31,9.96,9.99,980572,9869701.00
2023-03-21,9.98,12.60,9.97,12.44,5112967,58625112.00
2023-03-22,12.61,14.31,12.28,12.52,7172366,95763624.00
2023-03-23,12.38,12.38,11.35,11.75,4788155,55854668.00
2023-03-24,11.70,13.30,11.61,12.65,5625205,71416176.00
2023-03-27,12.60,13.29,12.17,12.87,3688910,47633484.00
2023-03-28,13.12,14.50,13.09,13.30,5873678,80752232.00
2023-03-29,13.35,13.74,11.68,12.59,3907204,49334412.00
2023-03-30,12.50,12.90,12.13,12.18,2063452,25452518.00
2023-03-31,12.20,12.62,12.10,12.29,1968332,24434262.00
2023-04-03,12.19,12.99,11.82,12.69,2792794,35124212.00
2023-04-04,12.47,12.64,12.02,12.18,2528810,30956892.00
2023-04-06,12.25,12.59,12.00,12.14,2019966,24638966.00
2023-04-07,12.03,12.14,11.81,11.83,1994326,23772218.00
2023-04-10,11.78,12.55,11.76,12.19,3297438,40398320.00
2023-04-11,12.30,12.30,11.80,11.83,1938162,23026112.00
2023-04-12,11.96,12.04,11.36,11.41,2258220,26043954.00
2023-04-13,11.55,11.65,11.15,11.38,1318366,14983449.00
2023-04-14,11.43,12.80,11.21,12.05,4528864,55377944.00
2023-04-17,12.01,12.01,11.64,11.73,2186137,25711942.00
2023-04-18,11.86,12.68,11.76,12.12,3062244,37637636.00
2023-04-19,12.15,12.16,11.66,11.97,2052577,24336206.00
2023-04-20,11.73,11.90,11.71,11.81,1365999,16091837.00
2023-04-21,11.71,12.40,11.70,11.78,2137608,25649120.00
2023-04-24,11.72,12.07,11.44,11.71,2028886,23817050.00
2023-04-25,11.53,11.73,10.78,11.03,2345698,26257536.00
2023-04-26,11.05,12.35,11.03,11.63,3002255,35376316.00
2023-04-27,11.29,11.76,11.18,11.26,1807950,20425950.00
2023-04-28,11.33,11.53,11.22,11.37,1110677,12574027.00
2023-05-04,11.28,11.59,11.24,11.30,1029197,11715962.00
2023-05-05,11.38,12.22,11.15,11.56,2311871,26876448.00
2023-05-08,11.58,12.16,11.58,11.94,2019353,23996392.00
2023-05-09,11.99,11.99,11.58,11.63,1400303,16440047.00
2023-05-10,11.55,12.50,11.55,12.06,2677537,32334840.00
2023-05-11,11.90,12.50,11.73,12.16,3223332,39117760.00
2023-05-12,12.19,12.44,11.82,12.00,1911298,23003440.00
2023-05-15,12.08,13.80,12.02,13.14,6920900,91439504.00
2023-05-16,13.10,13.10,12.10,12.40,4634395,57180380.00
2023-05-17,12.30,12.75,12.12,12.28,1773687,21812782.00
2023-05-18,12.20,12.43,12.11,12.24,1989207,24251910.00
2023-05-19,12.27,12.45,12.10,12.20,1180816,14448758.00
2023-05-22,12.20,12.33,12.10,12.14,1133184,13784048.00
2023-05-23,12.19,12.46,12.06,12.20,1469732,17992270.00
2023-05-24,12.26,12.35,12.11,12.14,1131357,13832155.00
2023-05-25,12.04,12.12,11.87,11.96,1354898,16188164.00
2023-05-26,11.94,12.06,11.52,11.83,1357268,16015499.00
2023-05-29,9.00,9.29,8.92,8.97,1384268,12600243.00
2023-05-30,8.95,9.04,8.63,8.82,1583095,13887679.00
2023-05-31,8.82,8.82,8.54,8.55,1312365,11302137.00
2023-06-01,8.63,9.14,8.50,8.81,2195461,19572292.00
2023-06-02,8.70,9.38,8.68,9.15,3183749,29165492.00
2023-06-05,9.15,9.15,8.83,8.88,2009072,17879666.00
2023-06-06,8.91,8.91,8.58,8.58,1534426,13382028.00
2023-06-07,8.59,8.75,8.50,8.56,869372,7471807.50
2023-06-08,8.53,8.78,8.51,8.58,1005192,8706175.00
2023-06-09,8.60,8.69,8.50,8.57,1037030,8895344.00
2023-06-12,8.56,8.76,8.53,8.70,710695,6149086.50
2023-06-13,8.76,8.78,8.60,8.65,945944,8176448.00
2023-06-14,8.68,8.68,8.49,8.51,1126972,9618466.00
2023-06-15,8.50,8.77,8.50,8.71,1943609,16892952.00
2023-06-16,8.69,8.72,8.56,8.60,1471852,12656838.00
2023-06-19,8.59,8.66,8.36,8.36,1395471,11762945.00
2023-06-20,8.41,8.45,8.21,8.21,913364,7555065.00
2023-06-21,8.20,8.42,8.11,8.22,833867,6905672.00
2023-06-26,8.04,8.32,8.04,8.08,715213,5783628.50
2023-06-27,8.13,8.15,8.05,8.08,531438,4300857.50
2023-06-28,8.09,8.12,7.82,7.83,931201,7360711.50
2023-06-29,7.83,7.94,7.65,7.77,1201940,9306647.00
2023-06-30,7.78,8.35,7.74,8.00,1977988,16112279.00
2023-07-03,7.94,8.09,7.90,7.98,1147260,9177901.00
2023-07-04,8.00,8.12,7.92,7.97,567653,4552257.00
2023-07-05,7.88,8.04,7.88,7.97,630149,5007713.00
2023-07-06,7.98,7.98,7.87,7.88,442867,3509910.50
2023-07-07,7.90,7.94,7.75,7.76,739640,5775812.50
2023-07-10,7.77,7.98,7.70,7.88,739134,5825640.00
2023-07-11,7.92,7.97,7.84,7.86,434383,3419641.25
2023-07-12,7.90,7.90,7.71,7.71,656595,5103520.00
2023-07-13,7.85,7.85,7.72,7.75,374106,2903245.50
2023-07-14,7.75,7.80,7.71,7.72,469170,3631124.50
2023-07-17,7.72,7.78,7.65,7.72,489871,3764126.00
2023-07-18,7.77,7.77,7.59,7.61,482764,3683324.75
2023-07-19,7.75,7.75,7.58,7.66,325201,2479679.25
2023-07-20,7.67,7.77,7.62,7.62,564006,4336594.00
2023-07-21,7.62,7.65,7.42,7.42,657986,4937952.50
2023-07-24,7.45,7.58,7.40,7.43,426022,3191673.50
2023-07-25,7.52,7.52,7.40,7.46,679449,4366193.00
2023-07-26,7.43,7.50,7.29,7.31,918061,5983807.50
2023-07-27,7.37,7.37,7.06,7.06,2359625,13768670.00
2023-07-28,7.02,7.11,7.00,7.01,961785,5949285.00
2023-07-31,7.19,7.19,6.98,7.03,519894,3668072.50
2023-08-01,7.02,7.02,6.95,6.95,517315,3607651.75
2023-08-02,6.96,6.96,6.70,6.74,961456,6528413.00
2023-08-03,6.75,6.80,6.62,6.62,574410,3605288.00
2023-08-04,6.56,7.17,6.56,7.02,2526273,17679698.00
2023-08-07,7.03,7.14,6.80,6.88,1175455,8138332.50
2023-08-08,6.81,6.93,6.72,6.74,519876,3520618.75
2023-08-09,6.73,6.84,6.69,6.71,574766,3624559.00
2023-08-10,6.77,7.10,6.72,6.92,1334127,9325005.00
2023-08-11,6.88,7.02,6.78,6.78,711501,4865388.00
2023-08-14,6.74,6.74,6.58,6.70,522412,3475381.00
2023-08-15,6.71,6.71,6.62,6.62,306715,2036775.50
2023-08-16,6.70,6.99,6.64,6.69,1156952,7905200.00
2023-08-17,6.69,6.91,6.66,6.75,850867,5774486.00
2023-08-18,6.77,6.90,6.71,6.71,546045,3703706.00
2023-08-21,6.62,6.75,6.62,6.64,583497,3882801.75
2023-08-22,6.74,6.75,6.62,6.65,361442,2408081.00
2023-08-23,6.63,6.70,6.38,6.49,496306,3242005.25
2023-08-24,6.58,6.58,6.21,6.21,806748,4966545.50
2023-08-25,6.23,6.46,5.96,5.96,1042633,6376760.00
2023-08-28,6.50,6.66,6.06,6.06,536538,3326992.00
2023-08-29,5.88,6.18,5.88,6.10,890831,5438851.50
2023-08-30,6.11,6.15,6.09,6.10,572185,3499905.25
2023-08-31,6.03,6.22,6.03,6.14,732800,4503509.00
2023-09-01,6.11,6.42,6.08,6.34,1341906,8386007.00
2023-09-04,6.46,7.09,6.40,6.90,3225051,21822682.00
2023-09-05,6.88,6.88,6.55,6.59,1705964,11302982.00
2023-09-06,6.58,6.65,6.49,6.50,702676,4587712.50
2023-09-07,6.52,6.52,6.30,6.31,843556,5386450.50
2023-09-08,6.36,6.50,6.33,6.37,461456,2956468.50
2023-09-11,6.35,6.35,6.19,6.29,625835,3917547.50
2023-09-12,6.32,6.77,6.30,6.45,1225170,7995855.50
2023-09-13,6.39,6.52,6.32,6.45,602430,3849217.50
2023-09-14,6.46,6.77,6.46,6.51,813980,5359158.50
2023-09-15,6.51,6.51,6.29,6.36,867205,5521275.50
2023-09-18,6.47,6.56,6.32,6.40,601942,3888306.25
2023-09-19,6.36,6.45,6.29,6.31,423986,2690063.25
2023-09-20,6.27,6.41,6.22,6.22,376826,2369322.25
2023-09-21,6.36,6.36,6.19,6.24,541145,3369687.00
2023-09-22,6.30,6.31,6.21,6.26,641554,4014353.25
2023-09-25,6.32,6.34,6.18,6.21,432134,2701013.75
2023-09-26,6.31,6.31,6.18,6.23,409057,2552466.50
2023-09-27,6.18,6.37,6.18,6.24,643662,4038008.75
2023-09-28,6.25,6.34,6.24,6.28,455932,2860903.75
2023-10-09,6.21,6.27,6.12,6.15,525781,3243329.00
2023-10-10,6.14,6.38,6.14,6.21,613454,3829502.50
2023-10-11,6.26,6.26,6.17,6.17,321563,1994556.88
2023-10-12,6.26,6.60,6.20,6.48,1873731,11969834.00
2023-10-13,6.40,6.42,6.23,6.28,992066,6246280.50
2023-10-16,6.39,6.42,6.26,6.33,712929,4522533.00
2023-10-17,6.42,6.65,6.20,6.48,1759798,11390176.00
2023-10-18,6.51,6.52,6.28,6.35,1175960,7472338.00
2023-10-19,6.29,6.37,6.18,6.18,742146,4659975.00
2023-10-20,6.29,6.51,6.16,6.30,1051638,6666322.00
2023-10-23,6.22,6.38,6.21,6.28,595694,3722046.25
2023-10-24,6.24,6.37,6.24,6.34,643048,4063081.50
2023-10-25,6.42,6.42,6.31,6.39,700603,4462985.00
2023-10-26,6.36,6.42,6.24,6.30,553688,3489462.00
2023-10-27,6.35,6.59,6.21,6.50,2246183,14536427.00
2023-10-30,6.44,6.44,5.90,6.35,1559675,9805794.00
2023-10-31,6.27,6.33,6.19,6.21,783676,4886989.00
2023-11-01,6.22,6.30,6.17,6.19,513672,3183512.00
2023-11-02,6.17,6.23,6.08,6.10,476805,2926627.75
2023-11-03,6.17,6.25,6.12,6.20,506488,3135827.75
2023-11-06,6.28,6.31,6.20,6.30,725030,4549795.50
2023-11-07,6.43,6.62,6.43,6.48,2354955,15331856.00
2023-11-08,6.46,6.62,6.43,6.50,1829435,11919314.00
2023-11-09,6.55,7.65,6.50,7.01,6116442,43305400.00
2023-11-10,6.66,6.94,6.60,6.76,3110645,21009874.00
2023-11-13,6.73,6.79,6.61,6.71,1543279,10296542.00
2023-11-14,6.74,6.74,6.57,6.71,1492336,9911115.00
2023-11-15,6.81,7.60,6.77,7.09,4954424,35547120.00
2023-11-16,6.88,6.96,6.70,6.72,3111605,21100242.00
2023-11-17,6.70,6.86,6.65,6.79,1232374,8338618.50
2023-11-20,6.85,7.11,6.75,7.05,2462063,17149200.00
2023-11-21,7.12,7.77,7.09,7.35,6484469,48229332.00
2023-11-22,7.21,8.17,7.11,8.12,7788943,60193556.00
2023-11-23,8.12,8.71,7.65,7.70,7058522,57043376.00
2023-11-24,7.70,8.58,7.66,8.36,7775811,63551480.00
2023-11-27,8.59,9.80,8.31,9.32,11484818,104604200.00
2023-11-28,8.79,9.47,8.42,8.73,6775443,60474224.00
2023-11-29,8.89,9.18,8.00,8.60,5735203,49245420.00
2023-11-30,8.46,8.61,8.01,8.15,2846711,23375070.00
2023-12-01,8.25,8.25,7.43,7.86,3954742,31008512.00
2023-12-04,7.75,8.20,7.70,7.86,2782108,21963298.00
2023-12-05,7.82,8.49,7.72,8.41,6641355,54950600.00
2023-12-06,8.26,10.93,8.18,10.93,18831722,199872464.00
2023-12-07,11.82,14.20,10.70,13.76,26662813,324809184.00
2023-12-08,12.57,13.45,11.76,12.00,18580645,233143008.00
2023-12-11,11.50,11.66,10.31,11.05,13746613,150566608.00
2023-12-12,10.73,11.57,10.72,11.32,10123473,112745880.00
2023-12-13,11.28,11.90,10.78,11.90,12591544,142113904.00
2023-12-14,12.30,14.20,12.03,12.10,20457147,265371760.00
2023-12-15,11.37,13.16,11.37,12.25,14484941,180516768.00
2023-12-18,11.81,12.40,11.50,12.40,9972888,119062408.00
2023-12-19,12.43,12.43,11.68,12.03,7610761,90937904.00
2023-12-20,11.91,12.85,11.71,12.26,10253990,124977848.00
2023-12-21,11.90,12.81,10.56,10.68,12410182,145465104.00
2023-12-22,10.26,11.87,10.01,11.25,13241573,144803264.00
2023-12-25,10.82,11.67,10.80,11.49,9522206,107842016.00
2023-12-26,11.50,12.67,11.00,11.93,12306556,145693248.00
2023-12-27,11.54,11.83,11.02,11.32,7621736,86694792.00
2023-12-28,11.25,13.52,11.25,12.36,17392492,214543376.00
2023-12-29,12.28,12.65,11.77,12.22,11618852,140726864.00
2024-01-02,12.20,12.58,12.00,12.54,10119474,124669944.00
2024-01-03,12.36,12.63,12.05,12.29,7061296,86758896.00
2024-01-04,12.17,12.24,11.50,11.81,6545386,77758680.00
2024-01-05,12.00,13.33,12.00,12.10,15966918,200803952.00
2024-01-08,11.50,11.93,10.80,10.83,9244741,104764696.00
2024-01-09,10.72,11.11,10.14,10.46,6747748,71147384.00
2024-01-10,10.36,10.96,10.20,10.59,5302536,56912576.00
2024-01-11,10.41,11.38,10.06,10.95,9122574,98306696.00
2024-01-12,10.63,10.97,9.83,10.25,8110343,84892368.00
2024-01-15,10.25,10.26,9.33,9.45,4881739,47816000.00
2024-01-16,9.82,10.21,9.40,10.09,8025171,79177896.00
2024-01-17,9.97,10.19,9.56,9.56,6529481,64735828.00
2024-01-18,9.42,9.88,9.08,9.80,6564704,63268496.00
2024-01-19,9.70,10.33,9.70,10.10,7044687,71438120.00
2024-01-22,9.90,10.54,9.60,10.15,7649933,77028208.00
2024-01-23,10.11,10.48,9.88,10.30,6135233,62738220.00
2024-01-24,10.22,10.44,9.63,10.01,5688253,56776244.00
2024-01-25,9.92,10.00,9.40,9.64,5763447,55884216.00
2024-01-26,9.60,9.93,9.33,9.33,4583740,44045016.00
2024-01-29,9.43,9.50,8.07,8.24,4269664,37075080.00
2024-01-30,8.26,8.79,8.06,8.50,4485259,37637056.00
2024-01-31,8.30,9.10,8.30,8.61,5590938,49476072.00
2024-02-01,8.31,8.69,8.13,8.18,4021536,33714040.00
2024-02-02,8.26,8.45,7.18,7.48,4423895,34064408.00
2024-02-05,7.48,7.48,6.55,6.82,3425041,23948534.00
2024-02-06,6.86,7.49,6.55,7.42,4189324,30405666.00
2024-02-07,7.48,7.90,7.25,7.47,5016496,38387000.00
2024-02-08,7.30,7.71,6.80,7.50,4168788,30381018.00
2024-02-19,7.50,7.85,7.48,7.74,3233250,24803700.00
2024-02-20,7.80,8.12,7.73,8.03,4026304,32139784.00
2024-02-21,7.98,9.47,7.91,8.55,8223041,71731792.00
2024-02-22,8.25,8.75,8.13,8.57,4891297,41161880.00
2024-02-23,8.59,8.87,8.49,8.72,5063813,44044480.00
2024-02-26,8.65,8.90,8.29,8.38,4384386,37332704.00
2024-02-27,8.48,8.88,8.29,8.81,6060967,52332640.00
2024-02-28,8.94,9.80,8.67,8.69,9226332,85038568.00
2024-02-29,8.82,9.64,8.50,9.47,10217853,93994648.00
2024-03-01,9.25,9.50,9.11,9.24,6989723,64777448.00
2024-03-04,9.35,9.40,8.70,8.88,4900896,44128536.00
2024-03-05,8.70,8.78,8.30,8.43,4046667,34371344.00
2024-03-06,8.50,8.72,8.43,8.57,3164135,27087758.00
2024-03-07,8.62,8.68,8.10,8.12,2659073,22237698.00
2024-03-08,8.23,8.40,8.08,8.18,1681431,13831172.00
2024-03-11,8.48,10.36,8.48,10.00,15719730,148901728.00
2024-03-12,9.52,9.62,9.21,9.30,10699539,100439912.00
2024-03-13,9.26,9.50,8.94,9.26,5435678,49865328.00
2024-03-14,9.29,9.56,8.95,9.13,5253766,48819112.00
2024-03-15,9.20,9.51,8.95,9.39,5772961,53651544.00
2024-03-18,9.68,10.29,9.49,9.61,7644727,75456624.00
2024-03-19,9.35,9.80,9.16,9.46,5395665,50934524.00
2024-03-20,9.50,9.75,9.41,9.50,4032733,38489388.00
2024-03-21,9.54,9.54,9.10,9.20,3648936,33724012.00
2024-03-22,9.14,9.37,9.03,9.04,3032376,27735084.00
2024-03-25,8.92,9.11,8.65,8.68,2390527,21215680.00
2024-03-26,8.79,9.15,8.70,9.11,3962603,35570432.00
2024-03-27,9.14,9.30,8.66,8.68,3916965,35552508.00
2024-03-28,8.60,8.90,8.52,8.74,2437366,21326120.00
2024-03-29,8.87,8.98,8.72,8.79,2608606,23147390.00
2024-04-01,8.86,9.19,8.81,8.99,2719886,24637098.00
2024-04-02,8.96,9.50,8.80,9.24,5199246,47768560.00
2024-04-03,9.25,9.47,9.05,9.07,4247688,39452868.00
2024-04-08,9.13,9.30,8.41,8.52,3624151,31968306.00
2024-04-09,8.52,8.97,8.50,8.82,2852338,25169918.00
2024-04-10,8.90,9.36,8.55,8.99,5085427,45918364.00
2024-04-11,8.82,8.97,8.58,8.64,2790976,24254794.00
2024-04-12,8.59,8.72,8.43,8.45,2059223,17668428.00
2024-04-15,8.39,8.59,7.50,8.05,2603672,21153966.00
2024-04-16,7.96,8.12,6.92,7.12,3767395,27571998.00
2024-04-17,7.30,7.54,7.29,7.44,2512363,18658540.00
2024-04-18,7.46,7.64,7.33,7.47,2319861,17419670.00
2024-04-19,7.41,7.46,7.14,7.18,2365553,17112888.00
2024-04-22,7.20,7.42,7.00,7.27,1650968,12011908.00
2024-04-23,7.39,7.54,7.30,7.48,1944356,14437895.00
2024-04-24,7.47,7.57,7.36,7.42,1818889,13512990.00
2024-04-25,7.48,7.58,7.25,7.36,1557366,11597263.00
2024-04-26,7.30,7.49,7.28,7.35,1713018,12655771.00
2024-04-29,7.64,7.90,7.64,7.70,2868773,22206942.00
2024-04-30,7.55,7.70,7.48,7.55,2021225,15280792.00
2024-05-06,7.77,7.96,7.72,7.73,1920543,15023839.00
2024-05-07,7.66,7.85,7.65,7.71,1404233,10803269.00
2024-05-08,7.76,7.83,7.58,7.65,1196642,9244001.00
2024-05-09,8.26,9.80,8.26,8.96,12633556,114372232.00
2024-05-10,8.38,8.45,8.10,8.11,9428266,77669128.00
2024-05-13,7.96,8.03,7.78,7.84,3393874,26714976.00
2024-05-14,7.90,8.04,7.80,7.85,2421429,19092692.00
2024-05-15,7.86,7.88,7.65,7.68,1857823,14386695.00
2024-05-16,7.76,7.79,7.61,7.62,1972497,15116014.00
2024-05-17,7.62,7.75,7.58,7.75,1273656,9790640.00
2024-05-20,7.75,7.94,7.71,7.80,1659428,12961922.00
2024-05-21,7.74,7.89,7.73,7.80,1011103,7885208.50
2024-05-22,7.75,8.05,7.70,7.96,2732858,21623528.00
2024-05-23,7.84,8.34,7.72,8.04,5042854,40667560.00
2024-05-24,7.97,8.18,7.89,7.94,2541640,20406006.00
2024-05-27,7.84,8.05,7.84,7.95,1222908,9694152.00
2024-05-28,7.98,8.04,7.84,7.91,1145681,9105925.00
2024-05-29,7.96,8.18,7.95,8.08,2437880,19672630.00
2024-05-30,8.11,8.24,7.85,7.96,1865045,15017778.00
2024-05-31,7.90,7.97,7.72,7.79,1551508,12106228.00
2024-06-03,7.79,7.79,7.40,7.54,1621593,12251479.00
2024-06-04,7.49,7.57,7.43,7.52,689371,5177325.50
2024-06-05,7.48,7.50,6.90,7.01,2800694,19925556.00
2024-06-06,7.00,7.06,6.70,6.73,1759739,12052853.00
2024-06-07,7.04,7.05,6.71,6.77,908552,6190716.00
2024-06-11,6.87,6.87,6.67,6.83,688854,4694950.00
2024-06-12,6.83,6.95,6.80,6.93,832702,5738648.50
2024-06-13,6.99,7.01,6.81,6.82,858973,5916062.50
2024-06-14,6.90,6.99,6.86,6.91,584769,4048659.75
2024-06-17,6.98,7.24,6.84,7.13,1661016,11733624.00
2024-06-18,7.09,7.16,7.02,7.13,831489,5916990.50
2024-06-19,7.17,7.44,7.14,7.29,2224637,16278201.00
2024-06-20,7.30,7.30,7.01,7.01,1262361,8954273.00
2024-06-21,7.02,7.23,7.02,7.04,905098,6428823.50
2024-06-24,7.16,7.16,6.76,6.79,753824,5170956.00
2024-06-25,6.86,6.91,6.70,6.76,540224,3669357.75
2024-06-26,6.87,7.42,6.72,7.18,3814105,27534184.00
2024-06-27,7.00,7.14,6.90,6.93,2329466,16280843.00
2024-06-28,6.97,7.08,6.93,6.95,801478,5604937.50
2024-07-01,7.00,7.06,6.76,6.89,1311138,9015322.00
2024-07-02,6.89,7.10,6.89,6.95,815334,5707493.00
2024-07-03,6.98,7.09,6.82,6.99,867574,6061324.50
2024-07-04,6.94,7.09,6.84,6.89,1081129,7535987.00
2024-07-05,6.96,6.96,6.82,6.88,453693,3118635.25
2024-07-08,6.94,6.97,6.77,6.81,606329,4159000.75
2024-07-09,6.85,7.09,6.81,6.94,764243,5303703.50
2024-07-10,6.90,7.19,6.88,7.07,1475487,10469633.00
2024-07-11,7.04,7.45,7.04,7.25,1649543,11977260.00
2024-07-12,7.25,7.25,7.07,7.14,1350875,9631777.00
2024-07-15,7.16,7.18,6.97,6.98,862778,6068475.00
2024-07-16,7.05,7.40,6.98,7.34,3212902,23271438.00
2024-07-17,7.34,7.91,7.31,7.84,6581510,50948484.00
2024-07-18,7.66,7.80,7.38,7.48,3418699,25706874.00
2024-07-19,7.43,7.66,7.31,7.45,2453458,18383690.00
2024-07-22,7.39,7.42,7.26,7.30,1352695,9911909.00
2024-07-23,7.32,7.38,7.16,7.17,1125459,8174066.50
2024-07-24,7.24,7.24,6.97,7.03,855828,6062729.50
2024-07-25,7.00,7.27,6.91,7.20,1316822,9431758.00
2024-07-26,7.00,7.35,7.00,7.24,1163532,8447134.00
2024-07-29,7.31,7.34,7.12,7.20,793514,5700406.00
2024-07-30,7.28,7.28,7.11,7.18,844116,6053448.50
2024-07-31,7.18,7.34,7.18,7.34,1450364,10550954.00
2024-08-01,7.30,7.36,7.21,7.24,1352668,9844313.00
2024-08-02,7.21,7.26,7.04,7.06,990642,7043867.00
2024-08-05,7.02,7.13,6.84,6.86,1318166,9176392.00
2024-08-06,7.00,7.00,6.90,6.95,727987,5050462.00
2024-08-07,6.92,7.00,6.86,6.93,713138,4947030.50
2024-08-08,6.88,7.05,6.86,6.95,844039,5863802.50
2024-08-09,6.98,7.05,6.90,6.95,442896,3088568.00
2024-08-12,7.02,7.04,6.91,7.00,513927,3590354.50
2024-08-13,6.92,7.20,6.92,7.07,968086,6826002.50
2024-08-14,6.97,7.08,6.95,6.99,581432,4063025.00
2024-08-15,7.03,7.05,6.94,6.96,768192,5371138.00
2024-08-16,7.03,7.03,6.95,6.96,522767,3643670.50
2024-08-19,6.97,7.00,6.94,6.96,387047,2697065.00
2024-08-20,6.91,7.10,6.80,6.99,831322,5804518.50
2024-08-21,6.98,7.42,6.93,7.16,2655337,19210534.00
2024-08-22,7.09,7.34,7.00,7.15,2282097,16359363.00
2024-08-23,7.01,7.10,6.88,6.90,1798325,12531274.00
2024-08-26,6.94,7.50,6.85,7.26,3677466,26746404.00
2024-08-27,7.08,7.11,6.88,6.92,2266701,15832431.00
2024-08-28,6.89,6.98,6.88,6.95,661791,4585379.50
2024-08-29,6.89,7.18,6.89,7.07,1235019,8730490.00
2024-08-30,7.25,7.29,7.05,7.12,1522590,10921956.00
2024-09-02,7.16,7.24,7.00,7.04,1075634,7682087.50
2024-09-03,6.99,7.55,6.97,7.20,2881664,21045666.00
2024-09-04,7.14,7.75,7.10,7.36,5109126,38156824.00
2024-09-05,7.21,7.35,7.13,7.26,3070818,22129526.00
2024-09-06,7.18,7.23,7.06,7.10,1331859,9495714.00
2024-09-09,7.12,7.17,7.00,7.08,880586,6203411.50
2024-09-10,7.05,7.12,6.91,7.01,617869,4312985.00
2024-09-11,7.04,7.35,7.04,7.24,3367225,24440958.00
2024-09-12,7.15,7.24,7.01,7.02,2392345,16991308.00
2024-09-13,7.00,7.17,6.88,7.04,1815044,12723083.00
2024-09-18,7.10,7.10,6.90,6.94,896297,6229138.00
2024-09-19,7.02,7.05,6.91,7.00,775040,5414627.00
2024-09-20,6.97,7.04,6.96,6.98,693325,4849673.00
2024-09-23,6.94,7.02,6.93,6.94,591612,4123092.75
2024-09-24,6.97,7.15,6.94,7.11,1661060,11740321.00
2024-09-25,7.17,7.26,7.08,7.15,2193352,15683449.00
2024-09-26,7.16,7.20,7.04,7.18,1644191,11729294.00
2024-09-27,7.29,8.09,7.27,7.71,6568564,50462076.00
2024-09-30,8.01,9.49,7.83,9.17,8906791,76844600.00
2024-10-08,11.28,11.65,9.60,11.00,11153646,118670584.00
2024-10-09,10.40,10.40,8.85,8.88,6290405,61042060.00
2024-10-10,8.80,9.50,8.80,8.95,4602095,42018988.00
2024-10-11,8.96,9.10,7.90,8.05,4214113,35015260.00
2024-10-14,8.15,8.50,8.04,8.45,3272493,27134262.00
2024-10-15,8.35,8.71,8.14,8.39,4271494,36400564.00
2024-10-16,8.16,8.62,8.13,8.58,3590546,30409158.00
2024-10-17,8.73,9.40,8.57,8.83,6483403,57857296.00
2024-10-18,8.67,9.65,8.67,9.38,7332251,68019744.00
2024-10-21,9.56,10.55,9.50,10.39,10081608,101498640.00
2024-10-22,10.17,10.29,9.50,9.95,8123431,80205304.00
2024-10-23,10.08,11.75,9.80,10.51,12151060,130291008.00
2024-10-24,10.30,11.17,10.10,10.84,9863709,105139024.00
2024-10-25,11.00,14.09,10.92,14.09,26316220,348922400.00
2024-10-28,14.80,14.80,12.37,13.67,20896646,285441216.00
2024-10-29,13.40,13.80,12.78,13.23,12941596,170623504.00
2024-10-30,12.99,14.15,12.75,13.22,10178301,135959120.00
2024-10-31,13.10,13.45,12.13,12.40,9693145,123569944.00
2024-11-01,12.16,13.30,11.98,12.01,8899018,112923424.00
2024-11-04,11.50,12.49,11.50,12.41,5450890,66268524.00
2024-11-05,12.41,13.30,12.37,13.15,8633073,111808024.00
2024-11-06,13.40,16.90,13.30,14.58,16648272,251006816.00
2024-11-07,14.80,16.72,14.50,15.00,16066275,248548624.00
2024-11-08,15.35,17.90,15.23,15.83,14006156,227569488.00
2024-11-11,14.90,15.50,14.04,15.45,11268225,166288784.00
2024-11-12,15.55,17.50,15.18,16.11,12784858,207506736.00
2024-11-13,15.73,16.89,15.08,16.82,12720174,204769712.00
2024-11-14,17.08,18.88,16.88,17.21,16646386,296986368.00
2024-11-15,16.13,18.30,15.50,17.27,14871531,248910512.00
2024-11-18,17.28,17.77,15.18,15.26,11488645,188900816.00
2024-11-19,14.62,19.83,13.33,19.83,24108513,424015936.00
2024-11-20,18.50,25.77,18.20,25.77,27682418,600156288.00
2024-11-21,27.11,30.88,24.00,24.00,29442520,798132928.00
2024-11-22,22.88,26.99,22.22,23.50,21433782,526227776.00
2024-11-25,22.80,28.55,22.80,26.96,22429511,574736512.00
2024-11-26,25.00,25.51,22.37,22.41,16244526,391399488.00
2024-11-27,22.00,23.59,20.48,22.55,11341161,252606400.00
2024-11-28,22.55,24.50,22.00,22.36,11514136,268108864.00
2024-11-29,21.47,23.19,21.18,21.79,11099885,243811984.00
2024-12-02,21.44,22.48,20.68,21.86,10160713,218663344.00
2024-12-03,21.86,21.86,21.86,21.86,0,0.00
#数据来源:通达信
