873122 中纺标 日线 不复权
      日期	    开盘	    最高	    最低	    收盘	    成交量	    成交额
2021-04-13,10.00,10.00,10.00,10.00,3400,34000.00
2021-04-15,10.00,10.00,10.00,10.00,1600,16000.00
2021-10-28,10.00,10.00,10.00,10.00,100,1000.00
2021-11-08,10.01,10.01,10.01,10.01,100,1001.00
2021-11-18,15.00,15.00,15.00,15.00,100,1500.00
2021-12-21,10.07,10.07,10.07,10.07,100,1007.00
2022-01-06,17.98,17.98,17.98,17.98,100,1798.00
2022-01-14,18.10,18.10,18.10,18.10,100,1810.00
2022-02-07,18.10,18.10,18.10,18.10,100,1810.00
2022-02-10,18.10,18.10,18.10,18.10,200,3620.00
2022-02-11,18.10,18.10,18.10,18.10,300,5430.00
2022-02-18,20.01,20.27,20.01,20.27,200,4028.00
2022-02-22,25.01,25.01,25.01,25.01,100,2501.00
2022-02-24,28.00,28.00,28.00,28.00,300,8400.00
2022-02-28,30.00,30.00,30.00,30.00,100,3000.00
2022-03-09,20.00,20.00,20.00,20.00,100,2000.00
2022-09-27,11.00,20.10,10.92,14.90,6985538,93072504.00
2022-09-28,13.00,14.80,12.21,14.12,5183205,69674744.00
2022-09-29,14.55,18.22,14.12,16.46,4660727,74349760.00
2022-09-30,15.50,15.80,13.16,13.39,3747960,54102756.00
2022-10-10,13.17,13.59,11.33,11.61,3026087,36200444.00
2022-10-11,11.58,12.70,11.01,11.89,2035512,24072894.00
2022-10-12,11.70,12.78,11.53,12.20,1988935,24393526.00
2022-10-13,12.04,12.16,11.55,11.55,1505810,17745246.00
2022-10-14,11.62,11.67,11.34,11.39,1251384,14274579.00
2022-10-17,11.42,11.72,11.38,11.53,1112148,12790156.00
2022-10-18,11.60,13.32,11.39,13.02,3088191,38243392.00
2022-10-19,12.69,12.72,12.12,12.45,1675773,20801700.00
2022-10-20,12.38,14.32,12.33,13.97,3320627,45058444.00
2022-10-21,13.90,15.30,13.11,14.35,3282171,47149340.00
2022-10-24,13.60,14.68,13.38,13.38,1619143,22255050.00
2022-10-25,13.00,13.49,12.73,12.85,1060216,13833812.00
2022-10-26,12.81,13.48,12.80,12.85,1034173,13516841.00
2022-10-27,12.91,12.98,12.00,12.05,1500086,18520552.00
2022-10-28,11.91,12.12,11.20,11.51,1157551,13403377.00
2022-10-31,11.42,12.15,11.22,11.70,1053848,12274904.00
2022-11-01,11.60,11.73,11.28,11.72,1094604,12540953.00
2022-11-02,11.70,11.88,11.50,11.76,795672,9278244.00
2022-11-03,11.70,12.12,11.40,11.84,595883,7057125.50
2022-11-04,11.84,11.97,11.71,11.91,714314,8472178.00
2022-11-07,11.77,12.14,11.77,12.04,904224,10857400.00
2022-11-08,12.14,12.72,12.14,12.55,1137861,14178713.00
2022-11-09,12.43,12.49,12.00,12.01,1043703,12663127.00
2022-11-10,12.09,12.16,11.59,11.90,697621,8250070.00
2022-11-11,11.95,12.02,11.67,11.74,554754,6557803.00
2022-11-14,11.78,11.78,11.40,11.55,619437,7154221.00
2022-11-15,11.57,11.63,11.39,11.63,465031,5344893.50
2022-11-16,11.56,11.78,11.53,11.66,535249,6238081.00
2022-11-17,11.88,11.88,11.50,11.63,353656,4098829.75
2022-11-18,11.53,11.67,11.38,11.49,623351,7168584.00
2022-11-21,11.78,11.79,11.52,11.60,483826,5619855.50
2022-11-22,11.60,11.60,11.30,11.40,612779,6986871.50
2022-11-23,11.44,14.19,11.35,13.82,4392569,56203764.00
2022-11-24,13.00,13.78,12.76,12.77,2733344,35703440.00
2022-11-25,12.60,14.70,12.56,13.89,3037662,42169344.00
2022-11-28,13.40,14.82,13.00,13.61,2719665,37871188.00
2022-11-29,13.55,13.91,13.01,13.07,1881852,24934348.00
2022-11-30,12.80,13.18,12.74,12.85,1115063,14366642.00
2022-12-01,12.94,13.19,12.71,12.73,847928,10925870.00
2022-12-02,12.73,12.80,12.34,12.50,895992,11269436.00
2022-12-05,12.85,14.50,12.58,13.87,2485700,33523316.00
2022-12-06,13.69,14.65,13.31,13.83,1970581,27603910.00
2022-12-07,13.45,14.12,13.36,13.68,1359581,18512470.00
2022-12-08,13.52,14.50,13.52,14.00,1813224,25647096.00
2022-12-09,13.60,13.99,13.45,13.79,1377842,18857434.00
2022-12-12,13.79,13.79,13.06,13.13,1101534,14615933.00
2022-12-13,13.40,13.40,13.05,13.07,504409,6629253.00
2022-12-14,13.01,13.36,12.64,12.87,608577,7840311.00
2022-12-15,12.78,12.78,12.50,12.51,539729,6796046.50
2022-12-16,12.34,12.67,12.34,12.54,315432,3947478.50
2022-12-19,12.57,12.59,12.02,12.05,273045,3334687.50
2022-12-20,11.85,12.15,11.80,12.01,247720,2962764.50
2022-12-21,12.01,12.01,11.68,11.79,263259,3094611.25
2022-12-22,11.71,11.91,11.55,11.62,265623,3104577.50
2022-12-23,11.63,11.63,11.48,11.50,213106,2459360.25
2022-12-26,11.68,11.96,11.53,11.96,456899,5345653.50
2022-12-27,11.46,11.89,11.46,11.63,322446,3774394.75
2022-12-28,12.10,12.10,11.42,11.62,355715,4131053.25
2022-12-29,11.46,11.66,11.30,11.30,228706,2626784.25
2022-12-30,11.37,11.56,11.22,11.30,231941,2637173.50
2023-01-03,11.32,11.32,10.61,11.04,403050,4396573.00
2023-01-04,10.83,10.96,10.83,10.85,325391,3532108.75
2023-01-05,10.88,12.30,10.86,11.67,724034,8407048.00
2023-01-06,11.19,11.89,11.19,11.51,179078,2061641.00
2023-01-09,11.70,11.70,11.36,11.47,197211,2272448.50
2023-01-10,11.38,11.56,11.38,11.41,140079,1602736.88
2023-01-11,11.52,11.52,11.31,11.40,101227,1156459.25
2023-01-12,11.39,12.07,11.36,11.63,590759,6976387.50
2023-01-13,11.55,11.79,11.45,11.54,161706,1862146.50
2023-01-16,11.50,11.83,11.50,11.62,227597,2661780.50
2023-01-17,12.00,12.00,11.61,11.64,143489,1677421.63
2023-01-18,11.59,11.64,11.38,11.62,275012,3178362.75
2023-01-19,11.68,11.68,11.45,11.49,160946,1856764.88
2023-01-20,11.50,11.74,11.50,11.62,181498,2106581.75
2023-01-30,11.53,11.80,11.52,11.75,306439,3579853.50
2023-01-31,11.63,12.75,11.63,12.40,1203081,14823342.00
2023-02-01,12.55,12.55,12.21,12.39,612641,7560056.50
2023-02-02,12.41,12.41,12.05,12.08,428836,5217632.50
2023-02-03,12.03,12.33,12.03,12.20,213380,2604667.75
2023-02-06,12.15,12.93,12.01,12.40,1094818,13781753.00
2023-02-07,12.40,13.50,12.40,12.92,1177338,15307878.00
2023-02-08,12.48,13.62,12.44,12.95,1350165,17541948.00
2023-02-09,12.90,13.28,12.56,12.94,601294,7755306.00
2023-02-10,12.88,12.94,12.48,12.51,413456,5218034.00
2023-02-13,12.68,12.69,12.39,12.57,336783,4226077.00
2023-02-14,12.50,12.57,12.20,12.26,457611,5631280.00
2023-02-15,12.39,12.39,12.16,12.19,216742,2644648.75
2023-02-16,12.32,12.55,12.13,12.20,509263,6287414.50
2023-02-17,12.12,12.36,12.01,12.07,412487,4991128.00
2023-02-20,12.00,12.18,11.92,12.17,213589,2583883.75
2023-02-21,12.07,12.23,12.07,12.23,269913,3288245.25
2023-02-22,12.37,12.37,12.11,12.18,259599,3153965.75
2023-02-23,12.19,12.26,11.81,11.95,288468,3457598.50
2023-02-24,11.94,12.00,11.67,11.78,351517,4140061.00
2023-02-27,11.70,11.80,11.65,11.73,122547,1435317.63
2023-02-28,11.80,11.80,11.54,11.69,173865,2029427.25
2023-03-01,11.68,11.76,11.55,11.73,197724,2299588.50
2023-03-02,11.78,12.20,11.75,12.02,505301,6076889.00
2023-03-03,12.15,12.87,11.88,12.66,1374563,17406956.00
2023-03-06,12.65,12.97,12.23,12.39,912424,11381171.00
2023-03-07,12.23,13.19,12.23,12.64,1235857,15780510.00
2023-03-08,12.37,12.60,12.21,12.33,659585,8151022.50
2023-03-09,12.40,12.40,12.20,12.27,283264,3472239.50
2023-03-10,12.22,12.38,11.84,11.97,486786,5855877.50
2023-03-13,11.73,12.09,11.73,11.94,176306,2091880.88
2023-03-14,11.97,12.03,11.70,11.80,356114,4225981.00
2023-03-15,11.81,12.00,11.75,11.87,214498,2544013.75
2023-03-16,11.90,12.05,11.76,11.87,232166,2752989.75
2023-03-17,11.98,12.05,11.82,11.97,96508,1150872.00
2023-03-20,11.74,12.04,11.74,11.93,107562,1280918.63
2023-03-21,11.97,12.03,11.84,12.02,143528,1710598.88
2023-03-22,11.31,12.20,11.31,11.90,170523,1996344.63
2023-03-23,11.73,11.89,11.73,11.85,146429,1728246.25
2023-03-24,11.76,12.04,11.58,11.96,296745,3546808.00
2023-03-27,11.82,12.03,11.82,11.86,109356,1296675.38
2023-03-28,11.98,11.98,11.76,11.90,101711,1207077.75
2023-03-29,11.99,11.99,11.77,11.80,108433,1283463.25
2023-03-30,11.85,11.85,11.40,11.78,349801,4040470.00
2023-03-31,11.75,11.75,11.54,11.67,149811,1743894.25
2023-04-03,11.61,11.66,11.44,11.55,188753,2169402.75
2023-04-04,11.50,11.50,11.30,11.36,250133,2839016.75
2023-04-06,11.36,11.68,11.20,11.32,125427,1419822.25
2023-04-07,11.52,11.52,11.30,11.34,73586,834306.44
2023-04-10,11.43,11.43,11.20,11.34,255798,2884551.50
2023-04-11,11.50,11.50,11.00,11.15,277875,3090930.00
2023-04-12,11.14,11.20,11.01,11.12,193871,2148007.25
2023-04-13,11.16,11.16,10.91,10.92,120268,1320942.50
2023-04-14,11.07,11.15,10.78,11.11,256524,2806963.00
2023-04-17,11.16,11.20,10.97,11.18,86629,964394.69
2023-04-18,11.21,11.33,11.10,11.24,93290,1046937.25
2023-04-19,11.24,11.29,11.12,11.21,42608,477998.44
2023-04-20,11.27,11.27,10.89,11.03,79756,872338.19
2023-04-21,11.02,11.02,10.76,10.87,255755,2764398.00
2023-04-24,10.92,10.92,10.68,10.83,80989,874887.25
2023-04-25,10.86,10.86,10.30,10.57,196475,2067630.00
2023-04-26,10.62,10.62,10.38,10.56,29177,307853.50
2023-04-27,10.60,10.60,10.03,10.30,340677,3490513.50
2023-04-28,10.07,10.28,10.07,10.23,155527,1580930.63
2023-05-04,10.17,10.29,10.10,10.24,75853,773258.88
2023-05-05,10.40,10.67,10.18,10.56,236893,2477359.50
2023-05-08,10.72,13.72,10.71,13.72,3708701,47353644.00
2023-05-09,14.84,17.83,13.81,14.39,5836601,88502560.00
2023-05-10,13.53,13.55,11.66,12.65,3734624,46923888.00
2023-05-11,12.20,12.78,11.67,12.78,2244046,27209476.00
2023-05-12,12.20,14.66,11.82,13.70,3393447,45521788.00
2023-05-15,13.00,13.88,12.52,13.68,1916263,25217748.00
2023-05-16,13.38,13.55,12.68,12.72,1431016,18709574.00
2023-05-17,12.72,12.97,12.20,12.30,1275659,15849758.00
2023-05-18,12.27,12.78,12.01,12.50,1085840,13471494.00
2023-05-19,12.46,12.48,12.14,12.27,940481,11569772.00
2023-05-22,12.05,12.38,12.05,12.21,473764,5772164.50
2023-05-23,12.12,13.33,12.12,12.88,1307153,16784124.00
2023-05-24,12.85,13.49,12.56,12.72,1007969,13076825.00
2023-05-25,13.28,13.28,12.60,12.85,646498,8286366.00
2023-05-26,12.89,12.89,12.31,12.51,571866,7185584.50
2023-05-29,12.51,12.93,12.18,12.81,672296,8395895.00
2023-05-30,12.75,13.71,12.61,13.25,945259,12549715.00
2023-05-31,12.60,13.00,12.30,12.77,942310,11905144.00
2023-06-01,12.41,12.93,12.41,12.77,374118,4736357.50
2023-06-02,12.80,12.89,12.52,12.60,280658,3550233.75
2023-06-05,12.47,12.72,12.40,12.51,279977,3492895.50
2023-06-06,12.35,12.60,11.75,12.04,446000,5478665.00
2023-06-07,12.00,12.18,11.94,12.05,241344,2900846.75
2023-06-08,12.10,12.60,11.88,12.50,546861,6740932.00
2023-06-09,12.38,12.48,12.03,12.11,326381,3967375.50
2023-06-12,12.14,12.16,11.90,12.08,134549,1616340.75
2023-06-13,12.00,12.14,11.91,12.03,94504,1132334.13
2023-06-14,11.92,12.16,11.87,11.99,117323,1406998.00
2023-06-15,12.18,12.18,11.91,12.09,157501,1889989.00
2023-06-16,12.27,14.99,12.20,13.07,1554544,20907716.00
2023-06-19,12.20,12.90,12.10,12.53,993496,12257260.00
2023-06-20,12.30,12.48,12.29,12.34,319258,3944423.25
2023-06-21,12.34,12.99,12.34,12.70,776083,9860414.00
2023-06-26,12.67,12.98,12.34,12.51,612645,7780031.00
2023-06-27,12.48,12.73,12.02,12.48,557499,6905843.50
2023-06-28,12.22,12.47,12.15,12.30,245147,3015150.25
2023-06-29,12.20,12.67,12.19,12.47,508739,6362052.50
2023-06-30,12.59,12.78,12.41,12.54,366302,4611050.00
2023-07-03,12.60,12.78,12.47,12.59,277293,3495682.75
2023-07-04,12.42,12.62,12.42,12.49,245475,3071873.75
2023-07-05,12.60,12.60,12.20,12.34,349871,4323947.50
2023-07-06,12.32,12.34,12.16,12.27,202160,2473814.50
2023-07-07,12.32,12.32,12.13,12.14,208474,2545812.75
2023-07-10,12.16,12.25,12.05,12.11,206657,2503342.00
2023-07-11,12.22,12.23,12.11,12.18,116751,1418123.00
2023-07-12,12.10,12.23,11.90,11.93,277197,3333546.75
2023-07-13,11.83,12.17,11.83,12.07,133159,1603843.13
2023-07-14,12.01,12.17,11.88,11.92,385558,4614308.00
2023-07-17,11.92,11.97,11.83,11.86,80695,958403.31
2023-07-18,11.82,11.93,11.70,11.81,89415,1054948.13
2023-07-19,11.78,11.85,11.63,11.63,125518,1473816.00
2023-07-20,11.64,11.75,11.31,11.50,122622,1417156.25
2023-07-21,11.36,11.58,11.25,11.35,122397,1393577.50
2023-07-24,11.28,11.51,11.22,11.37,88786,1006634.94
2023-07-25,11.50,11.87,11.43,11.77,255773,3001771.00
2023-07-26,11.90,12.53,11.65,12.22,796170,9723168.00
2023-07-27,12.16,12.17,11.83,11.95,339911,4061014.75
2023-07-28,11.80,12.05,11.80,11.97,189048,2252808.00
2023-07-31,12.19,12.20,11.90,11.92,204180,2459328.50
2023-08-01,11.97,11.97,11.50,11.54,191877,2236792.25
2023-08-02,11.55,11.65,11.38,11.38,186465,2132881.75
2023-08-03,11.38,11.44,11.29,11.35,134332,1523676.75
2023-08-04,11.66,11.67,11.32,11.45,72097,825529.81
2023-08-07,11.45,11.53,11.37,11.39,53182,607737.69
2023-08-08,11.33,11.42,11.32,11.41,76590,869822.00
2023-08-09,11.37,11.44,11.33,11.43,40918,465832.47
2023-08-10,11.43,11.62,11.43,11.58,159206,1836881.63
2023-08-11,11.50,11.70,11.23,11.33,116926,1326974.50
2023-08-14,11.31,11.31,11.10,11.13,101115,1128816.13
2023-08-15,11.14,11.20,11.06,11.11,85342,949284.81
2023-08-16,11.17,11.17,11.07,11.07,60261,668921.38
2023-08-17,11.07,11.12,11.07,11.10,84492,937303.88
2023-08-18,11.25,11.25,10.80,10.82,167912,1847413.13
2023-08-21,11.02,11.02,10.84,10.98,78260,856058.25
2023-08-22,10.82,11.33,10.81,10.98,41125,450964.50
2023-08-23,11.11,11.14,10.83,10.99,46874,514115.53
2023-08-24,10.90,11.01,10.89,11.00,35064,383424.03
2023-08-25,11.05,11.05,10.31,10.51,174493,1855872.25
2023-08-28,11.10,11.30,10.53,10.67,112239,1222965.75
2023-08-29,10.64,10.98,10.60,10.98,272233,2919044.75
2023-08-30,10.78,10.96,10.75,10.81,87438,944797.88
2023-08-31,10.91,10.91,10.68,10.70,78929,845062.69
2023-09-01,10.77,11.46,10.77,11.04,229643,2538476.50
2023-09-04,11.23,11.71,11.23,11.48,423129,4872233.50
2023-09-05,11.30,11.45,11.18,11.25,139617,1574878.38
2023-09-06,11.19,11.19,11.01,11.15,74360,823746.63
2023-09-07,11.15,11.18,10.73,10.74,95995,1049342.25
2023-09-08,10.77,10.87,10.62,10.85,81542,880819.88
2023-09-11,10.86,10.95,10.81,10.86,44486,483331.38
2023-09-12,11.23,11.23,10.74,11.00,89196,980815.25
2023-09-13,10.91,11.06,10.79,10.84,60043,652377.19
2023-09-14,11.00,11.10,10.77,10.80,49352,534279.00
2023-09-15,10.83,11.02,10.83,10.85,77553,845032.81
2023-09-18,10.88,11.04,10.85,10.90,29251,318680.59
2023-09-19,10.89,10.97,10.82,10.93,83413,906820.06
2023-09-20,11.00,11.00,10.77,10.90,19126,207768.52
2023-09-21,10.79,10.86,10.61,10.80,57127,610795.88
2023-09-22,10.79,10.83,10.63,10.83,87298,933995.50
2023-09-25,10.83,10.91,10.77,10.78,63588,686406.25
2023-09-26,10.82,10.84,10.77,10.81,41401,446944.44
2023-09-27,11.29,11.29,10.77,10.88,103881,1126800.88
2023-09-28,10.87,10.89,10.75,10.85,38089,412204.09
2023-10-09,10.80,10.90,10.71,10.83,59066,635553.44
2023-10-10,11.50,11.50,10.38,10.88,74682,817082.69
2023-10-11,10.60,10.88,10.60,10.86,19288,208857.36
2023-10-12,10.90,10.90,10.78,10.90,39979,433130.16
2023-10-13,10.76,10.91,10.75,10.89,21439,231608.28
2023-10-16,10.89,10.89,10.66,10.78,35964,386987.13
2023-10-17,10.77,10.83,10.60,10.80,26648,285481.03
2023-10-18,10.68,10.79,10.53,10.61,51824,548671.69
2023-10-19,10.60,10.60,10.20,10.32,100507,1048778.88
2023-10-20,10.30,10.31,9.80,9.80,229820,2296213.25
2023-10-23,9.93,9.93,9.30,9.33,137567,1304330.50
2023-10-24,9.39,9.53,9.39,9.48,85092,807031.44
2023-10-25,9.53,9.77,9.50,9.67,95482,912843.75
2023-10-26,9.62,9.66,9.48,9.63,18914,180449.52
2023-10-27,9.74,9.85,9.56,9.84,81375,790563.94
2023-10-30,9.89,10.17,9.79,9.99,90409,895481.69
2023-10-31,9.90,10.15,9.85,10.10,147140,1471262.38
2023-11-01,10.15,10.49,10.00,10.17,64944,653527.00
2023-11-02,10.17,10.17,9.90,10.05,99465,993174.13
2023-11-03,10.05,10.25,9.90,10.15,137895,1385723.63
2023-11-06,10.45,10.45,9.72,10.29,308313,3141836.25
2023-11-07,9.90,10.31,9.85,10.18,52318,530444.31
2023-11-08,10.29,10.29,10.04,10.24,73218,745945.88
2023-11-09,10.25,10.29,10.13,10.19,137488,1398220.75
2023-11-10,9.92,10.19,9.92,10.19,43531,440374.63
2023-11-13,10.40,10.40,10.16,10.28,65230,669329.38
2023-11-14,10.29,10.29,10.03,10.15,88008,892451.94
2023-11-15,10.44,10.89,10.21,10.58,273941,2877772.75
2023-11-16,10.33,10.48,10.15,10.35,109889,1130754.38
2023-11-17,10.35,10.44,10.18,10.22,65167,666513.63
2023-11-20,10.39,10.69,10.21,10.53,262794,2739095.25
2023-11-21,10.68,11.53,10.65,10.89,984296,10949928.00
2023-11-22,10.90,12.50,10.78,12.26,2386955,28299788.00
2023-11-23,12.05,12.95,11.66,11.88,2080456,25387242.00
2023-11-24,12.70,13.42,12.01,13.03,3521795,44688180.00
2023-11-27,13.90,16.93,13.13,16.93,5285298,76925224.00
2023-11-28,15.58,17.99,15.00,15.75,4210685,69333104.00
2023-11-29,15.20,16.33,13.18,13.26,3027531,44157380.00
2023-11-30,13.20,13.60,12.37,12.52,2019433,25782192.00
2023-12-01,12.51,15.89,12.07,14.15,3856573,53467352.00
2023-12-04,13.50,18.39,13.46,18.39,6481558,110004928.00
2023-12-05,19.77,23.90,19.30,23.90,4509325,98037640.00
2023-12-06,30.49,31.07,28.20,31.07,8211576,251915568.00
2023-12-07,32.50,39.74,29.01,29.25,8724156,295742304.00
2023-12-08,29.00,34.73,27.27,31.20,7651456,234363264.00
2023-12-11,32.44,35.53,30.08,34.80,7251959,239111408.00
2023-12-12,33.69,37.50,31.88,35.60,7068962,243390800.00
2023-12-13,34.97,44.00,33.62,40.37,8690933,333349248.00
2023-12-14,38.00,41.40,35.88,36.13,7581614,293070912.00
2023-12-15,35.50,36.28,32.62,34.35,4563935,155193728.00
2023-12-18,33.50,35.18,33.43,35.18,3471962,118999920.00
2023-12-19,35.19,37.50,34.58,35.65,4806307,173078080.00
2023-12-20,34.00,35.40,33.40,34.38,3540374,120991360.00
2023-12-21,34.24,34.24,24.50,27.36,4530180,136839648.00
2023-12-22,26.99,29.20,26.10,28.00,2765759,77335072.00
2023-12-25,27.60,28.99,27.60,28.44,2348147,66455696.00
2023-12-26,28.57,31.80,28.02,31.73,5269096,159767472.00
2023-12-27,31.00,31.47,29.20,30.03,3044626,91777168.00
2023-12-28,30.29,31.58,29.18,29.18,2689421,81381920.00
2023-12-29,28.40,29.80,28.20,29.21,2472944,71534000.00
2024-01-02,29.14,29.74,28.63,29.68,2408840,70437856.00
2024-01-03,29.50,31.39,28.66,30.78,3563613,107519048.00
2024-01-04,30.68,30.97,29.51,29.62,2080765,62623704.00
2024-01-05,29.79,30.99,28.52,29.85,2768098,81999520.00
2024-01-08,30.46,35.22,30.00,33.82,6143699,202421344.00
2024-01-09,32.95,32.95,28.80,29.38,4048115,125119464.00
2024-01-10,28.00,29.13,26.00,27.67,2725209,75471232.00
2024-01-11,27.10,27.54,26.50,27.49,1974254,53239860.00
2024-01-12,27.47,27.66,23.70,23.70,2475345,63215508.00
2024-01-15,22.28,25.05,22.28,23.52,1637778,39522104.00
2024-01-16,23.36,30.57,23.35,30.57,6551710,187195744.00
2024-01-17,30.57,35.53,30.08,31.30,7607889,249911104.00
2024-01-18,29.20,34.90,28.10,31.02,6237579,198476944.00
2024-01-19,29.88,30.98,29.09,29.47,4184785,125112888.00
2024-01-22,28.03,30.40,27.95,29.14,3124350,91242416.00
2024-01-23,28.50,32.33,28.01,30.35,4608867,139168496.00
2024-01-24,29.89,39.45,29.51,39.40,9408485,336189120.00
2024-01-25,37.00,51.22,36.08,51.22,9067514,395239328.00
2024-01-26,57.18,60.94,47.78,52.20,9907371,541635968.00
2024-01-29,49.00,60.60,47.51,55.00,8506539,474329952.00
2024-01-30,52.00,60.50,51.68,57.35,6695704,377527584.00
2024-01-31,58.69,60.72,53.00,53.53,5378667,308577760.00
2024-02-01,51.92,51.92,44.44,46.52,6286057,299011520.00
2024-02-02,47.05,55.10,47.05,50.30,7307482,371936352.00
2024-02-05,50.44,53.50,45.89,46.35,5278801,262845440.00
2024-02-06,45.00,47.98,42.80,46.30,5141205,235579488.00
2024-02-07,46.30,46.63,38.91,39.10,5549416,236888976.00
2024-02-08,39.10,43.50,38.88,39.34,4649908,190956112.00
2024-02-19,39.34,51.00,37.00,50.48,6642786,287658592.00
2024-02-20,48.00,59.99,47.50,51.80,7028202,365507488.00
2024-02-21,51.00,57.36,49.30,51.70,5735596,301675712.00
2024-02-22,50.20,56.36,49.70,53.00,5596452,297118880.00
2024-02-23,53.00,53.90,48.91,49.10,4699272,241274448.00
2024-02-26,47.94,54.10,46.50,53.20,5367967,268703904.00
2024-02-27,51.56,57.56,50.97,53.13,6255306,337099744.00
2024-02-28,53.00,64.80,52.40,63.30,8401288,482733088.00
2024-02-29,61.00,68.68,60.14,61.00,7138296,454945888.00
2024-03-01,61.00,63.89,57.30,59.30,5211786,316159296.00
2024-03-04,57.67,62.30,57.67,59.64,4182937,250792384.00
2024-03-05,59.80,60.44,55.99,57.12,4051125,236394608.00
2024-03-06,56.61,59.45,55.20,55.87,3317095,190054656.00
2024-03-07,56.00,57.00,52.72,53.50,3492447,191786160.00
2024-03-08,53.00,54.80,49.80,50.57,3115726,160750768.00
2024-03-11,50.36,57.98,50.30,57.11,4993500,274722208.00
2024-03-12,57.00,59.59,55.21,56.63,3639062,208406272.00
2024-03-13,55.88,56.85,53.80,53.96,3036435,166836544.00
2024-03-14,54.00,61.60,54.00,58.74,5384155,311445024.00
2024-03-15,58.75,59.90,56.60,57.24,3695397,214109408.00
2024-03-18,55.90,57.88,55.90,56.31,2732194,154335232.00
2024-03-19,57.65,58.54,55.71,56.93,3440271,196694464.00
2024-03-20,56.70,56.87,54.78,55.10,2489006,137874016.00
2024-03-21,55.00,56.54,53.33,54.31,2689944,148121088.00
2024-03-22,54.10,56.30,51.67,52.35,3220925,173816688.00
2024-03-25,51.50,53.29,49.00,49.25,2136933,107956232.00
2024-03-26,49.50,54.23,45.00,53.00,4156254,211040128.00
2024-03-27,52.01,55.10,50.99,51.10,3345327,177744304.00
2024-03-28,50.01,51.48,48.58,49.43,2625780,130776696.00
2024-03-29,49.30,51.88,48.50,49.80,2498744,125635440.00
2024-04-01,48.52,49.98,48.22,48.28,1986906,96977264.00
2024-04-02,48.20,50.21,46.93,48.83,2881148,140884704.00
2024-04-03,48.20,49.28,46.56,46.56,1938259,91979856.00
2024-04-08,46.00,46.88,42.71,43.01,2222686,98213552.00
2024-04-09,43.00,44.30,40.39,43.30,2474243,105019248.00
2024-04-10,42.12,51.50,41.00,47.45,4788640,225545776.00
2024-04-11,46.49,48.00,44.63,44.99,3466470,160100752.00
2024-04-12,44.60,45.65,42.50,42.80,2215556,97696280.00
2024-04-15,43.50,54.00,43.50,53.00,6668611,332841088.00
2024-04-16,51.41,57.90,50.94,57.00,7404393,411886240.00
2024-04-17,54.15,59.80,52.00,55.99,5617728,312555232.00
2024-04-18,56.90,59.59,54.70,56.40,5060940,287680160.00
2024-04-19,54.94,56.99,51.89,52.38,4312150,234558704.00
2024-04-22,52.38,54.45,51.00,52.50,3213260,169549760.00
2024-04-23,52.89,52.89,49.17,49.20,2934184,148694496.00
2024-04-24,49.29,49.93,47.50,48.31,2278935,110223312.00
2024-04-25,47.69,49.85,47.61,48.30,2219442,108322672.00
2024-04-26,48.48,48.88,47.50,47.86,1848046,88734968.00
2024-04-29,47.50,48.99,46.88,47.57,1868383,89454936.00
2024-04-30,47.00,51.88,46.99,49.32,3823285,192094832.00
2024-05-06,50.00,50.00,47.50,48.67,2017821,97910416.00
2024-05-07,48.70,49.90,48.06,49.00,1700418,83084392.00
2024-05-08,49.38,50.49,48.77,49.54,2307342,114629944.00
2024-05-09,49.49,49.49,47.20,47.56,1879780,89805416.00
2024-05-10,47.69,48.00,45.18,45.65,1560470,72487040.00
2024-05-13,45.50,47.51,45.15,46.16,1378127,63936364.00
2024-05-14,46.10,46.16,44.06,44.20,1404341,62850572.00
2024-05-15,44.44,45.95,44.06,44.69,1029358,46113968.00
2024-05-16,44.20,45.89,43.00,44.71,1631919,72346192.00
2024-05-17,44.15,45.18,43.44,43.53,1103595,48623468.00
2024-05-20,44.20,44.33,42.93,42.98,953128,41343528.00
2024-05-21,42.42,45.99,42.42,44.53,1974371,88508056.00
2024-05-22,44.60,44.98,43.58,43.66,1258387,55226572.00
2024-05-23,43.53,50.08,43.13,47.50,3969875,186895024.00
2024-05-24,46.56,47.14,43.81,43.94,2557808,115616232.00
2024-05-27,43.88,44.50,42.98,43.23,1276759,55315968.00
2024-05-28,42.80,45.59,42.80,43.63,1661044,73422632.00
2024-05-29,43.47,43.99,42.80,43.38,1163762,50294924.00
2024-05-30,43.00,43.79,42.46,42.61,1003709,43062044.00
2024-05-31,42.50,43.18,42.06,42.30,882114,37513064.00
2024-06-03,42.83,43.75,42.20,43.11,1297376,55871772.00
2024-06-04,47.00,47.50,44.27,44.48,2633963,121048608.00
2024-06-05,43.15,43.98,42.23,42.33,1791212,76461208.00
2024-06-06,41.00,41.80,39.01,39.30,1394138,56132740.00
2024-06-07,39.65,40.28,39.10,39.16,983982,38906288.00
2024-06-11,38.99,39.68,38.66,39.16,681675,26589436.00
2024-06-12,39.02,39.49,39.00,39.28,742410,29097188.00
2024-06-13,39.62,41.00,39.52,39.55,1321021,53085380.00
2024-06-14,39.56,40.18,39.22,39.55,832861,32994022.00
2024-06-17,39.32,39.88,38.01,38.12,1209259,46529464.00
2024-06-18,38.13,40.00,37.28,39.05,1793847,69513008.00
2024-06-19,38.93,40.79,38.50,39.40,1793985,71350320.00
2024-06-20,39.20,39.20,37.01,37.13,1330128,50432052.00
2024-06-21,37.50,38.50,37.32,37.38,972713,36887836.00
2024-06-24,38.69,38.69,36.50,36.88,947637,35698720.00
2024-06-25,36.18,37.53,35.00,35.10,1250872,45026460.00
2024-06-26,35.10,35.67,34.20,35.37,988672,34568704.00
2024-06-27,34.98,40.88,34.98,37.74,3021266,114927800.00
2024-06-28,36.22,39.00,36.22,36.98,2000886,74454400.00
2024-07-01,36.53,37.30,35.82,36.30,1284571,46871488.00
2024-07-02,37.00,37.00,35.90,36.00,850903,30873144.00
2024-07-03,35.77,36.12,35.01,35.09,695925,24543784.00
2024-07-04,35.09,36.48,34.61,34.90,714257,25336342.00
2024-07-05,35.00,36.00,34.53,35.26,863271,30536598.00
2024-07-08,35.67,36.18,34.82,35.16,849872,30038098.00
2024-07-09,34.40,35.51,33.51,35.37,1209377,41805604.00
2024-07-10,35.30,35.48,34.50,34.70,654299,22911544.00
2024-07-11,34.75,35.50,34.57,35.00,905361,31791094.00
2024-07-12,35.17,35.49,34.87,34.92,718892,25290600.00
2024-07-15,34.93,35.23,33.68,33.85,792106,27140072.00
2024-07-16,33.70,36.18,33.03,35.14,1905615,66222036.00
2024-07-17,34.67,45.68,34.59,45.68,6709706,275487584.00
2024-07-18,45.00,51.03,41.21,44.00,6267629,287329920.00
2024-07-19,42.67,44.60,40.00,40.06,3595414,150076352.00
2024-07-22,39.11,41.00,38.60,39.20,1720244,68341744.00
2024-07-23,39.10,41.89,38.33,40.46,2883949,115953480.00
2024-07-24,40.10,41.00,37.10,37.97,1946539,76543240.00
2024-07-25,37.59,39.99,37.55,37.98,1682087,64894284.00
2024-07-26,38.66,38.90,37.38,38.03,1435554,54672308.00
2024-07-29,37.40,38.36,36.36,36.64,1639101,60791256.00
2024-07-30,36.77,38.67,36.50,37.45,1647722,62058608.00
2024-07-31,37.47,38.54,36.60,37.88,1593863,59818664.00
2024-08-01,38.20,38.43,37.38,37.63,974159,36789056.00
2024-08-02,37.63,38.89,37.31,37.48,1299616,49531828.00
2024-08-05,36.42,37.50,35.35,35.35,1355750,49287452.00
2024-08-06,35.44,36.89,35.44,35.81,1025884,36964980.00
2024-08-07,35.70,36.46,35.00,35.13,877595,31080392.00
2024-08-08,35.14,36.80,34.50,36.13,1524185,54842160.00
2024-08-09,36.00,36.70,35.43,35.69,1120025,40327496.00
2024-08-12,35.63,35.97,34.68,35.00,826166,29125468.00
2024-08-13,35.33,35.33,34.50,34.99,586865,20409326.00
2024-08-14,35.00,35.79,34.80,35.47,714594,25183608.00
2024-08-15,35.50,35.75,34.50,34.74,993631,34777028.00
2024-08-16,34.70,35.17,33.65,33.80,1146942,39229936.00
2024-08-19,34.00,34.57,33.19,33.80,925587,31259246.00
2024-08-20,33.80,41.50,33.60,35.86,3596123,134041968.00
2024-08-21,35.40,35.92,34.02,34.04,1646714,56688220.00
2024-08-22,34.45,34.45,33.40,33.77,907533,30611358.00
2024-08-23,33.90,35.10,33.50,33.90,1059691,36251276.00
2024-08-26,33.36,34.98,33.36,33.89,776567,26453660.00
2024-08-27,34.18,34.50,33.51,33.83,668513,22670620.00
2024-08-28,34.20,35.86,33.83,34.50,1393324,48619224.00
2024-08-29,34.40,34.60,33.58,33.85,1127912,38340964.00
2024-08-30,34.30,34.98,33.90,34.47,1276734,44055212.00
2024-09-02,34.43,35.50,34.01,34.99,997925,34703920.00
2024-09-03,36.08,36.50,34.85,35.55,1331910,47489452.00
2024-09-04,34.52,35.24,34.32,34.51,829094,28732914.00
2024-09-05,34.71,34.87,34.22,34.37,624384,21507356.00
2024-09-06,34.46,35.80,34.02,34.82,1238610,43318524.00
2024-09-09,35.51,38.80,35.51,36.90,3180604,118248496.00
2024-09-10,37.43,37.63,35.00,35.62,1959748,69910328.00
2024-09-11,35.27,35.99,34.86,35.88,1338301,47334128.00
2024-09-12,35.65,37.85,35.58,36.39,1774432,65138576.00
2024-09-13,36.23,44.20,36.00,38.88,4346178,170187856.00
2024-09-18,37.30,41.01,37.10,39.03,3074390,119246888.00
2024-09-19,37.96,39.88,37.68,38.68,2057786,80226176.00
2024-09-20,38.68,38.95,37.05,37.08,1788235,67377384.00
2024-09-23,37.12,37.15,36.37,36.60,1104952,40567136.00
2024-09-24,36.90,38.81,36.40,38.23,2336224,88417144.00
2024-09-25,37.77,41.47,37.51,38.61,2698278,106557360.00
2024-09-26,37.53,39.46,37.53,39.06,2086817,80613344.00
2024-09-27,40.74,46.20,39.59,42.70,4214114,178552944.00
2024-09-30,44.90,53.98,44.50,52.35,4852225,236932960.00
2024-10-08,65.07,67.00,55.25,65.00,4697711,290250720.00
2024-10-09,55.00,62.27,45.96,48.95,3436789,190576336.00
2024-10-10,50.00,63.63,48.00,63.63,7656980,458806720.00
2024-10-11,57.55,62.84,51.58,54.31,6123835,350529312.00
2024-10-14,50.92,58.00,50.90,56.85,4288875,241105040.00
2024-10-15,53.31,61.20,53.00,55.64,4966360,281946304.00
2024-10-16,53.90,57.00,53.00,54.02,3076033,167852432.00
2024-10-17,53.38,59.90,53.38,55.15,4707219,263644784.00
2024-10-18,54.79,59.51,53.80,58.00,4721702,270355968.00
2024-10-21,59.98,70.00,57.78,65.32,5580038,354549568.00
2024-10-22,63.00,65.07,57.95,59.11,4142115,254144736.00
2024-10-23,58.00,64.83,58.00,61.57,4373112,271759712.00
2024-10-24,60.06,63.64,58.91,60.10,3124656,190886608.00
2024-10-25,60.00,62.88,56.66,56.99,3823632,230647728.00
2024-10-28,56.90,60.50,56.00,57.88,2850449,165637936.00
2024-10-29,57.90,64.00,57.21,60.10,4256795,256016608.00
2024-10-30,58.00,61.00,56.51,57.43,2835783,165195440.00
2024-10-31,56.65,58.58,53.33,54.28,3004745,166281696.00
2024-11-01,54.00,65.97,52.00,57.65,5505413,328892096.00
2024-11-04,54.00,56.83,53.00,56.37,3079009,169415776.00
2024-11-05,56.00,60.30,55.83,59.76,3569069,207748560.00
2024-11-06,59.80,61.01,58.03,60.02,3706225,221872224.00
2024-11-07,58.94,65.99,58.94,62.20,4436218,276304736.00
2024-11-08,62.21,65.68,60.88,61.54,3548592,223118016.00
2024-11-11,59.80,61.98,58.21,59.88,2203935,131019352.00
2024-11-12,60.16,60.99,57.85,58.60,1799469,106866024.00
2024-11-13,58.00,69.89,57.27,60.99,5215739,331870976.00
2024-11-14,57.80,63.50,57.80,59.38,3342853,200882688.00
2024-11-15,59.80,65.00,58.21,62.58,3844853,236108464.00
2024-11-18,64.80,80.99,63.00,71.20,6799781,494067360.00
2024-11-19,66.50,67.93,61.20,66.50,4836857,313030624.00
2024-11-20,65.90,68.98,64.00,67.84,3690060,243972496.00
2024-11-21,66.96,68.49,65.18,66.48,3146852,210134192.00
2024-11-22,67.91,69.99,64.05,64.55,3235443,217679008.00
2024-11-25,61.44,64.50,60.99,62.43,2076345,129452816.00
2024-11-26,62.02,63.79,61.61,63.39,1763402,110943576.00
2024-11-27,63.99,68.00,62.65,66.74,3222698,212300528.00
2024-11-28,66.12,67.20,64.65,64.85,2590194,170431200.00
2024-11-29,63.10,67.17,63.00,65.02,2085744,136006688.00
2024-12-02,64.27,66.36,64.04,65.83,2038428,132969744.00
2024-12-03,65.83,65.83,65.83,65.83,0,0.00
#数据来源:通达信
