873570 坤博精工 日线 不复权
      日期	    开盘	    最高	    最低	    收盘	    成交量	    成交额
2023-11-23,68.00,87.99,65.00,67.10,7395003,544038336.00
2023-11-24,62.10,67.88,56.00,60.00,4872412,302129792.00
2023-11-27,61.33,71.20,58.88,66.41,4830692,312321728.00
2023-11-28,63.00,73.00,60.90,66.70,4165897,274544672.00
2023-11-29,66.30,66.30,57.03,58.22,2527308,157200272.00
2023-11-30,57.01,60.97,52.20,52.89,2084969,118695560.00
2023-12-01,52.89,53.94,44.54,44.78,2252938,107583128.00
2023-12-04,44.50,47.58,44.50,46.62,1263814,58709816.00
2023-12-05,45.90,50.00,45.18,49.00,1884732,91014384.00
2023-12-06,48.35,48.88,45.45,45.68,1476161,68855688.00
2023-12-07,45.57,48.00,45.57,47.34,1220528,57462948.00
2023-12-08,47.96,51.99,47.36,49.26,1543790,77198568.00
2023-12-11,49.26,50.88,46.31,46.54,1160393,55128344.00
2023-12-12,46.01,47.60,46.01,47.32,838054,39332312.00
2023-12-13,48.44,50.31,47.66,49.50,1625668,79817696.00
2023-12-14,48.65,64.11,48.64,61.52,3708604,206621648.00
2023-12-15,61.00,62.90,55.80,57.46,2185853,128935296.00
2023-12-18,55.87,61.00,55.87,58.30,1665724,97931664.00
2023-12-19,58.38,58.98,53.68,54.49,1574702,87583280.00
2023-12-20,53.80,57.13,53.80,55.70,1207020,67732312.00
2023-12-21,55.00,58.80,49.88,50.26,1898925,103723664.00
2023-12-22,48.98,50.49,47.70,49.82,1111187,54733704.00
2023-12-25,50.00,52.30,50.00,52.23,1170829,60231364.00
2023-12-26,52.00,55.66,51.34,54.48,1508626,80456824.00
2023-12-27,52.78,56.96,52.78,56.96,1587560,87045672.00
2023-12-28,56.59,67.19,55.60,57.20,2608215,157251264.00
2023-12-29,57.67,59.82,55.85,58.99,1637072,95671368.00
2024-01-02,59.55,62.92,58.33,60.10,1468555,89115896.00
2024-01-03,59.79,60.80,57.02,58.89,976292,57361060.00
2024-01-04,59.20,64.99,57.55,63.30,2401905,149371648.00
2024-01-05,65.45,65.87,58.98,59.01,1763729,109038112.00
2024-01-08,58.35,59.42,55.51,55.97,981118,56146252.00
2024-01-09,56.55,62.80,56.44,59.24,1468791,87226384.00
2024-01-10,58.58,58.58,53.80,57.97,1017097,57868660.00
2024-01-11,57.05,57.92,54.96,56.77,797434,44929520.00
2024-01-12,55.20,56.77,48.68,48.80,1248351,65516104.00
2024-01-15,48.59,48.74,45.21,45.48,870217,40773452.00
2024-01-16,45.74,48.82,43.50,48.55,1158040,54289840.00
2024-01-17,48.70,49.90,47.21,47.30,729824,35431684.00
2024-01-18,47.27,49.00,46.00,48.78,696798,33380316.00
2024-01-19,49.50,50.96,49.00,50.01,870695,43570424.00
2024-01-22,49.93,51.30,47.23,48.02,724618,35792168.00
2024-01-23,48.02,50.31,47.80,48.18,496283,24153870.00
2024-01-24,48.88,48.88,45.67,46.63,725786,33848364.00
2024-01-25,46.78,48.00,45.00,46.15,712479,33021458.00
2024-01-26,46.15,47.58,44.80,44.90,662543,30504512.00
2024-01-29,45.59,45.59,40.80,40.83,726690,31040550.00
2024-01-30,41.02,41.98,39.10,39.40,449450,18242800.00
2024-01-31,38.90,40.20,38.68,39.60,606472,23884966.00
2024-02-01,39.29,39.50,36.00,36.50,547699,20957330.00
2024-02-02,37.20,37.42,31.50,32.39,812620,27656780.00
2024-02-05,31.72,34.90,27.72,32.87,979940,30596374.00
2024-02-06,32.26,42.73,31.51,42.73,2748272,110433600.00
2024-02-07,44.95,46.97,40.20,40.90,2680320,117935168.00
2024-02-08,39.00,39.89,33.91,38.89,1521168,57111460.00
2024-02-19,38.15,40.87,37.12,39.74,1082536,42229552.00
2024-02-20,39.19,40.49,38.30,40.49,1092214,43378128.00
2024-02-21,39.86,43.70,39.00,40.59,1301582,54243036.00
2024-02-22,39.80,41.50,39.71,40.60,799617,32385720.00
2024-02-23,40.59,41.19,39.52,40.19,713828,28871938.00
2024-02-26,42.90,52.24,42.90,52.24,2644561,131787160.00
2024-02-27,58.00,67.91,54.00,67.91,3553482,214603344.00
2024-02-28,80.00,88.28,62.19,63.33,5894031,453836448.00
2024-02-29,60.00,72.22,58.10,70.31,4602473,289865376.00
2024-03-01,68.00,69.75,64.00,64.84,2987030,199203184.00
2024-03-04,62.21,63.99,59.15,59.80,2189019,133918568.00
2024-03-05,59.02,67.29,59.02,61.83,3130716,200978864.00
2024-03-06,62.00,70.01,61.87,68.70,3266368,218451360.00
2024-03-07,69.20,71.00,63.02,63.12,2445613,161544480.00
2024-03-08,64.00,64.76,60.00,61.01,1692027,103923208.00
2024-03-11,61.55,62.98,59.85,61.31,1225504,75222576.00
2024-03-12,61.60,62.22,59.21,60.01,1225991,73868416.00
2024-03-13,60.18,60.18,56.80,57.26,1307076,75546008.00
2024-03-14,58.38,60.58,57.31,59.57,1623887,96352456.00
2024-03-15,58.50,65.30,57.09,62.80,2515652,156706192.00
2024-03-18,61.00,62.48,60.63,61.70,1389648,85285600.00
2024-03-19,60.85,63.86,60.33,60.40,1334114,82512480.00
2024-03-20,59.81,60.42,58.41,58.73,1046814,61816536.00
2024-03-21,58.86,59.03,55.72,55.99,1225731,69249352.00
2024-03-22,55.60,56.86,54.50,54.68,731603,40516136.00
2024-03-25,54.48,58.19,54.01,57.30,1389947,78451456.00
2024-03-26,56.41,57.38,55.01,55.38,760026,42630264.00
2024-03-27,55.09,58.80,54.08,54.11,1043937,59417724.00
2024-03-28,52.25,54.50,52.25,53.32,928649,49699464.00
2024-03-29,53.10,54.39,51.01,52.19,736650,38957888.00
2024-04-01,52.85,52.85,51.28,52.16,463066,24068120.00
2024-04-02,52.74,54.55,51.30,53.35,885628,47031708.00
2024-04-03,53.35,55.96,53.35,54.88,930037,50837324.00
2024-04-08,55.80,55.80,51.03,51.10,737975,39028580.00
2024-04-09,50.22,51.80,49.28,49.92,568619,28366340.00
2024-04-10,50.18,55.88,50.10,53.53,1471251,78743968.00
2024-04-11,52.56,52.56,50.51,50.74,856636,43898180.00
2024-04-12,51.36,51.36,48.01,48.22,699469,34532068.00
2024-04-15,48.67,49.60,46.00,46.63,545067,25776970.00
2024-04-16,47.28,47.36,43.07,43.34,584728,25746048.00
2024-04-17,43.55,48.78,43.55,46.53,731555,33982776.00
2024-04-18,46.00,47.88,45.65,45.83,573396,26810962.00
2024-04-19,45.51,48.40,45.02,46.87,551614,25847676.00
2024-04-22,46.97,48.18,46.10,47.85,365584,17217144.00
2024-04-23,48.68,54.36,47.50,51.64,1174465,59666772.00
2024-04-24,51.99,52.98,50.73,52.28,767742,39926596.00
2024-04-25,51.51,52.50,50.35,50.81,566826,28914106.00
2024-04-26,50.80,52.97,50.12,52.59,658476,34251300.00
2024-04-29,53.80,57.50,53.03,56.29,943738,53024612.00
2024-04-30,50.00,52.00,48.51,49.00,1376099,68489760.00
2024-05-06,48.95,49.38,47.34,47.60,797748,38179820.00
2024-05-07,48.00,48.00,46.25,47.81,693943,32817334.00
2024-05-08,47.82,47.92,46.40,46.52,439668,20569214.00
2024-05-09,46.02,46.91,46.02,46.66,287363,13398594.00
2024-05-10,47.29,47.29,45.83,45.93,279096,12947083.00
2024-05-13,45.70,46.00,45.21,45.27,210420,9570973.00
2024-05-14,45.37,46.90,45.37,45.91,333169,15430439.00
2024-05-15,46.10,46.10,44.58,44.60,356621,16109477.00
2024-05-16,44.65,44.98,43.56,43.62,345008,15175657.00
2024-05-17,43.88,44.27,43.15,44.17,157462,6911132.50
2024-05-20,44.25,45.00,44.25,44.67,255431,11425350.00
2024-05-21,44.60,44.60,43.15,43.28,215737,9405595.00
2024-05-22,43.46,43.60,43.10,43.22,237974,10302191.00
2024-05-23,43.33,48.46,43.22,45.88,1323568,61435532.00
2024-05-24,45.30,46.87,44.59,45.20,535103,24272052.00
2024-05-27,44.99,45.98,44.04,44.45,352854,15769503.00
2024-05-28,44.16,45.42,44.16,44.47,294082,13180844.00
2024-05-29,44.88,46.50,44.87,45.77,553671,25341282.00
2024-05-30,47.50,47.50,45.21,45.25,479533,22140536.00
2024-05-31,44.60,45.70,43.93,45.00,375921,16859804.00
2024-06-03,45.59,45.59,43.80,44.26,285678,12648851.00
2024-06-04,44.22,44.22,43.12,43.43,300492,13061162.00
2024-06-05,43.40,43.50,39.95,40.46,710267,29122476.00
2024-06-06,40.50,40.97,37.65,38.40,563136,21866020.00
2024-06-07,38.80,39.02,37.50,38.77,370529,14230172.00
2024-06-11,38.55,38.69,37.80,38.69,300360,11484020.00
2024-06-12,38.50,40.50,38.33,39.40,402781,16018406.00
2024-06-13,39.20,40.00,39.01,39.55,319373,12586502.00
2024-06-14,40.00,40.09,39.32,39.57,227656,9029618.00
2024-06-17,39.25,39.25,37.51,37.60,339113,12901695.00
2024-06-18,37.57,37.86,37.16,37.32,263318,9882291.00
2024-06-19,36.88,38.90,36.88,38.10,402499,15351147.00
2024-06-20,37.61,37.66,35.18,35.34,759296,27386494.00
2024-06-21,35.32,36.79,35.10,35.74,416530,14999315.00
2024-06-24,35.50,35.72,32.82,33.05,684756,22999478.00
2024-06-25,33.50,35.40,33.36,33.91,716371,24464856.00
2024-06-26,33.85,34.14,32.71,34.12,577032,19161158.00
2024-06-27,34.00,34.90,33.60,34.12,450298,15475634.00
2024-06-28,34.07,34.93,34.07,34.93,412990,14264674.00
2024-07-01,35.09,36.57,35.02,36.23,614767,22048660.00
2024-07-02,35.75,36.39,35.55,35.88,368402,13223354.00
2024-07-03,25.60,25.60,24.00,24.00,439590,10758940.00
2024-07-04,24.10,24.72,23.09,23.29,490483,11765355.00
2024-07-05,23.27,23.43,22.58,22.93,350337,8011982.50
2024-07-08,22.80,22.80,21.48,21.53,495708,10840806.00
2024-07-09,21.53,22.38,20.80,22.15,567341,12260612.00
2024-07-10,22.13,22.41,21.64,21.75,375434,8265358.50
2024-07-11,22.30,23.63,21.88,22.86,834826,19197956.00
2024-07-12,22.68,23.29,22.40,22.60,487099,11056338.00
2024-07-15,22.76,22.76,21.51,21.76,413443,9061781.00
2024-07-16,21.80,23.50,21.25,23.20,853047,19209686.00
2024-07-17,23.52,27.90,23.50,26.68,2640791,69373472.00
2024-07-18,26.60,29.50,25.14,27.20,2609561,70422856.00
2024-07-19,27.19,28.59,25.88,26.00,1795953,48814464.00
2024-07-22,25.56,25.66,24.50,24.60,1116471,27840688.00
2024-07-23,24.86,25.92,24.60,24.64,1020037,25689448.00
2024-07-24,24.76,24.98,23.02,23.45,837134,19931074.00
2024-07-25,23.13,27.30,23.03,25.10,1759334,44480140.00
2024-07-26,25.39,26.50,24.38,25.76,1331314,33741440.00
2024-07-29,26.13,26.13,24.71,24.89,934112,23538694.00
2024-07-30,24.64,25.75,24.64,24.80,586538,14712416.00
2024-07-31,24.79,25.49,24.62,25.35,865474,21774060.00
2024-08-01,25.65,27.00,25.25,26.66,1794086,47400876.00
2024-08-02,26.30,26.53,25.13,25.39,1058481,27203400.00
2024-08-05,25.48,25.76,24.00,24.15,734357,18116544.00
2024-08-06,24.65,25.25,24.01,24.40,563125,13789521.00
2024-08-07,24.25,24.83,24.06,24.08,396109,9659092.00
2024-08-08,24.08,24.16,23.17,23.69,538702,12706007.00
2024-08-09,24.00,24.28,23.22,23.56,401600,9494495.00
2024-08-12,23.72,23.99,22.52,22.61,423450,9723161.00
2024-08-13,22.21,23.20,22.21,23.20,272858,6221778.50
2024-08-14,23.06,23.20,22.70,22.75,235195,5382073.50
2024-08-15,22.57,23.41,22.52,22.78,344438,7880629.00
2024-08-16,22.45,23.26,22.45,22.93,330939,7559479.00
2024-08-19,23.05,23.05,21.70,22.08,502714,11166273.00
2024-08-20,21.62,23.08,21.62,22.34,459708,10382218.00
2024-08-21,22.10,22.65,21.50,22.09,557685,12240625.00
2024-08-22,22.09,22.41,21.13,21.23,515102,11147161.00
2024-08-23,21.45,21.45,20.45,20.60,411455,8533525.00
2024-08-26,20.80,21.22,20.52,20.55,269109,5600956.00
2024-08-27,20.42,20.51,19.58,19.89,369351,7324771.50
2024-08-28,19.80,21.18,19.54,20.30,565288,11564355.00
2024-08-29,19.71,20.29,19.00,19.99,537391,10598141.00
2024-08-30,20.10,20.98,19.90,20.29,678924,13760158.00
2024-09-02,20.20,20.29,19.42,19.57,493901,9815494.00
2024-09-03,19.38,19.98,19.38,19.68,250532,4926710.00
2024-09-04,19.39,19.56,19.01,19.12,378763,7280740.00
2024-09-05,18.88,19.37,18.88,19.22,253035,4851732.50
2024-09-06,19.18,19.36,19.06,19.10,288719,5540262.00
2024-09-09,19.00,19.19,18.67,18.82,222042,4199799.00
2024-09-10,18.91,18.97,18.31,18.73,180348,3370492.00
2024-09-11,18.63,18.98,18.60,18.88,172097,3229547.00
2024-09-12,19.08,19.29,18.43,18.45,218927,4138096.75
2024-09-13,18.41,19.30,17.93,19.17,799868,14973784.00
2024-09-18,18.98,20.87,18.70,20.87,1169589,23323176.00
2024-09-19,20.80,20.80,20.00,20.44,947163,19316488.00
2024-09-20,20.44,20.45,19.50,19.77,572145,11417609.00
2024-09-23,19.95,19.98,19.19,19.20,323983,6335043.00
2024-09-24,19.48,19.82,18.90,19.76,483374,9432811.00
2024-09-25,20.16,20.92,19.90,20.07,747517,15231114.00
2024-09-26,19.90,20.68,19.88,20.45,726024,14758333.00
2024-09-27,20.99,23.71,20.59,23.16,1825488,40639248.00
2024-09-30,24.61,29.55,24.50,29.06,3000383,80990896.00
2024-10-08,37.46,37.51,32.73,37.20,4123581,145524800.00
2024-10-09,33.90,35.40,29.63,29.63,3060154,100352024.00
2024-10-10,29.63,32.00,28.90,29.18,1841557,55558964.00
2024-10-11,28.75,28.80,24.61,25.74,1679585,44675008.00
2024-10-14,25.69,27.39,25.66,26.87,1224657,32466054.00
2024-10-15,26.47,27.82,26.00,26.00,1575944,42413816.00
2024-10-16,25.60,26.52,25.11,26.06,967660,25154200.00
2024-10-17,26.48,29.00,26.30,27.57,2787252,77440296.00
2024-10-18,29.50,35.84,29.50,35.84,4234731,142806544.00
2024-10-21,46.20,46.59,42.60,46.59,6339621,288228384.00
2024-10-22,46.00,46.00,35.55,39.00,6379508,266260960.00
2024-10-23,38.20,50.30,38.08,43.00,5622914,251352784.00
2024-10-24,41.00,46.50,39.02,43.23,5015527,219405600.00
2024-10-25,42.60,47.70,40.89,41.14,5560036,244188240.00
2024-10-28,39.95,40.59,37.68,39.47,3424986,133441984.00
2024-10-29,40.99,43.22,38.32,41.66,3797059,153990880.00
2024-10-30,40.10,43.33,38.72,41.07,2609480,107040320.00
2024-10-31,42.98,43.12,38.00,38.40,2847538,112794816.00
2024-11-01,37.32,38.00,33.53,33.80,2331372,83328880.00
2024-11-04,33.75,37.00,33.75,36.36,1854901,66765560.00
2024-11-05,35.90,41.90,35.60,40.86,3353871,131154368.00
2024-11-06,40.97,44.57,40.87,42.00,4169002,177324416.00
2024-11-07,41.60,44.10,39.22,42.68,2743348,116817192.00
2024-11-08,44.17,46.90,41.62,42.01,2579565,112880880.00
2024-11-11,42.41,45.57,42.27,45.07,3021288,134398528.00
2024-11-12,44.22,44.50,40.51,41.37,2480295,105570952.00
2024-11-13,40.61,42.59,39.50,42.48,1787239,73487536.00
2024-11-14,42.06,43.84,41.25,42.12,1856391,79194800.00
2024-11-15,41.47,51.00,41.08,49.78,4678114,213613680.00
2024-11-18,49.50,49.50,41.64,43.14,3845988,175123936.00
2024-11-19,41.89,42.78,37.50,41.18,2829282,113343296.00
2024-11-20,41.18,43.25,39.67,43.14,2746324,115095304.00
2024-11-21,43.62,45.00,42.00,43.43,3125667,136128880.00
2024-11-22,42.98,43.00,39.53,39.65,2467210,102220120.00
2024-11-25,39.07,41.60,37.50,40.49,1654092,65157060.00
2024-11-26,41.70,42.87,38.12,38.18,1778305,73146968.00
2024-11-27,37.50,39.58,35.22,39.08,1538846,57248720.00
2024-11-28,39.49,40.45,38.50,39.00,1347248,53124328.00
2024-11-29,38.97,41.96,37.50,41.45,2080148,83508664.00
2024-12-02,40.99,44.50,40.66,43.12,2265508,96830640.00
2024-12-03,43.12,43.12,43.12,43.12,0,0.00
#数据来源:通达信
