873593 鼎智科技 日线 不复权
      日期	    开盘	    最高	    最低	    收盘	    成交量	    成交额
2022-02-18,30.27,30.27,30.27,30.27,100,3027.00
2022-02-21,60.54,60.54,60.54,60.54,904200,25501674.00
2022-02-22,32.00,39.00,32.00,39.00,700,23800.00
2022-02-23,42.00,42.00,42.00,42.00,210500,5943000.00
2022-02-24,37.22,37.22,37.22,37.22,5500,204710.00
2022-02-25,44.04,51.02,44.04,48.20,1027300,29018172.00
2022-02-28,42.25,42.25,42.25,42.25,0,507.00
2022-03-01,47.47,47.47,42.00,42.00,4100,184748.20
2022-03-02,42.00,42.00,42.00,42.00,100,4200.00
2022-03-03,38.00,38.00,38.00,38.00,100,3801.00
2022-03-04,40.00,42.00,40.00,40.13,210900,5956902.00
2022-03-07,40.13,40.13,40.13,40.13,213600,6022223.00
2022-03-21,39.90,39.90,39.90,39.90,200,7980.00
2022-03-31,36.99,36.99,36.99,36.99,100,3699.00
2022-04-15,35.99,35.99,35.99,35.99,100,3599.00
2022-05-05,41.01,41.01,41.01,41.01,300,12303.00
2022-05-06,41.00,41.00,41.00,41.00,400,16400.00
2022-05-10,41.00,41.00,41.00,41.00,800,32800.00
2022-05-11,41.92,41.92,41.92,41.92,100,4192.00
2022-05-26,44.00,44.88,44.00,44.88,200,8888.00
2022-06-07,40.99,43.00,40.99,43.00,600,25182.00
2022-06-08,42.02,42.02,42.02,42.02,200,8404.00
2022-06-10,42.02,42.02,42.02,42.02,200,8361.98
2022-06-13,42.03,50.00,42.03,50.00,1200,54731.03
2022-06-15,54.55,54.55,54.55,54.55,200,10910.00
2022-06-16,55.00,55.00,55.00,55.00,100,5500.00
2022-06-22,55.01,55.01,55.01,55.01,100,5501.00
2022-06-28,55.55,55.55,55.55,55.55,100,5555.00
2022-07-01,56.77,110.98,56.77,110.98,1300,83889.00
2022-07-08,127.77,127.77,127.77,127.77,100,12777.00
2022-07-13,177.97,177.97,177.97,177.97,100,17797.00
2022-07-14,176.96,176.96,176.96,176.96,100,23712.64
2022-07-15,220.77,220.77,199.96,199.96,200,42073.00
2023-04-13,30.93,46.50,30.65,37.69,7838949,281059648.00
2023-04-14,37.08,41.35,35.61,41.00,3553219,136752528.00
2023-04-17,41.80,51.49,41.40,50.22,2926954,137097952.00
2023-04-18,47.60,49.50,45.00,46.30,1881338,88089720.00
2023-04-19,47.54,50.90,44.03,47.02,1717123,80602544.00
2023-04-20,47.50,49.15,44.51,45.00,1454130,67828872.00
2023-04-21,45.00,53.80,43.83,53.80,2292585,112992168.00
2023-04-24,55.91,64.29,55.80,57.00,3358312,198543472.00
2023-04-25,62.90,63.90,53.68,54.89,2298594,133460536.00
2023-04-26,54.00,62.40,54.00,58.79,2169208,126189056.00
2023-04-27,56.56,59.00,54.58,55.60,1565152,88125928.00
2023-04-28,56.32,66.30,56.00,64.00,2609425,162093584.00
2023-05-04,66.00,75.00,63.22,75.00,3228212,224289744.00
2023-05-05,75.73,82.43,67.80,70.00,3924773,298779520.00
2023-05-08,69.00,73.98,65.11,68.20,2695937,184708944.00
2023-05-09,67.32,67.32,60.59,61.58,2374821,152591792.00
2023-05-10,62.58,65.35,60.32,61.83,1300716,82195992.00
2023-05-11,61.70,63.90,56.00,59.88,2021215,119027344.00
2023-05-12,59.88,63.68,57.18,60.93,1249438,75971368.00
2023-05-15,58.88,61.68,58.58,59.30,734514,43619656.00
2023-05-16,58.90,60.88,54.08,55.10,1642242,93393792.00
2023-05-17,54.50,64.60,53.80,64.05,1946668,115510080.00
2023-05-18,70.00,83.26,68.23,83.25,5628866,444809664.00
2023-05-19,83.25,93.87,78.80,78.80,5685047,489391392.00
2023-05-22,82.00,88.38,78.81,81.34,4333421,359513280.00
2023-05-23,80.70,83.99,74.34,75.80,3649553,286612480.00
2023-05-24,73.80,78.48,71.13,73.98,2693339,200807088.00
2023-05-25,72.27,76.60,70.74,72.72,2095979,153423792.00
2023-05-26,72.77,86.00,68.88,83.60,4019742,310497440.00
2023-05-29,81.00,91.87,79.50,88.45,3314236,279716096.00
2023-05-30,86.50,95.99,84.51,90.58,3183608,287928672.00
2023-05-31,89.95,107.08,87.00,101.20,3894283,379291808.00
2023-06-01,101.99,106.03,96.10,102.66,2675226,271296896.00
2023-06-02,102.97,102.97,90.05,90.46,3074638,296497632.00
2023-06-05,90.55,94.47,87.23,92.20,1653922,151710000.00
2023-06-06,90.90,100.23,89.90,98.34,2405855,231145056.00
2023-06-07,97.68,101.29,93.18,95.15,1776457,171790784.00
2023-06-08,94.21,94.50,86.20,86.39,2015383,180459856.00
2023-06-09,85.95,90.84,85.95,87.90,1189724,105734984.00
2023-06-12,88.56,95.48,87.18,93.54,1915847,177065296.00
2023-06-13,92.04,95.00,92.00,95.00,1296347,120928760.00
2023-06-14,94.85,100.00,91.64,91.69,1999019,190810544.00
2023-06-15,91.00,109.00,88.64,107.88,3497711,350586560.00
2023-06-16,110.00,113.44,102.00,106.99,2398052,255628000.00
2023-06-19,103.82,121.17,103.82,114.60,2733168,311315584.00
2023-06-20,114.36,147.25,114.36,134.01,3327627,442580096.00
2023-06-21,139.22,146.21,135.00,139.80,2444448,343508384.00
2023-06-26,139.01,152.66,138.98,141.48,2228984,321903104.00
2023-06-27,138.03,140.10,124.06,135.00,2723874,360612480.00
2023-06-28,133.01,142.98,128.70,141.61,2038557,277766912.00
2023-06-29,141.00,154.85,129.00,131.00,2813062,403710624.00
2023-06-30,132.00,137.00,126.87,133.40,1627733,215547424.00
2023-07-03,136.00,140.30,128.50,134.50,1665645,224247520.00
2023-07-04,132.04,138.84,131.00,135.48,1217992,164658192.00
2023-07-05,133.00,133.00,120.00,121.00,2345435,293144224.00
2023-07-06,122.00,127.08,118.35,123.00,1618898,199575200.00
2023-07-07,120.00,123.95,110.02,111.50,1904687,221979936.00
2023-07-10,110.30,110.50,99.44,101.56,2232402,231443648.00
2023-07-11,101.00,105.99,101.00,103.53,1148549,119446672.00
2023-07-12,103.50,105.64,93.05,94.00,2208130,216559696.00
2023-07-13,97.00,102.99,92.01,102.75,2241469,219355984.00
2023-07-14,101.29,109.87,101.29,107.58,2037866,217566912.00
2023-07-17,103.80,107.70,102.50,103.15,956989,99508368.00
2023-07-18,102.99,108.50,102.01,104.80,952031,100535248.00
2023-07-19,103.90,105.58,100.00,101.39,806901,82065960.00
2023-07-20,101.02,108.88,99.36,103.60,1481864,155659984.00
2023-07-21,100.02,103.59,97.55,100.45,1132269,113484880.00
2023-07-24,99.99,101.74,98.51,98.95,682609,68239328.00
2023-07-25,101.00,103.00,99.26,99.78,582961,58732192.00
2023-07-26,99.03,100.66,90.80,91.01,1240831,116798832.00
2023-07-27,90.02,94.35,87.50,89.02,1014139,91319512.00
2023-07-28,89.75,90.04,86.50,87.30,827340,72666136.00
2023-07-31,87.99,87.99,85.90,86.00,599720,52095876.00
2023-08-01,85.50,89.38,84.30,88.15,716321,62226080.00
2023-08-02,87.76,96.20,85.50,92.28,1192857,109615784.00
2023-08-03,91.16,95.59,91.02,91.72,722057,67278752.00
2023-08-04,92.00,96.99,91.58,95.40,976474,92289720.00
2023-08-07,95.50,99.20,94.16,95.64,740028,71575400.00
2023-08-08,94.99,96.38,90.76,91.80,671987,62641168.00
2023-08-09,90.61,91.65,87.68,89.24,527389,47283176.00
2023-08-10,89.48,91.00,88.03,89.40,338376,30325752.00
2023-08-11,88.61,93.62,88.29,90.95,709229,65120272.00
2023-08-14,89.55,92.37,88.00,92.00,514742,46701844.00
2023-08-15,92.93,93.17,88.22,88.90,529825,48112184.00
2023-08-16,89.89,89.89,80.89,81.00,1098598,91956832.00
2023-08-17,80.60,92.86,80.40,88.20,1604215,138741424.00
2023-08-18,86.58,88.29,81.90,82.09,954783,80907784.00
2023-08-21,80.06,83.69,80.04,80.74,392463,31966410.00
2023-08-22,81.68,81.70,75.12,79.69,1040550,81152368.00
2023-08-23,78.70,83.00,76.38,79.90,830163,66448976.00
2023-08-24,79.12,81.99,77.01,79.69,564142,44620848.00
2023-08-25,77.00,78.00,71.01,71.01,869133,64386848.00
2023-08-28,74.51,75.88,67.25,67.26,1459826,102931128.00
2023-08-29,67.50,79.95,67.50,79.80,2763524,207368128.00
2023-08-30,78.01,83.78,75.00,76.25,2002633,158219616.00
2023-08-31,75.95,78.50,74.44,77.50,1007999,77305960.00
2023-09-01,77.39,88.88,75.66,86.80,2060353,171119232.00
2023-09-04,88.00,93.00,87.50,87.60,1739646,156818624.00
2023-09-05,86.33,90.38,85.02,87.01,969441,84563888.00
2023-09-06,86.21,89.53,85.95,87.00,784563,68871576.00
2023-09-07,86.88,87.89,81.12,83.00,1073930,90268688.00
2023-09-08,81.72,87.54,81.00,84.71,940462,80130808.00
2023-09-11,84.00,85.42,81.50,83.29,559537,46499136.00
2023-09-12,84.00,85.30,81.88,82.99,582560,48507700.00
2023-09-13,82.98,83.00,76.50,78.79,910018,72279520.00
2023-09-14,79.76,81.40,78.21,78.27,448169,35619988.00
2023-09-15,79.35,82.80,78.21,80.51,643215,51919388.00
2023-09-18,80.11,83.20,78.00,81.64,525223,42715300.00
2023-09-19,82.70,82.94,80.50,81.15,402166,32711842.00
2023-09-20,81.14,83.68,79.51,81.00,575988,46761656.00
2023-09-21,39.98,40.96,37.50,37.72,1125958,44264736.00
2023-09-22,37.40,39.57,36.90,39.06,1694155,65038496.00
2023-09-25,39.75,41.41,38.80,39.20,2126474,85545736.00
2023-09-26,38.02,38.80,37.26,37.77,1902957,72418768.00
2023-09-27,37.40,38.89,36.85,36.92,1566620,59096176.00
2023-09-28,37.19,37.58,35.35,36.06,1641205,59407564.00
2023-10-09,35.80,36.47,35.00,35.08,1016888,36076632.00
2023-10-10,35.00,35.00,32.50,32.83,1983987,66591272.00
2023-10-11,33.34,34.69,32.04,33.68,2051737,68390032.00
2023-10-12,33.68,33.68,32.57,32.60,947260,31188960.00
2023-10-13,32.80,33.99,32.20,32.34,1142722,37801772.00
2023-10-16,32.32,32.40,31.00,31.67,1184353,37345032.00
2023-10-17,31.67,31.79,30.78,31.28,509838,15938041.00
2023-10-18,31.38,31.38,28.85,29.15,1346941,40343832.00
2023-10-19,28.98,29.30,28.00,28.23,1128165,32150340.00
2023-10-20,27.88,28.00,26.15,26.28,1991698,53665392.00
2023-10-23,26.20,26.20,22.68,23.35,2714992,65969400.00
2023-10-24,23.79,25.18,23.35,23.88,2521853,60664196.00
2023-10-25,24.28,25.25,23.51,23.71,2881769,69977816.00
2023-10-26,23.20,23.20,22.23,22.90,2808353,63444724.00
2023-10-27,22.99,27.00,22.81,26.28,4617946,115607696.00
2023-10-30,24.79,28.38,24.47,27.50,4693197,124824896.00
2023-10-31,26.89,27.25,25.62,26.11,2776616,73226752.00
2023-11-01,26.34,27.80,26.10,26.12,1864754,49960136.00
2023-11-02,26.10,26.99,25.18,25.40,1684560,43800984.00
2023-11-03,27.05,31.40,27.05,30.16,6329715,185392272.00
2023-11-06,30.00,32.68,28.80,31.33,5947394,182574064.00
2023-11-07,30.45,32.00,29.89,31.33,3067043,95491048.00
2023-11-08,30.82,34.00,30.60,32.91,4283699,140700752.00
2023-11-09,32.05,36.10,32.05,35.56,4754210,165146368.00
2023-11-10,35.08,37.20,34.33,36.95,4406589,158935712.00
2023-11-13,37.00,41.60,36.82,40.32,5054275,199533744.00
2023-11-14,40.00,45.38,39.00,45.28,5815198,249010160.00
2023-11-15,45.35,48.20,40.98,42.20,8051868,351361472.00
2023-11-16,41.20,43.04,38.60,38.80,5872593,237139728.00
2023-11-17,38.10,41.78,37.90,41.33,4707762,190121312.00
2023-11-20,42.33,48.68,42.24,48.60,7484663,345331296.00
2023-11-21,48.03,51.79,45.00,45.09,9708225,468989664.00
2023-11-22,44.20,47.80,43.50,45.91,5959957,274232224.00
2023-11-23,45.30,48.30,43.91,44.27,5839334,267828576.00
2023-11-24,43.76,45.50,43.50,44.26,4493964,200202992.00
2023-11-27,43.69,48.53,43.15,47.15,8910004,413085344.00
2023-11-28,45.40,49.85,44.30,46.71,7324573,350324960.00
2023-11-29,46.10,49.70,45.90,47.50,6117538,290810208.00
2023-11-30,49.21,51.80,47.20,49.10,6598830,325936640.00
2023-12-01,48.61,48.98,42.30,42.40,6884693,309665312.00
2023-12-04,42.10,43.43,40.12,42.36,3036541,127624120.00
2023-12-05,42.95,44.45,42.38,43.80,4600078,201104912.00
2023-12-06,43.14,44.01,39.51,40.01,5223314,214770400.00
2023-12-07,39.73,41.48,39.68,40.51,2606802,105814520.00
2023-12-08,40.51,42.29,40.51,40.96,2676680,111008296.00
2023-12-11,40.58,42.03,39.00,41.05,2570369,104625392.00
2023-12-12,41.05,42.10,40.00,41.10,2296279,94554520.00
2023-12-13,41.15,46.38,40.71,45.52,6723289,299240000.00
2023-12-14,44.90,47.97,44.20,45.20,5229170,240645632.00
2023-12-15,44.56,45.49,43.00,43.02,3079755,135275328.00
2023-12-18,42.98,44.80,42.35,44.17,2186747,96300712.00
2023-12-19,44.50,44.57,42.46,43.19,2317704,99818360.00
2023-12-20,43.01,44.50,43.01,43.46,2491533,109099568.00
2023-12-21,43.49,43.69,35.10,37.80,5367465,212199856.00
2023-12-22,37.81,40.19,37.43,38.55,2694936,105075560.00
2023-12-25,38.51,39.99,38.17,39.26,2077806,81442752.00
2023-12-26,39.17,39.49,37.56,38.10,2289528,87928712.00
2023-12-27,38.10,38.28,36.30,36.83,2535445,93737088.00
2023-12-28,36.70,37.65,36.60,36.98,1903263,70672808.00
2023-12-29,36.73,38.80,36.70,38.40,2423864,92498448.00
2024-01-02,38.46,39.79,38.46,39.38,2750589,107860808.00
2024-01-03,39.00,39.75,37.83,38.87,1983317,76580152.00
2024-01-04,38.36,39.14,38.08,38.84,1428808,55189336.00
2024-01-05,39.11,40.99,39.11,39.60,3764294,150833056.00
2024-01-08,38.90,40.45,35.96,35.96,3057083,115939528.00
2024-01-09,35.65,38.07,34.55,36.35,2586456,94792040.00
2024-01-10,36.32,36.32,34.23,34.63,1972835,69169184.00
2024-01-11,34.30,35.00,33.51,34.73,1994013,68150232.00
2024-01-12,34.39,34.80,30.80,31.80,2962371,96833336.00
2024-01-15,31.60,31.89,29.75,29.75,1978652,60633476.00
2024-01-16,30.10,31.75,29.27,31.60,2489650,76339456.00
2024-01-17,31.02,31.87,30.12,30.19,1788880,55551072.00
2024-01-18,29.91,30.98,28.94,30.86,1920220,57691744.00
2024-01-19,31.17,34.14,30.90,32.98,2974372,97727840.00
2024-01-22,32.40,33.70,31.30,32.00,2321921,76017064.00
2024-01-23,32.00,33.34,31.65,33.11,1746984,56826008.00
2024-01-24,33.44,33.74,31.22,32.65,1468986,47654288.00
2024-01-25,32.38,32.98,30.60,31.99,1876915,60007640.00
2024-01-26,31.66,32.55,31.08,31.40,1350795,43139028.00
2024-01-29,31.40,31.60,28.68,28.68,1799023,53245788.00
2024-01-30,28.68,29.97,28.01,28.28,1340696,38889808.00
2024-01-31,28.05,28.80,27.32,27.63,1468643,41069440.00
2024-02-01,27.44,28.93,26.20,28.46,1946675,54418240.00
2024-02-02,28.18,28.66,25.91,27.01,2016997,54905212.00
2024-02-05,26.30,29.31,24.55,27.85,2821337,76097296.00
2024-02-06,27.09,30.48,26.73,30.30,2946687,87070600.00
2024-02-07,30.30,32.08,29.56,30.34,2563786,79646424.00
2024-02-08,30.07,31.63,28.81,30.90,2541926,77402384.00
2024-02-19,31.00,33.95,31.00,33.77,3213185,105051960.00
2024-02-20,33.60,34.99,33.00,34.90,2987873,102063408.00
2024-02-21,34.24,35.89,33.41,33.56,3022988,105339216.00
2024-02-22,33.68,35.00,33.33,34.45,2262679,77682888.00
2024-02-23,34.59,37.77,34.59,37.30,4040141,145072864.00
2024-02-26,41.00,41.78,36.31,36.33,5574513,217981392.00
2024-02-27,34.98,38.69,34.51,38.69,5182376,191243280.00
2024-02-28,38.00,39.61,35.32,35.42,5095357,191104656.00
2024-02-29,34.61,36.88,34.50,36.77,3428145,123588256.00
2024-03-01,36.80,37.80,35.75,36.34,3172872,116440656.00
2024-03-04,36.34,36.35,34.51,35.50,3065881,108365608.00
2024-03-05,35.00,35.09,33.61,33.74,2867872,98100472.00
2024-03-06,33.60,40.40,33.50,39.22,7930739,297948544.00
2024-03-07,40.64,41.60,37.22,37.40,6822097,268933696.00
2024-03-08,36.93,38.88,36.11,38.52,4205281,157489488.00
2024-03-11,38.00,38.83,37.02,38.27,2584262,97937640.00
2024-03-12,38.27,39.96,37.89,39.31,3752523,146982192.00
2024-03-13,38.68,39.80,38.20,38.54,2488218,96697568.00
2024-03-14,39.64,40.03,37.00,38.11,3222389,124693664.00
2024-03-15,37.51,42.98,37.51,42.98,7247759,294549184.00
2024-03-18,43.07,43.39,41.05,42.09,4874418,204435664.00
2024-03-19,41.42,42.41,40.27,40.41,3641460,149821872.00
2024-03-20,40.00,41.50,39.89,41.15,2490712,101802720.00
2024-03-21,41.13,41.13,39.20,39.97,2967408,118710096.00
2024-03-22,39.65,40.36,38.71,39.80,2377106,93897888.00
2024-03-25,39.99,41.22,38.69,39.03,3166965,127319920.00
2024-03-26,38.90,39.38,37.00,37.27,3022934,114442400.00
2024-03-27,37.49,38.35,35.81,36.07,2399428,89025528.00
2024-03-28,35.10,37.69,35.10,36.63,2186976,80668312.00
2024-03-29,36.68,37.16,35.40,36.08,2023795,72951016.00
2024-04-01,36.01,36.99,35.80,36.85,1413660,51565148.00
2024-04-02,37.15,37.17,35.17,35.52,1685616,60230404.00
2024-04-03,35.20,35.49,33.16,33.43,2167450,73457208.00
2024-04-08,33.03,33.60,30.50,30.53,2587447,81850784.00
2024-04-09,30.60,32.00,30.60,31.54,1848621,58296992.00
2024-04-10,31.16,33.89,31.16,32.47,3166795,103608840.00
2024-04-11,32.05,32.77,31.02,31.22,1596892,50782064.00
2024-04-12,31.53,32.00,29.77,29.77,1607298,49604612.00
2024-04-15,29.60,30.60,28.67,29.12,1578852,46338184.00
2024-04-16,29.11,29.11,26.51,26.61,2238240,60893032.00
2024-04-17,27.88,28.60,27.25,28.38,2171446,61228004.00
2024-04-18,28.50,30.60,27.83,29.51,2542538,74934688.00
2024-04-19,29.24,29.90,28.62,29.70,1762026,51085600.00
2024-04-22,29.30,30.64,28.80,30.29,1350412,40501736.00
2024-04-23,30.78,33.96,30.35,32.83,3480493,112314920.00
2024-04-24,32.53,32.98,31.80,32.45,2324098,75233528.00
2024-04-25,32.38,32.91,31.38,31.55,1741661,55936024.00
2024-04-26,31.62,32.26,31.09,31.88,1925783,61161080.00
2024-04-29,31.93,34.54,31.93,32.93,3354386,111994208.00
2024-04-30,31.88,32.50,31.21,31.50,2178937,68914632.00
2024-05-06,31.81,32.65,31.46,31.87,1528441,48791036.00
2024-05-07,32.07,32.32,30.94,31.94,1969080,62258404.00
2024-05-08,31.52,31.99,30.66,30.66,1439161,44882404.00
2024-05-09,30.50,31.00,30.45,30.52,1070842,32837198.00
2024-05-10,30.62,31.30,30.33,30.39,862006,26478554.00
2024-05-13,30.00,30.00,28.84,28.94,1154465,33880084.00
2024-05-14,29.69,30.87,29.68,30.43,1714921,52224268.00
2024-05-15,30.00,30.73,29.88,29.91,1009440,30442668.00
2024-05-16,29.91,30.39,29.91,29.96,755987,22734554.00
2024-05-17,29.99,30.06,29.09,29.57,979471,28984342.00
2024-05-20,29.78,29.83,28.96,29.66,693297,20450400.00
2024-05-21,29.60,30.18,29.59,29.66,583551,17405848.00
2024-05-22,29.78,30.90,29.65,30.58,1076027,32886526.00
2024-05-23,30.71,33.02,29.99,31.45,2739028,86726624.00
2024-05-24,31.14,31.57,30.11,30.52,1236478,38219688.00
2024-05-27,21.60,21.99,20.71,21.65,1095244,23463970.00
2024-05-28,21.48,22.35,21.48,21.79,1021201,22391478.00
2024-05-29,21.90,22.32,21.77,21.94,901040,19793536.00
2024-05-30,21.81,22.08,21.46,21.92,1040472,22651292.00
2024-05-31,22.00,23.59,22.00,22.40,3787788,86062080.00
2024-06-03,22.62,23.30,22.32,22.60,2917594,66504320.00
2024-06-04,22.38,22.88,21.76,21.92,1795126,39783464.00
2024-06-05,21.60,22.04,20.90,21.10,1902621,40716352.00
2024-06-06,21.31,21.42,19.75,19.84,2090948,42292236.00
2024-06-07,20.03,20.34,19.75,20.14,1181546,23572016.00
2024-06-11,20.04,20.55,19.26,20.52,1141093,23002758.00
2024-06-12,20.32,21.60,20.32,21.20,1658741,35191736.00
2024-06-13,21.02,22.00,20.69,21.62,2089945,44766144.00
2024-06-14,21.40,21.58,21.00,21.15,1649117,35055284.00
2024-06-17,20.97,20.98,20.36,20.48,1269172,26204540.00
2024-06-18,20.68,20.94,20.50,20.70,838757,17396728.00
2024-06-19,20.78,21.34,20.44,20.82,1560606,32547946.00
2024-06-20,20.70,20.70,19.89,19.89,1393459,28048366.00
2024-06-21,19.70,20.31,19.50,19.95,785110,15696777.00
2024-06-24,20.11,20.11,18.90,18.90,966562,18698674.00
2024-06-25,18.82,19.60,18.82,19.08,1078751,20773314.00
2024-06-26,19.12,19.34,18.68,19.26,1313546,24985330.00
2024-06-27,19.26,19.70,18.83,18.87,1213238,23374418.00
2024-06-28,18.89,19.28,18.73,18.79,1037141,19746508.00
2024-07-01,18.90,19.28,18.78,18.94,1163713,22087224.00
2024-07-02,18.91,19.13,18.89,18.97,840446,15939962.00
2024-07-03,19.16,19.40,18.80,18.92,652915,12414595.00
2024-07-04,19.30,19.98,19.17,19.50,2718261,53253152.00
2024-07-05,19.10,19.31,18.46,18.81,1792826,33813464.00
2024-07-08,18.63,18.80,17.22,17.55,2122733,37676944.00
2024-07-09,17.42,17.90,17.01,17.64,1501156,26205394.00
2024-07-10,17.50,17.84,17.31,17.38,1262827,22130202.00
2024-07-11,17.60,17.93,17.58,17.76,1340866,23808422.00
2024-07-12,17.83,17.83,17.45,17.47,682331,11985726.00
2024-07-15,17.32,17.46,16.26,16.50,2066349,34351040.00
2024-07-16,16.34,16.97,16.07,16.95,1968350,32679142.00
2024-07-17,16.81,18.60,16.81,18.59,4884033,88039336.00
2024-07-18,18.50,18.50,17.58,17.84,2349649,42240724.00
2024-07-19,17.90,18.35,17.52,17.75,1566990,28135314.00
2024-07-22,17.75,17.78,17.20,17.35,1160093,20236328.00
2024-07-23,18.33,18.85,17.70,17.75,3391767,62238380.00
2024-07-24,17.00,17.47,16.82,16.92,2051829,35136232.00
2024-07-25,16.60,17.16,16.56,16.92,1204503,20345482.00
2024-07-26,17.07,17.16,16.66,17.01,1192109,20173318.00
2024-07-29,16.99,17.00,16.68,16.78,590172,9932406.00
2024-07-30,16.92,17.50,16.65,17.15,1514822,25952956.00
2024-07-31,17.00,18.49,16.89,18.20,3248831,58484024.00
2024-08-01,18.15,18.49,17.64,17.92,2307399,41729080.00
2024-08-02,17.71,17.98,17.20,17.27,1596336,27498964.00
2024-08-05,17.10,17.74,16.74,16.74,1542811,26335000.00
2024-08-06,16.77,17.30,16.77,17.00,890896,15131330.00
2024-08-07,17.09,17.23,16.80,16.83,931199,15778507.00
2024-08-08,16.83,16.90,16.38,16.49,845633,14002863.00
2024-08-09,16.65,16.70,16.22,16.24,801492,13117554.00
2024-08-12,16.24,16.37,16.08,16.12,510311,8251238.00
2024-08-13,16.13,16.61,16.02,16.48,988984,16223890.00
2024-08-14,16.40,16.52,16.25,16.29,552506,9020699.00
2024-08-15,16.18,16.83,16.16,16.61,1214021,20142772.00
2024-08-16,16.73,16.97,16.47,16.83,1145554,19241944.00
2024-08-19,16.70,17.06,16.63,16.75,1012715,17094416.00
2024-08-20,16.60,17.10,16.37,16.88,1499196,25234670.00
2024-08-21,17.06,18.16,16.90,17.49,2978430,52020044.00
2024-08-22,17.12,17.47,16.38,16.41,1978402,33433862.00
2024-08-23,16.22,16.45,15.73,15.80,1706719,27383906.00
2024-08-26,15.95,16.07,15.61,15.71,830386,13199399.00
2024-08-27,15.67,15.72,14.79,14.86,1540684,23399100.00
2024-08-28,14.86,15.48,14.59,15.07,1313739,19830328.00
2024-08-29,15.00,15.50,14.72,14.89,1557162,23554456.00
2024-08-30,14.89,15.35,14.81,15.10,1618767,24554068.00
2024-09-02,15.01,15.19,14.40,14.42,1505684,22003404.00
2024-09-03,14.28,14.86,14.20,14.45,1071893,15561595.00
2024-09-04,14.43,14.43,14.07,14.22,1021421,14486556.00
2024-09-05,14.35,14.56,14.25,14.30,818075,11751903.00
2024-09-06,14.41,14.41,13.74,13.75,1143423,16002319.00
2024-09-09,13.88,14.12,13.50,14.09,1164260,16179283.00
2024-09-10,14.10,14.31,13.72,14.01,862286,12043491.00
2024-09-11,13.92,14.10,13.87,13.96,469262,6558595.50
2024-09-12,13.89,14.51,13.80,13.83,638449,8993027.00
2024-09-13,13.81,14.44,13.52,14.00,1489430,20805496.00
2024-09-18,13.87,13.92,13.50,13.60,898118,12277050.00
2024-09-19,13.73,14.11,13.64,14.02,1474963,20594386.00
2024-09-20,14.09,14.20,13.90,14.14,1073497,15143943.00
2024-09-23,14.13,14.26,14.00,14.02,670174,9436876.00
2024-09-24,14.13,14.65,13.85,14.65,1887808,26986580.00
2024-09-25,14.68,15.89,14.68,15.06,2771673,42717888.00
2024-09-26,14.98,16.00,14.98,15.81,2914061,45715772.00
2024-09-27,16.03,18.01,15.82,17.28,4333520,73013472.00
2024-09-30,18.70,22.13,18.09,22.13,7332909,147241296.00
2024-10-08,28.74,28.74,24.00,28.60,11366206,304666816.00
2024-10-09,26.00,28.69,24.30,24.34,7783699,207256208.00
2024-10-10,24.88,26.12,23.80,23.82,5466405,135662160.00
2024-10-11,23.30,23.30,19.81,20.95,5671835,121332440.00
2024-10-14,21.00,22.10,19.61,21.89,5116805,107691264.00
2024-10-15,21.45,22.55,21.00,21.01,3740289,81890176.00
2024-10-16,20.96,21.88,20.40,21.14,3146531,66857928.00
2024-10-17,21.31,23.85,21.31,22.00,5530290,123269600.00
2024-10-18,21.90,25.56,21.60,24.20,7663369,181276080.00
2024-10-21,24.98,28.00,24.70,27.50,10411131,277244960.00
2024-10-22,27.52,27.90,23.30,24.90,8283804,214221216.00
2024-10-23,25.80,29.50,25.15,27.60,10721884,297943680.00
2024-10-24,26.95,28.86,26.14,28.10,8989502,249623136.00
2024-10-25,28.92,29.87,26.30,26.70,11859905,339311072.00
2024-10-28,24.82,26.97,24.82,26.15,5951648,154054672.00
2024-10-29,26.40,28.50,26.21,27.63,8431031,231312672.00
2024-10-30,27.77,29.30,27.10,28.72,7596120,215319840.00
2024-10-31,29.00,29.43,26.13,26.98,7287779,200016736.00
2024-11-01,26.97,27.22,23.87,23.87,5524927,140607792.00
2024-11-04,25.86,31.03,25.81,31.03,10189795,307716832.00
2024-11-05,35.11,40.33,35.11,40.33,19843572,767047744.00
2024-11-06,46.90,49.44,40.00,40.79,25655114,1131926272.00
2024-11-07,38.15,41.00,36.01,38.55,15676010,599089280.00
2024-11-08,38.59,41.98,38.50,38.59,11237028,449671680.00
2024-11-11,37.30,41.00,35.33,39.02,9385288,358017280.00
2024-11-12,39.31,41.98,38.01,38.85,7356544,292784736.00
2024-11-13,38.00,40.99,36.41,40.50,7992715,310019264.00
2024-11-14,41.02,45.44,40.90,41.23,12138729,520284128.00
2024-11-15,41.98,43.88,39.97,42.75,9996103,419519616.00
2024-11-18,42.75,44.04,36.00,36.84,9513803,375733152.00
2024-11-19,36.80,40.00,35.01,39.94,8962589,341081888.00
2024-11-20,39.18,43.88,38.11,42.07,10284520,433655968.00
2024-11-21,40.02,41.93,39.64,40.74,8083346,328675872.00
2024-11-22,40.00,40.51,37.53,37.68,6777691,263829632.00
2024-11-25,37.10,39.77,37.09,38.90,5113421,196506240.00
2024-11-26,38.73,39.62,36.00,36.29,4503981,169553840.00
2024-11-27,35.81,36.90,33.79,36.72,4532522,160036672.00
2024-11-28,36.96,37.38,35.60,35.63,3932918,143585344.00
2024-11-29,36.64,46.30,36.12,45.67,17754724,751261632.00
2024-12-02,43.15,55.01,43.01,48.95,19687276,958408576.00
2024-12-03,48.95,48.95,48.95,48.95,0,0.00
#数据来源:通达信
