920016 中草香料 日线 不复权
      日期	    开盘	    最高	    最低	    收盘	    成交量	    成交额
2024-09-13,12.49,45.00,12.20,25.60,15372163,247272848.00
2024-09-18,17.92,21.63,17.92,17.92,11714695,223396192.00
2024-09-19,18.40,21.40,18.20,19.41,10766790,207757856.00
2024-09-20,18.00,19.16,17.52,18.51,8673066,157461264.00
2024-09-23,18.49,18.50,16.88,17.09,7344424,127252616.00
2024-09-24,17.63,20.95,17.40,18.98,10227850,195159936.00
2024-09-25,17.50,20.18,17.45,20.10,9513892,175683024.00
2024-09-26,19.33,20.50,19.11,19.44,7487696,147338064.00
2024-09-27,19.90,24.50,19.41,21.81,9491692,202876960.00
2024-09-30,22.75,28.35,22.71,28.35,9664185,248480224.00
2024-10-08,36.70,36.85,31.30,36.85,8741104,303975712.00
2024-10-09,32.00,42.99,29.88,29.88,9581705,343737600.00
2024-10-10,29.00,35.00,27.27,30.73,6877272,211904352.00
2024-10-11,31.00,31.00,25.62,27.62,5167685,145924960.00
2024-10-14,27.00,29.11,26.50,28.62,4383061,122297448.00
2024-10-15,28.00,29.25,25.80,26.15,4372217,121480088.00
2024-10-16,24.99,25.87,23.81,24.49,4034410,100277456.00
2024-10-17,24.69,28.88,24.40,28.15,7304041,192750048.00
2024-10-18,27.10,32.48,26.22,29.43,7032496,203627952.00
2024-10-21,28.09,35.00,28.09,32.00,6926845,215523872.00
2024-10-22,31.06,31.55,27.85,28.03,5026405,148937328.00
2024-10-23,27.50,29.00,27.11,27.80,2929449,82371400.00
2024-10-24,28.00,29.51,27.62,28.39,2730692,77971896.00
2024-10-25,28.00,30.89,27.81,28.70,4995258,147092624.00
2024-10-28,28.20,28.80,27.70,28.20,2986428,83738120.00
2024-10-29,28.01,28.99,27.63,28.76,3654612,103596744.00
2024-10-30,28.81,32.00,28.55,31.20,5891724,179075200.00
2024-10-31,31.00,31.15,28.53,29.29,4355269,128493616.00
2024-11-01,28.00,28.50,24.45,24.60,3402786,89470200.00
2024-11-04,24.00,25.60,23.80,25.40,1693642,42315080.00
2024-11-05,25.30,27.26,24.89,27.00,3092312,82002176.00
2024-11-06,27.26,28.72,26.50,27.97,3459441,95498104.00
2024-11-07,27.91,30.00,27.26,28.88,3746785,108465536.00
2024-11-08,29.63,29.63,27.80,27.80,2878712,82599312.00
2024-11-11,27.69,27.69,26.00,26.82,2248629,59865168.00
2024-11-12,27.50,27.98,26.58,27.90,2350081,64198184.00
2024-11-13,27.58,35.80,27.46,32.85,8004075,251862336.00
2024-11-14,31.30,31.95,28.58,29.01,5223681,158281408.00
2024-11-15,28.88,30.99,28.50,29.60,3837194,114863008.00
2024-11-18,29.00,32.80,28.50,31.52,5032853,156809936.00
2024-11-19,30.82,34.01,29.22,32.27,4978453,159723952.00
2024-11-20,32.24,33.28,30.60,32.83,3918817,126102400.00
2024-11-21,32.98,33.90,31.59,31.92,3601555,116236824.00
2024-11-22,31.89,31.89,29.51,29.60,3003962,91655520.00
2024-11-25,29.83,29.84,28.50,29.39,1414953,41314232.00
2024-11-26,29.36,30.46,29.34,29.95,1957216,58685164.00
2024-11-27,29.90,29.90,25.12,28.38,2482367,68482616.00
2024-11-28,28.00,28.78,27.46,27.50,1869905,52925656.00
2024-11-29,27.60,28.25,26.60,27.84,1635864,45158260.00
2024-12-02,27.80,28.60,27.48,28.47,1439027,40512932.00
2024-12-03,28.47,28.47,28.47,28.47,0,0.00
#数据来源:通达信
