920019 铜冠矿建 日线 不复权
      日期	    开盘	    最高	    最低	    收盘	    成交量	    成交额
2024-10-11,33.36,55.55,33.33,36.00,41493573,1681395584.00
2024-10-14,25.20,28.80,25.20,25.20,20716565,530547616.00
2024-10-15,24.00,25.50,23.05,23.20,17226625,413865568.00
2024-10-16,23.96,24.88,22.60,23.07,13008944,308722752.00
2024-10-17,22.60,29.99,21.25,29.99,28948139,736342592.00
2024-10-18,28.50,33.32,27.98,28.40,29752671,923339392.00
2024-10-21,26.89,30.56,26.86,30.50,24013833,697603520.00
2024-10-22,29.99,29.99,24.60,25.45,16402396,441864640.00
2024-10-23,24.81,26.88,24.80,25.46,9056896,234971008.00
2024-10-24,25.50,26.49,25.00,25.66,8866690,229705136.00
2024-10-25,25.70,29.89,25.22,27.08,14559063,399534336.00
2024-10-28,27.00,29.17,26.52,28.39,10327708,290869664.00
2024-10-29,28.94,29.00,27.50,28.03,9393124,263210304.00
2024-10-30,27.78,29.30,27.46,28.68,9071925,257976528.00
2024-10-31,28.80,29.40,25.80,26.64,9253579,254770208.00
2024-11-01,26.30,26.30,22.70,23.00,7998730,196818320.00
2024-11-04,22.83,23.80,22.60,23.38,4376605,102047576.00
2024-11-05,23.70,25.25,23.69,24.88,5924738,146018272.00
2024-11-06,25.37,27.59,24.85,26.49,9153087,237732368.00
2024-11-07,26.64,27.50,25.80,26.11,7742780,205583856.00
2024-11-08,26.48,27.20,26.01,26.12,5477840,144499520.00
2024-11-11,26.15,26.37,24.86,25.25,5114134,130269600.00
2024-11-12,25.26,27.00,25.01,26.46,6509911,168537920.00
2024-11-13,27.10,33.00,26.80,30.37,18236459,554306688.00
2024-11-14,29.00,30.00,27.00,27.11,11460253,324720448.00
2024-11-15,27.42,30.32,27.42,28.24,10474337,301445504.00
2024-11-18,29.16,32.77,28.27,31.08,13229008,404041952.00
2024-11-19,31.80,33.80,28.84,29.66,11510786,354502880.00
2024-11-20,28.87,30.31,28.00,30.06,8719469,256333776.00
2024-11-21,29.35,29.95,28.70,29.22,7536448,220859840.00
2024-11-22,29.22,29.32,26.62,26.72,7558866,210921488.00
2024-11-25,26.03,27.35,25.14,26.40,4520184,117922768.00
2024-11-26,26.47,27.52,26.00,26.47,4398750,118245464.00
2024-11-27,26.61,26.66,24.66,26.05,4426520,113277648.00
2024-11-28,26.33,27.16,26.01,26.38,4682285,124872640.00
2024-11-29,26.45,26.91,25.60,26.58,3854966,101948832.00
2024-12-02,26.57,27.25,26.25,27.13,4311996,115649104.00
2024-12-03,27.13,27.13,27.13,27.13,0,0.00
#数据来源:通达信
